@ 0 fleiber
@ 1 reCurse
CP 6
CP 9525 4379
CP 14527 7778
CP 6321 4317
CP 7819 839
CP 7668 5952
CP 3114 7545
> 9806 3965 0 0 -1 1
> 9244 4793 0 0 -1 1
> 10368 3138 0 0 -1 1
> 8682 5620 0 0 -1 1
! 10792 4129 BOOST
! 10131 5254 BOOST
> 9806 3965 0 0 -1 1
> 9244 4793 0 0 -1 1
> 10368 3138 0 0 -1 1
> 8682 5620 0 0 -1 1
! 77113 77602 200
! 102492 40255 200
> 10443 4096 521 241 9 1
> 9821 5093 490 254 27 1
> 10505 3263 137 -24 48 1
> 8870 5689 159 58 20 1
! 11379 4448 200
! 10797 5312 200
> 10443 4096 521 241 9 1
> 9821 5093 490 254 27 1
> 10505 3263 137 -24 48 1
> 8870 5689 159 58 20 1
! 51178 94617 200
! 108809 9178 200
> 11151 4407 601 264 21 1
> 10506 5391 582 253 13 1
> 10723 3422 185 134 66 1
> 9229 5755 305 56 2 1
! 11839 5133 200
! 11348 5930 200
> 11151 4407 601 264 21 1
> 10506 5391 582 253 13 1
> 10723 3422 185 134 66 1
> 9229 5755 305 56 2 1
! 51396 94776 200
! 103198 39957 0
> 11908 4796 643 330 39 1
> 11260 5746 640 301 31 1
> 10989 3739 226 269 66 1
> 9534 5811 259 47 20 1
! 12252 5735 178
! 11846 6556 200
> 11908 4796 643 330 39 1
> 11260 5746 640 301 31 1
> 10989 3739 226 269 66 1
> 9534 5811 259 47 20 1
! 77902 78053 200
! 88335 67377 200
> 12649 5275 629 406 57 1
> 12032 6197 656 383 49 1
> 11349 4157 305 354 48 1
> 9951 5981 354 144 38 1
! 12266 6199 0
! 11946 7193 0
> 12649 5275 629 406 57 1
> 12032 6197 656 383 49 1
> 11349 4157 305 354 48 1
> 9951 5981 354 144 38 1
! 78262 78471 200
! 65870 88884 0
> 13278 5681 534 345 75 1
> 12688 6580 557 325 67 1
> 11788 4660 373 427 48 1
> 10305 6125 300 122 56 1
! 12856 6588 71
! 11707 6385 0
> 13278 5681 534 345 75 1
> 12688 6580 557 325 67 1
> 11788 4660 373 427 48 1
> 10305 6125 300 122 56 1
! 78701 78974 200
! 89106 67691 0
> 13809 6097 451 353 93 1
> 13245 6905 473 276 85 1
> 12295 5236 430 489 48 1
> 10605 6247 255 103 38 1
! 12837 6331 200
! 12358 6444 0
> 13809 6097 451 353 93 1
> 13245 6905 473 276 85 1
> 12295 5236 430 489 48 1
> 10605 6247 255 103 38 1
! 79208 79550 200
! 66524 89150 0
> 14240 6574 463 283 111 1
> 13668 7244 261 409 103 1
> 12859 5874 479 541 48 1
> 10860 6350 216 87 56 1
! 13272 6324 200
! 12738 6877 100
> 14240 6574 463 283 111 1
> 13668 7244 261 409 103 1
> 12859 5874 479 541 48 1
> 10860 6350 216 87 56 1
! 53532 97228 200
! 38423 102476 0
> 14578 7013 287 373 129 1
> 13878 7739 178 420 121 1
> 13419 6598 476 615 66 1
> 11076 6437 183 73 74 1
! 13657 6622 200
! 12979 7301 25
> 14578 7013 287 373 129 1
> 13878 7739 178 420 121 1
> 13419 6598 476 615 66 1
> 11076 6437 183 73 74 1
! 23871 106050 200
! 7586 106376 0
> 14703 7497 341 443 147 2
> 14042 8202 200 731 139 2
> 13906 7385 117 297 84 1
> 11259 6510 155 62 92 1
! 13779 7114 200
! 13210 7647 200
> 14703 7497 341 443 147 2
> 14042 8202 200 731 139 2
> 13906 7385 117 297 84 1
> 11259 6510 155 62 92 1
! -6885 105199 0
! -22942 100479 200
> 14851 7993 125 421 165 2
> 14058 9012 13 688 157 2
> 14023 7682 99 252 102 2
> 11346 6760 73 212 110 1
! 13968 7524 200
! 13265 8403 200
> 14851 7993 125 421 165 2
> 14058 9012 13 688 157 2
> 14023 7682 99 252 102 2
> 11346 6760 73 212 110 1
! -35976 94284 0
! -50220 85561 0
> 14776 8405 -63 350 183 2
> 13872 9719 -158 600 175 2
> 14122 7934 84 214 120 2
> 11419 6972 62 180 128 1
! 14081 7686 200
! 13153 9024 200
> 14776 8405 -63 350 183 2
> 13872 9719 -158 600 175 2
> 14122 7934 84 214 120 2
> 11419 6972 62 180 128 1
! -60192 74847 0
! -71484 62891 0
> 14711 8820 -51 355 201 2
> 13519 10275 -300 472 193 2
> 14021 8012 -90 63 138 2
> 11481 7152 52 153 146 1
! 13901 8234 200
! 12902 9488 200
> 14711 8820 -51 355 201 2
> 13519 10275 -300 472 193 2
> 14021 8012 -90 63 138 2
> 11481 7152 52 153 146 1
! -77333 48685 200
! -71422 63071 0
> 14498 9058 -181 202 -144 2
> 13047 10645 -401 314 211 2
> 13748 8156 -231 122 156 2
> 11533 7305 44 130 146 1
! 13730 8417 200
! 12508 9803 200
> 14498 9058 -181 202 -144 2
> 13047 10645 -401 314 211 2
> 13748 8156 -231 122 156 2
> 11533 7305 44 130 146 1
! -85704 18608 200
! -71370 63224 200
> 14163 9132 -284 62 -140 2
> 12514 10809 -453 139 229 2
> 13318 8299 -365 121 174 2
> 11411 7547 -103 205 146 1
! 13342 8562 200
! 12014 9943 200
> 14163 9132 -284 62 -140 2
> 12514 10809 -453 139 229 2
> 13318 8299 -365 121 174 2
> 11411 7547 -103 205 146 1
! -84496 -12492 0
! -50155 86348 200
> 13715 9080 -381 -44 -145 2
> 11961 10775 -470 -29 -120 2
> 12953 8420 -310 102 192 2
> 11185 7910 -192 308 128 1
! 12849 8580 200
! 11453 9914 200
> 13715 9080 -381 -44 -145 2
> 11961 10775 -470 -29 -120 2
> 12953 8420 -310 102 192 2
> 11185 7910 -192 308 128 1
! -73649 -41579 200
! -23016 101879 200
> 13161 8936 -471 -122 -150 2
> 11389 10574 -485 -171 -121 2
> 12470 8422 -410 1 -150 2
> 10925 8406 -221 421 110 1
! 12345 8358 200
! 10920 9691 200
> 13161 8936 -471 -122 -150 2
> 11389 10574 -485 -171 -121 2
> 12470 8422 -410 1 -150 2
> 10925 8406 -221 421 110 1
! -54443 -65892 200
! -50641 87207 200
> 12603 8754 -413 -110 -145 2
> 10810 10226 -491 -295 -118 2
> 11850 8219 -588 -216 -132 2
> 10581 8985 -292 491 128 1
! 11761 8215 200
! 10294 9369 SHIELD
> 12603 8754 -413 -110 -145 2
> 10810 10226 -491 -295 -118 2
> 11850 8219 -588 -216 -132 2
> 10581 8985 -292 491 128 1
! -55063 -66095 200
! -72322 64904 SHIELD
> 12022 8536 -494 -185 -147 2
> 10369 10273 -318 427 -121 2
> 11128 7854 -613 -309 -132 2
> 10239 9134 -346 -260 146 1
! 11170 8013 200
! 9994 9346 0
> 12022 8536 -494 -185 -147 2
> 10369 10273 -318 427 -121 2
> 11128 7854 -613 -309 -132 2
> 10239 9134 -346 -260 146 1
! -75474 -42145 200
! -85887 36697 0
> 11358 8246 -564 -246 -148 2
> 10051 10700 -270 362 -112 2
> 10342 7445 -668 -347 -150 2
> 9893 8874 -294 -221 164 1
! 10548 7660 200
! 9723 9755 0
> 11358 8246 -564 -246 -148 2
> 10051 10700 -270 362 -112 2
> 10342 7445 -668 -347 -150 2
> 9893 8874 -294 -221 164 1
! -56571 -66869 200
! -86233 36437 0
> 10632 7883 -617 -308 -144 2
> 9781 11062 -229 307 -109 2
> 9540 6949 -681 -421 -132 2
> 9599 8653 -249 -187 164 1
! 9999 7109 200
! 9500 10102 200
> 10632 7883 -617 -308 -144 2
> 9781 11062 -229 307 -109 2
> 9540 6949 -681 -421 -132 2
> 9599 8653 -249 -187 164 1
! -57373 -67365 200
! -90340 5163 0
> 9888 7420 -632 -393 -129 2
> 9552 11369 -194 260 -106 2
> 8725 6379 -692 -484 -132 2
> 9350 8466 -211 -158 -178 1
! 9302 6610 200
! 9302 10401 200
> 9888 7420 -632 -393 -129 2
> 9552 11369 -194 260 -106 2
> 8725 6379 -692 -484 -132 2
> 9350 8466 -211 -158 -178 1
! -31948 -84975 0
! -84619 -25735 0
> 9139 6865 -636 -471 -126 2
> 9308 11435 -207 56 -104 2
> 8033 5895 -588 -411 -114 2
> 9139 8308 -179 -134 -160 1
! 8623 6008 200
! 9097 10458 200
> 9139 6865 -636 -471 -126 2
> 9308 11435 -207 56 -104 2
> 8033 5895 -588 -411 -114 2
> 9139 8308 -179 -134 -160 1
! -2419 -93557 200
! -69662 -53258 200
> 8400 6223 -628 -545 -121 2
> 9059 11296 -211 -118 -102 2
> 7424 5285 -517 -518 -96 2
> 8802 8051 -286 -218 -142 1
! 8541 5233 115
! 8832 10322 200
> 8400 6223 -628 -545 -121 2
> 9059 11296 -211 -118 -102 2
> 7424 5285 -517 -518 -96 2
> 8802 8051 -286 -218 -142 1
! 28215 -92529 200
! -47117 -74852 200
> 7746 5566 -555 -558 -103 2
> 8803 10983 -217 -265 -103 2
> 6949 4571 -404 -606 -78 2
> 8404 7667 -338 -326 -124 1
! 8105 4633 164
! 8506 10028 200
> 7746 5566 -555 -558 -103 2
> 8803 10983 -217 -265 -103 2
> 6949 4571 -404 -606 -78 2
> 8404 7667 -338 -326 -124 1
! 56948 -82031 200
! -19159 -88459 200
> 7205 4845 -459 -613 -85 2
> 8527 10527 -234 -387 -107 2
> 6645 3792 -258 -662 -60 3
> 8011 7149 -334 -440 -106 1
! 7807 4046 172
! 8191 9585 200
> 7205 4845 -459 -613 -85 2
> 8527 10527 -234 -387 -107 2
> 6645 3792 -258 -662 -60 3
> 8011 7149 -334 -440 -106 1
! 80959 -63121 200
! -19552 -88977 200
> 6813 4074 -333 -655 -67 3
> 8226 9952 -256 -489 -110 2
> 6536 2996 -92 -676 -42 3
> 7622 6517 -330 -537 -106 1
! 7623 3488 171
! 7906 9005 200
> 6813 4074 -333 -655 -67 3
> 8226 9952 -256 -489 -110 2
> 6536 2996 -92 -676 -42 3
> 7622 6517 -330 -537 -106 1
! 97890 -37677 200
! 11111 -93422 200
> 6592 3290 -187 -666 -49 3
> 7906 9274 -272 -576 -109 2
> 6627 2239 77 -643 -24 3
> 7299 5780 -274 -626 -88 1
! 7592 3313 0
! 7672 8302 200
> 6592 3290 -187 -666 -49 3
> 7906 9274 -272 -576 -109 2
> 6627 2239 77 -643 -24 3
> 7299 5780 -274 -626 -88 1
! 106079 -8213 200
! 41500 -88189 0
> 6405 2624 -158 -566 -31 3
> 7587 8504 -270 -654 -104 2
> 6903 1575 234 -564 -6 3
> 7025 5154 -232 -532 -70 1
! 7399 2733 127
! 7423 7518 200
> 6405 2624 -158 -566 -31 3
> 7587 8504 -270 -654 -104 2
> 6903 1575 234 -564 -6 3
> 7025 5154 -232 -532 -70 1
! 104717 22366 200
! 68591 -73647 0
> 6371 2029 -29 -505 -13 3
> 7284 7653 -257 -723 -99 2
> 7333 1053 365 -444 12 4
> 6793 4622 -197 -452 -52 1
! 7339 2279 195
! 7425 6663 200
> 6371 2029 -29 -505 -13 3
> 7284 7653 -257 -723 -99 2
> 7333 1053 365 -444 12 4
> 6793 4622 -197 -452 -52 1
! 93935 51052 200
! 89696 -51297 200
> 6536 1541 140 -414 5 3
> 7055 6732 -194 -782 -82 2
> 7871 709 457 -292 30 4
> 6762 4058 -26 -479 -34 1
! 6786 2509 190
! 7188 5741 200
> 6536 1541 140 -414 5 3
> 7055 6732 -194 -782 -82 2
> 7871 709 457 -292 30 4
> 6762 4058 -26 -479 -34 1
! 74784 75023 200
! 102888 -23505 200
> 6851 1201 267 -288 23 3
> 6888 5752 -142 -833 -82 2
> 8462 566 502 -121 48 4
> 6928 3524 141 -454 -16 1
! 6945 2197 200
! 7396 4891 200
> 6851 1201 267 -288 23 3
> 6888 5752 -142 -833 -82 2
> 8462 566 502 -121 48 4
> 6928 3524 141 -454 -16 1
! 49135 91920 200
! 89831 -52395 200
> 7269 1044 355 -133 41 4
> 6833 4739 -47 -861 -64 2
> 9045 628 495 52 66 4
> 7235 2958 260 -480 -34 1
! 7206 2042 200
! 7567 4059 199
> 7269 1044 355 -133 41 4
> 6833 4739 -47 -861 -64 2
> 9045 628 495 52 66 4
> 7235 2958 260 -480 -34 1
! 19497 100080 200
! 68801 -75843 200
> 7727 1082 389 32 59 4
> 6923 3734 76 -854 -46 3
> 9561 879 438 213 84 4
> 7618 2320 325 -541 -52 1
! 7664 2080 SHIELD
! 7900 3945 0
> 7727 1082 389 32 59 4
> 6923 3734 76 -854 -46 3
> 9561 879 438 213 84 4
> 7618 2320 325 -541 -52 1
! -11230 98693 200
! 69184 -76481 200
> 8121 1061 341 -85 77 4
> 6999 2880 64 -725 -28 3
> 9957 1288 336 347 102 4
> 8018 2147 277 534 -52 1
! 7855 2025 0
! 7999 2857 172
> 8121 1061 341 -85 77 4
> 6999 2880 64 -725 -28 3
> 9957 1288 336 347 102 4
> 8018 2147 277 534 -52 1
! -40042 87890 200
! 42219 -91822 0
> 8462 976 289 -72 95 4
> 7232 2124 198 -642 -10 3
> 10193 1808 200 442 120 4
> 8295 2681 235 453 -70 1
! 8149 1926 0
! 7294 3122 0
> 8462 976 289 -72 95 4
> 7232 2124 198 -642 -10 3
> 10193 1808 200 442 120 4
> 8295 2681 235 453 -70 1
! -64121 68721 200
! 11784 -97258 0
> 8751 904 245 -61 108 4
> 7430 1482 168 -545 8 3
> 10244 2384 43 489 138 4
> 8530 3134 199 385 -88 1
! 8462 1861 200
! 7430 2482 52
> 8751 904 245 -61 108 4
> 7430 1482 168 -545 8 3
> 10244 2384 43 489 138 4
> 8530 3134 199 385 -88 1
! -64070 69297 200
! 12019 -96805 200
> 8996 843 208 -51 107 4
> 7645 960 182 -444 26 4
> 10138 3007 -89 529 138 4
> 8736 3319 175 157 -88 1
! 8668 1788 200
! 7614 1960 200
> 8996 843 208 -51 107 4
> 7645 960 182 -444 26 4
> 10138 3007 -89 529 138 4
> 8736 3319 175 157 -88 1
! -81216 43680 200
! -18827 -92807 200
> 9138 981 121 117 109 4
> 7972 654 277 -260 44 4
> 9866 3617 -230 518 156 4
> 8856 3284 101 -29 -106 1
! 8794 1920 200
! 7691 1614 200
> 9138 981 121 117 109 4
> 7972 654 277 -260 44 4
> 9866 3617 -230 518 156 4
> 8856 3284 101 -29 -106 1
! -81488 44290 200
! 12345 -96655 200
> 9190 1286 44 259 110 4
> 8344 570 316 -71 62 4
> 9453 4216 -350 509 156 4
> 8964 3055 91 -194 -88 1
! 9042 2275 200
! 8047 1525 200
> 9190 1286 44 259 110 4
> 8344 570 316 -71 62 4
> 9453 4216 -350 509 156 4
> 8964 3055 91 -194 -88 1
! -89999 14668 200
! 12453 -96884 0
> 9204 1743 12 388 99 4
> 8696 696 299 106 80 4
> 8904 4746 -466 450 174 4
> 9055 2861 77 -164 -88 1
! 8954 2711 SHIELD
! 8313 1620 200
> 9204 1743 12 388 99 4
> 8696 696 299 106 80 4
> 8904 4746 -466 450 174 4
> 9055 2861 77 -164 -88 1
! -82450 45419 200
! 12544 -97078 0
> 9222 2090 22 244 104 4
> 8968 1000 231 258 98 4
> 8255 5277 -551 451 156 4
> 9075 3107 -53 711 -88 1
! 8769 2981 0
! 8484 1875 200
> 9222 2090 22 244 104 4
> 8968 1000 231 258 98 4
> 8255 5277 -551 451 156 4
> 9075 3107 -53 711 -88 1
! -91197 15729 200
! 12564 -96832 200
> 9244 2334 18 207 117 4
> 9112 1438 122 372 116 4
> 7505 5749 -637 401 174 5
> 9029 3618 -39 434 -88 1
! 8775 3217 0
! 8542 2259 200
> 9244 2334 18 207 117 4
> 9112 1438 122 372 116 4
> 7505 5749 -637 401 174 5
> 9029 3618 -39 434 -88 1
! -91947 16201 200
! 43230 -90351 200
> 9299 2755 61 446 118 4
> 9083 1760 -39 185 125 4
> 6669 6171 -710 358 174 5
> 9058 3864 24 209 -70 1
! 8916 3679 200
! 8825 2726 200
> 9299 2755 61 446 118 4
> 9083 1760 -39 185 125 4
> 6669 6171 -710 358 174 5
> 9058 3864 24 209 -70 1
! -92783 16623 200
! 43259 -90105 200
> 9383 3119 147 37 113 4
> 8986 2136 -82 320 107 4
> 5760 6550 -772 322 174 5
> 9128 3967 -17 359 -70 1
! 8742 3887 200
! 8556 3039 200
> 9383 3119 147 37 113 4
> 8986 2136 -82 320 107 4
> 5760 6550 -772 322 174 5
> 9128 3967 -17 359 -70 1
! -92054 -14241 200
! 12617 -95972 200
> 9402 3310 16 161 130 4
> 8818 2637 -142 425 115 4
> 4792 6830 -822 238 -168 5
> 9118 4126 -8 135 -88 1
! 9308 4306 200
! 8209 3430 200
> 9402 3310 16 161 130 4
> 8818 2637 -142 425 115 4
> 4792 6830 -822 238 -168 5
> 9118 4126 -8 135 -88 1
! -81810 -43169 0
! 43319 -89843 200
> 9461 3324 67 -39 112 4
> 8554 3221 -224 496 128 4
> 3970 7068 -698 202 -150 5
> 9061 4405 -66 288 -70 1
! 8899 4151 200
! 8452 4216 183
> 9461 3324 67 -39 112 4
> 8554 3221 -224 496 128 4
> 3970 7068 -698 202 -150 5
> 9061 4405 -66 288 -70 1
! -62943 -67246 0
! 70627 -74396 200
> 9416 3450 -38 107 124 4
> 8269 3889 -242 568 110 4
> 3272 7270 -593 171 -132 0
> 9118 4535 48 110 -52 1
! 9135 4410 200
! 7293 3670 0
> 9416 3450 -38 107 124 4
> 8269 3889 -242 568 110 4
> 3272 7270 -593 171 -132 0
> 9118 4535 48 110 -52 1
! -37401 -84084 0
! 43319 -89434 200
> 9336 3663 -22 -86 106 4
> 8027 4457 -205 482 128 4
> 2679 7441 -504 145 -114 0
> 9220 4543 41 274 -70 1
! 8914 4570 200
! 7371 5212 200
> 9336 3663 -22 -86 106 4
> 8027 4457 -205 482 128 4
> 2679 7441 -504 145 -114 0
> 9220 4543 41 274 -70 1
! -7773 -92011 200
! 12709 -95396 0
> 9230 3758 -90 81 115 4
> 7691 5090 -285 538 131 4
> 2154 7387 -446 -45 -96 0
> 9261 4817 34 232 -88 1
! 8800 4661 200
! 6849 5629 200
> 9230 3758 -90 81 115 4
> 7691 5090 -285 538 131 4
> 2154 7387 -446 -45 -96 0
> 9261 4817 34 232 -88 1
! 22945 -90427 200
! -18302 -91309 0
> 9054 4020 -149 222 115 4
> 7238 5736 -385 548 147 5
> 1750 7146 -343 -204 -78 0
> 9295 5049 28 197 -106 1
! 8609 4915 200
! 6252 5900 200
> 9054 4020 -149 222 115 4
> 7238 5736 -385 548 147 5
> 1750 7146 -343 -204 -78 0
> 9295 5049 28 197 -106 1
! 51749 -79456 200
! -46624 -77854 0
> 8816 4421 -202 340 116 4
> 6659 6334 -491 508 165 5
> 1507 6769 -206 -320 -60 0
> 9323 5246 23 167 -124 1
! 8339 5300 200
! 5682 6123 195
> 8816 4421 -202 340 116 4
> 6659 6334 -491 508 165 5
> 1507 6769 -206 -320 -60 0
> 9323 5246 23 167 -124 1
! 75821 -60144 200
! -69478 -56320 0
> 8519 4937 -252 438 118 4
> 5973 6831 -582 422 183 5
> 1450 6315 -48 -385 -42 0
> 9346 5413 19 141 -142 1
! 7831 5663 200
! 5371 6032 0
> 8519 4937 -252 438 118 4
> 5973 6831 -582 422 183 5
> 1450 6315 -48 -385 -42 0
> 9346 5413 19 141 -142 1
! 92804 -34358 200
! -46573 -77490 200
> 8129 5520 -331 495 133 4
> 5391 7253 -494 358 201 5
> 1585 5849 114 -396 -24 0
> 9253 5388 -78 -21 -124 1
! 7259 6012 200
! 4813 6437 146
> 8129 5520 -331 495 133 4
> 5391 7253 -494 358 201 5
> 1585 5849 114 -396 -24 0
> 9253 5388 -78 -21 -124 1
! 101037 -4603 200
! -69548 -56178 0
> 7624 6113 -429 504 151 5
> 4784 7518 -515 225 219 5
> 1898 5432 265 -354 -6 0
> 9175 5367 -66 -17 -142 1
! 6632 6238 200
! 4245 6676 200
> 7624 6113 -429 504 151 5
> 4784 7518 -515 225 219 5
> 1898 5432 265 -354 -6 0
> 9175 5367 -66 -17 -142 1
! 99712 26223 200
! -46744 -77536 0
> 6999 6657 -531 462 169 5
> 4161 7575 -529 48 -123 5
> 2359 5120 391 -265 12 0
> 9109 5350 -56 -14 -124 1
! 6029 6415 200
! 5044 7106 37
> 6999 6657 -531 462 169 5
> 4161 7575 -529 48 -123 5
> 2359 5120 391 -265 12 0
> 9109 5350 -56 -14 -124 1
! 101811 -5332 200
! -46810 -77553 0
> 6269 7096 -620 373 187 5
> 3623 7587 -457 10 -105 0
> 2949 4834 501 -243 -6 0
> 9053 5336 -47 -11 -124 1
! 5753 6239 0
! 4522 7150 200
> 6269 7096 -620 373 187 5
> 3623 7587 -457 10 -105 0
> 2949 4834 501 -243 -6 0
> 9053 5336 -47 -11 -124 1
! 100763 25625 200
! -18510 -90790 0
> 5649 7469 -527 317 205 5
> 3178 7397 -378 -161 -87 0
> 3646 4633 592 -171 12 0
> 9006 5325 -39 -9 -106 1
! 5149 6603 141
! 4128 7085 200
> 5649 7469 -527 317 205 5
> 3178 7397 -378 -161 -87 0
> 3646 4633 592 -171 12 0
> 9006 5325 -39 -9 -106 1
! 101460 25424 200
! -46913 -77578 0
> 5018 7691 -536 188 223 5
> 2873 7050 -259 -295 -69 0
> 4434 4504 669 -110 12 0
> 8967 5316 -33 -7 -124 1
! 4549 6808 200
! 3857 6870 200
> 5018 7691 -536 188 223 5
> 2873 7050 -259 -295 -69 0
> 4434 4504 669 -110 12 0
> 8967 5316 -33 -7 -124 1
! 102248 25295 200
! -69834 -56250 200
> 4384 7705 -539 11 241 5
> 2741 6600 -112 -382 -51 0
> 5299 4436 734 -58 12 0
> 8776 5186 -162 -110 -142 1
! 5259 7221 96
! 3739 6530 200
> 4384 7705 -539 11 241 5
> 2741 6600 -112 -382 -51 0
> 5299 4436 734 -58 12 0
> 8776 5186 -162 -110 -142 1
! 91901 54435 0
! -85193 -29015 0
> 3826 7622 -474 -70 259 5
> 2797 6110 47 -416 -33 0
> 6033 4378 623 -49 30 0
> 8614 5076 -137 -93 -160 1
! 4747 7231 200
! 3797 6126 200
> 3826 7622 -474 -70 259 5
> 2797 6110 47 -416 -33 0
> 6033 4378 623 -49 30 0
> 8614 5076 -137 -93 -160 1
! 103847 25169 0
! -70187 -56490 0
> 3375 7353 -383 -228 277 0
> 3038 5644 204 -396 -15 0
> 6656 4329 529 -41 12 0
> 8477 4983 -116 -79 -142 1
! 4337 7080 200
! 4036 5707 200
> 3375 7353 -383 -228 277 0
> 3038 5644 204 -396 -15 0
> 6656 4329 529 -41 12 0
> 8477 4983 -116 -79 -142 1
! 104470 25120 200
! -47442 -77920 0
> 3075 6943 -255 -348 295 0
> 3442 5260 343 -326 3 0
> 7381 4330 615 0 12 0
> 8361 4904 -98 -67 -124 1
! 4065 6802 200
! 4441 5299 200
> 3075 6943 -255 -348 295 0
> 3442 5260 343 -326 3 0
> 7381 4330 615 0 12 0
> 8361 4904 -98 -67 -124 1
! 93983 54329 0
! -47558 -77999 0
> 2955 6448 -101 -421 313 0
> 3985 4942 461 -270 2 0
> 7802 4154 162 -327 30 0
> 8457 5013 277 270 -124 1
! 3955 6432 200
! 4984 4997 200
> 2955 6448 -101 -421 313 0
> 3985 4942 461 -270 2 0
> 7802 4154 162 -327 30 0
> 8457 5013 277 270 -124 1
! 74715 78468 200
! -47462 -77890 200
> 3028 5929 62 -441 331 0
> 4646 4683 561 -220 3 0
> 8098 3976 251 -151 48 0
> 8622 5117 140 88 -124 1
! 4027 5984 200
! 5643 4761 200
> 3028 5929 62 -441 331 0
> 4646 4683 561 -220 3 0
> 8098 3976 251 -151 48 0
> 8622 5117 140 88 -124 1
! 75011 78290 200
! -70179 -56449 200
> 3286 5448 219 -408 349 0
> 5406 4479 646 -173 4 0
> 8483 3974 327 -2 48 0
> 8604 5082 -14 -29 -142 1
! 4279 5565 200
! 6402 4565 200
> 3286 5448 219 -408 349 0
> 5406 4479 646 -173 4 0
> 8483 3974 327 -2 48 0
> 8604 5082 -14 -29 -142 1
! 75396 78288 200
! -70197 -56484 200
> 3704 5063 355 -327 367 0
> 6251 4323 718 -132 5 0
> 8944 4121 391 124 48 0
> 8432 4930 -145 -129 -142 1
! 4697 5180 200
! 7178 3948 187
> 3704 5063 355 -327 367 0
> 6251 4323 718 -132 5 0
> 8944 4121 391 124 48 0
> 8432 4930 -145 -129 -142 1
! 95546 54120 200
! -47487 -77973 200
> 4258 4759 470 -258 7 0
> 7151 4149 765 -148 -13 0
> 9508 4345 479 190 30 1
> 8175 4635 -218 -250 -124 1
! 5252 4868 200
! 8106 4446 SHIELD
> 4258 4759 470 -258 7 0
> 7151 4149 765 -148 -13 0
> 9508 4345 479 190 30 1
> 8175 4635 -218 -250 -124 1
! 76421 78659 200
! -70626 -56931 0
> 4927 4523 568 -200 6 0
> 7833 3945 538 -201 5 0
> 10121 4684 520 287 48 1
> 8786 4946 929 542 -142 1
! 5903 4742 200
! 8396 4772 0
> 4927 4523 568 -200 6 0
> 7833 3945 538 -201 5 0
> 10121 4684 520 287 48 1
> 8786 4946 929 542 -142 1
! 77034 78998 200
! -85183 -29255 0
> 5690 4367 648 -132 13 0
> 8371 3744 457 -170 23 0
> 10775 5120 555 370 48 1
> 9715 5488 789 460 -160 1
! 6656 4625 200
! 8746 4671 0
> 5690 4367 648 -132 13 0
> 8371 3744 457 -170 23 0
> 10775 5120 555 370 48 1
> 9715 5488 789 460 -160 1
! 97377 55119 200
! -90224 1998 0
> 6531 4287 715 -68 15 0
> 8828 3574 388 -144 41 0
> 11503 5590 618 399 30 1
> 10504 5948 670 391 -178 1
! 7434 4717 200
! 8961 4565 26
> 6531 4287 715 -68 15 0
> 8828 3574 388 -144 41 0
> 11503 5590 618 399 30 1
> 10504 5948 670 391 -178 1
! 78416 79904 200
! -85622 33511 0
> 7427 4305 761 15 25 0
> 9216 3430 329 -122 59 0
> 12255 6138 639 465 48 1
> 11174 6339 569 332 164 1
! 8419 4430 200
! 9083 4421 83
> 7427 4305 761 15 25 0
> 9216 3430 329 -122 59 0
> 12255 6138 639 465 48 1
> 11174 6339 569 332 164 1
! 98857 56137 200
! -88765 2849 0
> 8386 4346 815 34 7 0
> 9564 3389 295 -34 77 0
> 13067 6703 690 480 30 1
> 11743 6671 483 282 -178 1
! 9269 4815 200
! 9166 4306 128
> 8386 4346 815 34 7 0
> 9564 3389 295 -34 77 0
> 13067 6703 690 480 30 1
> 11743 6671 483 282 -178 1
! 79980 81017 0
! -82226 -27530 200
> 9382 4466 846 101 25 1
> 9848 3483 241 79 95 0
> 13757 7183 586 408 48 1
> 12038 6885 250 181 -160 1
! 10156 5099 200
! 9168 4217 101
> 9382 4466 846 101 25 1
> 9848 3483 241 79 95 0
> 13757 7183 586 408 48 1
> 12038 6885 250 181 -160 1
! 100359 57182 0
! -66763 -54681 0
> 10383 4694 850 193 39 1
> 10050 3655 171 146 113 0
> 14343 7591 498 346 30 2
> 12288 7066 212 153 -142 1
! 10985 5493 200
! 9218 4210 117
> 10383 4694 850 193 39 1
> 10050 3655 171 146 113 0
> 14343 7591 498 346 30 2
> 12288 7066 212 153 -142 1
! 112157 28382 0
! -43631 -75837 0
> 11353 5047 824 299 53 1
> 10144 3889 80 199 131 0
> 14841 7937 423 294 12 2
> 12500 7219 180 130 -124 1
! 11650 6002 200
! 9194 4202 145
> 11353 5047 824 299 53 1
> 10144 3889 80 199 131 0
> 14841 7937 423 294 12 2
> 12500 7219 180 130 -124 1
! 114293 -2515 0
! -15063 -88907 200
> 12242 5535 755 414 71 1
> 10100 4163 -37 232 149 0
> 15264 8231 359 249 -6 2
> 12625 7157 106 -52 -106 1
! 12359 6528 200
! 11099 4210 0
> 12242 5535 755 414 71 1
> 10100 4163 -37 232 149 0
> 15264 8231 359 249 -6 2
> 12625 7157 106 -52 -106 1
! 106618 -32442 200
! 16114 -92782 BOOST
> 13035 5663 694 -579 83 1
> 10063 4395 -31 197 131 1
> 15806 8399 460 142 -24 2
> 12739 6940 76 503 -88 1
! 13160 6655 200
! 11063 4411 0
> 13035 5663 694 -579 83 1
> 10063 4395 -31 197 131 1
> 15806 8399 460 142 -24 2
> 12739 6940 76 503 -88 1
! 90120 -58514 0
! 46940 -87029 200
> 13754 5282 611 -323 83 1
> 10032 4592 -26 167 113 1
> 16266 8541 391 120 -42 2
> 12883 7255 122 267 -70 1
! 13809 6281 200
! 11032 4592 0
> 13754 5282 611 -323 83 1
> 10032 4592 -26 167 113 1
> 16266 8541 391 120 -42 2
> 12883 7255 122 267 -70 1
! 66265 -78061 0
! 74449 -71546 200
> 14376 5159 528 -104 87 1
> 10006 4759 -22 141 95 1
> 16657 8661 332 102 -60 2
> 13128 7364 208 92 -52 1
! 14298 6156 200
! 11006 4751 0
> 14376 5159 528 -104 87 1
> 10006 4759 -22 141 95 1
> 16657 8661 332 102 -60 2
> 13128 7364 208 92 -52 1
! 37448 -89153 0
! 96031 -48555 0
> 14888 5254 435 81 94 1
> 9984 4900 -18 119 77 1
> 16989 8763 282 86 -78 2
> 13336 7456 176 78 -34 1
! 14544 6193 200
! 10984 4884 187
> 14888 5254 435 81 94 1
> 9984 4900 -18 119 77 1
> 16989 8763 282 86 -78 2
> 13336 7456 176 78 -34 1
! 6536 -90689 200
! 96239 -48463 200
> 15254 5523 311 228 110 1
> 10062 5179 66 237 59 1
> 17250 8650 221 -95 -96 2
> 13678 7422 290 -28 -34 1
! 14645 6316 200
! 11052 5038 82
> 15254 5523 311 228 110 1
> 10062 5179 66 237 59 1
> 17250 8650 221 -95 -96 2
> 13678 7422 290 -28 -34 1
! -23423 -82704 200
! 109804 -20141 200
> 15443 5910 160 328 128 1
> 10190 5470 108 247 41 1
> 17390 8372 118 -236 -114 2
> 14160 7339 409 -70 -16 2
! 14818 6691 200
! 11174 5290 189
> 15443 5910 160 328 128 1
> 10190 5470 108 247 41 1
> 17390 8372 118 -236 -114 2
> 14160 7339 409 -70 -16 2
! -49523 -65942 0
! 97063 -48580 0
> 15478 6394 29 411 129 1
> 10472 5791 239 272 23 1
> 17508 8136 100 -200 -132 2
> 14569 7269 347 -59 -34 2
! 14798 7128 SHIELD
! 11448 5572 200
> 15478 6394 29 411 129 1
> 10472 5791 239 272 23 1
> 17508 8136 100 -200 -132 2
> 14569 7269 347 -59 -34 2
! -69094 -41863 0
! 110695 -20294 SHIELD
> 15574 6755 389 76 133 1
> 10910 6080 372 245 5 1
> 17608 7936 85 -170 -150 2
> 14849 7260 -70 222 -16 2
! 14753 7325 0
! 11910 6080 200
> 15574 6755 389 76 133 1
> 10910 6080 372 245 5 1
> 17608 7936 85 -170 -150 2
> 14849 7260 -70 222 -16 2
! -49305 -66378 0
! 114788 10749 0
> 15963 6831 330 64 145 1
> 11482 6325 486 208 0 1
> 17693 7766 72 -144 -132 2
> 14779 7482 -59 188 2 2
! 15076 7292 0
! 12409 6700 200
> 15963 6831 330 64 145 1
> 11482 6325 486 208 0 1
> 17693 7766 72 -144 -132 2
> 14779 7482 -59 188 2 2
! -22980 -83588 200
! 114718 10971 0
> 16293 6895 280 54 153 1
> 12158 6595 574 229 18 1
> 17684 7439 -7 -277 -114 2
> 14720 7670 -50 159 2 2
! 15366 7270 200
! 12400 7565 0
> 16293 6895 280 54 153 1
> 12158 6595 574 229 18 1
> 17684 7439 -7 -277 -114 2
> 14720 7670 -50 159 2 2
! -22989 -83915 200
! 110846 -19893 0
> 16573 6949 238 45 158 1
> 12732 6824 487 194 36 1
> 17596 6979 -75 -390 -114 2
> 14670 7829 -42 135 -16 2
! 15626 7269 200
! 11755 6613 0
> 16573 6949 238 45 158 1
> 12732 6824 487 194 36 1
> 17596 6979 -75 -390 -114 2
> 14670 7829 -42 135 -16 2
! -49317 -67335 200
! 114609 11318 200
> 16622 7058 41 92 161 1
> 13219 7018 413 164 54 1
> 17387 6440 -177 -457 -132 2
> 14828 7971 134 120 2 2
! 15665 7347 200
! 12242 6807 0
> 16622 7058 41 92 161 1
> 13219 7018 413 164 54 1
> 17387 6440 -177 -457 -132 2
> 14828 7971 134 120 2 2
! -69215 -43559 200
! 108797 42173 0
> 16472 7208 -127 127 163 1
> 13632 7182 351 139 72 1
> 17037 5883 -297 -473 -150 2
> 14962 8091 113 102 20 2
! 15498 7435 200
! 12656 6963 0
> 16472 7208 -127 127 163 1
> 13632 7182 351 139 72 1
> 17037 5883 -297 -473 -150 2
> 14962 8091 113 102 20 2
! -80777 -14908 200
! 93763 69657 0
> 16150 7380 -273 146 167 1
> 13983 7321 298 118 90 1
> 16544 5368 -418 -437 -168 2
> 15075 8193 96 86 38 2
! 15247 6950 200
! 13007 7102 130
> 16150 7380 -273 146 167 1
> 13983 7321 298 118 90 1
> 16544 5368 -418 -437 -168 2
> 15075 8193 96 86 38 2
! -82908 15820 200
! 70994 91096 0
> 15678 7509 -401 109 185 1
> 14241 7563 219 205 108 2
> 15927 4952 -524 -353 174 2
> 15171 8279 81 73 56 2
! 14868 6923 200
! 13275 7305 200
> 15678 7509 -401 109 185 1
> 14241 7563 219 205 108 2
> 15927 4952 -524 -353 174 2
> 15171 8279 81 73 56 2
! -83525 15404 200
! 71090 91182 SHIELD
> 15093 7540 -497 26 203 1
> 14342 7930 86 311 126 2
> 15204 4620 -614 -282 174 2
> 15252 8352 68 62 56 2
! 14151 7204 200
! 13392 7617 200
> 15093 7540 -497 26 203 1
> 14342 7930 86 311 126 2
> 15204 4620 -614 -282 174 2
> 15252 8352 68 62 56 2
! -76150 45293 200
! 42815 104478 0
> 14561 7387 -425 -149 -160 2
> 14112 8470 -221 478 144 2
> 14407 4419 -677 -170 156 2
> 15320 8414 57 52 74 2
! 13565 7293 200
! 13319 7861 62
> 14561 7387 -425 -149 -160 2
> 14112 8470 -221 478 144 2
> 14407 4419 -677 -170 156 2
> 15320 8414 57 52 74 2
! -76947 45092 200
! 11830 108353 0
> 13937 7219 -530 -142 -175 2
> 13832 8967 -237 422 162 2
> 13547 4330 -730 -75 156 2
> 15377 8466 48 44 92 2
! 12942 7117 200
! 13084 8303 197
> 13937 7219 -530 -142 -175 2
> 13832 8967 -237 422 162 2
> 13547 4330 -730 -75 156 2
> 15377 8466 48 44 92 2
! -85905 14782 200
! -18824 102435 0
> 13208 7057 -619 -138 -174 2
> 13398 9389 -368 358 180 2
> 12618 4276 -789 -45 174 2
> 15425 8510 40 37 110 2
! 12219 6909 200
! 12726 8648 200
> 13208 7057 -619 -138 -174 2
> 13398 9389 -368 358 180 2
> 12618 4276 -789 -45 174 2
> 15425 8510 40 37 110 2
! -78736 44949 200
! -46141 87311 0
> 12391 6889 -694 -142 -171 2
> 12840 9685 -474 251 198 2
> 11646 4312 -825 30 156 2
> 15465 8547 34 31 128 2
! 11452 6545 200
! 12207 8911 200
> 12391 6889 -694 -142 -171 2
> 12840 9685 -474 251 198 2
> 11646 4312 -825 30 156 2
> 15465 8547 34 31 128 2
! -87806 14764 200
! -67438 64466 0
> 11509 6678 -749 -179 -160 2
> 12204 9818 -540 113 216 2
> 10622 4363 -870 43 174 2
> 15499 8578 28 26 146 2
! 10639 6186 200
! 11626 9002 200
> 11509 6678 -749 -179 -160 2
> 12204 9818 -540 113 216 2
> 10622 4363 -870 43 174 2
> 15499 8578 28 26 146 2
! -87192 -16428 200
! -80627 36141 200
> 10586 6401 -784 -235 -151 2
> 11546 9769 -558 -41 234 2
> 9556 4364 -905 1 -168 2
> 15335 8659 -139 68 164 2
! 9805 5776 200
! 10976 8948 200
> 10586 6401 -784 -235 -151 2
> 11546 9769 -558 -41 234 2
> 9556 4364 -905 1 -168 2
> 15335 8659 -139 68 164 2
! -77046 -45635 0
! -84604 5169 200
> 9646 6041 -799 -305 -141 2
> 10874 9564 -571 -174 -125 2
> 8651 4365 -769 0 -150 2
> 14996 8720 -288 51 182 2
! 9607 5042 0
! 10312 8737 200
> 9646 6041 -799 -305 -141 2
> 10874 9564 -571 -174 -125 2
> 8651 4365 -769 0 -150 2
> 14996 8720 -288 51 182 2
! -58262 -69949 0
! -78973 -25481 200
> 8847 5736 -679 -259 -123 2
> 10191 9225 -580 -288 -124 2
> 7882 4365 -653 0 -132 2
> 14520 8703 -404 -14 -160 2
! 8730 4743 186
! 9691 8359 200
> 8847 5736 -679 -259 -123 2
> 10191 9225 -580 -288 -124 2
> 7882 4365 -653 0 -132 2
> 14520 8703 -404 -14 -160 2
! -32791 -86989 0
! -64281 -52863 200
> 8119 5298 -618 -372 -105 2
> 9511 8764 -578 -392 -120 2
> 7229 4365 -555 0 -114 2
> 13958 8566 -477 -116 -142 2
! 8283 4312 200
! 9113 7847 200
> 8119 5298 -618 -372 -105 2
> 9511 8764 -578 -392 -120 2
> 7229 4365 -555 0 -114 2
> 13958 8566 -477 -116 -142 2
! -3223 -95087 200
! -41961 -74337 200
> 7510 4726 -517 -486 -87 2
> 8853 8189 -558 -489 -113 2
> 6653 4166 -489 -169 -96 3
> 13369 8284 -500 -239 -124 2
! 8026 3869 50
! 8564 7232 200
> 7510 4726 -517 -486 -87 2
> 8853 8189 -558 -489 -113 2
> 6653 4166 -489 -169 -96 3
> 13369 8284 -500 -239 -124 2
! 27444 -93648 SHIELD
! -42550 -74619 200
> 7011 4193 -424 -452 -69 2
> 8237 7509 -523 -578 -107 2
> 6164 3997 -415 -143 -78 3
> 12757 7879 -520 -344 -124 2
! 7636 3412 0
! 8081 6521 200
> 7011 4193 -424 -452 -69 2
> 8237 7509 -523 -578 -107 2
> 6164 3997 -415 -143 -78 3
> 12757 7879 -520 -344 -124 2
! 56163 -82605 0
! -43162 -75024 200
> 6587 3741 -360 -384 -51 3
> 7683 6733 -471 -659 -99 2
> 5749 3854 -352 -121 -60 3
> 12125 7369 -537 -433 -124 2
! 7150 2914 200
! 7824 5743 200
> 6587 3741 -360 -384 -51 3
> 7683 6733 -471 -659 -99 2
> 5749 3854 -352 -121 -60 3
> 12125 7369 -537 -433 -124 2
! 80063 -63059 0
! -15438 -88757 0
> 6340 3192 -210 -466 -56 3
> 7240 5876 -376 -728 -82 2
> 5397 3733 -299 -102 -42 3
> 11588 6936 -456 -368 -106 2
! 7197 2676 200
! 7662 4969 200
> 6340 3192 -210 -466 -56 3
> 7240 5876 -376 -728 -82 2
> 5397 3733 -299 -102 -42 3
> 11588 6936 -456 -368 -106 2
! 55396 -82869 200
! -15975 -89190 0
> 6288 2604 -44 -500 -38 3
> 6948 4967 -247 -772 -65 2
> 5098 3631 -254 -86 -60 3
> 11132 6568 -387 -312 -106 2
! 7279 2737 52
! 7589 4199 200
> 6288 2604 -44 -500 -38 3
> 6948 4967 -247 -772 -65 2
> 5098 3631 -254 -86 -60 3
> 11132 6568 -387 -312 -106 2
! 79412 -63282 200
! 14621 -93371 0
> 6293 2086 4 -439 -20 3
> 6829 4041 -101 -786 -50 3
> 4993 3411 -89 -186 -42 3
> 10745 6256 -328 -265 -88 2
! 7267 2313 183
! 7829 4049 0
> 6293 2086 4 -439 -20 3
> 6829 4041 -101 -786 -50 3
> 4993 3411 -89 -186 -42 3
> 10745 6256 -328 -265 -88 2
! 96347 -37262 200
! 44946 -87713 0
> 6480 1641 158 -377 -2 3
> 6728 3255 -85 -668 -32 3
> 5087 3144 79 -227 -24 3
> 10417 5991 -278 -225 -70 2
! 6699 2617 126
! 7728 3286 141
> 6480 1641 158 -377 -2 3
> 6728 3255 -85 -668 -32 3
> 5087 3144 79 -227 -24 3
> 10417 5991 -278 -225 -70 2
! 96441 -37529 200
! 71983 -72810 0
> 6759 1299 237 -290 16 3
> 6780 2553 43 -597 -14 3
> 5349 2836 222 -262 -24 3
> 10139 5766 -236 -191 -52 2
! 6868 2293 200
! 7766 2717 197
> 6759 1299 237 -290 16 3
> 6780 2553 43 -597 -14 3
> 5349 2836 222 -262 -24 3
> 10139 5766 -236 -191 -52 2
! 79663 -64077 200
! 71705 -73035 0
> 7161 1122 341 -150 34 3
> 7020 1969 203 -496 4 3
> 5720 2440 315 -336 -42 3
> 9903 5575 -200 -162 -52 2
! 7294 2113 200
! 6856 2955 0
> 7161 1122 341 -150 34 3
> 7020 1969 203 -496 4 3
> 5720 2440 315 -336 -42 3
> 9903 5575 -200 -162 -52 2
! 97074 -38233 0
! 44104 -88394 0
> 7707 762 474 -353 52 4
> 7140 1841 91 -61 22 3
> 6035 2104 267 -285 -24 3
> 9703 5413 -170 -137 -70 2
! 7535 1747 200
! 7468 896 0
> 7707 762 474 -353 52 4
> 7140 1841 91 -61 22 3
> 6035 2104 267 -285 -24 3
> 9703 5413 -170 -137 -70 2
! 105487 -8348 200
! 43904 -88556 0
> 8249 597 460 -140 70 4
> 7301 1775 410 -77 4 3
> 6430 1804 63 -234 -6 3
> 9533 5276 -144 -116 -70 2
! 7944 1549 200
! 7192 781 0
> 8249 597 460 -140 70 4
> 7301 1775 410 -77 4 3
> 6430 1804 63 -234 -6 3
> 9533 5276 -144 -116 -70 2
! 105882 -8648 200
! 43734 -88693 0
> 8715 657 396 50 88 4
> 7711 1698 348 -65 -14 3
> 6692 1549 222 -216 -6 3
> 9389 5160 -122 -98 -70 2
! 8301 1567 200
! 7313 781 0
> 8715 657 396 50 88 4
> 7711 1698 348 -65 -14 3
> 6692 1549 222 -216 -6 3
> 9389 5160 -122 -98 -70 2
! 104506 22340 200
! 70955 -73641 0
> 9055 899 289 205 106 4
> 8059 1633 295 -55 -32 3
> 7110 1375 354 -148 12 3
> 9267 5062 -103 -83 -52 2
! 8625 1802 200
! 7152 1211 0
> 9055 899 289 205 106 4
> 8059 1633 295 -55 -32 3
> 7110 1375 354 -148 12 3
> 9267 5062 -103 -83 -52 2
! 93712 51374 200
! 70833 -73739 0
> 9258 1285 172 327 115 4
> 8394 1591 437 15 -50 3
> 7597 1314 261 -102 30 4
> 9164 4979 -87 -70 -52 2
! 8945 2235 200
! 7412 1404 0
> 9258 1285 172 327 115 4
> 8394 1591 437 15 -50 3
> 7597 1314 261 -102 30 4
> 9164 4979 -87 -70 -52 2
! 74510 75628 200
! 92067 -50940 0
> 9680 1731 450 358 108 4
> 8702 1745 278 192 -68 3
> 7808 1292 71 -58 48 4
> 9077 4909 -73 -59 -34 2
! 8946 2411 200
! 7947 1089 0
> 9680 1731 450 358 108 4
> 8702 1745 278 192 -68 3
> 7808 1292 71 -58 48 4
> 9077 4909 -73 -59 -34 2
! 48481 92646 200
! 105203 -22654 0
> 10012 2250 282 441 126 4
> 8980 1937 236 163 -86 3
> 7960 1417 129 106 66 4
> 9004 4850 -62 -50 -16 2
! 9175 2797 200
! 8347 1163 194
> 10012 2250 282 441 126 4
> 8980 1937 236 163 -86 3
> 7960 1417 129 106 66 4
> 9004 4850 -62 -50 -16 2
! 18412 100869 200
! 91907 -51069 200
> 10132 2808 101 474 144 4
> 9169 1912 160 -21 -104 3
> 8110 1722 127 259 84 4
> 9108 4688 88 -137 -34 2
! 9160 3042 200
! 8505 1164 200
> 10132 2808 101 474 144 4
> 9169 1912 160 -21 -104 3
> 8110 1722 127 259 84 4
> 9108 4688 88 -137 -34 2
! -12681 99536 200
! 92011 -51231 200
> 10043 3343 -76 454 162 4
> 9223 1722 45 -161 -122 3
> 8195 2177 72 386 102 4
> 9362 4439 215 -211 -34 2
! 9363 4077 SHIELD
! 8336 1261 200
> 10043 3343 -76 454 162 4
> 9223 1722 45 -161 -122 3
> 8195 2177 72 386 102 4
> 9362 4439 215 -211 -34 2
! -12596 99991 200
! 70928 -74362 200
> 10011 3734 16 270 144 4
> 9114 1433 -92 -245 -140 3
> 8225 2759 25 494 102 4
> 9259 4700 -520 840 -52 2
! 9124 4195 0
! 8164 1746 0
> 10011 3734 16 270 144 4
> 9114 1433 -92 -245 -140 3
> 8225 2759 25 494 102 4
> 9259 4700 -520 840 -52 2
! -41774 89361 200
! 70825 -74101 200
> 10027 4004 13 229 153 4
> 9022 1188 -78 -208 -158 3
> 8150 3426 -63 567 120 4
> 8862 5382 -337 580 -52 2
! 9117 4418 0
! 8101 1579 93
> 10027 4004 13 229 153 4
> 9022 1188 -78 -208 -158 3
> 8150 3426 -63 567 120 4
> 8862 5382 -337 580 -52 2
! -41849 90028 200
! 70428 -73419 200
> 10040 4233 11 194 156 4
> 8851 974 -145 -182 -176 3
> 7987 4166 -138 629 120 4
> 8648 5804 -181 359 -52 2
! 9101 4577 200
! 7994 1490 152
> 10040 4233 11 194 156 4
> 8851 974 -145 -182 -176 3
> 7987 4166 -138 629 120 4
> 8648 5804 -181 359 -52 2
! -66327 71079 200
! 42849 -88165 200
> 10051 4427 9 164 160 4
> 8559 829 -248 -123 -194 3
> 7700 4929 -243 648 138 4
> 8535 5975 -95 145 -70 2
! 9070 4622 200
! 8731 1814 87
> 10051 4427 9 164 160 4
> 8559 829 -248 -123 -194 3
> 7700 4929 -243 648 138 4
> 8535 5975 -95 145 -70 2
! -83654 45602 200
! 70101 -72826 200
> 9864 4630 -159 172 169 4
> 8237 752 -273 -65 -212 4
> 7274 5658 -361 619 156 5
> 8563 5962 23 -10 -52 2
! 8864 4646 200
! 8503 1716 149
> 9864 4630 -159 172 169 4
> 8237 752 -273 -65 -212 4
> 7274 5658 -361 619 156 5
> 8563 5962 23 -10 -52 2
! -92178 16110 200
! 42764 -88007 200
> 9505 4805 -305 148 179 4
> 7869 801 -313 41 -230 4
> 6714 6298 -475 543 174 5
> 8654 5764 77 -168 -70 2
! 8731 5438 SHIELD
! 8260 1722 149
> 9505 4805 -305 148 179 4
> 7869 801 -313 41 -230 4
> 6714 6298 -475 543 174 5
> 8654 5764 77 -168 -70 2
! -91100 -14493 200
! 70220 -73037 SHIELD
> 9202 4950 -18 -203 161 4
> 7501 980 -313 152 -248 4
> 6043 6799 -570 426 192 5
> 8729 5599 -175 186 -52 2
! 8476 5638 0
! 7978 1859 189
> 9202 4950 -18 -203 161 4
> 7501 980 -313 152 -248 4
> 6043 6799 -570 426 192 5
> 8729 5599 -175 186 -52 2
! -91771 -13992 200
! 70295 -73202 0
> 9184 4747 -15 -172 143 4
> 7175 1321 -276 289 -266 4
> 5277 7183 -650 326 -168 5
> 8554 5785 -148 158 -52 2
! 8520 5495 0
! 7730 2153 200
> 9184 4747 -15 -172 143 4
> 7175 1321 -276 289 -266 4
> 5277 7183 -650 326 -168 5
> 8554 5785 -148 158 -52 2
! -81325 -42816 200
! 42755 -88184 0
> 9169 4575 -12 -146 132 4
> 6948 1804 -193 410 -284 4
> 4454 7409 -699 192 -150 5
> 8406 5943 -125 134 -70 2
! 8536 5349 200
! 7526 2620 200
> 9169 4575 -12 -146 132 4
> 6948 1804 -193 410 -284 4
> 4454 7409 -699 192 -150 5
> 8406 5943 -125 134 -70 2
! -62459 -66905 200
! 11895 -93996 0
> 9157 4429 -10 -124 129 4
> 6861 2383 -73 492 -302 4
> 3621 7452 -707 36 -132 0
> 8281 6077 -106 113 -88 2
! 8571 5239 200
! 7408 3220 200
> 9157 4429 -10 -124 129 4
> 6861 2383 -73 492 -302 4
> 3621 7452 -707 36 -132 0
> 8281 6077 -106 113 -88 2
! -37052 -83902 0
! 42482 -87892 200
> 9030 4467 -108 32 126 4
> 6897 3042 30 560 57 4
> 2914 7488 -600 30 -114 0
> 8243 6002 -31 -63 -70 2
! 8225 5061 200
! 7405 3903 200
> 9030 4467 -108 32 126 4
> 6897 3042 30 560 57 4
> 2914 7488 -600 30 -114 0
> 8243 6002 -31 -63 -70 2
! -7538 -91964 200
! 11732 -93937 200
> 8761 4618 -228 128 144 4
> 7029 3774 111 622 59 4
> 2293 7319 -527 -143 -96 0
> 8219 5739 -20 -223 -88 2
! 8269 5488 SHIELD
! 6031 3711 0
> 8761 4618 -228 128 144 4
> 7029 3774 111 622 59 4
> 2293 7319 -527 -143 -96 0
> 8219 5739 -20 -223 -88 2
! 23084 -90495 200
! -19344 -90387 SHIELD
> 8533 4746 -193 108 126 4
> 7140 4396 94 528 77 4
> 1808 6980 -412 -287 -78 0
> 8199 5516 -17 -189 -106 2
! 8033 5612 0
! 6155 4224 0
> 8533 4746 -193 108 126 4
> 7140 4396 94 528 77 4
> 1808 6980 -412 -287 -78 0
> 8199 5516 -17 -189 -106 2
! 51807 -79622 200
! -47720 -77387 0
> 8459 4575 -49 -175 120 4
> 7234 4924 79 448 95 4
> 1496 6520 -265 -391 -60 0
> 8063 5606 -128 106 -124 2
! 8131 5520 0
! 6921 5874 200
> 8459 4575 -49 -175 120 4
> 7234 4924 79 448 95 4
> 1496 6520 -265 -391 -60 0
> 8063 5606 -128 106 -124 2
! 75810 -60393 200
! -70738 -55960 SHIELD
> 8410 4400 -41 -148 109 4
> 7062 5479 -476 325 108 4
> 1380 5995 -98 -446 -42 0
> 7954 5720 -59 111 -142 2
! 8144 5364 200
! 7989 5854 0
> 8410 4400 -41 -148 109 4
> 7062 5479 -476 325 108 4
> 1380 5995 -98 -446 -42 0
> 7954 5720 -59 111 -142 2
! 92734 -34678 200
! -86015 -28481 0
> 8369 4252 -34 -125 105 4
> 6586 5804 -404 276 90 4
> 1465 5468 72 -448 -24 0
> 7895 5831 -50 94 -160 2
! 8135 5224 200
! 7585 5851 0
> 8369 4252 -34 -125 105 4
> 6586 5804 -404 276 90 4
> 1465 5468 72 -448 -24 0
> 7895 5831 -50 94 -160 2
! 100917 -4984 200
! -86074 -28370 0
> 8288 4321 -68 59 104 4
> 6182 6080 -343 234 72 4
> 1736 4999 230 -398 -6 0
> 7845 5925 -42 79 -160 2
! 8093 5302 200
! 7089 5658 0
> 8288 4321 -68 59 104 4
> 6182 6080 -343 234 72 4
> 1736 4999 230 -398 -6 0
> 7845 5925 -42 79 -160 2
! 101188 -5453 200
! -92094 2435 0
> 8181 4576 -90 216 101 4
> 5839 6314 -291 198 54 4
> 2165 4580 364 -356 -6 0
> 7803 6004 -35 67 -178 2
! 7533 5337 200
! 6655 5736 0
> 8181 4576 -90 216 101 4
> 5839 6314 -291 198 54 4
> 2165 4580 364 -356 -6 0
> 7803 6004 -35 67 -178 2
! 101617 -5872 200
! -86166 -28197 0
> 7993 4967 -159 331 119 4
> 5548 6512 -247 168 36 4
> 2728 4203 478 -320 -6 0
> 7768 6071 -29 56 -160 2
! 7634 5900 200
! 6329 5887 0
> 7993 4967 -159 331 119 4
> 5548 6512 -247 168 36 4
> 2728 4203 478 -320 -6 0
> 7768 6071 -29 56 -160 2
! 100542 24994 200
! -86201 -28130 200
> 7814 5301 -78 19 111 4
> 5301 6680 -209 142 18 4
> 3402 3925 572 -236 12 0
> 7500 6242 -302 410 -160 2
! 7244 6122 200
! 6062 6032 181
> 7814 5301 -78 19 111 4
> 5301 6680 -209 142 18 4
> 3402 3925 572 -236 12 0
> 7500 6242 -302 410 -160 2
! 90004 53924 200
! -71301 -55324 0
> 7622 5484 -163 155 125 5
> 5273 6823 -23 121 0 4
> 4147 3789 633 -115 30 0
> 7198 6652 -256 348 -142 2
! 6989 6258 200
! 5882 6030 200
> 7622 5484 -163 155 125 5
> 5273 6823 -23 121 0 4
> 4147 3789 633 -115 30 0
> 7198 6652 -256 348 -142 2
! 101961 24580 200
! -48721 -76251 200
> 7332 5794 -246 263 129 5
> 5440 6883 142 50 -18 4
> 4976 3716 704 -62 12 0
> 6830 6834 -312 154 -124 2
! 6699 6568 200
! 6026 6073 200
> 7332 5794 -246 263 129 5
> 5440 6883 142 50 -18 4
> 4976 3716 704 -62 12 0
> 6830 6834 -312 154 -124 2
! 91578 53715 200
! -20733 -89292 200
> 7012 6144 94 -176 129 5
> 5663 6819 -312 -39 -36 4
> 5853 3754 745 32 30 0
> 6492 6861 -151 482 -106 2
! 6332 6878 200
! 6462 6217 200
> 7012 6144 94 -176 129 5
> 5663 6819 -312 -39 -36 4
> 5853 3754 745 32 30 0
> 6492 6861 -151 482 -106 2
! 92455 53753 200
! -21071 -89265 0
> 6970 6115 -35 -24 133 5
> 5511 6660 -129 -135 -37 4
> 6771 3886 780 112 30 0
> 6341 7343 -128 409 -106 2
! 6353 6902 200
! 6316 6066 200
> 6970 6115 -35 -24 133 5
> 5511 6660 -129 -135 -37 4
> 6771 3886 780 112 30 0
> 6341 7343 -128 409 -106 2
! 93373 53885 200
! -21222 -88783 200
> 6812 6248 -134 113 128 5
> 5543 6406 27 -215 -36 4
> 7724 4098 810 180 30 0
> 6158 7560 -155 184 -106 2
! 6148 6996 200
! 6291 5742 200
> 6812 6248 -134 113 128 5
> 5543 6406 27 -215 -36 4
> 7724 4098 810 180 30 0
> 6158 7560 -155 184 -106 2
! 74637 78412 200
! 9647 -92379 200
> 6545 6511 -226 223 132 5
> 5720 6058 150 -295 -42 4
> 8668 4427 802 279 48 0
> 6010 7544 -125 -13 -88 2
! 5752 7120 200
! 6615 6503 0
> 6545 6511 -226 223 132 5
> 5720 6058 150 -295 -42 4
> 8668 4427 802 279 48 0
> 6010 7544 -125 -13 -88 2
! 95270 54426 200
! 40211 -86425 200
> 6278 6611 -92 -192 142 5
> 5870 5763 127 -250 -24 4
> 9643 4806 828 322 30 1
> 5836 7587 -282 314 -70 2
! 5645 7385 200
! 6749 6240 53
> 6278 6611 -92 -192 142 5
> 5870 5763 127 -250 -24 4
> 9643 4806 828 322 30 1
> 5836 7587 -282 314 -70 2
! 96245 54805 200
! 9325 -92352 200
> 6059 6574 -185 -31 129 5
> 6050 5508 152 -216 -6 4
> 10644 5228 851 358 30 1
> 5561 7701 -233 97 -88 2
! 5418 7342 200
! 6818 6149 133
> 6059 6574 -185 -31 129 5
> 6050 5508 152 -216 -6 4
> 10644 5228 851 358 30 1
> 5561 7701 -233 97 -88 2
! 77557 79542 200
! 9050 -92238 200
> 5746 6697 -266 104 130 5
> 6332 5321 239 -159 12 4
> 11629 5735 837 430 48 1
> 5335 7598 -192 -87 -88 2
! 4889 7213 200
! 6699 6251 0
> 5746 6697 -266 104 130 5
> 6332 5321 239 -159 12 4
> 11629 5735 837 430 48 1
> 5335 7598 -192 -87 -88 2
! 52302 97089 200
! 39536 -86371 200
> 5456 6558 -184 -266 148 5
> 6571 5162 203 -135 30 4
> 12547 6348 780 520 66 1
> 5066 7672 -290 212 -70 2
! 4987 7441 200
! 6844 6124 121
> 5456 6558 -184 -266 148 5
> 6571 5162 203 -135 30 4
> 12547 6348 780 520 66 1
> 5066 7672 -290 212 -70 2
! 79460 80662 200
! 8555 -92267 200
> 5144 6446 -265 -95 130 5
> 6854 5117 240 -37 48 4
> 13461 7017 776 568 48 1
> 4783 7684 -240 10 -88 2
! 4550 7251 200
! 6940 6113 155
> 5144 6446 -265 -95 130 5
> 6854 5117 240 -37 48 4
> 13461 7017 776 568 48 1
> 4783 7684 -240 10 -88 2
! 54134 98371 0
! 8272 -92255 200
> 4760 6512 -326 56 126 5
> 7156 5222 256 89 66 4
> 14237 7585 659 482 66 2
> 4550 7494 -198 -161 -88 2
! 4283 7391 200
! 6395 5870 193
> 4760 6512 -326 56 126 5
> 7156 5222 256 89 66 4
> 14237 7585 659 482 66 2
> 4550 7494 -198 -161 -88 2
! 54910 98939 200
! 8039 -92445 200
> 4409 6330 -268 -324 118 5
> 7431 5503 233 238 84 5
> 14977 8250 629 565 66 2
> 4288 7547 -251 215 -88 2
! 3964 7225 200
! 6574 6019 198
> 4409 6330 -268 -324 118 5
> 7431 5503 233 238 84 5
> 14977 8250 629 565 66 2
> 4288 7547 -251 215 -88 2
! 55650 99604 0
! 7777 -92392 200
> 4052 6185 -303 -123 116 5
> 7621 5934 161 366 102 5
> 15606 8815 534 480 66 2
> 4044 7562 -207 12 -88 2
! 3911 7175 200
! 6700 6325 186
> 4052 6185 -303 -123 116 5
> 7621 5934 161 366 102 5
> 15606 8815 534 480 66 2
> 4044 7562 -207 12 -88 2
! 56279 100169 0
! -23519 -88564 200
> 3720 6260 -282 63 98 5
> 7688 6460 56 447 120 5
> 16140 9295 453 408 66 2
> 3782 7382 -222 -153 -106 2
! 4033 7210 200
! 6726 6733 199
> 3720 6260 -282 63 98 5
> 7688 6460 56 447 120 5
> 16140 9295 453 408 66 2
> 3782 7382 -222 -153 -106 2
! 26592 108747 200
! -23781 -88744 200
> 3455 6238 -241 -293 80 5
> 7595 7039 -78 492 138 5
> 16614 9902 402 515 84 2
> 3521 7319 -205 220 -106 2
! 3322 7229 200
! 6603 7164 200
> 3455 6238 -241 -293 80 5
> 7595 7039 -78 492 138 5
> 16614 9902 402 515 84 2
> 3521 7319 -205 220 -106 2
! -4177 107716 0
! 7010 -92620 200
> 3187 6143 -227 -80 98 5
> 7334 7611 -222 486 156 5
> 17016 10417 341 437 102 2
> 3323 7339 -168 17 -88 2
! 3195 7143 200
! 6334 7603 200
> 3187 6143 -227 -80 98 5
> 7334 7611 -222 486 156 5
> 17016 10417 341 437 102 2
> 3323 7339 -168 17 -88 2
! -32983 97019 200
! -24240 -88787 200
> 2962 6263 -191 101 90 5
> 6913 8117 -357 429 174 5
> 17257 11027 204 518 120 2
> 3100 7164 -189 -148 -106 2
! 3321 7196 200
! 5989 7734 200
> 2962 6263 -191 101 90 5
> 6913 8117 -357 429 174 5
> 17257 11027 204 518 120 2
> 3100 7164 -189 -148 -106 2
! -57057 77940 0
! 6589 -92775 200
> 2750 6033 -195 -289 72 5
> 6361 8503 -469 328 192 5
> 17461 11545 173 440 138 2
> 3003 7337 -67 240 -88 2
! 2859 7027 200
! 5613 7839 199
> 2750 6033 -195 -289 72 5
> 6361 8503 -469 328 192 5
> 17461 11545 173 440 138 2
> 3003 7337 -67 240 -88 2
! -73893 52218 200
! 6492 -92602 200
> 2577 5943 -147 -76 84 5
> 5720 8730 -544 193 210 5
> 17451 12066 -8 443 156 2
> 2943 7377 -51 34 -88 2
! 2585 6943 200
! 5236 7855 188
> 2577 5943 -147 -76 84 5
> 5720 8730 -544 193 210 5
> 17451 12066 -8 443 156 2
> 2943 7377 -51 34 -88 2
! -82001 22518 200
! -24620 -88749 200
> 2432 6067 -123 105 90 5
> 5051 8782 -568 44 228 5
> 17244 12530 -175 394 174 2
> 2837 7219 -90 -134 -106 2
! 2565 7058 200
! 5012 7783 96
> 2432 6067 -123 105 90 5
> 5051 8782 -568 44 228 5
> 17244 12530 -175 394 174 2
> 2837 7219 -90 -134 -106 2
! -80570 -8261 200
! -53082 -75684 200
> 2263 6210 -290 -200 82 5
> 4445 8738 -515 -37 246 5
> 16873 12882 -315 299 192 2
> 2708 7080 36 203 -124 2
! 2740 7089 200
! 4515 7740 188
> 2263 6210 -290 -200 82 5
> 4445 8738 -515 -37 246 5
> 16873 12882 -315 299 192 2
> 2708 7080 36 203 -124 2
! -69729 -37117 200
! -53211 -75823 200
> 2060 6190 -172 -16 64 5
> 3912 8514 -453 -190 264 5
> 16385 13081 -414 169 -150 2
> 2632 7117 -64 31 -124 2
! 2771 6893 200
! 4799 8053 200
> 2060 6190 -172 -16 64 5
> 3912 8514 -453 -190 264 5
> 16385 13081 -414 169 -150 2
> 2632 7117 -64 31 -124 2
! -70217 -36918 200
! -76169 -54449 200
> 2026 6319 -28 109 46 5
> 3502 8129 -348 -327 282 5
> 15798 13150 -499 58 -150 2
> 2410 7025 -188 -78 -142 2
! 2526 7185 SHIELD
! 4462 7848 198
> 2026 6319 -28 109 46 5
> 3502 8129 -348 -327 282 5
> 15798 13150 -499 58 -150 2
> 2410 7025 -188 -78 -142 2
! -70804 -36849 200
! -53509 -75878 200
> 1960 6358 -56 32 60 5
> 3273 7636 239 -314 300 0
> 15126 13108 -571 -35 -150 2
> 2469 7473 -380 281 -124 2
! 2601 7126 0
! 4190 7238 200
> 1960 6358 -56 32 60 5
> 3273 7636 239 -314 300 0
> 15126 13108 -571 -35 -150 2
> 2469 7473 -380 281 -124 2
! -51787 -61206 200
! -25094 -88653 0
> 1904 6390 -47 27 50 5
> 3662 7189 330 -379 318 0
> 14421 12924 -599 -156 -132 2
> 2089 7754 -323 238 -106 2
! 2568 7138 0
! 4595 6830 200
> 1904 6390 -47 27 50 5
> 3662 7189 330 -379 318 0
> 14421 12924 -599 -156 -132 2
> 2089 7754 -323 238 -106 2
! -52492 -61390 200
! 5578 -92185 0
> 1857 6417 -39 22 48 5
> 4175 6730 436 -390 336 0
> 13688 12619 -622 -258 -132 2
> 1766 7992 -274 202 -88 2
! 2529 7158 200
! 5122 6410 200
> 1857 6417 -39 22 48 5
> 4175 6730 436 -390 336 0
> 13688 12619 -622 -258 -132 2
> 1766 7992 -274 202 -88 2
! -26985 -78735 200
! 35967 -85977 200
> 1818 6439 -33 18 48 5
> 4800 6276 531 -385 -19 0
> 12985 12178 -597 -374 -114 2
> 1560 8006 -174 11 -70 2
! 2482 7187 200
! 5772 6042 200
> 1818 6439 -33 18 48 5
> 4800 6276 531 -385 -19 0
> 12985 12178 -597 -374 -114 2
> 1560 8006 -174 11 -70 2
! -27688 -79176 200
! 63126 -70795 200
> 1918 6607 84 142 48 5
> 5525 5844 616 -367 -14 0
> 12307 11621 -576 -473 -114 2
> 1509 7859 -43 -124 -52 2
! 2797 7084 200
! 6515 5703 200
> 1918 6607 84 142 48 5
> 5525 5844 616 -367 -14 0
> 12307 11621 -576 -473 -114 2
> 1509 7859 -43 -124 -52 2
! -54606 -62693 200
! 84412 -48060 0
> 2174 6850 218 206 30 5
> 6339 5449 691 -335 -8 0
> 11597 10999 -603 -528 -132 2
> 1466 7735 -36 -105 -34 2
! 2935 6202 125
! 7307 5699 198
> 2174 6850 218 206 30 5
> 6339 5449 691 -335 -8 0
> 11597 10999 -603 -528 -132 2
> 1466 7735 -36 -105 -34 2
! -29076 -80355 200
! 97592 -19828 0
> 2514 7083 289 197 12 5
> 7225 5148 753 -255 10 0
> 10913 10288 -581 -604 -114 2
> 1430 7630 -30 -89 -16 2
! 3233 6388 189
! 8218 5265 200
> 2514 7083 289 197 12 5
> 7225 5148 753 -255 10 0
> 10913 10288 -581 -604 -114 2
> 1430 7630 -30 -89 -16 2
! -29760 -81066 200
! 97556 -19933 200
> 2991 7262 405 151 -6 0
> 8177 4916 808 -196 7 0
> 10251 9501 -562 -668 -114 2
> 1592 7486 137 -122 -16 2
! 3663 6521 200
! 9113 5268 200
> 2991 7262 405 151 -6 0
> 8177 4916 808 -196 7 0
> 10251 9501 -562 -668 -114 2
> 1592 7486 137 -122 -16 2
! -30422 -81853 200
! 101531 10975 200
> 3579 7333 500 60 -24 0
> 9172 4790 845 -106 21 1
> 9608 8650 -546 -723 -114 2
> 1929 7371 286 -97 2 2
! 4220 6565 200
! 9965 5399 200
> 3579 7333 500 60 -24 0
> 9172 4790 845 -106 21 1
> 9608 8650 -546 -723 -114 2
> 1929 7371 286 -97 2 2
! -57305 -65664 200
! 98055 -20192 200
> 4229 7260 552 -61 -42 0
> 10176 4806 853 13 38 1
> 8928 7778 -577 -740 -132 2
> 2407 7219 406 -129 -16 2
! 4901 6519 200
! 10770 5611 200
> 4229 7260 552 -61 -42 0
> 10176 4806 853 13 38 1
> 8928 7778 -577 -740 -132 2
> 2407 7219 406 -129 -16 2
! -31745 -83576 200
! 85310 -48700 200
> 4915 7051 583 -177 -48 0
> 11148 4980 825 147 54 1
> 8270 6855 -559 -784 -114 2
> 2979 6978 486 -204 -34 2
! 5689 6418 200
! 11484 5922 200
> 4915 7051 583 -177 -48 0
> 11148 4980 825 147 54 1
> 8270 6855 -559 -784 -114 2
> 2979 6978 486 -204 -34 2
! -2182 -92597 200
! 64545 -71823 0
> 5653 6747 627 -258 -39 0
> 12040 5315 758 285 70 1
> 7690 5872 -492 -835 -96 2
> 3465 6774 413 -173 -52 2
! 6153 5881 200
! 11704 6257 51
> 5653 6747 627 -258 -39 0
> 12040 5315 758 285 70 1
> 7690 5872 -492 -835 -96 2
> 3465 6774 413 -173 -52 2
! 28481 -91942 0
! 86368 -49145 0
> 6388 6321 624 -362 -57 0
> 12799 5651 645 285 88 1
> 7198 5037 -418 -709 -78 2
> 3878 6601 351 -147 -34 2
! 7143 5665 200
! 12432 6581 197
> 6388 6321 624 -362 -57 0
> 12799 5651 645 285 88 1
> 7198 5037 -418 -709 -78 2
> 3878 6601 351 -147 -34 2
! 57197 -81565 200
! 100004 -20962 0
> 7163 5828 658 -419 -41 0
> 13388 6125 501 402 106 1
> 6880 4155 -270 -749 -60 3
> 4229 6454 298 -124 -16 2
! 8162 5875 130
! 12407 5930 180
> 7163 5828 658 -419 -41 0
> 13388 6125 501 402 106 1
> 6880 4155 -270 -749 -60 3
> 4229 6454 298 -124 -16 2
! 81194 -62758 200
! 104168 9943 200
> 7941 5358 661 -399 -23 0
> 13787 6676 339 467 124 1
> 6759 3272 -103 -750 -42 3
> 4727 6337 423 -99 2 2
! 8922 5553 192
! 12835 6371 200
> 7941 5358 661 -399 -23 0
> 13787 6676 339 467 124 1
> 6759 3272 -103 -750 -42 3
> 4727 6337 423 -99 2 2
! 98113 -37401 200
! 98696 40539 0
> 8793 4942 724 -353 -5 0
> 13968 7265 153 500 142 1
> 6839 2441 67 -706 -24 3
> 5150 6238 359 -84 20 2
! 9703 5356 199
! 13054 6859 200
> 8793 4942 724 -353 -5 0
> 13968 7265 153 500 142 1
> 6839 2441 67 -706 -24 3
> 5150 6238 359 -84 20 2
! 106291 -8011 200
! 83951 67804 0
> 9711 4634 780 -261 13 1
> 13933 7832 -30 482 160 2
> 7105 1714 226 -617 -6 3
> 5509 6154 305 -71 38 2
! 10452 5306 196
! 13076 7316 200
> 9711 4634 780 -261 13 1
> 13933 7832 -30 482 160 2
> 7105 1714 226 -617 -6 3
> 5509 6154 305 -71 38 2
! 104919 22505 0
! 61428 89057 0
> 10659 4474 805 -136 31 1
> 13703 8320 -195 414 178 2
> 7331 1097 192 -524 12 4
> 5814 6083 259 -60 56 2
! 11190 5321 198
! 12910 7711 200
> 10659 4474 805 -136 31 1
> 13703 8320 -195 414 178 2
> 7331 1097 192 -524 12 4
> 5814 6083 259 -60 56 2
! 93933 51096 0
! 33377 102209 0
> 11594 4487 794 11 49 1
> 13316 8678 -328 303 196 2
> 7523 573 163 -445 30 4
> 6073 6023 220 -51 74 2
! 11860 5451 198
! 12568 8014 200
> 11594 4487 794 11 49 1
> 13316 8678 -328 303 196 2
> 7523 573 163 -445 30 4
> 6073 6023 220 -51 74 2
! 74436 74887 200
! 61992 88926 0
> 12465 4680 740 164 67 1
> 12823 8868 -419 161 214 2
> 7820 277 252 -251 48 4
> 6293 5972 187 -43 56 2
! 12457 5680 200
! 12097 8180 200
> 12465 4680 740 164 67 1
> 12823 8868 -419 161 214 2
> 7820 277 252 -251 48 4
> 6293 5972 187 -43 56 2
! 48493 91631 200
! 62212 88875 0
> 13222 5043 643 308 85 1
> 12259 8891 -479 19 -137 2
> 8153 209 283 -58 66 4
> 6480 5929 158 -36 56 2
! 12667 5875 91
! 11533 8203 200
> 13222 5043 643 308 85 1
> 12259 8891 -479 19 -137 2
> 8153 209 283 -58 66 4
> 6480 5929 158 -36 56 2
! 18605 99661 200
! 85281 67495 200
> 13845 5440 529 337 103 1
> 11635 8772 -530 -100 -137 2
> 8457 350 258 119 84 4
> 6796 6016 268 74 38 2
! 13212 6214 194
! 10894 8100 200
> 13845 5440 529 337 103 1
> 11635 8772 -530 -100 -137 2
> 8457 350 258 119 84 4
> 6796 6016 268 74 38 2
! -12334 98164 200
! 85597 67582 200
> 14274 5943 364 427 121 1
> 10957 8538 -576 -199 -138 2
> 8673 665 183 267 102 4
> 7222 6213 361 167 38 2
! 13293 5748 200
! 10238 7843 200
> 14274 5943 364 427 121 1
> 10957 8538 -576 -199 -138 2
> 8673 665 183 267 102 4
> 7222 6213 361 167 38 2
! -41326 87267 200
! 86023 67779 200
> 14487 6501 181 474 139 1
> 10237 8200 -611 -287 -136 2
> 8756 1105 70 374 120 4
> 7741 6503 440 246 38 2
! 13537 6188 200
! 9596 7432 200
> 14487 6501 181 474 139 1
> 10237 8200 -611 -287 -136 2
> 8756 1105 70 374 120 4
> 7741 6503 440 246 38 2
! -41243 87707 200
! 63660 89406 200
> 14484 7053 -2 469 157 1
> 9498 7759 -628 -374 -130 2
> 8726 1652 -25 465 120 4
> 8293 6915 469 350 56 2
! 13577 6631 200
! 8730 7118 SHIELD
> 14484 7053 -2 469 157 1
> 9498 7759 -628 -374 -130 2
> 8726 1652 -25 465 120 4
> 8293 6915 469 350 56 2
! -41273 88254 200
! 87094 68481 SHIELD
> 14283 7539 -171 413 175 2
> 9387 7765 365 343 -140 2
> 8601 2290 -106 542 120 4
> 8245 6885 -500 -363 38 2
! 13431 7016 200
! 8639 7101 0
> 14283 7539 -171 413 175 2
> 9387 7765 365 343 -140 2
> 8601 2290 -106 542 120 4
> 8245 6885 -500 -363 38 2
! -12190 100104 200
! 102214 41087 0
> 13917 7907 -310 312 193 2
> 9752 8108 310 291 -138 2
> 8453 3028 -125 626 102 4
> 7745 6522 -425 -308 20 2
! 13107 7321 200
! 8997 7452 0
> 13917 7907 -310 312 193 2
> 9752 8108 310 291 -138 2
> 8453 3028 -125 626 102 4
> 7745 6522 -425 -308 20 2
! -41546 89630 200
! 86546 68088 0
> 13436 8116 -409 177 211 2
> 10062 8399 263 247 -139 2
> 8228 3827 -191 679 120 4
> 7320 6214 -361 -261 38 2
! 12637 7514 200
! 9301 7751 200
> 13436 8116 -409 177 211 2
> 10062 8399 263 247 -139 2
> 8228 3827 -191 679 120 4
> 7320 6214 -361 -261 38 2
! -41771 90429 200
! 63239 89117 0
> 12867 8173 -483 48 -143 2
> 10325 8646 223 209 -140 2
> 7937 4679 -247 724 120 4
> 6959 5953 -306 -221 56 2
! 12062 7579 200
! 9557 8005 200
> 12867 8173 -483 48 -143 2
> 10325 8646 223 209 -140 2
> 7937 4679 -247 724 120 4
> 6959 5953 -306 -221 56 2
! -66377 71592 0
! 85760 67519 0
> 12223 8102 -547 -60 -144 2
> 10394 8727 59 68 -140 2
> 7690 5403 -209 615 138 5
> 6653 5732 -260 -187 38 2
! 11391 7547 200
! 9633 8079 200
> 12223 8102 -547 -60 -144 2
> 10394 8727 59 68 -140 2
> 7690 5403 -209 615 138 5
> 6653 5732 -260 -187 38 2
! -83664 46076 200
! 85454 67298 200
> 11510 7931 -606 -145 -146 2
> 10301 8665 -79 -52 -140 2
> 7298 6099 -332 591 156 5
> 6551 5668 -87 -54 38 2
! 10742 7290 200
! 9480 8095 200
> 11510 7931 -606 -145 -146 2
> 10301 8665 -79 -52 -140 2
> 7298 6099 -332 591 156 5
> 6551 5668 -87 -54 38 2
! -92154 16551 200
! 85352 67234 200
> 10750 7658 -645 -232 -140 2
> 10058 8499 -206 -141 -145 2
> 6767 6711 -451 520 174 5
> 6622 5737 60 58 38 2
! 10125 6877 200
! 9237 7929 200
> 10750 7658 -645 -232 -140 2
> 10058 8499 -206 -141 -145 2
> 6767 6711 -451 520 174 5
> 6622 5737 60 58 38 2
! -91047 -14080 200
! 100591 39939 0
> 9980 7270 -654 -329 -129 2
> 9688 8244 -314 -216 -145 2
> 6120 7189 -549 406 192 5
> 6682 5795 51 49 20 2
! 9378 6471 200
! 8920 7603 200
> 9980 7270 -654 -329 -129 2
> 9688 8244 -314 -216 -145 2
> 6120 7189 -549 406 192 5
> 6682 5795 51 49 20 2
! -80482 -42810 200
! 106621 9284 200
> 9206 6781 -658 -415 -127 2
> 9220 7900 -397 -292 -140 2
> 5398 7495 -613 260 -150 5
> 6933 5851 213 47 2 2
! 9268 5783 56
! 8618 7101 200
> 9206 6781 -658 -415 -127 2
> 9220 7900 -397 -292 -140 2
> 5398 7495 -613 260 -150 5
> 6933 5851 213 47 2 2
! -61515 -66819 200
! 106872 9340 200
> 8530 6313 -574 -397 -109 2
> 8703 7448 -439 -383 -127 2
> 4651 7606 -634 94 -132 5
> 7346 5905 350 45 2 2
! 7643 5852 SHIELD
! 8312 6527 200
> 8530 6313 -574 -397 -109 2
> 8703 7448 -439 -383 -127 2
> 4651 7606 -634 94 -132 5
> 7346 5905 350 45 2 2
! -36022 -83748 0
! 103472 -21658 SHIELD
> 8494 6063 338 -111 -127 2
> 8186 6881 -439 -482 -113 2
> 4017 7700 -538 79 -114 5
> 7158 5803 -528 -187 -16 2
! 7544 5750 0
! 7600 6071 200
> 8494 6063 338 -111 -127 2
> 8186 6881 -439 -482 -113 2
> 4017 7700 -538 79 -114 5
> 7158 5803 -528 -187 -16 2
! -6435 -91752 0
! 90061 -50116 200
> 8832 5952 287 -94 -145 2
> 7630 6237 -472 -547 -126 2
> 3479 7779 -457 67 -96 0
> 6630 5616 -448 -158 -34 2
! 7860 5718 0
! 8091 5350 0
> 8832 5952 287 -94 -145 2
> 7630 6237 -472 -547 -126 2
> 3479 7779 -457 67 -96 0
> 6630 5616 -448 -158 -34 2
! 24270 -90035 200
! 102756 -21947 0
> 9119 5858 243 -79 -163 2
> 7158 5690 -401 -464 -108 2
> 3064 7650 -353 -109 -78 0
> 6182 5458 -380 -134 -16 2
! 8133 5694 200
! 7596 4791 132
> 9119 5858 243 -79 -163 2
> 7158 5690 -401 -464 -108 2
> 3064 7650 -353 -109 -78 0
> 6182 5458 -380 -134 -16 2
! 53063 -78952 200
! 106121 8947 0
> 9362 5779 206 -67 -171 2
> 6757 5094 -340 -506 -90 2
> 2811 7368 -215 -239 -60 0
> 5802 5324 -323 -113 2 2
! 8370 5654 200
! 7234 4215 200
> 9362 5779 206 -67 -171 2
> 6757 5094 -340 -506 -90 2
> 2811 7368 -215 -239 -60 0
> 5802 5324 -323 -113 2 2
! 77125 -59545 200
! 105741 8813 200
> 9370 5687 6 -78 -173 2
> 6479 4398 -236 -591 -72 3
> 2745 6995 -56 -316 -42 0
> 5679 5218 -104 -90 2 2
! 8371 5640 200
! 7190 3695 200
> 9370 5687 6 -78 -173 2
> 6479 4398 -236 -591 -72 3
> 2745 6995 -56 -316 -42 0
> 5679 5218 -104 -90 2 2
! 94099 -33678 200
! 101805 -22345 200
> 9176 5600 -164 -74 -177 2
> 6361 3645 -100 -639 -54 3
> 2872 6598 107 -337 -24 0
> 5767 5073 75 -123 -16 2
! 8186 5459 200
! 7264 3215 192
> 9176 5600 -164 -74 -177 2
> 6361 3645 -100 -639 -54 3
> 2872 6598 107 -337 -24 0
> 5767 5073 75 -123 -16 2
! 94226 -34075 200
! 105706 8562 200
> 8814 5498 -307 -86 -172 2
> 6417 2893 47 -638 -36 3
> 3162 6180 246 -355 -24 0
> 6042 4957 233 -98 2 2
! 7893 5107 200
! 7405 3049 0
> 8814 5498 -307 -86 -172 2
> 6417 2893 47 -638 -36 3
> 3162 6180 246 -355 -24 0
> 6042 4957 233 -98 2 2
! 77476 -60733 200
! 102168 -22606 200
> 8323 5334 -417 -139 -157 2
> 6464 2255 39 -542 -18 3
> 3557 5691 335 -415 -42 0
> 6467 4804 361 -130 -16 3
! 7597 4646 200
! 7440 2474 175
> 8323 5334 -417 -139 -157 2
> 6464 2255 39 -542 -18 3
> 3557 5691 335 -415 -42 0
> 6467 4804 361 -130 -16 3
! 94911 -34982 200
! 106406 8293 200
> 7755 5064 -482 -229 -139 2
> 6678 1713 181 -460 0 3
> 4075 5195 440 -421 -24 0
> 7028 4681 476 -104 2 3
! 6816 4720 SHIELD
! 6873 2694 105
> 7755 5064 -482 -229 -139 2
> 6678 1713 181 -460 0 3
> 4075 5195 440 -421 -24 0
> 7028 4681 476 -104 2 3
! 103527 -5257 200
! 103154 -22882 SHIELD
> 8048 5253 265 169 -157 2
> 6959 1286 238 -363 18 3
> 4714 4753 543 -375 -6 0
> 6729 4159 -270 -452 -16 3
! 7115 4894 0
! 7045 2282 200
> 8048 5253 265 169 -157 2
> 6959 1286 238 -363 18 3
> 4714 4753 543 -375 -6 0
> 6729 4159 -270 -452 -16 3
! 102528 25544 200
! 106668 7648 0
> 8313 5422 225 143 -159 2
> 7359 1041 339 -208 36 4
> 5453 4420 627 -283 12 0
> 6459 3707 -229 -384 2 3
! 7380 5063 0
! 7281 2038 200
> 8313 5422 225 143 -159 2
> 7359 1041 339 -208 36 4
> 5453 4420 627 -283 12 0
> 6459 3707 -229 -384 2 3
! 92055 54419 200
! 100428 37909 SHIELD
> 8538 5565 191 121 -159 2
> 7815 995 387 -39 54 4
> 6253 4237 680 -155 30 0
> 6230 3323 -194 -326 20 3
! 7611 5190 200
! 7612 1974 200
> 8538 5565 191 121 -159 2
> 7815 995 387 -39 54 4
> 6253 4237 680 -155 30 0
> 6230 3323 -194 -326 20 3
! 92855 54236 200
! 85031 64889 0
> 8729 5686 162 102 -158 2
> 8263 1146 381 128 72 4
> 7106 4182 725 -46 30 0
> 6036 2997 -164 -277 38 3
! 7826 5256 200
! 7896 2076 200
> 8729 5686 162 102 -158 2
> 8263 1146 381 128 72 4
> 7106 4182 725 -46 30 0
> 6036 2997 -164 -277 38 3
! 93708 54181 200
! 61955 85900 0
> 8710 5702 -15 13 -155 2
> 8644 1474 323 278 90 4
> 8004 4236 763 45 30 0
> 5872 2720 -139 -235 56 3
! 7807 5272 200
! 8191 2365 200
> 8710 5702 -15 13 -155 2
> 8644 1474 323 278 90 4
> 8004 4236 763 45 30 0
> 5872 2720 -139 -235 56 3
! 94606 54235 200
! 33435 98846 0
