@ 0 reCurse
@ 1 Agade
CP 4
CP 2650 7013
CP 10042 5948
CP 13939 1923
CP 8018 3231
> 2579 6518 0 0 -1 1
> 2721 7508 0 0 -1 1
> 2436 5528 0 0 -1 1
> 2864 8498 0 0 -1 1
! 102288 -1097 200
! 102178 17910 200
> 2579 6518 0 0 -1 1
> 2721 7508 0 0 -1 1
> 2436 5528 0 0 -1 1
> 2864 8498 0 0 -1 1
! 10042 5948 BOOST
! 10042 5948 BOOST
> 2778 6503 169 -12 -4 1
> 2920 7529 169 17 6 1
> 3085 5564 551 30 3 1
> 3476 8280 520 -184 -20 1
! 95496 -30957 200
! 100734 -13262 200
> 2778 6503 169 -12 -4 1
> 2920 7529 169 17 6 1
> 3085 5564 551 30 3 1
> 3476 8280 520 -184 -20 1
! 4019 5922 200
! 4264 7664 0
> 3132 6416 301 -73 -22 1
> 3285 7504 309 -20 -12 1
> 3823 5666 627 86 21 1
> 3996 8096 442 -156 -38 1
! 102888 -559 200
! 101099 -13287 200
> 3132 6416 301 -73 -22 1
> 3285 7504 309 -20 -12 1
> 3823 5666 627 86 21 1
> 3996 8096 442 -156 -38 1
! 4822 5718 200
! 4555 7267 0
> 3633 6329 425 -73 -4 1
> 3790 7442 428 -52 -12 1
> 4650 5762 702 81 3 1
> 4438 7940 375 -132 -56 1
! 100662 30521 200
! 103242 17894 200
> 3633 6329 425 -73 -4 1
> 3790 7442 428 -52 -12 1
> 4650 5762 702 81 3 1
> 4438 7940 375 -132 -56 1
! 5649 5814 200
! 4714 6979 200
> 4252 6304 526 -20 14 1
> 4166 7221 307 -196 6 1
> 5552 5853 766 77 3 1
> 5121 7806 592 -104 -74 1
! 101281 30496 200
! 101980 -13570 200
> 4252 6304 526 -20 14 1
> 4166 7221 307 -196 6 1
> 5552 5853 766 77 3 1
> 5121 7806 592 -104 -74 1
! 6551 5905 200
! 5086 6807 200
> 4998 6234 659 -157 14 1
> 4643 7082 379 -20 -12 1
> 6518 5940 820 74 3 1
> 5708 7502 498 -258 -92 1
! 102027 30426 200
! 91245 -42918 200
> 4998 6234 659 -157 14 1
> 4643 7082 379 -20 -12 1
> 6518 5940 820 74 3 1
> 5708 7502 498 -258 -92 1
! 7484 5681 0
! 5673 6503 200
> 5851 6125 725 -92 14 1
> 5195 6962 469 -101 -30 1
> 7338 6014 697 62 -15 1
> 6199 7044 417 -389 -92 1
! 102880 30317 SHIELD
! 103009 -13829 0
> 5851 6125 725 -92 14 1
> 5195 6962 469 -101 -30 1
> 7338 6014 697 62 -15 1
> 6199 7044 417 -389 -92 1
! 8177 5469 200
! 6164 6045 200
> 6554 5966 588 -161 14 1
> 5664 6861 398 -85 -12 1
> 8203 5967 735 -39 -33 1
> 6828 7127 621 337 -92 1
! 91358 58957 0
! 105116 17313 200
> 6554 5966 588 -161 14 1
> 5664 6861 398 -85 -12 1
> 8203 5967 735 -39 -33 1
> 6828 7127 621 337 -92 1
! 9042 5422 200
! 6793 6128 200
> 7142 5805 499 -136 32 1
> 6261 6797 507 -54 6 1
> 9106 5819 767 -125 -33 1
> 7442 7264 521 116 -92 1
! 71420 82409 0
! 105713 17249 200
> 7142 5805 499 -136 32 1
> 6261 6797 507 -54 6 1
> 9106 5819 767 -125 -33 1
> 7442 7264 521 116 -92 1
! 9735 5042 200
! 7718 6303 200
> 7641 5669 424 -115 50 1
> 6967 6764 600 -28 6 1
> 9999 5539 758 -238 -51 2
> 8018 7188 489 -64 -74 1
! 92445 58660 0
! 106419 17216 200
> 7641 5669 424 -115 50 1
> 6967 6764 600 -28 6 1
> 9999 5539 758 -238 -51 2
> 8018 7188 489 -64 -74 1
! 10357 4605 200
! 7983 6189 200
> 8065 5554 360 -97 32 1
> 7720 6745 373 -84 6 1
> 10829 5114 705 -361 -69 2
> 8546 6936 715 -145 -92 1
! 72343 82158 200
! 105534 -14046 0
> 8065 5554 360 -97 32 1
> 7720 6745 373 -84 6 1
> 10829 5114 705 -361 -69 2
> 8546 6936 715 -145 -92 1
! 10881 4115 200
! 8204 5996 200
> 8554 5610 415 47 50 1
> 8093 6661 317 -71 -12 1
> 11544 4553 608 -476 -87 2
> 9193 6603 549 -283 -110 1
! 93358 58601 200
! 105907 -14130 0
> 8554 5610 415 47 50 1
> 8093 6661 317 -71 -12 1
> 11544 4553 608 -476 -87 2
> 9193 6603 549 -283 -110 1
! 11285 3587 0
! 8577 5815 200
> 9017 5627 186 -217 32 1
> 8410 6590 269 -60 -12 1
> 12152 4077 516 -404 -105 2
> 9740 6298 672 -26 -128 2
! 93821 58618 200
! 95012 -43410 200
> 9017 5627 186 -217 32 1
> 8410 6590 269 -60 -12 1
> 12152 4077 516 -404 -105 2
> 9740 6298 672 -26 -128 2
! 11607 3238 0
! 9124 5510 200
> 9373 5516 302 -94 32 1
> 8852 6430 375 -135 -30 1
> 12668 3673 438 -343 -123 2
> 10289 6114 466 -156 -128 2
! 106402 29708 200
! 75764 -67884 200
> 9373 5516 302 -94 32 1
> 8852 6430 375 -135 -30 1
> 12668 3673 438 -343 -123 2
> 10289 6114 466 -156 -128 2
! 11891 3044 0
! 9947 5174 200
> 9869 5470 421 -38 14 2
> 9361 6146 432 -241 -48 1
> 13106 3330 372 -291 -141 2
> 10687 5770 337 -292 -110 2
! 109625 -1505 200
! 50034 -85208 200
> 9869 5470 421 -38 14 2
> 9361 6146 432 -241 -48 1
> 13106 3330 372 -291 -141 2
> 10687 5770 337 -292 -110 2
! 12172 2972 0
! 10071 4982 200
> 10286 5025 335 -443 -4 2
> 9660 5981 216 -93 -66 2
> 13478 3039 316 -247 -159 2
> 11318 5455 593 -249 -128 2
! 110042 -1950 200
! 20112 -93471 200
> 10286 5025 335 -443 -4 2
> 9660 5981 216 -93 -66 2
> 13478 3039 316 -247 -159 2
> 11318 5455 593 -249 -128 2
! 12544 2681 200
! 10489 4896 0
> 10821 4568 454 -388 -4 2
> 9897 5689 201 -248 -84 2
> 13607 2720 109 -270 -159 2
> 11911 5206 504 -211 -146 2
! 107850 28760 200
! 50570 -85665 200
> 10821 4568 454 -388 -4 2
> 9897 5689 201 -248 -84 2
> 13607 2720 109 -270 -159 2
> 11911 5206 504 -211 -146 2
! 12608 2668 0
! 10950 4930 0
> 11469 4228 550 -288 14 2
> 10179 5258 239 -366 -66 2
> 13716 2450 92 -229 -177 3
> 12415 4995 428 -179 -164 2
! 111225 -2747 0
! 77091 -69056 200
> 11469 4228 550 -288 14 2
> 10179 5258 239 -366 -66 2
> 13716 2450 92 -229 -177 3
> 12415 4995 428 -179 -164 2
! 12750 2709 0
! 11416 5030 0
> 12019 3940 467 -244 -4 2
> 10552 4743 316 -437 -48 2
> 13808 2221 78 -194 165 3
> 12843 4816 363 -152 -182 2
! 104737 -33520 0
! 77464 -69571 200
> 12019 3940 467 -244 -4 2
> 10552 4743 316 -437 -48 2
> 13808 2221 78 -194 165 3
> 12843 4816 363 -152 -182 2
! 12842 2480 0
! 11903 5158 200
> 12486 3696 396 -207 -22 2
> 11002 4157 382 -497 -48 2
> 13886 2027 66 -164 165 3
> 13018 4732 148 -71 -200 2
! 89090 -60582 0
! 77914 -70157 0
> 12486 3696 396 -207 -22 2
> 11002 4157 382 -497 -48 2
> 13886 2027 66 -164 165 3
> 13018 4732 148 -71 -200 2
! 12887 1975 0
! 12078 5074 200
> 12882 3489 336 -175 -40 2
> 11384 3660 324 -422 -48 2
> 13952 1863 56 -139 -177 3
> 12978 4729 -33 -2 160 2
! 65873 -81315 200
! 52057 -87694 0
> 12882 3489 336 -175 -40 2
> 11384 3660 324 -422 -48 2
> 13952 1863 56 -139 -177 3
> 12978 4729 -33 -2 160 2
! 12986 2122 0
! 11979 4764 200
> 13324 3144 375 -292 -58 2
> 11708 3238 275 -358 -66 2
> 14008 1724 47 -118 165 3
> 12745 4734 -197 4 178 2
! 37516 -93885 200
! 22160 -96214 0
> 13324 3144 375 -292 -58 2
> 11708 3238 275 -358 -66 2
> 14008 1724 47 -118 165 3
> 12745 4734 -197 4 178 2
! 13169 2269 200
! 11784 4458 200
> 13747 2658 359 -413 -76 2
> 11983 2880 233 -304 -84 2
> 13887 1715 -102 -7 147 3
> 12356 4683 -330 -43 196 2
! 6771 -97098 SHIELD
! -8808 -94934 200
> 13747 2658 359 -413 -76 2
> 11983 2880 233 -304 -84 2
> 13887 1715 -102 -7 147 3
> 12356 4683 -330 -43 196 2
! 13048 2260 200
! 11527 4124 200
> 14109 2309 308 -275 -94 3
> 12174 2380 162 -424 -102 2
> 13589 1180 -262 -664 147 3
> 11860 4528 -421 -131 -146 2
! -23351 -90409 200
! -37826 -84222 200
> 14109 2309 308 -275 -94 3
> 12174 2380 162 -424 -102 2
> 13589 1180 -262 -664 147 3
> 11860 4528 -421 -131 -146 2
! 12960 1957 0
! 11244 3740 0
> 14417 2034 261 -233 -112 3
> 12236 1783 52 -507 -120 2
> 13327 516 -222 -564 129 3
> 11439 4397 -357 -111 -128 2
! -49861 -74570 0
! -62078 -65130 0
> 14417 2034 261 -233 -112 3
> 12236 1783 52 -507 -120 2
> 13327 516 -222 -564 129 3
> 11439 4397 -357 -111 -128 2
! 12969 1450 200
! 11097 3457 0
> 14678 1801 221 -198 -130 3
> 12288 1276 44 -430 -138 2
> 13033 139 -249 -320 111 3
> 11082 4286 -303 -94 -110 2
! -70126 -51190 0
! -79066 -39397 0
> 14678 1801 221 -198 -130 3
> 12288 1276 44 -430 -138 2
> 13033 139 -249 -320 111 3
> 11082 4286 -303 -94 -110 2
! 12981 1138 200
! 11047 3287 0
> 14899 1603 187 -168 -148 3
> 12332 846 37 -365 -156 2
> 12774 19 -220 -102 93 3
> 10779 4192 -257 -79 -92 2
! -82130 -22589 200
! -87120 -9606 0
> 14899 1603 187 -168 -148 3
> 12332 846 37 -365 -156 2
> 12774 19 -220 -102 93 3
> 10779 4192 -257 -79 -92 2
! 12416 953 0
! 11055 3231 0
> 14892 1387 -6 -183 -166 3
> 12279 672 -94 -43 -174 2
> 12644 -274 -61 -353 111 3
> 10522 4113 -218 -67 -74 2
! -84864 8362 200
! -87173 -9780 0
> 14892 1387 -6 -183 -166 3
> 12279 672 -94 -43 -174 2
> 12644 -274 -61 -353 111 3
> 10522 4113 -218 -67 -74 2
! 12592 725 200
! 10798 3152 0
> 14686 1218 -174 -143 176 3
> 12185 629 -79 -36 -174 2
> 12573 -427 -60 -130 93 3
> 10304 4046 -185 -56 -74 2
! -78032 38678 200
! -85629 21420 0
> 14686 1218 -174 -143 176 3
> 12185 629 -79 -36 -174 2
> 12573 -427 -60 -130 93 3
> 10304 4046 -185 -56 -74 2
! 12215 507 200
! 10863 3217 0
> 14327 1150 -305 -57 158 3
> 12106 593 -67 -30 168 2
> 12441 -370 -111 48 111 3
> 10119 3990 -157 -47 -56 2
! -78391 38610 200
! -85708 21384 200
> 14327 1150 -305 -57 158 3
> 12106 593 -67 -30 168 2
> 12441 -370 -111 48 111 3
> 10119 3990 -157 -47 -56 2
! 12083 564 200
! 10678 3161 0
> 13837 1168 -416 15 158 3
> 11843 605 -223 9 168 2
> 12258 -135 -155 199 111 3
> 9962 3943 -133 -39 -56 2
! -85919 8143 200
! -74759 50605 0
> 13837 1168 -416 15 158 3
> 11843 605 -223 9 168 2
> 12258 -135 -155 199 111 3
> 9962 3943 -133 -39 -56 2
! 11900 799 0
! 10521 3114 0
> 13221 1197 -523 24 176 3
> 11558 707 -274 135 150 2
> 12165 -29 -47 41 111 3
> 9829 3904 -113 -33 -56 2
! -86535 8172 200
! -55355 75021 200
> 13221 1197 -523 24 176 3
> 11558 707 -274 135 150 2
> 12165 -29 -47 41 111 3
> 9829 3904 -113 -33 -56 2
! 11536 748 200
! 10105 2943 0
> 12498 1235 -614 32 176 3
> 11150 991 -346 241 132 2
> 11992 167 -146 167 129 3
> 9716 3871 -96 -28 -74 2
! -80220 38695 200
! -29523 92345 200
> 12498 1235 -614 32 176 3
> 11150 991 -346 241 132 2
> 11992 167 -146 167 129 3
> 9716 3871 -96 -28 -74 2
! 11153 712 200
! 9992 2910 0
> 11699 1342 -679 90 158 3
> 10723 1415 -363 360 114 2
> 11678 443 -266 234 147 3
> 9620 3843 -81 -23 -74 2
! -64905 65620 200
! 270 100867 200
> 11699 1342 -679 90 158 3
> 10723 1415 -363 360 114 2
> 11678 443 -266 234 147 3
> 9620 3843 -81 -23 -74 2
! 10839 988 0
! 9896 2882 0
> 11034 1510 -439 104 140 3
> 10172 2025 -594 556 96 2
> 11412 677 -226 198 147 3
> 9539 3820 -68 -19 -74 2
! -65570 65788 200
! 30963 99839 200
> 11034 1510 -439 104 140 3
> 10172 2025 -594 556 96 2
> 11412 677 -226 198 147 3
> 9539 3820 -68 -19 -74 2
! 10783 1454 200
! 9504 2821 200
> 10442 1743 -503 197 140 3
> 9620 2777 -469 638 78 2
> 11060 1030 -299 300 129 3
> 9464 3601 -63 -186 -92 2
! -42549 86547 200
! 59620 89379 0
> 10442 1743 -503 197 140 3
> 9620 2777 -469 638 78 2
> 11060 1030 -299 300 129 3
> 9464 3601 -63 -186 -92 2
! 10221 1575 200
! 9122 2661 200
> 9993 1967 -469 265 122 3
> 9166 2564 -717 87 60 2
> 10601 1432 35 -34 147 3
> 9150 4228 -272 565 -110 2
! -14199 98996 200
! 83480 69477 0
> 9993 1967 -469 265 122 3
> 9166 2564 -717 87 60 2
> 10601 1432 35 -34 147 3
> 9150 4228 -272 565 -110 2
! 9762 1977 200
! 8534 3440 200
> 9476 2426 -439 390 104 3
> 8449 2651 -609 73 42 2
> 10468 1507 -112 63 147 3
> 8755 4635 -335 346 -128 2
! -43515 87230 200
! 99803 43324 200
> 9476 2426 -439 390 104 3
> 8449 2651 -609 73 42 2
> 10468 1507 -112 63 147 3
> 8755 4635 -335 346 -128 2
! 9629 2052 200
! 8413 3695 200
> 8931 2986 -463 475 122 3
> 8023 2805 -362 131 24 2
> 10188 1679 -237 146 147 3
> 8352 4793 -342 134 -110 2
! -67673 67264 0
! 107475 13257 200
> 8931 2986 -463 475 122 3
> 8023 2805 -362 131 24 2
> 10188 1679 -237 146 147 3
> 8352 4793 -342 134 -110 2
! 9349 2224 200
! 8317 3794 0
> 8495 3479 -281 476 140 0
> 7833 2939 -250 56 6 2
> 9783 1934 -344 216 147 3
> 8010 4927 -290 113 -92 2
! -68109 67757 0
! 107285 13391 200
> 8495 3479 -281 476 140 0
> 7833 2939 -250 56 6 2
> 9783 1934 -344 216 147 3
> 8010 4927 -290 113 -92 2
! 8944 2479 200
! 8286 3966 200
> 8214 3955 -238 404 140 0
> 7782 3016 -43 65 6 2
> 9271 2259 -434 276 147 3
> 7775 4848 -199 -67 -74 2
! -84504 41415 0
! 105596 -17775 200
> 8214 3955 -238 404 140 0
> 7782 3016 -43 65 6 2
> 9271 2259 -434 276 147 3
> 7775 4848 -199 -67 -74 2
! 8642 3036 0
! 8334 4019 200
> 8190 3980 60 -122 158 0
> 7935 3039 129 19 -12 2
> 8837 2535 -368 234 129 3
> 7474 4995 -336 267 -56 2
! -91566 10955 0
! 107387 13491 SHIELD
> 8190 3980 60 -122 158 0
> 7935 3039 129 19 -12 2
> 8837 2535 -368 234 129 3
> 7474 4995 -336 267 -56 2
! 8208 3312 SHIELD
! 8033 4166 0
> 8267 3887 177 114 176 0
> 7801 3211 -294 228 6 2
> 8730 2613 78 -35 129 3
> 7138 5262 -285 226 -56 2
! -88762 -20305 0
! 105615 -17580 200
> 8267 3887 177 114 176 0
> 7801 3211 -294 228 6 2
> 8730 2613 78 -35 129 3
> 7138 5262 -285 226 -56 2
! 8372 3547 200
! 7697 4433 0
> 8444 4001 150 96 -166 0
> 7507 3439 -249 193 -12 2
> 8808 2578 66 -29 111 3
> 6853 5488 -242 192 -56 2
! -76360 -48990 0
! 105321 -17352 0
> 8444 4001 150 96 -166 0
> 7507 3439 -249 193 -12 2
> 8808 2578 66 -29 111 3
> 6853 5488 -242 192 -56 2
! 8450 3512 200
! 7412 4659 SHIELD
> 8594 4097 127 81 -148 0
> 7258 3632 -211 164 -12 2
> 8874 2549 56 -24 111 3
> 6611 5680 -205 163 -56 2
! -55684 -72507 200
! 106710 14084 0
> 8594 4097 127 81 -148 0
> 7258 3632 -211 164 -12 2
> 8874 2549 56 -24 111 3
> 6611 5680 -205 163 -56 2
! 8245 3326 0
! 7170 4851 0
> 8592 4025 -1 -61 -130 0
> 7047 3796 -179 139 6 2
> 8930 2525 47 -20 129 3
> 6406 5843 -174 138 -56 2
! -28868 -88693 200
! 104861 -16995 200
> 8592 4025 -1 -61 -130 0
> 7047 3796 -179 139 6 2
> 8930 2525 47 -20 129 3
> 6406 5843 -174 138 -56 2
! 8091 3070 0
! 6965 5014 SHIELD
> 8516 3779 -64 -209 -112 0
> 7064 3893 14 82 -12 2
> 8977 2505 39 -17 147 3
> 6232 5981 -147 117 -56 2
! -55762 -72825 0
! 93666 -46107 200
> 8516 3779 -64 -209 -112 0
> 7064 3893 14 82 -12 2
> 8977 2505 39 -17 147 3
> 6232 5981 -147 117 -56 2
! 8348 3282 200
! 6791 5152 0
> 8452 3570 -54 -177 -130 0
> 7251 3875 159 -15 -30 2
> 8890 2643 -73 117 129 3
> 6085 6098 -124 99 -56 2
! -76352 -49421 SHIELD
! 93853 -46125 200
> 8452 3570 -54 -177 -130 0
> 7251 3875 159 -15 -30 2
> 8890 2643 -73 117 129 3
> 6085 6098 -124 99 -56 2
! 8261 3420 200
! 6644 5269 0
> 8378 3432 -79 -86 -148 0
> 7583 3760 282 -97 -30 2
> 8893 2526 162 -407 129 3
> 5961 6197 -105 84 -56 2
! -88651 -20760 SHIELD
! 74495 -70554 0
> 8378 3432 -79 -86 -148 0
> 7583 3760 282 -97 -30 2
> 8893 2526 162 -407 129 3
> 5961 6197 -105 84 -56 2
! 8264 3303 200
! 6520 5368 SHIELD
> 8345 3326 -19 -94 -166 0
> 7409 3866 -231 128 -48 2
> 8929 2274 30 -213 129 3
> 5856 6281 -89 71 -56 2
! -76459 -49665 0
! 94011 -46134 200
> 8345 3326 -19 -94 -166 0
> 7409 3866 -231 128 -48 2
> 8929 2274 30 -213 129 3
> 5856 6281 -89 71 -56 2
! 8300 3051 200
! 6132 5320 200
> 8326 3232 -16 -79 -148 0
> 7351 3894 -49 23 -30 2
> 8833 2216 -81 -48 129 3
> 5767 6352 -75 60 -74 2
! -76478 -49759 0
! 105165 -16897 200
> 8326 3232 -16 -79 -148 0
> 7351 3894 -49 23 -30 2
> 8833 2216 -81 -48 129 3
> 5767 6352 -75 60 -74 2
! 8475 3150 200
! 6043 5391 SHIELD
> 8310 3153 -13 -67 -148 0
> 7498 3875 124 -15 -12 2
> 8680 2355 -129 117 111 3
> 5692 6412 -63 51 -74 2
! -55968 -73451 200
! 94100 -46125 200
> 8310 3153 -13 -67 -148 0
> 7498 3875 124 -15 -12 2
> 8680 2355 -129 117 111 3
> 5692 6412 -63 51 -74 2
! 8051 3132 200
! 6251 5583 200
> 8362 3195 236 -114 -130 0
> 7597 3951 -135 277 -30 2
> 8558 2327 -76 -85 129 3
> 5629 6463 -53 43 -56 2
! -29098 -89523 200
! 74509 -70363 200
> 8362 3195 236 -114 -130 0
> 7597 3951 -135 277 -30 2
> 8558 2327 -76 -85 129 3
> 5629 6463 -53 43 -56 2
! 7929 3104 0
! 5905 5502 200
> 8501 3053 107 -47 -112 0
> 7596 4079 0 109 -48 2
> 8504 2085 -35 -278 129 3
> 5576 6506 -45 36 -74 2
! -55777 -73551 200
! 48269 -87275 200
> 8501 3053 107 -47 -112 0
> 7596 4079 0 109 -48 2
> 8504 2085 -35 -278 129 3
> 5576 6506 -45 36 -74 2
! 7875 2862 200
! 5852 5545 SHIELD
> 8479 2853 -18 -170 -130 0
> 7677 4005 69 -62 -66 2
> 8343 1962 -136 -104 129 3
> 5531 6542 -38 30 -74 2
! -55799 -73751 200
! 18129 -95447 0
> 8479 2853 -18 -170 -130 0
> 7677 4005 69 -62 -66 2
> 8343 1962 -136 -104 129 3
> 5531 6542 -38 30 -74 2
! 7985 2896 200
! 5807 5581 SHIELD
> 8387 2811 -62 48 -130 0
> 7746 3943 58 -52 -84 2
> 8081 1764 -238 -252 111 3
> 5493 6572 -32 25 -74 2
! -55891 -73793 200
! -13045 -93871 0
> 8387 2811 -62 48 -130 0
> 7746 3943 58 -52 -84 2
> 8081 1764 -238 -252 111 3
> 5493 6572 -32 25 -74 2
! 8029 2763 200
! 5458 5573 0
> 8196 2706 -161 -89 -130 0
> 7804 3891 49 -44 -102 2
> 7833 1712 -211 -44 93 3
> 5461 6597 -27 21 -92 2
! -76608 -50285 0
! 18256 -95561 0
> 8196 2706 -161 -89 -130 0
> 7804 3891 49 -44 -102 2
> 7833 1712 -211 -44 93 3
> 5461 6597 -27 21 -92 2
! 8092 2678 0
! 5119 5657 200
> 8035 2617 -136 -75 -148 0
> 7853 3847 41 -37 -84 2
> 7622 1668 -179 -37 75 3
> 5434 6618 -22 17 -110 2
! -88994 -21575 0
! -12938 -93967 200
> 8035 2617 -136 -75 -148 0
> 7853 3847 41 -37 -84 2
> 7622 1668 -179 -37 75 3
> 5434 6618 -22 17 -110 2
! 8167 2507 200
! 5092 5678 SHIELD
> 7899 2542 -115 -63 -166 0
> 7852 3614 0 -197 -102 2
> 7552 1799 -59 111 57 3
> 5412 6635 -18 14 -110 2
! -91857 9517 0
! -12939 -94200 SHIELD
> 7899 2542 -115 -63 -166 0
> 7852 3614 0 -197 -102 2
> 7552 1799 -59 111 57 3
> 5412 6635 -18 14 -110 2
! 7811 2765 200
! 5070 5695 SHIELD
> 7964 2475 100 -487 176 0
> 7849 3450 -6 -95 -102 2
> 7392 1779 -143 -32 75 3
> 5394 6649 -15 11 -110 2
! -84754 39935 200
! -42151 -83152 0
> 7964 2475 100 -487 176 0
> 7849 3450 -6 -95 -102 2
> 7392 1779 -143 -32 75 3
> 5394 6649 -15 11 -110 2
! 7651 2745 0
! 5359 5650 200
> 7974 2149 70 -222 158 0
> 7843 3355 -5 -80 -120 2
> 7153 1661 -264 -154 75 3
> 5379 6660 -12 9 -92 2
! -84744 39609 200
! -66471 -63558 200
> 7974 2149 70 -222 158 0
> 7843 3355 -5 -80 -120 2
> 7153 1661 -264 -154 75 3
> 5379 6660 -12 9 -92 2
! 7698 2500 200
! 5655 5699 200
> 7859 2002 -98 -125 158 0
> 7838 3275 -4 -68 -138 2
> 6998 1675 -131 11 57 3
> 5367 6669 -10 7 -74 2
! -84859 39462 200
! -83516 -37398 0
> 7859 2002 -98 -125 158 0
> 7838 3275 -4 -68 -138 2
> 6998 1675 -131 11 57 3
> 5367 6669 -10 7 -74 2
! 7775 2304 200
! 5643 5708 SHIELD
> 7794 2028 41 55 158 0
> 7834 3207 -3 -57 -156 2
> 6804 1736 -261 17 39 3
> 5357 6676 -8 5 -74 2
! -91962 9003 200
! -83520 -37466 0
> 7794 2028 41 55 158 0
> 7834 3207 -3 -57 -156 2
> 6804 1736 -261 17 39 3
> 5357 6676 -8 5 -74 2
! 7581 2365 200
! 5633 5715 200
> 7635 2097 -134 58 176 0
> 7831 3150 -2 -48 -156 2
> 6698 1879 -89 121 39 3
> 5349 6681 -6 4 -74 2
! -92121 9072 200
! -83523 -37523 0
> 7635 2097 -134 58 176 0
> 7831 3150 -2 -48 -156 2
> 6698 1879 -89 121 39 3
> 5349 6681 -6 4 -74 2
! 7632 2237 200
! 5314 5682 0
> 7580 2231 87 143 176 0
> 7829 3102 -1 -40 -156 2
> 6517 2010 -287 80 21 3
> 5343 6685 -5 3 -92 2
! -85138 39691 200
! -66485 -63810 0
> 7580 2231 87 143 176 0
> 7829 3102 -1 -40 -156 2
> 6517 2010 -287 80 21 3
> 5343 6685 -5 3 -92 2
! 7294 2639 200
! 5308 5686 SHIELD
> 7440 2346 -153 10 158 0
> 7869 3165 69 140 -138 2
> 6385 2216 -111 174 39 3
> 5338 6688 -4 2 -92 2
! -85278 39806 200
! -83485 -37508 0
> 7440 2346 -153 10 158 0
> 7869 3165 69 140 -138 2
> 6385 2216 -111 174 39 3
> 5338 6688 -4 2 -92 2
! 6930 3055 200
! 5614 5727 200
> 7175 2425 -21 49 158 0
> 7938 3305 58 119 -156 2
> 6310 2564 -267 312 57 3
> 5334 6690 -3 1 -74 2
! -92581 9400 200
! -91514 -7147 0
> 7175 2425 -21 49 158 0
> 7938 3305 58 119 -156 2
> 6310 2564 -267 312 57 3
> 5334 6690 -3 1 -74 2
! 7087 3193 200
! 5299 5691 200
> 6954 2488 -187 53 176 0
> 7996 3424 49 101 -174 2
> 6198 3002 -94 372 39 3
> 5331 6691 -2 0 -92 2
! -85764 39948 0
! -89818 24215 0
> 6954 2488 -187 53 176 0
> 7996 3424 49 101 -174 2
> 6198 3002 -94 372 39 3
> 5331 6691 -2 0 -92 2
! 7132 3360 200
! 4989 5751 0
> 6767 2541 -158 45 158 0
> 8045 3525 41 85 168 2
> 6291 3446 78 377 21 3
> 5329 6691 -1 0 -110 2
! -69837 66819 200
! -78557 53525 0
> 6767 2541 -158 45 158 0
> 8045 3525 41 85 168 2
> 6291 3446 78 377 21 3
> 5329 6691 -1 0 -110 2
! 7290 3498 200
! 4987 5751 0
> 6456 2715 -264 147 140 0
> 8086 3610 34 72 150 2
> 6569 3833 236 329 3 3
> 5328 6691 0 0 -110 2
! -46535 87519 200
! -58827 77924 0
> 6456 2715 -264 147 140 0
> 8086 3610 34 72 150 2
> 6569 3833 236 329 3 3
> 5328 6691 0 0 -110 2
! 7535 3574 200
! 4712 5903 200
> 6086 3032 -314 269 122 0
> 8120 3682 28 61 132 2
> 6998 4110 364 235 -15 3
> 5205 6533 -104 -133 -128 2
! -18106 100061 200
! -32553 95036 0
> 6086 3032 -314 269 122 0
> 8120 3682 28 61 132 2
> 6998 4110 364 235 -15 3
> 5205 6533 -104 -133 -128 2
! 7837 3565 200
! 4863 5593 200
> 5724 3495 -308 393 104 0
> 8155 3737 263 -134 114 2
> 7522 4242 212 293 -33 3
> 5033 6212 -146 -272 -110 2
! -18468 100524 200
! -58758 78051 200
> 5724 3495 -308 393 104 0
> 8155 3737 263 -134 114 2
> 7522 4242 212 293 -33 3
> 5033 6212 -146 -272 -110 2
! 8151 3465 200
! 4998 5213 0
> 5368 4082 -302 499 104 0
> 8391 3660 212 -75 132 2
> 7753 4471 184 204 -51 3
> 4887 5940 -124 -231 -92 2
! 12343 103838 0
! -58522 77974 200
> 5368 4082 -302 499 104 0
> 8391 3660 212 -75 132 2
> 7753 4471 184 204 -51 3
> 4887 5940 -124 -231 -92 2
! 8111 3537 200
! 4852 4941 0
> 5066 4581 -256 424 86 0
> 8469 3734 66 62 132 2
> 8009 4488 217 14 -69 3
> 4763 5709 -105 -196 -92 2
! -19126 101610 0
! -58444 78048 200
> 5066 4581 -256 424 86 0
> 8469 3734 66 62 132 2
> 8009 4488 217 14 -69 3
> 4763 5709 -105 -196 -92 2
! 8638 3711 200
! 4728 4710 SHIELD
> 4942 4533 48 -588 104 0
> 8610 3574 154 -197 132 2
> 8143 4717 79 256 -51 3
> 4645 5560 -115 -71 -92 2
! 11917 104289 0
! -32063 94928 200
> 4942 4533 48 -588 104 0
> 8610 3574 154 -197 132 2
> 8143 4717 79 256 -51 3
> 4645 5560 -115 -71 -92 2
! 8982 4172 200
! 4921 4599 200
> 4990 3945 40 -499 86 0
> 8683 3560 61 -12 114 2
> 8390 4864 209 124 -33 3
> 4530 5489 -97 -60 -74 2
! -19202 100974 0
! -1769 103012 0
> 4990 3945 40 -499 86 0
> 8683 3560 61 -12 114 2
> 8390 4864 209 124 -33 3
> 4530 5489 -97 -60 -74 2
! 9019 4087 200
! 5089 4660 200
> 5030 3446 34 -424 104 0
> 8744 3548 51 -10 96 2
> 8725 4833 284 -26 -51 3
> 4433 5429 -82 -51 -56 2
! -47961 88250 0
! 29535 101362 200
> 5030 3446 34 -424 104 0
> 8744 3548 51 -10 96 2
> 8725 4833 284 -26 -51 3
> 4433 5429 -82 -51 -56 2
! 9354 4056 200
! 4709 4468 200
> 5064 3022 28 -360 122 0
> 8837 3734 78 157 78 2
> 9135 4652 348 -154 -51 3
> 4351 5378 -69 -43 -74 2
! -19128 100051 0
! 58837 90336 200
> 5064 3022 28 -360 122 0
> 8837 3734 78 157 78 2
> 9135 4652 348 -154 -51 3
> 4351 5378 -69 -43 -74 2
! 9493 3718 0
! 4316 4379 0
> 5092 2662 23 -306 104 0
> 8923 3888 13 17 60 2
> 9575 4674 433 132 -69 3
> 4282 5335 -58 -36 -92 2
! 12067 102418 0
! 83237 70801 0
> 5092 2662 23 -306 104 0
> 8923 3888 13 17 60 2
> 9575 4674 433 132 -69 3
> 4282 5335 -58 -36 -92 2
! 9627 3675 200
! 4558 4374 0
> 5115 2356 19 -260 86 0
> 8936 3905 11 14 42 2
> 10018 4606 376 -57 -87 3
> 4224 5299 -49 -30 -74 2
! 42575 95074 0
! 100290 44578 0
> 5115 2356 19 -260 86 0
> 8936 3905 11 14 42 2
> 10018 4606 376 -57 -87 3
> 4224 5299 -49 -30 -74 2
! 9759 3640 200
! 4783 4470 0
> 5134 2096 16 -221 68 0
> 8947 3919 9 11 24 2
> 10342 4356 275 -212 -105 3
> 4175 5269 -41 -25 -56 2
! 69412 78700 200
! 108399 14371 0
> 5134 2096 16 -221 68 0
> 8947 3919 9 11 24 2
> 10342 4356 275 -212 -105 3
> 4175 5269 -41 -25 -56 2
! 9797 3517 200
! 4734 4440 0
> 5279 2028 122 -57 50 0
> 8956 3930 7 9 6 2
> 10508 3976 141 -322 -123 3
> 4134 5244 -34 -21 -56 2
! 90083 55019 200
! 106770 -16861 0
> 5279 2028 122 -57 50 0
> 8956 3930 7 9 6 2
> 10508 3976 141 -322 -123 3
> 4134 5244 -34 -21 -56 2
! 9731 3347 200
! 4922 4628 0
> 5571 2077 247 41 32 0
> 8963 3939 5 7 -12 2
> 10494 3528 -12 -380 -141 3
> 4100 5223 -28 -17 -38 2
! 102600 26269 200
! 95565 -46061 0
> 5571 2077 247 41 32 0
> 8963 3939 5 7 -12 2
> 10494 3528 -12 -380 -141 3
> 4100 5223 -28 -17 -38 2
! 9560 3170 200
! 4888 4607 SHIELD
> 6012 2166 374 75 14 0
> 8968 3946 4 5 -30 2
> 10295 3076 -168 -383 -159 3
> 4072 5206 -23 -14 -38 2
! 90816 55157 0
! 75880 -70368 0
> 6012 2166 374 75 14 0
> 8968 3946 4 5 -30 2
> 10295 3076 -168 -383 -159 3
> 4072 5206 -23 -14 -38 2
! 9296 3024 200
! 5012 4864 0
> 6386 2241 317 63 32 0
> 8972 3951 3 4 -48 2
> 9927 2683 -312 -334 -177 3
> 4049 5192 -19 -11 -20 2
! 91190 55232 0
! 49645 -87403 0
> 6386 2241 317 63 32 0
> 8972 3951 3 4 -48 2
> 9927 2683 -312 -334 -177 3
> 4049 5192 -19 -11 -20 2
! 8961 2942 0
! 4989 4850 200
> 6703 2304 269 53 32 0
> 8975 3955 2 3 -66 2
> 9615 2349 -265 -283 -195 3
> 4030 5181 -16 -9 -20 2
! 103732 26496 0
! 19427 -95497 0
> 6703 2304 269 53 32 0
> 8975 3955 2 3 -66 2
> 9615 2349 -265 -283 -195 3
> 4030 5181 -16 -9 -20 2
! 8776 2894 200
! 4970 4839 SHIELD
> 6972 2357 228 45 14 0
> 8977 3958 1 2 -84 2
> 9182 2175 -367 -147 147 3
> 4014 5172 -13 -7 -20 2
! 106728 -4618 200
! -11814 -93856 200
> 6972 2357 228 45 14 0
> 8977 3958 1 2 -84 2
> 9182 2175 -367 -147 147 3
> 4014 5172 -13 -7 -20 2
! 8553 2952 200
! 4802 4556 0
> 7400 2388 363 26 -4 0
> 8936 3764 -34 -164 -102 2
> 8689 2183 -418 7 129 3
> 4001 5165 -11 -5 -38 2
! 100118 -35072 200
! 19388 -95688 0
> 7400 2388 363 26 -4 0
> 8936 3764 -34 -164 -102 2
> 8689 2183 -418 7 129 3
> 4001 5165 -11 -5 -38 2
! 8331 3117 200
! 4789 4549 0
> 7397 2401 -428 59 -22 0
> 8902 3600 -28 -139 -84 2
> 8751 2315 478 63 111 3
> 3990 5160 -9 -4 -38 2
! 107153 -4574 0
! 49575 -87754 200
> 7397 2401 -428 59 -22 0
> 8902 3600 -28 -139 -84 2
> 8751 2315 478 63 111 3
> 3990 5160 -9 -4 -38 2
! 8699 3314 0
! 4778 4544 SHIELD
> 6969 2460 -363 50 -4 0
> 8955 3278 45 -273 -66 2
> 9229 2378 406 53 93 3
> 3981 5156 -7 -3 -38 2
! 103998 26652 200
! 75867 -71036 200
> 6969 2460 -363 50 -4 0
> 8955 3278 45 -273 -66 2
> 9229 2378 406 53 93 3
> 3981 5156 -7 -3 -38 2
! 9177 3377 0
! 4769 4540 0
> 6800 2558 -143 83 14 0
> 9046 3029 28 -116 -48 2
> 9723 2259 468 -196 93 3
> 3974 5153 -5 -2 -38 2
! 91604 55549 0
! 95648 -46971 0
> 6800 2558 -143 83 14 0
> 9046 3029 28 -116 -48 2
> 9723 2259 468 -196 93 3
> 3974 5153 -5 -2 -38 2
! 9671 3258 200
! 4914 4811 0
> 6657 2641 -121 70 32 0
> 9074 2913 23 -98 -30 2
> 10181 2263 388 3 93 3
> 3969 5151 -4 -1 -20 2
! 91461 55632 0
! 106888 -17878 0
> 6657 2641 -121 70 32 0
> 9074 2913 23 -98 -30 2
> 10181 2263 388 3 93 3
> 3969 5151 -4 -1 -20 2
! 9823 3197 200
! 4909 4809 SHIELD
> 6536 2711 -102 59 32 0
> 9097 2815 19 -83 -12 2
> 10497 2453 268 161 111 3
> 3965 5150 -3 0 -20 2
! 91340 55702 0
! 108549 13267 0
> 6536 2711 -102 59 32 0
> 9097 2815 19 -83 -12 2
> 10497 2453 268 161 111 3
> 3965 5150 -3 0 -20 2
! 10445 3452 200
! 4753 4534 200
> 6434 2770 -86 50 32 0
> 9116 2732 16 -70 6 2
> 10755 2814 218 306 93 3
> 3962 5150 -2 0 -38 2
! 70712 79374 0
! 100470 43405 0
> 6434 2770 -86 50 32 0
> 9116 2732 16 -70 6 2
> 10755 2814 218 306 93 3
> 3962 5150 -2 0 -38 2
! 11014 3780 0
! 4521 4321 200
> 6348 2820 -73 42 50 0
> 9132 2662 13 -59 24 2
> 10973 3120 185 260 75 3
> 3960 5150 -1 0 -56 2
! 43808 95538 0
! 83446 69575 0
> 6348 2820 -73 42 50 0
> 9132 2662 13 -59 24 2
> 10973 3120 185 260 75 3
> 3960 5150 -1 0 -56 2
! 11518 3959 0
! 4748 4534 200
> 6275 2862 -62 35 68 0
> 9145 2603 11 -50 42 2
> 11158 3380 157 221 57 3
> 3959 5150 0 0 -38 2
! 13250 102618 200
! 59145 89205 0
> 6275 2862 -62 35 68 0
> 9145 2603 11 -50 42 2
> 11158 3380 157 221 57 3
> 3959 5150 0 0 -38 2
! 11703 4219 SHIELD
! 4747 4534 200
> 6227 3097 -40 199 86 0
> 9156 2553 9 -42 60 2
> 11315 3601 133 187 57 3
> 4117 5027 133 -104 -38 2
! 43687 95815 200
! 29947 100367 0
> 6227 3097 -40 199 86 0
> 9156 2553 9 -42 60 2
> 11315 3601 133 187 57 3
> 4117 5027 133 -104 -38 2
! 12092 4230 0
! 4905 4411 200
> 6262 3481 29 326 68 0
> 9165 2511 7 -35 78 2
> 11448 3788 113 158 39 3
> 4408 4800 246 -193 -38 2
! 13237 103237 200
! 59165 89113 0
> 6262 3481 29 326 68 0
> 9165 2511 7 -35 78 2
> 11448 3788 113 158 39 3
> 4408 4800 246 -193 -38 2
! 12225 4417 0
! 5196 4184 200
> 6305 4007 36 446 86 0
> 9172 2476 5 -29 60 2
> 11561 3946 96 134 39 3
> 4812 4484 343 -268 -38 2
! -17887 101036 0
! 59172 89078 0
> 6305 4007 36 446 86 0
> 9172 2476 5 -29 60 2
> 11561 3946 96 134 39 3
> 4812 4484 343 -268 -38 2
! 12495 4304 0
! 5600 3868 200
> 6341 4453 30 379 104 0
> 9177 2447 4 -24 60 2
> 11657 4080 81 113 21 3
> 5313 4093 425 -332 -38 2
! -46650 89257 0
! 29968 100261 0
> 6341 4453 30 379 104 0
> 9177 2447 4 -24 60 2
> 11657 4080 81 113 21 3
> 5313 4093 425 -332 -38 2
! 12591 4438 SHIELD
! 6101 3477 200
> 6371 4832 25 322 122 0
> 9181 2423 3 -20 78 2
> 11738 4193 68 96 21 3
> 5896 3638 495 -386 -38 2
! -70233 69110 200
! -1271 101875 0
> 6371 4832 25 322 122 0
> 9181 2423 3 -20 78 2
> 11738 4193 68 96 21 3
> 5896 3638 495 -386 -38 2
! 12672 4551 200
! 6684 3022 200
> 6243 5283 -108 382 140 0
> 9184 2403 2 -17 96 2
> 11806 4289 57 81 21 3
> 6549 3129 554 -432 -38 2
! -86475 42743 200
! 29975 100217 0
> 6243 5283 -108 382 140 0
> 9184 2403 2 -17 96 2
> 11806 4289 57 81 21 3
> 6549 3129 554 -432 -38 2
! 12583 4918 0
! 7489 2787 200
> 5950 5740 -249 388 158 0
> 9186 2386 1 -14 78 2
> 11863 4370 48 68 39 3
> 7291 2629 630 -425 -20 2
! -93806 12715 200
! 29977 100200 200
> 5950 5740 -249 388 158 0
> 9186 2386 1 -14 78 2
> 11863 4370 48 68 39 3
> 7291 2629 630 -425 -20 2
! 12408 5209 200
! 8290 2594 200
> 5501 6142 -381 341 176 0
> 9229 2568 36 154 78 2
> 11911 4438 40 57 57 3
> 8121 2197 705 -367 -2 2
! -91528 -18050 200
! 30020 100382 0
> 5501 6142 -381 341 176 0
> 9229 2568 36 154 78 2
> 11911 4438 40 57 57 3
> 8121 2197 705 -367 -2 2
! 12170 5404 0
! 9120 2162 200
> 4926 6435 -488 248 194 0
> 9265 2722 30 130 78 2
> 11951 4495 34 48 75 3
> 9026 1823 769 -317 -2 2
! -92103 -17757 200
! 59265 89324 0
> 4926 6435 -488 248 194 0
> 9265 2722 30 130 78 2
> 11951 4495 34 48 75 3
> 9026 1823 769 -317 -2 2
! 11899 5494 0
! 9987 2099 200
> 4244 6635 -579 169 -166 0
> 9295 2852 25 110 60 2
> 11985 4543 28 40 93 3
> 9987 1561 817 -222 16 2
! -80560 -46356 0
! 30086 100666 0
> 4244 6635 -579 169 -166 0
> 9295 2852 25 110 60 2
> 11985 4543 28 40 93 3
> 9987 1561 817 -222 16 2
! 11933 5542 SHIELD
! 10816 2120 0
> 3665 6804 -492 143 -148 0
> 9320 2962 21 93 78 2
> 12013 4583 23 34 93 3
> 10804 1339 694 -188 34 2
! -60613 -69800 0
! 30111 100776 0
> 3665 6804 -492 143 -148 0
> 9320 2962 21 93 78 2
> 12013 4583 23 34 93 3
> 10804 1339 694 -188 34 2
! 12272 5549 0
! 11420 2127 200
> 3173 6947 -418 121 -130 1
> 9341 3055 17 79 78 2
> 12036 4617 19 28 75 3
> 11621 1309 694 -25 52 2
! -34287 -85771 0
! 59341 89657 0
> 3173 6947 -418 121 -130 1
> 9341 3055 17 79 78 2
> 12036 4617 19 28 75 3
> 11621 1309 694 -25 52 2
! 12581 5456 0
! 11963 2249 200
> 2755 7068 -355 102 -112 1
> 9358 3134 14 67 60 2
> 12055 4645 16 23 57 3
> 12383 1472 648 138 70 2
! -4220 -92688 0
! 83672 70047 0
> 2755 7068 -355 102 -112 1
> 9358 3134 14 67 60 2
> 12055 4645 16 23 57 3
> 12383 1472 648 138 70 2
! 12600 5484 SHIELD
! 12725 2412 SHIELD
> 2400 7170 -301 86 -94 1
> 9372 3201 11 56 42 2
> 12071 4668 13 19 57 3
> 13031 1610 550 117 70 2
! 26592 -89859 200
! 100726 43874 0
> 2400 7170 -301 86 -94 1
> 9372 3201 11 56 42 2
> 12071 4668 13 19 57 3
> 13031 1610 550 117 70 2
! 12330 5634 200
! 13373 2550 SHIELD
> 2147 7062 -214 -91 -76 1
> 9383 3257 9 47 24 2
> 12084 4687 11 16 75 3
> 13581 1727 467 99 70 3
! 55138 -77742 200
! 100737 43930 0
> 2147 7062 -214 -91 -76 1
> 9383 3257 9 47 24 2
> 12084 4687 11 16 75 3
> 13581 1727 467 99 70 3
! 12032 5686 200
! 13616 2726 0
> 2039 6801 -91 -221 -58 1
> 9392 3304 7 39 24 2
> 12095 4703 9 13 93 3
> 14048 1826 396 84 88 3
! 78643 -57477 200
! 83706 70217 0
> 2039 6801 -91 -221 -58 1
> 9392 3304 7 39 24 2
> 12095 4703 9 13 93 3
> 14048 1826 396 84 88 3
! 11737 5637 200
! 13772 2787 0
> 2101 6451 52 -297 -40 1
> 9399 3343 5 33 42 2
> 12104 4716 7 11 111 3
> 14444 1910 336 71 106 3
! 94819 -31009 200
! 59399 89945 0
> 2101 6451 52 -297 -40 1
> 9399 3343 5 33 42 2
> 12104 4716 7 11 111 3
> 14444 1910 336 71 106 3
! 11475 5493 200
! 14479 2909 200
> 2338 6079 201 -316 -22 1
> 9404 3376 4 28 60 2
> 11985 4882 -100 141 129 3
> 14780 1981 285 60 88 3
! 102094 -896 200
! 30195 101190 200
> 2338 6079 201 -316 -22 1
> 9404 3376 4 28 60 2
> 11985 4882 -100 141 129 3
> 14780 1981 285 60 88 3
! 11146 5427 200
! 14504 2942 0
> 2739 5749 340 -280 -4 1
> 9450 3600 38 190 78 2
> 11717 5132 -227 212 147 3
> 15065 2041 242 51 106 3
! 102495 -1226 200
! 30241 101414 200
> 2739 5749 340 -280 -4 1
> 9450 3600 38 190 78 2
> 11717 5132 -227 212 147 3
> 15065 2041 242 51 106 3
! 10751 5391 200
! 14789 3002 SHIELD
> 3279 5455 458 -249 -4 1
> 9530 3986 67 327 78 2
> 11297 5396 -357 224 165 3
> 15307 2092 205 43 106 3
! 100308 29647 200
! 30321 101800 200
> 3279 5455 458 -249 -4 1
> 9530 3986 67 327 78 2
> 11297 5396 -357 224 165 3
> 15307 2092 205 43 106 3
! 10298 5344 0
! 14748 2921 200
> 3931 5254 554 -170 14 1
> 9639 4509 92 444 78 2
> 10940 5620 -303 190 183 3
> 15512 2135 174 36 124 3
! 100960 29446 200
! 59639 91111 200
> 3931 5254 554 -170 14 1
> 9639 4509 92 444 78 2
> 10940 5620 -303 190 183 3
> 15512 2135 174 36 124 3
! 10006 5262 0
! 14724 2751 200
> 4679 5132 635 -103 14 1
> 9831 5126 163 524 60 2
> 10637 5810 -257 161 -159 3
> 15686 2171 147 30 142 3
! 101708 29324 200
! 84145 72039 200
> 4679 5132 635 -103 14 1
> 9831 5126 163 524 60 2
> 10637 5810 -257 161 -159 3
> 15686 2171 147 30 142 3
! 9703 5452 0
! 14746 2513 0
> 5508 5077 704 -46 14 1
> 9762 5463 -226 146 42 2
> 10761 6291 272 549 -159 3
> 15833 2201 124 25 160 3
! 102537 29269 200
! 84076 72376 0
> 5508 5077 704 -46 14 1
> 9762 5463 -226 146 42 2
> 10761 6291 272 549 -159 3
> 15833 2201 124 25 160 3
! 9984 5662 200
! 14834 2236 200
> 6406 5079 763 2 14 1
> 9536 5609 -192 124 42 2
> 10878 6714 99 359 -141 3
> 15757 2233 -64 27 178 3
! 91210 58070 200
! 100890 46282 200
> 6406 5079 763 2 14 1
> 9536 5609 -192 124 42 2
> 10878 6714 99 359 -141 3
> 15757 2233 -64 27 178 3
! 9944 6356 200
! 14817 2575 0
> 7339 5187 792 91 32 1
> 9527 5814 -7 174 24 2
> 10790 7001 -74 244 -159 3
> 15693 2260 -54 22 160 3
! 92143 58178 0
! 83841 72727 0
> 7339 5187 792 91 32 1
> 9527 5814 -7 174 24 2
> 10790 7001 -74 244 -159 3
> 15693 2260 -54 22 160 3
! 9791 6949 200
! 14753 2602 0
> 8131 5278 673 77 32 1
> 9520 5988 -5 147 42 2
> 10516 7235 -232 198 -177 3
> 15639 2282 -45 18 160 3
! 72409 81882 200
! 59520 92590 0
> 8131 5278 673 77 32 1
> 9520 5988 -5 147 42 2
> 10516 7235 -232 198 -177 3
> 15639 2282 -45 18 160 3
! 9582 6877 200
! 14851 2898 0
> 8933 5508 681 195 50 1
> 9515 6135 -4 124 60 2
> 10097 7361 -355 107 -159 3
> 15594 2300 -38 15 142 3
! 93737 58499 SHIELD
! 30306 103949 200
> 8933 5508 681 195 50 1
> 9515 6135 -4 124 60 2
> 10097 7361 -355 107 -159 3
> 15594 2300 -38 15 142 3
! 9163 7003 200
! 14806 2916 0
> 9590 5670 554 131 32 2
> 9792 6595 276 25 78 2
> 9556 7589 -457 620 -159 3
> 15556 2315 -32 12 142 3
! 106619 29862 0
! -660 106047 0
> 9590 5670 554 131 32 2
> 9792 6595 276 25 78 2
> 9556 7589 -457 620 -159 3
> 15556 2315 -32 12 142 3
! 8779 6960 200
! 14768 2931 200
> 10144 5801 470 111 14 2
> 10068 6620 234 21 96 2
> 8944 8083 -520 420 -141 3
> 15366 2450 -161 114 142 3
! 109900 -1174 SHIELD
! -30605 97974 SHIELD
> 10144 5801 470 111 14 2
> 10068 6620 234 21 96 2
> 8944 8083 -520 420 -141 3
> 15366 2450 -161 114 142 3
! 8399 7244 200
! 14578 3066 SHIELD
> 10618 5893 406 65 -4 2
> 10298 6660 192 46 114 2
> 8315 8335 -534 214 -123 3
> 15205 2564 -136 96 142 3
! 103336 -31567 0
! -56615 80974 0
> 10618 5893 406 65 -4 2
> 10298 6660 192 46 114 2
> 8315 8335 -534 214 -123 3
> 15205 2564 -136 96 142 3
! 8056 7369 200
! 14646 3393 200
> 11024 5958 345 55 -22 2
> 10490 6706 163 39 132 2
> 7729 8356 -497 17 -105 3
> 15069 2660 -115 81 124 3
! 87628 -58320 0
! -76112 56706 0
> 11024 5958 345 55 -22 2
> 10490 6706 163 39 132 2
> 7729 8356 -497 17 -105 3
> 15069 2660 -115 81 124 3
! 7781 7357 200
! 14793 3621 0
> 11369 6013 293 46 -40 2
> 10653 6745 138 33 150 2
> 7242 8173 -413 -155 -87 3
> 14954 2741 -97 68 106 3
! 64360 -78791 0
! -87161 27536 0
> 11369 6013 293 46 -40 2
> 10653 6745 138 33 150 2
> 7242 8173 -413 -155 -87 3
> 14954 2741 -97 68 106 3
! 7294 7174 200
! 14678 3702 200
> 11662 6059 249 39 -58 2
> 10791 6778 117 28 168 2
> 6839 7818 -342 -301 -87 3
> 14857 2809 -82 57 106 3
! 64653 -78745 200
! -88661 -3674 0
> 11662 6059 249 39 -58 2
> 10791 6778 117 28 168 2
> 6839 7818 -342 -301 -87 3
> 14857 2809 -82 57 106 3
! 7197 6884 200
! 14298 3638 0
> 12017 5928 301 -111 -58 2
> 10908 6806 99 23 -174 2
> 6569 7330 -229 -414 -69 3
> 14775 2866 -69 48 124 3
! 36209 -91101 200
! -88544 -3646 200
> 12017 5928 301 -111 -58 2
> 10908 6806 99 23 -174 2
> 6569 7330 -229 -414 -69 3
> 14775 2866 -69 48 124 3
! 7198 6553 200
! 14216 3695 0
> 12366 5623 296 -259 -76 2
> 10808 6808 -84 1 -174 2
> 6466 6761 -87 -484 -51 3
> 14706 2914 -58 40 124 3
! 36558 -91406 200
! -80546 -33865 0
> 12366 5623 296 -259 -76 2
> 10808 6808 -84 1 -174 2
> 6466 6761 -87 -484 -51 3
> 14706 2914 -58 40 124 3
! 7095 5984 200
! 13918 3530 200
> 12710 5170 292 -385 -76 2
> 10724 6809 -71 0 -156 2
> 6505 6122 33 -543 -51 3
> 14490 3077 -183 138 142 3
! 5734 -94586 200
! -80630 -33864 200
> 12710 5170 292 -385 -76 2
> 10724 6809 -71 0 -156 2
> 6505 6122 33 -543 -51 3
> 14490 3077 -183 138 142 3
! 7344 5577 200
! 13702 3693 200
> 12988 4585 236 -496 -94 2
> 10470 6728 -215 -69 -156 2
> 6706 5470 170 -554 -33 3
> 14149 3338 -289 221 142 3
! 37180 -92444 0
! -63844 -60184 200
> 12988 4585 236 -496 -94 2
> 10470 6728 -215 -69 -156 2
> 6706 5470 170 -554 -33 3
> 14149 3338 -289 221 142 3
! 7672 5211 0
! 13209 3680 0
> 13224 4089 200 -421 -76 2
> 10106 6525 -309 -172 -138 2
> 6876 4916 144 -470 -15 3
> 13860 3559 -245 187 160 3
! 66215 -80715 0
! -39894 -80077 0
> 13224 4089 200 -421 -76 2
> 10106 6525 -309 -172 -138 2
> 6876 4916 144 -470 -15 3
> 13860 3559 -245 187 160 3
! 7875 4968 0
! 12920 3901 SHIELD
> 12437 4476 -702 356 -58 2
> 9797 6353 -262 -146 -120 2
> 7020 4446 122 -399 3 3
> 13714 3665 -121 87 160 3
! 36629 -92553 0
! -40203 -80249 0
> 12437 4476 -702 356 -58 2
> 9797 6353 -262 -146 -120 2
> 7020 4446 122 -399 3 3
> 13714 3665 -121 87 160 3
! 7954 4804 0
! 12774 4007 200
> 11735 4832 -596 302 -76 2
> 9535 6207 -222 -124 -120 2
> 7142 4047 103 -339 21 3
> 13593 3752 -102 73 160 3
! 64726 -79972 200
! -64779 -60706 0
> 11735 4832 -596 302 -76 2
> 9535 6207 -222 -124 -120 2
> 7142 4047 103 -339 21 3
> 13593 3752 -102 73 160 3
! 7919 4676 0
! 12594 3787 0
> 11245 4964 -416 112 -58 2
> 9313 6083 -188 -105 -138 2
> 7245 3708 87 -288 39 3
> 13491 3825 -86 62 178 3
! 87849 -59314 200
! -65001 -60829 0
> 11245 4964 -416 112 -58 2
> 9313 6083 -188 -105 -138 2
> 7245 3708 87 -288 39 3
> 13491 3825 -86 62 178 3
! 7790 4547 0
! 12492 3860 SHIELD
> 10982 4947 -223 -14 -40 2
> 9125 5978 -159 -89 -138 2
> 7332 3420 73 -244 57 3
> 13405 3887 -73 52 178 3
! 103700 -32513 200
! -82229 -34695 200
> 10982 4947 -223 -14 -40 2
> 9125 5978 -159 -89 -138 2
> 7332 3420 73 -244 57 3
> 13405 3887 -73 52 178 3
! 7591 4386 0
! 12444 3611 0
> 10944 4858 -31 -75 -22 2
> 8783 5808 -290 -144 -156 2
> 7405 3176 62 -207 75 3
> 13332 3939 -62 44 196 3
! 110700 -2117 200
! -90669 -4644 0
> 10944 4858 -31 -75 -22 2
> 8783 5808 -290 -144 -156 2
> 7405 3176 62 -207 75 3
> 13332 3939 -62 44 196 3
! 7664 4142 0
! 12333 3974 200
> 11113 4769 143 -75 -4 2
> 8493 5664 -246 -122 -174 2
> 7467 2969 52 -175 75 3
> 13270 3983 -52 37 178 3
! 108142 28961 0
! -89321 26455 0
> 11113 4769 143 -75 -4 2
> 8493 5664 -246 -122 -174 2
> 7467 2969 52 -175 75 3
> 13270 3983 -52 37 178 3
! 7726 3935 0
! 12330 4325 200
> 11256 4694 121 -63 14 2
> 8247 5542 -209 -103 168 2
> 7519 2794 44 -148 75 3
> 13218 4020 -44 31 160 3
! 108285 28886 0
! -78355 55542 0
> 11256 4694 121 -63 14 2
> 8247 5542 -209 -103 168 2
> 7519 2794 44 -148 75 3
> 13218 4020 -44 31 160 3
! 7467 3793 0
! 12430 4636 0
> 11377 4631 102 -53 14 2
> 8038 5439 -177 -87 150 2
> 7563 2646 37 -125 93 3
> 13174 4051 -37 26 142 3
! 108406 28823 0
! -58875 79753 200
> 11377 4631 102 -53 14 2
> 8038 5439 -177 -87 150 2
> 7563 2646 37 -125 93 3
> 13174 4051 -37 26 142 3
! 7511 3645 200
! 12386 4667 0
> 11479 4578 86 -45 14 2
> 7727 5501 -264 52 132 2
> 7590 2721 22 63 93 3
> 13137 4077 -31 22 142 3
! 111235 -2397 0
! -78875 55501 0
> 11479 4578 86 -45 14 2
> 7727 5501 -264 52 132 2
> 7590 2721 22 63 93 3
> 13137 4077 -31 22 142 3
! 7232 3655 200
! 12197 4419 0
> 11565 4533 73 -38 -4 2
> 7463 5553 -224 44 150 2
> 7540 2971 -42 212 111 0
> 13106 4099 -26 18 160 3
! 108594 28725 0
! -90351 26344 0
> 11565 4533 73 -38 -4 2
> 7463 5553 -224 44 150 2
> 7540 2971 -42 212 111 0
> 13106 4099 -26 18 160 3
! 7182 3905 200
! 12166 4441 0
> 11638 4495 62 -32 14 2
> 7239 5597 -190 37 168 2
> 7426 3370 -96 338 111 0
> 13080 4117 -22 15 160 3
! 111394 -2480 0
! -92213 -4855 0
> 11638 4495 62 -32 14 2
> 7239 5597 -190 37 168 2
> 7426 3370 -96 338 111 0
> 13080 4117 -22 15 160 3
! 6797 4147 200
! 12292 4733 0
> 11700 4463 52 -27 -4 2
> 7049 5634 -161 31 -174 2
> 7204 3863 -188 419 129 0
> 13058 4132 -18 12 142 3
! 104418 -32997 0
! -84305 -35039 200
> 11700 4463 52 -27 -4 2
> 7049 5634 -161 31 -174 2
> 7204 3863 -188 419 129 0
> 13058 4132 -18 12 142 3
! 6846 4797 200
! 12118 4474 0
> 11752 4436 44 -22 -22 2
> 6705 5584 -292 -42 -156 2
> 6944 4469 -220 514 111 0
> 13040 4144 -15 10 160 3
! 111508 -2539 0
! -92747 -4868 SHIELD
> 11752 4436 44 -22 -22 2
> 6705 5584 -292 -42 -156 2
> 6944 4469 -220 514 111 0
> 13040 4144 -15 10 160 3
! 6315 5246 0
! 12041 4179 200
> 11796 4414 37 -18 -4 2
> 6402 5570 -275 35 -174 2
> 6833 4700 86 -274 129 0
> 12825 4161 -182 14 178 3
! 108825 28606 200
! -84952 -35103 0
> 11796 4414 37 -18 -4 2
> 6402 5570 -275 35 -174 2
> 6833 4700 86 -274 129 0
> 12825 4161 -182 14 178 3
! 6475 5634 200
! 11885 4503 200
> 11709 4540 -284 170 14 2
> 6127 5605 -233 29 -156 2
> 6847 4613 12 -74 111 0
> 12773 4148 166 -74 160 3
! 111465 -2435 200
! -85227 -35068 0
> 11709 4540 -284 170 14 2
> 6127 5605 -233 29 -156 2
> 6847 4613 12 -74 111 0
> 12773 4148 166 -74 160 3
! 6218 5390 200
! 11985 4764 0
> 11625 4696 -71 132 -4 2
> 5894 5634 -198 24 -156 2
> 6733 4694 -96 69 129 0
> 12939 4074 141 -62 142 3
! 104343 -32764 200
! -93558 -4818 0
> 11625 4696 -71 132 -4 2
> 5894 5634 -198 24 -156 2
> 6733 4694 -96 69 129 0
> 12939 4074 141 -62 142 3
! 6104 5471 200
! 12380 4903 0
> 11739 4753 97 48 -22 2
> 5696 5658 -168 20 -174 2
> 6511 4918 -188 190 129 0
> 13080 4012 119 -52 124 3
! 111495 -2222 200
! -85658 -35015 SHIELD
> 11739 4753 97 48 -22 2
> 5696 5658 -168 20 -174 2
> 6511 4918 -188 190 129 0
> 13080 4012 119 -52 124 3
! 5672 5463 0
! 12521 4841 0
> 12036 4787 252 28 -4 2
> 5528 5678 -142 17 -156 2
> 6323 5108 -159 161 147 0
> 13199 3960 101 -44 124 3
! 111792 -2188 200
! -93924 -4774 200
> 12036 4787 252 28 -4 2
> 5528 5678 -142 17 -156 2
> 6323 5108 -159 161 147 0
> 13199 3960 101 -44 124 3
! 5484 5653 0
! 12923 4921 0
> 12488 4801 383 11 -4 2
> 5386 5695 -120 14 -174 2
> 6164 5269 -135 136 147 0
> 13300 3916 85 -37 106 3
! 105206 -32659 0
! -92428 26486 0
> 12488 4801 383 11 -4 2
> 5386 5695 -120 14 -174 2
> 6164 5269 -135 136 147 0
> 13300 3916 85 -37 106 3
! 5325 5814 0
! 13335 4915 0
> 12871 4812 325 9 -22 2
> 5266 5709 -102 11 168 2
> 6029 5405 -114 115 147 0
> 13385 3879 72 -31 88 3
! 89475 -59466 0
! -81336 55709 200
> 12871 4812 325 9 -22 2
> 5266 5709 -102 11 168 2
> 6029 5405 -114 115 147 0
> 13385 3879 72 -31 88 3
! 5190 5950 0
! 13727 4819 0
> 13196 4821 276 7 -40 2
> 5090 5745 -201 48 150 2
> 5989 5495 17 58 147 0
> 13457 3848 61 -26 70 3
! 66187 -79983 0
! -61823 80059 0
> 13196 4821 276 7 -40 2
> 5090 5745 -201 48 150 2
> 5989 5495 17 58 147 0
> 13457 3848 61 -26 70 3
! 5150 6040 200
! 14073 4636 0
> 13472 4828 234 5 -58 2
> 4889 5793 -170 40 132 2
> 5838 5662 -128 141 147 0
> 13518 3822 51 -22 52 3
! 37664 -92201 0
! -35784 97147 0
> 13472 4828 234 5 -58 2
> 4889 5793 -170 40 132 2
> 5838 5662 -128 141 147 0
> 13518 3822 51 -22 52 3
! 4872 5921 200
! 14347 4381 0
> 13706 4833 198 4 -76 2
> 4717 5833 -309 29 114 2
> 5519 5855 -108 167 165 0
> 13569 3800 43 -18 34 3
! 6730 -94923 0
! -5735 105285 0
> 13706 4833 198 4 -76 2
> 4717 5833 -309 29 114 2
> 5519 5855 -108 167 165 0
> 13569 3800 43 -18 34 3
! 4520 5803 200
! 14398 4359 0
> 13904 4837 168 3 -94 2
> 4408 5862 -262 24 96 2
> 5211 6012 -261 133 -177 0
> 13612 3782 36 -15 34 3
! -23556 -87881 0
! 25199 103676 0
> 13904 4837 168 3 -94 2
> 4408 5862 -262 24 96 2
> 5211 6012 -261 133 -177 0
> 13612 3782 36 -15 34 3
! 4212 5960 200
! 14441 4341 0
> 14072 4840 142 2 -112 2
> 3962 5849 -395 -14 78 2
> 4934 6172 -218 139 -177 0
> 13648 3767 30 -12 34 3
! -50206 -71764 200
! 53962 92451 200
> 14072 4840 142 2 -112 2
> 3962 5849 -395 -14 78 2
> 4934 6172 -218 139 -177 0
> 13648 3767 30 -12 34 3
! 3935 6120 200
! 14264 4555 0
> 14085 4689 11 -128 -130 2
> 3667 6008 -250 135 60 2
> 4516 6301 -355 109 -177 0
> 13678 3755 25 -10 52 3
! -23375 -88029 200
! 77981 72921 200
> 14085 4689 11 -128 -130 2
> 3667 6008 -250 135 60 2
> 4516 6301 -355 109 -177 0
> 13678 3755 25 -10 52 3
! 3517 6249 200
! 14020 4695 0
> 14062 4460 60 -27 -112 2
> 3200 6152 -475 95 42 2
> 4326 6524 -82 216 -177 0
> 13663 3660 -93 -247 70 3
! 7086 -95296 200
! 94554 46825 200
> 14062 4460 60 -27 -112 2
> 3200 6152 -475 95 42 2
> 4326 6524 -82 216 -177 0
> 13663 3660 -93 -247 70 3
! 3392 6166 200
! 14279 4448 0
> 14108 4233 39 -192 -94 2
> 2908 6328 -248 149 24 2
> 4057 6668 -228 122 -159 0
> 13570 3413 -79 -209 52 3
! -23352 -88485 BOOST
! 94262 47001 200
> 14108 4233 39 -192 -94 2
> 2908 6328 -248 149 24 2
> 4057 6668 -228 122 -159 0
> 13570 3413 -79 -209 52 3
! 3123 6310 200
! 14399 3972 200
> 14228 3890 191 -167 -112 2
> 2843 6558 -55 195 24 2
> 3642 6718 -352 42 -159 0
> 13332 2864 -291 -590 34 3
! -23232 -88828 200
! 102295 17010 SHIELD
> 14228 3890 191 -167 -112 2
> 2843 6558 -55 195 24 2
> 3642 6718 -352 42 -159 0
> 13332 2864 -291 -590 34 3
! 2708 6360 SHIELD
! 13948 3652 200
> 14344 3538 98 -299 -112 2
> 2488 6695 -314 113 6 2
> 3590 6818 -31 87 -159 0
> 13164 2432 -142 -367 52 3
! -23116 -89180 200
! 100302 -14096 0
> 14344 3538 98 -299 -112 2
> 2488 6695 -314 113 6 2
> 3590 6818 -31 87 -159 0
> 13164 2432 -142 -367 52 3
! 2656 6460 0
! 13993 2991 200
> 14367 3054 19 -411 -112 2
> 2174 6808 -266 96 -12 2
> 3559 6905 -26 73 -159 0
> 13188 2177 20 -216 34 3
! -23093 -89664 200
! 101626 17260 0
> 14367 3054 19 -411 -112 2
> 2174 6808 -266 96 -12 2
> 3559 6905 -26 73 -159 0
> 13188 2177 20 -216 34 3
! 2625 6547 0
! 13804 2965 0
> 14311 2458 -47 -506 -112 2
> 1908 6904 -226 81 6 2
> 3533 6978 -22 62 -159 0
> 13208 1961 17 -183 52 3
! -49967 -74146 200
! 93262 47577 0
> 14311 2458 -47 -506 -112 2
> 1908 6904 -226 81 6 2
> 3533 6978 -22 62 -159 0
> 13208 1961 17 -183 52 3
! 2599 6620 200
! 13550 2901 0
> 14135 1799 -149 -560 -130 3
> 1682 6985 -192 68 24 2
> 3511 7040 -18 52 -159 0
> 13225 1778 14 -155 70 3
! -70669 -51192 0
! 75996 73898 200
> 14135 1799 -149 -560 -130 3
> 1682 6985 -192 68 24 2
> 3511 7040 -18 52 -159 0
> 13225 1778 14 -155 70 3
! 2512 6988 200
! 13260 2777 0
> 13986 1239 -126 -476 -148 3
> 1639 7187 -36 171 42 2
> 3293 7082 -185 35 -177 0
> 13239 1623 11 -131 88 3
! -83043 -22953 0
! 75953 74100 200
> 13986 1239 -126 -476 -148 3
> 1639 7187 -36 171 42 2
> 3293 7082 -185 35 -177 0
> 13239 1623 11 -131 88 3
! 2327 7341 0
! 12963 2584 0
> 13860 763 -107 -404 -166 3
> 1752 7492 95 259 42 2
> 3108 7117 -157 29 165 1
> 13250 1492 9 -111 106 3
! -85896 7738 200
! 76066 74405 200
> 13860 763 -107 -404 -166 3
> 1752 7492 95 259 42 2
> 3108 7117 -157 29 165 1
> 13250 1492 9 -111 106 3
! 2269 7662 0
! 12691 2321 200
> 13553 373 -260 -331 176 3
> 1996 7885 207 333 42 2
> 2951 7146 -133 24 147 1
> 13147 1547 -87 46 124 3
! -79165 37833 200
! 93350 48558 0
> 13553 373 -260 -331 176 3
> 1996 7885 207 333 42 2
> 2951 7146 -133 24 147 1
> 13147 1547 -87 46 124 3
! 2322 7923 0
! 12359 2163 0
> 13108 117 -378 -217 158 3
> 2203 8218 175 283 24 2
> 2818 7170 -113 20 129 1
> 13060 1593 -73 39 142 3
! -63496 64395 200
! 101655 18670 200
> 13108 117 -378 -217 158 3
> 2203 8218 175 283 24 2
> 2818 7170 -113 20 129 1
> 13060 1593 -73 39 142 3
! 2460 8104 0
! 12120 1935 200
> 12577 29 -451 -75 140 3
> 2577 8522 317 258 6 2
> 2705 7190 -96 17 111 1
> 12799 1700 -221 91 160 3
! -40414 84833 200
! 100391 -12269 200
> 12577 29 -451 -75 140 3
> 2577 8522 317 258 6 2
> 2705 7190 -96 17 111 1
> 12799 1700 -221 91 160 3
! 2653 8189 0
! 11800 1735 200
> 12020 124 -473 80 122 3
> 3090 8738 435 183 -12 2
> 2609 7207 -81 14 93 1
> 12378 1798 -357 83 178 3
! -12172 97153 200
! 89692 -41262 200
> 12020 124 -473 80 122 3
> 3090 8738 435 183 -12 2
> 2609 7207 -81 14 93 1
> 12378 1798 -357 83 178 3
! 2868 8173 0
! 11417 1522 200
> 11499 398 -443 232 104 3
> 3698 8821 516 70 -30 2
> 2528 7221 -68 11 75 1
> 11829 1826 -466 23 196 3
! 18474 100154 0
! 70610 -65493 0
> 11499 398 -443 232 104 3
> 3698 8821 516 70 -30 2
> 2528 7221 -68 11 75 1
> 11829 1826 -466 23 196 3
! 3073 8060 0
! 11000 1267 200
> 11056 630 -376 197 86 3
> 4214 8891 438 59 -48 2
> 2460 7232 -57 9 57 1
> 11197 1737 -537 -75 214 3
! 48516 93348 0
! 44887 -82463 0
> 11056 630 -376 197 86 3
> 4214 8891 438 59 -48 2
> 2460 7232 -57 9 57 1
> 11197 1737 -537 -75 214 3
! 3237 7861 200
! 10581 949 0
> 10680 827 -319 167 68 3
> 4652 8950 372 50 -66 2
> 2558 7367 83 114 39 1
> 10660 1662 -456 -63 -128 3
! 48140 93545 0
! 15104 -90502 0
> 10680 827 -319 167 68 3
> 4652 8950 372 50 -66 2
> 2558 7367 83 114 39 1
> 10660 1662 -456 -63 -128 3
! 3492 7725 200
! 10318 722 200
> 10379 622 -254 -204 68 3
> 5024 9000 316 42 -84 2
> 2828 7553 229 157 21 1
> 10118 1783 -462 132 -110 3
! 47839 93340 200
! 15476 -90452 0
> 10379 622 -254 -204 68 3
> 5024 9000 316 42 -84 2
> 2828 7553 229 157 21 1
> 10118 1783 -462 132 -110 3
! 3827 7605 200
! 10083 784 0
> 10200 603 -152 -15 68 3
> 5340 9042 268 35 -84 2
> 3257 7720 364 142 3 1
> 9656 1915 -392 112 -92 3
! 17175 100359 200
! -15451 -88772 200
> 10200 603 -152 -15 68 3
> 5340 9042 268 35 -84 2
> 3257 7720 364 142 3 1
> 9656 1915 -392 112 -92 3
! 4223 7461 200
! 9932 954 0
> 10062 788 -117 156 86 3
> 5566 8881 192 -136 -102 2
> 3814 7810 473 76 -15 1
> 9264 2027 -333 95 -74 3
! 17037 100544 200
! -44434 -77721 200
> 10062 788 -117 156 86 3
> 5566 8881 192 -136 -102 2
> 3814 7810 473 76 -15 1
> 9264 2027 -333 95 -74 3
! 4813 7862 0
! 9823 1198 0
> 9959 1144 -87 302 86 3
> 5658 8572 78 -262 -120 2
> 4287 7886 402 64 3 1
> 8931 2122 -283 80 -56 3
! -14233 98173 200
! -68656 -58341 200
> 9959 1144 -87 302 86 3
> 5658 8572 78 -262 -120 2
> 4287 7886 402 64 3 1
> 8931 2122 -283 80 -56 3
! 5286 7938 0
! 9719 1506 0
> 9824 1640 -115 421 104 3
> 5587 8176 -60 -336 -138 2
> 4689 7950 341 54 3 1
> 8648 2202 -240 68 -38 3
! -43167 86444 0
! -85767 -32497 200
> 9824 1640 -115 421 104 3
> 5587 8176 -60 -336 -138 2
> 4689 7950 341 54 3 1
> 8648 2202 -240 68 -38 3
! 5623 8308 0
! 9588 1860 0
> 9709 2061 -97 357 122 3
> 5869 7850 342 -259 -156 2
> 4505 7913 -259 -49 21 1
> 8408 2270 -204 57 -20 3
! -66895 66339 200
! -93583 -2602 0
> 9709 2061 -97 357 122 3
> 5869 7850 342 -259 -156 2
> 4505 7913 -259 -49 21 1
> 8408 2270 -204 57 -20 3
! 5439 8271 200
! 9407 2235 200
> 9459 2547 -212 412 140 3
> 6211 7591 290 -220 -174 2
> 4433 7936 -61 19 21 1
> 8404 2320 -3 42 -2 3
! -83259 40007 0
! -91603 28382 0
> 9459 2547 -212 412 140 3
> 6211 7591 290 -220 -174 2
> 4433 7936 -61 19 21 1
> 8404 2320 -3 42 -2 3
! 5367 8294 200
! 9365 2596 200
> 9247 2959 -180 350 158 3
> 6501 7371 246 -187 -192 2
> 4559 8027 106 76 21 1
> 8593 2417 160 82 16 3
! -90509 9934 0
! -80101 57371 0
> 9247 2959 -180 350 158 3
> 6501 7371 246 -187 -192 2
> 4559 8027 106 76 21 1
> 8593 2417 160 82 16 3
! 5493 8385 200
! 9422 2976 200
> 9206 3450 -8 444 176 3
> 6747 7184 209 -158 -210 2
> 4852 8175 248 125 21 1
> 8780 2470 132 17 34 3
! -87823 -20742 0
! -60166 81498 200
> 9206 3450 -8 444 176 3
> 6747 7184 209 -158 -210 2
> 4852 8175 248 125 21 1
> 8780 2470 132 17 34 3
! 5786 8533 200
! 9396 3258 200
> 9198 3894 -6 377 194 3
> 6822 7175 63 -7 132 2
> 5287 8372 369 167 21 1
> 9035 2645 216 148 52 3
! -75606 -49097 200
! -33851 98529 200
> 9198 3894 -6 377 194 3
> 6822 7175 63 -7 132 2
> 5287 8372 369 167 21 1
> 9035 2645 216 148 52 3
! 6286 8424 200
! 9377 3585 0
> 9022 4165 -149 230 -148 3
> 6804 7351 -15 149 114 2
> 5856 8549 483 150 3 1
> 9251 2793 183 125 70 3
! -55256 -72439 200
! -3648 106803 200
> 9022 4165 -149 230 -148 3
> 6804 7351 -15 149 114 2
> 5856 8549 483 150 3 1
> 9251 2793 183 125 70 3
! 6822 8290 200
! 9286 3792 200
> 8744 4242 -235 65 -130 3
> 6768 7699 -30 295 96 2
> 6532 8647 574 83 -15 1
> 9441 3118 161 276 88 3
! -28716 -88476 200
! 27559 105513 200
> 8744 4242 -235 65 -130 3
> 6768 7699 -30 295 96 2
> 6532 8647 574 83 -15 1
> 9441 3118 161 276 88 3
! 7371 8102 0
! 9165 4079 200
> 8434 4122 -263 -102 -112 3
> 6790 7917 23 52 78 2
> 7095 9002 473 435 -33 1
> 9547 3586 90 398 106 3
! -55844 -72482 200
! 56790 94519 0
> 8434 4122 -263 -102 -112 3
> 6790 7917 23 52 78 2
> 7095 9002 473 435 -33 1
> 9547 3586 90 398 106 3
! 7724 8225 200
! 8988 4415 200
> 8042 3867 -332 -216 -130 3
> 6813 7969 19 44 60 2
> 7694 9282 509 237 -51 1
> 9525 4150 -18 479 124 3
! -76762 -49124 0
! 81127 74882 200
> 8042 3867 -332 -216 -130 3
> 6813 7969 19 44 60 2
> 7694 9282 509 237 -51 1
> 9525 4150 -18 479 124 3
! 8052 8348 200
! 8737 4766 200
> 7710 3651 -282 -183 -148 0
> 6981 8147 142 151 42 2
> 8275 9332 493 42 -69 1
> 9349 4752 -149 511 142 3
! -89319 -20541 0
! 98335 48820 0
> 7710 3651 -282 -183 -148 0
> 6981 8147 142 151 42 2
> 8275 9332 493 42 -69 1
> 9349 4752 -149 511 142 3
! 8327 8333 200
! 8409 5094 200
> 7428 3468 -239 -155 -166 0
> 7123 8298 120 128 24 2
> 8778 9174 427 -134 -87 1
> 9012 5331 -286 492 160 3
! -92328 10443 0
! 106575 18750 200
> 7428 3468 -239 -155 -166 0
> 7123 8298 120 128 24 2
> 8778 9174 427 -134 -87 1
> 9012 5331 -286 492 160 3
! 8519 8208 200
! 8013 5366 200
> 7189 3313 -203 -131 176 0
> 7442 8447 271 126 6 2
> 9153 8847 318 -278 -105 1
> 8526 5830 -412 424 178 3
! -85529 40773 0
! 105256 -12344 0
> 7189 3313 -203 -131 176 0
> 7442 8447 271 126 6 2
> 9153 8847 318 -278 -105 1
> 8526 5830 -412 424 178 3
! 8894 7881 200
! 7565 5554 200
> 6986 3182 -172 -111 158 0
> 7713 8573 230 107 -12 2
> 9419 8376 226 -400 -105 1
> 7922 6199 -513 313 196 3
! -69618 67460 200
! 94315 -41427 0
> 6986 3182 -172 -111 158 0
> 7713 8573 230 107 -12 2
> 9419 8376 226 -400 -105 1
> 7922 6199 -513 313 196 3
! 9471 7377 200
! 7093 5640 0
> 6661 3200 -276 14 140 0
> 7943 8680 195 90 -30 2
> 9655 7776 200 -509 -87 1
> 7409 6512 -436 266 214 3
! -46330 88004 200
! 74855 -65634 0
> 6661 3200 -276 14 140 0
> 7943 8680 195 90 -30 2
> 9655 7776 200 -509 -87 1
> 7409 6512 -436 266 214 3
! 10013 6842 0
! 6793 5724 200
> 6279 3384 -324 156 122 0
> 8138 8770 165 76 -48 2
> 9855 7267 170 -432 -69 1
> 6850 6620 -475 92 -128 3
! -17913 100413 200
! 48811 -82584 0
> 6279 3384 -324 156 122 0
> 8138 8770 165 76 -48 2
> 9855 7267 170 -432 -69 1
> 6850 6620 -475 92 -128 3
! 10213 6333 200
! 6508 5680 200
> 5907 3734 -316 297 104 0
> 8303 8846 140 64 -66 2
> 10097 6648 205 -525 -69 1
> 6307 6524 -461 -81 -110 3
! -18285 100763 200
! 18755 -90606 0
> 5907 3734 -316 297 104 0
> 8303 8846 140 64 -66 2
> 10097 6648 205 -525 -69 1
> 6307 6524 -461 -81 -110 3
! 10726 5871 200
! 5965 5584 200
> 5543 4225 -309 417 104 0
> 8443 8910 119 54 -84 2
> 10428 5968 281 -578 -51 2
> 5778 6255 -449 -228 -110 3
! -18649 101254 0
! -12348 -88904 200
> 5543 4225 -309 417 104 0
> 8443 8910 119 54 -84 2
> 10428 5968 281 -578 -51 2
> 5778 6255 -449 -228 -110 3
! 11057 5191 200
! 5436 5315 0
> 5234 4642 -262 354 104 0
> 8520 8768 65 -120 -102 2
> 10835 5235 345 -623 -51 2
> 5329 6027 -381 -193 -110 3
! 12209 104398 200
! -41480 -77834 200
> 5234 4642 -262 354 104 0
> 8520 8768 65 -120 -102 2
> 10835 5235 345 -623 -51 2
> 5329 6027 -381 -193 -110 3
! 11674 4690 200
! 5294 5028 0
> 4988 5034 -203 -162 86 0
> 8485 8475 -29 -249 -120 2
> 11348 4503 435 -622 -33 2
> 4946 5995 -331 469 -92 3
! 42448 97752 200
! -65829 -58438 200
> 4988 5034 -203 -162 86 0
> 8485 8475 -29 -249 -120 2
> 11348 4503 435 -622 -33 2
> 4946 5995 -331 469 -92 3
! 12314 4244 200
! 4911 4996 200
> 4860 5057 -108 19 68 0
> 8307 8092 -150 -325 -138 2
> 11976 3829 533 -572 -15 2
> 4608 6264 -287 228 -92 3
! 11835 104813 200
! -83047 -32581 200
> 4860 5057 -108 19 68 0
> 8307 8092 -150 -325 -138 2
> 11976 3829 533 -572 -15 2
> 4608 6264 -287 228 -92 3
! 12975 3881 0
! 4884 5303 0
> 4766 5276 -79 185 86 0
> 7974 7686 -282 -345 -156 2
> 12509 3257 453 -486 3 2
> 4321 6492 -243 193 -74 3
! -19426 102305 200
! -91478 -2766 200
> 4766 5276 -79 185 86 0
> 7974 7686 -282 -345 -156 2
> 12509 3257 453 -486 3 2
> 4321 6492 -243 193 -74 3
! 13443 3615 0
! 4880 5663 200
> 4639 5655 -108 322 104 0
> 7493 7320 -408 -311 -174 2
> 12962 2771 385 -413 21 2
> 4190 6519 -111 23 -56 3
! -48352 90459 200
! -90321 28111 200
> 4639 5655 -108 322 104 0
> 7493 7320 -408 -311 -174 2
> 12962 2771 385 -413 21 2
> 4190 6519 -111 23 -56 3
! 13739 3400 0
! 4749 5690 200
> 4663 5724 92 -69 122 0
> 6889 7051 -513 -229 -192 2
> 13347 2358 327 -351 39 2
> 3953 6799 -273 366 -56 3
! -71941 70002 200
! -79713 57051 200
> 4663 5724 92 -69 122 0
> 6889 7051 -513 -229 -192 2
> 13347 2358 327 -351 39 2
> 3953 6799 -273 366 -56 3
! 13892 3197 0
! 4512 5970 200
> 4602 5784 -52 50 140 0
> 6203 6922 -583 -109 -210 2
> 13674 2007 277 -298 57 3
> 3792 6999 -137 170 -56 3
! -88116 43244 200
! -91611 27713 200
> 4602 5784 -52 50 140 0
> 6203 6922 -583 -109 -210 2
> 13674 2007 277 -298 57 3
> 3792 6999 -137 170 -56 3
! 13933 2973 0
! 4068 6038 200
> 4365 5909 -201 106 158 0
> 5424 6855 -661 -57 168 2
> 13951 1709 235 -253 75 3
> 3710 6977 -69 -18 -74 3
! -72239 70187 200
! -81178 56855 200
> 4365 5909 -201 106 158 0
> 5424 6855 -661 -57 168 2
> 13951 1709 235 -253 75 3
> 3710 6977 -69 -18 -74 3
! 13899 2708 0
! 4269 6148 0
> 4011 6144 -301 199 140 0
> 4590 6898 -709 36 150 2
> 14186 1456 199 -215 93 3
> 3641 6959 -58 -15 -56 3
! -48980 90948 SHIELD
! -93224 27689 200
> 4011 6144 -301 199 140 0
> 4590 6898 -709 36 150 2
> 14186 1456 199 -215 93 3
> 3641 6959 -58 -15 -56 3
! 13828 2390 200
! 4200 6130 SHIELD
> 3765 6213 -182 -6 122 0
> 4955 6905 543 -7 168 2
> 14313 1428 108 -24 111 3
> 3401 7081 -254 169 -56 3
! -20427 103242 0
! -94497 -3547 0
> 3765 6213 -182 -6 122 0
> 4955 6905 543 -7 168 2
> 14313 1428 108 -24 111 3
> 3401 7081 -254 169 -56 3
! 13684 2205 200
! 4189 6465 0
> 3583 6207 -154 -5 104 0
> 5498 6898 461 -5 -174 2
> 14295 1559 -15 111 129 3
> 3147 7250 -215 143 -38 3
! -49408 91011 0
! -85856 -33775 0
> 3583 6207 -154 -5 104 0
> 5498 6898 461 -5 -174 2
> 14295 1559 -15 111 129 3
> 3147 7250 -215 143 -38 3
! 13456 2104 200
! 4087 6908 200
> 3429 6202 -130 -4 122 0
> 5959 6893 391 -4 -156 2
> 14112 1779 -155 187 147 3
> 2932 7393 -182 121 -20 3
! -49562 91006 0
! -68355 -60019 0
> 3429 6202 -130 -4 122 0
> 5959 6893 391 -4 -156 2
> 14112 1779 -155 187 147 3
> 2932 7393 -182 121 -20 3
! 13146 2038 200
! 3872 7051 200
> 3299 6198 -110 -3 122 0
> 6350 6889 332 -3 -138 2
> 13764 2018 -295 203 165 3
> 2750 7514 -154 102 -20 3
! -20893 103227 200
! -43650 -79713 0
> 3299 6198 -110 -3 122 0
> 6350 6889 332 -3 -138 2
> 13764 2018 -295 203 165 3
> 2750 7514 -154 102 -20 3
! 12765 1966 200
! 3690 7172 200
> 3141 6389 -134 162 104 0
> 6682 6886 282 -2 -120 2
> 13269 2211 -420 163 183 3
> 2784 7548 28 28 -20 3
! 10116 106145 200
! -14109 -90928 200
> 3141 6389 -134 162 104 0
> 6682 6886 282 -2 -120 2
> 13269 2211 -420 163 183 3
> 2784 7548 28 28 -20 3
! 12270 2159 200
! 3783 7513 200
> 3021 6751 -102 307 86 1
> 6922 6688 204 -167 -102 2
> 12649 2364 -526 129 -177 3
> 3012 7569 193 17 -2 3
! 40481 99469 200
! -13869 -91126 200
> 3021 6751 -102 307 86 1
> 6922 6688 204 -167 -102 2
> 12649 2364 -526 129 -177 3
> 3012 7569 193 17 -2 3
! 11650 2312 200
! 3952 7227 200
> 2991 6720 -25 -41 68 1
> 7084 6325 138 -308 -102 2
> 11923 2483 -616 100 -177 3
> 3396 8041 326 416 -20 3
! 67269 83324 200
! 17536 -93127 200
> 2991 6720 -25 -41 68 1
> 7084 6325 138 -308 -102 2
> 11923 2483 -616 100 -177 3
> 3396 8041 326 416 -20 3
! 10957 2742 200
! 4184 7425 200
> 3095 6832 88 95 50 1
> 7243 5818 135 -430 -84 2
> 11114 2635 -687 129 165 3
> 3880 8334 411 248 -38 3
! 87899 59823 200
! 17695 -93634 200
> 3095 6832 88 95 50 1
> 7243 5818 135 -430 -84 2
> 11114 2635 -687 129 165 3
> 3880 8334 411 248 -38 3
! 10115 2583 200
! 4439 7505 200
> 3353 7033 218 170 32 1
> 7399 5189 132 -534 -84 2
> 10227 2754 -753 100 -177 3
> 4403 8416 444 69 -56 3
! 100382 31225 200
! 48072 -86165 200
> 3353 7033 218 170 32 1
> 7399 5189 132 -534 -84 2
> 10227 2754 -753 100 -177 3
> 4403 8416 444 69 -56 3
! 9293 2396 200
! 4679 7455 0
> 3765 7251 350 185 14 1
> 7612 4472 181 -609 -66 2
> 9287 2782 -798 24 -159 3
> 4847 8485 377 58 -74 3
! 100794 31443 0
! 18064 -94980 200
> 3765 7251 350 185 14 1
> 7612 4472 181 -609 -66 2
> 9287 2782 -798 24 -159 3
> 4847 8485 377 58 -74 3
! 8288 2730 0
! 4812 7486 200
> 4115 7436 297 157 14 1
> 7814 3664 171 -686 -84 2
> 8489 2806 -678 20 -177 3
> 5217 8343 314 -120 -92 3
! 101144 31628 0
! -12977 -94150 SHIELD
> 4115 7436 297 157 14 1
> 7814 3664 171 -686 -84 2
> 8489 2806 -678 20 -177 3
> 5217 8343 314 -120 -92 3
! 7523 3065 0
! 5493 7382 0
> 4412 7593 252 133 14 1
> 7907 3094 54 -447 -102 2
> 8588 1661 330 -1343 165 0
> 5531 8223 266 -102 -74 3
! 101441 31785 0
! -42093 -83508 200
> 4412 7593 252 133 14 1
> 7907 3094 54 -447 -102 2
> 8588 1661 330 -1343 165 0
> 5531 8223 266 -102 -74 3
! 7749 2206 0
! 6090 7394 0
> 4664 7726 214 113 14 1
> 7961 2647 45 -379 -120 2
> 8918 318 280 -1141 147 0
> 5797 8121 226 -86 -56 3
! 104420 750 200
! -66353 -64266 0
> 4664 7726 214 113 14 1
> 7961 2647 45 -379 -120 2
> 8918 318 280 -1141 147 0
> 5797 8121 226 -86 -56 3
! 8079 863 200
! 6356 7292 SHIELD
> 5078 7825 351 84 -4 1
> 8006 2268 38 -322 -138 2
> 9030 -714 95 -877 147 0
> 6023 8035 192 -73 -56 3
! 104834 849 0
! -83348 -38405 0
> 5078 7825 351 84 -4 1
> 8006 2268 38 -322 -138 2
> 9030 -714 95 -877 147 0
> 6023 8035 192 -73 -56 3
! 8191 -169 200
! 6582 7206 SHIELD
> 5407 7907 34 50 -4 1
> 8044 1946 32 -273 -156 2
> 8957 -1482 -61 -652 147 0
> 6217 7962 189 -59 -56 3
! 105163 931 200
! -91408 -8506 0
> 5407 7907 34 50 -4 1
> 8044 1946 32 -273 -156 2
> 8957 -1482 -61 -652 147 0
> 6217 7962 189 -59 -56 3
! 8328 -705 200
! 6776 7133 SHIELD
> 5516 7938 59 25 -4 1
> 8076 1673 27 -232 -174 2
> 8770 -1979 -158 -422 129 0
> 6418 7904 174 -49 -56 3
! 102545 32130 200
! -89738 22464 0
> 5516 7938 59 25 -4 1
> 8076 1673 27 -232 -174 2
> 8770 -1979 -158 -422 129 0
> 6418 7904 174 -49 -56 3
! 8412 -1045 200
! 6977 7075 SHIELD
> 5769 8011 215 62 14 1
> 8103 1441 22 -197 -192 2
> 8540 -2214 -195 -199 111 0
> 6592 7855 147 -41 -56 3
! 105525 1035 200
! -78499 51441 200
> 5769 8011 215 62 14 1
> 8103 1441 22 -197 -192 2
> 8540 -2214 -195 -199 111 0
> 6592 7855 147 -41 -56 3
! 8488 -1215 200
! 7151 7026 SHIELD
> 5819 8138 -13 120 -4 1
> 7952 1344 -128 -82 -210 2
> 8335 -2213 -174 0 93 0
> 6775 7806 161 -42 -56 3
! 98537 -29322 200
! -58961 75658 200
> 5819 8138 -13 120 -4 1
> 7952 1344 -128 -82 -210 2
> 8335 -2213 -174 0 93 0
> 6775 7806 161 -42 -56 3
! 8283 -1214 200
! 7563 7190 0
> 5991 8183 146 38 -22 1
> 7690 1411 -222 56 132 2
> 8151 -2013 -156 169 93 0
> 6936 7764 136 -35 -38 3
! 98709 -29277 200
! -78912 51411 0
> 5991 8183 146 38 -22 1
> 7690 1411 -222 56 132 2
> 8151 -2013 -156 169 93 0
> 6936 7764 136 -35 -38 3
! 7793 -1079 200
! 7876 7422 200
> 6322 8146 281 -31 -22 1
> 7468 1467 -188 47 150 2
> 7923 -1657 -193 302 111 0
> 7072 7729 115 -29 -20 3
! 82926 -56132 200
! -59445 75781 200
> 6322 8146 281 -31 -22 1
> 7468 1467 -188 47 150 2
> 7923 -1657 -193 302 111 0
> 7072 7729 115 -29 -20 3
! 7871 -658 200
! 8012 7387 SHIELD
> 6307 8241 -90 125 -40 1
> 7146 1663 -273 166 132 2
> 7720 -1155 -172 426 93 0
> 7232 7675 143 -50 -20 3
! 82911 -56037 200
! -33527 93017 0
> 6307 8241 -90 125 -40 1
> 7146 1663 -273 166 132 2
> 7720 -1155 -172 426 93 0
> 7232 7675 143 -50 -20 3
! 7362 -221 200
! 8020 7059 200
> 6370 8237 53 -3 -40 1
> 6873 1829 -232 141 114 2
> 7476 -542 -207 520 111 0
> 7375 7625 121 -42 -38 3
! 99088 -29223 200
! -60040 76143 0
> 6370 8237 53 -3 -40 1
> 6873 1829 -232 141 114 2
> 7476 -542 -207 520 111 0
> 7375 7625 121 -42 -38 3
! 6847 235 200
! 8163 7009 SHIELD
> 6608 8159 202 -66 -22 1
> 6641 1970 -197 119 132 2
> 7143 133 -282 574 129 0
> 7496 7583 102 -35 -38 3
! 83212 -56119 200
! -79961 51970 0
> 6608 8159 202 -66 -22 1
> 6641 1970 -197 119 132 2
> 7143 133 -282 574 129 0
> 7496 7583 102 -35 -38 3
! 6785 1067 200
! 8284 6967 SHIELD
> 6901 8005 -84 87 -40 1
> 6444 2089 -167 101 150 2
> 6789 894 -300 646 111 0
> 7604 7544 125 -55 -38 3
! 99619 -29455 200
! -91370 22880 SHIELD
> 6901 8005 -84 87 -40 1
> 6444 2089 -167 101 150 2
> 6789 894 -300 646 111 0
> 7604 7544 125 -55 -38 3
! 6431 1828 SHIELD
! 8392 6928 200
> 7002 8017 86 10 -22 1
> 6242 2301 -284 539 168 2
> 6524 1429 -112 95 111 0
> 7729 7489 106 -46 -38 3
! 83606 -56261 200
! -80360 52301 0
> 7002 8017 86 10 -22 1
> 6242 2301 -284 539 168 2
> 6524 1429 -112 95 111 0
> 7729 7489 106 -46 -38 3
! 6472 2428 200
! 8517 6873 SHIELD
> 7166 7955 17 38 -40 1
> 5958 2840 -241 458 150 2
> 6412 1524 -95 80 93 0
> 7843 7437 108 -53 -38 3
! 83770 -56323 200
! -80644 52840 0
> 7166 7955 17 38 -40 1
> 5958 2840 -241 458 150 2
> 6412 1524 -95 80 93 0
> 7843 7437 108 -53 -38 3
! 6360 2523 200
! 8631 6821 SHIELD
> 7296 7896 20 19 -40 1
> 5717 3298 -204 389 150 2
> 6317 1604 -80 68 93 0
> 7955 7381 104 -54 -38 3
! 83900 -56382 200
! -61196 77612 200
> 7296 7896 20 19 -40 1
> 5717 3298 -204 389 150 2
> 6317 1604 -80 68 93 0
> 7955 7381 104 -54 -38 3
! 6265 2603 200
! 8743 6765 SHIELD
> 7376 7859 12 11 -40 1
> 5513 3687 -173 330 132 2
> 6237 1672 -68 57 93 0
> 8068 7320 101 -56 -38 3
! 83980 -56419 200
! -81089 53687 0
> 7376 7859 12 11 -40 1
> 5513 3687 -173 330 132 2
> 6237 1672 -68 57 93 0
> 8068 7320 101 -56 -38 3
! 5879 2606 200
! 8856 6704 SHIELD
> 7521 7757 5 3 -40 1
> 5340 4017 -147 280 150 2
> 6097 1916 -118 207 111 0
> 8171 7262 99 -57 -38 3
! 100239 -29703 200
! -92474 24808 0
> 7521 7757 5 3 -40 1
> 5340 4017 -147 280 150 2
> 6097 1916 -118 207 111 0
> 8171 7262 99 -57 -38 3
! 6045 2915 200
! 8959 6646 SHIELD
> 7590 7779 31 40 -22 1
> 5193 4297 -124 238 168 2
> 5969 2323 -109 345 93 0
> 8282 7196 97 -58 -38 3
! 84194 -56499 200
! -81409 54297 0
> 7590 7779 31 40 -22 1
> 5193 4297 -124 238 168 2
> 5969 2323 -109 345 93 0
> 8282 7196 97 -58 -38 3
! 5611 3257 200
! 9070 6580 200
> 7774 7690 156 -75 -40 1
> 5069 4535 -105 202 150 2
> 5788 2855 -153 451 111 0
> 8379 7138 82 -49 -38 3
! 84378 -56588 200
! -92745 25326 0
> 7774 7690 156 -75 -40 1
> 5069 4535 -105 202 150 2
> 5788 2855 -153 451 111 0
> 8379 7138 82 -49 -38 3
! 5430 3789 200
! 9167 6522 SHIELD
> 7745 7798 -46 111 -40 1
> 4964 4737 -89 171 168 2
> 5563 3493 -190 542 111 0
> 8495 7058 100 -70 -38 3
! 60736 -77006 200
! -94488 -5715 0
> 7745 7798 -46 111 -40 1
> 4964 4737 -89 171 168 2
> 5563 3493 -190 542 111 0
> 8495 7058 100 -70 -38 3
! 5205 4427 200
! 9283 6442 200
> 7805 7739 50 -49 -58 1
> 4875 4908 -75 145 -174 2
> 5301 4222 -222 619 111 0
> 8595 6988 85 -59 -38 3
! 84409 -56539 0
! -86479 -35765 SHIELD
> 7805 7739 50 -49 -58 1
> 4875 4908 -75 145 -174 2
> 5301 4222 -222 619 111 0
> 8595 6988 85 -59 -38 3
! 4943 5156 200
! 9154 6159 200
> 7855 7690 42 -41 -40 1
> 4736 5156 -119 211 -156 2
> 5651 3996 303 -201 111 0
> 8680 6929 72 -50 -56 3
! 84459 -56588 200
! -86618 -35517 0
> 7855 7690 42 -41 -40 1
> 4736 5156 -119 211 -156 2
> 5651 3996 303 -201 111 0
> 8680 6929 72 -50 -56 3
! 5293 4930 200
! 9239 6100 SHIELD
> 8050 7520 165 -144 -40 1
> 4617 5367 -101 179 -156 2
> 5882 3982 196 -12 111 0
> 8752 6879 61 -42 -56 3
! 84654 -56758 0
! -94835 -5085 0
> 8050 7520 165 -144 -40 1
> 4617 5367 -101 179 -156 2
> 5882 3982 196 -12 111 0
> 8752 6879 61 -42 -56 3
! 5253 4759 200
! 9311 6050 SHIELD
> 8215 7376 140 -122 -40 1
> 4516 5546 -85 152 -174 2
> 5952 4125 59 121 129 0
> 8813 6837 51 -35 -56 3
! 84819 -56902 0
! -94936 -4906 0
> 8215 7376 140 -122 -40 1
> 4516 5546 -85 152 -174 2
> 5952 4125 59 121 129 0
> 8813 6837 51 -35 -56 3
! 5323 4902 200
! 9372 6008 SHIELD
> 8189 7404 -28 28 -40 1
> 4431 5698 -72 129 -174 2
> 5885 4401 -56 234 129 0
> 8881 6787 58 -43 -56 3
! 84793 -56874 200
! -86923 -34975 0
> 8189 7404 -28 28 -40 1
> 4431 5698 -72 129 -174 2
> 5885 4401 -56 234 129 0
> 8881 6787 58 -43 -56 3
! 5046 4946 0
! 9157 5826 200
> 8314 7303 106 -85 -40 1
> 4359 5827 -61 109 -156 2
> 5829 4635 -47 198 147 0
> 8939 6744 49 -36 -74 3
! 84918 -56975 200
! -86995 -34846 0
> 8314 7303 106 -85 -40 1
> 4359 5827 -61 109 -156 2
> 5829 4635 -47 198 147 0
> 8939 6744 49 -36 -74 3
! 4990 5180 0
! 9215 5783 SHIELD
> 8253 7377 -96 102 -40 1
> 4298 5936 -51 92 -156 2
> 5782 4833 -39 168 147 0
> 9020 6679 73 -58 -74 3
! 100971 -30083 200
! -95154 -4516 0
> 8253 7377 -96 102 -40 1
> 4298 5936 -51 92 -156 2
> 5782 4833 -39 168 147 0
> 9020 6679 73 -58 -74 3
! 4943 5378 200
! 9579 5850 200
> 8342 7404 76 23 -22 1
> 4247 6028 -43 78 -174 2
> 5575 5110 -175 235 147 0
> 9093 6621 62 -49 -56 3
! 84946 -56874 200
! -87107 -34645 0
> 8342 7404 76 23 -22 1
> 4247 6028 -43 78 -174 2
> 5575 5110 -175 235 147 0
> 9093 6621 62 -49 -56 3
! 4736 5655 200
! 9881 6005 200
> 8571 7298 194 -89 -40 1
> 4204 6106 -36 66 -156 2
> 5232 5454 -291 292 147 0
> 9155 6572 52 -41 -38 3
! 61562 -77506 200
! -70110 -60806 SHIELD
> 8571 7298 194 -89 -40 1
> 4204 6106 -36 66 -156 2
> 5232 5454 -291 292 147 0
> 9155 6572 52 -41 -38 3
! 4266 5713 0
! 9943 5956 SHIELD
> 8660 7317 -46 178 -58 1
> 4168 6172 -30 56 -138 2
> 4941 5746 -247 248 165 0
> 9228 6503 74 -74 -38 3
! 61651 -77487 200
! -45832 -80430 0
> 8660 7317 -46 178 -58 1
> 4168 6172 -30 56 -138 2
> 4941 5746 -247 248 165 0
> 9228 6503 74 -74 -38 3
! 4102 6291 200
! 10168 6161 0
> 8720 7325 50 7 -58 1
> 3786 6414 -386 238 -120 2
> 4878 5917 8 112 147 0
> 9302 6429 62 -62 -20 3
! 61711 -77479 200
! -17005 -91400 0
> 8720 7325 50 7 -58 1
> 3786 6414 -386 238 -120 2
> 4878 5917 8 112 147 0
> 9302 6429 62 -62 -20 3
! 3912 6176 200
! 10301 6394 200
> 8876 7162 132 -138 -58 1
> 3400 6652 -328 202 -102 2
> 4693 6081 -157 139 165 0
> 9364 6367 52 -52 -2 3
! 61867 -77642 200
! 13852 -92800 0
> 8876 7162 132 -138 -58 1
> 3400 6652 -328 202 -102 2
> 4693 6081 -157 139 165 0
> 9364 6367 52 -52 -2 3
! 3727 6340 200
! 10363 6332 SHIELD
> 8945 7139 -46 156 -58 1
> 3072 6854 -278 171 -84 2
> 4343 6272 -297 162 165 0
> 9433 6287 69 -85 -2 3
! 33137 -89890 200
! 43745 -84500 200
> 8945 7139 -46 156 -58 1
> 3072 6854 -278 171 -84 2
> 4343 6272 -297 162 165 0
> 9433 6287 69 -85 -2 3
! 3377 6531 200
! 10394 6563 200
> 8947 7101 2 -32 -76 1
> 2875 6842 -167 -9 -66 2
> 3853 6486 -416 181 165 0
> 9502 6202 58 -72 16 3
! 61938 -77703 200
! 13327 -92610 SHIELD
> 8947 7101 2 -32 -76 1
> 2875 6842 -167 -9 -66 2
> 3853 6486 -416 181 165 0
> 9502 6202 58 -72 16 3
! 2887 6745 SHIELD
! 10331 6761 0
> 9055 6899 91 -171 -58 1
> 2657 6846 -379 53 -84 2
> 3488 6654 -116 92 165 0
> 9560 6130 49 -61 34 3
! 62046 -77905 200
! 43330 -84508 0
> 9055 6899 91 -171 -58 1
> 2657 6846 -379 53 -84 2
> 3488 6654 -116 92 165 0
> 9560 6130 49 -61 34 3
! 2489 6602 200
! 10176 6918 0
> 9143 6720 17 -68 -58 1
> 2278 6899 -322 45 -66 2
> 3372 6746 -98 78 -177 0
> 9718 5908 191 -273 52 3
! 62134 -78084 200
! 69190 -67415 0
> 9143 6720 17 -68 -58 1
> 2278 6899 -322 45 -66 2
> 3372 6746 -98 78 -177 0
> 9718 5908 191 -273 52 3
! 2438 6388 200
! 10060 6848 0
> 9266 6482 104 -201 -58 1
> 1956 6944 -273 38 -48 2
> 3274 6824 -83 66 -159 0
> 9909 5635 162 -232 70 3
! 85870 -57796 200
! 42629 -84410 200
> 9266 6482 104 -201 -58 1
> 1956 6944 -273 38 -48 2
> 3274 6824 -83 66 -159 0
> 9909 5635 162 -232 70 3
! 2497 6195 0
! 9944 6634 0
> 9523 6152 218 -280 -40 2
> 1683 6982 -232 32 -66 2
> 3191 6890 -70 56 -141 1
> 10071 5403 137 -197 88 3
! 102241 -31308 200
! 68595 -67332 200
> 9523 6152 218 -280 -40 2
> 1683 6982 -232 32 -66 2
> 3191 6890 -70 56 -141 1
> 10071 5403 137 -197 88 3
! 2646 6051 0
! 9795 6364 0
> 9847 5924 218 -103 -22 2
> 1585 6865 -83 -99 -48 2
> 3121 6946 -59 47 -123 1
> 10288 5079 241 -365 106 3
! 109603 -1051 200
! 88187 -43135 200
> 9847 5924 218 -103 -22 2
> 1585 6865 -83 -99 -48 2
> 3121 6946 -59 47 -123 1
> 10288 5079 241 -365 106 3
! 2862 5980 0
! 10323 6078 200
> 10265 5807 354 -99 -4 2
> 1675 6666 76 -169 -30 2
> 3062 6993 -50 39 -105 1
> 10536 4914 210 -140 88 3
! 110021 -1168 200
! 88277 -43334 200
> 10265 5807 354 -99 -4 2
> 1675 6666 76 -169 -30 2
> 3062 6993 -50 39 -105 1
> 10536 4914 210 -140 88 3
! 3114 5994 0
! 10878 5854 200
> 10808 5776 447 87 -4 2
> 1924 6397 211 -228 -30 2
> 3012 7032 -42 33 -87 1
> 10825 4880 259 -142 70 3
! 103526 -31684 200
! 88526 -43603 200
> 10808 5776 447 87 -4 2
> 1924 6397 211 -228 -30 2
> 3012 7032 -42 33 -87 1
> 10825 4880 259 -142 70 3
! 3370 6098 200
! 11441 5668 200
> 11440 5788 537 10 -22 2
> 2308 6069 326 -278 -30 2
> 3042 6878 25 -130 -69 1
> 11207 4896 324 13 52 3
! 88044 -58490 200
! 100122 -14722 200
> 11440 5788 537 10 -22 2
> 2308 6069 326 -278 -30 2
> 3042 6878 25 -130 -69 1
> 11207 4896 324 13 52 3
! 3671 6101 200
! 12036 5455 200
> 12147 5699 660 29 -40 2
> 2830 5749 443 -271 -12 2
> 3193 6593 128 -242 -51 1
> 11680 4991 342 -24 34 3
! 65138 -79105 200
! 102282 16201 200
> 12147 5699 660 29 -40 2
> 2830 5749 443 -271 -12 2
> 3193 6593 128 -242 -51 1
> 11680 4991 342 -24 34 3
! 4032 6048 200
! 12641 5267 200
> 12913 5558 651 -119 -58 2
> 3456 5417 511 -382 6 2
> 3505 6323 285 -128 -33 1
> 12214 5022 454 26 16 3
! 37105 -91471 200
! 94810 46090 200
> 12913 5558 651 -119 -58 2
> 3456 5417 511 -382 6 2
> 3505 6323 285 -128 -33 1
> 12214 5022 454 26 16 3
! 4471 6064 200
! 13213 4987 200
> 13673 5273 724 -206 -76 2
> 4150 5116 589 -255 24 2
> 3983 6143 406 -152 -15 1
> 12807 5013 425 -43 -2 3
! 6697 -94483 200
! 78464 72029 200
> 13673 5273 724 -206 -76 2
> 4150 5116 589 -255 24 2
> 3983 6143 406 -152 -15 1
> 12807 5013 425 -43 -2 3
! 4949 5884 200
! 13747 4671 200
> 14383 4867 603 -344 -94 2
> 4888 4995 626 -102 42 2
> 4582 5939 509 -173 -15 1
> 13420 4902 521 -94 -20 3
! -23077 -87851 200
! 54888 91597 200
> 14383 4867 603 -344 -94 2
> 4888 4995 626 -102 42 2
> 4582 5939 509 -173 -15 1
> 13420 4902 521 -94 -20 3
! 5548 5680 200
! 14208 4286 200
> 14911 4338 448 -450 -112 2
> 5644 4999 706 -142 60 2
> 5254 5782 507 12 -15 1
> 14099 4685 576 -184 -38 3
! -49367 -72266 200
! 26435 102813 200
> 14911 4338 448 -450 -112 2
> 5644 4999 706 -142 60 2
> 5254 5782 507 12 -15 1
> 14099 4685 576 -184 -38 3
! 6093 5237 200
! 14658 3856 200
> 15328 3668 412 -608 -130 2
> 6410 5026 712 -68 78 2
> 5911 5712 496 31 -33 1
> 14689 4402 443 -201 -56 3
! -69476 -49323 200
! -4042 104478 200
> 15328 3668 412 -608 -130 2
> 6410 5026 712 -68 78 2
> 5911 5712 496 31 -33 1
> 14689 4402 443 -201 -56 3
! 6877 5453 200
! 14965 3441 0
> 15570 2954 206 -606 -148 2
> 7168 5074 682 -7 96 2
> 6534 5774 490 100 -15 1
> 15132 4201 376 -170 -74 3
! -81459 -21238 200
! -33505 96428 200
> 15570 2954 206 -606 -148 2
> 7168 5074 682 -7 96 2
> 6534 5774 490 100 -15 1
> 15132 4201 376 -170 -74 3
! 7373 5229 200
! 15097 3202 200
> 15582 2300 10 -556 -166 2
> 7792 5228 637 31 114 2
> 7168 5787 432 110 -33 1
> 15501 3831 313 -314 -92 3
! -84174 9275 0
! -59121 79542 200
> 15582 2300 10 -556 -166 2
> 7792 5228 637 31 114 2
> 7168 5787 432 110 -33 1
> 15501 3831 313 -314 -92 3
! 8007 5242 200
! 15159 2891 200
> 15592 1744 8 -472 176 2
> 8425 5295 565 33 132 2
> 7637 5901 371 120 -33 1
> 15746 3329 207 -426 -110 3
! -77126 39204 200
! -78177 55295 200
> 15592 1744 8 -472 176 2
> 8425 5295 565 33 132 2
> 7637 5901 371 120 -33 1
> 15746 3329 207 -426 -110 3
! 8476 5356 200
! 15130 2541 200
> 15415 1347 -150 -337 158 2
> 8817 5428 333 113 150 2
> 8176 5912 457 9 -33 1
> 15830 2745 71 -496 -128 3
! -61189 65625 200
! -77785 55428 SHIELD
> 15415 1347 -150 -337 158 2
> 8817 5428 333 113 150 2
> 8176 5912 457 9 -33 1
> 15830 2745 71 -496 -128 3
! 9015 5367 200
! 15001 2186 200
> 15112 1139 -257 -177 140 2
> 9202 5502 327 62 150 2
> 8281 6204 85 251 -33 1
> 15735 2137 -80 -516 -146 3
! -61492 65417 200
! -88612 26293 0
> 15112 1139 -257 -177 140 2
> 9202 5502 327 62 150 2
> 8281 6204 85 251 -33 1
> 15735 2137 -80 -516 -146 3
! 9120 5659 200
! 14774 1861 200
> 14702 1091 -348 -41 140 2
> 9529 5564 277 52 168 2
> 8534 6346 214 120 -33 1
> 15463 1566 -231 -485 -164 3
! -38289 85895 200
! -77073 55564 0
> 14702 1091 -348 -41 140 2
> 9529 5564 277 52 168 2
> 8534 6346 214 120 -33 1
> 15463 1566 -231 -485 -164 3
! 9500 6087 200
! 14464 1601 0
> 14248 1220 -385 109 122 2
> 9806 5616 235 44 150 2
> 8941 6414 346 57 -15 1
> 15232 1081 -196 -412 -182 3
! -62356 65498 200
! -57107 79930 0
> 14248 1220 -385 109 122 2
> 9806 5616 235 44 150 2
> 8941 6414 346 57 -15 1
> 15232 1081 -196 -412 -182 3
! 9907 6155 200
! 14271 805 0
> 13710 1458 -457 201 140 3
> 10041 5660 199 37 132 2
> 9480 6419 458 4 -15 1
> 15036 669 -166 -350 -164 3
! -79008 38918 200
! -30632 97014 BOOST
> 13710 1458 -457 201 140 3
> 10041 5660 199 37 132 2
> 9480 6419 458 4 -15 1
> 15036 669 -166 -350 -164 3
! 10446 6160 200
! 14075 393 SHIELD
> 13068 1734 -546 234 158 3
> 10443 5614 410 -139 114 2
> 9664 7048 87 634 -15 1
> 14870 319 -141 -297 -164 3
! -86688 8709 200
! -56470 79928 200
> 13068 1734 -546 234 158 3
> 10443 5614 410 -139 114 2
> 9664 7048 87 634 -15 1
> 14870 319 -141 -297 -164 3
! 10503 6503 200
! 13871 354 200
> 12322 1982 -633 210 176 3
> 10719 5624 234 8 132 2
> 9919 7573 216 446 -33 1
> 14729 22 -119 -252 -182 3
! -80396 39442 200
! -29954 96978 0
> 12322 1982 -633 210 176 3
> 10719 5624 234 8 132 2
> 9919 7573 216 446 -33 1
> 14729 22 -119 -252 -182 3
! 10885 7314 200
! 13789 364 0
> 11504 2267 -695 242 158 3
> 10953 5632 198 6 114 2
> 10328 7967 347 335 -15 1
> 14610 -230 -101 -214 -200 3
! -88252 9242 200
! -29720 96986 0
> 11504 2267 -695 242 158 3
> 10953 5632 198 6 114 2
> 10328 7967 347 335 -15 1
> 14610 -230 -101 -214 -200 3
! 11167 7422 200
! 13822 386 0
> 10609 2523 -760 217 176 3
> 11151 5638 168 5 114 2
> 10843 8193 437 192 -33 1
> 14509 -444 -85 -181 -218 3
! -82109 39983 200
! 698 105090 0
> 10609 2523 -760 217 176 3
> 11151 5638 168 5 114 2
> 10843 8193 437 192 -33 1
> 14509 -444 -85 -181 -218 3
! 11472 7416 200
! 13950 385 0
> 9664 2815 -803 248 158 3
> 11319 5643 142 4 96 2
> 11406 8230 478 31 -51 1
> 14424 -625 -72 -153 -236 3
! -66940 67093 200
! 32110 103457 0
> 9664 2815 -803 248 158 3
> 11319 5643 142 4 96 2
> 11406 8230 478 31 -51 1
> 14424 -625 -72 -153 -236 3
! 11764 7296 200
! 14148 336 200
> 8708 3192 -812 320 140 3
> 11461 5647 120 3 78 2
> 11956 8074 467 -132 -69 1
> 14297 -586 -108 33 106 3
! -67896 67470 200
! 61461 92249 0
> 8708 3192 -812 320 140 3
> 11461 5647 120 3 78 2
> 11956 8074 467 -132 -69 1
> 14297 -586 -108 33 106 3
! 12314 7140 200
! 14332 413 0
> 7743 3641 -820 381 140 0
> 11581 5650 102 2 60 2
> 12495 7755 457 -270 -69 1
> 14189 -553 -91 28 88 3
! -45248 88445 200
! 32372 103464 0
> 7743 3641 -820 381 140 0
> 11581 5650 102 2 60 2
> 12495 7755 457 -270 -69 1
> 14189 -553 -91 28 88 3
! 12547 6756 200
! 14224 446 SHIELD
> 6817 4192 -787 468 122 0
> 11683 5652 86 1 78 2
> 12962 7285 397 -399 -87 1
> 14098 -525 -77 23 88 3
! -69787 68470 200
! 1230 105104 0
> 6817 4192 -787 468 122 0
> 11683 5652 86 1 78 2
> 12962 7285 397 -399 -87 1
> 14098 -525 -77 23 88 3
! 12703 6319 0
! 14133 474 0
> 5877 4789 -799 507 140 0
> 11769 5653 73 0 96 2
> 13359 6886 337 -339 -105 1
> 14021 -502 -65 19 88 3
! -70727 69067 200
! -28904 97007 0
> 5877 4789 -799 507 140 0
> 11769 5653 73 0 96 2
> 13359 6886 337 -339 -105 1
> 14021 -502 -65 19 88 3
! 12814 6047 0
! 14363 438 200
> 4925 5425 -809 540 140 0
> 11842 5653 62 0 114 2
> 13696 6547 286 -288 -123 1
> 13956 -483 -55 16 70 3
! -48066 90229 200
! -55071 79967 0
> 4925 5425 -809 540 140 0
> 11842 5653 62 0 114 2
> 13696 6547 286 -288 -123 1
> 13956 -483 -55 16 70 3
! 12919 5918 0
! 13991 516 200
> 4010 6135 -777 603 122 0
> 11904 5653 52 0 132 2
> 13982 6259 243 -244 -141 1
> 13901 -467 -46 13 88 3
! -20182 103164 200
! -74698 55653 0
> 4010 6135 -777 603 122 0
> 11904 5653 52 0 132 2
> 13982 6259 243 -244 -141 1
> 13901 -467 -46 13 88 3
! 13048 5901 200
! 14243 473 200
