@ 0 IGGY
@ 1 reCurse
CP 4
CP 8020 7892
CP 13299 5538
CP 9588 1420
CP 3646 4415
> 7816 7435 0 0 -1 1
> 8224 8349 0 0 -1 1
> 7409 6522 0 0 -1 1
> 8631 9262 0 0 -1 1
! 107801 5690 200
! 76424 -64786 200
> 7816 7435 0 0 -1 1
> 8224 8349 0 0 -1 1
> 7409 6522 0 0 -1 1
> 8631 9262 0 0 -1 1
! 106306 21329 200
! 86802 -53101 0
> 8016 7432 169 -2 -1 1
> 8360 8203 115 -124 -47 1
> 7607 6552 168 25 9 1
> 8631 9262 0 0 -39 1
! 102568 -25125 200
! 50622 -82428 200
> 8016 7432 169 -2 -1 1
> 8360 8203 115 -124 -47 1
> 7607 6552 168 25 9 1
> 8631 9262 0 0 -39 1
! 106375 -9091 200
! 86345 -53670 0
> 8334 7259 335 -17 -19 1
> 8654 8115 265 -39 -65 1
> 7918 6433 184 -264 -9 1
> 8631 9262 0 0 -39 1
! 88198 -52923 200
! 20841 -91140 200
> 8334 7259 335 -17 -19 1
> 8654 8115 265 -39 -65 1
> 7918 6433 184 -264 -9 1
> 8631 9262 0 0 -39 1
! 106686 22076 200
! 86345 -53670 0
> 8818 7073 386 -275 -37 1
> 8954 7926 280 -43 -83 1
> 8300 6200 324 -197 9 1
> 8631 9262 0 0 -39 1
! 88682 -53109 0
! 21141 -91329 200
> 8818 7073 386 -275 -37 1
> 8954 7926 280 -43 -83 1
> 8300 6200 324 -197 9 1
> 8631 9262 0 0 -39 1
! 107068 21843 200
! 86345 -53670 200
> 9204 6798 328 -233 -37 1
> 9258 7684 258 -205 -83 1
> 8822 6034 443 -140 9 1
> 8786 9136 132 -106 -39 1
! 66562 -75117 0
! 51520 -82947 0
> 9204 6798 328 -233 -37 1
> 9258 7684 258 -205 -83 1
> 8822 6034 443 -140 9 1
> 8786 9136 132 -106 -39 1
! 97922 51433 200
! 63249 -74731 200
> 9632 6680 387 -173 -55 1
> 9512 7578 211 23 -65 1
> 9347 5771 427 -264 27 1
> 9027 8862 204 -232 -57 1
! 38869 -88950 200
! 77712 -65557 200
> 9632 6680 387 -173 -55 1
> 9512 7578 211 23 -65 1
> 9347 5771 427 -264 27 1
> 9027 8862 204 -232 -57 1
! 98447 51170 200
! 86741 -54070 200
> 10094 6389 422 -118 -73 1
> 9859 7455 295 -104 -47 1
> 9936 5525 470 -338 27 1
> 9386 8504 305 -304 -39 1
! 67452 -75526 200
! 97321 -41026 200
> 10094 6389 422 -118 -73 1
> 9859 7455 295 -104 -47 1
> 9936 5525 470 -338 27 1
> 9386 8504 305 -304 -39 1
! 80646 76235 200
! 63849 -75363 200
> 10634 6137 473 -98 -55 1
> 10329 7254 399 -170 -29 1
> 10544 5299 502 -307 45 1
> 9800 8032 351 -400 -57 1
! 39871 -89493 200
! 97791 -41227 200
> 10634 6137 473 -98 -55 1
> 10329 7254 399 -170 -29 1
> 10544 5299 502 -307 45 1
> 9800 8032 351 -400 -57 1
! 81254 76009 200
! 35681 -88560 0
> 11174 5973 462 -88 -73 1
> 10903 6987 487 -226 -29 1
> 11179 5008 536 -298 45 1
> 10151 7632 298 -340 -75 1
! 68532 -75942 0
! 79103 -66148 200
> 11174 5973 462 -88 -73 1
> 10903 6987 487 -226 -29 1
> 11179 5008 536 -298 45 1
> 10151 7632 298 -340 -75 1
! 56578 94108 0
! 64614 -76235 200
> 11647 5824 439 -332 -55 1
> 11515 6676 483 -58 -47 1
> 11715 4710 455 -253 63 1
> 10558 7124 345 -431 -57 1
! 69005 -76091 0
! 79715 -66459 200
> 11647 5824 439 -332 -55 1
> 11515 6676 483 -58 -47 1
> 11715 4710 455 -253 63 1
> 10558 7124 345 -431 -57 1
! 82425 75420 SHIELD
! 88272 -55808 0
> 12086 5492 373 -282 -55 1
> 12134 6472 526 -173 -47 1
> 12170 4457 386 -215 45 1
> 10903 6693 293 -366 -39 1
! 91950 -54690 0
! 54396 -84159 200
> 12086 5492 373 -282 -55 1
> 12134 6472 526 -173 -47 1
> 12170 4457 386 -215 45 1
> 10903 6693 293 -366 -39 1
! 57569 93557 SHIELD
! 104261 -29143 0
> 12459 5210 317 -239 -37 1
> 12745 6118 518 -301 -65 1
> 12556 4242 328 -182 63 1
> 11196 6327 249 -311 -21 1
! 69817 -76705 0
! 24932 -93137 0
> 12459 5210 317 -239 -37 1
> 12745 6118 518 -301 -65 1
> 12556 4242 328 -182 63 1
> 11196 6327 249 -311 -21 1
! 28199 103010 SHIELD
! 88910 -56605 200
> 12776 4971 269 -203 -55 1
> 13263 5817 440 -255 -83 2
> 12884 4060 278 -154 81 1
> 11600 5890 343 -371 -39 1
! 42013 -90659 200
! -5818 -92346 0
> 12776 4971 269 -203 -55 1
> 13263 5817 440 -255 -83 2
> 12884 4060 278 -154 81 1
> 11600 5890 343 -371 -39 1
! -2759 102828 0
! 89314 -57042 200
> 13090 4703 256 -128 -73 1
> 13703 5562 374 -216 -101 2
> 13175 3780 258 -337 99 1
> 12098 5393 423 -422 -39 1
! 70448 -77212 200
! -34778 -81900 0
> 13090 4703 256 -128 -73 1
> 13703 5562 374 -216 -101 2
> 13175 3780 258 -337 99 1
> 12098 5393 423 -422 -39 1
! -32224 92880 0
! 89812 -57539 200
> 13461 4411 315 -248 -55 1
> 14077 5346 317 -183 -119 2
> 13433 3443 219 -286 117 1
> 12676 4845 491 -465 -39 1
! 42698 -91219 200
! -59058 -62854 0
> 13461 4411 315 -248 -55 1
> 14077 5346 317 -183 -119 2
> 13433 3443 219 -286 117 1
> 12676 4845 491 -465 -39 1
! -57277 74153 0
! 67139 -79022 0
> 13858 3958 446 -450 -73 1
> 14394 5163 269 -155 -137 2
> 13652 3157 186 -243 135 1
> 13144 4394 288 -317 -57 1
! 12113 -96027 200
! -76237 -37099 200
> 13858 3958 446 -450 -73 1
> 14394 5163 269 -155 -137 2
> 13652 3157 186 -243 135 1
> 13144 4394 288 -317 -57 1
! -31747 92257 200
! 39025 -92198 0
> 14424 3727 487 -174 -91 1
> 14482 4923 74 -203 -155 2
> 13624 2673 -30 -432 117 1
> 13432 4077 244 -269 -75 1
! -18133 -90825 SHIELD
! -84773 -7264 200
> 14424 3727 487 -174 -91 1
> 14482 4923 74 -203 -155 2
> 13624 2673 -30 -432 117 1
> 13432 4077 244 -269 -75 1
! -31775 91773 200
! 8198 -95785 0
> 14911 3553 413 -147 -109 1
> 14357 4696 -105 -193 -173 2
> 13503 2419 -102 -215 117 1
> 13676 3808 207 -228 -93 1
! -45271 -76311 200
! -76274 -37566 200
> 14911 3553 413 -147 -109 1
> 14357 4696 -105 -193 -173 2
> 13503 2419 -102 -215 117 1
> 13676 3808 207 -228 -93 1
! -2140 101187 0
! -22160 -89550 0
> 15324 3406 351 -124 -127 1
> 14071 4418 -243 -235 -155 2
> 13401 2204 -86 -182 99 1
> 13883 3580 175 -193 -111 1
! -66591 -53952 200
! -85184 -7769 200
> 15324 3406 351 -124 -127 1
> 14071 4418 -243 -235 -155 2
> 13401 2204 -86 -182 99 1
> 13883 3580 175 -193 -111 1
! -31998 91304 200
! -49049 -74134 200
> 15675 3282 298 -105 -145 1
> 13629 4159 -375 -220 -173 2
> 13224 2200 -150 -3 117 1
> 13932 3232 41 -296 -129 1
! -79955 -25955 200
! -85626 -8028 200
> 15675 3282 298 -105 -145 1
> 13629 4159 -375 -220 -173 2
> 13224 2200 -150 -3 117 1
> 13932 3232 41 -296 -129 1
! -2419 100968 0
! -69935 -51231 200
> 15973 3177 253 -89 -163 1
> 13055 3915 -487 -207 -173 2
> 13074 2197 -127 -2 99 1
> 13805 2827 -107 -344 -147 1
! -84012 4922 200
! -77576 -38347 200
> 15973 3177 253 -89 -163 1
> 13055 3915 -487 -207 -173 2
> 13074 2197 -127 -2 99 1
> 13805 2827 -107 -344 -147 1
! -32325 91297 200
! -82787 -23054 200
> 16026 3091 45 -72 -181 1
> 12387 3623 -568 -247 -155 2
> 12676 2272 -446 2 117 1
> 13685 2533 5 -189 -165 1
! -78526 35648 200
! -78244 -38639 200
> 16026 3091 45 -72 -181 1
> 12387 3623 -568 -247 -155 2
> 12676 2272 -446 2 117 1
> 13685 2533 5 -189 -165 1
! -58034 72982 200
! -86177 7766 200
> 15882 3084 -122 -5 -199 1
> 11638 3291 -636 -281 -155 2
> 12089 2415 -499 121 135 1
> 13490 2354 -165 -151 -183 1
! -78670 35641 200
! -61497 -64909 200
> 15882 3084 -122 -5 -199 1
> 11638 3291 -636 -281 -155 2
> 12089 2415 -499 121 135 1
> 13490 2354 -165 -151 -183 1
! -33310 91515 200
! -79868 38190 200
> 15571 3144 -264 51 161 1
> 10687 3069 -896 -87 -137 2
> 11668 2519 -270 -12 117 1
> 13138 2275 -298 -67 159 1
! -78981 35701 200
! -37794 -84393 0
> 15571 3144 -264 51 161 1
> 10687 3069 -896 -87 -137 2
> 11668 2519 -270 -12 117 1
> 13138 2275 -298 -67 159 1
! -3975 101287 0
! -86724 7508 0
> 15118 3260 -385 98 161 1
> 9791 2982 -761 -73 -119 2
> 11398 2507 -229 -10 99 1
> 12840 2208 -253 -56 177 1
! -84867 5005 0
! -9290 -95181 0
> 15118 3260 -385 98 161 1
> 9791 2982 -761 -73 -119 2
> 11398 2507 -229 -10 99 1
> 12840 2208 -253 -56 177 1
! 27041 101275 0
! -83752 -23673 0
> 14733 3358 -327 83 179 1
> 9030 2909 -646 -62 -101 2
> 11169 2497 -194 -8 81 1
> 12587 2152 -215 -47 -165 1
! -80897 -25879 0
! 21217 -96346 0
> 14733 3358 -327 83 179 1
> 9030 2909 -646 -62 -101 2
> 11169 2497 -194 -8 81 1
> 12587 2152 -215 -47 -165 1
! 56568 91597 BOOST
! -87275 7385 0
> 14406 3441 -277 70 197 1
> 8384 2847 -549 -52 -83 2
> 11270 3068 85 485 63 1
> 12372 2105 -182 -39 177 1
! -85579 5186 SHIELD
! 50646 -87784 0
> 14406 3441 -277 70 197 1
> 8384 2847 -549 -52 -83 2
> 11270 3068 85 485 63 1
> 12372 2105 -182 -39 177 1
! 81980 73778 200
! -84220 -23776 200
> 14129 3511 -235 59 179 1
> 7835 2795 -466 -44 -65 2
> 11496 3694 192 532 45 1
> 11997 2014 -318 -77 -165 1
! -80423 36068 200
! 76035 -70340 200
> 14129 3511 -235 59 179 1
> 7835 2795 -466 -44 -65 2
> 11496 3694 192 532 45 1
> 11997 2014 -318 -77 -165 1
! 100596 49093 200
! -87865 7247 200
> 13894 3570 -199 50 161 1
> 7505 2605 -280 -161 -47 2
> 11866 4317 314 529 27 1
> 11479 1947 -440 -56 177 1
! -86091 5315 SHIELD
! 94967 -45876 200
> 13894 3570 -199 50 161 1
> 7505 2605 -280 -161 -47 2
> 11866 4317 314 529 27 1
> 11479 1947 -440 -56 177 1
! 110634 19960 200
! -85113 -23934 200
> 13695 3620 -169 42 179 1
> 7400 2347 -89 -219 -29 2
> 12378 4877 434 476 9 1
> 10846 1839 -538 -91 -165 1
! -86290 5365 SHIELD
! 105563 -16734 200
> 13695 3620 -169 42 179 1
> 7400 2347 -89 -219 -29 2
> 12378 4877 434 476 9 1
> 10846 1839 -538 -91 -165 1
! 111146 -10766 0
! -85746 -24042 0
> 13526 3662 -143 35 179 1
> 7507 2090 91 -218 -11 2
> 12812 5353 368 404 -9 2
> 10308 1748 -457 -77 -165 1
! -82104 -25575 SHIELD
! 106762 14277 200
> 13526 3662 -143 35 179 1
> 7507 2090 91 -218 -11 2
> 12812 5353 368 404 -9 2
> 10308 1748 -457 -77 -165 1
! 101912 -40046 0
! -89554 6981 200
> 13383 3697 -121 29 -163 1
> 7797 1896 246 -164 7 2
> 13180 5757 312 343 -27 2
> 9651 1681 -558 -56 177 1
! -86602 5442 SHIELD
! 105960 -17185 200
> 13383 3697 -121 29 -163 1
> 7797 1896 246 -164 7 2
> 13180 5757 312 343 -27 2
> 9651 1681 -558 -56 177 1
! 83890 -64953 0
! -83707 37517 200
> 13262 3726 -102 24 179 1
> 8106 1697 -637 -144 -11 2
> 13492 6100 265 291 -45 2
> 9040 1693 380 -13 159 1
! -86723 5471 0
! 107361 13884 200
> 13262 3726 -102 24 179 1
> 8106 1697 -637 -144 -11 2
> 13492 6100 265 291 -45 2
> 9040 1693 380 -13 159 1
! 58890 -83000 0
! -90822 6926 0
> 13160 3750 -86 20 179 1
> 7668 1577 -372 -101 7 2
> 13757 6391 225 247 -63 2
> 9420 1680 323 -11 177 1
! -82470 -25487 SHIELD
! 106923 13764 200
> 13160 3750 -86 20 179 1
> 7668 1577 -372 -101 7 2
> 13757 6391 225 247 -63 2
> 9420 1680 323 -11 177 1
! 29400 -92377 200
! -87172 -24201 200
> 13074 3770 -73 17 -163 1
> 7495 1500 -147 -65 7 2
> 14013 6440 217 42 -81 2
> 9550 1617 110 -53 -165 1
! -68841 -53588 0
! 106750 13687 200
> 13074 3770 -73 17 -163 1
> 7495 1500 -147 -65 7 2
> 14013 6440 217 42 -81 2
> 9550 1617 110 -53 -165 1
! -1630 -92328 200
! -90312 6850 200
> 13001 3787 -62 14 -145 1
> 7547 1459 43 -34 7 2
> 14199 6284 157 -132 -99 2
> 9460 1574 -76 -36 177 1
! -68914 -53571 0
! 106802 13646 200
> 13001 3787 -62 14 -145 1
> 7547 1459 43 -34 7 2
> 14199 6284 157 -132 -99 2
> 9460 1574 -76 -36 177 1
! -31200 -82816 200
! -90402 6807 200
> 12939 3801 -52 11 -145 1
> 7789 1449 205 -8 7 2
> 14265 5974 56 -263 -117 2
> 9184 1548 -234 -21 177 1
! -68976 -53557 0
! 107044 13636 200
> 12939 3801 -52 11 -145 1
> 7789 1449 205 -8 7 2
> 14265 5974 56 -263 -117 2
> 9184 1548 -234 -21 177 1
! -56445 -64736 200
! -87408 -24333 200
> 12887 3812 -44 9 -145 1
> 7957 1455 -365 -17 7 2
> 14180 5570 -72 -343 -135 2
> 8992 1486 344 -30 -165 1
! -47295 -76052 0
! 107212 13642 200
> 12887 3812 -44 9 -145 1
> 7957 1455 -365 -17 7 2
> 14180 5570 -72 -343 -135 2
> 8992 1486 344 -30 -165 1
! -74920 -39828 200
! -90870 6719 200
> 12843 3821 -37 7 -127 1
> 7791 1462 -141 6 7 2
> 13930 5136 -212 -368 -153 2
> 9136 1466 122 -16 177 1
! -69072 -53537 0
! 105954 -17619 200
> 12843 3821 -37 7 -127 1
> 7791 1462 -141 6 7 2
> 13930 5136 -212 -368 -153 2
> 9136 1466 122 -16 177 1
! -75170 -40262 0
! -90726 6699 200
> 12806 3828 -31 5 -145 1
> 7846 1430 47 -27 -11 2
> 13718 4768 -180 -312 -153 2
> 9058 1460 -66 -4 177 1
! -69109 -53530 200
! 107101 13617 200
> 12806 3828 -31 5 -145 1
> 7846 1430 47 -27 -11 2
> 13718 4768 -180 -312 -153 2
> 9058 1460 -66 -4 177 1
! -75382 -40630 0
! -87534 -24421 200
> 12611 3718 -165 -93 -145 1
> 7999 1429 -219 4 7 2
> 13538 4456 -153 -265 -153 2
> 8891 1403 207 -54 -165 1
! -69304 -53640 0
! 107254 13616 200
> 12611 3718 -165 -93 -145 1
> 7999 1429 -219 4 7 2
> 13538 4456 -153 -265 -153 2
> 8891 1403 207 -54 -165 1
! -57172 -66254 200
! -90971 6636 200
> 12446 3625 -140 -79 -145 1
> 7979 1457 -17 24 7 2
> 13244 4050 -250 -345 -135 2
> 8898 1359 6 -37 177 1
! -47736 -76239 0
! 107234 13644 200
> 12446 3625 -140 -79 -145 1
> 7979 1457 -17 24 7 2
> 13244 4050 -250 -345 -135 2
> 8898 1359 6 -37 177 1
! -75856 -41348 0
! -84460 37195 200
> 12202 3505 -292 -135 -127 1
> 7929 1535 -147 80 7 2
> 13098 3746 -38 -224 -153 2
> 8949 1364 147 -9 159 1
! -20355 -91047 0
! 106092 -17546 200
> 12202 3505 -292 -135 -127 1
> 7929 1535 -147 80 7 2
> 13098 3746 -38 -224 -153 2
> 8949 1364 147 -9 159 1
! -85670 -11897 200
! -84409 37200 200
> 11910 3370 -248 -114 -109 1
> 7978 1577 41 35 -11 2
> 12862 3491 -200 -216 -171 2
> 8909 1427 -33 53 159 1
! -20647 -91182 0
! 106141 -17504 200
> 11910 3370 -248 -114 -109 1
> 7978 1577 41 35 -11 2
> 12862 3491 -200 -216 -171 2
> 8909 1427 -33 53 159 1
! -76238 -41907 200
! -90953 6660 200
> 11662 3256 -210 -96 -109 1
> 7888 1628 -196 62 -11 2
> 12484 3184 -321 -260 -153 2
> 9004 1437 200 -11 177 1
! 9917 -96729 200
! 106051 -17453 200
> 11662 3256 -210 -96 -109 1
> 7888 1628 -196 62 -11 2
> 12484 3184 -321 -260 -153 2
> 9004 1437 200 -11 177 1
! -86284 -12459 200
! -90858 6670 200
> 11171 2985 -439 -228 -91 1
> 7888 1652 0 20 -11 2
> 12243 2868 -183 -270 -171 2
> 9004 1436 0 0 177 1
! 40408 -92645 0
! 106051 -17429 200
> 11171 2985 -439 -228 -91 1
> 7888 1652 0 20 -11 2
> 12243 2868 -183 -270 -171 2
> 9004 1436 0 0 177 1
! -86525 -12775 200
! -84354 37272 200
> 10732 2757 -373 -193 -73 1
> 8029 1644 -161 42 -11 2
> 11862 2567 -323 -256 -171 2
> 8873 1498 170 2 159 1
! 68090 -79158 200
! 95491 -46837 200
> 10732 2757 -373 -193 -73 1
> 8029 1644 -161 42 -11 2
> 11862 2567 -323 -256 -171 2
> 8873 1498 170 2 159 1
! -86906 -13076 200
! -90989 6731 200
> 10474 2400 -219 -303 -55 1
> 8043 1589 11 -46 -29 2
> 11341 2280 -442 -244 -171 2
> 8843 1510 -25 10 177 1
! 67832 -79515 200
! 106206 -17492 0
> 10474 2400 -219 -303 -55 1
> 8043 1589 11 -46 -29 2
> 11341 2280 -442 -244 -171 2
> 8843 1510 -25 10 177 1
! -87427 17923 0
! -91019 6743 200
> 10088 1959 -390 -368 -55 1
> 7818 1566 -194 -19 -11 2
> 11180 2010 -73 -235 171 2
> 8854 1507 12 -2 177 1
! 89952 -58223 SHIELD
! 105981 -17515 200
> 10088 1959 -390 -368 -55 1
> 7818 1566 -194 -19 -11 2
> 11180 2010 -73 -235 171 2
> 8854 1507 12 -2 177 1
! -87588 17653 200
! -87738 -24374 0
> 9698 1591 -331 -312 -37 1
> 7820 1509 1 -48 -11 2
> 10909 1806 -229 -173 171 2
> 8866 1505 10 -1 -165 1
! 104250 -30966 200
! 105983 -17572 200
> 9698 1591 -331 -312 -37 1
> 7820 1509 1 -48 -11 2
> 10909 1806 -229 -173 171 2
> 8866 1505 10 -1 -165 1
! -78191 47205 200
! -87726 -24376 200
> 9601 1275 137 -289 -19 1
> 7728 1419 -323 -79 -11 2
> 10502 1724 -346 -69 153 2
> 8737 1460 -82 -13 -165 1
! 109586 -470 SHIELD
! 105891 -17662 0
> 9601 1275 137 -289 -19 1
> 7728 1419 -323 -79 -11 2
> 10502 1724 -346 -69 153 2
> 8737 1460 -82 -13 -165 1
! -88266 17367 0
! -87855 -24421 0
> 9736 984 105 -260 -1 1
> 7405 1340 -274 -67 -11 2
> 10172 1677 -181 92 171 2
> 8655 1447 -69 -11 -165 1
! 105366 30221 0
! 106660 13527 0
> 9736 984 105 -260 -1 1
> 7405 1340 -274 -67 -11 2
> 10172 1677 -181 92 171 2
> 8655 1447 -69 -11 -165 1
! -78928 47076 200
! -75212 -53016 0
> 9841 724 89 -221 17 1
> 7131 1273 -232 -56 7 2
> 9813 1860 -305 155 153 3
> 8586 1436 -58 -9 -147 1
! 91756 58082 0
! 106386 13460 200
> 9841 724 89 -221 17 1
> 7131 1273 -232 -56 7 2
> 9813 1860 -305 155 153 3
> 8586 1436 -58 -9 -147 1
! -79287 47259 200
! -88006 -24445 0
> 9930 503 75 -187 35 1
> 7098 1241 -28 -26 7 2
> 9330 2106 -410 208 153 3
> 8528 1427 -49 -7 -165 1
! 70112 80367 200
! 106353 13428 200
> 9930 503 75 -187 35 1
> 7098 1241 -28 -26 7 2
> 9330 2106 -410 208 153 3
> 8528 1427 -49 -7 -165 1
! -79770 47505 200
! -88064 -24454 200
> 10005 316 63 -158 53 1
> 7269 1239 144 -1 7 2
> 8742 2405 -499 253 153 3
> 8286 1368 -205 -49 -165 1
! 42562 94868 200
! 106524 13426 0
> 10005 316 63 -158 53 1
> 7269 1239 144 -1 7 2
> 8742 2405 -499 253 153 3
> 8286 1368 -205 -49 -165 1
! -90026 18048 200
! -88306 -24513 200
> 10133 347 108 26 71 1
> 7090 1202 -342 -52 7 2
> 8045 2689 -592 241 171 3
> 8211 1303 126 -34 -165 1
! 11878 100332 200
! 97721 43464 200
> 10133 347 108 26 71 1
> 7090 1202 -342 -52 7 2
> 8045 2689 -592 241 171 3
> 8211 1303 126 -34 -165 1
! -90723 18332 200
! -91651 6536 0
> 10244 573 94 192 89 1
> 6929 1235 -136 27 25 2
> 7255 2961 -671 231 171 3
> 8337 1269 107 -28 177 1
! -18993 96203 200
! 80064 69435 200
> 10244 573 94 192 89 1
> 6929 1235 -136 27 25 2
> 7255 2961 -671 231 171 3
> 8337 1269 107 -28 177 1
! -81845 48360 200
! -85021 37105 200
> 10280 956 30 325 107 1
> 6939 1398 8 138 43 2
> 6406 3283 -721 273 153 3
> 8257 1313 -67 37 159 1
! -18957 96586 200
! 80074 69598 0
> 10280 956 30 325 107 1
> 6939 1398 8 138 43 2
> 6406 3283 -721 273 153 3
> 8257 1313 -67 37 159 1
! -64304 73993 200
! -69457 64245 200
> 10252 1472 -24 438 107 1
> 6947 1536 6 117 43 2
> 5544 3697 -733 352 135 3
> 8035 1476 -189 138 141 1
! -47106 83387 200
! 97578 43798 0
> 10252 1472 -24 438 107 1
> 6947 1536 6 117 43 2
> 5544 3697 -733 352 135 3
> 8035 1476 -189 138 141 1
! -39855 92797 200
! -85323 37312 200
> 10113 2074 -117 511 125 1
> 6860 1652 -318 95 25 2
> 4720 4227 -700 450 117 3
> 7753 1687 4 182 159 1
! -47245 83989 200
! 106115 13839 200
> 10113 2074 -117 511 125 1
> 6860 1652 -318 95 25 2
> 4720 4227 -700 450 117 3
> 7753 1687 4 182 159 1
! -10923 102995 200
! -92109 6920 0
> 9881 2749 -196 573 125 1
> 6741 1771 -101 101 7 2
> 3989 4875 -621 550 99 0
> 7757 1869 3 154 177 1
! -47477 84664 200
! 104904 -17310 200
> 9881 2749 -196 573 125 1
> 6741 1771 -101 101 7 2
> 3989 4875 -621 550 99 0
> 7757 1869 3 154 177 1
! -41410 93975 0
! -88835 -24012 0
> 9570 3486 -264 626 125 1
> 6836 1834 81 53 -11 2
> 3368 5425 -527 467 117 0
> 7760 2023 2 130 -165 1
! -47788 85401 200
! 94298 -46647 200
> 9570 3486 -264 626 125 1
> 6836 1834 81 53 -11 2
> 3368 5425 -527 467 117 0
> 7760 2023 2 130 -165 1
! -42031 94525 0
! -76107 -52440 200
> 9191 4276 -321 671 125 1
> 6853 1724 -101 -125 -29 2
> 2841 5892 -447 396 117 0
> 7834 2110 178 105 -147 1
! -70673 64458 0
! 105016 -17357 200
> 9191 4276 -321 671 125 1
> 6853 1724 -101 -125 -29 2
> 2841 5892 -447 396 117 0
> 7834 2110 178 105 -147 1
! -12802 104660 0
! -55098 -75604 200
> 8870 4947 -272 570 143 1
> 6948 1561 81 -138 -11 2
> 2394 6288 -379 336 99 0
> 7886 2060 44 -42 -129 1
! -70994 65129 SHIELD
! 105111 -17520 200
> 8870 4947 -272 570 143 1
> 6948 1561 81 -138 -11 2
> 2394 6288 -379 336 99 0
> 7886 2060 44 -42 -129 1
! 18037 105056 200
! -27950 -91298 200
> 8598 5517 -231 484 143 1
> 7204 1370 38 -284 -11 2
> 2046 6822 -295 453 81 0
> 7879 1846 174 -59 -111 1
! -48760 87432 0
! 106459 13557 200
> 8598 5517 -231 484 143 1
> 7204 1370 38 -284 -11 2
> 2046 6822 -295 453 81 0
> 7879 1846 174 -59 -111 1
! 17689 105590 0
! 2645 -98016 0
> 8367 6001 -196 411 125 1
> 7441 1110 201 -220 7 2
> 1751 7275 -250 385 81 0
> 8053 1787 147 -50 -93 1
! -71497 66183 0
! 98072 43372 200
> 8367 6001 -196 411 125 1
> 7441 1110 201 -220 7 2
> 1751 7275 -250 385 81 0
> 8053 1787 147 -50 -93 1
! 47150 96375 0
! 2819 -98075 200
> 8171 6412 -166 349 143 1
> 7741 872 196 -276 25 2
> 1501 7660 -212 327 63 0
> 8272 1640 244 -51 -93 1
! -71693 66594 0
! 80876 69072 200
> 8171 6412 -166 349 143 1
> 7741 872 196 -276 25 2
> 1501 7660 -212 327 63 0
> 8272 1640 244 -51 -93 1
! 72211 78370 200
! -27564 -91718 200
> 8005 6761 -141 296 143 1
> 8060 691 203 -269 43 2
> 1430 8128 -59 398 45 0
> 8468 1443 233 -51 -111 1
! -71859 66943 0
! 56541 88153 200
> 8005 6761 -141 296 143 1
> 8060 691 203 -269 43 2
> 1430 8128 -59 398 45 0
> 8468 1443 233 -51 -111 1
! 90530 53527 0
! -27368 -91915 0
> 7864 7057 -119 251 143 1
> 8360 597 254 -79 61 2
> 1371 8526 -50 338 27 0
> 8701 1392 198 -43 -111 1
! -72000 67239 0
! 27441 98760 200
> 7864 7057 -119 251 143 1
> 8360 597 254 -79 61 2
> 1371 8526 -50 338 27 0
> 8701 1392 198 -43 -111 1
! 100139 24169 200
! -27135 -91966 200
> 7745 7308 -101 213 143 1
> 8527 421 120 -200 79 2
> 1519 8895 125 313 9 0
> 8952 1456 235 105 -111 1
! -72119 67490 SHIELD
! 57008 87883 200
> 7745 7308 -101 213 143 1
> 8527 421 120 -200 79 2
> 1519 8895 125 313 9 0
> 8952 1456 235 105 -111 1
! 100287 -6748 0
! -26884 -91902 200
> 7644 7521 -85 181 143 1
> 8744 396 184 -21 61 2
> 1644 9208 106 266 -9 0
> 9115 1374 138 -69 -111 1
! -86908 40078 200
! 27825 98559 200
> 7644 7521 -85 181 143 1
> 8744 396 184 -21 61 2
> 1644 9208 106 266 -9 0
> 9115 1374 138 -69 -111 1
! 90744 -36191 0
! -26721 -91984 200
> 7559 7702 -72 153 161 1
> 8890 373 48 -214 79 2
> 1750 9474 90 226 -27 0
> 9258 1316 196 146 -111 1
! -86993 40259 200
! 57371 87835 200
> 7559 7702 -72 153 161 1
> 8890 373 48 -214 79 2
> 1750 9474 90 226 -27 0
> 9258 1316 196 146 -111 1
! 90850 -35925 200
! -26578 -92042 200
> 7487 7855 -61 130 161 1
> 9035 334 123 -33 61 2
> 2018 9609 227 114 -27 0
> 9382 1275 105 -34 -111 1
! -87065 40412 0
! 28116 98497 200
> 7487 7855 -61 130 161 1
> 9035 334 123 -33 61 2
> 2018 9609 227 114 -27 0
> 9382 1275 105 -34 -111 1
! 91118 -35790 200
! -26454 -92083 200
> 7426 7985 -51 110 161 1
> 9125 309 15 -182 79 2
> 2423 9632 344 19 -27 0
> 9487 1243 149 133 -111 1
! -92559 9730 0
! 28206 98472 200
> 7426 7985 -51 110 161 1
> 9125 309 15 -182 79 2
> 2423 9632 344 19 -27 0
> 9487 1243 149 133 -111 1
! 91523 -35767 200
! -53445 -76471 200
> 7375 8095 -43 93 179 1
> 9178 323 45 12 79 2
> 2945 9560 443 -61 -27 0
> 9510 1221 19 -19 -129 1
! -92610 9840 200
! 28259 98486 200
> 7375 8095 -43 93 179 1
> 9178 323 45 12 79 2
> 2945 9560 443 -61 -27 0
> 9510 1221 19 -19 -129 1
! 92045 -35839 0
! -26326 -92137 200
> 7132 8191 -206 82 179 1
> 9163 271 -60 -169 79 2
> 3388 9499 376 -51 -27 0
> 9556 1275 86 171 -111 1
! -92853 9936 0
! 57644 87733 200
> 7132 8191 -206 82 179 1
> 9163 271 -60 -169 79 2
> 3388 9499 376 -51 -27 0
> 9556 1275 86 171 -111 1
! 102156 -6144 200
! -26280 -92083 200
> 6926 8273 -175 69 179 1
> 9200 277 31 5 61 2
> 3962 9417 487 -69 -9 0
> 9570 1259 12 -13 -111 1
! -87626 40830 200
! 28281 98440 200
> 6926 8273 -175 69 179 1
> 9200 277 31 5 61 2
> 3962 9417 487 -69 -9 0
> 9570 1259 12 -13 -111 1
! 102730 25060 200
! -26266 -92099 200
> 6562 8407 -309 113 161 1
> 9206 319 -72 -161 79 2
> 4647 9379 581 -32 9 0
> 9573 1218 80 162 -111 1
! -73302 68589 200
! 57687 87781 200
> 6562 8407 -309 113 161 1
> 9206 319 -72 -161 79 2
> 4647 9379 581 -32 9 0
> 9573 1218 80 162 -111 1
! 103415 -6264 200
! -26263 -92140 200
> 6093 8640 -398 198 143 1
> 9231 333 21 11 61 2
> 5426 9316 661 -53 -9 0
> 9581 1193 7 -21 -111 1
! -73771 68822 200
! 28312 98496 200
> 6093 8640 -398 198 143 1
> 9231 333 21 11 61 2
> 5426 9316 661 -53 -9 0
> 9581 1193 7 -21 -111 1
! 94526 -36083 0
! -26255 -92165 200
> 6101 8250 83 -427 143 1
> 9172 262 -92 -160 79 2
> 5521 9971 4 652 -27 0
> 9635 1263 88 160 -111 1
! -88451 40807 SHIELD
! 28253 98425 200
> 6101 8250 83 -427 143 1
> 9172 262 -92 -160 79 2
> 5521 9971 4 652 -27 0
> 9635 1263 88 160 -111 1
! 76231 -60739 200
! -53297 -76451 200
> 6184 7823 70 -362 161 1
> 9118 298 -45 30 79 2
> 5666 10482 123 433 -45 0
> 9597 1268 -32 3 -129 1
! -93801 9568 200
! 57599 87760 200
> 6184 7823 70 -362 161 1
> 9118 298 -45 30 79 2
> 5666 10482 123 433 -45 0
> 9597 1268 -32 3 -129 1
! 51064 -78618 200
! -26239 -92090 200
> 6254 7461 59 -307 179 1
> 9107 384 -121 -138 61 2
> 5880 10737 181 216 -63 0
> 9556 1204 77 156 -111 1
! -89376 -21776 0
! 82242 68584 200
> 6254 7461 59 -307 179 1
> 9107 384 -121 -138 61 2
> 5880 10737 181 216 -63 0
> 9556 1204 77 156 -111 1
! 21523 -88031 200
! -53376 -76510 200
> 6313 7154 50 -260 197 1
> 9132 382 21 -1 43 2
> 6092 10755 180 15 -81 0
> 9507 1205 -41 0 -129 1
! -75602 -50204 0
! 57613 87844 200
> 6313 7154 50 -260 197 1
> 9132 382 21 -1 43 2
> 6092 10755 180 15 -81 0
> 9507 1205 -41 0 -129 1
! 21735 -88013 200
! -26329 -92153 200
> 6363 6894 42 -221 215 1
> 9123 264 -42 -181 61 2
> 6303 10572 179 -155 -81 0
> 9521 1310 47 170 -111 1
! -53819 -72970 0
! 57604 87726 200
> 6363 6894 42 -221 215 1
> 9123 264 -42 -181 61 2
> 6303 10572 179 -155 -81 0
> 9521 1310 47 170 -111 1
! 51701 -78528 200
! -26315 -92048 200
> 6405 6673 35 -187 233 1
> 9178 258 46 -5 61 2
> 6573 10239 229 -283 -63 0
> 9496 1293 -20 -14 -111 1
! -26152 -87879 200
! 57659 87720 200
> 6405 6673 35 -187 233 1
> 9178 258 46 -5 61 2
> 6573 10239 229 -283 -63 0
> 9496 1293 -20 -14 -111 1
! 51971 -78861 200
! 4262 -98569 200
> 6375 6297 -25 -319 -109 1
> 9288 299 33 -196 61 2
> 6893 9778 271 -392 -63 0
> 9499 1208 62 159 -93 1
! 4630 -93688 200
! 28369 98462 200
> 6375 6297 -25 -319 -109 1
> 9288 299 33 -196 61 2
> 6893 9778 271 -392 -63 0
> 9499 1208 62 159 -93 1
! 77603 -60932 200
! 4265 -98654 200
> 6347 5778 -24 -441 -91 1
> 9359 299 60 0 79 2
> 7305 9245 350 -453 -45 0
> 9551 1167 43 -34 -93 1
! 35584 -89852 200
! 28440 98462 200
> 6347 5778 -24 -441 -91 1
> 9359 299 60 0 79 2
> 7305 9245 350 -453 -45 0
> 9551 1167 43 -34 -93 1
! 96405 -36154 200
! -26285 -92191 200
> 6381 5146 29 -537 -73 1
> 9385 158 6 -194 79 2
> 7833 8701 448 -462 -27 0
> 9594 1284 52 173 -111 1
! 63739 -76769 200
! 28466 98321 200
> 6381 5146 29 -537 -73 1
> 9385 158 6 -194 79 2
> 7833 8701 448 -462 -27 0
> 9594 1284 52 173 -111 1
! 106601 -6942 200
! -26242 -92074 200
> 6525 4445 122 -595 -55 1
> 9429 160 37 1 79 2
> 8479 8208 548 -419 -9 1
> 9574 1270 -16 -11 -111 1
! 86389 -55737 0
! 28510 98323 200
> 6525 4445 122 -595 -55 1
> 9429 160 37 1 79 2
> 8479 8208 548 -419 -9 1
> 9574 1270 -16 -11 -111 1
! 107247 -7435 200
! 4340 -98592 200
> 6647 3850 103 -505 -37 1
> 9496 261 34 -183 79 2
> 9225 7758 633 -382 -9 1
> 9556 1156 7 172 -93 1
! 101199 -28707 200
! 28577 98424 200
> 6647 3850 103 -505 -37 1
> 9496 261 34 -183 79 2
> 9225 7758 633 -382 -9 1
> 9556 1156 7 172 -93 1
! 98325 -37641 200
! 4322 -98706 200
> 6939 3280 248 -484 -19 1
> 9568 274 61 11 79 2
> 10036 7285 689 -401 -27 1
> 9553 1128 -2 -23 -93 1
! 101491 -29277 200
! -2619 99529 200
> 6939 3280 248 -484 -19 1
> 9568 274 61 11 79 2
> 10036 7285 689 -401 -27 1
> 9553 1128 -2 -23 -93 1
! 80746 -63425 200
! 4319 -98734 200
> 7376 2731 371 -466 -19 1
> 9615 107 40 -187 97 2
> 10866 6743 705 -461 -45 1
> 9531 1282 -20 176 -93 1
! 87240 -57451 200
! -2572 99362 200
> 7376 2731 371 -466 -19 1
> 9615 107 40 -187 97 2
> 10866 6743 705 -461 -45 1
> 9531 1282 -20 176 -93 1
! 56264 -82357 0
! -26305 -92076 200
> 7907 2145 451 -498 -37 1
> 9631 119 13 9 97 2
> 11571 6282 599 -391 -63 1
> 9439 1271 -77 -9 -111 1
! 102459 -30412 0
! -2556 99374 200
> 7907 2145 451 -498 -37 1
> 9631 119 13 9 97 2
> 11571 6282 599 -391 -63 1
> 9439 1271 -77 -9 -111 1
! 56969 -82818 0
! 4205 -98591 200
> 8358 1647 383 -423 -19 1
> 9625 310 93 -118 97 2
> 12170 5891 509 -332 -63 1
> 9346 1078 -177 117 -93 1
! 102910 -30910 200
! -32637 90941 200
> 8358 1647 383 -423 -19 1
> 9625 310 93 -118 97 2
> 12170 5891 509 -332 -63 1
> 9346 1078 -177 117 -93 1
! 57568 -83209 200
! -26490 -92280 200
> 8435 1459 -181 -10 -19 1
> 9855 -56 312 -537 115 2
> 12770 5381 509 -433 -63 2
> 9371 1138 151 128 -111 1
! 102987 -31098 0
! -32407 90575 200
> 8435 1459 -181 -10 -19 1
> 9855 -56 312 -537 115 2
> 12770 5381 509 -433 -63 2
> 9371 1138 151 128 -111 1
! 28413 -93387 0
! 4137 -98724 0
> 8254 1449 -153 -8 -19 1
> 10082 -412 193 -302 115 2
> 13279 4948 432 -368 -81 2
> 9522 1266 128 108 -93 1
! 108239 -296 200
! -2105 98843 200
> 8254 1449 -153 -8 -19 1
> 10082 -412 193 -302 115 2
> 13279 4948 432 -368 -81 2
> 9522 1266 128 108 -93 1
! -2364 -93820 200
! 35403 -95326 200
> 8301 1438 39 -9 -1 1
> 10251 -515 143 -87 97 2
> 13680 4382 340 -480 -99 2
> 9702 1181 152 -72 -75 1
! 108286 -307 200
! -32011 90116 200
> 8301 1438 39 -9 -1 1
> 10251 -515 143 -87 97 2
> 13680 4382 340 -480 -99 2
> 9702 1181 152 -72 -75 1
! -31719 -84718 200
! 35583 -95411 200
> 8540 1426 203 -10 -1 1
> 10309 -421 49 80 115 2
> 13929 3724 211 -559 -117 2
> 9906 916 173 -225 -75 1
! 103092 -31131 0
! -57891 72714 200
> 8540 1426 203 -10 -1 1
> 10309 -421 49 80 115 2
> 13929 3724 211 -559 -117 2
> 9906 916 173 -225 -75 1
! -56781 -66986 200
! 35787 -95676 200
> 8743 1416 172 -8 -19 1
> 10239 -295 26 -384 133 2
> 13999 3024 59 -595 -135 2
> 10113 598 90 221 -75 1
! 103295 -31141 200
! -32023 90336 200
> 8743 1416 172 -8 -19 1
> 10239 -295 26 -384 133 2
> 13999 3024 59 -595 -135 2
> 10113 598 90 221 -75 1
! -75101 -42374 200
! 4879 -99264 200
> 9104 1343 306 -62 -19 1
> 10180 -498 -49 -172 115 2
> 13880 2338 -101 -582 -153 2
> 10193 619 67 18 -93 1
! 88968 -58839 200
! -58020 72637 200
> 9104 1343 306 -62 -19 1
> 10180 -498 -49 -172 115 2
> 13880 2338 -101 -582 -153 2
> 10193 619 67 18 -93 1
! -84888 -13305 200
! -25643 -92739 200
> 9570 1161 395 -155 -37 1
> 9995 -524 -157 -21 133 2
> 13581 1725 -253 -521 -171 2
> 10188 450 -3 -143 -111 1
! 66928 -80754 0
! -32267 90107 200
> 9570 1161 395 -155 -37 1
> 9995 -524 -157 -21 133 2
> 13581 1725 -253 -521 -171 2
> 10188 450 -3 -143 -111 1
! -85187 17368 200
! -52744 -77264 200
> 9911 1135 212 162 -55 1
> 9687 -569 -310 -189 115 2
> 13130 1235 -382 -416 171 2
> 10179 228 118 -222 -129 1
! 39148 -94495 200
! -2500 98686 200
> 9911 1135 212 162 -55 1
> 9687 -569 -310 -189 115 2
> 13130 1235 -382 -416 171 2
> 10179 228 118 -222 -129 1
! -75970 46634 200
! -73688 -54235 200
> 10181 1106 229 -24 -73 1
> 9353 -559 -284 8 97 2
> 12570 910 -476 -276 153 2
> 10129 -103 -42 -281 -147 1
! 8436 -98879 200
! 28434 97604 200
> 10181 1106 229 -24 -73 1
> 9353 -559 -284 8 97 2
> 12570 910 -476 -276 153 2
> 10129 -103 -42 -281 -147 1
! -76530 46309 200
! -86463 -25984 200
> 10407 882 191 -190 -91 1
> 9029 -372 -351 142 79 2
> 11916 725 -556 -157 153 2
> 9972 -419 -57 -251 -165 1
! 8662 -99103 200
! 57510 87090 200
> 10407 882 191 -190 -91 1
> 9029 -372 -351 142 79 2
> 11916 725 -556 -157 153 2
> 9972 -419 -57 -251 -165 1
! -86852 16368 SHIELD
! -89890 4814 0
> 10539 487 -952 -423 -91 1
> 8775 -55 -215 269 61 2
> 11366 568 -361 -124 171 2
> 9915 -670 -48 -213 -183 1
! 39776 -95143 200
! 81910 68145 200
> 10539 487 -952 -423 -91 1
> 8775 -55 -215 269 61 2
> 11366 568 -361 -124 171 2
> 9915 -670 -48 -213 -183 1
! -77734 45967 0
! -83443 35166 200
> 9664 -1 -690 -48 -73 1
> 8706 350 -58 344 43 2
> 11005 444 -306 -105 153 2
> 9662 -938 -268 -593 159 1
! 7919 -99986 200
! 81841 68550 200
> 9664 -1 -690 -48 -73 1
> 8706 350 -58 344 43 2
> 11005 444 -306 -105 153 2
> 9662 -938 -268 -593 159 1
! -59705 71154 200
! -68052 61994 200
> 8971 -249 -589 -210 -91 1
> 8794 830 75 408 43 2
> 10699 339 -260 -89 135 2
> 9239 -1405 -359 -397 141 1
! 38208 -95879 200
! 57275 88292 200
> 8971 -249 -589 -210 -91 1
> 8794 830 75 408 43 2
> 10699 339 -260 -89 135 2
> 9239 -1405 -359 -397 141 1
! -34700 89439 0
! -45224 82462 0
> 8440 -650 -450 -341 -73 1
> 8966 1413 146 495 61 2
> 10439 250 -221 -75 117 2
> 8880 -1802 -305 -337 123 1
! 65798 -82565 200
! 28047 99576 0
> 8440 -650 -450 -341 -73 1
> 8966 1413 146 495 61 2
> 10439 250 -221 -75 117 2
> 8880 -1802 -305 -337 123 1
! -5204 99018 200
! -17001 94790 200
> 8105 -1155 -284 -429 -55 1
> 9112 1908 124 420 79 3
> 10187 373 -214 104 99 2
> 8523 -1946 -303 -122 105 1
! 87969 -61337 0
! -3075 101163 0
> 8105 -1155 -284 -429 -55 1
> 9112 1908 124 420 79 3
> 10187 373 -214 104 99 2
> 8523 -1946 -303 -122 105 1
! -35212 89473 200
! 13756 97916 200
> 7642 -1290 -434 -47 -37 1
> 9236 2328 105 357 97 3
> 9882 655 -259 239 117 2
> 8410 -2162 -55 -251 87 1
! 102194 -33847 0
! -33026 92959 0
> 7642 -1290 -434 -47 -37 1
> 9236 2328 105 357 97 3
> 9882 655 -259 239 117 2
> 8410 -2162 -55 -251 87 1
! -60828 71365 200
! -17471 94430 200
> 7208 -1337 -368 -39 -19 1
> 9341 2685 89 303 115 3
> 9482 1035 -340 323 135 3
> 8303 -2220 -90 -49 105 1
! 107193 -3082 200
! -58859 75820 0
> 7208 -1337 -368 -39 -19 1
> 9341 2685 89 303 115 3
> 9482 1035 -340 323 135 3
> 8303 -2220 -90 -49 105 1
! -79618 46434 200
! -17578 94372 200
> 7040 -1379 -142 -36 -1 1
> 9430 2988 75 257 133 3
> 8964 1449 -440 351 153 3
> 8161 -2076 -120 122 105 1
! 102670 27858 200
! -78032 51469 200
> 7040 -1379 -142 -36 -1 1
> 9430 2988 75 257 133 3
> 8964 1449 -440 351 153 3
> 8161 -2076 -120 122 105 1
! -80136 46848 200
! 13394 97786 200
> 7089 -1357 41 19 17 1
> 9330 3342 -84 300 151 3
> 8346 1891 -525 375 153 3
> 8051 -1754 -93 273 87 1
! 89004 56001 200
! -88833 22423 200
> 7089 -1357 41 19 17 1
> 9330 3342 -84 300 151 3
> 8346 1891 -525 375 153 3
> 8051 -1754 -93 273 87 1
! -90422 17534 200
! -17830 94838 200
> 7108 -1171 -174 210 35 1
> 9050 3680 -238 287 169 3
> 7623 2297 -614 345 171 3
> 8092 -1340 225 298 105 1
! 67290 78693 200
! -90205 -8507 200
> 7108 -1171 -174 210 35 1
> 9050 3680 -238 287 169 3
> 7623 2297 -614 345 171 3
> 8092 -1340 225 298 105 1
! -81477 47696 200
! -17789 95252 200
> 7054 -801 -45 314 53 1
> 8613 3943 -371 223 187 3
> 6831 2733 -673 370 153 3
> 8265 -849 147 417 105 1
! 39611 93751 200
! -90642 -8244 200
> 7054 -801 -45 314 53 1
> 8613 3943 -371 223 187 3
> 6831 2733 -673 370 153 3
> 8265 -849 147 417 105 1
! -82269 48132 200
! 13498 99013 200
> 7074 -298 17 427 71 1
> 8043 4142 -484 168 -173 3
> 5980 3194 -723 391 153 3
> 8422 -232 133 524 87 1
! 8819 99687 200
! -91212 -8045 200
> 7074 -298 17 427 71 1
> 8043 4142 -484 168 -173 3
> 5980 3194 -723 391 153 3
> 8422 -232 133 524 87 1
! -83120 48593 200
! -17459 96360 0
> 7094 329 17 532 89 1
> 7360 4286 -580 122 -173 3
> 5079 3676 -766 409 153 3
> 8555 292 113 445 105 1
! -22143 95959 200
! -90803 23367 200
> 7094 329 17 532 89 1
> 7360 4286 -580 122 -173 3
> 5079 3676 -766 409 153 3
> 8555 292 113 445 105 1
! -65631 74386 200
! -45908 84159 0
> 7053 1052 -35 614 107 1
> 6584 4446 -659 136 -191 3
> 4172 4226 -771 467 135 0
> 8668 737 96 378 123 1
! -22184 96682 200
! -92671 -7741 200
> 7053 1052 -35 614 107 1
> 6584 4446 -659 136 -191 3
> 4172 4226 -771 467 135 0
> 8668 737 96 378 123 1
! -41227 93326 0
! -17213 97329 200
> 6960 1857 -79 684 107 1
> 5726 4558 -728 94 -173 3
> 3401 4693 -655 396 117 0
> 8712 1308 37 485 105 1
! -50398 83772 200
! -92437 23639 200
> 6960 1857 -79 684 107 1
> 5726 4558 -728 94 -173 3
> 3401 4693 -655 396 117 0
> 8712 1308 37 485 105 1
! -12242 103461 0
! -45751 85175 200
> 6766 2705 -164 720 125 1
> 4802 4690 -785 112 -191 3
> 2746 5089 -556 336 99 0
> 8640 1961 -61 554 123 1
! -50592 84620 200
! -82660 53171 0
> 6766 2705 -164 720 125 1
> 4802 4690 -785 112 -191 3
> 2746 5089 -556 336 99 0
> 8640 1961 -61 554 123 1
! 18389 103857 0
! -45823 85828 0
> 6487 3589 -236 751 125 1
> 4017 4802 -667 95 -209 0
> 2190 5425 -472 285 81 0
> 8579 2515 -51 470 123 1
! -73377 63771 0
! -64183 77937 200
> 6487 3589 -236 751 125 1
> 4017 4802 -667 95 -209 0
> 2190 5425 -472 285 81 0
> 8579 2515 -51 470 123 1
! 47589 94525 0
! -69135 65447 0
> 6251 4340 -200 638 143 1
> 3214 5043 -682 205 133 0
> 1718 5710 -401 242 63 0
> 8528 2985 -43 399 141 1
! -88301 36897 0
! -39048 95674 200
> 6251 4340 -200 638 143 1
> 3214 5043 -682 205 133 0
> 1718 5710 -401 242 63 0
> 8528 2985 -43 399 141 1
! 72428 76420 200
! -69186 65917 0
> 6051 4978 -170 542 161 1
> 2447 5429 -651 328 115 0
> 1458 6093 -220 325 45 0
> 8485 3384 -36 339 141 1
! -73813 65160 0
! -9740 104684 200
> 6051 4978 -170 542 161 1
> 2447 5429 -651 328 115 0
> 1458 6093 -220 325 45 0
> 8485 3384 -36 339 141 1
! 90558 51492 200
! -69229 66316 0
> 5881 5520 -144 460 143 1
> 1876 5844 -277 128 97 0
> 1312 6621 -331 672 27 0
> 8449 3723 -30 288 141 1
! -51477 87435 0
! 20957 104007 200
> 5881 5520 -144 460 143 1
> 1876 5844 -277 128 97 0
> 1312 6621 -331 672 27 0
> 8449 3723 -30 288 141 1
! 100080 22264 200
! -69265 66655 0
> 5737 5980 -122 391 125 1
> 1637 6168 -203 275 79 0
> 1179 7324 -113 597 9 0
> 8419 4011 -25 244 141 1
! -23500 101610 0
! 50118 93630 200
> 5737 5980 -122 391 125 1
> 1637 6168 -203 275 79 0
> 1179 7324 -113 597 9 0
> 8419 4011 -25 244 141 1
! 99947 -8319 200
! -69295 66943 200
> 5615 6371 -103 332 107 1
> 1531 6618 -90 382 61 0
> 1264 7890 71 480 -9 0
> 8239 4381 -153 314 141 1
! -51743 88286 0
! 74666 74818 200
> 5615 6371 -103 332 107 1
> 1531 6618 -90 382 61 0
> 1264 7890 71 480 -9 0
> 8239 4381 -153 314 141 1
! 100032 23533 200
! -69475 67313 200
> 5512 6703 -87 282 125 1
> 1587 7136 47 440 43 0
> 1533 8401 228 434 9 0
> 7931 4821 -262 373 141 1
! -23725 102333 200
! 92218 49398 200
> 5512 6703 -87 282 125 1
> 1587 7136 47 440 43 0
> 1533 8401 228 434 9 0
> 7931 4821 -262 373 141 1
! 100301 -7242 200
! -46532 88688 200
> 5367 7176 -123 402 107 1
> 1815 7661 194 445 25 0
> 1959 8804 361 342 -9 0
> 7560 5362 -315 459 123 1
! -51991 89091 200
! 74950 75861 200
> 5367 7176 -123 402 107 1
> 1815 7661 194 445 25 0
> 1959 8804 361 342 -9 0
> 7560 5362 -315 459 123 1
! 91059 -36595 200
! -46903 89229 200
> 5129 7742 -202 480 125 1
> 2155 8242 289 494 43 0
> 2498 9055 458 213 -27 0
> 7136 5989 -360 532 123 1
! -52229 89657 200
! 92786 50504 200
> 5129 7742 -202 480 125 1
> 2155 8242 289 494 43 0
> 2498 9055 458 213 -27 0
> 7136 5989 -360 532 123 1
! 73208 -61655 0
! -18745 102581 0
> 4812 8386 -269 547 125 1
> 2517 8590 278 233 25 0
> 3064 9498 510 439 -45 0
> 6776 6521 -306 452 105 1
! -24425 104016 200
! 93148 50852 200
> 4812 8386 -269 547 125 1
> 2517 8590 278 233 25 0
> 3064 9498 510 439 -45 0
> 6776 6521 -306 452 105 1
! 73774 -61212 0
! -47687 90388 0
> 4485 9124 -278 627 107 1
> 2976 8908 390 269 25 0
> 3574 9937 433 373 -45 0
> 6470 6973 -260 384 123 1
! -52873 91039 200
! 102231 21095 0
> 4485 9124 -278 627 107 1
> 2976 8908 390 269 25 0
> 3574 9937 433 373 -45 0
> 6470 6973 -260 384 123 1
! 48972 -79163 200
! -19411 103565 0
> 4538 9447 289 17 125 1
> 3366 9177 331 228 7 0
> 3652 10600 -178 820 -63 0
> 6210 7357 -221 326 105 1
! -75326 69629 200
! 93997 51439 0
> 4538 9447 289 17 125 1
> 3366 9177 331 228 7 0
> 3652 10600 -178 820 -63 0
> 6210 7357 -221 326 105 1
! 49050 -78500 200
! -48253 91224 0
> 4667 9584 109 116 143 1
> 3697 9405 281 193 25 0
> 3565 11242 -74 545 -63 0
> 5989 7683 -187 277 123 1
! -89885 42141 200
! 76832 77605 200
> 4667 9584 109 116 143 1
> 3697 9405 281 193 25 0
> 3565 11242 -74 545 -63 0
> 5989 7683 -187 277 123 1
! 19208 -87526 200
! -19892 104275 0
> 4921 9819 372 224 161 1
> 3790 9681 -76 209 43 0
> 3522 11589 -36 295 -81 0
> 5802 7960 -158 235 105 1
! -95064 11564 200
! 52271 97143 0
> 4921 9819 372 224 161 1
> 3790 9681 -76 209 43 0
> 3522 11589 -36 295 -81 0
> 5802 7960 -158 235 105 1
! 19165 -87179 200
! 11035 107822 0
> 5093 10046 146 193 179 1
> 3714 9890 -64 177 61 0
> 3517 11686 -4 82 -81 0
> 5644 8195 -134 199 87 1
! -89459 42603 0
! 52195 97352 0
> 5093 10046 146 193 179 1
> 3714 9890 -64 177 61 0
> 3517 11686 -4 82 -81 0
> 5644 8195 -134 199 87 1
! 48915 -77414 0
! 41480 101553 0
> 5239 10239 124 164 161 1
> 3650 10067 -54 150 61 0
> 3513 11768 -3 69 -63 0
> 5510 8394 -113 169 69 1
! -89313 42796 0
! 76785 78267 0
> 5239 10239 124 164 161 1
> 3650 10067 -54 150 61 0
> 3513 11768 -3 69 -63 0
> 5510 8394 -113 169 69 1
! 74223 -58942 200
! 41346 101752 0
> 5363 10403 105 139 161 1
> 3596 10217 -45 127 43 0
> 3651 11696 117 -61 -45 0
> 5397 8563 -96 143 69 1
! -94622 12148 200
! 76731 78417 200
> 5363 10403 105 139 161 1
> 3596 10217 -45 127 43 0
> 3651 11696 117 -61 -45 0
> 5397 8563 -96 143 69 1
! 49049 -77404 0
! 68329 86277 0
> 5268 10545 -80 121 179 1
> 3697 10480 86 223 43 0
> 3768 11635 99 -51 -63 0
> 5301 8706 -81 121 51 1
! -89284 43102 200
! 94328 52742 200
> 5268 10545 -80 121 179 1
> 3697 10480 86 223 43 0
> 3768 11635 99 -51 -63 0
> 5301 8706 -81 121 51 1
! 74478 -59075 200
! 89168 63169 0
> 4999 10731 -228 158 161 1
> 3955 10644 199 -163 25 0
> 4018 11586 231 261 -45 0
> 5220 8827 -68 102 33 1
! -89553 43288 200
! 94586 52906 200
> 4999 10731 -228 158 161 1
> 3955 10644 199 -163 25 0
> 4018 11586 231 261 -45 0
> 5220 8827 -68 102 33 1
! 49416 -77514 200
! 101812 34708 0
> 5038 11064 227 330 161 1
> 3879 10455 -258 -207 25 0
> 4340 11669 273 70 -63 0
> 5152 8929 -57 86 15 1
! -94947 12809 200
! 77014 78655 200
> 5038 11064 227 330 161 1
> 3879 10455 -258 -207 25 0
> 4340 11669 273 70 -63 0
> 5152 8929 -57 86 15 1
! 19983 -87099 200
! 105014 3695 0
> 5364 11164 359 20 179 1
> 3767 10384 -94 -60 43 0
> 4345 11775 -77 154 -81 0
> 5095 9015 -48 73 -3 1
! -90266 -18073 200
! 76902 78584 200
> 5364 11164 359 20 179 1
> 3767 10384 -94 -60 43 0
> 4345 11775 -77 154 -81 0
> 5095 9015 -48 73 -3 1
! 49743 -77325 200
! 104957 3781 0
> 5532 11126 142 -32 197 1
> 3819 10460 44 64 43 0
> 4359 11751 11 -20 -63 0
> 5047 9088 -40 62 -3 1
! -94453 12871 200
! 94450 52722 200
> 5532 11126 142 -32 197 1
> 3819 10460 44 64 43 0
> 4359 11751 11 -20 -63 0
> 5047 9088 -40 62 -3 1
! 75069 -58959 0
! 104909 3854 0
> 5474 11097 -49 -24 179 1
> 4044 10609 191 126 25 0
> 4370 11731 9 -17 -45 0
> 5007 9150 -34 52 -3 1
! -89078 43654 0
! 77179 78809 0
> 5474 11097 -49 -24 179 1
> 4044 10609 191 126 25 0
> 4370 11731 9 -17 -45 0
> 5007 9150 -34 52 -3 1
! 49768 -77369 0
! 101599 35031 0
> 5425 11073 -41 -20 161 1
> 4235 10735 162 107 43 0
> 4379 11714 7 -14 -63 0
> 4973 9202 -28 44 15 1
! -94560 12818 200
! 52716 98197 200
> 5425 11073 -41 -20 161 1
> 4235 10735 162 107 43 0
> 4379 11714 7 -14 -63 0
> 4973 9202 -28 44 15 1
! 20022 -87054 0
! 88840 63665 0
> 5276 11075 207 68 179 1
> 4403 10883 -189 -91 61 0
> 4385 11816 3 237 -81 0
> 4945 9246 -23 37 33 1
! -89276 43632 200
! 77538 79083 0
> 5276 11075 207 68 179 1
> 4403 10883 -189 -91 61 0
> 4385 11816 3 237 -81 0
> 4945 9246 -23 37 33 1
! 49783 -77284 200
! 101537 35127 0
> 5294 11208 15 113 161 1
> 4214 10792 -160 -77 43 0
> 4479 11875 79 49 -63 0
> 4922 9283 -19 31 15 1
! -94691 12953 0
! 94845 53054 0
> 5294 11208 15 113 161 1
> 4214 10792 -160 -77 43 0
> 4479 11875 79 49 -63 0
> 4922 9283 -19 31 15 1
! 75189 -58835 0
! 101514 35164 0
> 5309 11321 12 96 179 1
> 4054 10715 -136 -65 25 0
> 4558 11924 67 41 -45 0
> 4903 9314 -16 26 15 1
! -89243 43878 0
! 94685 52977 200
> 5309 11321 12 96 179 1
> 4054 10715 -136 -65 25 0
> 4558 11924 67 41 -45 0
> 4903 9314 -16 26 15 1
! 93658 -33475 200
! 88770 63777 0
> 5405 11346 187 -67 161 1
> 4099 10735 38 16 25 0
> 4720 11945 31 106 -27 0
> 4887 9340 -13 22 33 1
! -74459 71528 0
! 94730 52997 200
> 5405 11346 187 -67 161 1
> 4099 10735 38 16 25 0
> 4720 11945 31 106 -27 0
> 4887 9340 -13 22 33 1
! 103488 -3698 200
! 67819 87054 0
> 5592 11279 158 -56 143 1
> 4318 10836 186 85 25 0
> 4949 12020 194 63 -9 0
> 4874 9362 -11 18 51 1
! -51766 93194 200
! 103573 23023 200
> 5592 11279 158 -56 143 1
> 4318 10836 186 85 25 0
> 4949 12020 194 63 -9 0
> 4874 9362 -11 18 51 1
! 103717 -3623 200
! 40710 102720 200
> 5675 11320 141 -85 125 1
> 4703 10945 326 92 7 0
> 5301 12119 228 204 -9 0
> 4935 9567 51 174 69 1
! -23562 106950 0
! 103958 23132 200
> 5675 11320 141 -85 125 1
> 4703 10945 326 92 7 0
> 5301 12119 228 204 -9 0
> 4935 9567 51 174 69 1
! 94401 -33280 200
! 40771 102925 200
> 5993 11296 463 46 107 1
> 5051 11000 101 -20 7 0
> 5707 12232 345 96 -27 0
> 5058 9928 104 306 69 1
! 7738 111281 0
! 95682 53262 200
> 5993 11296 463 46 107 1
> 5051 11000 101 -20 7 0
> 5707 12232 345 96 -27 0
> 5058 9928 104 306 69 1
! 76417 -58478 0
! 67990 87642 200
> 6456 11342 393 39 89 1
> 5338 11188 252 390 25 0
> 6052 12328 293 81 -45 0
> 5283 10266 183 56 51 1
! 8201 111327 0
! 95969 53450 200
> 6456 11342 393 39 89 1
> 5338 11188 252 390 25 0
> 6052 12328 293 81 -45 0
> 5283 10266 183 56 51 1
! 51450 -76772 0
! 89150 64729 0
> 6849 11381 334 33 89 1
> 5771 11663 368 403 25 0
> 6345 12409 249 68 -63 0
> 5466 10322 155 47 33 1
! 8594 111366 0
! 105026 23850 200
> 6849 11381 334 33 89 1
> 5771 11663 368 403 25 0
> 6345 12409 249 68 -63 0
> 5466 10322 155 47 33 1
! 21988 -86359 0
! 102058 36203 0
> 7183 11414 283 28 89 1
> 6135 11821 237 38 7 0
> 6796 12746 455 382 -81 0
> 5621 10369 131 39 15 1
! 39740 105966 0
! 105390 24008 0
> 7183 11414 283 28 89 1
> 6135 11821 237 38 7 0
> 6796 12746 455 382 -81 0
> 5621 10369 131 39 15 1
! -8847 -86022 200
! 105483 5135 0
> 7466 11442 240 23 71 1
> 6372 11859 201 32 7 0
> 7220 12930 360 156 -99 0
> 5752 10408 111 33 -3 1
! 9211 111427 0
! 97003 54121 200
> 7466 11442 240 23 71 1
> 6372 11859 201 32 7 0
> 7220 12930 360 156 -99 0
> 5752 10408 111 33 -3 1
! -38179 -76170 200
! 105614 5174 0
> 7706 11465 204 19 89 1
> 6754 11976 324 99 25 0
> 7489 12908 228 -18 -117 0
> 5863 10441 94 28 -3 1
! 40263 106017 0
! 106009 24163 0
> 7706 11465 204 19 89 1
> 6754 11976 324 99 25 0
> 7489 12908 228 -18 -117 0
> 5863 10441 94 28 -3 1
! -63221 -57802 200
! 105725 5207 0
> 7910 11484 173 16 71 1
> 7078 12075 275 84 7 0
> 7576 12749 73 -135 -135 0
> 5957 10469 79 23 -3 1
! 9655 111469 0
! 97709 54337 SHIELD
> 7910 11484 173 16 71 1
> 7078 12075 275 84 7 0
> 7576 12749 73 -135 -135 0
> 5957 10469 79 23 -3 1
! -63134 -57961 0
! 99314 -25367 0
> 8083 11500 147 13 89 1
> 7325 12121 206 34 25 0
> 7926 12993 331 254 -135 0
> 6036 10492 67 19 -21 1
! -21154 107130 0
! 80460 80321 200
> 8083 11500 147 13 89 1
> 7325 12121 206 34 25 0
> 7926 12993 331 254 -135 0
> 6036 10492 67 19 -21 1
! -81174 -32405 200
! 105898 5258 0
> 8230 11513 124 11 107 1
> 7531 12155 175 28 43 0
> 8079 13156 129 138 -153 0
> 6103 10511 56 16 -3 1
! -49128 93428 0
! 56012 99617 200
> 8230 11513 124 11 107 1
> 7531 12155 175 28 43 0
> 8079 13156 129 138 -153 0
> 6103 10511 56 16 -3 1
! -62631 -57554 0
! 102695 36392 0
> 8354 11524 105 9 125 1
> 7706 12183 148 23 61 0
> 8208 13294 109 117 -135 0
> 6159 10527 47 13 15 1
! -49004 93439 0
! 56187 99645 0
> 8354 11524 105 9 125 1
> 7706 12183 148 23 61 0
> 8208 13294 109 117 -135 0
> 6159 10527 47 13 15 1
! -80892 -32104 200
! 106021 5293 0
> 8459 11533 89 7 125 1
> 7854 12206 125 19 61 0
> 8139 13320 -58 22 -153 0
> 6206 10540 39 11 -3 1
! -71405 71715 200
! 26935 110369 200
> 8459 11533 89 7 125 1
> 7854 12206 125 19 61 0
> 8139 13320 -58 22 -153 0
> 6206 10540 39 11 -3 1
! -80961 -32078 200
! 102798 36421 200
> 8388 11660 -60 108 143 1
> 8017 12421 138 183 79 0
> 7903 13251 -200 -58 -153 0
> 6438 10603 197 53 15 1
! -71476 71842 200
! -4170 111676 200
> 8388 11660 -60 108 143 1
> 8017 12421 138 183 79 0
> 7903 13251 -200 -58 -153 0
> 6438 10603 197 53 15 1
! -62807 -57459 0
! 90305 65066 200
> 8263 11640 -82 -79 143 1
> 8097 12718 49 284 97 0
> 7642 13526 -227 264 -135 0
> 6803 10765 310 137 33 1
! -49095 93555 200
! 27178 110881 SHIELD
> 8263 11640 -82 -79 143 1
> 8097 12718 49 284 97 0
> 7642 13526 -227 264 -135 0
> 6803 10765 310 137 33 1
! -37757 -75574 200
! 90670 65228 200
> 8066 11725 -167 72 125 1
> 8146 13002 41 241 79 0
> 7324 13612 -270 72 -117 0
> 7281 11011 406 209 33 1
! -71798 71907 200
! 56627 100464 0
> 8066 11725 -167 72 125 1
> 8146 13002 41 241 79 0
> 7324 13612 -270 72 -117 0
> 7281 11011 406 209 33 1
! -8319 -85156 200
! 103873 36892 200
> 7903 12191 -44 553 143 1
> 8187 13243 34 204 61 0
> 7023 13486 -256 -106 -99 0
> 7717 10999 275 -168 15 1
! -71961 72373 200
! 81322 81443 SHIELD
> 7903 12191 -44 553 143 1
> 8187 13243 34 204 61 0
> 7023 13486 -256 -106 -99 0
> 7717 10999 275 -168 15 1
! -8620 -85282 200
! 91584 65462 0
> 7678 12837 -383 310 143 1
> 8223 13450 49 199 43 0
> 6736 13182 -244 -258 -99 0
> 7992 10831 233 -142 33 1
! -86874 45394 200
! 98854 55712 200
> 7678 12837 -383 310 143 1
> 8223 13450 49 199 43 0
> 6736 13182 -244 -258 -99 0
> 7992 10831 233 -142 33 1
! 22379 -85586 200
! 91859 65294 0
> 7333 13207 -166 312 161 1
> 8272 13649 41 169 25 0
> 6296 12731 -500 -380 -81 0
> 8225 10689 198 -120 33 1
! -92652 14952 200
! 107527 25836 0
> 7333 13207 -166 312 161 1
> 8272 13649 41 169 25 0
> 6296 12731 -500 -380 -81 0
> 8225 10689 198 -120 33 1
! 51694 -76369 200
! 71157 88403 0
> 6967 13522 -311 268 179 1
> 8313 13818 34 143 7 0
> 5887 12173 -347 -474 -63 0
> 8423 10569 168 -102 51 1
! -88663 -15715 0
! 106476 -5263 0
> 6967 13522 -311 268 179 1
> 8313 13818 34 143 7 0
> 5887 12173 -347 -474 -63 0
> 8423 10569 168 -102 51 1
! 76597 -58537 200
! 44259 103927 0
> 6656 13790 -264 227 197 1
> 8347 13961 28 121 -11 0
> 5681 11558 -174 -523 -45 0
> 8591 10467 142 -86 69 1
! -75259 -43568 0
! 95809 -34520 0
> 6656 13790 -264 227 197 1
> 8347 13961 28 121 -11 0
> 5681 11558 -174 -523 -45 0
> 8591 10467 142 -86 69 1
! 94781 -33841 200
! 44427 103825 0
> 6392 14017 -224 192 215 1
> 8375 14082 23 102 -29 0
> 5685 10944 3 -521 -27 0
> 8733 10381 120 -73 69 1
! -53790 -65847 0
! 76575 -59053 0
> 6392 14017 -224 192 215 1
> 8375 14082 23 102 -29 0
> 5685 10944 3 -521 -27 0
> 8733 10381 120 -73 69 1
! 94785 -34455 200
! 13966 110243 0
> 6168 14209 -190 163 233 1
> 8398 14184 19 86 -47 0
> 5866 10332 154 -520 -27 0
> 8853 10308 102 -62 87 1
! -26389 -80343 0
! 50660 -76447 200
> 6168 14209 -190 163 233 1
> 8398 14184 19 86 -47 0
> 5866 10332 154 -520 -27 0
> 8853 10308 102 -62 87 1
! 94966 -35067 200
! 14086 110170 200
> 5978 14372 -161 138 -109 1
> 8502 14089 87 -80 -65 0
> 6198 9721 282 -519 -27 0
> 8965 10446 95 117 87 1
! 4233 -85613 200
! 20689 -85166 0
> 5978 14372 -161 138 -109 1
> 8502 14089 87 -80 -65 0
> 6198 9721 282 -519 -27 0
> 8965 10446 95 117 87 1
! 104966 -5922 200
! -16916 107038 0
> 5814 14310 -139 -52 -91 1
> 8589 14009 73 -68 -83 0
> 6678 9171 407 -467 -9 0
> 9060 10563 80 99 105 1
! 35051 -81320 0
! -10492 -84154 0
> 5814 14310 -139 -52 -91 1
> 8589 14009 73 -68 -83 0
> 6678 9171 407 -467 -9 0
> 9060 10563 80 99 105 1
! 105446 -6472 200
! -45403 94430 0
> 5675 14258 -118 -44 -73 1
> 8662 13941 62 -57 -101 0
> 7283 8673 513 -423 -9 0
> 9140 10662 68 84 123 1
! 63033 -67657 200
! -39819 -73521 200
> 5675 14258 -118 -44 -73 1
> 8662 13941 62 -57 -101 0
> 7283 8673 513 -423 -9 0
> 9140 10662 68 84 123 1
! 106051 -6970 200
! -68574 73594 0
> 5672 14050 -2 -176 -55 1
> 8627 13709 -29 -197 -119 0
> 7994 8219 603 -386 -9 1
> 9208 10746 57 71 141 1
! 34909 -81580 200
! -64508 -54491 200
> 5672 14050 -2 -176 -55 1
> 8627 13709 -29 -197 -119 0
> 7994 8219 603 -386 -9 1
> 9208 10746 57 71 141 1
! 106762 -7424 200
! -84150 46582 200
> 5728 13683 48 -312 -73 1
> 8452 13376 -148 -283 -137 0
> 8795 7802 680 -354 -9 1
> 9078 10889 -110 121 159 1
! 34965 -81947 200
! -64683 -54824 200
> 5728 13683 48 -312 -73 1
> 8452 13376 -148 -283 -137 0
> 8795 7802 680 -354 -9 1
> 9078 10889 -110 121 159 1
! 97895 -37597 200
! -84280 46725 200
> 5834 13180 90 -427 -73 1
> 8158 12957 -250 -356 -137 0
> 9653 7357 729 -378 -27 1
> 8781 11082 -252 163 159 1
! 4089 -86805 200
! -64977 -55243 200
> 5834 13180 90 -427 -73 1
> 8158 12957 -250 -356 -137 0
> 9653 7357 729 -378 -27 1
> 8781 11082 -252 163 159 1
! 98753 -38042 200
! -91081 16315 0
> 5921 12553 73 -532 -91 1
> 7762 12465 -336 -418 -137 0
> 10560 6888 771 -398 -27 1
> 8529 11245 -214 138 177 1
! 4176 -87432 200
! -40719 -74997 200
> 5921 12553 73 -532 -91 1
> 7762 12465 -336 -418 -137 0
> 10560 6888 771 -398 -27 1
> 8529 11245 -214 138 177 1
! 81270 -63822 0
! -88063 -14636 200
> 5991 11821 59 -622 -91 1
> 7329 11872 -368 -503 -119 0
> 11331 6490 655 -338 -45 1
> 8122 11331 -346 73 -165 1
! 35228 -83809 200
! -11752 -86291 200
> 5991 11821 59 -622 -91 1
> 7329 11872 -368 -503 -119 0
> 11331 6490 655 -338 -45 1
> 8122 11331 -346 73 -165 1
! 56729 -82610 200
! -75745 -43132 200
> 5978 10975 -522 -846 -73 1
> 6866 11275 12 -341 -101 0
> 12077 5974 633 -438 -63 1
> 7795 11226 -172 -128 -147 1
! 63336 -70940 200
! 19053 -87980 200
> 5978 10975 -522 -846 -73 1
> 6866 11275 12 -341 -101 0
> 12077 5974 633 -438 -63 1
> 7795 11226 -172 -128 -147 1
! 27720 -92794 0
! -55137 -66488 200
> 5571 9965 -346 -858 -55 1
> 6710 10723 -238 -475 -83 0
> 12710 5536 538 -372 -81 2
> 7690 10955 15 -223 -129 1
! 62929 -71950 200
! 48972 -79908 200
> 5571 9965 -346 -858 -55 1
> 6710 10723 -238 -475 -83 0
> 12710 5536 538 -372 -81 2
> 7690 10955 15 -223 -129 1
! -2933 -93232 0
! -28146 -82403 200
> 5340 8943 -196 -868 -55 1
> 6557 10067 -130 -557 -65 0
> 13248 5164 457 -316 -99 2
> 7633 10545 -48 -348 -111 1
! 85204 -51239 0
! 74757 -63068 200
> 5340 8943 -196 -868 -55 1
> 6557 10067 -130 -557 -65 0
> 13248 5164 457 -316 -99 2
> 7633 10545 -48 -348 -111 1
! -32151 -83936 0
! -28203 -82813 200
> 5144 8075 -166 -737 -37 1
> 6563 9364 5 -597 -47 0
> 13705 4848 388 -268 -117 2
> 7513 10010 -101 -454 -111 1
! 99696 -24482 0
! 94025 -39117 200
> 5144 8075 -166 -737 -37 1
> 6563 9364 5 -597 -47 0
> 13705 4848 388 -268 -117 2
> 7513 10010 -101 -454 -111 1
! -57005 -65862 200
! 2279 -89852 200
> 4978 7338 -141 -626 -19 1
> 6743 8670 152 -589 -29 0
> 13952 4439 209 -348 -135 2
> 7402 9356 -94 -555 -93 1
! 104963 5593 200
! 104906 -10411 200
> 4978 7338 -141 -626 -19 1
> 6743 8670 152 -589 -29 0
> 13952 4439 209 -348 -135 2
> 7402 9356 -94 -555 -93 1
! -75148 -40959 200
! 33283 -87236 0
> 5037 6709 50 -535 -1 1
> 7082 8018 245 -664 -11 0
> 13983 4000 26 -372 -153 2
> 7317 8826 -29 -340 -75 1
! 100667 35946 200
! 106337 20205 200
> 5037 6709 50 -535 -1 1
> 7082 8018 245 -664 -11 0
> 13983 4000 26 -372 -153 2
> 7317 8826 -29 -340 -75 1
! -84785 -11643 200
! 61780 -75041 0
> 5278 6232 205 -405 17 1
> 7526 7378 376 -543 7 0
> 13811 3597 -145 -342 -171 2
> 7288 8486 -24 -289 -57 1
! 87193 63590 0
! 98157 49640 200
> 5278 6232 205 -405 17 1
> 7526 7378 376 -543 7 0
> 13811 3597 -145 -342 -171 2
> 7288 8486 -24 -289 -57 1
! -84957 -12046 200
! 85002 -54446 0
> 5483 5827 174 -344 35 1
> 8083 6920 473 -389 25 0
> 13468 3224 -291 -317 -171 2
> 7264 8197 -20 -245 -39 1
! 65665 85691 200
! 81218 75120 0
> 5483 5827 174 -344 35 1
> 8083 6920 473 -389 25 0
> 13468 3224 -291 -317 -171 2
> 7264 8197 -20 -245 -39 1
! -85300 -12419 200
! 100622 -27639 0
> 5777 5643 250 -156 53 1
> 8556 6531 402 -330 43 0
> 12979 2876 -415 -296 -171 2
> 7244 7952 -17 -208 -21 1
! 38334 100195 200
! 57037 93993 0
> 5777 5643 250 -156 53 1
> 8556 6531 402 -330 43 0
> 12979 2876 -415 -296 -171 2
> 7244 7952 -17 -208 -21 1
! -85789 -12767 200
! 107106 2718 200
> 6092 5676 267 28 71 1
> 8958 6201 341 -280 61 0
> 12366 2549 -520 -278 -171 2
> 7427 7734 155 -185 -3 1
! 66274 85540 200
! 28039 104364 200
> 6092 5676 267 28 71 1
> 8958 6201 341 -280 61 0
> 12366 2549 -520 -278 -171 2
> 7427 7734 155 -185 -3 1
! -86402 -13094 200
! 100784 -28102 200
> 6479 5864 329 159 53 1
> 9337 6117 322 -71 79 0
> 11648 2240 -609 -262 -171 2
> 7769 7477 290 -218 -21 1
! 88394 63222 200
! -2850 105372 200
> 6479 5864 329 159 53 1
> 9337 6117 322 -71 79 0
> 11648 2240 -609 -262 -171 2
> 7769 7477 290 -218 -21 1
! -87120 17883 200
! 107631 2243 200
> 6972 6138 418 232 35 1
> 9635 6245 252 108 97 0
> 10841 2009 -685 -196 171 2
> 8259 7249 416 -194 -3 1
! 102602 35375 200
! -2552 105500 200
> 6972 6138 418 232 35 1
> 9635 6245 252 108 97 0
> 10841 2009 -685 -196 171 2
> 8259 7249 416 -194 -3 1
! -87927 17652 200
! 108121 2015 200
> 7581 6428 517 246 17 1
> 9863 6552 193 260 97 0
> 9958 1844 -750 -140 171 3
> 8875 7045 523 -173 -3 1
! 89496 63786 200
! -32399 97183 0
> 7581 6428 517 246 17 1
> 9863 6552 193 260 97 0
> 9958 1844 -750 -140 171 3
> 8875 7045 523 -173 -3 1
! -79142 47243 200
! 105467 32926 0
> 8262 6789 578 306 35 1
> 10200 6773 518 124 115 0
> 9030 1795 -788 -41 153 3
> 9254 6911 90 -50 15 1
! 103892 36026 0
! -58000 79908 200
> 8262 6789 578 306 35 1
> 10200 6773 518 124 115 0
> 9030 1795 -788 -41 153 3
> 9254 6911 90 -50 15 1
! -61680 72505 200
! 93121 61374 200
> 8716 7099 226 268 17 1
> 10582 7043 324 229 133 0
> 8101 1895 -790 85 135 3
> 9636 6966 484 41 33 1
! 108701 5354 0
! -76880 55524 0
> 8716 7099 226 268 17 1
> 10582 7043 324 229 133 0
> 8101 1895 -790 85 135 3
> 9636 6966 484 41 33 1
! -62609 72605 200
! 72568 84680 200
> 8942 7367 192 227 -1 1
> 11037 7288 511 222 151 0
> 7170 2121 -791 192 135 3
> 10115 7147 282 138 51 1
! 108927 5622 200
! -57163 80423 200
> 8942 7367 192 227 -1 1
> 11037 7288 511 222 151 0
> 7170 2121 -791 192 135 3
> 10115 7147 282 138 51 1
! -38229 91221 200
! 93982 61610 200
> 9334 7591 333 189 -1 1
> 11412 7656 318 313 133 0
> 6288 2491 -749 314 117 3
> 10565 7394 382 209 33 1
! 104964 36828 200
! -76050 56137 200
> 9334 7591 333 189 -1 1
> 11412 7656 318 313 133 0
> 6288 2491 -749 314 117 3
> 10565 7394 382 209 33 1
! -9355 101259 200
! 73497 85108 200
> 9858 7838 445 210 17 1
> 11782 8149 382 443 151 0
> 5508 3003 -663 434 99 3
> 10846 7676 170 214 51 1
! 109843 6093 0
! -86381 27230 200
> 9858 7838 445 210 17 1
> 11782 8149 382 443 151 0
> 5508 3003 -663 434 99 3
> 10846 7676 170 214 51 1
! 21151 101771 0
! 46682 101034 200
> 10287 8048 191 175 -1 1
> 11968 8630 157 408 169 0
> 4845 3437 -563 368 81 3
> 11104 8077 392 343 69 1
! 105917 37285 200
! -86195 27711 200
> 10287 8048 191 175 -1 1
> 11968 8630 157 408 169 0
> 4845 3437 -563 368 81 3
> 11104 8077 392 343 69 1
! 50244 92537 200
! 16337 107939 200
> 10599 8263 102 138 17 1
> 12073 9192 235 594 169 0
> 4373 3983 -401 464 63 3
> 11433 8523 296 305 87 1
! 92514 65621 200
! -87182 -2995 200
> 10599 8263 102 138 17 1
> 12073 9192 235 594 169 0
> 4373 3983 -401 464 63 3
> 11433 8523 296 305 87 1
! 75083 74693 200
! -14448 105115 200
> 10865 8516 225 214 35 1
> 12109 9762 31 484 187 0
> 4113 4588 -220 514 45 0
> 11677 9021 207 423 105 1
! 92780 65874 200
! -78522 -32500 200
> 10865 8516 225 214 35 1
> 12109 9762 31 484 187 0
> 4113 4588 -220 514 45 0
> 11677 9021 207 423 105 1
! 93213 49987 200
! -42786 92888 200
> 11176 8768 150 101 35 1
> 12068 10363 -11 553 205 0
> 4071 5193 -35 514 27 0
> 11744 9487 146 465 123 1
! 71358 88632 0
! -61067 -57837 200
> 11176 8768 150 101 35 1
> 12068 10363 -11 553 205 0
> 4071 5193 -35 514 27 0
> 11744 9487 146 465 123 1
! 102839 20836 200
! -65970 72419 200
> 11326 8869 127 85 53 1
> 11935 10859 -78 537 223 0
> 4234 5738 138 463 9 0
> 11711 9998 -63 319 141 1
! 43883 103421 200
! -78696 -31403 200
> 11326 8869 127 85 53 1
> 11935 10859 -78 537 223 0
> 4234 5738 138 463 9 0
> 11711 9998 -63 319 141 1
! 103002 21381 200
! -81647 45834 0
> 11518 9143 163 232 71 1
> 11676 11311 -220 384 -155 0
> 4570 6232 285 420 9 0
> 11648 10317 -53 271 159 1
! 13263 109128 200
! -78955 -30951 200
> 11518 9143 163 232 71 1
> 11676 11311 -220 384 -155 0
> 4570 6232 285 420 9 0
> 11648 10317 -53 271 159 1
! 103338 -9411 200
! -88214 15550 200
> 11684 9575 141 367 89 1
> 11275 11610 -341 254 -155 0
> 5053 6621 410 330 -9 0
> 11395 10598 -214 239 177 1
! -17553 105205 200
! -61860 -56590 0
> 11684 9575 141 367 89 1
> 11275 11610 -341 254 -155 0
> 5053 6621 410 330 -9 0
> 11395 10598 -214 239 177 1
! 103821 22264 200
! -88467 15831 200
> 11767 10133 70 474 107 1
> 10934 11864 -289 215 -137 0
> 5661 6982 516 307 9 0
> 10981 10847 -351 212 177 1
! -45591 92048 200
! -37547 -75598 0
> 11767 10133 70 474 107 1
> 10934 11864 -289 215 -137 0
> 5661 6982 516 307 9 0
> 10981 10847 -351 212 177 1
! 104429 -8661 200
! -85611 -15034 0
> 11722 10771 -38 542 125 1
> 10645 12079 -245 182 -119 0
> 6375 7258 606 234 -9 0
> 10630 11059 -298 180 -165 1
! -68142 70953 200
! -62490 -56121 200
> 11722 10771 -38 542 125 1
> 10645 12079 -245 182 -119 0
> 6375 7258 606 234 -9 0
> 10630 11059 -298 180 -165 1
! 95475 -38141 200
! -73237 -43404 0
> 11524 11433 -168 563 143 1
> 10254 12125 -332 38 -137 0
> 7159 7401 666 121 -27 0
> 10332 11239 -253 153 -147 1
! -83028 43990 0
! -38227 -75337 200
> 11524 11433 -168 563 143 1
> 10254 12125 -332 38 -137 0
> 7159 7401 666 121 -27 0
> 10332 11239 -253 153 -147 1
! 96259 -37998 200
! -86260 -14642 0
