@ 0 reCurse
@ 1 pb4
CP 3
CP 11456 6106
CP 9095 1844
CP 4983 5275
> 11019 6348 0 0 -1 1
> 11893 5864 0 0 -1 1
> 10144 6833 0 0 -1 1
> 12768 5379 0 0 -1 1
! -28264 -85612 200
! -45233 -76212 200
> 11019 6348 0 0 -1 1
> 11893 5864 0 0 -1 1
> 10144 6833 0 0 -1 1
> 12768 5379 0 0 -1 1
! -487953 -860288 BOOST ...........::::::::
! -886765 -431473 BOOST ...........::::::
> 10940 6164 -66 -156 -113 1
> 11717 5761 -247 9 -125 1
> 9820 6269 -275 -479 -120 1
> 12245 5034 -346 -390 -154 1
! -28133 -85886 200
! -68146 -54420 0
> 10940 6164 -66 -156 -113 1
> 11717 5761 -247 9 -125 1
> 9820 6269 -275 -479 -120 1
> 12245 5034 -346 -390 -154 1
! -490180 -859756 SHIELD SHIELD ...........:::::::::
! -707095 -689624 200 ...........:::::::::
> 10648 5882 -305 -217 -113 1
> 11618 5712 -26 -64 -143 1
> 9545 5790 -233 -407 -120 1
> 11755 4505 -416 -449 -136 1
! 1932 -93737 200
! -82933 -26844 200
> 10648 5882 -305 -217 -113 1
> 11618 5712 -26 -64 -143 1
> 9545 5790 -233 -407 -120 1
> 11755 4505 -416 -449 -136 1
! -198367 -972358 0 ...........::::::::
! -707585 -690153 200 ...........:::::::::
> 10326 5466 -274 -353 -95 1
> 11403 5582 -182 -110 -161 1
> 9312 5383 -198 -345 -102 1
> 11195 3917 -475 -499 -136 1
! 1610 -94153 200
! -88581 3836 200
> 10326 5466 -274 -353 -95 1
> 11403 5582 -182 -110 -161 1
> 9312 5383 -198 -345 -102 1
> 11195 3917 -475 -499 -136 1
! -198600 -972765 SHIELD SHIELD ...........::::::::
! -887599 -434454 0 ...........:::::::::
> 10035 4914 -247 -469 -95 1
> 11021 5468 -324 -96 -179 1
> 9114 5038 -168 -293 -102 1
> 10720 3418 -403 -424 -154 1
! 32530 -92523 200
! -83530 -27088 200
> 10035 4914 -247 -469 -95 1
> 11021 5468 -324 -96 -179 1
> 9114 5038 -168 -293 -102 1
> 10720 3418 -403 -424 -154 1
! -490886 -860987 200 ...........::::::::
! -979548 -135755 0 ...........:::::::::
> 9833 4250 -171 -564 -77 1
> 10508 5307 -436 -136 -161 1
> 8946 4745 -142 -249 -120 1
> 10317 2994 -342 -360 -172 1
! 1117 -95369 0
! -89476 3561 0
> 9833 4250 -171 -564 -77 1
> 10508 5307 -436 -136 -161 1
> 8946 4745 -142 -249 -120 1
> 10317 2994 -342 -360 -172 1
! -734199 -664386 200 ...........::::::::
! -974491 176642 0 ...........:::::::::
> 9662 3686 -145 -479 -95 1
> 10072 5171 -370 -115 -179 1
> 8804 4496 -120 -211 -138 1
> 9975 2634 -290 -306 170 1
! 946 -95933 200
! -84479 -27385 200
> 9662 3686 -145 -479 -95 1
> 10072 5171 -370 -115 -179 1
> 8804 4496 -120 -211 -138 1
> 9975 2634 -290 -306 170 1
! -734341 -664635 SHIELD SHIELD ...........::::::::
! -872973 472106 0 ...........::::::::::
> 9474 3100 -228 -255 -95 1
> 9513 4991 -475 -153 -161 1
> 8684 4285 -102 -179 -138 1
> 9711 2236 -156 -581 152 1
! -29599 -88950 200
! -70350 -55190 SHIELD
> 9474 3100 -228 -255 -95 1
> 9513 4991 -475 -153 -161 1
> 8684 4285 -102 -179 -138 1
> 9711 2236 -156 -581 152 1
! -734461 -664846 SHIELD SHIELD ...........::::::::::
! -684947 721576 0 ...........::::::::::
> 9168 2661 -260 -373 -113 1
> 9038 4838 -403 -130 -143 1
> 8582 4106 -86 -152 -138 1
> 9555 1655 -132 -493 134 2
! -56437 -72809 0
! -48319 -77077 SHIELD
> 9168 2661 -260 -373 -113 1
> 9038 4838 -403 -130 -143 1
> 8582 4106 -86 -152 -138 1
> 9555 1655 -132 -493 134 2
! -734563 -665025 SHIELD SHIELD ...........::::::::::!!!!
! -428816 900449 200 ...........
> 8908 2288 -221 -317 -131 2
> 8653 4753 -312 -33 -125 1
> 8478 3909 -103 -205 -138 1
> 9335 1342 -186 -266 116 2
! -76808 -49215 SHIELD
! -20584 -90877 0
> 8908 2288 -221 -317 -131 2
> 8653 4753 -312 -33 -125 1
> 8478 3909 -103 -205 -138 1
> 9335 1342 -186 -266 116 2
! -905068 -402828 200 ...........::::
! -129838 991610 0 ...........:::
> 8687 1971 -187 -269 -149 2
> 8341 4720 -265 -28 -107 1
> 8375 3704 -87 -174 -156 1
> 9149 1076 -158 -226 98 2
! -88750 -20524 SHIELD
! -20896 -90910 0
> 8687 1971 -187 -269 -149 2
> 8341 4720 -265 -28 -107 1
> 8375 3704 -87 -174 -156 1
> 9149 1076 -158 -226 98 2
! -905171 -403033 200 ...........::::
! 182797 985884 200 ...........:::
> 8500 1702 -158 -228 -167 2
> 8076 4692 -225 -23 -107 1
> 8288 3530 -73 -147 -156 1
> 9026 1047 -104 -24 80 2
! -91119 10417 0
! 9821 -95292 0
> 8500 1702 -158 -228 -167 2
> 8076 4692 -225 -23 -107 1
> 8288 3530 -73 -147 -156 1
> 9026 1047 -104 -24 80 2
! -905258 -403207 200 ...........::::
! 478498 883995 200 ...........::::
> 8230 1590 -255 -68 175 2
> 7851 4669 -191 -19 -89 1
> 8215 3383 -62 -124 -156 1
> 9128 1084 112 4 62 2
! -83820 40663 0
! 40407 -89882 0
> 8230 1590 -255 -68 175 2
> 7851 4669 -191 -19 -89 1
> 8215 3383 -62 -124 -156 1
> 9128 1084 112 4 62 2
! -986307 -101145 200 ...........::::
! 182776 985892 200 ...........::::::
> 7975 1522 -216 -57 157 2
> 7660 4650 -162 -16 -71 1
> 7954 3238 -221 -123 -174 1
> 9275 1285 124 170 80 2
! -67495 67127 0
! 67841 -75213 0
> 7975 1522 -216 -57 157 2
> 7660 4650 -162 -16 -71 1
> 7954 3238 -221 -123 -174 1
> 9275 1285 124 170 80 2
! -905592 -403499 0 ...........::::
! -129898 991553 200 ...........::::::
> 7759 1465 -183 -48 139 2
> 7498 4634 -137 -13 -53 1
> 7733 3115 -187 -104 -156 1
> 9371 1653 81 312 98 2
! -43744 87181 200
! 89413 -52723 0
> 7759 1465 -183 -48 139 2
> 7498 4634 -137 -13 -53 1
> 7733 3115 -187 -104 -156 1
> 9371 1653 81 312 98 2
! -735412 -666016 0 ...........::::
! -129802 991921 200 ...........::::::
> 7473 1588 -243 104 121 2
> 7361 4621 -116 -11 -35 1
> 7546 3011 -158 -88 -138 1
> 9424 2163 45 433 98 2
! -15022 99025 0
! 102991 -24616 200
> 7473 1588 -243 104 121 2
> 7361 4621 -116 -11 -35 1
> 7546 3011 -158 -88 -138 1
> 9424 2163 45 433 98 2
! -735599 -666120 0 ...........::::
! -129749 992431 200 ...........::::::
> 7230 1692 -206 88 103 2
> 7436 4552 63 -59 -17 1
> 7388 2923 -134 -74 -138 1
> 9441 2794 14 536 98 2
! -15265 99129 0
! 107420 6297 200
> 7230 1692 -206 88 103 2
> 7436 4552 63 -59 -17 1
> 7388 2923 -134 -74 -138 1
> 9441 2794 14 536 98 2
! -492612 -863102 200 ...........::::
! -129732 993062 200 ...........:::::::
> 7024 1780 -175 74 103 2
> 7699 4496 223 -47 1 1
> 7154 2676 -198 -210 -120 1
> 9427 3528 -11 623 98 2
! 15739 101399 0
! 102250 37052 200
> 7024 1780 -175 74 103 2
> 7699 4496 223 -47 1 1
> 7154 2676 -198 -210 -120 1
> 9427 3528 -11 623 98 2
! -200758 -975472 200 ...........::::::::::!!!!!
! -428944 902322 200 ...........::::::::::!!!!!!!!
> 6794 1479 -208 -344 85 2
> 8111 4514 350 15 19 1
> 6969 2645 -144 62 -102 1
> 9328 4331 -83 682 116 2
! -15701 98916 200
! 87974 64695 200
> 6794 1479 -208 -344 85 2
> 8111 4514 350 15 19 1
> 6969 2645 -144 62 -102 1
> 9328 4331 -83 682 116 2
! -200943 -975503 0 ...........::::::::::!!!!!
! -685330 723671 0 ...........::::::::::!!!!!!!!
> 6541 1330 -215 -126 103 2
> 8528 4621 102 13 37 1
> 6825 2707 -122 52 -102 1
> 9337 5041 260 680 134 2
! -15954 98767 200
! 65885 86536 0
> 6541 1330 -215 -126 103 2
> 8528 4621 102 13 37 1
> 6825 2707 -122 52 -102 1
> 9337 5041 260 680 134 2
! -493175 -863318 200 ...........::::::::::!!!!!
! -873611 474513 200 ...........::::::::::!!!!!!!!
> 6281 1399 -220 58 103 2
> 8630 4634 86 11 55 1
> 6603 2586 -188 -103 -120 1
> 9420 5815 70 657 152 2
! 14996 101018 0
! 37867 100264 0
> 6281 1399 -220 58 103 2
> 8630 4634 86 11 55 1
> 6603 2586 -188 -103 -120 1
> 9420 5815 70 657 152 2
! -736542 -666545 0 ...........::::::::::!!!!!
! -975388 179463 200 ...........::::::::::!!!!!!!!!
> 6061 1457 -187 49 85 2
> 8716 4645 73 9 73 1
> 6415 2483 -159 -87 -138 1
> 9293 6507 -107 587 170 2
! 45134 93507 0
! 6970 104629 0
> 6061 1457 -187 49 85 2
> 8716 4645 73 9 73 1
> 6415 2483 -159 -87 -138 1
> 9293 6507 -107 587 170 2
! -736730 -666648 0 ...........::::::::::!!!!!
! -980975 -132666 200 ...........::::::::::!!!!!!!!!
> 5874 1506 -158 41 67 2
> 8789 4654 62 7 91 1
> 6256 2396 -135 -73 -138 1
> 8988 7066 -259 475 188 2
! 14589 101125 200
! -23767 99205 200
> 5874 1506 -158 41 67 2
> 8789 4654 62 7 91 1
> 6256 2396 -135 -73 -138 1
> 8988 7066 -259 475 188 2
! -736889 -666735 0 ...........::::::::::!!!!!
! -889806 -431305 200 ...........::::::::::!!!!!!!!!!
> 5681 1652 -230 1 85 2
> 8786 4850 -2 166 109 1
> 6173 2418 -3 140 -138 1
> 8549 7453 -372 329 206 2
! 44754 93702 0
! -51395 84713 200
> 5681 1652 -230 1 85 2
> 8786 4850 -2 166 109 1
> 6173 2418 -3 140 -138 1
> 8549 7453 -372 329 206 2
! -907373 -404319 200 ...........::::::::::!!!
! -710791 -687205 200 ...........::::::::::!!!!!!!!!!|
> 5451 1653 -195 0 67 2
> 8664 5176 -104 276 127 1
> 5987 2477 -157 49 -156 1
> 8033 7643 -438 161 -136 2
! 71056 77123 0
! -73251 62533 0
> 5451 1653 -195 0 67 2
> 8664 5176 -104 276 127 1
> 5987 2477 -157 49 -156 1
> 8033 7643 -438 161 -136 2
! -737158 -666654 0 ...........::::::::::!!!
! -711307 -687015 200 ...........::::::::::!!!!!!!!!!||
> 5256 1653 -165 0 49 2
> 8560 5452 -88 234 145 1
> 5830 2526 -133 41 -138 1
> 7451 7665 -494 18 -136 2
! 44329 93703 0
! -87070 34689 0
> 5256 1653 -165 0 49 2
> 8560 5452 -88 234 145 1
> 5830 2526 -133 41 -138 1
> 7451 7665 -494 18 -136 2
! -494170 -863499 0 ...........::::::::::!!!
! -462021 -875283 200 ...........::::::::::!!!!!!!!!!||
> 5091 1653 -140 0 67 2
> 8472 5686 -74 198 163 1
> 5697 2567 -113 34 -120 1
> 6863 7506 -499 -134 -118 2
! 13806 101272 200
! -91512 3940 0
> 5091 1653 -140 0 67 2
> 8472 5686 -74 198 163 1
> 5697 2567 -113 34 -120 1
> 6863 7506 -499 -134 -118 2
! -737448 -666564 0 ...........::::::::::!!!
! -166785 -977302 200 ...........::::::::::!!!!!!!!!!||
> 4968 1852 -104 169 85 2
> 8398 5884 -62 168 181 1
> 5584 2601 -96 28 -138 1
> 6329 7175 -453 -281 -100 2
! 44041 93902 0
! -86153 -26672 0
> 4968 1852 -104 169 85 2
> 8398 5884 -62 168 181 1
> 5584 2601 -96 28 -138 1
> 6329 7175 -453 -281 -100 2
! -907962 -404136 200 ...........::::::::::!!
! 145502 -983093 200 ...........::::::::::!!!!!!!!!!||
> 4792 1934 -241 -41 67 2
> 8336 6052 -52 142 -161 1
> 5377 2635 -83 139 -156 1
> 5904 6696 -361 -407 -82 2
! 13507 101553 200
! -71527 -54129 0
> 4792 1934 -241 -41 67 2
> 8336 6052 -52 142 -161 1
> 5377 2635 -83 139 -156 1
> 5904 6696 -361 -407 -82 2
! -737768 -666496 0 ...........::::::::::!!!!
! 444275 -892098 200 ...........::::::::::!!!!!!!!!!|||
> 4568 2092 -190 134 85 2
> 8284 6194 -44 120 -143 1
> 5294 2774 -70 118 -138 1
> 5631 6109 -232 -498 -64 2
! 13283 101711 200
! -49073 -75721 0
> 4568 2092 -190 134 85 2
> 8284 6194 -44 120 -143 1
> 5294 2774 -70 118 -138 1
> 5631 6109 -232 -498 -64 2
! -908252 -403963 200 ...........::::::::::!!
! 700289 -713231 0 ...........::::::::::!!!!!!!!!!|||
> 4354 2397 -313 170 85 2
> 8240 6314 -37 102 -125 1
> 5083 2839 -48 143 -156 1
> 5399 5611 -197 -423 -46 0
! 43427 94447 0
! -20997 -89316 0
> 4354 2397 -313 170 85 2
> 8240 6314 -37 102 -125 1
> 5083 2839 -48 143 -156 1
> 5399 5611 -197 -423 -46 0
! -989439 -101689 200 ...........::::::::::!!!!
! 888347 -463861 0 ...........::::::::::!!!!
> 4041 2567 -266 144 67 2
> 8203 6416 -31 86 -107 1
> 4836 2961 -209 103 -174 1
> 5202 5188 -167 -359 -28 0
! 69646 78037 0
! 9948 -93568 0
> 4041 2567 -266 144 67 2
> 8203 6416 -31 86 -107 1
> 4836 2961 -209 103 -174 1
> 5202 5188 -167 -359 -28 0
! -973312 210873 0 ...........::::::::::!!
! 990010 -168460 0 ...........::::::::::!!!!
> 3775 2711 -226 122 49 2
> 8172 6502 -26 73 -89 1
> 4627 3064 -177 87 -192 1
> 5035 4829 -141 -305 -10 0
! 89491 54214 0
! 40728 -88049 0
> 3775 2711 -226 122 49 2
> 8172 6502 -26 73 -89 1
> 4627 3064 -177 87 -192 1
> 5035 4829 -141 -305 -10 0
! -973521 210976 0 ...........::::::::::!!
! 995303 144002 0 ...........::::::::::!!!!
> 3549 2833 -192 103 31 2
> 8146 6575 -22 62 -71 1
> 4450 3151 -150 73 168 1
> 4894 4524 -119 -259 8 0
! 69154 78303 0
! 68327 -73288 0
> 3549 2833 -192 103 31 2
> 8146 6575 -22 62 -71 1
> 4450 3151 -150 73 168 1
> 4894 4524 -119 -259 8 0
! -990072 -101378 200 ...........:::
! 903688 442895 0 ...........:::::
> 3346 2932 -325 29 49 2
> 8124 6637 -18 52 -53 1
> 4112 3207 -134 102 186 1
> 4775 4265 -101 -220 26 0
! 89062 54435 0
! 68305 -73226 0
> 3346 2932 -325 29 49 2
> 8124 6637 -18 52 -53 1
> 4112 3207 -134 102 186 1
> 4775 4265 -101 -220 26 0
! -974036 211119 0 ...........::
! 724115 698923 200 ...........:::::::
> 3021 2961 -276 24 31 2
> 8106 6689 -15 44 -53 1
> 3978 3309 -113 86 168 1
> 4818 4184 36 -68 44 0
! 88737 54464 200
! 68287 -73174 0
> 3021 2961 -276 24 31 2
> 8106 6689 -15 44 -53 1
> 3978 3309 -113 86 168 1
> 4818 4184 36 -68 44 0
! -990544 -101220 0 ...........::
! 474290 887132 200 ...........::::::::
> 2916 3088 -88 107 31 2
> 8091 6733 -12 37 -53 1
> 3865 3395 -96 73 186 1
> 4948 4293 110 92 62 0
! 100353 25583 0
! 90006 -50624 0
> 2916 3088 -88 107 31 2
> 8091 6733 -12 37 -53 1
> 3865 3395 -96 73 186 1
> 4948 4293 110 92 62 0
! -990657 -101133 200 ...........::
! 474420 887241 200 ...........::::::::
> 2812 3189 -257 29 13 2
> 8079 6770 -10 31 -35 1
> 3586 3453 -68 106 -174 1
> 5152 4562 173 228 62 0
! 100249 25684 0
! 68260 -73093 0
> 2812 3189 -257 29 13 2
> 8079 6770 -10 31 -35 1
> 3586 3453 -68 106 -174 1
> 5152 4562 173 228 62 0
! -909960 -403284 0 ...........::::::::::!!!
! 724492 699220 200 ...........::::::::::!!!!!!!!
> 2555 3218 -218 24 13 2
> 8069 6801 -8 26 -53 1
> 3518 3559 -57 90 -156 1
> 5469 4929 269 311 44 0
! 99992 25713 0
! 89984 -50556 0
> 2555 3218 -218 24 13 2
> 8069 6801 -8 26 -53 1
> 3518 3559 -57 90 -156 1
> 5469 4929 269 311 44 0
! -910028 -403178 0 ...........::::::::::!!!
! 724809 699587 200 ...........::::::::::!!!!!!!!
> 2337 3242 -185 20 13 2
> 8061 6827 -6 22 -35 1
> 3461 3649 -48 76 -156 1
> 5882 5379 350 382 44 0
! 101956 -5473 200
! 68242 -73036 0
> 2337 3242 -185 20 13 2
> 8061 6827 -6 22 -35 1
> 3461 3649 -48 76 -156 1
> 5882 5379 350 382 44 0
! -910085 -403088 0 ...........::::::::::!!!
! 904676 443750 200 ...........::::::::::!!!!!!!!!
> 2351 3245 12 2 -5 2
> 8055 6849 -5 18 -53 1
> 3413 3725 -40 64 -156 1
> 6412 5849 450 399 26 0
! 99788 25739 0
! 40611 -87702 0
> 2351 3245 12 2 -5 2
> 8055 6849 -5 18 -53 1
> 3413 3725 -40 64 -156 1
> 6412 5849 450 399 26 0
! -739732 -665406 200 ...........::::::::::!!!
! 725752 700507 0 ...........::::::::::!!!!!!!!
> 2363 3247 10 1 13 2
> 8050 6867 -4 15 -71 1
> 3224 3655 -160 -59 -138 1
> 6862 6248 382 339 44 0
! 101982 -5468 0
! 9795 -93117 SHIELD
> 2363 3247 10 1 13 2
> 8050 6867 -4 15 -71 1
> 3224 3655 -160 -59 -138 1
> 6862 6248 382 339 44 0
! -739921 -665476 0 ...........::::::::::!!!
! 905656 444619 0 ...........::::::::::!!!!!!!!
> 2345 3234 -150 -78 -5 2
> 8046 6882 -3 12 -89 1
> 3092 3610 23 29 -138 1
> 7244 6587 324 288 26 0
! 99782 25728 0
! -21191 -88748 SHIELD
> 2345 3234 -150 -78 -5 2
> 8046 6882 -3 12 -89 1
> 3092 3610 23 29 -138 1
> 7244 6587 324 288 26 0
! -496908 -862415 0 ...........::::::::::!!!!
! 906038 444958 SHIELD SHIELD ...........::::::::::!!!!!!!!
> 2195 3156 -127 -66 13 2
> 8369 7005 318 119 -107 1
> 3115 3639 19 24 -120 1
> 7242 6764 -45 135 26 0
! 101814 -5559 200
! -20868 -88625 0
> 2195 3156 -127 -66 13 2
> 8369 7005 318 119 -107 1
> 3115 3639 19 24 -120 1
> 7242 6764 -45 135 26 0
! -740030 -665492 0 ...........::::::::::!!!!
! 726582 701422 0 ...........::::::::::!!!!!!!
> 2267 3073 61 -70 -5 2
> 8687 7124 270 101 -107 1
> 3134 3663 16 20 -138 1
> 7197 6899 -38 114 44 0
! 99704 25567 0
! -20550 -88506 0
> 2267 3073 61 -70 -5 2
> 8687 7124 270 101 -107 1
> 3134 3663 16 20 -138 1
> 7197 6899 -38 114 44 0
! -496866 -862362 200 ...........::::::::::!!!!!
! 726537 701557 0 ...........::::::::::!!!!!!!!!
> 2328 3003 51 -59 13 2
> 8957 7225 229 85 -107 1
> 3050 3510 -71 -130 -120 1
> 7159 7013 -32 96 44 0
! 88044 54506 0
! 10702 -92759 0
> 2328 3003 51 -59 13 2
> 8957 7225 229 85 -107 1
> 3050 3510 -71 -130 -120 1
> 7159 7013 -32 96 44 0
! -496950 -862515 0 ...........::::::::::!!!!
! 905953 445384 200 ...........::::::::::!!!!!!!!!
> 2315 2898 -88 -144 31 2
> 9186 7310 194 72 -89 1
> 3043 3426 71 -16 -120 1
> 7127 7109 -27 81 26 0
! 67920 78368 200
! 10931 -92674 0
> 2315 2898 -88 -144 31 2
> 9186 7310 194 72 -89 1
> 3043 3426 71 -16 -120 1
> 7127 7109 -27 81 26 0
! -740102 -665705 0 ...........::::::::::!!!!
! 726467 701767 200 ...........::::::::::!!!!!!!!!!
> 2358 2905 36 5 49 2
> 9380 7382 164 61 -89 1
> 3114 3410 60 -13 -138 1
> 7244 7329 99 186 44 0
! 88074 54408 0
! 41936 -87169 0
> 2358 2905 36 5 49 2
> 9380 7382 164 61 -89 1
> 3114 3410 60 -13 -138 1
> 7244 7329 99 186 44 0
! -910432 -403327 200 ...........::::::::::!!!!!
! 906038 445700 200 ...........::::::::::!!!!!!!!!!|
> 2320 2860 -119 -97 31 2
> 9544 7443 139 51 -71 1
> 3065 3365 46 21 -156 1
> 7523 7603 236 232 26 0
! 67925 78330 200
! 11289 -92541 0
> 2320 2860 -119 -97 31 2
> 9544 7443 139 51 -71 1
> 3065 3365 46 21 -156 1
> 7523 7603 236 232 26 0
! -740080 -665766 0 ...........::::::::::!!!!!
! 997791 146776 0 ...........::::::::::!!!!!!!!!!|
> 2332 2914 10 45 49 2
> 9683 7494 118 43 -89 1
> 3111 3386 39 17 -138 1
> 7759 7835 200 197 8 0
! 41405 94964 200
! -19554 -88136 0
> 2332 2914 10 45 49 2
> 9683 7494 118 43 -89 1
> 3111 3386 39 17 -138 1
> 7759 7835 200 197 8 0
! -910435 -403351 200 ...........::::::::::!!!!!!!
! 992567 -165813 200 ...........::::::::::!!!!!!!!!!|
> 2214 3033 -182 56 67 2
> 9801 7537 100 36 -107 1
> 3173 3432 134 83 -156 1
> 8156 7997 337 137 -10 0
! 41287 95083 200
! -19436 -88093 0
> 2214 3033 -182 56 67 2
> 9801 7537 100 36 -107 1
> 3173 3432 134 83 -156 1
> 8156 7997 337 137 -10 0
! -991349 -101096 0 ...........::::::::::!!!!!!!
! 891104 -461475 200 ...........::::::::::!!!!!!!!!!|
> 2110 3273 -88 204 67 2
> 9901 7573 85 30 -107 1
> 3307 3515 113 70 -174 1
> 8670 8040 436 36 -28 0
! 67715 78743 200
! -47456 -74342 0
> 2110 3273 -88 204 67 2
> 9901 7573 85 30 -107 1
> 3307 3515 113 70 -174 1
> 8670 8040 436 36 -28 0
! -974841 211427 0 ...........::::::::::!!!!!!!!!
! 993478 -165608 0 ...........::::::::::!!!!!!!!!!||
> 2153 3628 36 301 49 2
> 9986 7603 72 25 -125 1
> 3420 3585 96 59 -192 1
> 9106 8076 370 30 -10 0
! 67758 79098 200
! -69877 -52578 0
> 2153 3628 36 301 49 2
> 9986 7603 72 25 -125 1
> 3420 3585 96 59 -192 1
> 9106 8076 370 30 -10 0
! -862605 503585 200 ...........::::::::::!!!!!!!
! 892054 -461396 0 ...........::::::::::!!!!!!!!!!||
> 2320 4080 142 384 49 2
> 10097 7599 223 -99 -143 1
> 3343 3744 -65 135 -210 1
> 9437 8135 152 146 -28 0
! 88036 55583 200
! -84454 -24957 0
> 2320 4080 142 384 49 2
> 10097 7599 223 -99 -143 1
> 3343 3744 -65 135 -210 1
> 9437 8135 152 146 -28 0
! -665788 746889 200 ...........::::::::::!!!!!!!!
! 892385 -461337 200 ...........::::::::::!!!!!!!!!!|||
> 2582 4607 79 559 31 2
> 10320 7500 189 -84 -161 1
> 3196 3987 18 95 132 1
> 9766 8187 279 44 -28 0
! 100019 27102 0
! -89664 5754 0
> 2582 4607 79 559 31 2
> 10320 7500 189 -84 -161 1
> 3196 3987 18 95 132 1
> 9766 8187 279 44 -28 0
! -403541 917533 0 ...........::::::::::!!!!!!!
! 704424 -711153 0 ...........::::::::::!!!!!!!!!!||||
> 2661 5166 67 475 13 2
> 10509 7416 160 -71 -179 1
> 3214 4082 15 80 114 1
> 10045 8231 237 37 -46 0
! 102280 -3549 200
! -85121 36653 0
> 2661 5166 67 475 13 2
> 10509 7416 160 -71 -179 1
> 3214 4082 15 80 114 1
> 10045 8231 237 37 -46 0
! -101314 998604 200 ...........::::::::::!!!!!!
! 892993 -461241 200 ...........::::::::::!!!!!!!!!!||||
> 2927 5624 226 388 -5 2
> 10669 7345 136 -60 -197 1
> 3208 4361 -5 237 96 1
> 10459 8174 351 -48 -28 0
! 94977 -33449 BOOST
! -89315 5599 0
> 2927 5624 226 388 -5 2
> 10669 7345 136 -60 -197 1
> 3208 4361 -5 237 96 1
> 10459 8174 351 -48 -28 0
! 211120 982509 200 ...........::::::::::!!!!!!!
! 705117 -711166 0 ...........::::::::::!!!!!!!!!!||||||
> 3751 5758 700 113 -23 2
> 10805 7285 115 -51 -179 1
> 3245 4794 31 367 78 1
> 10810 8126 298 -40 -46 0
! 95801 -33315 200
! -89179 5539 0
> 3751 5758 700 113 -23 2
> 10805 7285 115 -51 -179 1
> 3245 4794 31 367 78 1
> 10810 8126 298 -40 -46 0
! 503245 870819 0 ...........::::::::::!!!!!!!!!!||||||||||
! 449181 -890668 0 ...........::::::::::!!!!!!!!!!||||||
> 4635 5793 751 29 -23 2
> 10920 7234 97 -43 -179 1
> 3276 5161 26 311 60 1
> 11108 8086 253 -34 -64 0
! 104254 -2922 200
! -83631 -25322 SHIELD
> 4635 5793 751 29 -23 2
> 10920 7234 97 -43 -179 1
> 3276 5161 26 311 60 1
> 11108 8086 253 -34 -64 0
! 746421 674292 0 ...........::::::::::!!!!!!!!!!||||||||||
! 150281 -982182 200 ...........::::::::::!!!!!!!!!!||||||||
> 5585 5805 807 9 -5 0
> 11014 7182 75 -53 -161 1
> 3302 5472 22 264 42 1
> 11423 7942 306 -24 -82 0
! 103022 28299 200
! -83537 -25374 0
> 5585 5805 807 9 -5 0
> 11014 7182 75 -53 -161 1
> 3302 5472 22 264 42 1
> 11423 7942 306 -24 -82 0
! 916848 412209 0 ...........::::::::::!!!!!!!!!!|
! -162225 -976866 200 ...........::::::::::!!!!!!!!!!|||||||
> 6587 5859 851 45 13 0
> 11089 7129 63 -45 -161 1
> 3324 5736 18 224 24 1
> 11694 7721 230 -187 -100 0
! 106206 -2856 200
! -68774 -53052 0
> 6587 5859 851 45 13 0
> 11089 7129 63 -45 -161 1
> 3324 5736 18 224 24 1
> 11694 7721 230 -187 -100 0
! 997846 110264 0 ...........::::::::::!!!!!!!!!!|
! -457778 -875227 200 ...........::::::::::!!!!!!!!!!||||||||
> 7637 5887 892 23 -5 0
> 11047 7001 -73 -138 -143 1
> 3342 5960 15 190 6 1
> 11935 7440 242 -208 -118 0
! 107256 -2828 200
! -83504 -25555 200
> 7637 5887 892 23 -5 0
> 11047 7001 -73 -138 -143 1
> 3342 5960 15 190 6 1
> 11935 7440 242 -208 -118 0
! 981490 -201952 200 ...........::::::::::!!!!!!!!!!|
! -707405 -687218 200 ...........::::::::::!!!!!!!!!!|||||||||
> 8728 5893 927 4 -5 0
> 10974 6863 -62 -117 -161 1
> 3553 6108 179 126 -12 1
> 12033 7093 83 -294 -136 0
! 108347 -2822 200
! -89010 5117 0
> 8728 5893 927 4 -5 0
> 10974 6863 -62 -117 -161 1
> 3553 6108 179 126 -12 1
> 12033 7093 83 -294 -136 0
! 869578 -493892 200 ...........::::::::::!!!!!!!!!!
! -707307 -687565 0 ...........::::::::::!!!!!!!!!!||||||||||
> 9854 5880 957 -11 -5 0
> 10912 6746 -52 -99 -179 1
> 3905 6134 299 22 -30 1
> 12116 6799 70 -249 -136 0
! 109473 -2835 200
! -83639 -25810 0
> 9854 5880 957 -11 -5 0
> 10912 6746 -52 -99 -179 1
> 3905 6134 299 22 -30 1
> 12116 6799 70 -249 -136 0
! 673036 -737011 200 ...........:::::::
! -886678 -431572 200 ...........::::::::::!!!
> 11010 5852 982 -24 -5 1
> 10860 6647 -44 -84 -161 1
> 4338 6007 367 -107 -48 1
> 12006 6462 -93 -286 -154 0
! 103060 -33221 0
! -69003 -53534 0
> 11010 5852 982 -24 -5 1
> 10860 6647 -44 -84 -161 1
> 4338 6007 367 -107 -48 1
> 12006 6462 -93 -286 -154 0
! 673469 -737138 200 ........
! -886788 -431909 SHIELD SHIELD ...........::::::::::!!!!!!!
> 11109 5082 -334 -1007 -23 1
> 10816 6563 -37 -71 -143 1
> 4839 5751 425 -217 -48 1
> 12001 6251 37 -144 -154 1
! 110728 -3633 0
! -46541 -75352 200
> 11109 5082 -334 -1007 -23 1
> 10816 6563 -37 -71 -143 1
> 4839 5751 425 -217 -48 1
> 12001 6251 37 -144 -154 1
! 673970 -737394 200 ...........:
! -978267 -132922 200 ...........::::::::
> 10775 4075 -283 -855 -5 1
> 10664 6328 -128 -199 -125 1
> 5398 5385 475 -310 -48 1
> 12038 6107 31 -122 -172 1
! 108212 26569 0
! -18573 -89302 0
> 10775 4075 -283 -855 -5 1
> 10664 6328 -128 -199 -125 1
> 5398 5385 475 -310 -48 1
> 12038 6107 31 -122 -172 1
! 412135 -908160 200 ...........::::::::::!!
! -972770 179755 200 ...........::::::::::!!!!!!!
> 10492 3220 -240 -726 13 1
> 10536 6129 -108 -169 -107 1
> 5954 4892 472 -418 -66 1
> 12069 5985 26 -103 170 1
! 96208 54723 0
! 12281 -93855 0
> 10492 3220 -240 -726 13 1
> 10536 6129 -108 -169 -107 1
> 5954 4892 472 -418 -66 1
> 12069 5985 26 -103 170 1
! 412691 -908653 SHIELD SHIELD ...........::::::::::!!
! -978199 -133188 200 ...........::::::::::!!!!!!!
> 10252 2494 -204 -617 31 1
> 10428 5960 -91 -143 -89 1
> 6426 4474 401 -355 -66 1
> 12095 5882 22 -87 -172 1
! 75857 77964 0
! 42984 -88591 200
> 10252 2494 -204 -617 31 1
> 10428 5960 -91 -143 -89 1
> 6426 4474 401 -355 -66 1
> 12095 5882 22 -87 -172 1
! 110955 -990048 0 ...........::::::::::!!!!!!
! -886699 -432489 200 ...........::::::::::!!!!!!!!
> 10048 1877 -173 -524 49 1
> 10402 5628 -22 -282 -71 1
> 6827 4119 340 -301 -84 1
> 11937 5707 -134 -148 -154 1
! 49121 93927 200
! 12147 -94356 0
> 10048 1877 -173 -524 49 1
> 10402 5628 -22 -282 -71 1
> 6827 4119 340 -301 -84 1
> 11937 5707 -134 -148 -154 1
! 111355 -990403 SHIELD SHIELD ...........::::::::::!!!!!!!!!!||||
! -978331 -133466 0 ...........::::::::::!!!!!!!!!
> 9953 1537 -80 -288 67 1
> 10380 5346 -18 -239 -89 1
> 7167 3818 289 -255 -84 1
> 11803 5559 -113 -125 -172 1
! 18668 101156 200
! 42936 -89205 0
> 9953 1537 -80 -288 67 1
> 10380 5346 -18 -239 -89 1
> 7167 3818 289 -255 -84 1
> 11803 5559 -113 -125 -172 1
! 413904 -909728 0 ...........::::::::::!!!!!!!!!!||||
! -978465 -133614 200 ...........::::::::::!!!!!!!!!!
> 9890 1448 -53 -75 85 1
> 10362 5107 -15 -203 -71 1
> 7456 3563 245 -216 -66 1
> 11492 5406 -264 -129 -172 1
! -12605 98885 200
! 70543 -74756 SHIELD
> 9890 1448 -53 -75 85 1
> 10362 5107 -15 -203 -71 1
> 7456 3563 245 -216 -66 1
> 11492 5406 -264 -129 -172 1
! 676587 -739582 0 ...........::::::::::!!!!!!!!!!||||
! -887302 -432965 0 ...........::::::::::!!!!!!!!!!
> 9792 1568 -83 101 103 1
> 10347 4904 -12 -172 -53 1
> 7701 3347 208 -183 -48 1
> 11228 5277 -224 -109 -154 1
! -12703 99005 200
! 42903 -89647 0
> 9792 1568 -83 101 103 1
> 10347 4904 -12 -172 -53 1
> 7701 3347 208 -183 -48 1
> 11228 5277 -224 -109 -154 1
! 873727 -496653 0 ...........::::::::::!!!!!!!!!!||||
! -979040 -133896 0 ...........::::::::::!!!!!!!!!!
> 9664 1864 -108 251 103 2
> 10333 4731 -146 -234 -71 1
> 7909 3164 176 -155 -30 1
> 11006 5169 -53 -3 -172 1
! 18379 101483 200
! 12078 -95253 0
> 9664 1864 -108 251 103 2
> 10333 4731 -146 -234 -71 1
> 7909 3164 176 -155 -30 1
> 11006 5169 -53 -3 -172 1
! 986057 -204748 200 ...........::::::::::!!!!!
! -887788 -433202 200 ...........::::::::::!!!!!!!!!!||
> 9573 2314 -76 382 85 2
> 10187 4497 -124 -198 -89 1
> 8281 2967 315 -167 -12 1
> 10773 5078 -197 -77 -154 1
! 18288 101933 200
! 42743 -90054 200
> 9573 2314 -76 382 85 2
> 10187 4497 -124 -198 -89 1
> 8281 2967 315 -167 -12 1
> 10773 5078 -197 -77 -154 1
! 1002803 107495 200 ...........::::::::::!!!!!
! -979495 -134095 0 ...........::::::::::!!!!!!!!
> 9598 2892 457 476 85 2
> 10063 4299 -105 -168 -71 1
> 8712 2824 -70 -106 6 1
> 10576 5001 -167 -65 -172 1
! -12897 100329 200
! 42619 -90252 0
> 9598 2892 457 476 85 2
> 10063 4299 -105 -168 -71 1
> 8712 2824 -70 -106 6 1
> 10576 5001 -167 -65 -172 1
! 922258 409561 0 ...........:::
! -979692 -134172 200 ...........::::::::
> 9984 3323 267 -182 103 2
> 9899 4171 -301 -82 -71 1
> 8642 2718 -59 -90 24 1
> 10296 5107 -14 613 -172 1
! -41519 89039 200
! 11644 -95813 0
> 9984 3323 267 -182 103 2
> 9899 4171 -301 -82 -71 1
> 8642 2718 -59 -90 24 1
> 10296 5107 -14 613 -172 1
! 751787 671849 0 ...........:::
! -888498 -433264 200 ...........:::::::::
> 10148 3312 139 -8 121 2
> 9598 4089 -255 -69 -89 1
> 8583 2628 -50 -76 42 1
> 10102 5632 -164 446 -154 1
! -65322 68917 200
! -19639 -91541 0
> 10148 3312 139 -8 121 2
> 9598 4089 -255 -69 -89 1
> 8583 2628 -50 -76 42 1
> 10102 5632 -164 446 -154 1
! 508583 868653 0 ...........:::
! -709238 -689026 200 ...........:::::::::
> 10136 3435 -10 104 139 2
> 9343 4020 -216 -58 -107 1
> 8533 2552 -42 -64 60 1
> 9794 5939 -261 261 -136 1
! -81914 42508 200
! -48014 -77895 200
> 10136 3435 -10 104 139 2
> 9343 4020 -216 -58 -107 1
> 8533 2552 -42 -64 60 1
> 9794 5939 -261 261 -136 1
! 216445 980700 0 ...........::::::
! -459678 -877009 200 ...........:::::::::
> 9942 3617 -164 154 157 2
> 9012 3798 -281 -188 -125 1
> 8491 2488 -35 -54 78 1
> 9439 6023 -301 71 -118 1
! -82108 42690 200
! -20225 -91832 0
> 9942 3617 -164 154 157 2
> 9012 3798 -281 -188 -125 1
> 8491 2488 -35 -54 78 1
> 9439 6023 -301 71 -118 1
! 508491 868513 0 ...........:::::::
! -164209 -978785 200 ...........::::::::
> 9594 3849 -295 197 157 2
> 8731 3610 -238 -159 -107 1
> 8456 2434 -29 -45 60 1
> 9103 5897 -285 -107 -100 1
! -82456 42922 200
! 10476 -96374 0
> 9594 3849 -295 197 157 2
> 8731 3610 -238 -159 -107 1
> 8456 2434 -29 -45 60 1
> 9103 5897 -285 -107 -100 1
! 751601 671565 200 ...........:::::::
! 148276 -984371 200 ...........:::::::::
> 9115 4124 -407 233 157 2
> 8493 3451 -202 -135 -89 1
> 8576 2523 101 75 42 1
> 8846 5592 -218 -259 -82 1
! -66355 69729 200
! 41049 -91100 0
> 9115 4124 -407 233 157 2
> 8493 3451 -202 -135 -89 1
> 8576 2523 101 75 42 1
> 8846 5592 -218 -259 -82 1
! 751721 671654 200 ...........:::::::
! 148019 -984676 200 ...........::::::::
> 8551 4338 -500 -375 139 2
> 8263 3370 -237 11 -71 1
> 8854 2678 278 51 42 1
> 8662 5285 -135 296 -82 1
! -66919 69943 200
! 68444 -76493 0
> 8551 4338 -500 -375 139 2
> 8263 3370 -237 11 -71 1
> 8854 2678 278 51 42 1
> 8662 5285 -135 296 -82 1
! 508854 868703 200 ...........:::::::
! 447033 -893509 200 ...........:::::::::
> 7902 4183 -549 15 139 2
> 8024 3292 -205 -213 -53 1
> 9232 2902 321 190 60 1
> 8615 5401 -40 98 -64 1
! -67568 69788 200
! 89939 -54065 0
> 7902 4183 -549 15 139 2
> 8024 3292 -205 -213 -53 1
> 9232 2902 321 190 60 1
> 8615 5401 -40 98 -64 1
! 217144 981050 200 ...........:::::::
! 147788 -984867 200 ...........::::::::::
> 7202 4329 -594 124 139 2
> 7819 3079 -174 -181 -35 1
> 9595 3288 308 327 78 1
> 8603 5301 -10 -85 -82 1
! -44301 90045 200
! 103449 -26158 0
> 7202 4329 -594 124 139 2
> 7819 3079 -174 -181 -35 1
> 9595 3288 308 327 78 1
> 8603 5301 -10 -85 -82 1
! 217507 981436 SHIELD SHIELD ...........:::::::
! 147776 -984967 200 ...........::::::::::!
> 6505 4624 -592 251 121 2
> 7645 2898 -147 -153 -17 1
> 9903 3615 261 277 78 1
> 8621 5018 15 -240 -82 1
! -15990 102061 0
! 107629 4643 200
> 6505 4624 -592 251 121 2
> 7645 2898 -147 -153 -17 1
> 9903 3615 261 277 78 1
> 8621 5018 15 -240 -82 1
! -94626 998137 200 ...........::::::::::!!!!!!!!!!|
! 147794 -985250 200 ...........::::::::::!!!!!!!!!!|||
> 5913 4875 -503 213 103 2
> 7698 2748 45 -127 1 1
> 10164 3892 221 235 96 1
> 8664 4580 36 -372 -82 1
! 14628 104494 0
! 102249 35304 200
> 5913 4875 -503 213 103 2
> 7698 2748 45 -127 1 1
> 10164 3892 221 235 96 1
> 8664 4580 36 -372 -82 1
! -94365 998414 SHIELD SHIELD ...........::::::::
! -164984 -980228 200 ...........::::::::::!!
> 5410 5088 -427 181 85 0
> 7932 2686 198 -52 19 1
> 10385 4127 187 199 96 1
> 8665 4011 1 -483 -100 1
! 44483 97138 0
! 87795 62867 200
> 5410 5088 -427 181 85 0
> 7932 2686 198 -52 19 1
> 10385 4127 187 199 96 1
> 8665 4011 1 -483 -100 1
! -396352 917673 0 ...........::::::::::!!
! -460807 -878937 200 ...........::::::::::!!!!!!!!!!|||||
> 4983 5269 -362 153 67 0
> 8228 2629 -18 -590 37 1
> 10572 4326 158 169 114 1
> 8634 3476 243 88 -118 1
! 70588 80739 0
! 65585 84544 200
> 4983 5269 -362 153 67 0
> 8228 2629 -18 -590 37 1
> 10572 4326 158 169 114 1
> 8634 3476 243 88 -118 1
! -658559 747471 200 ...........::::::::::!!
! -460838 -879472 200 ...........::::::::::!!!!!!!!!!||||||
> 4621 5422 -307 130 49 0
> 8325 2203 82 -362 55 1
> 10730 4495 134 143 132 1
> 8783 3387 126 -75 -118 1
! 90337 56925 0
! 65682 84118 200
> 4621 5422 -307 130 49 0
> 8325 2203 82 -362 55 1
> 10730 4495 134 143 132 1
> 8783 3387 126 -75 -118 1
! -855296 504495 200 ...........::::::::::!!
! -164865 -981421 200 ...........::::::::::!!!!!!!!!!||||||
> 4314 5552 -260 110 31 0
> 8522 2005 167 -168 55 2
> 10864 4638 113 121 150 1
> 8874 3115 77 -231 -100 1
! 101751 28047 200
! 37759 97635 BOOST
> 4314 5552 -260 110 31 0
> 8522 2005 167 -168 55 2
> 10864 4638 113 121 150 1
> 8874 3115 77 -231 -100 1
! -967284 212550 0 ...........::::::::::!!
! -164774 -981693 200 ...........::::::::::!!!!!!!!!!|||||||
> 4249 5707 -55 131 13 0
> 8716 1912 75 -375 73 2
> 10977 4759 96 102 168 1
> 9080 3234 263 397 -100 1
! 103868 -3008 200
! 37953 97542 200
> 4249 5707 -55 131 13 0
> 8716 1912 75 -375 73 2
> 10977 4759 96 102 168 1
> 9080 3234 263 397 -100 1
! -967171 212671 0 ...........::::::::::!!
! 148253 -987034 200 ...........::::::::::!!!
> 4393 5821 122 96 -5 0
> 8849 1728 113 -156 73 2
> 11073 4861 81 86 168 1
> 9371 3433 247 169 -82 1
! 104012 -2894 200
! 38086 97358 200
> 4393 5821 122 96 -5 0
> 8849 1728 113 -156 73 2
> 11073 4861 81 86 168 1
> 9371 3433 247 169 -82 1
! -967075 212773 0 ...........::::::::::!!!
! 148544 -986835 200 ...........::::::::::!!
> 4714 5900 273 66 -5 0
> 9020 1763 145 29 73 2
> 11154 4947 68 73 168 1
> 9646 3404 233 -24 -82 1
! 96764 -33173 200
! 66377 83678 200
> 4714 5900 273 66 -5 0
> 9020 1763 145 29 73 2
> 11154 4947 68 73 168 1
> 9646 3404 233 -24 -82 1
! -966994 212859 0 ...........::::::::::!!!
! -164002 -981404 200 ...........::::::::::!!
> 5171 5888 388 -10 -23 0
> 9280 1956 220 163 55 2
> 11222 5020 57 62 168 1
> 9844 3183 168 -187 -100 1
! 97221 -33185 200
! 66637 83871 200
> 5171 5888 388 -10 -23 0
> 9280 1956 220 163 55 2
> 11222 5020 57 62 168 1
> 9844 3183 168 -187 -100 1
! -966926 212932 200 ...........::::::::::!!!
! -459628 -879765 200 ...........::::::::::!!!
> 5743 5800 486 -74 -23 0
> 9530 2120 -2 -274 55 2
> 11083 5124 -117 88 168 1
> 10003 2983 350 243 -118 1
! 105362 -2915 0
! 38767 97750 200
> 5743 5800 486 -74 -23 0
> 9530 2120 -2 -274 55 2
> 11083 5124 -117 88 168 1
> 10003 2983 350 243 -118 1
! -983439 -99405 0 ...........::::::::::!!!
! -459469 -879965 200 ...........::::::::::!!!
> 6229 5726 413 -62 -5 0
> 9586 2037 48 -70 73 2
> 10966 5212 -99 74 186 1
> 10259 3049 217 56 -118 1
! 105848 -2989 200
! 66943 83952 0
> 6229 5726 413 -62 -5 0
> 9586 2037 48 -70 73 2
> 10966 5212 -99 74 186 1
> 10259 3049 217 56 -118 1
! -967182 213124 0 ...........::::::::::!!!
! -709081 -691609 200 ...........::::::::::!!
> 6841 5647 520 -67 -5 0
> 9634 1967 40 -59 55 2
> 10867 5286 -84 62 168 1
> 10332 2966 62 -70 -136 1
! 104278 28141 200
! 38871 97597 200
> 6841 5647 520 -67 -5 0
> 9634 1967 40 -59 55 2
> 10867 5286 -84 62 168 1
> 10332 2966 62 -70 -136 1
! -967281 213198 200 ...........::::::::::!!!!
! -709008 -691692 200 ...........::::::::::!!!
> 7556 5625 607 -18 13 0
> 9732 2099 83 112 73 2
> 10587 5390 -237 88 168 1
> 10250 2757 -69 -177 -136 1
! 107175 -3090 200
! 67089 84014 200
> 7556 5625 607 -18 13 0
> 9732 2099 83 112 73 2
> 10587 5390 -237 88 168 1
> 10250 2757 -69 -177 -136 1
! -983935 -99139 0 ...........::::::::::!!!!
! -709090 -691901 SHIELD SHIELD ...........::::::::::!!!
> 8362 5590 685 -30 -5 0
> 9382 1688 -333 -394 55 2
> 10350 5478 -201 74 186 1
> 10236 2649 -8 -87 -136 1
! 105799 28084 200
! 66739 83603 200
> 8362 5590 685 -30 -5 0
> 9382 1688 -333 -394 55 2
> 10350 5478 -201 74 186 1
> 10236 2649 -8 -87 -136 1
! -984172 -99050 200 ...........::::::::::!!!!!
! -888558 -435722 200 ...........::::::::::!!
> 9154 5613 -333 116 13 0
> 9164 1458 -185 -195 55 2
> 10038 5523 741 -58 -174 1
> 10228 2562 -6 -73 -154 1
! 108773 -3102 200
! 89027 61639 200
> 9154 5613 -333 116 13 0
> 9164 1458 -185 -195 55 2
> 10038 5523 741 -58 -174 1
> 10228 2562 -6 -73 -154 1
! -968110 213435 200 ...........::::::::::!!!!!
! -709112 -692096 200 ...........::::::::::!!!
> 9020 5712 -113 83 -5 0
> 9139 1383 -21 -63 37 2
> 10583 5507 463 -13 168 1
> 10222 2489 -5 -62 -136 1
! 101070 -33361 200
! 66496 83298 200
> 9020 5712 -113 83 -5 0
> 9139 1383 -21 -63 37 2
> 10583 5507 463 -13 168 1
> 10222 2489 -5 -62 -136 1
! -967565 213419 200 ...........::::::::::!!!!
! -888572 -435882 200 ...........::::::::::!!!!
> 9091 5717 60 4 -23 0
> 9233 1484 79 85 55 2
> 10850 5536 227 24 168 1
> 10217 2427 -4 -52 -154 1
! 101141 -33356 200
! 66590 83399 200
> 9091 5717 60 4 -23 0
> 9233 1484 79 85 55 2
> 10850 5536 227 24 168 1
> 10217 2427 -4 -52 -154 1
! -967298 213448 200 ...........::::::::::!!!
! -980051 -136746 200 ...........::::::::::!!!!!!
> 9335 5643 207 -63 -23 0
> 9427 1733 164 211 55 2
> 10881 5602 26 55 168 1
> 10015 2347 -171 -67 -172 1
! 108954 -3072 200
! 38664 97363 SHIELD
> 9335 5643 207 -63 -23 0
> 9427 1733 164 211 55 2
> 10881 5602 26 55 168 1
> 10015 2347 -171 -67 -172 1
! -983641 -98927 200 ...........::::::::::!!!
! -980253 -136826 SHIELD SHIELD ...........::::::::::!!
> 9741 5563 345 -68 -5 0
> 9329 1666 -112 -87 73 2
> 10708 5636 -146 28 186 1
> 10106 2558 106 210 -172 1
! 107178 28057 0
! 38566 97296 0
> 9741 5563 345 -68 -5 0
> 9329 1666 -112 -87 73 2
> 10708 5636 -146 28 186 1
> 10106 2558 106 210 -172 1
! -983814 -98892 SHIELD SHIELD ...........::::::::::!!
! -888688 -435813 200 ...........::::::::::!!
> 9535 5421 -432 -155 13 0
> 9217 1579 -95 -73 73 2
> 10617 5671 -51 33 -174 1
> 10212 2768 90 178 -154 1
! 109154 -3294 200
! 66574 83494 0
> 9535 5421 -432 -155 13 0
> 9217 1579 -95 -73 73 2
> 10617 5671 -51 33 -174 1
> 10212 2768 90 178 -154 1
! -902929 -401066 0 ...........::::::::::!!
! -709128 -691890 200 ...........::::::::::!!!
> 9302 5249 -197 -146 -5 0
> 9122 1506 -80 -62 55 2
> 10566 5704 -43 28 -156 1
> 10302 2946 76 151 -136 1
! 101352 -33824 200
! 88985 61687 200
> 9302 5249 -197 -146 -5 0
> 9122 1506 -80 -62 55 2
> 10566 5704 -43 28 -156 1
> 10302 2946 76 151 -136 1
! -732579 -663427 0 ...........::::::::::!!
! -459170 -880002 200 ...........::::::::::!!!
> 9289 5025 -10 -190 -23 0
> 9042 1444 -68 -52 37 2
> 10523 5732 -36 23 -138 1
> 10378 3097 64 128 -118 1
! 108908 -3690 200
! 66399 83359 200
> 9289 5025 -10 -190 -23 0
> 9042 1444 -68 -52 37 2
> 10523 5732 -36 23 -138 1
> 10378 3097 64 128 -118 1
! -489477 -860293 200 ...........::::::::::!
! -708962 -691561 200 ...........::::::::::!!!
> 9478 4818 160 -176 -5 0
> 9089 1556 39 95 55 2
> 10487 5755 -30 19 -120 1
> 10298 3086 -67 -9 -136 1
! 106915 27312 200
! 66446 83471 200
> 9478 4818 160 -176 -5 0
> 9089 1556 39 95 55 2
> 10487 5755 -30 19 -120 1
> 10298 3086 -67 -9 -136 1
! -197425 -972393 0 ...........::::::::::!
! -459174 -879862 200 ...........::::::::::!!!
> 9833 4687 301 -111 13 0
> 9243 1815 130 220 55 2
> 10457 5774 -25 16 -102 1
> 10137 2900 -136 -157 -118 1
! 95549 56190 0
! 89106 61996 0
> 9833 4687 301 -111 13 0
> 9243 1815 130 220 55 2
> 10457 5774 -25 16 -102 1
> 10137 2900 -136 -157 -118 1
! 114985 -988748 200 ...........::::::::::!!
! -459335 -880048 SHIELD SHIELD ...........::::::::::!!!!
> 10134 4576 255 -94 31 0
> 9373 2035 110 187 37 2
> 10453 5591 -3 -155 -84 1
> 10001 2743 -115 -133 -118 1
! 75739 80046 0
! 103924 34591 SHIELD
> 10134 4576 255 -94 31 0
> 9373 2035 110 187 37 2
> 10453 5591 -3 -155 -84 1
> 10001 2743 -115 -133 -118 1
! 417190 -907955 200 ...........::::::::::!
! -459471 -880205 SHIELD SHIELD ...........::::::::::!!
> 10386 4467 172 -307 49 0
> 9319 2045 -130 -82 19 2
> 10534 5269 110 -59 -66 1
> 10050 2787 125 128 -118 1
! 49459 96517 200
! 89182 62226 0
> 10386 4467 172 -307 49 0
> 9319 2045 -130 -82 19 2
> 10534 5269 110 -59 -66 1
> 10050 2787 125 128 -118 1
! 679665 -737876 0 ...........::::::::::!!
! -709290 -691871 200 ...........::::::::::!!
> 10636 4344 212 -104 67 0
> 9189 1963 -110 -69 37 2
> 10644 5210 93 -50 -48 1
> 10175 2915 106 108 -136 1
! 19351 103963 0
! 103740 34519 200
> 10636 4344 212 -104 67 0
> 9189 1963 -110 -69 37 2
> 10644 5210 93 -50 -48 1
> 10175 2915 106 108 -136 1
! 679775 -737935 0 ...........:::
! -709165 -691743 0 ...........:::
> 10848 4240 180 -88 85 0
> 9079 1894 -93 -58 19 2
> 10737 5160 79 -42 -48 1
> 10281 3023 90 91 -136 1
! 49921 96290 0
! 88942 62075 0
> 10848 4240 180 -88 85 0
> 9079 1894 -93 -58 19 2
> 10737 5160 79 -42 -48 1
> 10281 3023 90 91 -136 1
! 679868 -737985 0 ...........:::
! -709059 -691635 0 ...........::::
> 11028 4152 153 -74 67 0
> 8986 1836 -79 -49 37 2
> 10816 5118 67 -35 -48 1
> 10371 3114 76 77 -136 1
! 19743 103771 200
! 88849 62017 200
> 11028 4152 153 -74 67 0
> 8986 1836 -79 -49 37 2
> 10816 5118 67 -35 -48 1
> 10371 3114 76 77 -136 1
! 876842 -494882 0 ...........::
! -708969 -691544 200 ...........::::
> 11198 4277 144 106 85 0
> 9067 1907 68 60 37 2
> 10883 5083 56 -29 -30 1
> 10303 3052 -57 -52 -136 1
! -11297 101714 200
! 88930 62088 200
> 11198 4277 144 106 85 0
> 9067 1907 68 60 37 2
> 10883 5083 56 -29 -30 1
> 10303 3052 -57 -52 -136 1
! 680014 -738062 200 ...........::
! -888491 -435319 200 ...........:::::
> 11453 4196 237 -119 103 0
> 9295 2087 193 153 37 2
> 10917 5287 7 224 -48 1
> 10066 2912 -201 -118 -154 1
! -11042 101633 0
! 66652 84002 0
> 11453 4196 237 -119 103 0
> 9295 2087 193 153 37 2
> 10917 5287 7 224 -48 1
> 10066 2912 -201 -118 -154 1
! 680048 -737858 200 ...........::::::::::!!
! -888728 -435459 SHIELD SHIELD ...........::::::::::!!!!!
> 11690 4077 201 -101 103 0
> 9342 2052 -267 -426 55 2
> 11058 5362 119 64 -48 1
> 9880 2813 -127 -44 -154 1
! -10805 101514 200
! 66699 83967 200
> 11690 4077 201 -101 103 0
> 9342 2052 -267 -426 55 2
> 11058 5362 119 64 -48 1
> 9880 2813 -127 -44 -154 1
! 417795 -908183 0 ...........::::::::::!!
! -709460 -691845 0 ...........::::::::::!!!
> 11846 4171 132 79 103 0
> 9190 1790 -129 -222 55 2
> 11177 5426 101 54 -66 1
> 9753 2769 -107 -37 -136 1
! -10649 101608 200
! 38427 97420 200
> 11846 4171 132 79 103 0
> 9190 1790 -129 -222 55 2
> 11177 5426 101 54 -66 1
> 9753 2769 -107 -37 -136 1
! 680308 -737719 200 ...........::::::::::!!
! -459719 -880179 0 ...........::::::::::!!
> 11933 4445 73 232 103 0
> 9119 1759 -59 -26 73 2
> 11412 5331 199 -80 -48 1
> 9646 2732 -90 -31 -118 1
! -39570 90161 0
! 66476 83674 200
> 11933 4445 73 232 103 0
> 9119 1759 -59 -26 73 2
> 11412 5331 199 -80 -48 1
> 9646 2732 -90 -31 -118 1
! 418149 -908214 200 ...........::::::::::!!
! -459826 -880216 0 ...........::::::::::!!!
> 12169 4423 304 -180 121 0
> 9175 1897 47 117 55 2
> 11530 5322 -4 154 -66 1
> 9556 2701 -76 -26 -118 1
! -63301 70028 200
! 38412 97527 200
> 12169 4423 304 -180 121 0
> 9175 1897 47 117 55 2
> 11530 5322 -4 154 -66 1
> 9556 2701 -76 -26 -118 1
! 680661 -737823 0 ...........::::::::::!!
! -459916 -880247 200 ...........::::::::::!!!
> 12322 4374 130 -41 139 0
> 9073 1762 -118 -184 73 2
> 11526 5476 -3 130 -48 1
> 9593 2942 63 274 -118 1
! -63148 69979 200
! 38310 97392 200
> 12322 4374 130 -41 139 0
> 9073 1762 -118 -184 73 2
> 11526 5476 -3 130 -48 1
> 9593 2942 63 274 -118 1
! 418263 -908069 200 ...........::::::::::!!
! -164055 -981866 200 ...........::::::::::!!!
> 12301 4464 -17 76 139 0
> 9013 1769 -50 6 73 2
> 11604 5423 66 -44 -66 1
> 9621 3019 24 65 -100 1
! -39202 90180 200
! 66370 83684 200
> 12301 4464 -17 76 139 0
> 9013 1769 -50 6 73 2
> 11604 5423 66 -44 -66 1
> 9621 3019 24 65 -100 1
! 680735 -737722 200 ...........::::::::::!!
! -459851 -879929 200 ...........::::::::::!!!
> 12274 4583 169 -163 121 0
> 9078 1939 55 144 55 2
> 11711 5359 -102 210 -48 1
> 9551 2907 -59 -94 -118 1
! -10221 102020 200
! 66435 83854 200
> 12274 4583 169 -163 121 0
> 9078 1939 55 144 55 2
> 11711 5359 -102 210 -48 1
> 9551 2907 -59 -94 -118 1
! 680842 -737786 200 ...........::::::::::!!
! -459921 -880041 200 ...........::::::::::!!!
> 12398 4615 105 27 103 0
> 9086 1899 -92 -247 55 2
> 11743 5420 27 52 -48 1
> 9560 2984 106 279 -118 1
! -39105 90331 200
! 38323 97529 200
> 12398 4615 105 27 103 0
> 9086 1899 -92 -247 55 2
> 11743 5420 27 52 -48 1
> 9560 2984 106 279 -118 1
! 877769 -494580 0 ...........::::::::::!!
! -459912 -879964 200 ...........::::::::::!!!
> 12400 4813 1 168 121 0
> 9052 1843 -28 -47 73 2
> 11770 5472 22 44 -30 1
> 9572 3086 10 87 -118 1
! -63070 70418 200
! 38289 97473 200
> 12400 4813 1 168 121 0
> 9052 1843 -28 -47 73 2
> 11770 5472 22 44 -30 1
> 9572 3086 10 87 -118 1
! 680901 -737673 200 ...........::::::::::!!!
! -459900 -879862 200 ...........::::::::::!!!
> 12525 4834 172 -49 139 0
> 9082 1987 25 122 73 2
> 11651 5645 -167 214 -48 1
> 9488 2996 -71 -76 -118 1
! -62945 70439 200
! 38319 97617 200
> 12525 4834 172 -49 139 0
> 9082 1987 25 122 73 2
> 11651 5645 -167 214 -48 1
> 9488 2996 -71 -76 -118 1
! 680782 -737500 200 ...........::::::::::!!!
! -164160 -981812 200 ...........::::::::::!!!
> 12546 4916 17 69 139 0
> 9036 2001 -135 -212 73 2
> 11618 5710 -28 55 -48 1
> 9512 3022 116 246 -100 1
! -79504 43989 200
! 66393 83916 200
> 12546 4916 17 69 139 0
> 9036 2001 -135 -212 73 2
> 11618 5710 -28 55 -48 1
> 9512 3022 116 246 -100 1
! 877644 -494290 200 ...........::::::::::!!!
! -459960 -879926 200 ...........::::::::::!!!
> 12379 5063 -142 125 157 0
> 9016 1953 -17 -40 55 2
> 11763 5665 123 -38 -30 1
> 9534 3091 18 58 -118 1
! -63091 70668 0
! 38253 97583 200
> 12379 5063 -142 125 157 0
> 9016 1953 -17 -40 55 2
> 11763 5665 123 -38 -30 1
> 9534 3091 18 58 -118 1
! 680894 -737480 200 ...........::::::::::!!!
! -164114 -981717 200 ...........::::::::::!!!
> 12550 4877 182 -194 139 0
> 9057 2104 35 128 73 2
> 11707 5789 -84 142 -48 1
> 9517 2952 -14 -118 -100 1
! -62920 70482 200
! 66414 84019 200
> 12550 4877 182 -194 139 0
> 9057 2104 35 128 73 2
> 11707 5789 -84 142 -48 1
> 9517 2952 -14 -118 -100 1
! 680838 -737356 200 ...........::::::::::!!
! -459955 -879996 200 ...........::::::::::!!!
> 12581 4814 26 -53 139 0
> 8974 1984 -139 -223 55 2
> 11757 5782 42 -5 -48 1
> 9642 3069 174 221 -118 1
! -38922 90530 200
! 66331 83899 200
> 12581 4814 26 -53 139 0
> 8974 1984 -139 -223 55 2
> 11757 5782 42 -5 -48 1
> 9642 3069 174 221 -118 1
! 418494 -907763 200 ...........::::::::::!!
! -709698 -691589 200 ...........::::::::::!!!
> 12504 4932 -65 100 121 0
> 8950 1925 -20 -50 55 2
> 11880 5594 104 -159 -66 1
> 9672 3151 25 69 -136 1
! -38999 90648 SHIELD
! 66307 83840 200
> 12504 4932 -65 100 121 0
> 8950 1925 -20 -50 55 2
> 11880 5594 104 -159 -66 1
> 9672 3151 25 69 -136 1
! 681011 -737551 200 ...........::::::::::!!
! -459800 -879797 200 ...........::::::::::!!
> 12489 4981 0 29 121 0
> 9045 2039 80 96 55 2
> 11619 5799 -340 295 -48 1
> 9603 3043 -58 -91 -118 1
! -62981 70586 0
! 66402 83954 200
> 12489 4981 0 29 121 0
> 9045 2039 80 96 55 2
> 11619 5799 -340 295 -48 1
> 9603 3043 -58 -91 -118 1
! 680750 -737346 200 ...........::::::::::!!
! -459869 -879905 200 ...........::::::::::!!
> 12489 5010 0 24 139 0
> 9112 2050 -78 -253 55 2
> 11413 5945 -175 124 -48 1
> 9579 3024 114 246 -118 1
! -62981 70615 0
! 38349 97680 200
> 12489 5010 0 24 139 0
> 9112 2050 -78 -253 55 2
> 11413 5945 -175 124 -48 1
> 9579 3024 114 246 -118 1
! 877439 -494055 200 ...........::::::::::!!
! -459893 -879924 200 ...........::::::::::!!
> 12489 5034 0 20 139 0
> 9092 1988 -16 -52 73 2
> 11411 5969 -1 20 -30 1
> 9599 3093 17 58 -118 1
! -39014 90750 0
! 38329 97618 200
> 12489 5034 0 20 139 0
> 9092 1988 -16 -52 73 2
> 11411 5969 -1 20 -30 1
> 9599 3093 17 58 -118 1
! 680542 -737176 200 ...........::::::::::!!
! -459873 -879855 200 ...........::::::::::!!
> 12489 5054 0 17 121 0
> 9134 2127 36 118 73 2
> 11544 5840 112 -109 -48 1
> 9522 2974 -65 -100 -118 1
! -62981 70659 200
! 66491 84042 200
> 12489 5054 0 17 121 0
> 9134 2127 36 118 73 2
> 11544 5840 112 -109 -48 1
> 9522 2974 -65 -100 -118 1
! 877570 -494160 200 ...........::::::::::!!
! -459950 -879974 200 ...........::::::::::!!!
> 12441 5116 238 -181 139 0
> 9080 1948 -90 -254 55 2
> 11726 5717 -124 130 -30 1
> 9567 3159 83 259 -118 1
! -39062 90832 200
! 38317 97578 200
> 12441 5116 238 -181 139 0
> 9080 1948 -90 -254 55 2
> 11726 5717 -124 130 -30 1
> 9567 3159 83 259 -118 1
! 680857 -737428 200 ...........::::::::::!!
! -459905 -879789 200 ...........::::::::::!!!
> 12576 5106 114 -8 121 0
> 9048 1885 -26 -53 73 2
> 11736 5698 8 -15 -48 1
> 9556 3241 -9 70 -118 1
! -38927 90822 200
! 38285 97515 200
> 12576 5106 114 -8 121 0
> 9048 1885 -26 -53 73 2
> 11736 5698 8 -15 -48 1
> 9556 3241 -9 70 -118 1
! 877762 -494302 0 ...........::::::::::!!!
! -164092 -981567 200 ...........::::::::::!!!
> 12587 5269 9 138 121 0
> 9080 2023 27 117 73 2
> 11744 5683 6 -12 -30 1
> 9512 3114 -37 -107 -100 1
! -62883 70874 200
! 66437 83938 200
> 12587 5269 9 138 121 0
> 9080 2023 27 117 73 2
> 11744 5683 6 -12 -30 1
> 9512 3114 -37 -107 -100 1
! 989892 -202229 200 ...........::::::::::!!
! -459960 -879834 200 ...........::::::::::!!
> 12725 5419 225 81 139 0
> 9138 2068 -57 -260 55 2
> 11665 5749 -174 101 -12 1
> 9465 3066 66 257 -118 1
! -79325 44492 200
! 38375 97698 200
> 12725 5419 225 81 139 0
> 9138 2068 -57 -260 55 2
> 11665 5749 -174 101 -12 1
> 9465 3066 66 257 -118 1
! 989813 -202163 200 ...........::::::::::!!
! -460007 -879882 200 ...........::::::::::!!
> 12766 5578 34 135 157 0
> 9139 1999 1 -58 73 2
> 11687 5808 18 50 -12 1
> 9437 3146 -23 68 -118 1
! -86853 14293 200
! 7393 101983 200
> 12766 5578 34 135 157 0
> 9139 1999 1 -58 73 2
> 11687 5808 18 50 -12 1
> 9437 3146 -23 68 -118 1
! 989835 -202104 200 ...........::::::::::!!
! -164211 -981662 200 ...........::::::::::!!
> 12695 5716 192 78 175 0
> 9137 2141 -2 120 91 2
> 11807 5831 -151 57 -12 1
> 9379 3017 -49 -109 -100 1
! -86924 14431 200
! 38374 97771 200
> 12695 5716 192 78 175 0
> 9137 2141 -2 120 91 2
> 11807 5831 -151 57 -12 1
> 9379 3017 -49 -109 -100 1
! 877832 -494169 0 .
! -164269 -981791 200 ...........::::::::::!!!
> 12688 5811 -6 81 175 0
> 9051 1949 -98 -252 73 2
> 11656 5888 -128 48 -30 1
> 9438 3215 75 256 -100 1
! -84749 -16684 200
! 38288 97579 200
> 12688 5811 -6 81 175 0
> 9051 1949 -98 -252 73 2
> 11656 5888 -128 48 -30 1
> 9438 3215 75 256 -100 1
! 680787 -737257 0 .
! -164210 -981593 200 ...........::::::::::!!!
> 12487 5847 -170 30 -167 0
> 9011 1888 -33 -51 73 2
> 11528 5936 -108 40 -48 1
> 9478 3274 34 50 -100 1
! -87132 14562 200
! 66368 83803 200
> 12487 5847 -170 30 -167 0
> 9011 1888 -33 -51 73 2
> 11528 5936 -108 40 -48 1
> 9478 3274 34 50 -100 1
! 418265 -907609 200 .
! -164170 -981534 200 ...........::::::::::!!!
> 12301 5894 -22 40 175 0
> 9093 2001 69 95 55 2
> 11318 5793 -314 -121 -66 1
> 9477 3127 0 -124 -100 1
! -85136 -16601 200
! 66450 83916 200
> 12301 5894 -22 40 175 0
> 9093 2001 69 95 55 2
> 11318 5793 -314 -121 -66 1
> 9477 3127 0 -124 -100 1
! 115847 -988729 200 .
! -459995 -879821 200 ...........::::::::::!!!
> 12084 5889 -184 -4 -167 0
> 9218 2042 20 -282 55 2
> 11025 5473 -249 -271 -84 1
> 9442 3044 55 247 -118 1
! -73632 -45614 0
! 38455 97672 200
> 12084 5889 -184 -4 -167 0
> 9218 2042 20 -282 55 2
> 11025 5473 -249 -271 -84 1
> 9442 3044 55 247 -118 1
! -196887 -972675 200 .
! -460030 -879904 200 ...........::::::::::!!!!
> 11900 5885 -156 -3 -149 1
> 9296 1951 66 -77 73 2
> 10734 5006 -246 -396 -102 1
> 9403 3114 -33 59 -118 1
! -53705 -69585 200
! 7550 101935 200
> 11900 5885 -156 -3 -149 1
> 9296 1951 66 -77 73 2
> 10734 5006 -246 -396 -102 1
> 9403 3114 -33 59 -118 1
! 115262 -989516 200 .
! -164245 -981694 200 ...........::::::::::!!!!
> 11613 5731 -244 -130 -131 1
> 9359 2074 53 104 91 2
> 10509 4411 -191 -505 -84 1
> 9335 2976 -57 -117 -100 1
! -27460 -86319 200
! -23197 96625 200
> 11613 5731 -244 -130 -131 1
> 9359 2074 53 104 91 2
> 10509 4411 -191 -505 -84 1
> 9335 2976 -57 -117 -100 1
! -197403 -973737 200 .
! 148508 -987292 200 ...........::::::::::!!!!
> 11291 5417 -273 -266 -113 1
> 9364 1862 7 -266 109 2
> 10276 3710 -197 -595 -102 1
> 9289 3166 -42 248 -82 1
! -27782 -86633 200
! -23192 96413 200
> 11291 5417 -273 -266 -113 1
> 9364 1862 7 -266 109 2
> 10276 3710 -197 -595 -102 1
> 9289 3166 -42 248 -82 1
! -489724 -862315 0 .
! 148462 -987102 200 ...........::::::::::
> 10940 4967 -298 -382 -113 1
> 9306 1785 -49 -65 109 2
> 10079 3115 -167 -505 -120 1
> 9275 3216 -12 42 -82 1
! -28133 -87083 200
! 7560 101769 200
> 10940 4967 -298 -382 -113 1
> 9306 1785 -49 -65 109 2
> 10079 3115 -167 -505 -120 1
> 9275 3216 -12 42 -82 1
! -733066 -666016 0 .
! 148448 -987052 0 ...........::::::::::
> 10564 4401 -319 -481 -113 1
> 9254 1920 -44 114 91 2
> 9912 2610 -141 -429 -138 1
> 9263 3258 -10 35 -82 1
! -55041 -71069 200
! 38491 97550 SHIELD
> 10564 4401 -319 -481 -113 1
> 9254 1920 -44 114 91 2
> 9912 2610 -141 -429 -138 1
> 9263 3258 -10 35 -82 1
! -903634 -404127 0 .
! 148436 -987010 200 ...........::::::::
> 10114 3769 -382 -537 -131 1
> 9172 2003 -87 56 73 2
> 10155 2489 380 36 -156 1
> 9281 3095 15 -138 -82 1
! -55491 -71701 SHIELD
! 7426 101987 SHIELD
> 10114 3769 -382 -537 -131 1
> 9172 2003 -87 56 73 2
> 10155 2489 380 36 -156 1
> 9281 3095 15 -138 -82 1
! -984367 -102039 0 .
! 148454 -987173 SHIELD SHIELD ...........:::::::::
> 9961 3404 54 -172 -131 1
> 9082 1984 -90 -411 91 2
> 10535 2525 323 30 -174 1
> 9070 2860 -348 57 -82 1
! -29112 -88646 0
! 38319 97614 0
> 9961 3404 54 -172 -131 1
> 9082 1984 -90 -411 91 2
> 10535 2525 323 30 -174 1
> 9070 2860 -348 57 -82 1
! -903011 -404212 200 .
! 447441 -895934 200 ...........::::::::::!
> 10015 3232 45 -146 -113 1
> 8992 1573 -76 -349 73 2
> 10675 2474 119 -43 -156 1
> 8722 2917 -295 48 -64 1
! -55590 -72238 0
! 66349 83488 0
> 10015 3232 45 -146 -113 1
> 8992 1573 -76 -349 73 2
> 10675 2474 119 -43 -156 1
> 8722 2917 -295 48 -64 1
! -983847 -102054 200 .
! 703380 -716423 200 ...........:::::::::
> 10060 3086 38 -124 -131 1
> 8916 1224 -64 -296 55 2
> 10595 2410 -67 -54 -174 1
> 8427 2965 -250 40 -46 1
! -29013 -88964 0
! 38153 96854 0
> 10060 3086 38 -124 -131 1
> 8916 1224 -64 -296 55 2
> 10595 2410 -67 -54 -174 1
> 8427 2965 -250 40 -46 1
! -983927 -102118 200 .
! 891375 -466507 0 ...........:::::::::
> 10007 3096 -75 53 -113 1
> 8852 928 -54 -251 73 2
> 10420 2201 -118 -222 -174 1
> 8177 3005 -212 34 -28 1
! -29066 -88954 200
! 38089 96558 200
> 10007 3096 -75 53 -113 1
> 8852 928 -54 -251 73 2
> 10420 2201 -118 -222 -174 1
> 8177 3005 -212 34 -28 1
! -967728 210113 200 .
! 702835 -716335 200 ...........::::::::::!!!!!!!!!!|||
> 9854 2965 -130 -111 -113 1
> 8856 868 3 -50 73 2
> 10106 2021 -266 -153 168 1
> 8104 2895 -62 -93 -46 1
! -55751 -72505 200
! 38093 96498 0
> 9854 2965 -130 -111 -113 1
> 8856 868 3 -50 73 2
> 10106 2021 -266 -153 168 1
> 8104 2895 -62 -93 -46 1
! -968042 209933 200 .
! 702762 -716445 200 ...........::::::::::!!!!!!!!!!|||
> 9592 2709 -234 -51 -131 1
> 8859 818 2 -42 73 2
> 9645 1904 -380 -266 168 2
> 8181 2658 65 -201 -46 1
! -29481 -89341 200
! 38096 96448 0
> 9592 2709 -234 -51 -131 1
> 8859 818 2 -42 73 2
> 9645 1904 -380 -266 168 2
> 8181 2658 65 -201 -46 1
! -856380 501904 200 ...........::::::::::!!
! 702839 -716682 200 ...........:::::::::
> 9274 2620 -270 -64 -113 1
> 8861 776 1 -35 73 2
> 9098 1592 -464 -276 150 2
> 8385 2313 173 -293 -46 1
! -56331 -72850 200
! 66218 82691 0
> 9274 2620 -270 -64 -113 1
> 8861 776 1 -35 73 2
> 9098 1592 -464 -276 150 2
> 8385 2313 173 -293 -46 1
! -660033 744737 200 ...........::::::::::!!!
! 703043 -717027 SHIELD SHIELD ...........::::::::
> 9461 2670 351 129 -131 1
> 8812 118 -61 -819 55 2
> 9067 1375 203 -215 132 2
> 8448 2065 12 -190 -46 1
! -29612 -89380 200
! 38049 95748 0
> 9461 2670 351 129 -131 1
> 8812 118 -61 -819 55 2
> 9067 1375 203 -215 132 2
> 8448 2065 12 -190 -46 1
! -397670 914921 200 ...........:::::::
! 891396 -467407 200 ...........::::::::::!
> 9734 2615 231 -46 -113 1
> 8751 -701 -51 -696 73 2
> 9189 1343 103 -27 114 2
> 8460 1875 10 -161 -28 1
! -55871 -72855 200
! 66108 81214 0
> 9734 2615 231 -46 -113 1
> 8751 -701 -51 -696 73 2
> 9189 1343 103 -27 114 2
> 8460 1875 10 -161 -28 1
! -95339 995865 0 ...........:::::::
! 993268 -171773 200 ...........::::::::::!
> 9834 2418 84 -167 -131 1
> 8700 -1397 -43 -591 55 2
> 9292 1316 87 -22 96 2
> 8470 1714 8 -136 -10 1
! -55771 -73052 200
! 37937 94233 200
> 9834 2418 84 -167 -131 1
> 8700 -1397 -43 -591 55 2
> 9292 1316 87 -22 96 2
> 8470 1714 8 -136 -10 1
! -95237 995838 200 ...........:::::::::
! 998738 140887 200 ...........::::::::::!
> 9818 2148 183 66 -131 1
> 8715 -1797 13 -339 73 2
> 9327 1445 -167 -186 96 2
> 8478 1578 6 -115 8 1
! -75898 -49355 200
! 6969 98187 200
> 9818 2148 183 66 -131 1
> 8715 -1797 13 -339 73 2
> 9327 1445 -167 -186 96 2
> 8478 1578 6 -115 8 1
! 217239 979593 200 ...........::::::
! 907272 439949 0 ...........::::::::::!!
> 9830 2111 9 -31 -149 1
> 8725 -1936 8 -118 91 2
> 9315 1443 55 -8 78 2
> 8371 1475 -157 -80 26 1
! -55775 -73359 200
! -23831 92615 200
> 9830 2111 9 -31 -149 1
> 8725 -1936 8 -118 91 2
> 9315 1443 55 -8 78 2
> 8371 1475 -157 -80 26 1
! 217227 979591 200 ...........:::
! 998639 140648 200 ...........::::::::::!!
> 9943 2230 119 130 -131 1
> 8668 -1865 -48 60 109 2
> 9210 1326 43 -143 78 2
> 8378 1426 -149 -26 8 1
! -75773 -49273 200
! -23888 92686 200
> 9943 2230 119 130 -131 1
> 8668 -1865 -48 60 109 2
> 9210 1326 43 -143 78 2
> 8378 1426 -149 -26 8 1
! 217122 979474 200 ...........::
! 907172 439797 200 ...........::::::::::!!!
> 9891 2257 -44 22 -149 1
> 8555 -1616 -96 211 109 2
> 9295 1379 71 44 78 2
> 8409 1488 26 52 26 1
! -75825 -49246 0
! -51626 78247 200
> 9891 2257 -44 22 -149 1
> 8555 -1616 -96 211 109 2
> 9295 1379 71 44 78 2
> 8409 1488 26 52 26 1
! -95234 995901 200 ...........:
! 998677 140661 200 ...........::::::::::!!!!
> 9863 2304 116 265 -149 1
> 8339 -1245 -183 315 127 2
> 9435 1593 67 -46 96 2
> 8528 1572 12 74 8 1
! -55742 -73166 200
! -24217 93306 0
> 9863 2304 116 265 -149 1
> 8339 -1245 -183 315 127 2
> 9435 1593 67 -46 96 2
> 8528 1572 12 74 8 1
! -95094 996115 200 .........
! 993336 -172076 0 ...........::::::::::!!!!!
> 9889 2489 51 208 -131 1
> 8156 -930 -155 267 109 2
> 9440 1675 -25 17 96 2
> 8540 1646 10 62 -10 2
! -29184 -89561 200
! -24400 93621 0
> 9889 2489 51 208 -131 1
> 8156 -930 -155 267 109 2
> 9440 1675 -25 17 96 2
> 8540 1646 10 62 -10 2
! 217352 979823 200 ...........::
! 891488 -467826 0 ...........::::::
> 9895 2567 71 173 -113 1
> 8001 -663 -131 226 109 2
> 9423 1833 -80 27 78 2
> 8550 1708 8 52 -28 2
! -55710 -72903 200
! -24555 93888 200
> 9895 2567 71 173 -113 1
> 8001 -663 -131 226 109 2
> 9423 1833 -80 27 78 2
> 8550 1708 8 52 -28 2
! 509423 867858 200 ...........:
! 703208 -717632 0 ...........::::::
> 9909 2702 50 172 -131 1
> 7805 -248 -166 352 109 2
> 9368 1921 -84 16 60 2
> 8558 1760 6 44 -46 2
! -55696 -72768 0
! 6059 99736 0
> 9909 2702 50 172 -131 1
> 7805 -248 -166 352 109 2
> 9368 1921 -84 16 60 2
> 8558 1760 6 44 -46 2
! 509368 867946 200 ...........:
! 446929 -897034 0 ...........:::::::
> 9959 2874 42 146 -131 1
> 7639 104 -141 299 91 2
> 9384 2110 13 160 60 2
> 8564 1804 5 37 -64 2
! -75757 -48629 200
! 5893 100088 0
> 9959 2874 42 146 -131 1
> 7639 104 -141 299 91 2
> 9384 2110 13 160 60 2
> 8564 1804 5 37 -64 2
! 752529 671241 0 ...........:
! 147737 -988464 0 ...........:::::::
> 9844 2938 -10 183 -149 1
> 7498 403 -119 254 91 2
> 9383 2249 -88 -10 42 2
> 8569 1841 4 31 -82 2
! -55761 -72532 200
! 5752 100387 0
> 9844 2938 -10 183 -149 1
> 7498 403 -119 254 91 2
> 9383 2249 -88 -10 42 2
> 8569 1841 4 31 -82 2
! 509383 868274 0 ...........:
! -165079 -982967 0 ...........:::::::
> 9703 2970 -120 27 -131 1
> 7379 657 -101 215 91 2
> 9295 2239 -74 -8 60 2
> 8573 1872 3 26 -100 2
! -29370 -89080 200
! -25177 95208 200
> 9703 2970 -120 27 -131 1
> 7379 657 -101 215 91 2
> 9295 2239 -74 -8 60 2
> 8573 1872 3 26 -100 2
! 217207 980387 200 ...........:
! -460899 -881076 0 ...........::::::::
> 9674 3113 -9 149 -113 1
> 7213 1061 -141 343 109 2
> 9302 2236 21 -13 78 2
> 8368 1788 -205 -87 -118 2
! -29399 -88937 200
! -52968 80924 0
> 9674 3113 -9 149 -113 1
> 7213 1061 -141 343 109 2
> 9302 2236 21 -13 78 2
> 8368 1788 -205 -87 -118 2
! 217214 980384 200 ...........
! -710972 -692870 0 ...........::::::::::
> 9624 3176 3 174 -113 1
> 7072 1404 -119 291 127 2
> 9327 2321 -24 -48 78 2
> 8163 1701 -174 -73 -136 2
! -29449 -88874 200
! -74843 58761 0
> 9624 3176 3 174 -113 1
> 7072 1404 -119 291 127 2
> 9327 2321 -24 -48 78 2
> 8163 1701 -174 -73 -136 2
! 217239 980469 200 ...........
! -890631 -436670 0 ...........::::::::::
> 9575 3248 -9 160 -113 1
> 6953 1695 -101 247 145 2
> 9318 2386 -38 -43 78 2
> 7989 1628 -147 -62 -154 2
! 859 -96371 200
! -74962 59052 0
> 9575 3248 -9 160 -113 1
> 6953 1695 -101 247 145 2
> 9318 2386 -38 -43 78 2
> 7989 1628 -147 -62 -154 2
! 217230 980534 200 ...........
! -982279 -137545 0 ...........::::::::::
> 9580 3308 32 141 -95 1
> 6852 1942 -85 209 145 2
> 9290 2439 -52 -45 78 2
> 7842 1566 -124 -52 -172 2
! -29493 -88742 200
! -75063 59299 0
> 9580 3308 32 141 -95 1
> 6852 1942 -85 209 145 2
> 9290 2439 -52 -45 78 2
> 7842 1566 -124 -52 -172 2
! 509290 868464 200 ...........
! -976966 175214 0 ...........::::::::::
> 9559 3346 14 138 -113 1
> 6767 2151 -72 177 145 2
> 9313 2486 -12 -66 60 2
> 7718 1514 -105 -44 170 2
! -56046 -72124 200
! -88863 31388 0
> 9559 3346 14 138 -113 1
> 6767 2151 -72 177 145 2
> 9313 2486 -12 -66 60 2
> 7718 1514 -105 -44 170 2
! 217225 980634 200 ...........::::::::::!!
! -875230 470986 0 ...........::::::::::!!!!!!!!!!
> 9461 3425 -63 159 -131 1
> 6695 2328 -61 150 163 2
> 9323 2524 -11 -60 78 2
> 7613 1470 -89 -37 152 2
! -76255 -48078 200
! -88935 31565 0
> 9461 3425 -63 159 -131 1
> 6695 2328 -61 150 163 2
> 9323 2524 -11 -60 78 2
> 7613 1470 -89 -37 152 2
! -95206 997046 200 ...........::::::::::!!
! -687045 720810 0 ...........::::::::::!!!!!!!!!!
> 9227 3481 -199 47 -149 1
> 6634 2478 -51 127 163 2
> 9291 2663 -27 118 96 2
> 7524 1433 -75 -31 134 2
! -88210 -19014 200
! -88996 31715 0
> 9227 3481 -199 47 -149 1
> 6634 2478 -51 127 163 2
> 9291 2663 -27 118 96 2
> 7524 1433 -75 -31 134 2
! -397446 916209 0 ...........::::::::::!
! -430847 900227 200 ...........::::::::::!!!!!!!!!!
> 8813 3558 -363 107 -167 1
> 6583 2605 -43 107 163 2
> 9284 2706 5 -5 114 2
> 7361 1582 -138 126 116 2
! -76903 -47945 0
! -75332 59962 0
> 8813 3558 -363 107 -167 1
> 6583 2605 -43 107 163 2
> 9284 2706 5 -5 114 2
> 7361 1582 -138 126 116 2
! -659847 745851 0 ...........::::::::::!
! -431010 900376 200 ...........::::::::::!!!!!!!!!!
> 8450 3665 -308 90 -149 1
> 6540 2712 -36 90 145 2
> 9289 2701 4 -4 132 2
> 7135 1888 -191 259 116 2
! -57155 -71805 0
! -75375 60069 SHIELD
> 8450 3665 -308 90 -149 1
> 6540 2712 -36 90 145 2
> 9289 2701 4 -4 132 2
> 7135 1888 -191 259 116 2
! -856737 502701 0 ...........::::::::::!
! -431236 900682 SHIELD SHIELD ...........::::::::::!!!!!!!!!!|
> 8142 3755 -261 76 -131 1
> 6498 2811 -138 236 145 2
> 9293 2697 3 -3 150 2
> 6950 2138 -54 60 116 2
! -57463 -71715 0
! -75417 60168 0
> 8142 3755 -261 76 -131 1
> 6498 2811 -138 236 145 2
> 9293 2697 3 -3 150 2
> 6950 2138 -54 60 116 2
! -968855 210609 0 ...........::::::::::!
! -132223 992406 0 ...........::::::::::!!!!!!!!!!|
> 7881 3831 -221 64 -131 1
> 6360 3047 -117 200 145 2
> 9296 2694 2 -2 168 2
> 6896 2198 -45 51 98 2
! -31192 -88219 0
! -53821 82910 0
> 7881 3831 -221 64 -131 1
> 6360 3047 -117 200 145 2
> 9296 2694 2 -2 168 2
> 6896 2198 -45 51 98 2
! -985226 -101835 0 ...........::::::::::!
! -431475 900992 200 ...........::::::::::!!!!!!!!!!||
> 7660 3895 -187 54 -113 1
> 6243 3247 -99 170 127 2
> 9298 2692 1 -1 186 2
> 6851 2249 -38 43 116 2
! -31413 -88155 200
! -75672 60604 0
> 7660 3895 -187 54 -113 1
> 6243 3247 -99 170 127 2
> 9298 2692 1 -1 186 2
> 6851 2249 -38 43 116 2
! -985224 -101836 0 .........
! -431520 901043 0 ...........::::::::::!!!
> 7395 3765 -225 -110 -113 1
> 6144 3417 -84 144 145 2
> 9299 2691 0 0 -174 2
> 6813 2292 -32 36 116 2
! -31678 -88285 200
! -89486 32654 0
> 7395 3765 -225 -110 -113 1
> 6144 3417 -84 144 145 2
> 9299 2691 0 0 -174 2
> 6813 2292 -32 36 116 2
! -985223 -101837 200 ..........
! -132360 992560 0 ...........::::::::::!
> 7092 3471 -257 -249 -113 1
> 6060 3561 -71 122 163 2
> 9100 2670 -169 -17 -174 2
> 6781 2328 -27 30 98 2
! -1623 -96148 200
! -93924 1815 0
> 7092 3471 -257 -249 -113 1
> 6060 3561 -71 122 163 2
> 9100 2670 -169 -17 -174 2
> 6781 2328 -27 30 98 2
! -985422 -101858 SHIELD SHIELD ..........
! 180429 987136 200 ...........::::::::::!
> 6885 3352 -110 216 -95 1
> 5989 3683 -60 103 181 2
> 8931 2653 -143 -14 -174 2
> 6721 2226 -116 -405 80 2
! -1830 -96267 200
! -88562 -28873 0
> 6885 3352 -110 216 -95 1
> 5989 3683 -60 103 181 2
> 8931 2653 -143 -14 -174 2
> 6721 2226 -116 -405 80 2
! -969217 210565 200 ...........
! 476193 885174 200 ...........::::::::::!
> 6758 3369 -108 14 -95 1
> 5929 3786 -51 87 -161 2
> 8788 2639 -121 -11 168 2
> 6699 1998 -18 -194 62 2
! 29253 -94068 200
! -73934 -56395 0
> 6758 3369 -108 14 -95 1
> 5929 3786 -51 87 -161 2
> 8788 2639 -121 -11 168 2
> 6699 1998 -18 -194 62 2
! -985734 -101890 200 ..........
! 180347 986806 200 ...........::::::::::!
> 6695 3188 -53 -153 -77 1
> 5878 3873 -43 73 -143 2
> 8667 2628 -102 -9 186 2
> 6716 2001 14 2 80 2
! 58198 -82528 0
! -51479 -78042 0
> 6695 3188 -53 -153 -77 1
> 5878 3873 -43 73 -143 2
> 8667 2628 -102 -9 186 2
> 6716 2001 14 2 80 2
! -969481 210540 0 ...........
! 476188 884949 200 ...........:::::::::
> 6642 3035 -45 -130 -59 1
> 5835 3946 -36 62 -125 2
> 8565 2619 -86 -7 168 2
> 6824 2180 91 151 62 2
! 82112 -62570 0
! -23402 -91684 0
> 6642 3035 -45 -130 -59 1
> 5835 3946 -36 62 -125 2
> 8565 2619 -86 -7 168 2
> 6824 2180 91 151 62 2
! -969583 210531 0 ...........
! 180472 986988 0 ...........::::::::::
> 6551 3061 -94 81 -41 1
> 5799 4008 -30 52 -107 2
> 8479 2612 -73 -5 168 2
> 6961 2175 133 -64 80 2
! 98601 -36012 200
! 7544 -95976 0
> 6551 3061 -94 81 -41 1
> 5799 4008 -30 52 -107 2
> 8479 2612 -73 -5 168 2
> 6961 2175 133 -64 80 2
! -969669 210524 0 ...........
! 476433 885123 200 ...........:::::::::
> 6641 3064 76 2 -23 1
> 5769 4060 -25 44 -89 2
> 8406 2607 -62 -4 168 2
> 7188 2288 192 95 62 2
! 82111 -62542 200
! 38325 -90491 0
> 6641 3064 76 2 -23 1
> 5769 4060 -25 44 -89 2
> 8406 2607 -62 -4 168 2
> 7188 2288 192 95 62 2
! -969742 210519 0 ...........:::::
! 180836 987096 200 ...........::
> 6754 3057 14 80 -41 1
> 5744 4104 -21 37 -71 2
> 8344 2603 -52 -3 168 2
> 7529 2458 371 57 80 2
! 82224 -62548 200
! 65925 -75759 200
> 6754 3057 14 80 -41 1
> 5744 4104 -21 37 -71 2
> 8344 2603 -52 -3 168 2
> 7529 2458 371 57 80 2
! -969804 210515 SHIELD SHIELD ...........::::
! 181177 987266 200 ...........:::
> 6638 3258 -230 288 -41 1
> 5843 3981 84 -104 -53 2
> 8376 2614 31 9 168 2
> 7380 2322 -37 -241 80 2
! 98688 -35815 0
! 87758 -53376 SHIELD
> 6638 3258 -230 288 -41 1
> 5843 3981 84 -104 -53 2
> 8376 2614 31 9 168 2
> 7380 2322 -37 -241 80 2
! -857649 502614 200 ...........::::::::::
! -131793 992590 200 ...........
> 6715 3296 392 -234 -23 1
> 5896 3902 12 -40 -35 2
> 8407 2623 26 7 150 2
> 7315 2279 -55 -36 98 2
! 82185 -62310 SHIELD
! 66077 -75961 0
> 6715 3296 392 -234 -23 1
> 5896 3902 12 -40 -35 2
> 8407 2623 26 7 150 2
> 7315 2279 -55 -36 98 2
! -660724 745768 0 ...........:::
! -431056 901073 200 ...........::::
> 7098 3092 308 -122 -41 1
> 5908 3862 10 -34 -53 2
> 8433 2630 22 5 132 2
> 7266 2127 120 -645 116 2
! 58601 -82624 0
! 38464 -90689 200
> 7098 3092 308 -122 -41 1
> 5908 3862 10 -34 -53 2
> 8433 2630 22 5 132 2
> 7266 2127 120 -645 116 2
! -857593 502630 200 ...........:::
! -431105 900921 200 ...........::::
> 7406 2970 261 -103 -59 1
> 5918 3828 8 -28 -71 2
> 8455 2635 18 4 150 2
> 7298 1662 27 -395 116 2
! 29901 -94467 SHIELD
! 38474 -90723 0
> 7406 2970 261 -103 -59 1
> 5918 3828 8 -28 -71 2
> 8455 2635 18 4 150 2
> 7298 1662 27 -395 116 2
! -969693 210547 200 ...........:::
! -431073 900456 200 ...........::::
> 7639 2876 153 -66 -77 1
> 5926 3800 6 -23 -71 2
> 8558 2593 532 -174 168 2
> 7237 1447 -51 -182 116 2
! 30133 -94561 0
! 38482 -90751 200
> 7639 2876 153 -66 -77 1
> 5926 3800 6 -23 -71 2
> 8558 2593 532 -174 168 2
> 7237 1447 -51 -182 116 2
! -969590 210505 200 ...........:::
! -687421 720787 200 ...........::::
> 7792 2810 130 -56 -77 1
> 5997 3588 60 -180 -71 2
> 8894 2461 285 -112 168 2
> 7047 1409 -161 -32 134 2
! 59295 -82906 0
! 7742 -96396 200
> 7792 2810 130 -56 -77 1
> 5997 3588 60 -180 -71 2
> 8894 2461 285 -112 168 2
> 7047 1409 -161 -32 134 2
! -969254 210373 200 ...........::
! -875901 470881 200 ...........::::::
> 7922 2754 110 -47 -59 1
> 6060 3208 53 -322 -89 2
> 8983 2391 75 -59 168 2
> 6709 1471 -286 52 152 2
! 83392 -62851 0
! -23177 -92422 200
> 7922 2754 110 -47 -59 1
> 6060 3208 53 -322 -89 2
> 8983 2391 75 -59 168 2
> 6709 1471 -286 52 152 2
! -969165 210303 200 ...........::::::::::!!
! -687949 720811 0 ...........::::::::::!!!!
> 8032 2707 93 -39 -41 1
> 6055 2695 -4 -436 -107 2
> 8862 2374 -102 -14 168 2
> 6423 1523 -243 44 134 2
! 83502 -62898 0
! 7800 -97289 200
> 8032 2707 93 -39 -41 1
> 6055 2695 -4 -436 -107 2
> 8862 2374 -102 -14 168 2
> 6423 1523 -243 44 134 2
! -857163 502374 200 ...........::::::::::!!
! -431948 900317 0 ...........::::::::::!!!!!
> 7853 2779 -226 91 -41 1
> 5973 2340 -171 47 -89 2
> 8859 2349 71 -51 150 2
> 6262 1286 -35 -550 116 2
! 59356 -82937 200
! 7718 -97644 0
> 7853 2779 -226 91 -41 1
> 5973 2340 -171 47 -89 2
> 8859 2349 71 -51 150 2
> 6262 1286 -35 -550 116 2
! -969289 210261 200 ...........::::::::::!!
! -132911 991554 200 ...........::::::::::!!!!!
> 7730 2699 -104 -68 -59 1
> 5802 2387 -145 39 -89 2
> 8734 2340 -105 -8 168 2
> 6199 934 -53 -299 98 2
! 83200 -62906 200
! 38358 -92164 0
> 7730 2699 -104 -68 -59 1
> 5802 2387 -145 39 -89 2
> 8734 2340 -105 -8 168 2
> 6199 934 -53 -299 98 2
! -985788 -102189 0 ...........::::::::::!!
! 179847 985742 200 ...........::::::::::!!!!!
> 7777 2500 39 -169 -41 1
> 5657 2426 -123 33 -71 2
> 8629 2332 -89 -6 186 2
> 6181 832 -15 -86 80 2
! 99827 -36573 200
! 65838 -77437 0
> 7777 2500 39 -169 -41 1
> 5657 2426 -123 33 -71 2
> 8629 2332 -89 -6 186 2
> 6181 832 -15 -86 80 2
! -985893 -102196 200 ...........::::::::::!!
! 475653 883780 200 ...........::::::::::!!!!!
> 7534 2336 -263 -129 -23 1
> 5534 2459 -104 28 -53 2
> 8807 2222 208 -103 -174 2
> 6260 923 67 77 62 2
! 107153 -6379 200
! 87449 -54898 200
> 7534 2336 -263 -129 -23 1
> 5534 2459 -104 28 -53 2
> 8807 2222 208 -103 -174 2
> 6260 923 67 77 62 2
! -985715 -102306 200 ...........::::::::::!!!
! 179908 985731 200 ...........::::::::::!!!!!
> 7470 2190 -54 -124 -5 1
> 5594 2372 50 -73 -35 2
> 8816 2098 7 -105 -174 2
> 6362 1197 86 232 80 2
! 107089 -6525 200
! 101224 -26865 200
> 7470 2190 -54 -124 -5 1
> 5594 2372 50 -73 -35 2
> 8816 2098 7 -105 -174 2
> 6362 1197 86 232 80 2
! -969332 210010 200 ...........::
! -132811 991465 0 ...........::::::
> 7615 2049 123 -120 -5 1
> 5835 2241 205 -111 -17 2
> 8627 2035 -160 -53 168 2
> 6448 1429 73 197 98 2
! 99665 -37024 200
! 87750 -55116 SHIELD
> 7615 2049 123 -120 -5 1
> 5835 2241 205 -111 -17 2
> 8627 2035 -160 -53 168 2
> 6448 1429 73 197 98 2
! -985895 -102494 200 ...........:::::::::
! -431923 900223 0 ...........::::::
> 7472 1836 -301 -186 -23 1
> 6028 2144 141 -57 -35 2
> 8719 1976 257 -44 186 2
> 6645 1483 385 -205 116 2
! 99522 -37237 200
! 66209 -77719 0
> 7472 1836 -301 -186 -23 1
> 6028 2144 141 -57 -35 2
> 8719 1976 257 -44 186 2
> 6645 1483 385 -205 116 2
! -985803 -102552 200 ...........::::::::::
! -688013 720823 200 ...........::::::
> 7645 1691 225 -91 -23 1
> 6169 2087 119 -48 -53 2
> 8777 1911 49 -55 -174 2
> 6601 1303 -115 -185 134 2
! 107264 -7024 200
! 88084 -55270 0
> 7645 1691 225 -91 -23 1
> 6169 2087 119 -48 -53 2
> 8777 1911 49 -55 -174 2
> 6601 1303 -115 -185 134 2
! -985745 -102617 200 ...........:
! -876347 470775 200 ...........::::::::::
> 7886 1525 -75 -229 -5 1
> 6288 2039 101 -40 -35 2
> 8810 1893 308 73 -174 2
> 6309 1212 -247 -77 152 2
! 105323 24019 200
! 101918 -27198 0
> 7886 1525 -75 -229 -5 1
> 6288 2039 101 -40 -35 2
> 8810 1893 308 73 -174 2
> 6309 1212 -247 -77 152 2
! -904736 -404844 200 ...........::
! -688349 720552 200 ...........::::::::::
> 8006 1341 101 -156 13 1
> 6389 1999 85 -34 -17 2
> 8935 1885 106 -7 -156 2
> 5923 1279 -328 56 134 2
! 93722 52844 200
! 106373 3744 200
> 8006 1341 101 -156 13 1
> 6389 1999 85 -34 -17 2
> 8935 1885 106 -7 -156 2
> 5923 1279 -328 56 134 2
! -904611 -404852 200 ...........::::::::::!!!!
! -432448 900073 200 ...........::::::::::!!!!!!!!!!|
> 8256 1269 41 -203 31 1
> 6674 1968 242 -25 1 2
> 8881 1815 124 83 -156 2
> 5507 1515 -353 200 116 2
! 73861 76739 200
! 106658 3713 200
> 8256 1269 41 -203 31 1
> 6674 1968 242 -25 1 2
> 8881 1815 124 83 -156 2
> 5507 1515 -353 200 116 2
! -734264 -667316 200 ...........::::::::::!!!!
! -133666 991783 200 ...........::::::::::!!!!!!!!!!|
> 8317 1113 27 -155 49 1
> 7116 1946 375 -18 1 2
> 8967 1868 97 67 -138 2
> 5126 1913 -323 338 98 2
! 47390 93163 0
! 107100 3691 200
> 8317 1113 27 -155 49 1
> 7116 1946 375 -18 1 2
> 8967 1868 97 67 -138 2
> 5126 1913 -323 338 98 2
! -491033 -864157 200 ...........::::::::::
! 178774 986721 200 ...........:::::::::
> 8344 958 22 -131 67 1
> 7691 1931 488 -12 1 2
> 8964 1762 -2 -90 -120 2
> 4838 2448 -245 454 80 2
! 47417 93008 200
! 107675 3676 200
> 8344 958 22 -131 67 1
> 7691 1931 488 -12 1 2
> 8964 1762 -2 -90 -120 2
> 4838 2448 -245 454 80 2
! -734181 -667369 200 ...........::::::::::!
! 474310 885396 200 ...........:::::::::
> 8351 885 -102 -209 67 1
> 8178 2000 103 178 1 2
> 9107 1587 540 -121 -138 2
> 4687 3079 -128 536 62 2
! 73956 76355 200
! 102729 34556 0
> 8351 885 -102 -209 67 1
> 8178 2000 103 178 1 2
> 9107 1587 540 -121 -138 2
> 4687 3079 -128 536 62 2
! -904439 -405150 200 ...........::::::::::!!!
! 724027 697737 0 ...........::::::::
> 8380 827 24 -49 49 1
> 8281 2178 87 151 19 2
> 9464 1385 303 -171 -156 2
> 4559 3615 -108 455 44 2
! 47453 92877 200
! 88144 62359 0
> 8380 827 24 -49 49 1
> 8281 2178 87 151 19 2
> 9464 1385 303 -171 -156 2
> 4559 3615 -108 455 44 2
! -985058 -103143 200 ...........::::::::::!!
! 903353 441986 0 ...........:::::::::
> 8482 962 86 114 67 1
> 8368 2329 73 128 37 2
> 9568 1193 88 -163 -174 2
> 4451 4070 -91 386 26 2
! 17197 100581 200
! 65725 84244 0
> 8482 962 86 114 67 1
> 8368 2329 73 128 37 2
> 9568 1193 88 -163 -174 2
> 4451 4070 -91 386 26 2
! -984954 -103335 SHIELD SHIELD ...........::::::::::!!!!
! 994719 143243 0 ...........::::::::
> 8585 1275 87 266 85 1
> 8441 2457 62 108 55 2
> 9656 1030 74 -138 -174 2
> 4360 4456 -77 328 8 2
! -13910 98712 200
! 37678 98087 200
> 8585 1275 87 266 85 1
> 8441 2457 62 108 55 2
> 9656 1030 74 -138 -174 2
> 4360 4456 -77 328 8 2
! -968492 208942 0 ...........::::::::::!!!!!
! 989168 -169192 200 ...........:::::::::
> 8627 1736 35 391 103 2
> 8561 2756 102 254 73 2
> 9730 892 62 -117 168 2
> 4480 4749 101 249 -10 2
! -42876 87452 200
! 37798 98386 SHIELD
> 8627 1736 35 391 103 2
> 8561 2756 102 254 73 2
> 9730 892 62 -117 168 2
> 4480 4749 101 249 -10 2
! -856295 500892 0 ...........::::
! 887428 -464723 200 ...........::::::::::!!!!!!
> 8548 2148 -89 22 121 2
> 8664 3025 89 261 73 2
> 9792 775 52 -99 150 2
> 4758 4904 235 131 -28 0
! -66922 67753 200
! 66021 84940 200
> 8548 2148 -89 22 121 2
> 8664 3025 89 261 73 2
> 9792 775 52 -99 150 2
> 4758 4904 235 131 -28 0
! -659339 743920 0 ...........::::::::
! 699416 -714436 200 ...........::::::
> 8308 2301 -203 130 139 2
> 8753 3286 75 221 55 2
> 9844 676 44 -84 132 2
> 5132 4891 317 -10 -46 0
! -83742 41374 200
! 88616 63467 0
> 8308 2301 -203 130 139 2
> 8753 3286 75 221 55 2
> 9844 676 44 -84 132 2
> 5132 4891 317 -10 -46 0
! -396893 914222 0 ...........::::::::
! 699790 -714449 200 ...........::::::
> 7921 2509 -329 176 157 2
> 8828 3507 63 187 37 2
> 9888 592 37 -71 114 2
> 5588 4737 387 -130 -46 0
! -67549 68114 200
! 66185 85422 0
> 7921 2509 -329 176 157 2
> 8828 3507 63 187 37 2
> 9888 592 37 -71 114 2
> 5588 4737 387 -130 -46 0
! -94640 995114 200 ...........::::::::
! 888536 -464735 200 ...........:::::::
> 7441 2816 -407 261 139 2
> 8891 3694 53 158 55 2
> 9904 720 13 108 96 2
> 6152 4513 479 -190 -28 0
! -68029 68421 0
! 66248 85609 0
> 7441 2816 -407 261 139 2
> 8891 3694 53 158 55 2
> 9904 720 13 108 96 2
> 6152 4513 479 -190 -28 0
! 217816 978868 200 ...........::::::::
! 990960 -169135 200 ...........:::::::
> 7034 3077 -345 221 139 2
> 8944 3852 45 134 55 2
> 9959 1024 46 258 78 2
> 6828 4288 574 -191 -10 0
! -44469 88793 200
! 38181 99482 0
> 7034 3077 -345 221 139 2
> 8944 3852 45 134 55 2
> 9959 1024 46 258 78 2
> 6828 4288 574 -191 -10 0
! 509959 867049 200 ...........::::::::
! 997096 143461 0 ...........::::::::
> 6586 3469 -380 333 121 2
> 8989 3986 38 113 73 2
> 10105 1455 124 366 60 2
> 7402 4097 487 -162 8 0
! -15909 100906 200
! 7243 103970 0
> 6586 3469 -380 333 121 2
> 8989 3986 38 113 73 2
> 10105 1455 124 366 60 2
> 7402 4097 487 -162 8 0
! 218017 979603 200 ...........::::::::
! 906196 442468 0 ...........::::::::
> 6161 3997 -361 448 103 2
> 9027 4099 32 96 91 2
> 10271 2017 140 477 78 2
> 7889 3935 413 -137 26 0
! -16334 101434 200
! 38264 99729 0
> 6161 3997 -361 448 103 2
> 9027 4099 32 96 91 2
> 10271 2017 140 477 78 2
> 7889 3935 413 -137 26 0
! 218183 980165 SHIELD SHIELD ...........::::::::::!!!!!!!!!!|
! 906683 442306 0 ...........::::::::::!!!!!!!!!!|
> 5755 4640 -345 546 103 2
> 9059 4195 27 81 73 2
> 10411 2494 119 405 78 2
> 8302 3798 351 -116 26 0
! 14470 104259 0
! 66416 86110 0
> 5755 4640 -345 546 103 2
> 9059 4195 27 81 73 2
> 10411 2494 119 405 78 2
> 8302 3798 351 -116 26 0
! -94118 997016 0 ...........::::::::::!!!!!!!!!!|
! 727642 698456 0 ...........::::::::::!!!!!!!!!!|
> 5410 5186 -293 464 85 0
> 9196 4353 159 164 55 2
> 10530 2899 101 344 96 2
> 8543 3605 161 -194 44 0
! 44483 97236 0
! 89059 64534 0
> 5410 5186 -293 464 85 0
> 9196 4353 159 164 55 2
> 10530 2899 101 344 96 2
> 8543 3605 161 -194 44 0
! -396207 916445 0 ...........::::::::::!!
! 478015 886553 200 ...........::::::::::!!!!!!!!!!|||
> 5117 5650 -249 394 67 0
> 9355 4517 135 139 37 2
> 10631 3243 85 292 114 2
> 8798 3588 216 -14 62 0
! 70722 81120 0
! 103906 37073 0
> 5117 5650 -249 394 67 0
> 9355 4517 135 139 37 2
> 10631 3243 85 292 114 2
> 8798 3588 216 -14 62 0
! -396106 916789 SHIELD SHIELD ...........::::::::::!!
! 478270 886536 200 ...........::::::::::!!!!!!!!!!|||
> 4868 6044 -211 334 49 0
> 9490 4656 114 118 19 2
> 10716 3535 72 248 114 2
> 9108 3751 263 138 62 0
! 90584 57547 200
! 109474 6401 0
> 4868 6044 -211 334 49 0
> 9490 4656 114 118 19 2
> 10716 3535 72 248 114 2
> 9108 3751 263 138 62 0
! -658415 746680 0 ..........
! 478580 886699 200 ...........::::::::::!!!!
> 4828 6481 -33 371 31 0
> 9626 4851 155 308 1 2
> 10788 3783 61 210 132 2
> 9443 3988 244 58 62 0
! 102265 28976 200
! 105256 -24386 200
> 4828 6481 -33 371 31 0
> 9626 4851 155 308 1 2
> 10788 3783 61 210 132 2
> 9443 3988 244 58 62 0
! -658343 746928 200 .........
! 478915 886936 200 ...........::::::::::!!!!!!
> 4990 6897 137 353 13 0
> 9972 5101 294 212 -17 2
> 10849 3993 51 178 132 2
> 9781 4223 287 199 62 0
! 104609 -1818 200
! 91887 -52256 SHIELD
> 4990 6897 137 353 13 0
> 9972 5101 294 212 -17 2
> 10849 3993 51 178 132 2
> 9781 4223 287 199 62 0
! -855177 503993 200 .........
! 729121 698881 200 ...........::::::::::!!!!!!
> 5326 7233 285 285 -5 0
> 10267 5321 252 201 -35 2
> 10935 4156 322 31 150 2
> 10167 4491 59 189 44 0
! 104945 -1482 200
! 70448 -74542 0
> 5326 7233 285 285 -5 0
> 10267 5321 252 201 -35 2
> 10935 4156 322 31 150 2
> 10167 4491 59 189 44 0
! -855090 504156 200 ..........
! 479639 887439 200 ...........::::::::::!!!!!!
> 5810 7501 411 227 -5 0
> 10542 5667 239 333 -53 2
> 11084 4287 126 111 150 2
> 10297 4711 104 148 62 0
! 97860 -31572 200
! 43098 -88884 0
> 5810 7501 411 227 -5 0
> 10542 5667 239 333 -53 2
> 11084 4287 126 111 150 2
> 10297 4711 104 148 62 0
! -658047 747432 0 .........
! 479769 887659 200 ...........::::::::::!!!!!!!
> 6405 7650 505 126 -23 0
> 10781 6000 203 283 -71 2
> 11210 4398 107 94 132 2
> 10495 5036 168 275 62 0
! 98455 -31423 200
! 12526 -93984 0
> 6405 7650 505 126 -23 0
> 10781 6000 203 283 -71 2
> 11210 4398 107 94 132 2
> 10495 5036 168 275 62 0
! -395527 917944 0 ..........
! 479967 887984 0 ...........::::::::::!!!!!!!
> 7094 7698 585 40 -23 0
> 10984 6283 172 240 -89 2
> 11317 4492 90 79 114 2
> 10663 5311 142 233 62 0
! 82564 -57908 200
! 43540 -88268 0
> 7094 7698 585 40 -23 0
> 10984 6283 172 240 -89 2
> 11317 4492 90 79 114 2
> 10663 5311 142 233 62 0
! -657814 747637 200 ...........::::::
! 184311 990119 0 ...........::::::::::!!!!
> 7830 7607 625 -77 -41 0
> 11156 6523 146 204 -71 2
> 11273 4720 -37 193 132 2
> 10805 5544 120 198 80 0
! 83300 -57998 200
! 12901 -93461 200
> 7830 7607 625 -77 -41 0
> 11156 6523 146 204 -71 2
> 11273 4720 -37 193 132 2
> 10805 5544 120 198 80 0
! -854753 504720 0 ...........:::::::
! 480277 888492 200 ...........::::::::::!!!
> 8606 7399 659 -176 -41 0
> 11355 6645 247 290 -89 2
> 11236 4913 -31 164 150 2
> 10969 5800 61 30 62 1
! 84076 -58206 200
! -17882 -88985 200
> 8606 7399 659 -176 -41 0
> 11355 6645 247 290 -89 2
> 11236 4913 -31 164 150 2
> 10969 5800 61 30 62 1
! -657895 748058 0 ...........::::::::::!!!!
! 730309 700458 200 ...........::
> 9416 7092 688 -261 -41 0
> 11544 6744 160 83 -107 2
> 11205 5077 -26 139 132 2
> 11174 5969 174 143 44 1
! 84886 -58513 0
! 13289 -93240 0
> 9416 7092 688 -261 -41 0
> 11544 6744 160 83 -107 2
> 11205 5077 -26 139 132 2
> 11174 5969 174 143 44 1
! -395532 918623 200 ...........:::::::::
! 480646 888917 0 ...........:::
> 10104 6831 584 -221 -41 0
> 11738 6896 226 251 -89 2
> 11085 5321 -116 118 114 2
> 11326 6121 83 95 62 1
! 102154 -32242 200
! -17499 -88734 200
> 10104 6831 584 -221 -41 0
> 11738 6896 226 251 -89 2
> 11085 5321 -116 118 114 2
> 11326 6121 83 95 62 1
! -395652 918867 200 ...........::::::::::!
! 184974 990929 200 ...........::
> 10648 6635 -16 53 -23 0
> 11967 7051 236 196 -107 2
> 10888 5622 -167 255 114 2
> 11607 6214 675 -205 80 1
! 86118 -58971 200
! -45390 -74864 200
> 10648 6635 -16 53 -23 0
> 11967 7051 236 196 -107 2
> 10888 5622 -167 255 114 2
> 11607 6214 675 -205 80 1
! -93640 1000144 200 ...........::
! -127566 996482 0 ...........::::::
> 10738 6888 50 414 -41 0
> 12088 7083 103 27 -125 2
> 10745 5744 -95 -94 96 2
> 12282 6009 573 -174 98 1
! 62241 -78828 200
! -67775 -53098 200
> 10738 6888 50 414 -41 0
> 12088 7083 103 27 -125 2
> 10745 5744 -95 -94 96 2
> 12282 6009 573 -174 98 1
! 218657 983892 200 ...........:
! -426089 904803 0 ...........:::::::
> 10891 7131 130 206 -59 0
> 12031 6990 -48 -79 -143 2
> 10692 5846 -45 86 78 2
> 12855 5835 487 -147 116 1
! 33386 -90306 0
! -67832 -53191 200
> 10891 7131 130 206 -59 0
> 12031 6990 -48 -79 -143 2
> 10692 5846 -45 86 78 2
> 12855 5835 487 -147 116 1
! 510692 871871 0 ...........:::
! -681803 725175 200 ...........::::::
> 11021 7337 110 175 -77 0
> 11823 6791 -176 -169 -143 2
> 10647 5932 -38 73 60 2
> 13203 5832 295 -2 134 1
! 2305 -92282 200
! -45534 -75124 200
> 11021 7337 110 175 -77 0
> 11823 6791 -176 -169 -143 2
> 10647 5932 -38 73 60 2
> 13203 5832 295 -2 134 1
! 753792 675063 0 ...........::::::::::!!!!!!!
! -869745 475304 200 ...........:
> 11114 7313 78 -20 -95 0
> 11532 6458 -247 -282 -125 2
> 10609 6005 -32 62 42 2
> 13321 5924 100 78 152 1
! 2398 -92306 200
! -45825 -75457 200
> 11114 7313 78 -20 -95 0
> 11532 6458 -247 -282 -125 2
> 10609 6005 -32 62 42 2
> 13321 5924 100 78 152 1
! 924155 412742 200 ...........::::::::::!!!!!
! -971487 179572 200 ...........::
> 11175 7094 51 -186 -95 0
> 11602 6161 236 -191 -125 2
> 10328 5999 -415 -65 24 2
> 13224 6037 -82 95 170 1
! 2459 -92525 200
! -17635 -89469 0
> 11175 7094 51 -186 -95 0
> 11602 6161 236 -191 -125 2
> 10328 5999 -415 -65 24 2
> 13224 6037 -82 95 170 1
! 753473 675130 0 ...........::::::::::!!!!!!!!!
! -977044 -133136 200 ...........:
> 11209 6709 28 -327 -95 0
> 11838 5970 200 -162 -107 2
> 9913 5934 -352 -55 42 2
> 12944 6104 -238 57 188 1
! -27864 -85341 200
! 13583 -94014 SHIELD
> 11209 6709 28 -327 -95 0
> 11838 5970 200 -162 -107 2
> 9913 5934 -352 -55 42 2
> 12944 6104 -238 57 188 1
! 509913 871959 0 ...........::::::::::!!!!!!!!!!
! -977324 -133069 SHIELD SHIELD ...........
