@ 0 reCurse
@ 1 Agade
CP 4
CP 8026 3243
CP 2652 6996
CP 10065 5990
CP 13910 1925
> 8312 3653 0 0 -1 1
> 7740 2833 0 0 -1 1
> 8885 4473 0 0 -1 1
> 7167 2013 0 0 -1 1
! -57861 78626 200
! -85435 39141 200
> 8312 3653 0 0 -1 1
> 7740 2833 0 0 -1 1
> 8885 4473 0 0 -1 1
> 7167 2013 0 0 -1 1
! 2652 6996 BOOST
! 2652 6996 BOOST
> 8180 3803 -112 127 131 1
> 7554 2906 -158 61 159 1
> 8282 4717 -512 207 158 1
> 6731 2495 -370 409 132 1
! -77536 55306 200
! -70160 65838 200
> 8180 3803 -112 127 131 1
> 7554 2906 -158 61 159 1
> 8282 4717 -512 207 158 1
> 6731 2495 -370 409 132 1
! 7516 5360 200
! 6324 3409 0
> 7897 4033 -240 195 149 1
> 7241 3093 -266 158 141 1
> 7617 5053 -565 285 140 1
> 6361 2904 -314 347 114 1
! -89539 26528 200
! -70473 66025 200
> 7897 4033 -240 195 149 1
> 7241 3093 -266 158 141 1
> 7617 5053 -565 285 140 1
> 6361 2904 -314 347 114 1
! 6690 5428 200
! 6256 3899 0
> 7462 4273 -369 203 167 1
> 6846 3381 -208 266 141 1
> 6867 5413 -637 306 158 1
> 6021 3247 -416 269 96 1
! -89974 26768 200
! -86512 39217 200
> 7462 4273 -369 203 167 1
> 6846 3381 -208 266 141 1
> 6867 5413 -637 306 158 1
> 6021 3247 -416 269 96 1
! 5940 5788 200
! 6229 4225 200
> 6898 4521 -479 210 167 1
> 6451 3719 -335 287 159 1
> 6045 5794 -699 323 158 1
> 5646 3712 -318 395 78 1
! -78818 56024 200
! -93411 8952 200
> 6898 4521 -479 210 167 1
> 6451 3719 -335 287 159 1
> 6045 5794 -699 323 158 1
> 5646 3712 -318 395 78 1
! 5047 5864 0
! 6146 4578 200
> 6248 4834 -552 266 149 1
> 6228 4018 -184 253 177 1
> 5346 6117 -594 274 176 1
> 5115 4279 -455 482 60 1
! -91188 27329 200
! -87130 39854 200
> 6248 4834 -552 266 149 1
> 6228 4018 -184 253 177 1
> 5346 6117 -594 274 176 1
> 5115 4279 -455 482 60 1
! 4376 5875 0
! 5858 4948 200
> 5561 5168 -222 423 167 1
> 5857 4343 -315 275 159 1
> 4752 6391 -504 232 194 1
> 4749 4872 -673 365 42 1
! -94058 -3547 200
! -87501 40179 200
> 5561 5168 -222 423 167 1
> 5857 4343 -315 275 159 1
> 4752 6391 -504 232 194 1
> 4749 4872 -673 365 42 1
! 3904 5861 200
! 5663 5279 200
> 5140 5574 -358 344 -175 1
> 5355 4690 -426 294 159 1
> 4078 6517 -572 107 212 1
> 4258 5319 -416 379 24 1
! -94479 -3141 200
! -72359 67622 200
> 5140 5574 -358 344 -175 1
> 5355 4690 -426 294 159 1
> 4078 6517 -572 107 212 1
> 4258 5319 -416 379 24 1
! 3435 5751 0
! 5172 5726 200
> 4804 5961 -188 355 -175 1
> 4774 5110 -494 356 141 1
> 3506 6624 -486 90 230 1
> 3803 5719 -483 313 24 1
! -94815 -2754 200
! -88584 40946 200
> 4804 5961 -188 355 -175 1
> 4774 5110 -494 356 141 1
> 3506 6624 -486 90 230 1
> 3803 5719 -483 313 24 1
! 3131 5697 0
! 4798 5824 200
> 4417 6299 -329 286 -175 1
> 4115 5519 -346 162 159 1
> 3020 6714 -413 76 -112 2
> 3497 6072 -474 484 6 1
! -95202 -2416 200
! -73599 68451 200
> 4417 6299 -329 286 -175 1
> 4115 5519 -346 162 159 1
> 3020 6714 -413 76 -112 2
> 3497 6072 -474 484 6 1
! 2645 5787 SHIELD
! 4492 6177 200
> 4092 6634 -155 323 -175 1
> 3950 5496 -122 -36 141 1
> 2558 6853 -395 121 -112 2
> 3168 6196 -390 50 6 1
! -87958 -32439 200
! -89408 41332 0
> 4092 6634 -155 323 -175 1
> 3950 5496 -122 -36 141 1
> 2558 6853 -395 121 -112 2
> 3168 6196 -390 50 6 1
! 2488 5855 200
! 4163 6301 200
> 3753 6879 -288 208 -157 1
> 3828 5460 -103 -30 159 1
> 2163 6974 -335 102 -94 2
> 2977 6267 -162 60 6 1
! -71718 -58726 200
! -73886 68392 200
> 3753 6879 -288 208 -157 1
> 3828 5460 -103 -30 159 1
> 2163 6974 -335 102 -94 2
> 2977 6267 -162 60 6 1
! 2405 6004 200
! 3891 6674 200
> 3441 7090 -160 289 -139 1
> 3570 5556 -219 81 141 1
> 1828 7076 -284 86 -76 2
> 2870 6274 -194 -103 24 1
! -48062 -78626 200
! -74144 68488 200
> 3441 7090 -160 289 -139 1
> 3570 5556 -219 81 141 1
> 1828 7076 -284 86 -76 2
> 2870 6274 -194 -103 24 1
! 2358 6228 0
! 3865 6379 0
> 3178 7208 -223 99 -121 2
> 3300 5669 -102 -18 141 1
> 1544 7162 -241 73 -58 2
> 2571 6265 -380 106 6 1
! -19317 -90228 0
! -51163 89536 200
> 3178 7208 -223 99 -121 2
> 3300 5669 -102 -18 141 1
> 1544 7162 -241 73 -58 2
> 2571 6265 -380 106 6 1
! 2310 6519 200
! 3549 6057 0
> 2955 7307 -189 84 -103 2
> 3089 5819 -179 127 123 1
> 1456 7106 -74 -47 -40 2
> 2191 6371 -323 90 -12 1
! 11670 -92312 0
! -22792 102411 0
> 2955 7307 -189 84 -103 2
> 3089 5819 -179 127 123 1
> 1456 7106 -74 -47 -40 2
> 2191 6371 -323 90 -12 1
! 2383 6731 200
! 3057 5871 0
> 2766 7391 -160 71 -85 2
> 2910 5946 -152 107 105 1
> 1439 7143 -139 185 -22 2
> 1997 6302 -40 -212 -30 1
! 41839 -84659 0
! 8143 105808 0
> 2766 7391 -160 71 -85 2
> 2910 5946 -152 107 105 1
> 1439 7143 -139 185 -22 2
> 1997 6302 -40 -212 -30 1
! 2205 6500 200
! 2666 5559 200
> 2606 7462 -136 60 -67 2
> 2914 6029 135 49 87 1
> 1453 7199 12 47 -40 2
> 1935 5966 -184 -265 -48 1
! 68211 -68009 200
! 38750 99387 0
> 2606 7462 -136 60 -67 2
> 2914 6029 135 49 87 1
> 1453 7199 12 47 -40 2
> 1935 5966 -184 -265 -48 1
! 2219 6556 200
! 2801 5466 200
> 2601 7371 -4 -77 -49 2
> 3049 6078 114 41 69 1
> 1618 7117 140 -69 -40 2
> 1924 5601 -9 -310 -30 1
! 88317 -44132 200
! 65981 83792 0
> 2601 7371 -4 -77 -49 2
> 3049 6078 114 41 69 1
> 1618 7117 140 -69 -40 2
> 1924 5601 -9 -310 -30 1
! 2384 6474 200
! 2902 5393 200
> 2768 7191 142 -153 -31 2
> 3163 6119 96 34 51 1
> 1911 6919 249 -167 -40 2
> 2111 5249 158 -298 -12 1
! 100204 -15304 200
! 66095 83833 0
> 2768 7191 142 -153 -31 2
> 3163 6119 96 34 51 1
> 1911 6919 249 -167 -40 2
> 2111 5249 158 -298 -12 1
! 2838 6544 200
! 3106 5354 200
> 3105 6993 286 -168 -13 2
> 3259 6153 81 28 51 1
> 2345 6677 369 -205 -22 2
> 2468 4972 303 -235 6 1
! 102724 15708 200
! 66191 83867 0
> 3105 6993 286 -168 -13 2
> 3259 6153 81 28 51 1
> 2345 6677 369 -205 -22 2
> 2468 4972 303 -235 6 1
! 3343 6607 0
! 3463 5077 200
> 3578 7013 398 61 5 2
> 3363 6003 244 -280 51 1
> 2704 6479 151 -59 -4 2
> 2970 4758 426 -181 6 1
! 101015 -15482 200
! 39199 99361 200
> 3578 7013 398 61 5 2
> 3363 6003 244 -280 51 1
> 2704 6479 151 -59 -4 2
> 2970 4758 426 -181 6 1
! 3702 6409 200
! 3948 4550 200
> 4171 7029 503 13 -13 2
> 3696 5896 353 -146 69 1
> 3037 6420 212 4 -4 2
> 3592 4535 528 -189 -12 1
! 101607 -15466 200
! 66628 83610 0
> 4171 7029 503 13 -13 2
> 3696 5896 353 -146 69 1
> 3037 6420 212 4 -4 2
> 3592 4535 528 -189 -12 1
! 3964 6045 200
! 4570 4327 200
> 4869 6997 593 -27 -13 2
> 4049 5750 300 -124 51 1
> 3434 6349 337 -60 -22 2
> 4316 4304 615 -196 -12 1
! 102305 -15498 200
! 39885 99108 200
> 4869 6997 593 -27 -13 2
> 4049 5750 300 -124 51 1
> 3434 6349 337 -60 -22 2
> 4316 4304 615 -196 -12 1
! 4361 5974 0
! 5294 4096 200
> 5657 6925 669 -61 -13 2
> 4421 5813 315 53 69 1
> 3771 6289 286 -51 -22 2
> 5127 4066 689 -201 -12 1
! 91373 -44578 200
! 40257 99171 0
> 5657 6925 669 -61 -13 2
> 4421 5813 315 53 69 1
> 3771 6289 286 -51 -22 2
> 5127 4066 689 -201 -12 1
! 4698 5914 0
! 6105 3858 200
> 6497 6761 714 -139 -31 2
> 4832 5799 363 -22 69 1
> 3961 6305 147 24 -22 2
> 6012 3823 751 -206 -12 1
! 92213 -44742 200
! 67764 83513 0
> 6497 6761 714 -139 -31 2
> 4832 5799 363 -22 69 1
> 3961 6305 147 24 -22 2
> 6012 3823 751 -206 -12 1
! 4727 5662 200
! 7007 3928 200
> 7382 6519 752 -205 -31 2
> 5195 5777 308 -18 51 1
> 4261 6200 255 -88 -40 2
> 6962 3638 807 -157 6 1
! 93098 -44984 200
! 89062 60240 0
> 7382 6519 752 -205 -31 2
> 5195 5777 308 -18 51 1
> 4261 6200 255 -88 -40 2
> 6962 3638 807 -157 6 1
! 5027 5557 200
! 7876 4045 0
> 8305 6211 784 -261 -31 2
> 5503 5759 261 -15 33 1
> 4669 5983 346 -184 -40 2
> 7769 3481 685 -133 24 1
! 73910 -69260 0
! 102095 31640 SHIELD
> 8305 6211 784 -261 -31 2
> 5503 5759 261 -15 33 1
> 4669 5983 346 -184 -40 2
> 7769 3481 685 -133 24 1
! 5596 5608 0
! 8683 3888 200
> 9089 5950 666 -221 -49 2
> 5774 5742 240 -15 15 1
> 4913 5816 108 -124 -22 2
> 8637 3429 737 -43 24 1
! 48162 -86100 0
! 105636 508 SHIELD
> 9089 5950 666 -221 -49 2
> 5774 5742 240 -15 15 1
> 4913 5816 108 -124 -22 2
> 8637 3429 737 -43 24 1
! 5911 5746 200
! 9551 3836 0
> 9755 5729 566 -187 -67 3
> 6015 5727 218 -12 -3 1
> 5206 5677 112 -124 -4 2
> 9374 3386 626 -36 24 1
! 18470 -93890 0
! 102607 31608 SHIELD
> 9755 5729 566 -187 -67 3
> 6015 5727 218 -12 -3 1
> 5206 5677 112 -124 -4 2
> 9374 3386 626 -36 24 1
! 6176 5919 200
! 10117 4055 0
> 10321 5542 481 -158 -85 3
> 6250 5716 201 -8 15 1
> 5342 5589 94 -76 14 2
> 10000 3350 532 -30 42 1
! -12174 -91894 200
! 106112 482 200
> 10321 5542 481 -158 -85 3
> 6250 5716 201 -8 15 1
> 5342 5589 94 -76 14 2
> 10000 3350 532 -30 42 1
! 6312 5831 200
! 10500 4216 0
> 10757 5189 370 -299 -103 3
> 6451 5708 170 -6 -3 1
> 5630 5561 244 -23 14 2
> 10532 3320 452 -25 60 1
! 19472 -94430 200
! 103043 31589 200
> 10757 5189 370 -299 -103 3
> 6451 5708 170 -6 -3 1
> 5630 5561 244 -23 14 2
> 10532 3320 452 -25 60 1
! 6600 5803 0
! 10740 4298 200
> 11144 4691 329 -423 -85 3
> 6698 5717 273 20 15 1
> 5797 5523 78 -45 14 2
> 11026 3491 419 145 78 1
! 19859 -94928 0
! 106560 483 0
> 11144 4691 329 -423 -85 3
> 6698 5717 273 20 15 1
> 5797 5523 78 -45 14 2
> 11026 3491 419 145 78 1
! 6645 6053 200
! 11234 4469 0
> 11484 4435 312 126 -85 3
> 6971 5737 232 17 -3 1
> 6045 5584 210 51 32 2
> 11434 3469 323 -362 78 1
! 20199 -95184 200
! 106833 503 0
> 11484 4435 312 126 -85 3
> 6971 5737 232 17 -3 1
> 6045 5584 210 51 32 2
> 11434 3469 323 -362 78 1
! 6893 6114 200
! 11642 4447 200
> 11813 4362 280 -62 -85 3
> 7231 5755 364 21 -3 1
> 6397 5740 155 126 32 2
> 11799 3303 309 -141 78 1
! -10682 -93074 200
! 103823 31636 0
> 11813 4362 280 -62 -85 3
> 7231 5755 364 21 -3 1
> 6397 5740 155 126 32 2
> 11799 3303 309 -141 78 1
! 7367 5982 200
! 12007 4281 0
> 12048 4105 199 -218 -103 3
> 7595 5776 309 17 15 1
> 6746 5914 296 148 14 2
> 12108 3162 262 -119 78 1
! 20763 -95514 200
! 91462 60239 0
> 12048 4105 199 -218 -103 3
> 7595 5776 309 17 15 1
> 6746 5914 296 148 14 2
> 12108 3162 262 -119 78 1
! 7744 5844 200
! 12003 4157 200
> 12235 4035 148 63 -85 3
> 8024 5765 426 -23 33 1
> 7121 6076 257 152 -4 2
> 12378 2895 240 -349 96 1
! 51308 -88015 200
! 104616 31646 0
> 12235 4035 148 63 -85 3
> 8024 5765 426 -23 33 1
> 7121 6076 257 152 -4 2
> 12378 2895 240 -349 96 1
! 8048 5701 200
! 12273 3890 200
> 12461 3914 192 -102 -67 3
> 8450 5742 362 -19 15 1
> 7563 6153 376 65 -22 2
> 12597 2745 186 -127 96 1
! 21176 -95705 200
! 108312 508 0
> 12461 3914 192 -102 -67 3
> 8450 5742 362 -19 15 1
> 7563 6153 376 65 -22 2
> 12597 2745 186 -127 96 1
! 8490 5778 200
! 12492 3740 200
> 12670 3613 178 -256 -85 3
> 8812 5723 307 -16 -3 1
> 8124 6143 477 -8 -22 2
> 12762 2817 140 61 96 1
! 21385 -96006 SHIELD
! 102169 -30113 0
> 12670 3613 178 -256 -85 3
> 8812 5723 307 -16 -3 1
> 8124 6143 477 -8 -22 2
> 12762 2817 140 61 96 1
! 8890 5500 200
! 12657 3812 SHIELD
> 12811 3673 120 51 -85 3
> 9403 5533 506 -163 -21 1
> 8471 6180 290 34 -40 2
> 12939 2562 150 -217 96 1
! -9684 -93763 0
! 87117 -57399 200
> 12811 3673 120 51 -85 3
> 9403 5533 506 -163 -21 1
> 8471 6180 290 34 -40 2
> 12939 2562 150 -217 96 1
! 9237 5537 200
! 12834 3557 0
> 12931 3724 102 43 -103 3
> 10064 5244 562 -245 -39 1
> 8914 6085 376 -80 -40 2
> 13089 2345 127 -184 96 1
! -9564 -93712 0
! 64527 -78623 200
> 12931 3724 102 43 -103 3
> 10064 5244 562 -245 -39 1
> 8914 6085 376 -80 -40 2
> 13089 2345 127 -184 96 1
! 9680 5442 200
! 12984 3340 200
> 13033 3767 86 36 -103 3
> 10735 4831 570 -350 -57 1
> 9443 5876 449 -177 -40 2
> 13216 2161 107 -156 96 1
! 21748 -95852 0
! 65198 -79036 0
> 13033 3767 86 36 -103 3
> 10735 4831 570 -350 -57 1
> 9443 5876 449 -177 -40 2
> 13216 2161 107 -156 96 1
! 10209 5233 200
! 13111 3156 0
> 13119 3803 73 30 -85 3
> 11305 4481 484 -297 -57 1
> 10045 5570 511 -259 -40 3
> 13323 2005 90 -132 96 1
! -9376 -93633 200
! 65768 -79386 0
> 13119 3803 73 30 -85 3
> 11305 4481 484 -297 -57 1
> 10045 5570 511 -259 -40 3
> 13323 2005 90 -132 96 1
! 10811 4927 200
! 12916 2919 200
> 13147 3638 23 -140 -103 3
> 11789 4184 411 -252 -57 1
> 10709 5182 564 -329 -40 3
> 13332 2056 7 43 114 1
! -9348 -93798 200
! 66252 -79683 0
> 13147 3638 23 -140 -103 3
> 11789 4184 411 -252 -57 1
> 10709 5182 564 -329 -40 3
> 13332 2056 7 43 114 1
! 11239 4334 200
! 13227 3051 200
> 13125 3303 -18 -284 -103 3
> 12200 3932 349 -214 -57 1
> 11379 4683 569 -423 -58 3
> 13318 2298 -11 205 96 1
! -38378 -82413 SHIELD
! 38081 -92660 SHIELD
> 13125 3303 -18 -284 -103 3
> 12200 3932 349 -214 -57 1
> 11379 4683 569 -423 -58 3
> 13318 2298 -11 205 96 1
! 11909 3835 SHIELD
! 13213 3293 SHIELD
> 13139 3178 277 -203 -121 3
> 12542 3724 486 -355 -75 1
> 11861 4338 -97 165 -58 3
> 13369 2260 89 -214 96 1
! -62332 -62427 SHIELD
! 7308 -96138 0
> 13139 3178 277 -203 -121 3
> 12542 3724 486 -355 -75 1
> 11861 4338 -97 165 -58 3
> 13369 2260 89 -214 96 1
! 12627 3695 0
! 13577 3238 0
> 13449 2945 264 -199 -139 3
> 12696 3673 120 -33 -93 1
> 11764 4503 -82 140 -40 3
> 13458 2046 75 -181 78 1
! -78601 -36128 0
! -23140 -89685 200
> 13449 2945 264 -199 -139 3
> 12696 3673 120 -33 -93 1
> 11764 4503 -82 140 -40 3
> 13458 2046 75 -181 78 1
! 12691 4128 200
! 13353 3041 0
> 13713 2746 224 -169 -157 3
> 12816 3640 102 -28 -111 1
> 11682 4643 -69 119 -22 3
> 13533 1865 63 -153 96 1
! -85906 -5969 200
! -50116 -74074 0
> 13713 2746 224 -169 -157 3
> 12816 3640 102 -28 -111 1
> 11682 4643 -69 119 -22 3
> 13533 1865 63 -153 96 1
! 12609 4268 0
! 13126 2779 200
> 13937 2577 190 -143 -175 3
> 12918 3612 86 -23 -129 1
> 11613 4762 -58 101 -22 3
> 13596 1712 53 -130 114 1
! -83499 25072 0
! -22918 -89746 200
> 13937 2577 190 -143 -175 3
> 12918 3612 86 -23 -129 1
> 11613 4762 -58 101 -22 3
> 13596 1712 53 -130 114 1
! 12540 4387 200
! 13491 2707 200
> 14127 2434 161 -121 -193 0
> 12932 3402 12 -178 -111 1
> 11740 4788 108 22 -22 3
> 13628 1781 27 58 96 1
! -71589 53937 200
! 7698 -96460 200
> 14127 2434 161 -121 -193 0
> 12932 3402 12 -178 -111 1
> 11740 4788 108 22 -22 3
> 13628 1781 27 58 96 1
! 12506 4145 200
! 13836 2759 200
> 14265 2606 128 160 149 0
> 12934 3024 1 -321 -93 1
> 12001 4681 222 -90 -40 3
> 13548 1845 -79 39 78 1
! -83171 25101 200
! 38815 -93568 200
> 14265 2606 128 160 149 0
> 12934 3024 1 -321 -93 1
> 12001 4681 222 -90 -40 3
> 13548 1845 -79 39 78 1
! 12531 3833 200
! 14048 2711 200
> 14198 2811 -56 174 167 0
> 12939 2554 -277 -137 -75 1
> 12329 4421 278 -220 -58 3
> 13617 2013 340 -119 60 1
! -85421 -5904 200
! 67402 -81313 0
> 14198 2811 -56 174 167 0
> 12939 2554 -277 -137 -75 1
> 12329 4421 278 -220 -58 3
> 13617 2013 340 -119 60 1
! 12571 3451 0
! 13825 2991 200
> 13943 2968 -216 133 -175 0
> 12662 2417 -235 -116 -57 1
> 12607 4201 236 -187 -76 3
> 13999 2090 324 65 78 1
! -78107 -36105 200
! 90376 -60515 0
> 13943 2968 -216 133 -175 0
> 12662 2417 -235 -116 -57 1
> 12607 4201 236 -187 -76 3
> 13999 2090 324 65 78 1
! 12537 3203 200
! 13894 3085 200
> 13543 3023 -340 46 -157 0
> 12427 2301 -199 -98 -39 1
> 12829 3814 188 -328 -94 3
> 14302 2354 257 224 96 1
! -86076 -5692 0
! 105785 -33535 0
> 13543 3023 -340 46 -157 0
> 12427 2301 -199 -98 -39 1
> 12829 3814 188 -328 -94 3
> 14302 2354 257 224 96 1
! 12454 2887 200
! 13895 3268 0
> 13512 2738 127 -406 -175 0
> 12228 2203 -169 -83 -21 1
> 12633 3631 -320 9 -112 3
> 14559 2578 218 190 114 1
! -83924 25233 200
! 112090 -3030 0
> 13512 2738 127 -406 -175 0
> 12228 2203 -169 -83 -21 1
> 12633 3631 -320 9 -112 3
> 14559 2578 218 190 114 1
! 12563 2633 200
! 14152 3492 SHIELD
> 13444 2377 -57 -306 167 0
> 12059 2120 -143 -70 -3 1
> 12299 3440 -283 -161 -94 3
> 14777 2768 185 161 114 1
! -72272 53880 200
! 108651 28001 0
> 13444 2377 -57 -306 167 0
> 12059 2120 -143 -70 -3 1
> 12299 3440 -283 -161 -94 3
> 14777 2768 185 161 114 1
! 12541 2470 200
! 14108 3511 200
> 13216 2174 -194 -172 149 0
> 11916 2050 -121 -59 15 1
> 12064 3085 -199 -301 -76 3
> 14962 2929 157 136 132 1
! -72500 53677 200
! 108508 27931 200
> 13216 2174 -194 -172 149 0
> 11916 2050 -121 -59 15 1
> 12064 3085 -199 -301 -76 3
> 14962 2929 157 136 132 1
! 12306 2115 200
! 14293 3672 SHIELD
> 12851 2105 -310 -58 149 0
> 11975 1786 40 -429 15 1
> 11926 2847 -106 2 -76 3
> 15119 3065 133 115 132 1
! -72865 53608 200
! 95842 56249 200
> 12851 2105 -310 -58 149 0
> 11975 1786 40 -429 15 1
> 11926 2847 -106 2 -76 3
> 15119 3065 133 115 132 1
! 12456 1999 200
! 14450 3808 SHIELD
> 12624 2288 123 66 149 0
> 11946 1318 -105 -448 33 1
> 11909 2690 -250 4 -58 3
> 15252 3180 113 97 132 1
! -73092 53791 200
! 74878 79032 200
> 12624 2288 123 66 149 0
> 11946 1318 -105 -448 33 1
> 11909 2690 -250 4 -58 3
> 15252 3180 113 97 132 1
! 12675 2047 200
! 14583 3923 SHIELD
> 12688 2405 82 86 149 0
> 11967 1025 17 -248 51 1
> 11700 2618 -205 -48 -40 3
> 15365 3277 96 82 132 1
! -84748 24900 200
! 47803 94383 200
> 12688 2405 82 86 149 0
> 11967 1025 17 -248 51 1
> 11700 2618 -205 -48 -40 3
> 15365 3277 96 82 132 1
! 12466 1975 200
! 14958 4191 0
> 12575 2536 -95 111 167 0
> 12056 964 75 -52 69 1
> 11648 2441 -44 -150 -40 3
> 15461 3359 81 69 114 1
! -84861 25031 200
! 17289 100826 200
> 12575 2536 -95 111 167 0
> 12056 964 75 -52 69 1
> 11648 2441 -44 -150 -40 3
> 15461 3359 81 69 114 1
! 12414 1798 200
! 15356 4354 200
> 12399 2737 -68 203 167 0
> 12141 1112 72 125 87 1
> 11644 2118 -85 -307 -40 3
> 15542 3428 68 58 96 1
! -87220 -5978 200
! -13740 97704 200
> 12399 2737 -68 203 167 0
> 12141 1112 72 125 87 1
> 11644 2118 -85 -307 -40 3
> 15542 3428 68 58 96 1
! 12410 1475 0
! 15135 4342 0
> 12132 2923 -227 157 -175 0
> 12235 1358 237 55 105 1
> 11485 1883 -292 -46 -40 3
> 15610 3486 57 49 114 1
! -87487 -5792 200
! -13646 97950 0
> 12132 2923 -227 157 -175 0
> 12235 1358 237 55 105 1
> 11485 1883 -292 -46 -40 3
> 15610 3486 57 49 114 1
! 12251 1240 200
! 15203 4400 SHIELD
> 11706 3063 -362 118 -175 0
> 12472 1413 201 46 105 1
> 11346 1708 -117 -148 -40 3
> 15667 3535 48 41 114 1
! -87913 -5652 200
! -41991 85280 0
> 11706 3063 -362 118 -175 0
> 12472 1413 201 46 105 1
> 11346 1708 -117 -148 -40 3
> 15667 3535 48 41 114 1
! 12273 1333 200
! 15562 4530 0
> 11145 3164 -477 85 -175 0
> 12673 1459 170 39 123 1
> 11414 1485 58 -189 -22 3
> 15715 3576 40 34 96 1
! -88474 -5551 200
! -65041 64391 0
> 11145 3164 -477 85 -175 0
> 12673 1459 170 39 123 1
> 11414 1485 58 -189 -22 3
> 15715 3576 40 34 96 1
! 12412 1415 200
! 15308 4490 0
> 10469 3232 -574 57 -175 0
> 12843 1498 144 33 141 1
> 11672 1282 218 -172 -4 3
> 15755 3610 34 28 114 1
! -86967 25727 200
! -80515 37334 0
> 10469 3232 -574 57 -175 0
> 12843 1498 144 33 141 1
> 11672 1282 218 -172 -4 3
> 15755 3610 34 28 114 1
! 12642 1524 200
! 15348 4524 SHIELD
> 9700 3334 -653 86 167 0
> 12987 1531 122 28 159 1
> 12084 1158 350 -105 14 3
> 15789 3638 28 23 114 1
! -76016 54837 200
! -86875 6764 0
> 9700 3334 -653 86 167 0
> 12987 1531 122 28 159 1
> 12084 1158 350 -105 14 3
> 15789 3638 28 23 114 1
! 12932 1688 200
! 15120 4381 200
> 8876 3523 -700 160 149 0
> 13253 1638 352 161 177 1
> 12460 1080 192 -136 32 3
> 15817 3661 23 19 132 1
! -76840 55026 200
! -83339 -24243 200
> 8876 3523 -700 160 149 0
> 13253 1638 352 161 177 1
> 12460 1080 192 -136 32 3
> 15817 3661 23 19 132 1
! 13308 1610 200
! 15148 4404 200
> 8005 3786 -740 223 149 1
> 13412 1747 134 92 195 1
> 12822 1050 307 -25 32 3
> 15840 3680 19 16 132 1
! -57600 79257 200
! -70455 -52716 200
> 8005 3786 -740 223 149 1
> 13412 1747 134 92 195 1
> 12822 1050 307 -25 32 3
> 15840 3680 19 16 132 1
! 13465 1816 200
! 15171 4423 SHIELD
> 7134 4160 -740 317 131 1
> 13538 1958 159 255 -147 1
> 13098 950 181 -161 50 3
> 15859 3696 16 13 132 1
! -58471 79630 200
! -49394 -75756 200
> 7134 4160 -740 317 131 1
> 13538 1958 159 255 -147 1
> 13098 950 181 -161 50 3
> 15859 3696 16 13 132 1
! 13473 1877 200
! 15190 4439 200
> 6263 4628 -740 397 131 1
> 13571 2058 28 84 -129 1
> 13354 974 217 20 68 3
> 15875 3709 13 11 132 1
! -59342 80098 200
! -49361 -75656 200
> 6263 4628 -740 397 131 1
> 13571 2058 28 84 -129 1
> 13354 974 217 20 68 3
> 15875 3709 13 11 132 1
! 13424 1972 200
! 15009 4209 200
> 5392 5176 -740 465 131 1
> 13473 1987 -83 -60 -129 1
> 13585 1194 196 186 86 3
> 15888 3720 11 9 150 1
! -60213 80646 200
! -22363 -91371 200
> 5392 5176 -740 465 131 1
> 13473 1987 -83 -60 -129 1
> 13585 1194 196 186 86 3
> 15888 3720 11 9 150 1
! 13343 2164 0
! 14910 3928 0
> 4521 5792 -740 523 131 1
> 13265 2115 -176 109 -111 1
> 13834 1006 212 -160 104 3
> 15899 3729 9 7 168 1
! -34552 97842 0
! -49667 -75599 0
> 4521 5792 -740 523 131 1
> 13265 2115 -176 109 -111 1
> 13834 1006 212 -160 104 3
> 15899 3729 9 7 168 1
! 13592 1976 200
! 14904 3624 200
> 3781 6315 -629 444 113 1
> 13089 2224 -149 92 -129 1
> 13998 1040 139 28 104 3
> 15709 3715 -161 -11 186 1
! -4934 105934 0
! -49843 -75490 0
> 3781 6315 -629 444 113 1
> 13089 2224 -149 92 -129 1
> 13998 1040 139 28 104 3
> 15709 3715 -161 -11 186 1
! 13468 1888 200
! 14795 3308 0
> 3152 6759 -534 377 95 2
> 12940 2316 -126 78 -129 1
> 14031 1238 28 167 122 3
> 15548 3704 -136 -9 204 1
! 25647 104196 0
! -70927 -52147 0
> 3152 6759 -534 377 95 2
> 12940 2316 -126 78 -129 1
> 14031 1238 28 167 122 3
> 15548 3704 -136 -9 204 1
! 13265 1881 200
! 14634 3297 0
> 2618 7136 -453 320 77 2
> 12814 2394 -107 66 -147 1
> 13906 1534 -106 251 140 0
> 15412 3695 -115 -7 -156 1
! 54121 92852 0
! -83778 -23487 0
> 2618 7136 -453 320 77 2
> 12814 2394 -107 66 -147 1
> 13906 1534 -106 251 140 0
> 15412 3695 -115 -7 -156 1
! 12979 1909 200
! 14498 3288 0
> 2165 7456 -385 272 59 2
> 12707 2460 -90 56 -165 1
> 13615 1860 -247 277 158 0
> 15297 3688 -97 -5 -156 1
! 77635 73061 200
! -71160 -52003 SHIELD
> 2165 7456 -385 272 59 2
> 12707 2460 -90 56 -165 1
> 13615 1860 -247 277 158 0
> 15297 3688 -97 -5 -156 1
! 12849 2503 0
! 14302 3583 0
> 1931 7859 -198 342 41 2
> 12617 2516 -76 47 -147 1
> 13368 2137 -209 235 140 0
> 15200 3683 -82 -4 -174 1
! 93981 46932 200
! -71250 -51947 SHIELD
> 1931 7859 -198 342 41 2
> 12617 2516 -76 47 -147 1
> 13368 2137 -209 235 140 0
> 15200 3683 -82 -4 -174 1
! 12602 2780 SHIELD
! 14222 3891 200
> 1917 8279 -11 357 23 2
> 12397 2631 -218 112 -147 1
> 13303 2304 -23 127 140 0
> 14922 3721 -235 31 -192 1
! 101536 16994 0
! -84195 -23250 0
> 1917 8279 -11 357 23 2
> 12397 2631 -218 112 -147 1
> 13303 2304 -23 127 140 0
> 14922 3721 -235 31 -192 1
! 12376 2679 200
! 14056 4221 0
> 1906 8636 -9 303 5 2
> 12179 2743 -185 95 -165 1
> 13280 2431 -19 107 158 0
> 14687 3752 -199 26 -210 1
! 99343 -13859 200
! -87683 7976 200
> 1906 8636 -9 303 5 2
> 12179 2743 -185 95 -165 1
> 13280 2431 -19 107 158 0
> 14687 3752 -199 26 -210 1
! 12282 2501 200
! 14018 4495 200
> 2092 8894 157 219 -13 2
> 11994 2838 -157 80 177 1
> 13261 2538 -16 90 176 0
> 14354 3927 -282 148 -228 1
! 87808 -42609 200
! -87868 8071 0
> 2092 8894 157 219 -13 2
> 11994 2838 -157 80 177 1
> 13261 2538 -16 90 176 0
> 14354 3927 -282 148 -228 1
! 12263 2608 0
! 13947 4841 0
> 2420 9010 279 98 -31 2
> 11837 2918 -133 68 177 1
> 13245 2628 -13 76 176 0
> 14072 4075 -239 125 -246 1
! 68025 -66461 200
! -84755 -22963 0
> 2420 9010 279 98 -31 2
> 11837 2918 -133 68 177 1
> 13245 2628 -13 76 176 0
> 14072 4075 -239 125 -246 1
! 12247 2698 200
! 13403 4818 200
> 2830 8957 348 -45 -49 2
> 11704 2986 -113 57 -165 1
> 13032 2718 -180 76 176 0
> 13699 4349 -316 232 132 1
! 68435 -66514 200
! -84888 -22895 0
> 2830 8957 348 -45 -49 2
> 11704 2986 -113 57 -165 1
> 13032 2718 -180 76 176 0
> 13699 4349 -316 232 132 1
! 12105 3093 200
! 12833 4849 200
> 3309 8761 407 -166 -49 2
> 11591 3043 -96 48 -165 1
> 12667 2869 -310 128 158 0
> 13210 4681 -415 282 150 1
! 68914 -66710 200
! -88271 8276 0
> 3309 8761 407 -166 -49 2
> 11591 3043 -96 48 -165 1
> 12667 2869 -310 128 158 0
> 13210 4681 -415 282 150 1
! 11901 3512 0
! 12232 4889 0
> 3847 8444 457 -269 -49 2
> 11495 3091 -81 40 177 1
> 12357 2997 -263 108 140 0
> 12795 4963 -352 239 168 1
! 69452 -67027 200
! -81863 38927 SHIELD
> 3847 8444 457 -269 -49 2
> 11495 3091 -81 40 177 1
> 12357 2997 -263 108 140 0
> 12795 4963 -352 239 168 1
! 11430 3372 200
! 11817 5171 200
> 4435 8024 499 -356 -49 2
> 11358 3136 -127 39 159 1
> 12473 3131 201 105 158 0
> 12247 5244 -465 238 168 1
! 70040 -67447 200
! -66356 66068 0
> 4435 8024 499 -356 -49 2
> 11358 3136 -127 39 159 1
> 12473 3131 201 105 158 0
> 12247 5244 -465 238 168 1
! 11475 3201 200
! 11252 5139 0
> 5065 7517 535 -430 -49 2
> 11231 3175 -107 33 141 1
> 12474 3250 1 101 176 0
> 11782 5482 -395 202 186 1
! 44138 -84533 200
! -66483 66107 0
> 5065 7517 535 -430 -49 2
> 11231 3175 -107 33 141 1
> 12474 3250 1 101 176 0
> 11782 5482 -395 202 186 1
! 11504 3008 200
! 10868 5075 0
> 5678 6903 521 -521 -67 2
> 11124 3208 -90 28 141 1
> 12281 3303 -164 44 194 0
> 11387 5684 -335 171 204 1
! 71283 -68568 200
! -43339 87075 0
> 5678 6903 521 -521 -67 2
> 11124 3208 -90 28 141 1
> 12281 3303 -164 44 194 0
> 11387 5684 -335 171 204 1
! 11433 2773 200
! 10644 5015 0
> 6330 6231 554 -571 -49 2
> 11034 3236 -76 23 123 1
> 11947 3241 -283 -52 212 0
> 11052 5855 -284 145 222 1
! 71935 -69240 200
! -14847 99828 0
> 6330 6231 554 -571 -49 2
> 11034 3236 -76 23 123 1
> 11947 3241 -283 -52 212 0
> 11052 5855 -284 145 222 1
! 10977 2999 0
! 10552 4989 200
> 7015 5509 582 -613 -49 2
> 10858 3264 -252 28 105 1
> 11764 3184 -52 -52 -166 0
> 10668 5827 -326 -23 240 1
! 92731 -45994 0
! -43605 87131 0
> 7015 5509 582 -613 -49 2
> 10858 3264 -252 28 105 1
> 11764 3184 -52 -52 -166 0
> 10668 5827 -326 -23 240 1
! 10766 3254 200
! 10168 4961 SHIELD
> 7597 4896 494 -521 -31 2
> 10606 3292 -214 23 123 1
> 11512 3146 -213 -32 -184 0
> 10342 5804 -277 -19 -120 1
! 105033 -17599 200
! -43857 87159 0
> 7597 4896 494 -521 -31 2
> 10606 3292 -214 23 123 1
> 11512 3146 -213 -32 -184 0
> 10342 5804 -277 -19 -120 1
! 10585 3521 0
! 10134 4826 200
> 8286 4330 585 -481 -13 2
> 10392 3315 -181 19 123 1
> 11299 3114 -181 -27 -202 0
> 10065 5785 -235 -16 -102 1
! 107905 13045 200
! -15489 99907 SHIELD
> 8286 4330 585 -481 -13 2
> 10392 3315 -181 19 123 1
> 11299 3114 -181 -27 -202 0
> 10065 5785 -235 -16 -102 1
! 10301 3184 200
! 9857 4807 200
> 9070 3866 666 -394 5 2
> 10201 3337 -180 24 105 1
> 11016 3073 -52 -89 176 0
> 9830 5769 -199 -13 -102 1
! 101120 42939 200
! 15434 103199 0
> 9070 3866 666 -394 5 2
> 10201 3337 -180 24 105 1
> 11016 3073 -52 -89 176 0
> 9830 5769 -199 -13 -102 1
! 10018 3143 0
! 9935 4774 200
> 9377 3850 -70 169 23 2
> 10188 3188 -77 -175 87 1
> 11339 2857 673 -318 176 0
> 9631 5756 -169 -11 -84 1
! 84847 69455 0
! -15693 99780 0
> 9377 3850 -70 169 23 2
> 10188 3188 -77 -175 87 1
> 11339 2857 673 -318 176 0
> 9631 5756 -169 -11 -84 1
! 10341 2927 200
! 10038 4842 200
> 9307 4019 -59 143 41 2
> 10111 3013 -65 -148 105 1
> 11812 2553 402 -258 176 0
> 9543 5562 -74 -164 -66 1
! 60810 89735 200
! 15344 102875 0
> 9307 4019 -59 143 41 2
> 10111 3013 -65 -148 105 1
> 11812 2553 402 -258 176 0
> 9543 5562 -74 -164 -66 1
! 10814 2623 200
! 9648 4567 0
> 9351 4333 37 267 59 2
> 10046 2865 -55 -125 87 1
> 12014 2309 172 -207 176 0
> 9469 5398 -62 -139 -84 1
! 31846 101770 SHIELD
! 15279 102727 0
> 9351 4333 37 267 59 2
> 10046 2865 -55 -125 87 1
> 12014 2309 172 -207 176 0
> 9469 5398 -62 -139 -84 1
! 11016 2379 200
! 9876 4484 200
> 9380 4543 19 137 77 2
> 9991 2740 -46 -106 87 1
> 11986 2116 -23 -164 176 0
> 9567 5643 140 622 -66 1
! 60883 90259 0
! 15224 102602 0
> 9380 4543 19 137 77 2
> 9991 2740 -46 -106 87 1
> 11986 2116 -23 -164 176 0
> 9567 5643 140 622 -66 1
! 10988 2186 200
! 9672 4648 200
> 9399 4680 16 116 59 2
> 9945 2634 -39 -90 87 1
> 11763 1966 -189 -127 176 0
> 9728 6066 136 359 -84 1
! 31894 102117 0
! -15936 99226 0
> 9399 4680 16 116 59 2
> 9945 2634 -39 -90 87 1
> 11763 1966 -189 -127 176 0
> 9728 6066 136 359 -84 1
! 10765 2036 200
! 9520 5088 200
> 9415 4796 13 98 77 2
> 9906 2544 -33 -76 105 1
> 11374 1853 -330 -96 176 0
> 9822 6229 80 138 -102 1
! 60918 90512 200
! -44557 86411 0
> 9415 4796 13 98 77 2
> 9906 2544 -33 -76 105 1
> 11374 1853 -330 -96 176 0
> 9822 6229 80 138 -102 1
! 10447 2228 200
! 9614 5251 200
> 9428 4894 11 83 59 2
> 9873 2468 -28 -64 123 1
> 10859 1832 -438 -17 158 0
> 9860 6171 32 -48 -102 1
! 60931 90610 200
! -67841 65400 0
> 9428 4894 11 83 59 2
> 9873 2468 -28 -64 123 1
> 10859 1832 -438 -17 158 0
> 9860 6171 32 -48 -102 1
! 10093 2475 0
! 9652 5193 200
> 9542 5148 96 216 59 2
> 9845 2404 -23 -54 141 1
> 10421 1815 -372 -14 140 0
> 9850 5927 -8 -207 -102 1
! 61045 90864 SHIELD
! -83513 38240 SHIELD
> 9542 5148 96 216 59 2
> 9845 2404 -23 -54 141 1
> 10421 1815 -372 -14 140 0
> 9850 5927 -8 -207 -102 1
! 9891 2663 0
! 9642 4949 SHIELD
> 9491 4999 -55 -156 59 2
> 9792 2382 -47 -15 159 1
> 10351 1477 -34 -314 122 0
> 9989 6085 130 164 -102 1
! 84961 70604 200
! -90070 7615 0
> 9491 4999 -55 -156 59 2
> 9792 2382 -47 -15 159 1
> 10351 1477 -34 -314 122 0
> 9989 6085 130 164 -102 1
! 10109 2447 200
! 9489 5219 0
> 9436 4843 -46 -132 41 2
> 9745 2367 -39 -12 177 1
> 10269 1357 -70 -101 104 0
> 10119 6249 110 139 -120 1
! 84906 70448 0
! -86847 -23514 0
> 9436 4843 -46 -132 41 2
> 9745 2367 -39 -12 177 1
> 10269 1357 -70 -101 104 0
> 10119 6249 110 139 -120 1
! 10027 2327 200
! 9619 5383 200
> 9390 4711 -39 -112 41 2
> 9706 2355 -33 -10 195 1
> 10151 1450 -100 79 104 0
> 10229 6388 93 118 -120 1
! 84860 70316 0
! -74161 -52108 0
> 9390 4711 -39 -112 41 2
> 9706 2355 -33 -10 195 1
> 10151 1450 -100 79 104 0
> 10229 6388 93 118 -120 1
! 9909 2420 200
! 9729 5522 200
> 9351 4599 -33 -95 41 2
> 9629 2431 -146 221 -147 1
> 10047 1638 -7 1 104 0
> 10322 6506 79 100 -120 1
! 84821 70204 200
! -53303 -75283 0
> 9351 4599 -33 -95 41 2
> 9629 2431 -146 221 -147 1
> 10047 1638 -7 1 104 0
> 10322 6506 79 100 -120 1
! 9517 2486 200
! 9822 5640 200
> 9469 4635 100 30 41 2
> 9483 2652 -124 187 -129 1
> 9934 1809 -96 145 122 0
> 10301 6433 -17 -62 -120 1
! 60972 90351 200
! -26353 -90706 0
> 9469 4635 100 30 41 2
> 9483 2652 -124 187 -129 1
> 9934 1809 -96 145 122 0
> 10301 6433 -17 -62 -120 1
! 9168 2452 200
! 10093 5455 200
> 9672 4836 172 171 59 2
> 9359 2839 -105 158 -111 1
> 9685 2083 -211 232 140 0
> 10242 6175 -49 -218 -102 1
! 32167 102273 0
! 4125 -97023 200
> 9672 4836 172 171 59 2
> 9359 2839 -105 158 -111 1
> 9685 2083 -211 232 140 0
> 10242 6175 -49 -218 -102 1
! 9155 2931 200
! 10034 5197 200
> 9844 5007 146 145 77 2
> 9060 3223 -261 344 -93 1
> 9551 2059 -105 -38 122 0
> 10151 5761 -77 -351 -102 1
! 61347 90723 200
! 3826 -96639 200
> 9844 5007 146 145 77 2
> 9060 3223 -261 344 -93 1
> 9551 2059 -105 -38 122 0
> 10151 5761 -77 -351 -102 1
! 9021 2907 200
! 9943 4783 SHIELD
> 9596 4099 -218 -792 59 2
> 8789 3367 -230 122 -93 1
> 9340 2191 -179 111 122 0
> 10124 5532 -22 -192 -102 1
! 32091 101536 0
! 34670 -93225 0
> 9596 4099 -218 -792 59 2
> 8789 3367 -230 122 -93 1
> 9340 2191 -179 111 122 0
> 10124 5532 -22 -192 -102 1
! 8810 3039 200
! 10229 4537 200
> 9378 3307 -185 -673 77 2
> 8559 3489 -195 103 -75 1
> 9055 2472 -242 238 122 0
> 10102 5340 -18 -163 -84 1
! 31873 100744 0
! 3325 -96373 0
> 9378 3307 -185 -673 77 2
> 8559 3489 -195 103 -75 1
> 9055 2472 -242 238 122 0
> 10102 5340 -18 -163 -84 1
! 8525 3320 SHIELD
! 9894 4362 0
> 9727 3815 356 563 77 2
> 8364 3592 -165 87 -93 1
> 8760 2592 -257 88 122 0
> 10084 5177 -15 -138 -102 1
! 1011 103434 200
! 34245 -93000 200
> 9727 3815 356 563 77 2
> 8364 3592 -165 87 -93 1
> 8760 2592 -257 88 122 0
> 10084 5177 -15 -138 -102 1
! 8230 3440 SHIELD
! 9876 4199 SHIELD
> 9962 3960 46 -794 95 2
> 8251 3486 -96 -90 -75 1
> 8503 2680 -218 74 122 0
> 10079 5101 11 26 -102 1
! 1246 103579 200
! 34132 -93106 200
> 9962 3960 46 -794 95 2
> 8251 3486 -96 -90 -75 1
> 8503 2680 -218 74 122 0
> 10079 5101 11 26 -102 1
! 7973 3528 SHIELD
! 10184 4106 0
> 9991 3365 24 -505 95 2
> 8023 3808 -213 339 -75 1
> 8303 2693 -167 4 122 0
> 10090 5127 9 22 -84 1
! -29082 95415 200
! 2789 -96054 200
> 9991 3365 24 -505 95 2
> 8023 3808 -213 339 -75 1
> 8303 2693 -167 4 122 0
> 10090 5127 9 22 -84 1
! 8061 3663 0
! 9882 4149 200
> 9937 3044 -46 -272 113 2
> 7800 3947 -189 118 -93 1
> 8136 2697 -141 3 104 1
> 10099 5149 7 18 -102 1
! -29136 95094 200
! 2566 -95915 0
> 9937 3044 -46 -272 113 2
> 7800 3947 -189 118 -93 1
> 8136 2697 -141 3 104 1
> 10099 5149 7 18 -102 1
! 7894 3667 200
! 9599 4283 200
> 9813 2956 -105 -74 113 2
> 7611 4065 -160 100 -93 1
> 7995 2700 -119 2 104 1
> 10106 5167 5 15 -120 1
! 1097 102575 200
! 2377 -95797 0
> 9813 2956 -105 -74 113 2
> 7611 4065 -160 100 -93 1
> 7995 2700 -119 2 104 1
> 10106 5167 5 15 -120 1
! 8065 3698 200
! 9606 4301 0
> 9691 3081 -104 106 95 2
> 7451 4165 -136 85 -93 1
> 7876 2702 -101 1 86 1
> 10111 5182 4 12 -120 1
! 32186 100518 200
! 33332 -92427 0
> 9691 3081 -104 106 95 2
> 7451 4165 -136 85 -93 1
> 7876 2702 -101 1 86 1
> 10111 5182 4 12 -120 1
! 8251 3629 200
! 9611 4316 200
> 9632 3382 -50 255 77 2
> 7315 4250 -115 72 -75 1
> 7850 2888 -22 158 68 1
> 10015 5021 -81 -137 -120 1
! 916 103001 200
! 61778 -79617 0
> 9632 3382 -50 255 77 2
> 7315 4250 -115 72 -75 1
> 7850 2888 -22 158 68 1
> 10015 5021 -81 -137 -120 1
! 8225 3815 200
! 9515 4155 0
> 9565 3836 -57 386 95 2
> 7200 4322 -97 61 -57 1
> 7903 3231 45 291 68 1
> 9934 4884 -68 -116 -120 1
! 32060 101273 0
! 84914 -58610 200
> 9565 3836 -57 386 95 2
> 7200 4322 -97 61 -57 1
> 7903 3231 45 291 68 1
> 9934 4884 -68 -116 -120 1
! 8278 4158 200
! 9191 4215 0
> 9440 4087 -222 -15 77 2
> 7258 4257 49 -55 -39 1
> 8023 3707 102 404 68 1
> 9934 4903 116 244 -138 1
! 31935 101524 200
! 100616 -31579 200
> 9440 4087 -222 -15 77 2
> 7258 4257 49 -55 -39 1
> 8023 3707 102 404 68 1
> 9934 4903 116 244 -138 1
! 8666 4473 200
! 9191 4234 200
> 9263 4267 -150 152 77 2
> 7376 4168 17 -49 -21 1
> 8372 4227 378 415 50 1
> 9901 5013 -27 93 -138 1
! 60766 89983 200
! 107238 -1065 200
> 9263 4267 -150 152 77 2
> 7376 4168 17 -49 -21 1
> 8372 4227 378 415 50 1
> 9901 5013 -27 93 -138 1
! 8747 5154 200
! 9158 4344 200
> 9346 4249 18 -172 59 2
> 7593 4109 184 -50 -3 1
> 8419 4833 -36 515 68 1
> 10001 5309 213 407 -138 1
! 31841 101686 200
! 104185 29990 200
> 9346 4249 18 -172 59 2
> 7593 4109 184 -50 -3 1
> 8419 4833 -36 515 68 1
> 10001 5309 213 407 -138 1
! 8489 5831 0
! 9501 4443 200
> 9409 4272 53 19 77 2
> 7970 4111 320 1 15 1
> 8383 5348 -30 437 86 1
> 10114 5543 96 198 -120 1
! 31904 101709 200
! 104562 29992 200
> 9409 4272 53 19 77 2
> 7970 4111 320 1 15 1
> 8383 5348 -30 437 86 1
> 10114 5543 96 198 -120 1
! 8141 6318 0
! 9906 4565 200
> 9507 4486 83 181 77 2
> 8483 4164 436 44 15 1
> 8353 5785 -25 371 104 1
> 10168 5545 46 2 -102 1
! 32002 101923 200
! 92350 58627 200
> 9507 4486 83 181 77 2
> 8483 4164 436 44 15 1
> 8353 5785 -25 371 104 1
> 10168 5545 46 2 -102 1
! 7823 6633 200
! 10273 4550 200
> 9633 4859 90 302 77 2
> 9044 4280 114 -223 33 1
> 8222 6326 -111 459 122 1
> 10279 5388 473 203 -84 1
! 61136 90575 200
! 105636 30161 200
> 9633 4859 90 302 77 2
> 9044 4280 114 -223 33 1
> 8222 6326 -111 459 122 1
> 10279 5388 473 203 -84 1
! 7456 6969 200
! 10071 4410 0
> 9826 5332 164 402 59 2
> 9351 4109 261 -145 15 1
> 7958 6914 -224 499 140 1
> 10752 5591 402 172 -102 1
! 85296 70937 0
! 105943 29990 200
> 9826 5332 164 402 59 2
> 9351 4109 261 -145 15 1
> 7958 6914 -224 499 140 1
> 10752 5591 402 172 -102 1
! 7031 7289 200
! 10252 4725 0
> 9990 5734 139 341 41 3
> 9805 4016 386 -79 15 1
> 7549 7488 -347 487 158 1
> 11154 5763 341 146 -120 1
! 102040 44807 200
! 93672 58479 200
> 9990 5734 139 341 41 3
> 9805 4016 386 -79 15 1
> 7549 7488 -347 487 158 1
> 11154 5763 341 146 -120 1
! 6551 7558 200
! 10411 5094 0
> 10313 6153 274 356 23 3
> 10359 4046 470 25 33 1
> 7002 7989 -464 425 176 1
> 11495 5909 289 124 -138 1
! 109932 14868 200
! 73291 81760 0
> 10313 6153 274 356 23 3
> 10359 4046 470 25 33 1
> 7002 7989 -464 425 176 1
> 11495 5909 289 124 -138 1
! 6032 7747 200
! 10752 5240 SHIELD
> 10786 6526 402 317 5 3
> 10829 4071 399 21 51 1
> 6344 8366 -559 320 194 1
> 11784 6033 245 105 -138 1
! 108223 -15969 200
! 46665 97429 0
> 10786 6526 402 317 5 3
> 10829 4071 399 21 51 1
> 6344 8366 -559 320 194 1
> 11784 6033 245 105 -138 1
! 5496 7836 200
! 11284 5167 0
> 11383 6798 507 231 -13 3
> 11228 4092 339 17 69 1
> 5615 8580 -619 181 212 1
> 12029 6138 208 89 -120 1
! 97099 -44705 0
! 16461 103954 200
> 11383 6798 507 231 -13 3
> 11228 4092 339 17 69 1
> 5615 8580 -619 181 212 1
> 12029 6138 208 89 -120 1
! 4972 7814 200
! 11529 5272 SHIELD
> 11890 7029 430 196 -31 3
> 11577 4309 297 184 87 1
> 4867 8608 -635 23 230 1
> 12237 6227 176 75 -120 1
! 77495 -68442 200
! -14304 100901 0
> 11890 7029 430 196 -31 3
> 11577 4309 297 184 87 1
> 4867 8608 -635 23 230 1
> 12237 6227 176 75 -120 1
! 4492 7681 200
! 12029 5249 0
> 12436 7154 450 180 -49 3
> 11874 4493 252 156 105 1
> 4157 8446 -603 -138 -112 1
> 12428 6222 176 -78 -102 1
! 51509 -84896 0
! -42589 88360 0
> 12436 7154 450 180 -49 3
> 11874 4493 252 156 105 1
> 4157 8446 -603 -138 -112 1
> 12428 6222 176 -78 -102 1
! 4087 7448 200
! 12533 5227 0
> 12886 7334 382 153 -67 3
> 12126 4649 214 132 123 1
> 3540 8108 -524 -286 -94 1
> 12604 6144 149 -66 -84 1
! 21601 -92285 0
! -65588 67581 200
> 12886 7334 382 153 -67 3
> 12126 4649 214 132 123 1
> 3540 8108 -524 -286 -94 1
> 12604 6144 149 -66 -84 1
! 3782 7138 0
! 13011 5230 0
> 13268 7487 324 130 -85 3
> 12185 4907 49 219 141 1
> 3016 7822 -445 -243 -76 1
> 12753 6078 126 -56 -66 1
! -9227 -89949 200
! -81173 40743 0
> 13268 7487 324 130 -85 3
> 12185 4907 49 219 141 1
> 3016 7822 -445 -243 -76 1
> 12753 6078 126 -56 -66 1
! 3546 6974 200
! 13422 5335 0
> 13547 7422 237 -55 -103 3
> 12234 5126 41 186 159 1
> 2677 7409 -288 -350 -58 2
> 12879 6022 107 -47 -48 1
! -37956 -78294 200
! -87628 10359 0
> 13547 7422 237 -55 -103 3
> 12234 5126 41 186 159 1
> 2677 7409 -288 -350 -58 2
> 12879 6022 107 -47 -48 1
! 3443 6766 200
! 13745 5522 0
> 13681 7196 113 -192 -121 3
> 12275 5312 34 158 177 1
> 2542 6930 -114 -406 -40 2
> 12986 5975 90 -39 -30 1
! -37822 -78520 200
! -84317 -20569 0
> 13681 7196 113 -192 -121 3
> 12275 5312 34 158 177 1
> 2542 6930 -114 -406 -40 2
> 12986 5975 90 -39 -30 1
! 3469 6555 200
! 13964 5767 0
> 13691 6833 8 -308 -121 3
> 12309 5470 28 134 195 1
> 2613 6449 60 -408 -22 2
> 13076 5936 76 -33 -12 1
! -61780 -58772 200
! -84283 -20411 0
> 13691 6833 8 -308 -121 3
> 12309 5470 28 134 195 1
> 2613 6449 60 -408 -22 2
> 13076 5936 76 -33 -12 1
! 3611 6379 200
! 14071 6041 0
> 13649 6530 110 -61 -139 3
> 12269 5580 -287 5 -165 1
> 2873 6027 220 -358 -4 2
> 13119 5791 143 -231 6 1
! -61822 -59075 200
! -84323 -20301 0
> 13649 6530 110 -61 -139 3
> 12269 5580 -287 5 -165 1
> 2873 6027 220 -358 -4 2
> 13119 5791 143 -231 6 1
! 3843 6269 200
! 14033 6198 0
> 13608 6338 -34 -163 -139 3
> 11982 5585 -243 4 -165 1
> 3287 5717 351 -263 14 2
> 13262 5560 121 -196 24 1
! -61863 -59267 200
! -87880 10818 0
> 13608 6338 -34 -163 -139 3
> 11982 5585 -243 4 -165 1
> 3287 5717 351 -263 14 2
> 13262 5560 121 -196 24 1
! 4257 5959 200
! 14005 6229 0
> 13478 6197 -94 -75 -139 3
> 11739 5589 -206 3 177 1
> 3832 5502 463 -182 14 2
> 13328 5210 40 -340 42 1
! -38025 -79519 200
! -84853 -20292 200
> 13478 6197 -94 -75 -139 3
> 11739 5589 -206 3 177 1
> 3832 5502 463 -182 14 2
> 13328 5210 40 -340 42 1
! 4802 5744 200
! 13828 6076 0
> 13281 5951 -167 -209 -121 3
> 11340 5540 -339 -41 -165 1
> 4489 5368 558 -113 14 2
> 13368 4870 34 -289 60 1
! -9214 -91485 200
! -88522 10773 200
> 13281 5951 -167 -209 -121 3
> 11340 5540 -339 -41 -165 1
> 4489 5368 558 -113 14 2
> 13368 4870 34 -289 60 1
! 5487 5298 200
! 13576 5848 200
> 13069 5547 -180 -343 -103 3
> 10801 5509 -457 -25 177 1
> 5247 5241 643 -107 -4 2
> 13444 4777 64 -79 78 1
! 21784 -94072 0
! -85791 -20372 200
> 13069 5547 -180 -343 -103 3
> 10801 5509 -457 -25 177 1
> 5247 5241 643 -107 -4 2
> 13444 4777 64 -79 78 1
! 6217 5483 200
! 13339 5772 200
> 12771 5397 -276 -89 -85 3
> 10151 5432 -552 -65 -165 1
> 6084 5182 711 -49 14 2
> 13605 4704 160 -100 96 1
! 51844 -86653 200
! -89711 10665 200
> 12771 5397 -276 -89 -85 3
> 10151 5432 -552 -65 -165 1
> 6084 5182 711 -49 14 2
> 13605 4704 160 -100 96 1
! 6932 5712 200
! 13198 5618 200
> 12573 5124 -168 -232 -67 3
> 9399 5377 -638 -46 177 1
> 6965 5239 748 48 32 2
> 13684 4787 66 70 114 1
! 78178 -70347 200
! -83959 41213 200
> 12573 5124 -168 -232 -67 3
> 9399 5377 -638 -46 177 1
> 6965 5239 748 48 32 2
> 13684 4787 66 70 114 1
! 7813 5769 SHIELD
! 13015 5530 200
> 12536 4741 -31 -325 -49 3
> 8574 5403 -701 21 159 1
> 7713 5287 635 40 32 2
> 13616 5006 -57 185 132 1
! 78141 -70730 200
! -91288 10636 SHIELD
> 12536 4741 -31 -325 -49 3
> 8574 5403 -701 21 159 1
> 7713 5287 635 40 32 2
> 13616 5006 -57 185 132 1
! 8356 6053 0
! 12750 5506 200
> 12636 4265 85 -404 -49 3
> 8099 5457 -393 47 177 1
> 6088 4999 -1486 -260 50 2
> 13386 5291 -195 242 150 1
! 78241 -71206 200
! -85259 41293 200
> 12636 4265 85 -404 -49 3
> 8099 5457 -393 47 177 1
> 6088 4999 -1486 -260 50 2
> 13386 5291 -195 242 150 1
! 6936 5529 0
! 12408 5499 200
> 12852 3710 183 -471 -49 3
> 7706 5504 -334 39 159 1
> 4602 4739 -1263 -221 32 2
> 12995 5575 -332 241 168 1
! 78457 -71761 200
! -92156 10737 0
> 12852 3710 183 -471 -49 3
> 7706 5504 -334 39 159 1
> 4602 4739 -1263 -221 32 2
> 12995 5575 -332 241 168 1
! 5450 5269 0
! 12000 5470 200
> 13166 3088 267 -528 -49 3
> 7372 5543 -283 33 177 1
> 3339 4518 -1073 -187 32 2
> 12464 5795 -451 187 186 1
! 78771 -72383 200
! -85986 41379 200
> 13166 3088 267 -528 -49 3
> 7372 5543 -283 33 177 1
> 3339 4518 -1073 -187 32 2
> 12464 5795 -451 187 186 1
! 4309 4760 200
! 11550 5388 200
> 13564 2409 338 -577 -49 0
> 7089 5576 -240 28 159 1
> 2460 4379 -747 -117 14 2
> 11830 5901 -538 89 204 1
! 52637 -89641 0
! -92773 10809 0
> 13564 2409 338 -577 -49 0
> 7089 5576 -240 28 159 1
> 2460 4379 -747 -117 14 2
> 11830 5901 -538 89 204 1
! 3458 4309 200
! 10916 5494 200
> 13902 1832 287 -490 -67 0
> 6849 5604 -204 23 177 1
> 1913 4248 -465 -111 -4 2
> 11109 5909 -612 6 -156 1
! 22617 -97787 0
! -89743 -20277 0
> 13902 1832 287 -490 -67 0
> 6849 5604 -204 23 177 1
> 1913 4248 -465 -111 -4 2
> 11109 5909 -612 6 -156 1
! 2883 4490 200
! 10195 5502 SHIELD
> 14189 1342 243 -416 -85 0
> 6645 5627 -173 19 -165 1
> 1642 4185 -230 -53 14 2
> 10497 5915 -520 5 -156 1
! -8306 -96094 0
! -89947 -20254 0
> 14189 1342 243 -416 -85 0
> 6645 5627 -173 19 -165 1
> 1642 4185 -230 -53 14 2
> 10497 5915 -520 5 -156 1
! 2490 4715 200
! 9754 5246 0
> 14432 926 206 -353 -103 0
> 6472 5646 -147 16 -165 1
> 1582 4238 -51 45 32 2
> 9977 5920 -442 4 -138 1
! -37071 -84790 0
! -93390 10879 0
> 14432 926 206 -353 -103 0
> 6472 5646 -147 16 -165 1
> 1582 4238 -51 45 32 2
> 9977 5920 -442 4 -138 1
! 2430 4768 200
! 9234 5251 SHIELD
> 14638 573 175 -300 -121 0
> 6325 5662 -124 13 177 1
> 1701 4389 100 128 32 2
> 9535 5924 -375 3 -138 1
! -60833 -65032 0
! -93537 10895 0
> 14638 573 175 -300 -121 0
> 6325 5662 -124 13 177 1
> 1701 4389 100 128 32 2
> 9535 5924 -375 3 -138 1
! 2344 5155 200
! 9035 5058 200
> 14813 273 148 -255 -139 0
> 6201 5675 -105 11 177 1
> 1930 4670 194 239 50 2
> 9160 5927 -318 2 -120 1
! -77237 -38800 0
! -87157 41511 200
> 14813 273 148 -255 -139 0
> 6201 5675 -105 11 177 1
> 1930 4670 194 239 50 2
> 9160 5927 -318 2 -120 1
! 2305 5597 200
! 8952 4949 200
> 14961 18 125 -216 -157 0
> 5909 5758 -247 70 159 1
> 2199 5094 228 360 68 2
> 8842 5929 -270 1 -102 1
! -84658 -8697 0
! -71805 68690 200
> 14961 18 125 -216 -157 0
> 5909 5758 -247 70 159 1
> 2199 5094 228 360 68 2
> 8842 5929 -270 1 -102 1
! 2574 6021 200
! 8634 4951 0
> 15086 -198 106 -183 -175 0
> 5507 5954 -342 166 141 1
> 2502 5639 257 463 68 2
> 8572 5930 -229 0 -102 1
! -82350 22297 200
! -48956 89821 200
> 15086 -198 106 -183 -175 0
> 5507 5954 -342 166 141 1
> 2502 5639 257 463 68 2
> 8572 5930 -229 0 -102 1
! 3145 6405 0
! 8677 4935 200
> 14997 -336 -75 -117 -193 0
> 5056 6288 -383 283 123 1
> 2759 6102 218 393 50 2
> 8364 5731 -176 -169 -84 1
! -70719 51167 200
! -72658 69220 0
> 14997 -336 -75 -117 -193 0
> 5056 6288 -383 283 123 1
> 2759 6102 218 393 50 2
> 8364 5731 -176 -169 -84 1
! 3607 6632 0
! 8469 4736 SHIELD
> 14751 -350 -209 -11 149 0
> 4673 6571 -325 240 141 1
> 2977 6495 185 334 32 2
> 8188 5562 -149 -143 -84 1
! -50854 75121 200
! -88685 42407 200
> 14751 -350 -209 -11 149 0
> 4673 6571 -325 240 141 1
> 2977 6495 185 334 32 2
> 8188 5562 -149 -143 -84 1
! 3947 6737 0
! 8595 4648 0
> 14411 -210 -289 118 131 0
> 4161 6883 -434 264 159 1
> 3162 6829 157 283 14 2
> 8039 5419 -126 -121 -66 1
! -51194 75260 200
! -95701 12116 200
> 14411 -210 -289 118 131 0
> 4161 6883 -434 264 159 1
> 3162 6829 157 283 14 2
> 8039 5419 -126 -121 -66 1
! 4132 7071 0
! 8708 4676 0
> 13991 59 -357 228 131 0
> 4115 7196 131 276 177 1
> 2731 7074 -536 197 14 2
> 7913 5298 -107 -102 -48 1
! -71725 51562 200
! -92477 -18685 0
> 13991 59 -357 228 131 0
> 4115 7196 131 276 177 1
> 2731 7074 -536 197 14 2
> 7913 5298 -107 -102 -48 1
! 3701 7316 200
! 8582 4555 0
> 13463 390 -449 281 149 0
> 4246 7472 111 234 -165 1
> 2389 7319 -290 208 14 2
> 7806 5196 -90 -86 -48 1
! -72253 51893 200
! -79621 -46991 0
> 13463 390 -449 281 149 0
> 4246 7472 111 234 -165 1
> 2389 7319 -290 208 14 2
> 7806 5196 -90 -86 -48 1
! 3237 7849 200
! 8475 4453 200
> 12843 774 -527 326 149 0
> 4357 7706 94 198 -147 1
> 2269 7633 -102 266 32 2
> 7850 4961 37 -199 -48 1
! -72873 52277 200
! -58575 -70008 0
> 12843 774 -527 326 149 0
> 4357 7706 94 198 -147 1
> 2269 7633 -102 266 32 2
> 7850 4961 37 -199 -48 1
! 3239 7875 200
! 8519 4218 200
> 12145 1203 -593 364 149 0
> 4451 7904 79 168 -129 1
> 2361 7947 78 267 14 2
> 8021 4613 145 -295 -48 1
! -73571 52706 200
! -31385 -85454 0
> 12145 1203 -593 364 149 0
> 4451 7904 79 168 -129 1
> 2361 7947 78 267 14 2
> 8021 4613 145 -295 -48 1
! 3359 7877 200
! 8690 3870 200
> 11381 1670 -649 396 149 0
> 4530 8072 67 142 -111 1
> 2639 8200 235 215 -4 2
> 8300 4169 237 -377 -48 1
! -54224 77141 200
! -703 -91790 0
> 11381 1670 -649 396 149 0
> 4530 8072 67 142 -111 1
> 2639 8200 235 215 -4 2
> 8300 4169 237 -377 -48 1
! 3566 7825 200
! 9166 3669 200
> 10601 2217 -663 464 131 0
> 4597 8214 56 120 -93 1
> 3059 8340 357 119 -22 2
> 8710 3692 348 -405 -30 1
! -75115 53720 200
! 30478 -88378 0
> 10601 2217 -663 464 131 0
> 4597 8214 56 120 -93 1
> 3059 8340 357 119 -22 2
> 8710 3692 348 -405 -30 1
! 3986 7965 0
! 9576 3192 200
> 9870 2705 460 -405 149 0
> 4653 8334 47 102 -75 1
> 3416 8459 303 101 -22 2
> 9128 3266 -726 458 -30 1
! -55735 78176 200
! 59116 -75533 0
> 9870 2705 460 -405 149 0
> 4653 8334 47 102 -75 1
> 3416 8459 303 101 -22 2
> 9128 3266 -726 458 -30 1
! 4343 8084 200
! 9994 2766 200
> 10199 2451 279 -215 131 0
> 4703 8436 417 63 -57 1
> 3902 8485 37 45 -22 2
> 8575 3624 -469 304 -30 1
! -75517 53954 200
! 30584 -88156 0
> 10199 2451 279 -215 131 0
> 4703 8436 417 63 -57 1
> 3902 8485 37 45 -22 2
> 8575 3624 -469 304 -30 1
! 4900 8415 200
! 9441 3124 200
> 10307 2339 91 -95 149 0
> 5120 8499 354 53 -75 1
> 4139 8516 201 26 -4 2
> 8279 3828 -251 173 -30 1
! -75409 53842 200
! -113 -91363 0
> 10307 2339 91 -95 149 0
> 5120 8499 354 53 -75 1
> 4139 8516 201 26 -4 2
> 8279 3828 -251 173 -30 1
! 5137 8446 200
! 9145 3328 200
> 10227 2347 -68 6 149 0
> 5474 8552 300 45 -93 1
> 4540 8528 340 10 -4 2
> 8201 3901 -66 62 -30 1
! -87209 24842 200
! 240 -91310 0
> 10227 2347 -68 6 149 0
> 5474 8552 300 45 -93 1
> 4540 8528 340 10 -4 2
> 8201 3901 -66 62 -30 1
! 5538 8458 0
! 8870 3158 200
> 9964 2398 -223 43 167 0
> 5774 8597 255 38 -93 1
> 4880 8538 289 8 -4 2
> 8269 3814 57 -73 -48 1
! -75752 53901 200
! -30062 -84761 0
> 9964 2398 -223 43 167 0
> 5774 8597 255 38 -93 1
> 4880 8538 289 8 -4 2
> 8269 3814 57 -73 -48 1
! 5850 8780 0
! 8676 2900 200
> 9570 2544 -335 124 149 0
> 6029 8635 216 32 -111 1
> 5169 8546 245 6 14 2
> 8407 3558 117 -217 -66 1
! -56035 78015 200
! -29807 -84723 0
> 9570 2544 -335 124 149 0
> 6029 8635 216 32 -111 1
> 5169 8546 245 6 14 2
> 8407 3558 117 -217 -66 1
! 6139 8788 0
! 8814 2644 SHIELD
> 9131 2795 480 -554 131 0
> 6245 8667 183 27 -111 1
> 5414 8552 208 5 14 2
> 8521 3343 11 -105 -66 1
! -29942 94845 200
! -56687 -69047 0
> 9131 2795 480 -554 131 0
> 6245 8667 183 27 -111 1
> 5414 8552 208 5 14 2
> 8521 3343 11 -105 -66 1
! 6262 9082 200
! 9190 2600 200
> 9533 2425 341 -314 113 0
> 6606 8716 342 46 -129 1
> 5614 8641 133 71 32 2
> 8532 3238 9 -89 -48 1
! 817 102044 200
! -29230 -84642 0
> 9533 2425 341 -314 113 0
> 6606 8716 342 46 -129 1
> 5614 8641 133 71 32 2
> 8532 3238 9 -89 -48 1
! 6584 8883 200
! 9398 2738 200
> 9857 2310 275 -97 95 0
> 6948 8762 290 39 -111 1
> 5941 8760 277 101 14 2
> 8541 3149 7 -75 -30 1
! -29216 94360 200
! -28888 -84596 0
> 9857 2310 275 -97 95 0
> 6948 8762 290 39 -111 1
> 5941 8760 277 101 14 2
> 8541 3149 7 -75 -30 1
! 6939 8690 0
! 9519 2941 0
> 10054 2397 167 74 113 0
> 7238 8801 246 33 -111 1
> 6218 8861 235 85 -4 2
> 8548 3074 5 -63 -12 1
! -29019 94447 200
! -28598 -84557 0
> 10054 2397 167 74 113 0
> 7238 8801 246 33 -111 1
> 6218 8861 235 85 -4 2
> 8548 3074 5 -63 -12 1
! 7216 8791 0
! 9543 3179 0
> 10143 2655 75 219 113 0
> 7484 8834 209 28 -111 1
> 6453 8946 199 72 -4 2
> 8553 3011 4 -53 6 1
! -55462 78125 200
! -28352 -84524 0
> 10143 2655 75 219 113 0
> 7484 8834 209 28 -111 1
> 6453 8946 199 72 -4 2
> 8553 3011 4 -53 6 1
! 7451 8876 0
! 9467 3418 0
> 10087 3025 -47 314 131 0
> 7693 8862 177 23 -111 1
> 6652 9018 169 61 -4 2
> 8557 2958 3 -45 24 1
! -28986 95075 200
! 2459 -91000 200
> 10087 3025 -47 314 131 0
> 7693 8862 177 23 -111 1
> 6652 9018 169 61 -4 2
> 8557 2958 3 -45 24 1
! 7650 8948 0
! 9300 3627 0
> 9962 3523 -106 423 113 0
> 7860 8685 141 -150 -93 1
> 6821 9079 143 51 -4 2
> 8560 2913 2 -38 42 1
! 1246 103142 200
! 33741 -87907 0
> 9962 3523 -106 423 113 0
> 7860 8685 141 -150 -93 1
> 6821 9079 143 51 -4 2
> 8560 2913 2 -38 42 1
! 7748 8704 200
! 9060 3779 0
> 9839 4145 -104 528 95 0
> 8001 8535 119 -127 -75 1
> 7149 9055 279 -20 -22 2
> 8562 2875 1 -32 60 1
! 1123 103764 200
! 33882 -88057 0
> 9839 4145 -104 528 95 0
> 8001 8535 119 -127 -75 1
> 7149 9055 279 -20 -22 2
> 8562 2875 1 -32 60 1
! 7915 8412 0
! 8770 3853 0
> 9718 4872 -103 618 95 0
> 8120 8408 101 -107 -75 1
> 7428 9035 237 -17 -40 2
> 8563 2843 0 -27 78 1
! -29355 96922 0
! 34001 -88184 0
> 9718 4872 -103 618 95 0
> 8120 8408 101 -107 -75 1
> 7428 9035 237 -17 -40 2
> 8563 2843 0 -27 78 1
! 8194 8392 0
! 8458 3838 0
> 9615 5490 -87 525 113 0
> 8221 8301 85 -90 -75 1
> 7665 9018 201 -14 -40 2
> 8563 2816 0 -22 96 1
! -55990 80960 200
! 62684 -75566 0
> 9615 5490 -87 525 113 0
> 8221 8301 85 -90 -75 1
> 7665 9018 201 -14 -40 2
> 8563 2816 0 -22 96 1
! 8195 8170 0
! 8156 3730 200
> 9397 6166 -185 574 131 0
> 8306 8211 72 -76 -57 1
> 7866 9004 170 -11 -58 2
> 8482 2977 -69 136 114 1
! -56208 81636 200
! 86020 -54721 0
> 9397 6166 -185 574 131 0
> 8306 8211 72 -76 -57 1
> 7866 9004 170 -11 -58 2
> 8482 2977 -69 136 114 1
! 8108 8034 200
! 8377 3972 0
> 9081 6891 -268 616 131 0
> 8417 8057 140 -224 -39 1
> 8046 8877 106 -14 -76 2
> 8413 3113 -58 115 96 1
! -76635 58394 200
! 101775 -27779 0
> 9081 6891 -268 616 131 0
> 8417 8057 140 -224 -39 1
> 8046 8877 106 -14 -76 2
> 8413 3113 -58 115 96 1
! 7976 7879 200
! 8621 4091 0
> 8909 7114 72 -215 149 0
> 8475 7938 64 -187 -21 1
> 7952 9054 -313 642 -94 2
> 8355 3228 -49 97 78 1
! -76807 58617 SHIELD
! 108337 2704 SHIELD
> 8909 7114 72 -215 149 0
> 8475 7938 64 -187 -21 1
> 7952 9054 -313 642 -94 2
> 8355 3228 -49 97 78 1
! 8194 8084 200
! 8250 4223 0
> 8981 6899 61 -182 149 0
> 8539 7751 54 -158 -3 1
> 7687 9502 -224 380 -76 2
> 8306 3325 -41 82 96 1
! -56624 82370 0
! 101896 -28085 0
> 8981 6899 61 -182 149 0
> 8539 7751 54 -158 -3 1
> 7687 9502 -224 380 -76 2
> 8306 3325 -41 82 96 1
! 7929 8532 200
! 8514 4303 0
> 9042 6717 51 -154 131 0
> 8593 7593 45 -134 -21 1
> 7511 9688 -149 158 -76 2
> 8265 3407 -34 69 78 1
! -30031 98767 0
! 86307 -55339 0
> 9042 6717 51 -154 131 0
> 8593 7593 45 -134 -21 1
> 7511 9688 -149 158 -76 2
> 8265 3407 -34 69 78 1
! 8041 8840 200
! 8473 4385 SHIELD
> 9093 6563 43 -130 113 0
> 8638 7459 38 -113 -39 1
> 7468 9676 -36 -9 -58 2
> 8231 3476 -28 58 78 1
! -29980 98613 0
! 86352 -55473 0
> 9093 6563 43 -130 113 0
> 8638 7459 38 -113 -39 1
> 7468 9676 -36 -9 -58 2
> 8231 3476 -28 58 78 1
! 7998 8828 200
! 8731 4342 200
> 9136 6433 36 -110 113 0
> 8676 7346 32 -96 -39 1
> 7538 9497 59 -151 -58 2
> 8203 3534 -23 49 60 1
! -29937 98483 200
! 102034 -28490 0
> 9136 6433 36 -110 113 0
> 8676 7346 32 -96 -39 1
> 7538 9497 59 -151 -58 2
> 8203 3534 -23 49 60 1
! 8068 8649 200
! 8703 4400 0
> 9094 6507 -35 62 113 0
> 8708 7250 27 -81 -21 1
> 7703 9176 140 -272 -58 2
> 8180 3583 -19 41 60 1
! -56511 81977 0
! 86422 -55682 0
> 9094 6507 -35 62 113 0
> 8708 7250 27 -81 -21 1
> 7703 9176 140 -272 -58 2
> 8180 3583 -19 41 60 1
! 7945 8206 200
! 8388 4561 200
> 9129 6436 48 -96 131 0
> 8665 7302 -55 80 -39 1
> 7891 8710 160 -396 -76 2
> 8161 3624 -16 34 78 1
! -29944 98486 200
! 86379 -55630 0
> 9129 6436 48 -96 131 0
> 8665 7302 -55 80 -39 1
> 7891 8710 160 -396 -76 2
> 8161 3624 -16 34 78 1
! 8421 7862 200
! 8369 4602 SHIELD
> 9099 6524 -25 74 113 0
> 8610 7382 -46 68 -39 1
> 8157 8144 226 -480 -58 2
> 8145 3658 -13 28 78 1
! -56506 81994 200
! 101968 -28454 SHIELD
> 9099 6524 -25 74 113 0
> 8610 7382 -46 68 -39 1
> 8157 8144 226 -480 -58 2
> 8145 3658 -13 28 78 1
! 8687 7296 SHIELD
! 8645 4524 0
> 9407 5913 466 -889 131 0
> 8789 7086 169 -277 -21 1
> 8112 8112 -76 35 -58 2
> 8132 3686 -11 23 60 1
! -76309 57416 0
! 108651 1852 0
> 9407 5913 466 -889 131 0
> 8789 7086 169 -277 -21 1
> 8112 8112 -76 35 -58 2
> 8132 3686 -11 23 60 1
! 8878 7469 200
! 8875 4355 200
> 9873 5024 396 -755 149 0
> 8958 6809 143 -235 -3 1
> 8036 8147 -64 29 -40 2
> 8121 3709 -9 19 42 1
! -87563 27519 200
! 102315 -29027 200
> 9873 5024 396 -755 149 0
> 8958 6809 143 -235 -3 1
> 8036 8147 -64 29 -40 2
> 8121 3709 -9 19 42 1
! 8566 7299 0
! 9035 4116 0
> 10074 4314 170 -603 167 0
> 9101 6574 121 -199 -21 1
> 7972 8176 -54 24 -58 2
> 8112 3728 -7 16 24 1
! -89545 -4401 BOOST
! 108963 1340 0
> 10074 4314 170 -603 167 0
> 9101 6574 121 -199 -21 1
> 7972 8176 -54 24 -58 2
> 8112 3728 -7 16 24 1
! 8502 7328 200
! 9107 3833 0
> 9596 3654 -405 -560 -175 0
> 9222 6375 102 -169 -3 1
> 7918 8200 -45 20 -58 2
> 8105 3744 -5 13 6 1
! -87840 26149 200
! 105814 32256 0
> 9596 3654 -405 -560 -175 0
> 9222 6375 102 -169 -3 1
> 7918 8200 -45 20 -58 2
> 8105 3744 -5 13 6 1
! 8448 7352 200
! 9083 3536 200
> 8996 3139 -509 -437 167 0
> 9324 6206 86 -143 15 1
> 7979 8050 51 -127 -58 2
> 8296 3715 162 -24 -12 1
! -76720 54642 0
! 93191 60669 0
> 8996 3139 -509 -437 167 0
> 9324 6206 86 -143 15 1
> 7979 8050 51 -127 -58 2
> 8296 3715 162 -24 -12 1
! 8509 7202 200
! 9162 3215 0
> 8487 2702 -432 -371 149 0
> 9410 6063 73 -121 33 1
> 8136 7753 133 -252 -58 2
> 8458 3691 137 -20 -30 1
! -57118 78173 0
! 106002 31944 0
> 8487 2702 -432 -371 149 0
> 9410 6063 73 -121 33 1
> 8136 7753 133 -252 -58 2
> 8458 3691 137 -20 -30 1
! 8902 7110 200
! 9127 2948 0
> 8055 2331 -367 -315 131 0
> 9483 5942 62 -102 15 1
> 8422 7372 243 -323 -40 2
> 8595 3671 116 -17 -48 1
! -31018 94381 0
! 93350 60405 0
> 8055 2331 -367 -315 131 0
> 9483 5942 62 -102 15 1
> 8422 7372 243 -323 -40 2
> 8595 3671 116 -17 -48 1
! 9188 6729 0
! 9002 2757 0
> 7688 2016 -311 -267 113 0
> 9545 5840 52 -86 33 1
> 8665 7049 206 -274 -40 2
> 8711 3654 98 -14 -66 1
! -1027 101635 0
! 93412 60303 0
> 7688 2016 -311 -267 113 0
> 9545 5840 52 -86 33 1
> 8665 7049 206 -274 -40 2
> 8711 3654 98 -14 -66 1
! 9431 6406 0
! 8816 2659 0
> 7377 1749 -264 -226 95 0
> 9597 5754 44 -73 33 1
> 8871 6775 175 -232 -40 2
> 8809 3640 83 -11 -84 1
! 29872 99186 200
! 106189 31635 0
> 7377 1749 -264 -226 95 0
> 9597 5754 44 -73 33 1
> 8871 6775 175 -232 -40 2
> 8809 3640 83 -11 -84 1
! 9637 6132 0
! 8601 2662 0
> 7158 1718 -186 -26 77 0
> 9641 5681 37 -62 15 1
> 9046 6543 148 -197 -40 2
> 8892 3629 70 -9 -102 1
! 58661 87434 200
! 93508 60144 0
> 7158 1718 -186 -26 77 0
> 9641 5681 37 -62 15 1
> 9046 6543 148 -197 -40 2
> 8892 3629 70 -9 -102 1
! 9812 5900 200
! 8392 2763 200
> 7075 1863 -70 123 59 0
> 9739 5519 191 -315 33 1
> 9286 6317 95 -13 -40 2
> 8862 3447 -25 -154 -120 1
! 29570 99300 200
! 72671 83233 0
> 7075 1863 -70 123 59 0
> 9739 5519 191 -315 33 1
> 9286 6317 95 -13 -40 2
> 8862 3447 -25 -154 -120 1
! 9816 5469 200
! 8119 2778 200
> 7050 2181 -21 270 77 0
> 9930 5204 162 -267 51 1
> 9487 6134 170 -155 -58 3
> 8688 3159 -147 -244 -138 1
! 58553 87897 0
! 93797 59667 0
> 7050 2181 -21 270 77 0
> 9930 5204 162 -267 51 1
> 9487 6134 170 -155 -58 3
> 8688 3159 -147 -244 -138 1
! 9729 5164 200
! 7774 2752 200
> 7029 2451 -17 229 59 0
> 10092 4937 137 -226 33 1
> 9705 5785 185 -296 -76 3
> 8358 2834 -280 -276 -156 1
! 82499 68056 0
! 106684 30818 0
> 7029 2451 -17 229 59 0
> 10092 4937 137 -226 33 1
> 9705 5785 185 -296 -76 3
> 8358 2834 -280 -276 -156 1
! 10235 4937 0
! 7363 2729 0
> 7012 2680 -14 194 41 0
> 10229 4711 116 -192 15 1
> 9890 5489 157 -251 -58 3
> 8078 2558 -238 -234 -174 1
! 99062 41753 0
! 94096 59174 0
> 7012 2680 -14 194 41 0
> 10229 4711 116 -192 15 1
> 9890 5489 157 -251 -58 3
> 8078 2558 -238 -234 -174 1
! 10420 4641 200
! 7083 2453 200
> 6998 2874 -11 164 23 0
> 10431 4317 187 -372 33 1
> 10067 5270 134 -147 -58 3
> 7641 2303 -371 -216 -174 1
! 99048 41947 200
! 73363 82031 0
> 6998 2874 -11 164 23 0
> 10431 4317 187 -372 33 1
> 10067 5270 134 -147 -58 3
> 7641 2303 -371 -216 -174 1
! 10309 4300 200
! 6663 2511 200
> 7171 3116 147 205 23 0
> 10618 3945 158 -316 51 1
> 10249 4929 155 -289 -76 3
> 7074 2129 -481 -148 -192 1
! 106790 11831 200
! 46454 97303 0
> 7171 3116 147 205 23 0
> 10618 3945 158 -316 51 1
> 10249 4929 155 -289 -76 3
> 7074 2129 -481 -148 -192 1
! 10179 3931 200
! 6208 2629 200
> 7517 3338 294 189 5 1
> 10776 3629 134 -268 69 1
> 10390 4440 119 -415 -94 3
> 6420 2081 -556 -40 -210 1
! 104954 -19157 200
! 16009 103491 0
> 7517 3338 294 189 5 1
> 10776 3629 134 -268 69 1
> 10390 4440 119 -415 -94 3
> 6420 2081 -556 -40 -210 1
! 10632 3470 0
! 5751 2824 200
> 8006 3482 415 122 -13 1
> 10928 3329 190 -360 87 1
> 10491 4057 25 -219 -76 3
> 5730 2190 -586 92 -228 1
! 93722 -48021 200
! -14953 99921 0
> 8006 3482 415 122 -13 1
> 10928 3329 190 -360 87 1
> 10491 4057 25 -219 -76 3
> 5730 2190 -586 92 -228 1
! 10421 3059 200
! 5323 3104 200
> 8592 3501 498 16 -31 1
> 11118 2969 161 -306 105 1
> 10502 3638 9 -355 -94 3
> 5063 2465 -567 233 -246 1
! 74197 -71970 200
! -43345 86836 0
> 8592 3501 498 16 -31 1
> 11118 2969 161 -306 105 1
> 10502 3638 9 -355 -94 3
> 5063 2465 -567 233 -246 1
! 10432 2640 200
! 4958 3460 200
> 9221 3366 534 -114 -49 1
> 11279 2663 136 -260 123 1
> 10497 3083 -4 -471 -94 3
> 4475 2897 -499 367 96 1
! 48294 -88684 200
! -66435 65595 0
> 9221 3366 534 -114 -49 1
> 11279 2663 136 -260 123 1
> 10497 3083 -4 -471 -94 3
> 4475 2897 -499 367 96 1
! 10739 2113 200
! 4683 3875 200
> 9833 3068 520 -253 -67 1
> 11415 2403 115 -221 141 1
> 10541 2418 37 -565 -76 3
> 4018 3460 -388 478 78 1
! 48905 -88982 200
! -66299 65335 200
> 9833 3068 520 -253 -67 1
> 11415 2403 115 -221 141 1
> 10541 2418 37 -565 -76 3
> 4018 3460 -388 478 78 1
! 11071 1570 0
! 4518 4326 0
> 10416 2670 457 -242 -67 1
> 11375 2308 -34 -80 141 1
> 10593 1814 81 -609 -58 3
> 3630 3938 -329 406 60 1
! 19131 -96949 SHIELD
! -81983 38144 0
> 10416 2670 457 -242 -67 1
> 11375 2308 -34 -80 141 1
> 10593 1814 81 -609 -58 3
> 3630 3938 -329 406 60 1
! 11359 1171 0
! 4373 4607 0
> 10824 2447 314 -176 -85 1
> 11834 2035 714 -358 159 1
> 10674 1205 68 -517 -40 3
> 3301 4344 -279 345 42 1
! -11671 -94989 0
! -88028 7268 0
> 10824 2447 314 -176 -85 1
> 11834 2035 714 -358 159 1
> 10674 1205 68 -517 -40 3
> 3301 4344 -279 345 42 1
! 11601 830 200
! 4044 5013 SHIELD
> 11138 2271 266 -149 -103 1
> 12548 1677 606 -304 177 1
> 10927 613 215 -503 -22 3
> 3022 4689 -237 293 42 1
! -40365 -83445 0
! -80810 37513 0
> 11138 2271 266 -149 -103 1
> 12548 1677 606 -304 177 1
> 10927 613 215 -503 -22 3
> 3022 4689 -237 293 42 1
! 11854 238 200
! 3936 5096 200
> 11404 2122 226 -126 -121 1
> 13154 1373 515 -258 159 1
> 11327 35 340 -491 -22 3
> 2785 4982 -201 249 24 1
! -64067 -63483 200
! -80204 37209 0
> 11404 2122 226 -126 -121 1
> 13154 1373 515 -258 159 1
> 11327 35 340 -491 -22 3
> 2785 4982 -201 249 24 1
! 12325 -35 200
! 3780 5087 200
> 11630 1996 192 -107 -139 1
> 13669 1115 437 -219 159 1
> 11867 -470 458 -429 -4 3
> 2584 5231 -170 211 6 1
! -80420 -37077 200
! -79689 36951 0
> 11630 1996 192 -107 -139 1
> 13669 1115 437 -219 159 1
> 11867 -470 458 -429 -4 3
> 2584 5231 -170 211 6 1
! 12837 -228 200
! 3562 5023 0
> 11638 1811 6 -157 -157 1
> 14106 896 371 -186 159 1
> 12519 -851 554 -323 14 3
> 2414 5442 -144 179 -12 1
! -87981 -6904 200
! -63608 63828 0
> 11638 1811 6 -157 -157 1
> 14106 896 371 -186 159 1
> 12519 -851 554 -323 14 3
> 2414 5442 -144 179 -12 1
! 13367 -321 200
! 3392 5234 0
> 11445 1637 -164 -148 -175 1
> 14477 710 315 -158 141 1
> 13243 -1068 615 -184 32 3
> 2270 5621 -122 152 -12 1
! -85991 24132 200
! -39986 84577 0
> 11445 1637 -164 -148 -175 1
> 14477 710 315 -158 141 1
> 13243 -1068 615 -184 32 3
> 2270 5621 -122 152 -12 1
! 13886 -302 0
! 3248 5413 0
> 11086 1534 -305 -87 -193 1
> 14792 552 267 -134 123 1
> 13858 -1252 522 -156 50 3
> 2148 5773 -103 129 -12 1
! -74630 53037 200
! -11089 97144 0
> 11086 1534 -305 -87 -193 1
> 14792 552 267 -134 123 1
> 13858 -1252 522 -156 50 3
> 2148 5773 -103 129 -12 1
! 14233 -325 200
! 3126 5565 0
> 10610 1550 -404 13 149 1
> 15059 418 226 -113 105 1
> 14455 -1223 507 24 68 3
> 2045 5902 -87 109 -12 1
! -75106 53053 200
! -39404 84285 200
> 10610 1550 -404 13 149 1
> 15059 418 226 -113 105 1
> 14455 -1223 507 24 68 3
> 2045 5902 -87 109 -12 1
! 14525 -225 0
! 2911 5402 0
> 10035 1666 -489 98 149 1
> 15176 473 99 46 123 1
> 14962 -1199 430 20 86 3
> 1958 6011 -73 92 -30 1
! -55570 77137 200
! -62538 63405 0
> 10035 1666 -489 98 149 1
> 15176 473 99 46 123 1
> 14962 -1199 430 20 86 3
> 1958 6011 -73 92 -30 1
! 14720 -229 200
! 2627 5268 0
> 9415 1915 -527 211 131 1
> 15275 519 84 39 141 1
> 15344 -985 324 181 104 3
> 1885 6103 -62 78 -48 1
! -56190 77385 200
! -78083 36355 0
> 9415 1915 -527 211 131 1
> 15275 519 84 39 141 1
> 15344 -985 324 181 104 3
> 1885 6103 -62 78 -48 1
! 14814 -137 200
! 2751 5603 0
> 8757 2277 -559 307 131 1
> 15359 558 71 33 159 1
> 15562 -634 185 298 122 3
> 1823 6181 -52 66 -30 1
! -76959 53780 200
! -84503 5791 SHIELD
> 8757 2277 -559 307 131 1
> 15359 558 71 33 159 1
> 15562 -634 185 298 122 3
> 1823 6181 -52 66 -30 1
! 15320 336 0
! 2801 5973 200
> 8027 2687 -620 348 149 1
> 15430 591 60 28 177 1
> 15747 -336 157 253 104 3
> 1967 6205 122 20 -12 1
! -77689 54190 200
! -81162 -25290 0
> 8027 2687 -620 348 149 1
> 15430 591 60 28 177 1
> 15747 -336 157 253 104 3
> 1967 6205 122 20 -12 1
! 15217 512 0
! 2833 5705 200
> 7236 3138 -672 383 149 1
> 15490 619 51 23 195 1
> 15904 -83 133 215 122 3
> 2262 6125 250 -68 -30 1
! -58369 78609 0
! -84372 5852 200
> 7236 3138 -672 383 149 1
> 15490 619 51 23 195 1
> 15904 -83 133 215 122 3
> 2262 6125 250 -68 -30 1
! 15138 560 0
! 3128 5625 200
> 6564 3521 -571 325 131 1
> 15457 776 -37 149 177 1
> 16121 -2 194 53 140 3
> 2685 5957 359 -142 -30 1
! -59041 78991 200
! -77901 36612 200
> 6564 3521 -571 325 131 1
> 15457 776 -37 149 177 1
> 16121 -2 194 53 140 3
> 2685 5957 359 -142 -30 1
! 15355 641 200
! 3551 5457 0
> 5862 3997 -596 404 131 1
> 15420 925 -31 126 159 1
> 16162 180 34 154 140 3
> 3044 5815 305 -120 -30 1
! -79854 55500 0
! -84442 6158 0
> 5862 3997 -596 404 131 1
> 15420 925 -31 126 159 1
> 16162 180 34 154 140 3
> 3044 5815 305 -120 -30 1
! 15396 823 200
! 3910 5315 0
> 5266 4401 -506 343 149 1
> 15389 1051 -26 107 177 1
> 16043 463 -101 240 140 3
> 3349 5695 259 -102 -30 1
! -60339 79872 0
! -81203 -24830 SHIELD
> 5266 4401 -506 343 149 1
> 15389 1051 -26 107 177 1
> 16043 463 -101 240 140 3
> 3349 5695 259 -102 -30 1
! 15277 1106 0
! 4215 5195 0
> 4760 4744 -430 291 131 1
> 15354 1165 -39 105 -165 1
> 16031 628 83 61 140 3
> 3608 5593 220 -86 -30 1
! -80956 56247 0
! -84508 6398 0
> 4760 4744 -430 291 131 1
> 15354 1165 -39 105 -165 1
> 16031 628 83 61 140 3
> 3608 5593 220 -86 -30 1
! 15501 1476 200
! 4474 5093 SHIELD
> 4482 4901 488 -505 149 1
> 15315 1270 -33 89 177 1
> 16008 859 -19 196 122 3
> 3813 5520 101 2 -30 1
! -61123 80372 200
! -81277 -24611 SHIELD
> 4482 4901 488 -505 149 1
> 15315 1270 -33 89 177 1
> 16008 859 -19 196 122 3
> 3813 5520 101 2 -30 1
! 15242 1502 200
! 4482 4777 0
> 4839 4547 303 -300 131 1
> 15245 1381 -59 94 -165 1
> 16202 968 172 88 140 3
> 3914 5522 85 1 -48 1
! -80877 56050 200
! -68622 -53082 0
> 4839 4547 303 -300 131 1
> 15245 1381 -59 94 -165 1
> 16202 968 172 88 140 3
> 3914 5522 85 1 -48 1
! 15275 1343 200
! 4321 4608 200
> 4971 4350 111 -167 149 1
> 15186 1475 -50 79 -147 1
> 16189 1131 -11 138 158 3
> 3999 5523 72 0 -66 1
! -60634 79821 200
! -47746 -76239 0
> 4971 4350 111 -167 149 1
> 15186 1475 -50 79 -147 1
> 16189 1131 -11 138 158 3
> 3999 5523 72 0 -66 1
! 15262 1506 200
! 4104 4528 0
> 4951 4334 -17 -13 131 1
> 15136 1554 -42 67 -129 1
> 15993 1344 -166 181 158 3
> 4071 5523 61 0 -84 1
! -34122 96384 0
! -68731 -52909 0
> 4951 4334 -17 -13 131 1
> 15136 1554 -42 67 -129 1
> 15993 1344 -166 181 158 3
> 4071 5523 61 0 -84 1
! 14995 1414 0
! 4176 4528 0
> 4934 4321 -14 -11 113 1
> 15013 1636 -195 86 -147 1
> 15908 1510 18 124 176 3
> 4132 5523 51 0 -84 1
! -3781 103940 0
! -81579 -24245 0
> 4934 4321 -14 -11 113 1
> 15013 1636 -195 86 -147 1
> 15908 1510 18 124 176 3
> 4132 5523 51 0 -84 1
! 14910 1580 200
! 4539 4609 0
> 4920 4310 -11 -9 95 1
> 14818 1722 -165 73 -165 1
> 15726 1648 -154 117 176 3
> 4183 5523 43 0 -66 1
! 27415 101747 0
! -85044 6955 0
> 4920 4310 -11 -9 95 1
> 14818 1722 -165 73 -165 1
> 15726 1648 -154 117 176 3
> 4183 5523 43 0 -66 1
! 14728 1718 0
! 4852 4780 0
> 4909 4301 -9 -7 77 1
> 14653 1795 -140 62 177 1
> 15572 1765 -130 99 176 3
> 4226 5523 36 0 -48 1
! 56412 90017 200
! -78705 37631 0
> 4909 4301 -9 -7 77 1
> 14653 1795 -140 62 177 1
> 15572 1765 -130 99 176 3
> 4226 5523 36 0 -48 1
! 14574 1835 200
! 5092 5023 0
> 5003 4465 79 139 59 1
> 14433 1857 -301 52 159 1
> 15322 1878 -97 96 176 3
> 4262 5523 30 0 -30 1
! 27498 101902 0
! -63281 64789 0
> 5003 4465 79 139 59 1
> 14433 1857 -301 52 159 1
> 15322 1878 -97 96 176 3
> 4262 5523 30 0 -30 1
! 14352 1636 200
! 5240 5315 0
> 5082 4604 67 118 77 1
> 14132 1909 -255 44 141 1
> 15031 1926 -247 40 194 3
> 4292 5523 25 0 -12 1
! -3633 104223 0
! -40331 85776 SHIELD
> 5082 4604 67 118 77 1
> 14132 1909 -255 44 141 1
> 15031 1926 -247 40 194 3
> 4292 5523 25 0 -12 1
! 14033 1996 0
! 5287 5628 0
> 5149 4722 56 100 95 1
> 13877 1953 -216 37 123 1
> 14784 1966 -209 34 176 3
> 4317 5523 21 0 6 1
! -33924 96772 0
! -63837 64885 SHIELD
> 5149 4722 56 100 95 1
> 13877 1953 -216 37 123 1
> 14784 1966 -209 34 176 3
> 4317 5523 21 0 6 1
! 13857 2341 200
! 5312 5628 0
> 5205 4822 47 85 113 1
> 13649 1989 -210 29 141 1
> 14511 2084 -68 111 158 3
> 4338 5523 17 0 6 1
! -60400 80292 SHIELD
! -64065 64921 0
> 5205 4822 47 85 113 1
> 13649 1989 -210 29 141 1
> 14511 2084 -68 111 158 3
> 4338 5523 17 0 6 1
! 13584 2459 200
! 5333 5628 0
> 5252 4907 39 72 131 1
> 13439 2018 -178 24 141 1
> 14258 2270 -215 158 158 0
> 4355 5523 14 0 6 1
! -80464 56410 0
! -64275 64950 SHIELD
> 5252 4907 39 72 131 1
> 13439 2018 -178 24 141 1
> 14258 2270 -215 158 158 0
> 4355 5523 14 0 6 1
! 13492 2913 200
! 5350 5628 0
> 5291 4979 33 61 149 1
> 13261 2042 -151 20 141 1
> 13890 2557 -312 243 140 0
> 4369 5523 11 0 6 1
! -80425 56482 0
! -41202 85909 200
> 5291 4979 33 61 149 1
> 13261 2042 -151 20 141 1
> 13890 2557 -312 243 140 0
> 4369 5523 11 0 6 1
! 12963 2932 200
! 5347 5315 0
> 5324 5040 28 51 149 1
> 13110 2062 -128 17 123 1
> 13393 2875 -422 270 158 0
> 4380 5523 9 0 -12 1
! -60281 80511 0
! -64604 64994 0
> 5324 5040 28 51 149 1
> 13110 2062 -128 17 123 1
> 13393 2875 -422 270 158 0
> 4380 5523 9 0 -12 1
! 12395 2945 200
! 5358 5315 0
> 5352 5091 23 43 131 1
> 12982 2079 -108 14 141 1
> 12771 3159 -528 241 176 0
> 4389 5523 7 0 -12 1
! -80364 56594 0
! -80376 37915 0
> 5352 5091 23 43 131 1
> 12982 2079 -108 14 141 1
> 12771 3159 -528 241 176 0
> 4389 5523 7 0 -12 1
! 11801 2917 200
! 5384 5628 0
> 5375 5134 19 36 149 1
> 12874 2093 -91 11 159 1
> 12049 3352 -613 163 194 0
> 4396 5523 5 0 6 1
! -92061 27629 200
! -80484 37929 200
> 5375 5134 19 36 149 1
> 12874 2093 -91 11 159 1
> 12049 3352 -613 163 194 0
> 4396 5523 5 0 6 1
! 11201 2822 200
! 5374 5315 200
> 5329 5160 159 -61 167 1
> 12596 2176 -236 70 159 1
> 11266 3409 -665 48 212 0
> 4466 5536 -138 94 -12 1
! -80387 56663 0
! -80762 38012 200
> 5329 5160 159 -61 167 1
> 12596 2176 -236 70 159 1
> 11266 3409 -665 48 212 0
> 4466 5536 -138 94 -12 1
! 10296 3167 200
! 5332 5036 0
> 5488 5099 135 -51 149 1
> 12173 2318 -359 120 159 1
> 10407 3409 -730 0 -166 0
> 4328 5630 -117 79 -30 1
! -80228 56602 200
! -65541 65250 200
> 5488 5099 135 -51 149 1
> 12173 2318 -359 120 159 1
> 10407 3409 -730 0 -166 0
> 4328 5630 -117 79 -30 1
! 9409 3479 0
! 5306 5422 0
> 5452 5151 -30 44 149 1
> 11659 2564 -437 208 141 1
> 9677 3409 -620 0 -184 0
> 4211 5709 -99 67 -12 1
! -91984 27646 200
! -81699 38400 200
> 5452 5151 -30 44 149 1
> 11659 2564 -437 208 141 1
> 9677 3409 -620 0 -184 0
> 4211 5709 -99 67 -12 1
! 8750 3784 200
! 5189 5501 0
> 5227 5240 -191 75 167 1
> 11035 2844 -530 237 159 1
> 8872 3484 -684 63 -202 0
> 4112 5776 -84 56 -12 1
! -80489 56743 200
! -82323 38680 200
> 5227 5240 -191 75 167 1
> 11035 2844 -530 237 159 1
> 8872 3484 -684 63 -202 0
> 4112 5776 -84 56 -12 1
! 8106 4127 200
! 4978 5276 0
> 4865 5418 -308 151 149 1
> 10318 3153 -609 262 159 1
> 8035 3676 -711 162 -220 1
> 4028 5832 -71 47 -30 1
! -92571 27913 SHIELD
! -83040 38989 200
> 4865 5418 -308 151 149 1
> 10318 3153 -609 262 159 1
> 8035 3676 -711 162 -220 1
> 4028 5832 -71 47 -30 1
! 7505 4524 200
! 4894 5332 200
> 4610 5543 -198 96 167 1
> 9522 3487 -676 283 159 1
> 7218 4008 -694 281 -238 1
> 3602 6040 -547 268 -30 1
! -81106 57046 200
! -90340 8720 200
> 4610 5543 -198 96 167 1
> 9522 3487 -676 283 159 1
> 7218 4008 -694 281 -238 1
> 3602 6040 -547 268 -30 1
! 6688 4856 200
! 4468 5540 200
> 4412 5639 -168 81 149 1
> 8646 3780 -744 249 177 1
> 6418 4459 -679 383 122 1
> 3228 6208 -317 142 -30 1
! -61193 81110 0
! -84712 39616 200
> 4412 5639 -168 81 149 1
> 8646 3780 -744 249 177 1
> 6418 4459 -679 383 122 1
> 3228 6208 -317 142 -30 1
! 5888 5307 SHIELD
! 4094 5708 200
> 4244 5720 -142 68 131 1
> 7715 4101 -791 272 159 1
> 5739 4842 -577 325 122 1
> 3084 6250 -122 35 -30 1
! -34829 97770 200
! -85643 39937 0
> 4244 5720 -142 68 131 1
> 7715 4101 -791 272 159 1
> 5739 4842 -577 325 122 1
> 3084 6250 -122 35 -30 1
! 5497 5812 0
! 4062 6042 200
> 4102 5788 -120 57 113 1
> 6924 4373 -672 231 159 1
> 5162 5167 -490 276 104 1
> 3158 6243 62 -5 -12 1
! -61503 81258 0
! -92938 9606 200
> 4102 5788 -120 57 113 1
> 6924 4373 -672 231 159 1
> 5162 5167 -490 276 104 1
> 3158 6243 62 -5 -12 1
! 4632 6015 0
! 4136 6035 0
> 3981 5846 -417 232 131 1
> 6052 4614 -740 205 177 1
> 4673 5442 -100 50 122 1
> 3220 6238 52 -4 -12 1
! -35092 97896 SHIELD
! -87306 40450 SHIELD
> 3981 5846 -417 232 131 1
> 6052 4614 -740 205 177 1
> 4673 5442 -100 50 122 1
> 3220 6238 52 -4 -12 1
! 3907 6085 0
! 4086 5738 0
> 3640 6039 -282 159 113 1
> 5312 4819 -629 174 159 1
> 4573 5492 -85 42 140 1
> 2514 6625 -676 368 -30 2
! -5075 105658 0
! -72402 67751 SHIELD
> 3640 6039 -282 159 113 1
> 5312 4819 -629 174 159 1
> 4573 5492 -85 42 140 1
> 2514 6625 -676 368 -30 2
! 3807 6135 200
! 3183 5882 200
> 3358 6198 -239 135 95 1
> 4688 4986 -516 119 141 1
> 4286 5737 -384 424 140 1
> 1972 6844 -460 186 -48 2
! 25853 103635 0
! -49775 88853 200
> 3358 6198 -239 135 95 1
> 4688 4986 -516 119 141 1
> 4286 5737 -384 424 140 1
> 1972 6844 -460 186 -48 2
! 3359 6112 200
! 2379 5930 200
> 2926 6402 -550 238 77 1
> 4172 5105 -438 101 123 1
> 3909 6167 -136 300 158 1
> 1593 6847 -321 2 -66 2
! 54429 92118 0
! -21709 101697 0
> 2926 6402 -550 238 77 1
> 4172 5105 -438 101 123 1
> 3909 6167 -136 300 158 1
> 1593 6847 -321 2 -66 2
! 2911 6237 200
! 2000 5933 200
> 2376 6640 -467 202 59 2
> 3734 5206 -372 85 105 1
> 3573 6481 -285 266 176 1
> 1353 6666 -203 -153 -66 2
! 77846 72245 200
! 8967 105068 0
> 2376 6640 -467 202 59 2
> 3734 5206 -372 85 105 1
> 3573 6481 -285 266 176 1
> 1353 6666 -203 -153 -66 2
! 2575 6551 200
! 1760 5752 200
> 2060 6973 -268 283 41 2
> 3362 5291 -316 72 87 1
> 3088 6761 -411 237 176 2
> 1231 6330 -103 -285 -66 2
! 94110 46046 200
! 39198 98649 0
> 2060 6973 -268 283 41 2
> 3362 5291 -316 72 87 1
> 3088 6761 -411 237 176 2
> 1231 6330 -103 -285 -66 2
! 2161 7136 200
! 1900 5587 200
> 1756 7402 -456 426 23 2
> 3046 5363 -268 61 69 1
> 2711 7005 -121 145 158 2
> 1262 5896 26 -368 -48 2
! 93806 46475 200
! 65978 83077 0
> 1756 7402 -456 426 23 2
> 3046 5363 -268 61 69 1
> 2711 7005 -121 145 158 2
> 1262 5896 26 -368 -48 2
! 1945 7648 0
! 2128 5396 200
> 1484 7906 -231 428 23 2
> 2778 5424 -227 51 51 1
> 2590 7150 -102 123 140 2
> 1461 5428 169 -397 -30 2
! 93534 46979 200
! 86645 59887 200
> 1484 7906 -231 428 23 2
> 2778 5424 -227 51 51 1
> 2590 7150 -102 123 140 2
> 1461 5428 169 -397 -30 2
! 2060 7998 0
! 2439 5220 200
> 1437 8412 -39 430 23 2
> 2719 5584 -50 135 33 1
> 2488 7273 -86 104 122 2
> 1826 4989 309 -372 -12 2
! 101056 17127 200
! 99311 31465 200
> 1437 8412 -39 430 23 2
> 2719 5584 -50 135 33 1
> 2488 7273 -86 104 122 2
> 1826 4989 309 -372 -12 2
! 2246 8243 0
! 2821 5094 200
> 1597 8859 136 380 5 2
> 2862 5771 121 158 15 1
> 2402 7377 -73 88 104 2
> 2334 4638 431 -298 6 2
! 99034 -13636 200
! 102724 537 200
> 1597 8859 136 380 5 2
> 2862 5771 121 158 15 1
> 2402 7377 -73 88 104 2
> 2334 4638 431 -298 6 2
! 2472 8375 0
! 3248 5045 200
> 1928 9194 281 284 -13 2
> 3183 5919 272 125 -3 1
> 2329 7465 -62 74 86 2
> 2948 4421 521 -184 24 2
! 87644 -42309 200
! 96540 -29917 200
> 1928 9194 281 284 -13 2
> 3183 5919 272 125 -3 1
> 2329 7465 -62 74 86 2
> 2948 4421 521 -184 24 2
! 2704 8392 0
! 3691 5090 200
> 2380 9375 384 153 -31 2
> 3642 5972 389 45 -21 1
> 2267 7539 -52 62 68 2
> 3618 4371 569 -42 42 2
! 88096 -42128 200
! 97000 -29864 0
> 2380 9375 384 153 -31 2
> 3642 5972 389 45 -21 1
> 2267 7539 -52 62 68 2
> 3618 4371 569 -42 42 2
! 2910 8305 0
! 4118 5237 0
> 2935 9425 472 42 -31 2
> 4031 6017 330 38 -21 1
> 2215 7601 -44 52 50 2
> 4187 4329 483 -35 60 2
! 88651 -42078 200
! 81745 -56915 200
> 2935 9425 472 42 -31 2
> 4031 6017 330 38 -21 1
> 2215 7601 -44 52 50 2
> 4187 4329 483 -35 60 2
! 3063 8131 0
! 4687 5195 200
> 3578 9364 546 -51 -31 2
> 4516 5929 412 -74 -39 1
> 2171 7653 -37 44 32 2
> 4770 4467 495 117 60 2
! 69183 -66107 200
! 82230 -57003 200
> 3578 9364 546 -51 -31 2
> 4516 5929 412 -74 -39 1
> 2171 7653 -37 44 32 2
> 4770 4467 495 117 60 2
! 3141 7895 200
! 5270 5333 200
> 4255 9162 575 -171 -49 2
> 5083 5729 482 -169 -39 1
> 2328 7745 133 78 14 2
> 5365 4757 505 246 60 2
! 89971 -42341 200
! 98441 -30107 SHIELD
> 4255 9162 575 -171 -49 2
> 5083 5729 482 -169 -39 1
> 2328 7745 133 78 14 2
> 5365 4757 505 246 60 2
! 3326 7675 200
! 5865 5623 0
> 5001 8888 634 -232 -31 2
> 5554 5589 388 -89 -21 1
> 2661 7809 282 54 -4 2
> 5984 4716 644 -333 60 2
! 70606 -66583 200
! 98912 -30247 0
> 5001 8888 634 -232 -31 2
> 5554 5589 388 -89 -21 1
> 2661 7809 282 54 -4 2
> 5984 4716 644 -333 60 2
! 3588 7434 200
! 6192 5694 200
> 5766 8505 650 -325 -49 2
> 5942 5500 329 -75 -21 1
> 3128 7788 397 -17 -22 2
> 6670 4579 582 -116 78 2
! 71371 -66966 200
! 99300 -30336 0
> 5766 8505 650 -325 -49 2
> 5942 5500 329 -75 -21 1
> 3128 7788 397 -17 -22 2
> 6670 4579 582 -116 78 2
! 4055 7413 200
! 6878 5557 200
> 6547 8029 664 -404 -49 2
> 6271 5425 279 -63 -21 1
> 3710 7696 495 -78 -22 2
> 7294 4659 530 67 78 2
! 45620 -84021 200
! 106133 191 0
> 6547 8029 664 -404 -49 2
> 6271 5425 279 -63 -21 1
> 3710 7696 495 -78 -22 2
> 7294 4659 530 67 78 2
! 4637 7321 200
! 7502 5637 200
> 7289 7441 630 -499 -67 2
> 6550 5362 237 -53 -3 1
> 4390 7543 578 -130 -22 2
> 7866 4922 485 223 78 2
! 46361 -84609 0
! 103142 31243 200
> 7289 7441 630 -499 -67 2
> 6550 5362 237 -53 -3 1
> 4390 7543 578 -130 -22 2
> 7866 4922 485 223 78 2
! 5317 7168 200
! 7761 5917 200
> 7919 6942 535 -424 -67 2
> 6980 5361 365 -1 15 1
> 5153 7338 648 -174 -22 2
> 8330 5344 394 358 96 2
! 16634 -92677 200
! 90847 59824 0
> 7919 6942 535 -424 -67 2
> 6980 5361 365 -1 15 1
> 5153 7338 648 -174 -22 2
> 8330 5344 394 358 96 2
! 6080 6963 200
! 8225 6339 SHIELD
> 8388 6548 -47 887 -85 2
> 7345 5360 310 0 33 1
> 5986 7089 708 -211 -22 2
> 8732 5679 386 162 96 2
! 17103 -93071 200
! 70277 83074 200
> 8388 6548 -47 887 -85 2
> 7345 5360 310 0 33 1
> 5986 7089 708 -211 -22 2
> 8732 5679 386 162 96 2
! 6913 6714 200
! 8325 6593 0
> 8358 7236 -25 584 -85 2
> 7781 5515 370 132 51 1
> 6879 6803 759 -243 -22 2
> 9118 5841 328 137 114 2
! 17073 -92383 200
! 43617 98873 0
> 8358 7236 -25 584 -85 2
> 7781 5515 370 132 51 1
> 6879 6803 759 -243 -22 2
> 9118 5841 328 137 114 2
! 7806 6428 200
! 8449 6584 200
> 8350 7621 -6 327 -85 2
> 8151 5647 314 112 69 1
> 7823 6485 802 -270 -22 2
> 9446 5978 278 116 132 2
! 17065 -91998 200
! 71083 83361 SHIELD
> 8350 7621 -6 327 -85 2
> 8151 5647 314 112 69 1
> 7823 6485 802 -270 -22 2
> 9446 5978 278 116 132 2
! 8750 6110 SHIELD
! 8580 6478 0
> 8361 7749 9 108 -85 2
> 8585 5366 393 -317 51 1
> 8505 6608 555 183 -22 2
> 9724 6094 236 98 150 3
! -14134 -89687 200
! 44421 98724 0
> 8361 7749 9 108 -85 2
> 8585 5366 393 -317 51 1
> 8505 6608 555 183 -22 2
> 9724 6094 236 98 150 3
! 9271 5965 200
! 8746 6302 0
> 8325 7662 -30 -73 -103 2
> 8978 5049 334 -269 69 1
> 9060 6791 471 155 -40 2
> 9960 6192 200 83 168 3
! 17040 -91957 0
! 14211 104911 0
> 8325 7662 -30 -73 -103 2
> 8978 5049 334 -269 69 1
> 9060 6791 471 155 -40 2
> 9960 6192 200 83 168 3
! 9590 5943 0
! 8965 6087 0
> 8295 7589 -25 -62 -85 2
> 9312 4780 283 -228 87 1
> 9531 6946 400 131 -58 2
> 10160 6275 170 70 186 3
! 47368 -84461 0
! -16569 101372 0
> 8295 7589 -25 -62 -85 2
> 9312 4780 283 -228 87 1
> 9531 6946 400 131 -58 2
> 10160 6275 170 70 186 3
! 9773 5976 200
! 9165 6170 200
> 8270 7527 -21 -52 -67 2
> 9595 4552 240 -193 105 1
> 9909 7125 279 244 -76 2
> 10153 6276 36 -91 -174 3
! 73875 -67944 200
! 14828 104414 BOOST
> 8270 7527 -21 -52 -67 2
> 9595 4552 240 -193 105 1
> 9909 7125 279 244 -76 2
> 10153 6276 36 -91 -174 3
! 9839 6127 200
! 9175 6484 0
> 8380 7324 93 -172 -49 2
> 9869 5008 232 387 87 1
> 10174 7169 225 37 -94 2
> 10189 6185 30 -77 -192 3
! 94096 -44179 0
! 15102 104870 200
> 8380 7324 93 -172 -49 2
> 9869 5008 232 387 87 1
> 10174 7169 225 37 -94 2
> 10189 6185 30 -77 -192 3
! 10416 6199 200
! 9211 6393 200
> 8473 7152 79 -146 -31 2
> 10089 5341 156 -56 87 1
> 10481 7082 428 275 -76 2
> 10012 6333 -287 115 168 3
! 105909 -15343 200
! 45925 98699 200
> 8473 7152 79 -146 -31 2
> 10089 5341 156 -56 87 1
> 10481 7082 428 275 -76 2
> 10012 6333 -287 115 168 3
! 11011 6234 200
! 9034 6541 0
> 8747 6961 232 -162 -13 2
> 10317 5472 193 111 69 1
> 11015 7187 453 89 -58 2
> 9725 6448 -243 97 168 3
! 94463 -44542 0
! 73249 83186 SHIELD
> 8747 6961 232 -162 -13 2
> 10317 5472 193 111 69 1
> 11015 7187 453 89 -58 2
> 9725 6448 -243 97 168 3
! 11257 6217 200
! 8747 6656 200
> 8605 7007 -347 164 -31 2
> 10510 5583 164 94 51 1
> 11516 7082 426 -89 -76 2
> 9661 6379 171 -184 168 3
! 94321 -44496 200
! 94377 60046 0
> 8605 7007 -347 164 -31 2
> 10510 5583 164 94 51 1
> 11516 7082 426 -89 -76 2
> 9661 6379 171 -184 168 3
! 11446 6084 200
! 8795 6879 0
> 8429 7068 -149 51 -31 2
> 10674 5677 139 79 33 1
> 11928 6793 350 -245 -94 2
> 9832 6195 145 -156 150 3
! 94145 -44435 200
! 107266 31558 0
> 8429 7068 -149 51 -31 2
> 10674 5677 139 79 33 1
> 11928 6793 350 -245 -94 2
> 9832 6195 145 -156 150 3
! 11553 5866 200
! 8966 6695 200
> 8451 7016 19 -44 -31 2
> 10813 5756 118 67 15 1
> 12203 6363 233 -365 -112 2
> 9804 6139 -23 -47 150 3
! 94167 -44487 200
! 110675 522 0
> 8451 7016 19 -44 -31 2
> 10813 5756 118 67 15 1
> 12203 6363 233 -365 -112 2
> 9804 6139 -23 -47 150 3
! 11560 5597 200
! 8938 6639 200
> 8641 6869 161 -124 -31 2
> 10931 5823 100 56 -3 1
> 12307 5845 88 -440 -130 2
> 9608 6192 -166 45 150 3
! 74246 -68602 SHIELD
! 104288 -30013 0
> 8641 6869 161 -124 -31 2
> 10931 5823 100 56 -3 1
> 12307 5845 88 -440 -130 2
> 9608 6192 -166 45 150 3
! 11459 5315 0
! 8939 6935 200
> 8775 6764 66 -55 -49 2
> 11031 5879 85 47 -21 1
> 12395 5405 74 -374 -148 2
> 9574 6198 451 -333 132 3
! 74380 -68707 0
! 88745 -57053 0
> 8775 6764 66 -55 -49 2
> 11031 5879 85 47 -21 1
> 12395 5405 74 -374 -148 2
> 9574 6198 451 -333 132 3
! 11425 5163 200
! 8708 6698 200
> 8841 6709 56 -46 -49 2
> 11116 5926 72 39 -39 1
> 12275 4983 -102 -359 -166 2
> 9852 5965 236 -198 150 3
! 74446 -68762 0
! 65579 -77941 0
> 8841 6709 56 -46 -49 2
> 11116 5926 72 39 -39 1
> 12275 4983 -102 -359 -166 2
> 9852 5965 236 -198 150 3
! 11277 5053 200
! 8986 6465 200
> 8897 6663 47 -39 -49 2
> 11188 5965 61 33 -57 1
> 11973 4638 -256 -293 -184 2
> 9915 5867 53 -83 150 3
! 94613 -44840 0
! 37069 -90627 0
> 8897 6663 47 -39 -49 2
> 11188 5965 61 33 -57 1
> 11973 4638 -256 -293 -184 2
> 9915 5867 53 -83 150 3
! 11046 5013 200
! 9246 6610 200
> 8944 6624 39 -33 -31 2
> 11249 5998 51 28 -75 1
> 11532 4420 -375 -185 -202 2
> 9834 5933 -68 55 132 3
! 74549 -68847 200
! 6015 -93864 0
> 8944 6624 39 -33 -31 2
> 11249 5998 51 28 -75 1
> 11532 4420 -375 -185 -202 2
> 9834 5933 -68 55 132 3
! 10766 5063 0
! 9165 6676 200
> 8948 6554 -224 96 -49 2
> 11300 6026 43 23 -93 1
> 11157 4235 -318 -157 -220 2
> 9798 6023 197 -79 132 3
! 48021 -85496 200
! -24536 -87332 0
> 8948 6554 -224 96 -49 2
> 11300 6026 43 23 -93 1
> 11157 4235 -318 -157 -220 2
> 9798 6023 197 -79 132 3
! 10627 5083 200
! 8932 6523 200
> 8802 6466 -123 -74 -67 2
> 11343 6049 36 19 -111 1
> 10733 4248 -360 10 -238 2
> 9822 6044 20 17 150 3
! 74407 -69005 200
! -51589 -71665 200
> 8802 6466 -123 -74 -67 2
> 11343 6049 36 19 -111 1
> 10733 4248 -360 10 -238 2
> 9822 6044 20 17 150 3
! 10491 5218 200
! 8844 6252 0
> 8810 6241 6 -191 -49 2
> 11253 5913 -76 -115 -129 1
> 10325 4452 -347 173 104 2
> 9842 6061 17 14 168 3
! 94526 -45262 0
! -72614 -48550 200
> 8810 6241 6 -191 -49 2
> 11253 5913 -76 -115 -129 1
> 10325 4452 -347 173 104 2
> 9842 6061 17 14 168 3
! 10395 5450 200
! 8847 5956 0
> 8816 6050 5 -162 -31 2
> 11009 5689 -207 -190 -147 1
> 9992 4825 -283 316 86 2
> 9859 6075 14 11 186 3
! 106252 -16445 200
! -85583 -20192 200
> 8816 6050 5 -162 -31 2
> 11009 5689 -207 -190 -147 1
> 9992 4825 -283 316 86 2
> 9859 6075 14 11 186 3
! 10367 5752 0
! 8881 6283 0
> 9016 5843 169 -175 -13 2
> 10609 5447 -340 -205 -165 1
> 9709 5141 -240 268 68 2
> 9873 6086 11 9 168 3
! 108635 14558 SHIELD
! -85983 -20434 SHIELD
> 9016 5843 169 -175 -13 2
> 10609 5447 -340 -205 -165 1
> 9709 5141 -240 268 68 2
> 9873 6086 11 9 168 3
! 10352 5907 200
! 8895 6294 0
> 9079 5762 6 -26 5 2
> 10391 5260 -130 -150 -165 1
> 9435 4435 -308 -1096 50 2
> 9884 6095 9 7 168 3
! 108698 14477 SHIELD
! -89471 10493 200
> 9079 5762 6 -26 5 2
> 10391 5260 -130 -150 -165 1
> 9435 4435 -308 -1096 50 2
> 9884 6095 9 7 168 3
! 10078 5201 200
! 8889 5990 0
> 9085 5736 5 -22 5 2
> 10261 5110 -110 -127 177 1
> 9256 3492 -152 -801 50 2
> 9893 6102 7 5 186 3
! 108704 14451 SHIELD
! -83097 40946 0
> 9085 5736 5 -22 5 2
> 10261 5110 -110 -127 177 1
> 9256 3492 -152 -801 50 2
> 9893 6102 7 5 186 3
! 9899 4258 200
! 8979 5695 200
> 9074 5706 -21 -30 5 2
> 10151 4983 -93 -107 159 1
> 9233 2844 -19 -550 50 2
> 9881 6103 111 57 204 3
! 106511 -16789 0
! -67563 67915 0
> 9074 5706 -21 -30 5 2
> 10151 4983 -93 -107 159 1
> 9233 2844 -19 -550 50 2
> 9881 6103 111 57 204 3
! 9608 3771 200
! 8967 5696 200
> 9053 5676 -17 -25 -13 2
> 10058 4876 -79 -90 141 1
> 9289 2479 47 -309 68 2
> 9809 6079 -60 -20 -156 3
! 108672 14391 200
! -44405 88743 200
> 9053 5676 -17 -25 -13 2
> 10058 4876 -79 -90 141 1
> 9289 2479 47 -309 68 2
> 9809 6079 -60 -20 -156 3
! 9664 3406 200
! 9066 5410 0
> 9036 5651 -14 -21 5 2
> 9870 4954 -159 66 123 1
> 9411 2355 103 -105 68 2
> 9749 6059 -51 -17 -138 3
! 106473 -16844 200
! -16011 101546 0
> 9036 5651 -14 -21 5 2
> 9870 4954 -159 66 123 1
> 9411 2355 103 -105 68 2
> 9749 6059 -51 -17 -138 3
! 9481 3353 200
! 9249 5193 200
> 8849 5534 -175 -109 -13 2
> 9711 5020 -135 56 105 1
> 9528 2450 99 80 86 2
> 9771 5965 35 -70 -120 3
! 108468 14249 200
! 14944 104882 200
> 8849 5534 -175 -109 -13 2
> 9711 5020 -135 56 105 1
> 9528 2450 99 80 86 2
> 9771 5965 35 -70 -120 3
! 9598 3448 200
! 9028 5296 0
> 8830 5462 -151 0 5 2
> 9603 5106 23 -106 87 1
> 9641 2730 96 237 86 2
> 9832 6045 72 186 -138 3
! 100880 44535 200
! 14836 104968 0
> 8830 5462 -151 0 5 2
> 9603 5106 23 -106 87 1
> 9641 2730 96 237 86 2
> 9832 6045 72 186 -138 3
! 9399 3700 200
! 9089 5376 200
> 8863 5540 28 66 23 2
> 9626 5000 19 -90 87 1
> 9689 3161 40 366 104 2
> 9755 6097 -65 44 -138 3
! 84333 71145 200
! 45462 98358 0
> 8863 5540 28 66 23 2
> 9626 5000 19 -90 87 1
> 9689 3161 40 366 104 2
> 9755 6097 -65 44 -138 3
! 9447 4131 200
! 8841 5690 200
> 8846 5610 -194 -57 41 2
> 9645 4910 16 -76 69 1
> 9681 3721 -7 476 104 2
> 9704 6187 135 192 -156 3
! 100896 44683 200
! 14878 104772 SHIELD
> 8846 5610 -194 -57 41 2
> 9645 4910 16 -76 69 1
> 9681 3721 -7 476 104 2
> 9704 6187 135 192 -156 3
! 9439 4691 0
! 8790 5780 200
> 8836 5631 -8 17 23 2
> 9660 4864 11 20 87 1
> 9681 3901 15 -448 104 2
> 9656 6298 -40 94 -156 3
! 108455 14346 200
! -16221 101456 0
> 8836 5631 -8 17 23 2
> 9660 4864 11 20 87 1
> 9681 3901 15 -448 104 2
> 9656 6298 -40 94 -156 3
! 9751 4899 200
! 8913 5629 200
> 8986 5617 -4 -166 5 2
> 9671 4884 9 17 105 1
> 9710 3653 24 -211 86 2
> 9509 6306 7 162 -138 3
! 101036 44690 200
! -44792 88751 SHIELD
> 8986 5617 -4 -166 5 2
> 9671 4884 9 17 105 1
> 9710 3653 24 -211 86 2
> 9509 6306 7 162 -138 3
! 10085 4580 200
! 9009 5440 200
> 9166 5529 153 -74 23 2
> 9680 4901 7 14 123 1
> 9809 3627 84 -21 68 2
> 9416 6295 -79 -9 -120 3
! 101216 44602 200
! -16201 101493 0
> 9166 5529 153 -74 23 2
> 9680 4901 7 14 123 1
> 9809 3627 84 -21 68 2
> 9416 6295 -79 -9 -120 3
! 10452 4393 200
! 8916 5429 200
> 9162 5519 -12 -3 23 2
> 9929 4616 219 -251 105 1
> 10022 3759 180 112 50 2
> 9336 6425 -66 115 -120 3
! 108781 14234 200
! -44534 88483 0
> 9162 5519 -12 -3 23 2
> 9929 4616 219 -251 105 1
> 10022 3759 180 112 50 2
> 9336 6425 -66 115 -120 3
! 10665 4525 SHIELD
! 9128 5447 200
> 9349 5533 159 12 5 2
> 10089 4913 125 347 123 1
> 10208 3816 159 39 50 2
> 9228 6344 -91 -68 -102 3
! 101399 44606 200
! -67625 67845 200
> 9349 5533 159 12 5 2
> 10089 4913 125 347 123 1
> 10208 3816 159 39 50 2
> 9228 6344 -91 -68 -102 3
! 10583 4743 0
! 9020 5366 SHIELD
> 9609 5560 130 -26 23 2
> 10390 5126 433 46 141 1
> 10367 3855 135 33 68 2
> 9128 6296 -93 -22 -102 3
! 109228 14275 0
! -82968 40962 200
> 9609 5560 130 -26 23 2
> 10390 5126 433 46 141 1
> 10367 3855 135 33 68 2
> 9128 6296 -93 -22 -102 3
! 10742 4782 0
! 8628 5430 0
> 9739 5534 110 -22 5 3
> 10636 5244 209 100 159 1
> 10502 3888 114 28 68 2
> 9035 6274 -79 -18 -120 3
! 107176 -16961 200
! -82722 41080 0
> 9739 5534 110 -22 5 3
> 10636 5244 209 100 159 1
> 10502 3888 114 28 68 2
> 9035 6274 -79 -18 -120 3
! 10572 4886 0
! 8535 5408 SHIELD
> 10044 5467 259 -56 -13 3
> 10845 5344 177 85 159 1
> 10616 3916 96 23 86 2
> 8956 6256 -67 -15 -120 3
! 95760 -46036 200
! -89017 10577 0
> 10044 5467 259 -56 -13 3
> 10845 5344 177 85 159 1
> 10616 3916 96 23 86 2
> 8956 6256 -67 -15 -120 3
! 10374 4886 0
! 8456 5390 SHIELD
> 10202 5347 125 -100 -31 3
> 11294 5390 390 37 177 1
> 10712 3939 81 19 104 2
> 8889 6241 -56 -12 -120 3
! 75807 -70124 200
! -85298 -20491 200
> 10202 5347 125 -100 -31 3
> 11294 5390 390 37 177 1
> 10712 3939 81 19 104 2
> 8889 6241 -56 -12 -120 3
! 10782 4937 0
! 8146 5572 0
> 10458 5096 217 -213 -49 3
> 11491 5375 167 -12 -165 1
> 10793 3958 68 16 86 2
> 8833 6229 -47 -10 -138 3
! 96174 -46407 200
! -85101 -20506 200
> 10458 5096 217 -213 -49 3
> 11491 5375 167 -12 -165 1
> 10793 3958 68 16 86 2
> 8833 6229 -47 -10 -138 3
! 11168 4885 200
! 7919 5822 0
> 10764 4924 -66 23 -31 3
> 11510 5338 276 117 -165 1
> 10972 3989 219 -292 68 2
> 8786 6219 -39 -8 -156 3
! 96480 -46579 200
! -72357 -49125 200
> 10764 4924 -66 23 -31 3
> 11510 5338 276 117 -165 1
> 10972 3989 219 -292 68 2
> 8786 6219 -39 -8 -156 3
! 11347 4916 200
! 7872 5812 SHIELD
> 10869 4844 89 -68 -31 3
> 11618 5346 92 6 -147 1
> 11266 3882 249 -90 68 2
> 8747 6211 -33 -6 -156 3
! 76474 -70627 200
! -72249 -49117 SHIELD
> 10869 4844 89 -68 -31 3
> 11618 5346 92 6 -147 1
> 11266 3882 249 -90 68 2
> 8747 6211 -33 -6 -156 3
! 11641 4809 200
! 7833 5804 200
> 11089 4625 187 -186 -49 3
> 11710 5352 78 5 -147 1
> 11590 3977 275 81 68 2
> 8714 6205 -28 -5 -156 3
! 76694 -70846 200
! -72157 -49111 0
> 11089 4625 187 -186 -49 3
> 11710 5352 78 5 -147 1
> 11590 3977 275 81 68 2
> 8714 6205 -28 -5 -156 3
! 11660 4975 0
! 7719 6100 0
> 11199 4550 83 -51 -49 3
> 11788 5357 66 4 -147 1
> 12074 3796 421 -166 86 2
> 8686 6200 -23 -4 -174 3
! 76804 -70921 200
! -84804 -20524 0
> 11199 4550 83 -51 -49 3
> 11788 5357 66 4 -147 1
> 12074 3796 421 -166 86 2
> 8686 6200 -23 -4 -174 3
! 11832 4766 200
! 7772 5793 0
> 11413 4348 182 -171 -49 3
> 11854 5361 56 3 -165 1
> 12447 3824 316 23 104 2
> 8663 6196 -19 -3 -156 3
! 77018 -71123 200
! -88008 10594 0
> 11413 4348 182 -171 -49 3
> 11854 5361 56 3 -165 1
> 12447 3824 316 23 104 2
> 8663 6196 -19 -3 -156 3
! 11917 4672 200
! 7749 5789 0
> 11726 4026 266 -273 -49 3
> 11910 5364 47 2 177 1
> 12657 4017 178 163 122 2
> 8644 6193 -16 -2 -156 3
! 77331 -71445 200
! -84682 -20517 0
> 11726 4026 266 -273 -49 3
> 11910 5364 47 2 177 1
> 12657 4017 178 163 122 2
> 8644 6193 -16 -2 -156 3
! 11891 4660 0
! 7901 5524 0
> 12123 3602 337 -360 -49 3
> 11957 5366 39 1 -165 1
> 12835 4180 151 138 140 2
> 8628 6191 -13 -1 -138 3
! 77728 -71869 200
! -84635 -20515 0
> 12123 3602 337 -360 -49 3
> 11957 5366 39 1 -165 1
> 12835 4180 151 138 140 2
> 8628 6191 -13 -1 -138 3
! 12069 4823 0
! 7885 5522 0
> 12591 3091 397 -434 -49 3
> 11996 5367 33 0 -165 1
> 12986 4318 128 117 140 2
> 8615 6190 -11 0 -138 3
! 51664 -88959 200
! -87866 10600 0
> 12591 3091 397 -434 -49 3
> 11996 5367 33 0 -165 1
> 12986 4318 128 117 140 2
> 8615 6190 -11 0 -138 3
! 12220 4961 200
! 7872 5521 200
> 13066 2473 403 -525 -67 3
> 12029 5367 28 0 177 1
> 12961 4564 -21 208 140 2
> 8455 6056 -135 -113 -138 3
! 21781 -97146 0
! -84563 -20514 0
> 13066 2473 403 -525 -67 3
> 12029 5367 28 0 177 1
> 12961 4564 -21 208 140 2
> 8455 6056 -135 -113 -138 3
! 12195 5207 200
! 7712 5387 SHIELD
> 13469 1948 342 -446 -85 0
> 12057 5367 23 0 -165 1
> 12787 4901 -148 286 140 2
> 8320 5943 -114 -96 -138 3
! -9026 -95488 0
! -71810 -49096 SHIELD
> 13469 1948 342 -446 -85 0
> 12057 5367 23 0 -165 1
> 12787 4901 -148 286 140 2
> 8320 5943 -114 -96 -138 3
! 12021 5544 SHIELD
! 7577 5274 SHIELD
> 13811 1502 290 -379 -103 0
> 11884 5481 -194 124 -147 1
> 12835 5073 88 118 140 2
> 8206 5847 -96 -81 -138 3
! -37692 -84214 0
! -51048 -72233 0
> 13811 1502 290 -379 -103 0
> 11884 5481 -194 124 -147 1
> 12835 5073 88 118 140 2
> 8206 5847 -96 -81 -138 3
! 11908 5448 0
! 7463 5178 SHIELD
> 14101 1123 246 -322 -121 0
> 11690 5605 -164 105 -129 1
> 12923 5191 74 100 158 2
> 8110 5766 -81 -68 -138 3
! -61370 -64482 0
! -24146 -87753 0
> 14101 1123 246 -322 -121 0
> 11690 5605 -164 105 -129 1
> 12923 5191 74 100 158 2
> 8110 5766 -81 -68 -138 3
! 11996 5566 0
! 7367 5097 SHIELD
> 14347 801 209 -273 -139 0
> 11526 5710 -139 89 -111 1
> 12997 5291 62 85 158 2
> 8029 5698 -68 -57 -138 3
! -77703 -38272 0
! -24310 -87648 0
> 14347 801 209 -273 -139 0
> 11526 5710 -139 89 -111 1
> 12997 5291 62 85 158 2
> 8029 5698 -68 -57 -138 3
! 12231 5934 200
! 7286 5029 SHIELD
> 14556 528 177 -232 -157 0
> 11387 5799 -118 75 -111 1
> 13059 5376 52 72 140 2
> 7961 5641 -57 -48 -138 3
! -85063 -8187 200
! 6153 -94063 0
> 14556 528 177 -232 -157 0
> 11387 5799 -118 75 -111 1
> 13059 5376 52 72 140 2
> 7961 5641 -57 -48 -138 3
! 12293 6019 200
! 7461 4775 200
> 14534 279 -18 -212 -175 0
> 11269 5874 -100 63 -93 1
> 12958 5577 -86 170 140 2
> 7904 5593 -48 -40 -120 3
! -82902 22774 200
! 37150 -90718 0
> 14534 279 -18 -212 -175 0
> 11269 5874 -100 63 -93 1
> 12958 5577 -86 170 140 2
> 7904 5593 -48 -40 -120 3
! 12031 5952 200
! 7696 4615 0
> 14321 112 -180 -141 -193 0
> 11169 5937 -85 53 -75 1
> 12687 5822 -230 208 158 2
> 7856 5553 -40 -34 -102 3
! -71395 51615 200
! 65632 -77930 0
> 14321 112 -180 -141 -193 0
> 11169 5937 -85 53 -75 1
> 12687 5822 -230 208 158 2
> 7856 5553 -40 -34 -102 3
! 11689 5892 200
! 7961 4558 200
> 13970 74 -298 -32 149 0
> 11084 5990 -72 45 -57 1
> 12257 6044 -365 188 176 2
> 7816 5519 -34 -28 -84 3
! -51635 75545 200
! 88798 -56942 0
> 13970 74 -298 -32 149 0
> 11084 5990 -72 45 -57 1
> 12257 6044 -365 188 176 2
> 7816 5519 -34 -28 -84 3
! 11259 6114 200
! 8223 4605 200
> 13541 193 -364 101 131 0
> 10925 6015 -429 -46 -39 1
> 11780 6266 -111 256 176 2
> 7863 5308 40 -179 -66 3
! -25532 92243 200
! 104283 -29821 0
> 13541 193 -364 101 131 0
> 10925 6015 -429 -46 -39 1
> 11780 6266 -111 256 176 2
> 7863 5308 40 -179 -66 3
! 10810 6024 200
! 8532 4565 0
> 13099 478 -375 242 113 0
> 10496 5969 -364 -39 -21 1
> 11475 6474 -259 176 194 2
> 7903 5129 34 -152 -48 3
! 4383 100097 200
! 110358 735 200
> 13099 478 -375 242 113 0
> 10496 5969 -364 -39 -21 1
> 11475 6474 -259 176 194 2
> 7903 5129 34 -152 -48 3
! 10627 5944 200
! 8572 4386 200
> 12707 919 -333 375 95 0
> 10332 5920 -139 -42 -3 1
> 11046 6544 -364 59 212 2
> 8071 4828 142 -255 -48 3
! 3991 100538 200
! 110194 686 200
> 12707 919 -333 375 95 0
> 10332 5920 -139 -42 -3 1
> 11046 6544 -364 59 212 2
> 8071 4828 142 -255 -48 3
! 10403 5778 200
! 8937 4328 0
> 12357 1493 -297 488 95 0
> 10229 5675 -163 -297 -3 1
> 10717 6642 -203 172 230 2
> 8213 4573 120 -216 -30 3
! -26716 93543 200
! 103586 -30161 200
> 12357 1493 -297 488 95 0
> 10229 5675 -163 -297 -3 1
> 10717 6642 -203 172 230 2
> 8213 4573 120 -216 -30 3
! 10342 5715 200
! 9191 4365 0
> 11982 2165 -318 571 113 0
> 10253 5306 20 -313 -21 1
> 10439 6629 -236 -11 -112 2
> 8333 4357 102 -183 -12 3
! -53623 77635 0
! 103611 -30530 0
> 11982 2165 -318 571 113 0
> 10253 5306 20 -313 -21 1
> 10439 6629 -236 -11 -112 2
> 8333 4357 102 -183 -12 3
! 10369 5631 0
! 9328 4462 0
> 11664 2736 -270 485 131 0
> 10273 4993 17 -266 -21 1
> 10203 6618 -200 -9 -94 2
> 8435 4174 86 -155 6 3
! -74052 54239 200
! 87987 -57939 200
> 11664 2736 -270 485 131 0
> 10273 4993 17 -266 -21 1
> 10203 6618 -200 -9 -94 2
> 8435 4174 86 -155 6 3
! 10445 5648 0
! 9413 3966 0
> 11223 3324 -375 499 149 0
> 10445 4601 146 -333 -39 1
> 10003 6609 -170 -7 -76 2
> 8521 4019 73 -131 -12 3
! -54382 78795 SHIELD
! 103803 -31235 200
> 11223 3324 -375 499 149 0
> 10445 4601 146 -333 -39 1
> 10003 6609 -170 -7 -76 2
> 8521 4019 73 -131 -12 3
! 10533 5761 200
! 9387 3519 0
> 10882 3752 -244 267 131 0
> 10440 4907 -460 1219 -21 1
> 9939 6432 -54 -150 -58 3
> 8594 3888 62 -111 -30 3
! -74834 55255 0
! 110302 -326 SHIELD
> 10882 3752 -244 267 131 0
> 10440 4907 -460 1219 -21 1
> 9939 6432 -54 -150 -58 3
> 8594 3888 62 -111 -30 3
! 10469 5584 SHIELD
! 9572 3680 0
> 10638 4019 -207 226 149 0
> 10191 5542 20 -103 -3 1
> 9674 6866 -457 1012 -58 3
> 8656 3777 52 -94 -12 3
! -86798 26514 0
! 103548 -30294 0
> 10638 4019 -207 226 149 0
> 10191 5542 20 -103 -3 1
> 9674 6866 -457 1012 -58 3
> 8656 3777 52 -94 -12 3
! 9916 5896 200
! 9651 3882 0
> 10431 4245 -175 192 167 0
> 10211 5439 17 -87 -21 1
> 9217 7878 -388 860 -76 3
> 8708 3683 44 -79 6 3
! -89188 -4470 0
! 87925 -57493 200
> 10431 4245 -175 192 167 0
> 10211 5439 17 -87 -21 1
> 9217 7878 -388 860 -76 3
> 8708 3683 44 -79 6 3
! 9147 6880 200
! 9622 4090 0
> 10256 4437 -148 163 -175 0
> 10228 5352 14 -73 -39 1
> 8829 8738 -329 731 -94 3
> 8752 3604 37 -67 24 3
! -81794 -34636 200
! 64691 -78515 0
> 10256 4437 -148 163 -175 0
> 10228 5352 14 -73 -39 1
> 8829 8738 -329 731 -94 3
> 8752 3604 37 -67 24 3
! 8759 7740 0
! 9495 4273 200
> 9924 4522 -282 72 -157 0
> 10242 5279 11 -62 -57 1
> 8500 9469 -279 621 -94 3
> 8938 3671 157 56 42 3
! -65547 -61083 0
! 87956 -57653 SHIELD
> 9924 4522 -282 72 -157 0
> 10242 5279 11 -62 -57 1
> 8500 9469 -279 621 -94 3
> 8938 3671 157 56 42 3
! 8742 8499 200
! 9438 4537 200
> 9642 4594 -239 61 -139 0
> 10253 5217 9 -52 -39 1
> 8269 9896 -196 362 -76 3
> 9195 3900 218 194 60 3
! -41861 -81122 0
! 64716 -78650 SHIELD
> 9642 4594 -239 61 -139 0
> 10253 5217 9 -52 -39 1
> 8269 9896 -196 362 -76 3
> 9195 3900 218 194 60 3
! 8199 8898 0
! 9403 4878 0
> 9420 4826 -280 143 -121 0
> 10277 5176 30 -27 -57 1
> 8073 10258 -166 307 -94 3
> 9245 3816 31 -89 78 3
! -42083 -80890 200
! 87991 -57756 0
> 9420 4826 -280 143 -121 0
> 10277 5176 30 -27 -57 1
> 8073 10258 -166 307 -94 3
> 9245 3816 31 -89 78 3
! 8315 9288 200
! 9140 4811 200
> 9037 4798 -325 -24 -121 0
> 10307 5149 25 -22 -39 1
> 7955 10371 -100 95 -76 3
> 9255 3926 8 93 96 3
! -13458 -92638 0
! 64770 -78718 0
> 9037 4798 -325 -24 -121 0
> 10307 5149 25 -22 -39 1
> 7955 10371 -100 95 -76 3
> 9255 3926 8 93 96 3
! 8485 9523 200
! 8848 4840 0
> 8712 4774 -276 -20 -103 0
> 10332 5127 21 -18 -57 1
> 7961 10296 5 -63 -58 3
> 9263 4019 6 79 114 3
! 17427 -94845 200
! 64795 -78740 0
> 8712 4774 -276 -20 -103 0
> 10332 5127 21 -18 -57 1
> 7961 10296 5 -63 -58 3
> 9263 4019 6 79 114 3
! 8491 9448 200
! 8856 4933 200
> 8407 4584 -342 -108 -85 0
> 10353 5109 17 -15 -57 1
> 8072 10063 94 -197 -58 3
> 9234 4251 59 144 114 3
! 17122 -95035 200
! 88067 -57823 0
> 8407 4584 -342 -108 -85 0
> 10353 5109 17 -15 -57 1
> 8072 10063 94 -197 -58 3
> 9234 4251 59 144 114 3
! 8602 9215 200
! 8827 5165 200
> 8082 4277 -275 -261 -85 0
> 10370 5094 14 -12 -39 1
> 8272 9696 169 -311 -58 3
> 9212 4578 -19 277 114 3
! -14413 -93159 200
! 88084 -57838 0
> 8082 4277 -275 -261 -85 0
> 10370 5094 14 -12 -39 1
> 8272 9696 169 -311 -58 3
> 9212 4578 -19 277 114 3
! 8802 8848 200
! 8543 5321 200
> 7762 3821 -271 -387 -103 0
> 10384 5082 11 -10 -39 1
> 8547 9215 233 -408 -58 3
> 9059 5004 -129 361 132 3
! -43741 -81895 0
! 103742 -30754 0
> 7762 3821 -271 -387 -103 0
> 10384 5082 11 -10 -39 1
> 8547 9215 233 -408 -58 3
> 9059 5004 -129 361 132 3
! 8789 8245 200
! 8193 5504 200
