@ 0 reCurse
@ 1 MSmits
CP 4
CP 10062 5955
CP 13939 1933
CP 8028 3243
CP 2642 7035
> 9702 5608 0 0 -1 1
> 10422 6302 0 0 -1 1
> 8982 4914 0 0 -1 1
> 11142 6996 0 0 -1 1
! 61299 -80052 200
! 94130 -48405 200
> 9702 5608 0 0 -1 1
> 10422 6302 0 0 -1 1
> 8982 4914 0 0 -1 1
> 11142 6996 0 0 -1 1
! 94679 -46622 BOOST Sims: 219k
! 59498 -80535 BOOST Average: 219k
> 9805 5437 87 -145 -59 1
> 10589 6193 142 -93 -33 1
> 9539 4579 473 -284 -31 1
> 11456 6427 267 -483 -61 1
! 85275 -60168 200
! 73520 -71521 200
> 9805 5437 87 -145 -59 1
> 10589 6193 142 -93 -33 1
> 9539 4579 473 -284 -31 1
> 11456 6427 267 -483 -61 1
! 106968 -17953 0 Sims: 157k
! 30396 -91763 0 Average: 188k
> 10043 5161 202 -234 -41 1
> 10857 5945 227 -211 -51 1
> 10012 4295 402 -241 -13 1
> 11723 5944 226 -410 -79 1
! 85513 -60444 200
! 94724 -48518 200
> 10043 5161 202 -234 -41 1
> 10857 5945 227 -211 -51 1
> 10012 4295 402 -241 -13 1
> 11723 5944 226 -410 -79 1
! 109635 12973 0 Sims: 165k
! -606 -93293 0 Average: 180k
> 10396 4881 300 -155 -41 1
> 11130 5631 163 -264 -33 1
> 10413 3969 340 -359 5 1
> 12071 5528 363 -356 -97 1
! 102446 -34192 200
! 74061 -72083 0
> 10396 4881 300 -155 -41 1
> 11130 5631 163 -264 -33 1
> 10413 3969 340 -359 5 1
> 12071 5528 363 -356 -97 1
! 102478 43008 0 Sims: 161k
! -30321 -85042 200 Average: 176k
> 10880 4648 411 -198 -23 1
> 11293 5367 138 -224 -51 1
> 10753 3610 289 -305 23 1
> 12349 4991 236 -456 -115 1
! 86350 -60958 200
! 47129 -87991 200
> 10880 4648 411 -198 -23 1
> 11293 5367 138 -224 -51 1
> 10753 3610 289 -305 23 1
> 12349 4991 236 -456 -115 1
! 86249 69188 200 Sims: 161k
! -30043 -85579 200 Average: 173k
> 11361 4218 440 -160 -41 1
> 11599 5141 271 -170 -69 1
> 11177 3351 317 -446 41 1
> 12500 4354 128 -541 -115 1
! 62864 -81498 200
! 16832 -94721 0
> 11361 4218 440 -160 -41 1
> 11599 5141 271 -170 -69 1
> 11177 3351 317 -446 41 1
> 12500 4354 128 -541 -115 1
! 103242 42390 200 Sims: 159k
! -55804 -68684 SHIELD Average: 170k
> 11771 3893 -164 -253 -59 1
> 11870 4971 230 -144 -87 1
> 11678 2983 425 -312 23 1
> 12641 3812 171 -462 -133 1
! 87241 -61712 200
! 17103 -94891 200
> 11771 3893 -164 -253 -59 1
> 11870 4971 230 -144 -87 1
> 11678 2983 425 -312 23 1
> 12641 3812 171 -462 -133 1
! 87174 68561 0 Sims: 167k
! -55663 -69226 0 Average: 170k
> 11758 3509 -11 -326 -41 1
> 12110 4627 204 -292 -87 1
> 12103 2671 361 -265 41 1
> 12812 3350 145 -392 -133 1
! 103808 -35564 200
! 47946 -88731 0
> 11758 3509 -11 -326 -41 1
> 12110 4627 204 -292 -87 1
> 12103 2671 361 -265 41 1
> 12812 3350 145 -392 -133 1
! 63639 88368 0 Sims: 150k
! -74719 -45006 0 Average: 167k
> 11931 3105 147 -343 -23 1
> 12314 4335 173 -248 -69 1
> 12423 2362 167 -374 59 1
> 12998 3002 262 -184 -151 1
! 103981 -35968 200
! 48150 -89023 200
> 11931 3105 147 -343 -23 1
> 12314 4335 173 -248 -69 1
> 12423 2362 167 -374 59 1
> 12998 3002 262 -184 -151 1
! 34955 99791 200 Sims: 142k
! -74533 -45354 0 Average: 165k
> 12163 2829 153 -170 -23 1
> 12559 3900 207 -369 -69 1
> 12734 2038 308 -339 77 1
> 13260 2818 222 -156 -151 1
! 104213 -36244 0
! 48395 -89458 0
> 12163 2829 153 -170 -23 1
> 12559 3900 207 -369 -69 1
> 12734 2038 308 -339 77 1
> 13260 2818 222 -156 -151 1
! 64270 87735 200 Sims: 140k
! -55044 -70220 200 Average: 162k
> 12316 2659 130 -144 -23 1
> 12766 3531 175 -313 -69 1
> 13084 1751 246 -345 59 1
> 13406 2635 175 -54 -133 1
! 104366 -36414 200
! 75697 -74183 BOOST
> 12316 2659 130 -144 -23 1
> 12766 3531 175 -313 -69 1
> 13084 1751 246 -345 59 1
> 13406 2635 175 -54 -133 1
! 35616 99180 200 Sims: 141k
! -74125 -45721 200 Average: 160k
> 12630 2437 266 -188 -23 1
> 13032 3196 85 -71 -51 1
> 13276 1308 75 -638 77 1
> 13823 2294 583 -240 -151 2
! 88100 -63169 200
! 48868 -90162 0
> 12630 2437 266 -188 -23 1
> 13032 3196 85 -71 -51 1
> 13276 1308 75 -638 77 1
> 13823 2294 583 -240 -151 2
! 4598 100931 200 Sims: 176k
! -84367 -16646 200 Average: 161k
> 13047 2118 354 -271 -41 1
> 13117 3125 72 -60 -69 1
> 13334 869 48 -372 95 1
> 14210 2016 328 -236 -169 2
! 64550 -83598 SHIELD
! 18350 -96737 0
> 13047 2118 354 -271 -41 1
> 13117 3125 72 -60 -69 1
> 13334 869 48 -372 95 1
> 14210 2016 328 -236 -169 2
! -25705 92934 200 Sims: 181k
! -85027 14345 200 Average: 163k
> 13401 1847 300 -230 -59 2
> 13189 3065 61 -51 -87 1
> 13304 681 -25 -159 113 1
> 14340 1805 110 -179 -187 2
! 35896 -95590 SHIELD
! -12693 -93527 0
> 13401 1847 300 -230 -59 2
> 13189 3065 61 -51 -87 1
> 13304 681 -25 -159 113 1
> 14340 1805 110 -179 -187 2
! -25735 92746 200 Sims: 201k
! -76230 44197 200 Average: 166k
> 13659 1617 197 -196 -77 2
> 13250 3014 51 -43 -105 1
> 13201 706 -87 21 113 1
> 14689 1715 510 -73 -205 2
! 4943 -98002 0
! -41213 -80853 0
> 13659 1617 197 -196 -77 2
> 13250 3014 51 -43 -105 1
> 13201 706 -87 21 113 1
> 14689 1715 510 -73 -205 2
! 4523 100329 0 Sims: 246k
! -75881 44107 200 Average: 171k
> 13856 1421 167 -166 -95 2
> 13301 2971 43 -36 -123 1
> 13114 727 -73 17 95 1
> 15018 1727 279 10 155 2
! -25217 -90629 0
! -64413 -59960 0
> 13856 1421 167 -166 -95 2
> 13301 2971 43 -36 -123 1
> 13114 727 -73 17 95 1
> 15018 1727 279 10 155 2
! 35646 98156 200 Sims: 226k
! -75552 44119 200 Average: 174k
> 14023 1255 141 -141 -113 2
> 13344 2935 36 -30 -141 1
> 13086 939 -23 180 77 1
> 15116 1822 83 80 155 2
! -51582 -74215 200
! -80014 -32901 200
> 14023 1255 141 -141 -113 2
> 13344 2935 36 -30 -141 1
> 13086 939 -23 180 77 1
> 15116 1822 83 80 155 2
! 64622 86636 200 Sims: 257k
! -57922 70126 200 Average: 179k
> 14164 1114 119 -119 -131 2
> 13193 2833 -128 -86 -159 1
> 13166 1290 68 298 59 1
> 15053 2039 -53 184 137 2
! -71552 -50389 200
! -86669 -2400 200
> 14164 1114 119 -119 -131 2
> 13193 2833 -128 -86 -159 1
> 13166 1290 68 298 59 1
> 15053 2039 -53 184 137 2
! 64702 86987 200 Sims: 280k
! -33303 89570 200 Average: 185k
> 14112 892 -44 -188 -149 2
> 12865 2737 -278 -81 -177 1
> 13337 1759 145 398 59 1
> 14903 2398 -127 305 119 2
! -83325 -21603 200
! -83727 28618 0
> 14112 892 -44 -188 -149 2
> 12865 2737 -278 -81 -177 1
> 13337 1759 145 398 59 1
> 14903 2398 -127 305 119 2
! 35869 99188 200 Sims: 289k
! -58135 70702 0 Average: 190k
> 13873 659 -203 -198 -167 2
> 12587 2656 -236 -68 -195 1
> 13527 2352 161 503 77 2
> 14776 2703 -107 259 137 2
! -85746 9374 200
! -84005 28537 0
> 13873 659 -203 -198 -167 2
> 12587 2656 -236 -68 -195 1
> 13527 2352 161 503 77 2
> 14776 2703 -107 259 137 2
! 4849 101975 0 Sims: 271k
! -75794 45095 200 Average: 194k
> 13471 478 -341 -153 175 2
> 12351 2588 -200 -57 165 1
> 13688 2855 136 427 95 2
> 14488 3047 -244 292 155 2
! -78579 39551 200
! -71516 57051 0
> 13471 478 -341 -153 175 2
> 12351 2588 -200 -57 165 1
> 13688 2855 136 427 95 2
> 14488 3047 -244 292 155 2
! -25351 94920 0 Sims: 267k
! -76082 45439 SHIELD Average: 198k
> 12946 403 -446 -63 157 2
> 12151 2531 -170 -48 147 1
> 13155 3124 -487 220 113 2
> 14311 3355 -147 262 155 2
! -62524 66008 200
! -71716 56994 200
> 12946 403 -446 -63 157 2
> 12151 2531 -170 -48 147 1
> 13155 3124 -487 220 113 2
> 14311 3355 -147 262 155 2
! -52423 78620 0 Sims: 267k
! -84926 15684 0 Average: 201k
> 12349 471 -507 57 139 2
> 11813 2592 -287 51 147 1
> 12668 3344 -413 187 131 2
> 14164 3617 -124 222 173 2
! -63121 66076 200
! -51119 80306 0
> 12349 471 -507 57 139 2
> 11813 2592 -287 51 147 1
> 12668 3344 -413 187 131 2
> 14164 3617 -124 222 173 2
! -73029 54880 200 Sims: 258k
! -85073 15946 0 Average: 204k
> 11691 659 -559 159 139 2
> 11526 2643 -243 43 129 1
> 12084 3634 -496 246 149 2
> 14040 3839 -105 188 173 2
! -39812 86375 200
! -24310 96001 200
> 11691 659 -559 159 139 2
> 11526 2643 -243 43 129 1
> 12084 3634 -496 246 149 2
> 14040 3839 -105 188 173 2
! -85345 26166 200 Sims: 240k
! -85197 16168 0 Average: 205k
> 11029 989 -562 280 121 2
> 11211 2873 -267 195 111 1
> 11393 3925 -587 247 167 2
> 13935 4027 -89 159 173 2
! -40474 86705 200
! -51720 80587 200
> 11029 989 -562 280 121 2
> 11211 2873 -267 195 111 1
> 11393 3925 -587 247 167 2
> 13935 4027 -89 159 173 2
! -88230 -4753 0 Sims: 241k
! -84255 -14913 200 Average: 206k
> 10364 1440 -565 383 121 2
> 10818 3223 -333 297 129 1
> 10806 4172 -498 209 185 2
> 13650 4148 -242 102 -169 2
! -65106 67045 200
! -52113 80937 0
> 10364 1440 -565 383 121 2
> 10818 3223 -333 297 129 1
> 10806 4172 -498 209 185 2
> 13650 4148 -242 102 -169 2
! -88817 -4506 SHIELD Sims: 242k
! -84540 -14792 200 Average: 208k
> 9648 1954 -608 437 139 2
> 10485 3520 -283 252 129 1
> 10308 4381 -423 177 -175 2
> 13212 4212 -372 54 -169 2
! -65822 67559 200
! -73382 57983 200
> 9648 1954 -608 437 139 2
> 10485 3520 -283 252 129 1
> 10308 4381 -423 177 -175 2
> 13212 4212 -372 54 -169 2
! -89315 -4297 0 Sims: 242k
! -74319 -44144 200 Average: 209k
> 8889 2522 -645 482 139 2
> 10060 3761 -345 129 147 1
> 9860 4678 -396 327 -175 2
> 12665 4169 -465 -36 -151 2
! -66581 68127 200
! -52872 81475 200
> 8889 2522 -645 482 139 2
> 10060 3761 -345 129 147 1
> 9860 4678 -396 327 -175 2
> 12665 4169 -465 -36 -151 2
! -87569 27210 0 Sims: 311k
! -74866 -44187 200 Average: 213k
> 8093 3135 -676 521 139 3
> 9589 4045 -400 241 129 1
> 9464 5005 -336 277 -193 2
> 12025 4036 -544 -112 -151 2
! -67377 68740 200
! -26247 97403 200
> 8093 3135 -676 521 139 3
> 9589 4045 -400 241 129 1
> 9464 5005 -336 277 -193 2
> 12025 4036 -544 -112 -151 2
! -90159 -3673 0 Sims: 287k
! -86165 -14904 200 Average: 215k
> 7266 3787 -702 554 139 3
> 9117 4473 -400 363 111 1
> 9128 5282 -285 235 -175 2
> 11285 3886 -629 -127 -169 2
! -68204 69392 200
! -26719 97831 0
> 7266 3787 -702 554 139 3
> 9117 4473 -400 363 111 1
> 9128 5282 -285 235 -175 2
> 11285 3886 -629 -127 -169 2
! -82937 -33757 0 Sims: 250k
! -87952 16215 200 Average: 216k
> 6413 4472 -725 582 139 3
> 8713 4667 -343 153 111 1
> 8847 5686 -238 354 -157 2
> 10458 3784 -703 -86 -187 2
! -85637 43545 200
! -54218 82381 200
> 6413 4472 -725 582 139 3
> 8713 4667 -343 153 111 1
> 8847 5686 -238 354 -157 2
> 10458 3784 -703 -86 -187 2
! -66649 -59892 0 Sims: 306k
! -88779 16113 200 Average: 219k
> 5504 5132 -772 561 157 3
> 8244 4975 -398 262 129 1
> 8609 6040 -202 300 -139 2
> 9557 3723 -766 -52 173 2
! -69966 70737 200
! -75623 59438 200
> 5504 5132 -772 561 157 3
> 8244 4975 -398 262 129 1
> 8609 6040 -202 300 -139 2
> 9557 3723 -766 -52 173 2
! -42927 -79657 0 Sims: 287k
! -81013 46115 200 Average: 221k
> 4581 5824 -784 588 139 3
> 7678 5346 -480 315 147 1
> 8407 6340 -171 255 -121 2
> 8610 3756 -805 27 155 2
! -46922 91540 0
! -88914 31227 0
> 4581 5824 -784 588 139 3
> 7678 5346 -480 315 147 1
> 8407 6340 -171 255 -121 2
> 8610 3756 -805 27 155 2
! -14125 -91089 0 Sims: 281k
! -81960 46148 200 Average: 223k
> 3797 6412 -666 499 121 3
> 7198 5661 -408 267 165 1
> 8236 6595 -145 216 -103 2
> 7624 3868 -838 95 155 3
! -18698 103849 0
! -92664 427 200
> 3797 6412 -666 499 121 3
> 7198 5661 -408 267 165 1
> 8236 6595 -145 216 -103 2
> 7624 3868 -838 95 155 3
! 16914 -93028 0 Sims: 262k
! -65414 72172 200 Average: 224k
> 3131 6911 -566 424 103 0
> 6590 5918 -516 218 183 1
> 8091 6811 -123 183 -85 2
> 6640 4100 -836 196 137 3
! 11846 106530 200
! -86768 -29918 200
> 3131 6911 -566 424 103 0
> 6590 5918 -516 218 183 1
> 8091 6811 -123 183 -85 2
> 6640 4100 -836 196 137 3
! 47130 -85254 200 Sims: 249k
! -41716 91631 0 Average: 225k
> 2582 7534 -466 529 85 0
> 5887 6064 -597 124 -159 1
> 8046 6810 -38 0 -67 2
> 5804 4296 -710 166 119 3
! 41655 99584 0
! -71827 -56867 0
> 2582 7534 -466 529 85 0
> 5887 6064 -597 124 -159 1
> 8046 6810 -38 0 -67 2
> 5804 4296 -710 166 119 3
! 73624 -68686 0 Sims: 250k
! -13136 102486 200 Average: 226k
> 2116 8063 -396 449 67 0
> 5290 6188 -507 105 -141 1
> 8008 6810 -32 0 -49 2
> 5056 4658 -635 308 101 3
! 67721 83533 0
! -49173 -77679 200
> 2116 8063 -396 449 67 0
> 5290 6188 -507 105 -141 1
> 8008 6810 -32 0 -49 2
> 5056 4658 -635 308 101 3
! 93705 -44726 200 Sims: 241k
! 17385 103895 200 Average: 226k
> 1720 8512 -336 381 49 0
> 4674 6125 -523 -53 -123 1
> 8147 6707 118 -87 -31 2
> 4446 5164 -518 430 83 3
! 87436 60015 200
! -49789 -77742 SHIELD
> 1720 8512 -336 381 49 0
> 4674 6125 -523 -53 -123 1
> 8147 6707 118 -87 -31 2
> 4446 5164 -518 430 83 3
! 105576 -15825 200 Sims: 271k
! 16775 104401 SHIELD Average: 227k
> 1555 8996 -139 411 31 0
> 4230 6339 -332 333 -123 1
> 8460 6575 265 -112 -13 2
> 3849 5327 -551 -13 83 3
! 98992 31491 0
! -50233 -77528 0
> 1555 8996 -139 411 31 0
> 4230 6339 -332 333 -123 1
> 8460 6575 265 -112 -13 2
> 3849 5327 -551 -13 83 3
! 108083 15253 0 Sims: 283k
! 16178 104564 0 Average: 229k
> 1416 9407 -118 349 13 0
> 3898 6672 -282 283 -123 1
> 8725 6463 225 -95 5 2
> 3298 5314 -468 -11 83 3
! 101035 691 200
! -21984 -89920 0
> 1416 9407 -118 349 13 0
> 3898 6672 -282 283 -123 1
> 8725 6463 225 -95 5 2
> 3298 5314 -468 -11 83 3
! 100790 45502 0 Sims: 276k
! 45690 95884 0 Average: 230k
> 1497 9739 69 281 -5 0
> 3616 6955 -239 240 -105 1
> 8950 6368 191 -80 23 2
> 2830 5303 -397 -9 65 3
! 93547 -29334 200
! 8849 -92907 0
> 1497 9739 69 281 -5 0
> 3616 6955 -239 240 -105 1
> 8950 6368 191 -80 23 2
> 2830 5303 -397 -9 65 3
! 84446 71946 0 Sims: 260k
! 45222 95873 0 Average: 231k
> 1750 9942 215 172 -23 0
> 3377 7195 -203 204 -87 1
> 9141 6288 162 -68 41 2
> 2433 5294 -337 -7 65 3
! 77220 -55664 200
! -22505 -89397 200
> 1750 9942 215 172 -23 0
> 3377 7195 -203 204 -87 1
> 9141 6288 162 -68 41 2
> 2433 5294 -337 -7 65 3
! 60677 91985 0 Sims: 247k
! 70737 78332 200 Average: 231k
> 2116 9983 311 34 -41 0
> 3122 7206 -216 9 -105 1
> 9303 6220 137 -57 59 2
> 2233 5433 -170 118 47 3
! 53619 -75733 200
! -22759 -89386 200
> 2116 9983 311 34 -41 0
> 3122 7206 -216 9 -105 1
> 9303 6220 137 -57 59 2
> 2233 5433 -170 118 47 3
! 31835 103649 0 Sims: 241k
! 70537 78471 200 Average: 231k
> 2530 9846 351 -116 -59 0
> 2854 7022 -227 -156 -105 1
> 9440 6163 116 -48 77 2
> 2200 5697 -28 224 47 3
! 25025 -87591 200
! -23027 -89570 200
> 2530 9846 351 -116 -59 0
> 2854 7022 -227 -156 -105 1
> 9440 6163 116 -48 77 2
> 2200 5697 -28 224 47 3
! 762 105786 0 Sims: 230k
! 44592 96267 200 Average: 231k
> 2926 9535 336 -264 -77 0
> 2645 6802 93 319 -105 1
> 9556 6115 98 -40 95 2
> 2187 5973 -282 -272 65 3
! 54429 -76181 200
! -51818 -77065 200
> 2926 9535 336 -264 -77 0
> 2645 6802 93 319 -105 1
> 9556 6115 98 -40 95 2
> 2187 5973 -282 -272 65 3
! -29483 98180 0 Sims: 245k
! 70491 79011 200 Average: 232k
> 3365 9100 373 -370 -59 0
> 2629 6953 -13 128 -123 1
> 9654 6075 83 -34 113 2
> 2042 5847 -123 -107 47 3
! 78835 -56505 200
! -23253 -89639 200
> 3365 9100 373 -370 -59 0
> 2629 6953 -13 128 -123 1
> 9654 6075 83 -34 113 2
> 2042 5847 -123 -107 47 3
! -55924 81571 0 Sims: 219k
! 44434 96417 200 Average: 231k
> 3889 8599 445 -426 -41 0
> 2564 6888 -55 -55 -105 1
> 9737 6041 70 -28 131 2
> 2004 5921 -32 63 65 3
! 79359 -57006 200
! -51899 -76979 200
> 3889 8599 445 -426 -41 0
> 2564 6888 -55 -55 -105 1
> 9737 6041 70 -28 131 2
> 2004 5921 -32 63 65 3
! -75960 57577 200 Sims: 199k
! 70308 78959 200 Average: 231k
> 4485 8042 506 -473 -41 0
> 2494 6831 72 187 -123 1
> 9636 6116 -86 63 149 2
> 2015 5964 -122 -198 47 3
! 79955 -57563 200
! -23388 -89761 200
> 4485 8042 506 -473 -41 0
> 2494 6831 72 187 -123 1
> 9636 6116 -86 63 149 2
> 2015 5964 -122 -198 47 3
! -87793 28648 0 Sims: 216k
! 44407 96534 200 Average: 230k
> 5142 7438 558 -513 -41 0
> 2514 6825 17 -5 -105 1
> 9550 6179 -73 53 167 2
> 1978 5947 -31 -14 65 3
! 80612 -58167 200
! -51949 -77042 200
> 5142 7438 558 -513 -41 0
> 2514 6825 17 -5 -105 1
> 9550 6179 -73 53 167 2
> 1978 5947 -31 -14 65 3
! -90073 -2499 0 Sims: 218k
! 70282 78985 200 Average: 230k
> 5851 6794 602 -547 -41 0
> 2491 6767 80 117 -123 1
> 9477 6232 -62 45 185 2
> 2014 5964 -68 -152 47 3
! 97901 -32279 200
! -51972 -77100 200
> 5851 6794 602 -547 -41 0
> 2491 6767 80 117 -123 1
> 9477 6232 -62 45 185 2
> 2014 5964 -68 -152 47 3
! -82588 -32807 0 Sims: 224k
! 44406 96534 200 Average: 230k
> 6637 6169 668 -531 -23 0
> 2462 6716 -24 -43 -123 1
> 9415 6277 -52 38 203 2
> 2031 5993 14 24 65 3
! 106256 -2546 0
! -52001 -77151 200
> 6637 6169 668 -531 -23 0
> 2462 6716 -24 -43 -123 1
> 9415 6277 -52 38 203 2
> 2031 5993 14 24 65 3
! -66081 -59301 0 Sims: 223k
! 70335 79031 200 Average: 230k
> 7305 5638 567 -451 -5 0
> 2547 6876 90 166 -123 1
> 9363 6315 -44 32 221 2
> 1963 5792 -75 -201 47 3
! 104742 28132 0
! -23335 -89716 200
> 7305 5638 567 -451 -5 0
> 2547 6876 90 166 -123 1
> 9363 6315 -44 32 221 2
> 1963 5792 -75 -201 47 3
! -42173 -79382 0 Sims: 236k
! 44355 96362 200 Average: 230k
> 7872 5187 481 -383 13 0
> 2585 6849 32 -23 -105 1
> 9319 6347 -37 27 -121 2
> 1973 5772 8 -16 65 3
! 93588 56690 0
! -51878 -77018 200
> 7872 5187 481 -383 13 0
> 2585 6849 32 -23 -105 1
> 9319 6347 -37 27 -121 2
> 1973 5772 8 -16 65 3
! -13213 -91082 0 Sims: 230k
! 44365 96342 200 Average: 230k
> 8353 4804 408 -325 31 0
> 2508 6658 -65 -162 -123 1
> 9282 6374 -31 22 -103 2
> 2066 5937 78 140 65 3
! 73958 80274 BOOST
! -75206 -56273 SHIELD
> 8353 4804 408 -325 31 0
> 2508 6658 -65 -162 -123 1
> 9282 6374 -31 22 -103 2
> 2066 5937 78 140 65 3
! 17960 -93249 200 Sims: 250k
! 44458 96507 SHIELD Average: 230k
> 9187 4970 709 140 49 0
> 2594 6739 93 101 -141 1
> 9268 6197 -11 -150 -85 2
> 1993 5834 -82 -120 65 3
! 48260 97020 200
! -75120 -56192 0
> 9187 4970 709 140 49 0
> 2594 6739 93 101 -141 1
> 9268 6197 -11 -150 -85 2
> 1993 5834 -82 -120 65 3
! 48307 -85868 200 Sims: 270k
! 44385 96404 0 Average: 231k
> 9974 5294 669 275 67 0
> 2687 6840 79 85 -141 1
> 9335 5863 57 -284 -67 2
> 1911 5714 -69 -102 65 3
! 75579 80764 0
! -51776 -77027 0
> 9974 5294 669 275 67 0
> 2687 6840 79 85 -141 1
> 9335 5863 57 -284 -67 2
> 1911 5714 -69 -102 65 3
! 74913 -69633 200 Sims: 267k
! 44303 96284 0 Average: 232k
> 10643 5569 568 233 49 1
> 2766 6925 67 72 -123 1
> 9523 5428 159 -369 -49 2
> 1842 5612 -58 -86 65 3
! 96359 57072 0
! -51697 -76942 0
> 10643 5569 568 233 49 1
> 2766 6925 67 72 -123 1
> 9523 5428 159 -369 -49 2
> 1842 5612 -58 -86 65 3
! 95220 -46108 200 Sims: 250k
! 44234 96182 0 Average: 232k
> 11211 5802 482 198 31 1
> 2833 6997 56 61 -123 1
> 9853 4956 280 -401 -31 2
> 1784 5526 -49 -73 65 3
! 108648 28297 0
! -51630 -76870 200
> 11211 5802 482 198 31 1
> 2833 6997 56 61 -123 1
> 9853 4956 280 -401 -31 2
> 1784 5526 -49 -73 65 3
! 95550 -46580 200 Sims: 256k
! 14113 104763 200 Average: 232k
> 11693 6000 409 168 13 1
> 2780 6890 -44 -90 -123 1
> 10304 4452 383 -428 -31 2
> 1760 5651 -20 106 83 3
! 111312 -2715 0
! -74934 -56041 200
> 11693 6000 409 168 13 1
> 2780 6890 -44 -90 -123 1
> 10304 4452 383 -428 -31 2
> 1760 5651 -20 106 83 3
! 107733 -18080 0 Sims: 244k
! 44152 96221 200 Average: 233k
> 12102 6168 347 142 -5 1
> 2581 6674 -169 -183 -141 1
> 10687 4024 325 -363 -13 2
> 1825 5938 55 244 65 3
! 104152 -32905 0
! -90777 -29162 SHIELD
> 12102 6168 347 142 -5 1
> 2581 6674 -169 -183 -141 1
> 10687 4024 325 -363 -13 2
> 1825 5938 55 244 65 3
! 110310 12702 0 Sims: 285k
! 44217 96508 SHIELD Average: 233k
> 12449 6310 294 120 -23 1
> 2562 6609 150 75 -159 1
> 11012 3661 276 -308 5 2
> 1730 6064 -247 -23 65 3
! 87919 -59296 0
! -90796 -29227 0
> 12449 6310 294 120 -23 1
> 2562 6609 150 75 -159 1
> 11012 3661 276 -308 5 2
> 1730 6064 -247 -23 65 3
! 103077 42700 200 Sims: 273k
! 44122 96634 0 Average: 234k
> 12743 6430 249 102 -41 1
> 2712 6684 127 63 -159 1
> 11472 3431 391 -195 23 2
> 1483 6041 -209 -19 65 3
! 64246 -79286 0
! -97150 1450 0
> 12743 6430 249 102 -41 1
> 2712 6684 127 63 -159 1
> 11472 3431 391 -195 23 2
> 1483 6041 -209 -19 65 3
! 86968 69009 200 Sims: 253k
! 69787 79079 0 Average: 234k
> 12992 6532 211 86 -59 1
> 2839 6747 107 53 -177 1
> 12014 3367 460 -54 41 2
> 1274 6022 -177 -16 47 3
! 35487 -90905 0
! -97023 1513 0
> 12992 6532 211 86 -59 1
> 2839 6747 107 53 -177 1
> 12014 3367 460 -54 41 2
> 1274 6022 -177 -16 47 3
! 63550 89064 0 Sims: 232k
! 88805 54378 0 Average: 234k
> 13203 6618 179 73 -77 1
> 2946 6800 90 45 -177 1
> 12474 3313 391 -45 59 2
> 1097 6006 -150 -13 29 3
! 4487 -93001 200
! -90412 -29036 200
> 13203 6618 179 73 -77 1
> 2946 6800 90 45 -177 1
> 12474 3313 391 -45 59 2
> 1097 6006 -150 -13 29 3
! 35006 100742 200 Sims: 206k
! 88628 54362 200 Average: 234k
> 13365 6492 137 -107 -95 1
> 2849 6773 -82 -22 -159 1
> 12910 3463 370 127 77 2
> 1122 6090 21 71 29 3
! -25708 -85558 200
! -90509 -29063 200
> 13365 6492 137 -107 -95 1
> 2849 6773 -82 -22 -159 1
> 12910 3463 370 127 77 2
> 1122 6090 21 71 29 3
! 4232 103086 200 Sims: 205k
! 99312 25030 200 Average: 233k
> 13424 6201 50 -247 -113 1
> 2580 6679 -228 -79 -159 1
> 13263 3789 299 277 95 2
> 1339 6199 184 92 11 3
! -25649 -85849 0
! -90778 -29157 200
> 13424 6201 50 -247 -113 1
> 2580 6679 -228 -79 -159 1
> 13263 3789 299 277 95 2
> 1339 6199 184 92 11 3
! -25776 95854 200 Sims: 207k
! 88870 54555 0 Average: 233k
> 13474 5954 42 -209 -113 1
> 2273 6569 161 64 -159 1
> 13484 4250 187 391 113 2
> 1415 6251 -357 -114 29 3
! 4758 -93665 0
! -91085 -29267 0
> 13474 5954 42 -209 -113 1
> 2273 6569 161 64 -159 1
> 13484 4250 187 391 113 2
> 1415 6251 -357 -114 29 3
! -52094 79746 0 Sims: 204k
! 99605 25191 200 Average: 233k
> 13516 5745 35 -177 -95 1
> 2434 6633 136 54 -159 1
> 13671 4641 158 332 131 2
> 1254 6175 -136 -64 11 3
! 4800 -93874 0
! -90924 -29203 200
> 13516 5745 35 -177 -95 1
> 2434 6633 136 54 -159 1
> 13671 4641 158 332 131 2
> 1254 6175 -136 -64 11 3
! -51907 80137 200 Sims: 199k
! 88785 54531 200 Average: 232k
> 13488 5898 -74 391 -95 1
> 2383 6615 -43 -15 -159 1
> 13761 4794 127 -131 131 2
> 1293 6208 33 27 29 3
! 35983 -91539 200
! -90975 -29221 200
> 13488 5898 -74 391 -95 1
> 2383 6615 -43 -15 -159 1
> 13761 4794 127 -131 131 2
> 1293 6208 33 27 29 3
! -51817 80290 200 Sims: 175k
! 88824 54564 200 Average: 231k
> 13459 6094 -24 166 -77 1
> 2266 6565 193 53 -159 1
> 13757 4814 -3 16 131 2
> 1388 6295 -212 -22 29 3
! 64962 -79622 200
! -97596 1331 200
> 13459 6094 -24 166 -77 1
> 2266 6565 193 53 -159 1
> 13757 4814 -3 16 131 2
> 1388 6295 -212 -22 29 3
! -25282 96879 0 Sims: 180k
! 99578 25235 200 Average: 231k
> 13538 6089 67 -4 -59 1
> 2259 6608 -5 36 -177 1
> 13754 4830 -2 13 113 2
> 1372 6311 -13 13 11 3
! 89008 -59516 200
! -91099 -29228 200
> 13538 6089 67 -4 -59 1
> 2259 6608 -5 36 -177 1
> 13754 4830 -2 13 113 2
> 1372 6311 -13 13 11 3
! 5076 104453 200 Sims: 187k
! 88903 54667 200 Average: 230k
> 13756 5954 185 -114 -41 1
> 2301 6648 145 69 -159 1
> 13735 5042 -16 180 95 2
> 1300 6345 -170 -6 29 3
! 65259 -79762 0
! -97561 1414 0
> 13756 5954 185 -114 -41 1
> 2301 6648 145 69 -159 1
> 13735 5042 -16 180 95 2
> 1300 6345 -170 -6 29 3
! 36267 102471 200 Sims: 202k
! 99490 25285 200 Average: 230k
> 13967 6204 186 307 -59 1
> 2446 6717 123 58 -177 1
> 13738 5053 -4 -85 77 2
> 1326 6377 22 27 11 3
! 89437 -59401 200
! -90912 -29119 200
> 13967 6204 186 307 -59 1
> 2446 6717 123 58 -177 1
> 13738 5053 -4 -85 77 2
> 1326 6377 22 27 11 3
! 65274 90750 200 Sims: 214k
! 88857 54733 200 Average: 229k
> 14304 6380 286 149 -41 1
> 2382 6703 -54 -11 -159 1
> 13837 5139 84 73 59 2
> 1523 6501 167 105 29 3
! 89774 -59225 200
! -97480 1469 200
> 14304 6380 286 149 -41 1
> 2382 6703 -54 -11 -159 1
> 13837 5139 84 73 59 2
> 1523 6501 167 105 29 3
! 89333 70717 200 Sims: 227k
! 89054 54857 SHIELD Average: 229k
> 14741 6398 371 15 -41 1
> 2759 6826 444 132 -177 1
> 14072 5343 199 173 41 2
> 1627 6592 75 74 29 3
! 66244 -79318 200
! -97103 1592 200
> 14741 6398 371 15 -41 1
> 2759 6826 444 132 -177 1
> 14072 5343 199 173 41 2
> 1627 6592 75 74 29 3
! 106137 44382 200 Sims: 269k
! 89158 54948 0 Average: 230k
> 15215 6242 402 -132 -59 1
> 3003 6948 207 103 -177 1
> 14455 5594 325 213 23 2
> 1702 6666 63 62 29 3
! 37710 -91195 200
! -90355 -28888 200
> 15215 6242 402 -132 -59 1
> 3003 6948 207 103 -177 1
> 14455 5594 325 213 23 2
> 1702 6666 63 62 29 3
! 114078 14272 200 Sims: 236k
! 89233 55022 0 Average: 230k
> 15794 5980 619 -160 -77 1
> 3023 6979 17 26 -159 1
> 14847 5760 205 78 5 2
> 1765 6728 53 52 29 3
! 7078 -93639 200
! -90335 -28857 200
> 15794 5980 619 -160 -77 1
> 3023 6979 17 26 -159 1
> 14847 5760 205 78 5 2
> 1765 6728 53 52 29 3
! 112276 -16772 0 Sims: 256k
! 89296 55084 0 Average: 230k
> 16396 5621 511 -305 -95 1
> 2853 6933 -144 -38 -159 1
> 15052 5838 174 66 -13 2
> 1818 6780 45 44 29 3
! -22677 -86429 200
! -97009 1699 200
> 16396 5621 511 -305 -95 1
> 2853 6933 -144 -38 -159 1
> 15052 5838 174 66 -13 2
> 1818 6780 45 44 29 3
! 100749 -45698 0 Sims: 235k
! 100008 25720 200 Average: 230k
> 16829 5132 367 -415 -113 1
> 2857 6928 211 21 -177 1
> 15226 5904 147 56 -31 2
> 1711 6818 -298 6 11 3
! -48776 -70338 200
! -97005 1694 200
> 16829 5132 367 -415 -113 1
> 2857 6928 211 21 -177 1
> 15226 5904 147 56 -31 2
> 1711 6818 -298 6 11 3
! 80804 -69592 0 Sims: 241k
! 99901 25758 200 Average: 230k
> 17065 4566 200 -481 -131 1
> 2868 6939 9 8 -177 1
> 15373 5960 124 47 -49 2
> 1609 6862 -86 37 11 3
! -68651 -46937 200
! -96994 1705 200
> 17065 4566 200 -481 -131 1
> 2868 6939 9 8 -177 1
> 15373 5960 124 47 -49 2
> 1609 6862 -86 37 11 3
! 54412 -86105 0 Sims: 235k
! 99799 25802 200 Average: 231k
> 17094 3982 24 -496 -149 1
> 2677 6937 -162 -2 -177 1
> 15497 6007 105 39 -67 2
> 1719 6937 93 63 11 3
! -80343 -18513 200
! -97185 1703 200
> 17094 3982 24 -496 -149 1
> 2677 6937 -162 -2 -177 1
> 15497 6007 105 39 -67 2
> 1719 6937 93 63 11 3
! 24175 -93616 0 Sims: 238k
! 99909 25877 SHIELD Average: 231k
> 16923 3441 -145 -459 -167 1
> 2850 6907 390 -33 -177 1
> 15602 6046 89 33 -85 2
> 1758 7002 9 55 11 3
! -82696 12156 200
! -93742 32788 200
> 16923 3441 -145 -459 -167 1
> 2850 6907 390 -33 -177 1
> 15602 6046 89 33 -85 2
> 1758 7002 9 55 11 3
! -6930 -91383 0 Sims: 251k
! 99948 25942 0 Average: 231k
> 16579 2999 -292 -375 175 1
> 3047 6926 167 15 165 1
> 15691 6079 75 28 -103 2
> 1767 7057 7 46 11 3
! -83040 11714 200
! -93545 32807 200
> 16579 2999 -292 -375 175 1
> 3047 6926 167 15 165 1
> 15691 6079 75 28 -103 2
> 1767 7057 7 46 11 3
! -35845 -79618 200 Sims: 229k
! 99957 25997 0 Average: 231k
> 16088 2641 -417 -303 175 1
> 3021 6993 -22 56 165 1
> 15663 5936 -23 -121 -121 2
> 1774 7103 5 39 11 3
! -75962 41714 200
! -96841 1759 200
> 16088 2641 -417 -303 175 1
> 3021 6993 -22 56 165 1
> 15663 5936 -23 -121 -121 2
> 1774 7103 5 39 11 3
! -59833 -59642 200 Sims: 230k
! 99964 26043 0 Average: 231k
> 15487 2416 -510 -191 157 1
> 2799 7039 -188 38 -177 1
> 15489 5684 -147 -214 -139 2
> 1779 7142 4 33 11 3
! -76563 41489 200
! -93793 32920 200
> 15487 2416 -510 -191 157 1
> 2799 7039 -188 38 -177 1
> 15489 5684 -147 -214 -139 2
> 1779 7142 4 33 11 3
! -76576 -33355 200 Sims: 228k
! 99969 26082 SHIELD Average: 231k
> 14793 2303 -589 -95 157 1
> 2714 7103 274 23 165 1
> 15158 5392 -281 -248 -157 2
> 1753 7178 -56 33 11 3
! -77257 41376 200
! -97148 1869 200
> 14793 2303 -589 -95 157 1
> 2714 7103 274 23 165 1
> 15158 5392 -281 -248 -157 2
> 1753 7178 -56 33 11 3
! -84465 -3286 200 Sims: 241k
! 99943 26118 0 Average: 231k
> 14020 2286 -657 -14 157 2
> 2788 7116 63 10 -177 1
> 14678 5127 -408 -225 -175 2
> 1697 7211 -47 28 11 3
! -78030 41359 200
! -97074 1882 200
> 14020 2286 -657 -14 157 2
> 2788 7116 63 10 -177 1
> 14678 5127 -408 -225 -175 2
> 1697 7211 -47 28 11 3
! -82751 27659 200 Sims: 225k
! 99887 26151 0 Average: 231k
> 13179 2350 -714 54 157 2
> 2651 7116 -116 0 -177 1
> 14075 4947 -512 -152 -193 2
> 1650 7239 -39 23 11 3
! -78871 41423 200
! -93941 32997 200
> 13179 2350 -714 54 157 2
> 2651 7116 -116 0 -177 1
> 14075 4947 -512 -152 -193 2
> 1650 7239 -39 23 11 3
! -83354 27479 200 Sims: 209k
! 99840 26179 0 Average: 231k
> 12281 2482 -763 112 157 2
> 2404 7160 -33 14 165 1
> 13368 4840 -600 -90 167 2
> 1548 7270 -262 48 11 3
! -79769 41555 200
! -94188 33041 0
> 12281 2482 -763 112 157 2
> 2404 7160 -33 14 165 1
> 13368 4840 -600 -90 167 2
> 1548 7270 -262 48 11 3
! -84061 27372 200 Sims: 208k
! 100785 -5059 200 Average: 230k
> 11334 2672 -805 161 157 2
> 2371 7174 -28 11 165 1
> 12573 4795 -675 -38 167 2
> 1484 7293 -53 19 -7 3
! -88285 11387 200
! -97491 1940 200
> 11334 2672 -805 161 157 2
> 2371 7174 -28 11 165 1
> 12573 4795 -675 -38 167 2
> 1484 7293 -53 19 -7 3
! -84856 27327 200 Sims: 168k
! 100721 -5036 200 Average: 230k
> 10330 2850 -853 151 175 2
> 2416 7134 117 -45 -177 1
> 11703 4802 -739 6 167 2
> 1357 7328 -187 41 -7 3
! -81720 41923 200
! -94176 33015 200
> 10330 2850 -853 151 175 2
> 2416 7134 117 -45 -177 1
> 11703 4802 -739 6 167 2
> 1357 7328 -187 41 -7 3
! -85726 27334 200 Sims: 206k
! 100594 -5001 200 Average: 229k
> 9293 3079 -881 194 157 2
> 2340 7141 -64 5 165 1
> 10769 4853 -793 43 167 2
> 1368 7344 9 13 -7 3
! -66177 68684 200
! -94252 33022 200
> 9293 3079 -881 194 157 2
> 2340 7141 -64 5 165 1
> 10769 4853 -793 43 167 2
> 1368 7344 9 13 -7 3
! -74928 56389 0 Sims: 211k
! 100605 -4985 200 Average: 229k
> 8261 3404 -877 276 139 3
> 2352 7138 169 -38 165 1
> 9976 4896 -674 36 149 2
> 1307 7393 -212 77 -7 3
! -43242 89120 200
! -94240 33019 200
> 8261 3404 -877 276 139 3
> 2352 7138 169 -38 165 1
> 9976 4896 -674 36 149 2
> 1307 7393 -212 77 -7 3
! -55602 80392 0 Sims: 183k
! 100544 -4936 200 Average: 229k
> 7281 3851 -833 380 121 3
> 2328 7152 -20 11 165 1
> 9302 4932 -572 30 131 2
> 1293 7445 -11 44 -7 3
! -44222 89567 200
! -94264 33033 200
> 7281 3851 -833 380 121 3
> 2328 7152 -20 11 165 1
> 9302 4932 -572 30 131 2
> 1293 7445 -11 44 -7 3
! -29737 96997 0 Sims: 201k
! 91863 -34947 200 Average: 228k
> 6345 4402 -795 468 121 3
> 2231 7181 143 -39 165 1
> 8730 4962 -486 25 113 2
> 1347 7438 -179 58 -25 3
! -69125 70007 200
! -94361 33062 200
> 6345 4402 -795 468 121 3
> 2231 7181 143 -39 165 1
> 8730 4962 -486 25 113 2
> 1347 7438 -179 58 -25 3
! 52 104585 0 Sims: 192k
! 74385 -60866 200 Average: 228k
> 5399 5001 -804 509 139 3
> 2181 7194 -42 10 165 1
> 8244 4987 -413 21 95 2
> 1314 7359 -27 -66 -43 3
! -46104 90717 200
! -97681 1960 200
> 5399 5001 -804 509 139 3
> 2181 7194 -42 10 165 1
> 8244 4987 -413 21 95 2
> 1314 7359 -27 -66 -43 3
! 30776 102416 0 Sims: 213k
! 49670 -80172 200 Average: 228k
> 4492 5681 -770 578 121 3
> 2197 7159 81 -39 -177 1
> 7831 5008 -351 17 77 2
> 1126 7153 -227 -165 -61 3
! -18003 103118 200
! -91161 -28677 200
> 4492 5681 -770 578 121 3
> 2197 7159 81 -39 -177 1
> 7831 5008 -351 17 77 2
> 1126 7153 -227 -165 -61 3
! 59367 90705 0 Sims: 255k
! 74164 -61151 200 Average: 228k
> 3677 6454 -692 656 103 3
> 2091 7048 -89 -94 -159 1
> 7480 5025 -298 14 59 2
> 1045 6851 -68 -256 -43 3
! 12392 106073 0
! -75623 -55883 200
> 3677 6454 -692 656 103 3
> 2091 7048 -89 -94 -159 1
> 7480 5025 -298 14 59 2
> 1045 6851 -68 -256 -43 3
! 82976 70603 200 Sims: 237k
! 91615 -35541 0 Average: 228k
> 2985 7110 -588 557 85 0
> 1847 6828 -207 -186 -141 1
> 7333 5170 -124 123 41 2
> 977 6595 -57 -217 -25 3
! 42058 99160 0
! -52616 -77039 0
> 2985 7110 -588 557 85 0
> 1847 6828 -207 -186 -141 1
> 7333 5170 -124 123 41 2
> 977 6595 -57 -217 -25 3
! 99398 44209 200 Sims: 249k
! 100214 -5734 SHIELD Average: 228k
> 2397 7667 -499 473 67 0
> 1697 6661 17 -92 -123 1
> 7393 5371 51 170 23 2
> 914 6376 -67 -190 -7 3
! 68002 83137 0
! -76017 -56270 SHIELD
> 2397 7667 -499 473 67 0
> 1697 6661 17 -92 -123 1
> 7393 5371 51 170 23 2
> 914 6376 -67 -190 -7 3
! 107016 14049 200 Sims: 271k
! 99104 25316 0 Average: 229k
> 1898 8140 -424 402 49 0
> 1714 6569 14 -78 -141 1
> 7643 5558 212 159 5 2
> 847 6186 -56 -161 11 3
! 87614 59643 200
! -52749 -77298 0
> 1898 8140 -424 402 49 0
> 1714 6569 14 -78 -141 1
> 7643 5558 212 159 5 2
> 847 6186 -56 -161 11 3
! 105072 -16974 200 Sims: 263k
! 99037 25126 0 Average: 229k
> 1645 8645 -214 429 31 0
> 1728 6491 11 -66 -123 1
> 8050 5672 345 96 -13 2
> 791 6025 -47 -136 11 3
! 99082 31140 200
! -75986 -56440 200
> 1645 8645 -214 429 31 0
> 1728 6491 11 -66 -123 1
> 8050 5672 345 96 -13 2
> 791 6025 -47 -136 11 3
! 107673 14350 0 Sims: 266k
! 88322 54381 0 Average: 230k
> 1626 9119 -16 402 13 0
> 1739 6425 9 -56 -141 1
> 8395 5768 293 81 5 2
> 744 5889 -39 -115 29 3
! 101245 403 200
! -91619 -29411 200
> 1626 9119 -16 402 13 0
> 1739 6425 9 -56 -141 1
> 8395 5768 293 81 5 2
> 744 5889 -39 -115 29 3
! 100460 44807 0 Sims: 259k
! 88275 54245 200 Average: 230k
> 1809 9504 155 326 -5 0
> 1748 6369 7 -47 -159 1
> 8688 5849 249 68 23 2
> 880 5871 115 -15 29 3
! 93859 -29569 200
! -75966 -56562 200
> 1809 9504 155 326 -5 0
> 1748 6369 7 -47 -159 1
> 8688 5849 249 68 23 2
> 880 5871 115 -15 29 3
! 84184 71427 0 Sims: 239k
! 69184 78909 200 Average: 230k
> 2148 9752 288 210 -23 0
> 1861 6335 246 50 -141 1
> 8937 5917 211 57 41 2
> 870 5863 -158 -86 47 3
! 77618 -55854 200
! -91497 -29501 0
> 2148 9752 288 210 -23 0
> 1861 6335 246 50 -141 1
> 8937 5917 211 57 41 2
> 870 5863 -158 -86 47 3
! 60473 91614 0 Sims: 242k
! 88401 54219 200 Average: 230k
> 2587 9831 373 66 -41 0
> 2107 6385 209 42 -159 1
> 9148 5974 179 48 59 2
> 887 5874 14 9 29 3
! 54090 -75885 200
! -97755 1151 200
> 2587 9831 373 66 -41 0
> 2107 6385 209 42 -159 1
> 9148 5974 179 48 59 2
> 887 5874 14 9 29 3
! 31680 103403 0 Sims: 234k
! 88418 54230 200 Average: 230k
> 3063 9726 404 -89 -59 0
> 2116 6417 7 26 -177 1
> 9327 6022 152 40 77 2
> 1076 5980 160 89 29 3
! 54566 -75990 200
! -91242 -29419 200
> 3063 9726 404 -89 -59 0
> 2116 6417 7 26 -177 1
> 9327 6022 152 40 77 2
> 1076 5980 160 89 29 3
! 649 105645 0 Sims: 234k
! 69380 79018 200 Average: 230k
> 3570 9466 430 -221 -59 0
> 2140 6444 281 115 -159 1
> 9479 6062 129 34 95 2
> 1169 6142 -182 45 47 3
! 79040 -56139 200
! -97722 1210 200
> 3570 9466 430 -221 -59 0
> 2140 6444 281 115 -159 1
> 9479 6062 129 34 95 2
> 1169 6142 -182 45 47 3
! -29560 98127 0 Sims: 210k
! 88700 54498 200 Average: 230k
> 4151 9114 493 -299 -41 0
> 2221 6549 69 88 -177 1
> 9608 6096 109 28 113 2
> 1162 6284 -5 120 29 3
! 79621 -56491 200
! -97641 1315 200
> 4151 9114 493 -299 -41 0
> 2221 6549 69 88 -177 1
> 9608 6096 109 28 113 2
> 1162 6284 -5 120 29 3
! -55970 81592 0 Sims: 198k
! 99352 25224 200 Average: 230k
> 4795 8684 547 -365 -41 0
> 2129 6636 162 134 -177 1
> 9717 6124 92 23 131 2
> 1314 6432 -111 65 11 3
! 96845 -30389 200
! -91229 -29200 200
> 4795 8684 547 -365 -41 0
> 2129 6636 162 134 -177 1
> 9717 6124 92 23 131 2
> 1314 6432 -111 65 11 3
! -75980 57660 0 Sims: 194k
! 99504 25372 200 Average: 229k
> 5526 8241 621 -376 -23 0
> 2218 6726 126 88 -159 1
> 9809 6147 78 19 149 2
> 1286 6507 -74 51 11 3
! 97576 -30832 0
! -91140 -29110 200
> 5526 8241 621 -376 -23 0
> 2218 6726 126 88 -159 1
> 9809 6147 78 19 149 2
> 1286 6507 -74 51 11 3
! -87620 28679 200 Sims: 190k
! 99476 25447 200 Average: 229k
> 6147 7865 527 -319 -23 0
> 2198 6751 129 50 -159 1
> 9692 6211 -99 54 167 2
> 1368 6588 -76 38 11 3
! 105766 -850 0
! -97664 1517 200
> 6147 7865 527 -319 -23 0
> 2198 6751 129 50 -159 1
> 9692 6211 -99 54 167 2
> 1368 6588 -76 38 11 3
! -87737 28743 200 Sims: 190k
! 99558 25528 200 Average: 229k
> 6674 7546 447 -271 -5 0
> 2290 6823 121 69 -177 1
> 9398 6310 -249 84 167 2
> 1325 6632 -78 28 11 3
! 106293 -1169 200
! -97572 1589 200
> 6674 7546 447 -271 -5 0
> 2290 6823 121 69 -177 1
> 9398 6310 -249 84 167 2
> 1325 6632 -78 28 11 3
! -90225 -2368 0 Sims: 230k
! 99515 25572 200 Average: 229k
> 7320 7258 549 -245 -5 0
> 2223 6884 112 92 -177 1
> 9149 6394 -211 71 185 2
> 1432 6695 -78 13 11 3
! 104757 29752 0
! -91135 -28952 200
> 7320 7258 549 -245 -5 0
> 2223 6884 112 92 -177 1
> 9149 6394 -211 71 185 2
> 1432 6695 -78 13 11 3
! -82916 -32645 0 Sims: 238k
! 99622 25635 200 Average: 229k
> 7869 7013 466 -208 13 0
> 2345 6952 116 60 -159 1
> 8938 6465 -179 60 203 2
> 1353 6699 -79 0 11 3
! 105306 29508 SHIELD
! -91013 -28884 200
> 7869 7013 466 -208 13 0
> 2345 6952 116 60 -159 1
> 8938 6465 -179 60 203 2
> 1353 6699 -79 0 11 3
! -83127 -32574 200 Sims: 237k
! 99543 25639 200 Average: 229k
> 8275 6846 295 -107 13 0
> 2274 6940 -60 -9 -159 1
> 9173 6035 697 -708 -157 2
> 1470 6737 99 32 11 3
! 107894 -1869 0
! -91084 -28896 200
> 8275 6846 295 -107 13 0
> 2274 6940 -60 -9 -159 1
> 9173 6035 697 -708 -157 2
> 1470 6737 99 32 11 3
! -90450 -2643 0 Sims: 252k
! 99660 25677 SHIELD Average: 229k
> 8570 6739 250 -90 -5 0
> 2616 7006 334 67 -159 1
> 9870 5327 592 -601 -175 2
> 1510 6754 29 13 11 3
! 108189 -1976 0
! -97246 1772 200
> 8570 6739 250 -90 -5 0
> 2616 7006 334 67 -159 1
> 9870 5327 592 -601 -175 2
> 1510 6754 29 13 11 3
! -82195 -33712 200 Sims: 284k
! 99700 25694 0 Average: 229k
> 8820 6649 212 -76 -5 0
> 2750 7063 114 48 -177 1
> 10278 4648 346 -577 -157 2
> 1539 6767 24 11 11 3
! 100870 -32424 200
! -90608 -28773 200
> 8820 6649 212 -76 -5 0
> 2750 7063 114 48 -177 1
> 10278 4648 346 -577 -157 2
> 1539 6767 24 11 11 3
! -89345 -4030 0 Sims: 272k
! 99729 25707 0 Average: 230k
> 9032 6573 180 -64 -23 0
> 2677 7039 -61 -20 -159 1
> 10624 4071 294 -490 -175 2
> 1563 6778 20 9 11 3
! 84502 -59033 200
! -97185 1805 200
> 9032 6573 180 -64 -23 0
> 2677 7039 -61 -20 -159 1
> 10624 4071 294 -490 -175 2
> 1563 6778 20 9 11 3
! -86805 26603 0 Sims: 259k
! 99753 25718 0 Average: 230k
> 9363 6378 281 -165 -41 0
> 2416 7009 -221 -25 -177 1
> 10918 3581 249 -416 -193 2
> 1583 6787 17 7 11 3
! 60866 -79338 200
! -90942 -28827 200
> 9363 6378 281 -165 -41 0
> 2416 7009 -221 -25 -177 1
> 10918 3581 249 -416 -193 2
> 1583 6787 17 7 11 3
! -86511 26113 200 Sims: 250k
! 99773 25727 SHIELD Average: 230k
> 9747 6042 326 -285 -59 1
> 2667 7089 305 92 -159 1
> 10972 3210 46 -315 167 2
> 1534 6776 -50 -11 11 3
! 85217 -59563 200
! -97195 1855 200
> 9747 6042 326 -285 -59 1
> 2667 7089 305 92 -159 1
> 10972 3210 46 -315 167 2
> 1534 6776 -50 -11 11 3
! -74725 54746 0 Sims: 264k
! 99724 25716 0 Average: 231k
> 10224 5626 405 -353 -41 1
> 2772 7171 89 69 -177 1
> 11018 2895 39 -267 149 2
> 1484 6765 -42 -9 11 3
! 85694 -59979 200
! -90586 -28665 200
> 10224 5626 405 -353 -41 1
> 2772 7171 89 69 -177 1
> 11018 2895 39 -267 149 2
> 1484 6765 -42 -9 11 3
! -74679 54431 200 Sims: 270k
! 99674 25705 0 Average: 231k
> 10780 5142 472 -411 -41 1
> 2674 7168 -83 -2 -159 1
> 10886 2731 -112 -139 149 2
> 1442 6756 -35 -7 11 3
! 62283 -80574 200
! -90684 -28668 200
> 10780 5142 472 -411 -41 1
> 2674 7168 -83 -2 -159 1
> 10886 2731 -112 -139 149 2
> 1442 6756 -35 -7 11 3
! -74811 54267 200 Sims: 254k
! 99632 25696 0 Average: 231k
> 11355 4560 488 -495 -59 1
> 2404 7094 -229 -62 -159 1
> 10603 2695 -240 -30 149 2
> 1407 6749 -29 -5 11 3
! 86825 -61045 200
! -90954 -28742 200
> 11355 4560 488 -495 -59 1
> 2404 7094 -229 -62 -159 1
> 10603 2695 -240 -30 149 2
> 1407 6749 -29 -5 11 3
! -86826 25227 200 Sims: 236k
! 88938 55105 200 Average: 231k
> 11994 3934 543 -532 -41 1
> 2320 7069 134 46 -159 1
> 10168 2710 -369 12 167 2
> 1221 6732 -363 -82 29 3
! 63497 -81782 200
! -91038 -28767 0
> 11994 3934 543 -532 -41 1
> 2320 7069 134 46 -159 1
> 10168 2710 -369 12 167 2
> 1221 6732 -363 -82 29 3
! -87261 25242 200 Sims: 251k
! 99411 25672 200 Average: 231k
> 12640 3231 549 -597 -59 1
> 2454 7115 113 39 -159 1
> 9604 2767 -479 48 167 2
> 1054 6688 -141 -37 11 3
! 35135 -94206 0
! -90904 -28721 200
> 12640 3231 549 -597 -59 1
> 2454 7115 113 39 -159 1
> 9604 2767 -479 48 167 2
> 1054 6688 -141 -37 11 3
! -90019 -5911 200 Sims: 242k
! 100291 -5641 200 Average: 231k
> 13189 2634 466 -507 -77 1
> 2380 7082 -62 -27 -159 1
> 8926 2798 -576 26 185 2
> 1111 6626 48 -52 -7 3
! 4473 -96985 0
! -75334 -55849 200
> 13189 2634 466 -507 -77 1
> 2380 7082 -62 -27 -159 1
> 8926 2798 -576 26 185 2
> 1111 6626 48 -52 -7 3
! -83139 -36241 200 Sims: 228k
! 99301 25566 200 Average: 231k
> 13655 2127 396 -430 -95 2
> 2163 6929 -184 -129 -141 1
> 8166 2746 -646 -44 203 3
> 1355 6612 207 -12 11 3
! -25418 -89923 0
! -91195 -28907 SHIELD
> 13655 2127 396 -430 -95 2
> 2163 6929 -184 -129 -141 1
> 8166 2746 -646 -44 203 3
> 1355 6612 207 -12 11 3
! -67330 -62832 0 Sims: 287k
! 99545 25552 SHIELD Average: 232k
> 14051 1697 336 -365 -113 2
> 2293 6926 164 18 -159 1
> 7520 2702 -549 -37 221 3
> 1248 6474 -144 -138 11 3
! -51554 -73773 0
! -75421 -56005 0
> 14051 1697 336 -365 -113 2
> 2293 6926 164 18 -159 1
> 7520 2702 -549 -37 221 3
> 1248 6474 -144 -138 11 3
! -44016 -82995 0 Sims: 267k
! 99438 25414 0 Average: 232k
> 14387 1332 285 -310 -131 2
> 2457 6944 139 15 -141 1
> 6971 2665 -466 -31 -121 3
> 1104 6336 -122 -117 11 3
! -71329 -50171 0
! -90901 -28892 0
> 14387 1332 285 -310 -131 2
> 2457 6944 139 15 -141 1
> 6971 2665 -466 -31 -121 3
> 1104 6336 -122 -117 11 3
! -15561 -94764 0 Sims: 270k
! 88635 54692 0 Average: 232k
> 14672 1022 242 -263 -149 2
> 2596 6959 118 12 -159 1
> 6505 2634 -396 -26 -103 3
> 982 6219 -103 -99 29 3
! -82765 -21473 200
! -75118 -55972 0
> 14672 1022 242 -263 -149 2
> 2596 6959 118 12 -159 1
> 6505 2634 -396 -26 -103 3
> 982 6219 -103 -99 29 3
! 15183 -96989 0 Sims: 224k
! 88513 54575 0 Average: 232k
> 14719 714 40 -261 -167 2
> 2714 6971 100 10 -141 1
> 6109 2608 -336 -22 -85 3
> 879 6120 -87 -84 29 3
! -84900 9429 200
! -90644 -28865 200
> 14719 714 40 -261 -167 2
> 2714 6971 100 10 -141 1
> 6109 2608 -336 -22 -85 3
> 879 6120 -87 -84 29 3
! 45148 -89457 0 Sims: 234k
! 69183 79158 200 Average: 232k
> 14560 470 -135 -207 175 2
> 2627 6909 -73 -52 -159 1
> 5773 2586 -285 -18 -67 3
> 929 6182 42 52 47 3
! -77490 39543 200
! -97235 1675 200
> 14560 470 -135 -207 175 2
> 2627 6909 -73 -52 -159 1
> 5773 2586 -285 -18 -67 3
> 929 6182 42 52 47 3
! 71351 -72910 0 Sims: 231k
! 88460 54538 200 Average: 232k
> 14241 341 -271 -109 157 2
> 2354 6847 -231 -53 -177 1
> 5488 2568 -242 -15 -49 3
> 1146 6331 184 126 29 3
! -77809 39414 200
! -91004 -28989 0
> 14241 341 -271 -109 157 2
> 2354 6847 -231 -53 -177 1
> 5488 2568 -242 -15 -49 3
> 1146 6331 184 126 29 3
! 91185 -48968 0 Sims: 219k
! 99336 25271 0 Average: 232k
> 13786 310 -386 -26 157 2
> 2123 6794 -196 -45 -159 1
> 5246 2553 -205 -12 -31 3
> 1330 6457 156 107 11 3
! -78264 39383 200
! -91235 -29042 200
> 13786 310 -386 -26 157 2
> 2123 6794 -196 -45 -159 1
> 5246 2553 -205 -12 -31 3
> 1330 6457 156 107 11 3
! 102675 -19979 200 Sims: 242k
! 99520 25397 SHIELD Average: 232k
> 13216 362 -484 44 157 2
> 2613 7049 504 253 -159 1
> 5236 2496 -8 -48 -13 3
> 1399 6527 49 55 11 3
! -62254 65967 200
! -90745 -28787 200
> 13216 362 -484 44 157 2
> 2613 7049 504 253 -159 1
> 5236 2496 -8 -48 -13 3
> 1399 6527 49 55 11 3
! 104859 11174 200 Sims: 240k
! 99589 25467 0 Average: 232k
> 12581 537 -539 148 139 2
> 2930 7230 269 154 -159 1
> 5427 2465 162 -26 5 3
> 1448 6582 41 46 11 3
! -79469 39610 200
! -90428 -28606 200
> 12581 537 -539 148 139 2
> 2930 7230 269 154 -159 1
> 5427 2465 162 -26 5 3
> 1448 6582 41 46 11 3
! 105050 11143 200 Sims: 230k
! 99638 25522 0 Average: 232k
> 11858 763 -614 192 157 2
> 3012 7312 69 69 -159 1
> 5788 2456 307 -7 5 3
> 1489 6628 34 39 11 3
! -63612 66368 200
! -90346 -28524 200
> 11858 763 -614 192 157 2
> 3012 7312 69 69 -159 1
> 5788 2456 307 -7 5 3
> 1489 6628 34 39 11 3
! 105411 11134 200 Sims: 224k
! 99679 25568 0 Average: 232k
> 11093 1086 -650 274 139 2
> 2894 7309 -100 -2 -159 1
> 6294 2466 430 8 5 3
> 1523 6667 28 33 11 3
! -40410 86802 200
! -74820 -55622 200
> 11093 1086 -650 274 139 2
> 2894 7309 -100 -2 -159 1
> 6294 2466 430 8 5 3
> 1523 6667 28 33 11 3
! 103723 -20066 200 Sims: 214k
! 99713 25607 200 Average: 232k
> 10340 1531 -640 378 121 2
> 2639 7181 -217 -108 -141 1
> 6919 2429 531 -31 -13 3
> 1747 6738 190 60 11 3
! -65130 67136 0
! -75075 -55750 SHIELD
> 10340 1531 -640 378 121 2
> 2639 7181 -217 -108 -141 1
> 6919 2429 531 -31 -13 3
> 1747 6738 190 60 11 3
! 106542 11107 200 Sims: 235k
! 99937 25678 SHIELD Average: 232k
> 9700 1909 -544 321 139 2
> 2638 7185 146 79 -141 1
> 7649 2415 620 -11 5 3
> 1721 6686 -169 -120 11 3
! -82350 40982 200
! -75076 -55746 0
> 9700 1909 -544 321 139 2
> 2638 7185 146 79 -141 1
> 7649 2415 620 -11 5 3
> 1721 6686 -169 -120 11 3
! 105078 -20117 0 Sims: 245k
! 99911 25626 0 Average: 232k
> 9062 2294 552 157 157 2
> 2784 7264 124 67 -141 1
> 8179 2418 -644 172 -13 3
> 1552 6566 -143 -102 11 3
! -90557 11009 200
! -74930 -55667 0
> 9062 2294 552 157 157 2
> 2784 7264 124 67 -141 1
> 8179 2418 -644 172 -13 3
> 1552 6566 -143 -102 11 3
! 107802 11096 200 Sims: 230k
! 99742 25506 0 Average: 232k
> 9415 2468 299 148 175 2
> 2908 7331 105 56 -141 1
> 7734 2607 -378 160 5 3
> 1409 6464 -121 -86 11 3
! -90204 11183 200
! -74806 -55600 0
> 9415 2468 299 148 175 2
> 2908 7331 105 56 -141 1
> 7734 2607 -378 160 5 3
> 1409 6464 -121 -86 11 3
! 107357 11285 200 Sims: 223k
! 99599 25404 0 Average: 232k
> 9515 2633 84 140 175 2
> 3013 7387 89 47 -141 1
> 7555 2784 -151 150 5 3
> 1288 6378 -102 -73 11 3
! -90104 11348 200
! -90345 -28449 200
> 9515 2633 84 140 175 2
> 3013 7387 89 47 -141 1
> 7555 2784 -151 150 5 3
> 1288 6378 -102 -73 11 3
! 107178 11462 200 Sims: 214k
! 88819 54734 200 Average: 232k
> 9400 2790 -97 133 175 2
> 2915 7362 -83 -20 -159 1
> 7603 2951 41 142 5 3
> 1361 6402 62 20 29 3
! -90219 11505 200
! -74799 -55569 200
> 9400 2790 -97 133 175 2
> 2915 7362 -83 -20 -159 1
> 7603 2951 41 142 5 3
> 1361 6402 62 20 29 3
! 105032 -19581 200 Sims: 209k
! 69665 79440 200 Average: 232k
> 9104 2940 -251 127 175 2
> 2677 7216 -202 -123 -141 1
> 7839 3048 200 82 -13 3
> 1560 6568 168 141 47 3
! -82946 42013 0
! -90681 -28620 0
> 9104 2940 -251 127 175 2
> 2677 7216 -202 -123 -141 1
> 7839 3048 200 82 -13 3
> 1560 6568 168 141 47 3
! 105268 -19484 SHIELD Sims: 202k
! 89091 54924 200 Average: 232k
> 8853 3067 -213 107 157 2
> 2616 7168 316 155 -159 1
> 8039 3130 170 69 -13 3
> 1762 6730 -196 -57 29 3
! -90766 11782 SHIELD
! -75098 -55763 200
> 8853 3067 -213 107 157 2
> 2616 7168 316 155 -159 1
> 8039 3130 170 69 -13 3
> 1762 6730 -196 -57 29 3
! 105468 -19402 SHIELD Sims: 234k
! 99952 25670 200 Average: 232k
> 9007 3146 145 65 175 2
> 2777 7197 136 24 -141 1
> 7842 3227 -181 83 -13 3
> 1762 6711 0 -16 11 3
! -88430 -19349 0
! -90581 -28639 200
> 9007 3146 145 65 175 2
> 2777 7197 136 24 -141 1
> 7842 3227 -181 83 -13 3
> 1762 6711 0 -16 11 3
! 107465 11905 0 Sims: 228k
! 99952 25651 200 Average: 232k
> 9152 3211 123 55 -167 2
> 2726 7149 -43 -40 -159 1
> 7661 3310 -153 70 5 3
> 1958 6733 166 18 11 3
! -90467 11926 0
! -74988 -55782 SHIELD
> 9152 3211 123 55 -167 2
> 2726 7149 -43 -40 -159 1
> 7661 3310 -153 70 5 3
> 1958 6733 166 18 11 3
! 107284 11988 0 Sims: 207k
! 89489 55089 0 Average: 231k
> 9275 3266 104 46 175 2
> 2705 7121 -8 -17 -141 1
> 7508 3380 -130 59 5 3
> 1907 6628 -141 -145 29 3
! -88162 -19229 0
! -51758 -76746 0
> 9275 3266 104 46 175 2
> 2705 7121 -8 -17 -141 1
> 7508 3380 -130 59 5 3
> 1907 6628 -141 -145 29 3
! 107131 12058 0 Sims: 206k
! 89438 54984 200 Average: 231k
> 9379 3312 88 39 -167 2
> 2697 7104 -6 -14 -123 1
> 7378 3439 -110 50 5 3
> 1941 6580 28 -41 29 3
! -88058 -19183 200
! -23185 -89488 0
> 9379 3312 88 39 -167 2
> 2697 7104 -6 -14 -123 1
> 7378 3439 -110 50 5 3
> 1941 6580 28 -41 29 3
! 104807 -19093 200 Sims: 216k
! 89472 54936 200 Average: 231k
> 9272 3306 -90 -5 -167 2
> 2768 7148 146 103 -105 1
> 7463 3444 72 4 -13 3
> 2067 6577 20 -68 29 3
! -88165 -19189 200
! -23113 -89444 0
> 9272 3306 -90 -5 -167 2
> 2768 7148 146 103 -105 1
> 7463 3444 72 4 -13 3
> 2067 6577 20 -68 29 3
! 104892 -19088 200 Sims: 210k
! 100257 25517 200 Average: 231k
> 8987 3256 -242 -42 -167 2
> 2914 7251 124 87 -105 1
> 7730 3403 226 -34 -13 3
> 2283 6547 183 -25 11 3
! -90632 11971 200
! 8147 -92611 200
> 8987 3256 -242 -42 -167 2
> 2914 7251 124 87 -105 1
> 7730 3403 226 -34 -13 3
> 2283 6547 183 -25 11 3
! 105159 -19129 200 Sims: 196k
! 101520 -5782 200 Average: 231k
> 8937 3173 348 -128 175 2
> 3083 7189 218 55 -87 1
> 7759 3382 -365 40 -13 3
> 2630 6447 220 -193 -7 0
! -90682 11888 200
! 38919 -86169 200
> 8937 3173 348 -128 175 2
> 3083 7189 218 55 -87 1
> 7759 3382 -365 40 -13 3
> 2630 6447 220 -193 -7 0
! 105188 -19150 200 Sims: 213k
! 101867 -5882 200 Average: 231k
> 9086 3062 126 -93 175 2
> 3373 7057 246 -111 -69 1
> 7589 3377 -144 -4 -13 3
> 3048 6229 355 -185 -7 0
! -82964 42135 200
! 66304 -70657 200
> 9086 3062 126 -93 175 2
> 3373 7057 246 -111 -69 1
> 7589 3377 -144 -4 -13 3
> 3048 6229 355 -185 -7 0
! 105018 -19155 200 Sims: 204k
! 101238 25169 200 Average: 230k
> 9028 3047 -49 -12 157 2
> 3773 6884 366 -61 -51 1
> 7640 3328 43 -41 -13 3
> 3571 5989 418 -290 11 0
! -66442 68652 200
! 87640 -47579 200
> 9028 3047 -49 -12 157 2
> 3773 6884 366 -61 -51 1
> 7640 3328 43 -41 -13 3
> 3571 5989 418 -290 11 0
! 105069 -19204 200 Sims: 202k
! 101761 24929 200 Average: 230k
> 8828 3166 -169 101 139 2
> 4307 6714 453 -144 -33 1
> 7878 3242 202 -73 -13 3
> 4185 5737 522 -214 11 0
! -83222 42239 SHIELD
! 88173 -47750 200
> 8828 3166 -169 101 139 2
> 4307 6714 453 -144 -33 1
> 7878 3242 202 -73 -13 3
> 4185 5737 522 -214 11 0
! 105307 -19290 SHIELD Sims: 220k
! 102375 24677 200 Average: 230k
> 8881 3265 172 83 157 2
> 4928 6461 527 -214 -33 1
> 7858 3171 -144 -59 -13 3
> 4903 5561 610 -149 11 0
! -83169 42338 0
! 67859 -71253 200
> 8881 3265 172 83 157 2
> 4928 6461 527 -214 -33 1
> 7858 3171 -144 -59 -13 3
> 4903 5561 610 -149 11 0
! 107481 11849 0 Sims: 205k
! 104140 -6768 200 Average: 230k
> 9053 3348 146 70 157 2
> 5574 6193 542 -134 -51 1
> 7714 3112 -122 -50 5 3
> 5719 5286 699 -327 -7 0
! -90566 12063 0
! 89441 -48270 200
> 9053 3348 146 70 157 2
> 5574 6193 542 -134 -51 1
> 7714 3112 -122 -50 5 3
> 5719 5286 699 -327 -7 0
! 99779 42151 0 Sims: 224k
! 96289 -37106 200 Average: 230k
> 9199 3418 124 59 175 2
> 6284 5950 603 -206 -33 1
> 7592 3062 -103 -42 23 3
> 6599 4874 748 -350 -25 0
! -90420 12133 0
! 69215 -71764 200
> 9199 3418 124 59 175 2
> 6284 5950 603 -206 -33 1
> 7592 3062 -103 -42 23 3
> 6599 4874 748 -350 -25 0
! 99657 42101 0 Sims: 202k
! 79637 -63430 200 Average: 230k
> 9323 3477 105 50 175 2
> 7013 5589 619 -307 -51 1
> 7489 3020 -87 -35 23 3
> 7493 4387 759 -413 -43 0
! -88114 -19018 200
! 42849 -87769 200
> 9323 3477 105 50 175 2
> 7013 5589 619 -307 -51 1
> 7489 3020 -87 -35 23 3
> 7493 4387 759 -413 -43 0
! 107112 11698 200 Sims: 225k
! 98063 -38005 200 Average: 230k
> 9233 3482 -76 4 -167 2
> 7704 5095 587 -419 -69 1
> 7601 3002 95 -14 5 3
> 8433 3889 799 -423 -25 0
! -90386 12197 SHIELD
! 43540 -88263 0
> 9233 3482 -76 4 -167 2
> 7704 5095 587 -419 -69 1
> 7601 3002 95 -14 5 3
> 8433 3889 799 -423 -25 0
! 105030 -19530 0 Sims: 250k
! 107670 -8440 SHIELD Average: 230k
> 9937 3087 672 -373 175 2
> 8291 4676 498 -356 -69 1
> 7696 2988 80 -11 -13 3
> 8452 3865 -57 17 -7 0
! -82113 42160 0
! 13524 -95186 200
> 9937 3087 672 -373 175 2
> 8291 4676 498 -356 -69 1
> 7696 2988 80 -11 -13 3
> 8452 3865 -57 17 -7 0
! 107319 11666 0 Sims: 241k
! 106642 22805 SHIELD Average: 230k
> 10609 2714 571 -317 157 2
> 8600 5258 255 535 -87 1
> 7776 2977 68 -9 5 3
> 8415 3768 -30 -86 11 0
! -81441 41787 0
! -17282 -91334 200
> 10609 2714 571 -317 157 2
> 8600 5258 255 535 -87 1
> 7776 2977 68 -9 5 3
> 8415 3768 -30 -86 11 0
! 99841 42016 0 Sims: 206k
! 106605 22708 0 Average: 230k
> 11180 2397 485 -269 157 2
> 8803 5600 172 290 -105 1
> 7844 2968 57 -7 23 3
> 8385 3682 -25 -73 11 0
! -64290 68002 0
! 14036 -94262 200
> 11180 2397 485 -269 157 2
> 8803 5600 172 290 -105 1
> 7844 2968 57 -7 23 3
> 8385 3682 -25 -73 11 0
! 83340 68546 200 Sims: 200k
! 95916 52038 0 Average: 230k
> 11665 2128 412 -228 139 2
> 8985 5690 155 76 -87 1
> 7935 2929 30 -98 41 3
> 8477 3772 125 142 29 0
! -80385 41201 200
! -16897 -90902 200
> 11665 2128 412 -228 139 2
> 8985 5690 155 76 -87 1
> 7935 2929 30 -98 41 3
> 8477 3772 125 142 29 0
! 59471 88626 200 Sims: 204k
! 76781 76810 0 Average: 230k
> 11893 1978 193 -127 157 2
> 9088 5573 87 -99 -105 1
> 8068 3002 113 62 59 3
> 8602 3914 106 120 47 0
! -87726 10693 200
! 14321 -94289 0
> 11893 1978 193 -127 157 2
> 9088 5573 87 -99 -105 1
> 8068 3002 113 62 59 3
> 8602 3914 106 120 47 0
! 59604 88699 200 Sims: 195k
! 50994 94484 200 Average: 229k
> 11887 1868 -5 -93 175 2
> 9175 5474 73 -84 -87 1
> 8284 3235 183 198 59 3
> 8793 4215 162 255 65 0
! -87732 10583 200
! -16707 -91118 0
> 11887 1868 -5 -93 175 2
> 9175 5474 73 -84 -87 1
> 8284 3235 183 198 59 3
> 8793 4215 162 255 65 0
! 83780 68813 200 Sims: 202k
! 77097 77253 200 Average: 229k
> 11683 1792 -173 -64 175 2
> 9250 5400 151 362 -105 1
> 8618 3564 283 279 41 3
> 9090 4606 164 -92 47 0
! -80367 40865 200
! 14483 -94462 200
> 11683 1792 -173 -64 175 2
> 9250 5400 151 362 -105 1
> 8618 3564 283 279 41 3
> 9090 4606 164 -92 47 0
! 100683 42603 200 Sims: 208k
! 77394 77644 SHIELD Average: 229k
> 11326 1806 -303 12 157 2
> 9411 5562 137 137 -87 1
> 8969 3605 117 -459 23 3
> 9266 4546 167 -1 47 0
! -64144 67411 200
! 45247 -87796 0
> 11326 1806 -303 12 157 2
> 9411 5562 137 137 -87 1
> 8969 3605 117 -459 23 3
> 9266 4546 167 -1 47 0
! 108592 12283 0 Sims: 211k
! 77570 77584 0 Average: 229k
> 10872 1949 -385 121 139 2
> 9548 5699 116 116 -69 1
> 9086 3146 99 -390 5 3
> 9433 4545 141 0 47 0
! -40631 87665 200
! 14781 -94163 0
> 10872 1949 -385 121 139 2
> 9548 5699 116 116 -69 1
> 9086 3146 99 -390 5 3
> 9433 4545 141 0 47 0
! 106515 -19386 200 Sims: 214k
! 51825 95115 0 Average: 229k
> 10384 2241 -414 248 121 2
> 9664 5815 98 98 -87 1
> 9380 2711 249 -369 -13 3
> 9574 4545 119 0 65 0
! -65086 67846 SHIELD
! 14897 -94047 200
> 10384 2241 -414 248 121 2
> 9664 5815 98 98 -87 1
> 9380 2711 249 -369 -13 3
> 9574 4545 119 0 65 0
! 109003 11389 SHIELD Sims: 234k
! 21903 103782 0 Average: 229k
> 10465 2330 311 -2 139 2
> 9772 5713 92 -86 -87 1
> 9134 2501 -451 -100 5 3
> 9693 4545 101 0 83 0
! -81585 41403 0
! -16110 -90879 200
> 10465 2330 311 -2 139 2
> 9772 5713 92 -86 -87 1
> 9134 2501 -451 -100 5 3
> 9693 4545 101 0 83 0
! 108757 11179 0 Sims: 210k
! -9247 102735 200 Average: 229k
> 10776 2328 264 -1 157 2
> 9820 5539 65 166 -105 1
> 8683 2401 -383 -85 5 3
> 9748 4636 22 -236 101 0
! -88843 11043 0
! -16061 -91053 200
> 10776 2328 264 -1 157 2
> 9820 5539 65 166 -105 1
> 8683 2401 -383 -85 5 3
> 9748 4636 22 -236 101 0
! 108306 11079 0 Sims: 201k
! 22077 103873 200 Average: 229k
> 11040 2327 224 0 175 2
> 9833 5512 11 -23 -105 1
> 8300 2316 -325 -72 5 3
> 9795 4598 39 -31 83 0
! -81010 41400 200
! 15066 -94350 200
> 11040 2327 224 0 175 2
> 9833 5512 11 -23 -105 1
> 8300 2316 -325 -72 5 3
> 9795 4598 39 -31 83 0
! 100365 41355 0 Sims: 189k
! 22124 103835 200 Average: 228k
> 11264 2327 190 0 157 2
> 9863 5566 28 143 -87 1
> 7975 2244 -276 -61 23 3
> 9850 4489 43 -190 83 0
! -80786 41400 200
! 15096 -94296 200
> 11264 2327 190 0 157 2
> 9863 5566 28 143 -87 1
> 7975 2244 -276 -61 23 3
> 9850 4489 43 -190 83 0
! 100040 41283 200 Sims: 184k
! -9090 102679 200 Average: 228k
> 11270 2405 5 66 157 2
> 9901 5509 32 -48 -87 1
> 7883 2261 -78 14 23 3
> 9855 4495 4 5 101 0
! -88349 11120 200
! -15981 -91083 200
> 11270 2405 5 66 157 2
> 9901 5509 32 -48 -87 1
> 7883 2261 -78 14 23 3
> 9855 4495 4 5 101 0
! 107506 10939 200 Sims: 171k
! -9085 102685 200 Average: 228k
> 11076 2488 -165 70 175 2
> 9896 5493 7 168 -105 1
> 8004 2292 103 26 5 3
> 9806 4471 -53 -202 101 0
! -86361 -20007 200
! -15985 -91099 200
> 11076 2488 -165 70 175 2
> 9896 5493 7 168 -105 1
> 8004 2292 103 26 5 3
> 9806 4471 -53 -202 101 0
! 100069 41331 200 Sims: 173k
! 22135 103708 200 Average: 228k
> 10716 2513 -305 21 -167 2
> 9851 5468 -38 -21 -105 1
> 8291 2396 244 88 23 3
> 9778 4467 -24 -2 83 0
! -88903 11228 200
! 15084 -94394 200
> 10716 2513 -305 21 -167 2
> 9851 5468 -38 -21 -105 1
> 8291 2396 244 88 23 3
> 9778 4467 -24 -2 83 0
! 107914 11074 200 Sims: 186k
! 52170 95037 200 Average: 227k
> 10212 2551 -428 32 175 2
> 9831 5447 -11 154 -87 1
> 8734 2501 376 89 5 3
> 9832 4446 39 -189 65 0
! -89407 11266 SHIELD
! 45667 -87911 200
> 10212 2551 -428 32 175 2
> 9831 5447 -11 154 -87 1
> 8734 2501 376 89 5 3
> 9832 4446 39 -189 65 0
! 108357 11179 SHIELD Sims: 225k
! 22161 103683 200 Average: 227k
> 9910 2583 319 28 175 2
> 9892 5414 51 -27 -69 1
> 8984 2590 -363 73 5 3
> 9896 4455 54 8 83 0
! -87527 -19912 0
! 15125 -94448 200
> 9910 2583 319 28 175 2
> 9892 5414 51 -27 -69 1
> 8984 2590 -363 73 5 3
> 9896 4455 54 8 83 0
! 108607 11268 0 Sims: 186k
! -9044 102645 200 Average: 227k
> 10229 2611 271 23 -167 2
> 9958 5459 58 173 -87 1
> 8621 2663 -308 62 5 3
> 9908 4388 7 -192 101 0
! -87208 -19884 0
! -15924 -91133 200
> 10229 2611 271 23 -167 2
> 9958 5459 58 173 -87 1
> 8621 2663 -308 62 5 3
> 9908 4388 7 -192 101 0
! 108244 11341 0 Sims: 191k
! 22237 103625 200 Average: 227k
> 10500 2634 230 19 -167 2
> 9964 5439 5 -17 -105 1
> 8313 2725 -261 52 5 3
> 9940 4394 26 5 83 0
! -86937 -19861 0
! 15197 -94423 200
> 10500 2634 230 19 -167 2
> 9964 5439 5 -17 -105 1
> 8313 2725 -261 52 5 3
> 9940 4394 26 5 83 0
! 107936 11403 0 Sims: 177k
! -9000 102584 200 Average: 227k
> 10730 2653 195 16 -167 2
> 9988 5393 30 169 -87 1
> 8052 2777 -221 44 5 3
> 9920 4424 -27 -182 101 0
! -88889 11368 200
! -15894 -91199 200
> 10730 2653 195 16 -167 2
> 9988 5393 30 169 -87 1
> 8052 2777 -221 44 5 3
> 9920 4424 -27 -182 101 0
! 107675 11455 200 Sims: 174k
! 22249 103661 200 Average: 226k
> 10726 2686 -3 28 175 2
> 9966 5369 -18 -20 -105 1
> 8030 2838 -18 52 5 3
> 9918 4440 -1 14 83 0
! -88893 11401 200
! 15199 -94493 200
> 10726 2686 -3 28 175 2
> 9966 5369 -18 -20 -105 1
> 8030 2838 -18 52 5 3
> 9918 4440 -1 14 83 0
! 107653 11516 200 Sims: 169k
! 22247 103677 200 Average: 226k
> 10524 2731 -171 38 175 2
> 9973 5452 11 181 -87 1
> 8211 2907 154 58 5 3
> 9927 4350 2 -187 83 0
! -89095 11446 200
! 15206 -94410 200
> 10524 2731 -171 38 175 2
> 9973 5452 11 181 -87 1
> 8211 2907 154 58 5 3
> 9927 4350 2 -187 83 0
! 107834 11585 200 Sims: 192k
! 22256 103587 200 Average: 226k
> 10154 2786 -314 47 175 2
> 9994 5433 18 -15 -87 1
> 8564 2982 300 64 5 3
> 9954 4361 22 9 83 0
! -81896 41859 200
! 15227 -94429 200
> 10154 2786 -314 47 175 2
> 9994 5433 18 -15 -87 1
> 8564 2982 300 64 5 3
> 9954 4361 22 9 83 0
! 105993 -19550 0 Sims: 186k
! -8986 102551 200 Average: 226k
> 9656 2911 -423 106 157 2
> 10035 5361 54 168 -87 1
> 8864 3046 255 54 -13 3
> 9926 4424 -43 -176 101 0
! -89963 11626 SHIELD
! -15847 -91231 200
> 9656 2911 -423 106 157 2
> 10035 5361 54 168 -87 1
> 8864 3046 255 54 -13 3
> 9926 4424 -43 -176 101 0
! 106293 -19486 SHIELD Sims: 222k
! 22255 103661 200 Average: 226k
> 9897 2904 207 -6 175 2
> 10037 5336 1 -21 -105 1
> 8455 3213 -350 142 -13 3
> 9908 4446 -15 19 83 0
! -89722 11619 0
! -15844 -91256 200
> 9897 2904 207 -6 175 2
> 10037 5336 1 -21 -105 1
> 8455 3213 -350 142 -13 3
> 9908 4446 -15 19 83 0
! 105884 -19319 0 Sims: 197k
! 22237 103683 200 Average: 225k
> 10104 2898 175 -5 175 2
> 10035 5455 10 184 -105 1
> 8105 3355 -297 120 -13 3
> 9869 4330 -45 -181 83 0
! -81946 41971 0
! -15846 -91137 200
> 10104 2898 175 -5 175 2
> 10035 5455 10 184 -105 1
> 8105 3355 -297 120 -13 3
> 9869 4330 -45 -181 83 0
! 105534 -19177 0 Sims: 198k
! 22198 103567 200 Average: 225k
> 10279 2893 148 -4 157 2
> 9993 5446 -35 -7 -105 1
> 7808 3475 -252 102 -13 3
> 9849 4347 -17 14 83 0
! -81771 41966 0
! 15226 -94416 200
> 10279 2893 148 -4 157 2
> 9993 5446 -35 -7 -105 1
> 7808 3475 -252 102 -13 3
> 9849 4347 -17 14 83 0
! 105237 -19057 0 Sims: 186k
! 22178 103584 200 Average: 225k
> 10427 2889 125 -3 157 2
> 9985 5349 32 176 -87 1
> 7556 3577 -214 86 -13 3
> 9840 4450 -47 -171 83 0
! -89192 11604 200
! -15897 -91243 200
> 10427 2889 125 -3 157 2
> 9985 5349 32 176 -87 1
> 7556 3577 -214 86 -13 3
> 9840 4450 -47 -171 83 0
! 104985 -18955 200 Sims: 177k
! 22169 103687 200 Average: 225k
> 10353 2903 -63 12 175 2
> 9965 5332 -16 -14 -105 1
> 7537 3618 -16 34 -13 3
> 9818 4477 -18 23 83 0
! -81697 41976 200
! -15916 -91260 200
> 10353 2903 -63 12 175 2
> 9965 5332 -16 -14 -105 1
> 7537 3618 -16 34 -13 3
> 9818 4477 -18 23 83 0
! 93234 -47918 200 Sims: 173k
! 22147 103714 200 Average: 225k
> 10106 2993 -210 76 157 2
> 9959 5487 5 188 -105 1
> 7692 3549 132 -58 -31 3
> 9762 4336 -56 -176 83 0
! -65364 68598 200
! -15922 -91105 200
> 10106 2993 -210 76 157 2
> 9959 5487 5 188 -105 1
> 7692 3549 132 -58 -31 3
> 9762 4336 -56 -176 83 0
! 105121 -18983 200 Sims: 180k
! 22091 103573 200 Average: 224k
> 9745 3200 -306 176 139 2
> 9912 5482 -39 -4 -105 1
> 8019 3446 277 -87 -13 3
> 9731 4358 -26 19 83 0
! -41758 88916 200
! 15145 -94380 200
> 9745 3200 -306 176 139 2
> 9912 5482 -39 -4 -105 1
> 8019 3446 277 -87 -13 3
> 9731 4358 -26 19 83 0
! 107642 12124 200 Sims: 162k
! 22060 103595 200 Average: 224k
> 9336 3547 -347 295 121 2
> 9900 5357 46 175 -87 1
> 8495 3376 404 -59 5 3
> 9714 4496 -71 -163 83 0
! -66134 69152 0
! -15982 -91235 200
> 9336 3547 -347 295 121 2
> 9900 5357 46 175 -87 1
> 8495 3376 404 -59 5 3
> 9714 4496 -71 -163 83 0
! 100560 42415 SHIELD Sims: 193k
! 22043 103733 200 Average: 224k
> 9900 3653 513 -101 139 2
> 9996 5757 150 620 -105 1
> 8797 3290 248 -75 23 3
> 9675 4569 -50 -4 83 0
! -65570 69258 200
! -44467 -78110 200
> 9900 3653 513 -101 139 2
> 9996 5757 150 620 -105 1
> 8797 3290 248 -75 23 3
> 9675 4569 -50 -4 83 0
! 100862 42329 0 Sims: 219k
! 52067 95139 200 Average: 224k
> 10262 3683 307 25 139 2
> 10037 6209 34 384 -123 1
> 9045 3215 210 -63 23 3
> 9710 4746 29 150 65 0
! -65208 69288 200
! -15845 -90383 200
> 10262 3683 307 25 139 2
> 10037 6209 34 384 -123 1
> 9045 3215 210 -63 23 3
> 9710 4746 29 150 65 0
! 84541 68793 0 Sims: 225k
! 78014 77784 200 Average: 224k
> 10418 3839 132 132 139 2
> 10019 6400 -15 162 -105 1
> 9255 3152 178 -53 41 3
> 9876 5042 140 251 47 0
! -81632 42912 200
! -15862 -90192 200
> 10418 3839 132 132 139 2
> 10019 6400 -15 162 -105 1
> 9255 3152 178 -53 41 3
> 9876 5042 140 251 47 0
! 60791 88849 0 Sims: 229k
! 52268 95612 200 Average: 224k
> 10366 4049 -44 178 157 2
> 9952 6369 -56 -26 -105 1
> 9433 3099 151 -45 59 3
> 10101 5474 191 367 65 1
! -89253 12764 200
! 15185 -93493 0
> 10366 4049 -44 178 157 2
> 9952 6369 -56 -26 -105 1
> 9433 3099 151 -45 59 3
> 10101 5474 191 367 65 1
! 31965 100528 200 Sims: 238k
! 78405 78512 0 Average: 224k
> 10123 4244 -206 166 175 2
> 9837 6540 -122 226 -87 1
> 9629 3249 166 127 77 3
> 10351 5644 236 63 47 1
! -87314 -18251 200
! 15070 -93322 200
> 10123 4244 -206 166 175 2
> 9837 6540 -122 226 -87 1
> 9629 3249 166 127 77 3
> 10351 5644 236 63 47 1
! 951 102872 200 Sims: 236k
! 97882 54000 0 Average: 224k
> 9722 4375 -347 283 -167 2
> 9725 6566 -94 22 -87 1
> 9778 3565 133 96 95 3
> 10587 5707 200 53 29 1
! -75994 -47128 0
! 14958 -93296 200
> 9722 4375 -347 283 -167 2
> 9725 6566 -94 22 -87 1
> 9778 3565 133 96 95 3
> 10587 5707 200 53 29 1
! -29261 95630 200 Sims: 297k
! 108777 24647 0 Average: 224k
> 9375 4658 -294 240 -149 2
> 9641 6388 -71 -151 -87 1
> 9833 3845 46 238 113 3
> 10787 5760 170 45 11 1
! -56230 -70812 200
! 14874 -93474 200
> 9375 4658 -294 240 -149 2
> 9641 6388 -71 -151 -87 1
> 9833 3845 46 238 113 3
> 10787 5760 170 45 11 1
! -29206 95910 200 Sims: 273k
! 110024 -6569 0 Average: 225k
> 8950 4747 -361 75 -131 2
> 9580 6037 -51 -298 -87 1
> 9801 4267 -27 358 113 3
> 10957 5805 144 38 -7 1
! -30123 -87303 200
! 45416 -87321 200
> 8950 4747 -361 75 -131 2
> 9580 6037 -51 -298 -87 1
> 9801 4267 -27 358 113 3
> 10957 5805 144 38 -7 1
! -55777 79763 200 Sims: 265k
! 101527 -36587 200 Average: 225k
> 8511 4638 -373 -92 -113 2
> 9599 5575 -31 438 -69 1
> 9644 4753 -85 -417 131 3
> 11282 5758 276 -39 -25 1
! -204 -94981 200
! 72530 -72139 200
> 8511 4638 -373 -92 -113 2
> 9599 5575 -31 438 -69 1
> 9644 4753 -85 -417 131 3
> 11282 5758 276 -39 -25 1
! -76053 56289 200 Sims: 286k
! 84320 -62546 200 Average: 225k
> 8121 4347 -331 -247 -95 2
> 9694 5858 80 240 -51 1
> 9388 4439 -217 -266 149 3
> 11704 5582 358 -149 -43 1
! 30616 -93090 200
! 72625 -71856 200
> 8121 4347 -331 -247 -95 2
> 9694 5858 80 240 -51 1
> 9388 4439 -217 -266 149 3
> 11704 5582 358 -149 -43 1
! -88041 26971 200 Sims: 281k
! 60060 -81949 200 Average: 225k
> 7835 3905 -243 -375 -77 2
> 9900 5943 174 71 -51 1
> 8976 4218 -350 -187 167 3
> 12159 5258 386 -275 -61 1
! -880 -95714 0
! 72831 -71771 200
> 7835 3905 -243 -375 -77 2
> 9900 5943 174 71 -51 1
> 8976 4218 -350 -187 167 3
> 12159 5258 386 -275 -61 1
! -90647 -4460 200 Sims: 296k
! 31099 -92932 0 Average: 226k
> 7592 3530 -206 -318 -95 3
> 10200 5859 254 -71 -51 1
> 8427 4014 -466 -173 185 3
> 12545 4983 328 -233 -79 1
! -31481 -88520 SHIELD
! 46036 -87499 0
> 7592 3530 -206 -318 -95 3
> 10200 5859 254 -71 -51 1
> 8427 4014 -466 -173 185 3
> 12545 4983 328 -233 -79 1
! -91196 -4664 200 Sims: 284k
! 31485 -93207 200 Average: 226k
> 7372 3199 -201 -296 -113 3
> 10454 5788 215 -60 -69 1
> 7898 3956 -297 97 -175 3
> 12911 4554 310 -364 -79 1
! -58233 -72271 0
! 15687 -94074 200
> 7372 3199 -201 -296 -113 3
> 10454 5788 215 -60 -69 1
> 7898 3956 -297 97 -175 3
> 12911 4554 310 -364 -79 1
! -89531 26488 200 Sims: 308k
! 582 -94683 200 Average: 226k
> 7171 2903 -170 -251 -131 3
> 10679 5528 191 -220 -87 1
> 7406 4098 -418 120 -193 3
> 13196 3992 242 -478 -97 1
! -78545 -48600 0
! 15912 -94334 0
> 7171 2903 -170 -251 -131 3
> 10679 5528 191 -220 -87 1
> 7406 4098 -418 120 -193 3
> 13196 3992 242 -478 -97 1
! -78291 55634 200 Sims: 314k
! -29196 -86578 0 Average: 227k
> 7001 2652 -144 -213 -149 3
> 10870 5308 162 -187 -87 1
> 6817 4321 -500 189 -211 3
> 13438 3514 205 -406 -115 1
! -90436 -19843 0
! 16103 -94554 0
> 7001 2652 -144 -213 -149 3
> 10870 5308 162 -187 -87 1
> 6817 4321 -500 189 -211 3
> 13438 3514 205 -406 -115 1
! -58761 79817 200 Sims: 282k
! -54866 -69524 0 Average: 227k
> 6857 2439 -122 -181 -167 3
> 11032 5121 137 -158 -87 1
> 6186 4661 -536 288 131 3
> 13643 3108 174 -345 -133 1
! -92762 11154 0
! -14850 -91471 0
> 6857 2439 -122 -181 -167 3
> 11032 5121 137 -158 -87 1
> 6186 4661 -536 288 131 3
> 13643 3108 174 -345 -133 1
! -79511 56197 0 Sims: 262k
! -73888 -45248 200 Average: 227k
> 6735 2258 -103 -153 175 3
> 11169 4963 116 -134 -105 1
> 5650 4949 -455 244 149 3
> 13642 2666 0 -375 -151 1
! -85315 41331 0
! -43294 -78904 0
> 6735 2258 -103 -153 175 3
> 11169 4963 116 -134 -105 1
> 5650 4949 -455 244 149 3
> 13642 2666 0 -375 -151 1
! -59928 80445 200 Sims: 258k
! -84548 -16274 200 Average: 227k
> 6632 2105 -87 -130 157 3
> 11285 4829 98 -113 -123 1
> 5064 5344 -498 335 131 3
> 13446 2253 -166 -350 -169 2
! -68838 67710 200
! -66429 -58102 200
> 6632 2105 -87 -130 157 3
> 11285 4829 98 -113 -123 1
> 5064 5344 -498 335 131 3
> 13446 2253 -166 -350 -169 2
! -80633 56880 0 Sims: 263k
! -85791 14582 200 Average: 228k
> 6394 2106 -202 1 139 3
> 11228 4590 -48 -203 -141 1
> 4566 5679 -423 284 149 3
> 13082 1928 -309 -276 -187 2
! -45109 87822 200
! -43235 -79277 200
> 6394 2106 -202 1 139 3
> 11228 4590 -48 -203 -141 1
> 4566 5679 -423 284 149 3
> 13082 1928 -309 -276 -187 2
! -92863 28211 0 Sims: 219k
! -77488 44320 200 Average: 227k
> 6089 2278 -259 146 121 3
> 11071 4219 -133 -315 -123 1
> 4143 5963 -359 241 167 3
> 12592 1737 -416 -162 -205 2
! -16406 99715 200
! -14811 -92373 200
> 6089 2278 -259 146 121 3
> 11071 4219 -133 -315 -123 1
> 4143 5963 -359 241 167 3
> 12592 1737 -416 -162 -205 2
! -95480 -2715 0 Sims: 242k
! -60446 70041 200 Average: 228k
> 5785 2619 -258 289 103 3
> 10886 3711 -157 -431 -105 1
> 3784 6204 -305 204 185 3
> 12030 1712 -477 -21 137 2
! -45718 88335 200
! 16119 -96151 200
> 5785 2619 -258 289 103 3
> 10886 3711 -157 -431 -105 1
> 3784 6204 -305 204 185 3
> 12030 1712 -477 -21 137 2
! -88281 -32835 0 Sims: 233k
! -78540 44104 200 Average: 228k
> 5424 3079 -306 391 121 3
> 10739 3080 -124 -536 -87 1
> 3479 6408 -259 173 203 3
> 11372 1776 -559 54 155 2
! -46079 88795 200
! -15143 -93512 0
> 5424 3079 -306 391 121 3
> 10739 3080 -124 -536 -87 1
> 3479 6408 -259 173 203 3
> 11372 1776 -559 54 155 2
! -72017 -59170 0 Sims: 284k
! -79198 44168 SHIELD Average: 228k
> 5015 3641 -347 478 121 3
> 10583 2647 -419 566 -105 1
> 3220 6581 -220 147 221 3
> 10816 1820 -443 -56 155 2
! -46488 89357 200
! -15298 -93945 200
> 5015 3641 -347 478 121 3
> 10583 2647 -419 566 -105 1
> 3220 6581 -220 147 221 3
> 10816 1820 -443 -56 155 2
! -48316 -79116 0 Sims: 267k
! -79754 44212 0 Average: 228k
> 4565 4290 -382 552 121 3
> 10112 3020 -400 316 -105 1
> 3000 6728 -187 124 -121 0
> 10373 1764 -376 -47 155 2
! -17930 101727 200
! 15345 -96842 200
> 4565 4290 -382 552 121 3
> 10112 3020 -400 316 -105 1
> 3000 6728 -187 124 -121 0
> 10373 1764 -376 -47 155 2
! -19532 -90701 0 Sims: 252k
! -62665 70068 0 Average: 228k
> 4138 5037 -362 634 103 3
> 9722 3136 -331 98 -87 1
> 2813 6852 -158 105 -103 0
> 9997 1717 -319 -39 137 2
! -47365 90753 0
! 14955 -96726 200
> 4138 5037 -362 634 103 3
> 9722 3136 -331 98 -87 1
> 2813 6852 -158 105 -103 0
> 9997 1717 -319 -39 137 2
! 11491 -92771 200 Sims: 233k
! -38359 89248 0 Average: 228k
> 3776 5671 -307 538 121 3
> 9401 3034 -272 -86 -87 1
> 2672 6758 -119 -80 -85 0
> 9678 1678 -271 -33 119 2
! -71694 71276 0
! 14634 -96828 0
> 3776 5671 -307 538 121 3
> 9401 3034 -272 -86 -87 1
> 2672 6758 -119 -80 -85 0
> 9678 1678 -271 -33 119 2
! 11350 -92865 200 Sims: 221k
! -9262 99868 200 Average: 228k
> 3469 6209 -260 457 139 3
> 9129 2948 -231 -73 -87 1
> 2570 6479 -86 -237 -85 0
> 9369 1841 -262 138 101 2
! -48034 91925 SHIELD
! 44965 -90410 200
> 3469 6209 -260 457 139 3
> 9129 2948 -231 -73 -87 1
> 2570 6479 -86 -237 -85 0
> 9369 1841 -262 138 101 2
! 41609 -85586 SHIELD Sims: 230k
! -9571 100031 200 Average: 228k
> 3209 6666 -221 388 121 3
> 8913 2960 -241 287 -69 1
> 2484 6242 -73 -201 -67 0
> 9126 1904 -148 -223 101 2
! -19286 104103 200
! 14146 -96902 200
> 3209 6666 -221 388 121 3
> 8913 2960 -241 287 -69 1
> 2484 6242 -73 -201 -67 0
> 9126 1904 -148 -223 101 2
! 68062 -69254 0 Sims: 261k
! -9814 100094 200 Average: 228k
> 2988 7054 -187 329 103 0
> 8682 3047 -195 74 -87 1
> 2411 6041 -62 -170 -49 0
> 8940 1877 -157 -22 101 2
! 11703 106673 0
! 44518 -90311 200
> 2988 7054 -187 329 103 0
> 8682 3047 -195 74 -87 1
> 2411 6041 -62 -170 -49 0
> 8940 1877 -157 -22 101 2
! 88108 -45495 0 Sims: 254k
! -10000 100067 200 Average: 228k
> 2801 7383 -158 279 85 0
> 8559 2934 -104 -95 -69 1
> 2349 5871 -52 -144 -31 0
> 8745 2051 -165 148 101 2
! 41874 99433 0
! 13792 -96928 200
> 2801 7383 -158 279 85 0
> 8559 2934 -104 -95 -69 1
> 2349 5871 -52 -144 -31 0
> 8745 2051 -165 148 101 2
! 99778 -16661 0 Sims: 258k
! -10195 100241 SHIELD Average: 229k
> 2643 7662 -134 237 67 0
> 8332 3253 -226 425 -87 1
> 2297 5727 -44 -122 -13 0
> 8593 2138 -125 58 101 2
! 68248 83132 0
! 44168 -90105 200
> 2643 7662 -134 237 67 0
> 8332 3253 -226 425 -87 1
> 2297 5727 -44 -122 -13 0
> 8593 2138 -125 58 101 2
! 101920 14405 200 Sims: 262k
! -10347 100328 0 Average: 229k
> 2509 7899 -113 201 49 0
> 8178 3491 -131 202 -69 1
> 2452 5622 131 -88 5 0
> 8468 2196 -106 49 101 2
! 88225 59402 0
! 44014 -89867 200
> 2509 7899 -113 201 49 0
> 8178 3491 -131 202 -69 1
> 2452 5622 131 -88 5 0
> 8468 2196 -106 49 101 2
! 102075 14300 200 Sims: 245k
! -10472 100386 0 Average: 229k
> 2396 8100 -96 170 31 0
> 8119 3506 -50 12 -69 1
> 2782 5551 280 -60 5 0
> 8362 2245 -90 41 101 2
! 99833 30595 200
! 13352 -96356 200
> 2396 8100 -96 170 31 0
> 8119 3506 -50 12 -69 1
> 2782 5551 280 -60 5 0
> 8362 2245 -90 41 101 2
! 102405 14229 200 Sims: 236k
! -10578 100435 0 Average: 229k
> 2495 8315 84 182 13 0
> 8079 3318 -33 -159 -87 1
> 3261 5508 407 -36 5 0
> 8272 2286 -76 34 101 2
! 102114 -400 200
! 13312 -96544 200
> 2495 8315 84 182 13 0
> 8079 3318 -33 -159 -87 1
> 3261 5508 407 -36 5 0
> 8272 2286 -76 34 101 2
! 102884 14186 200 Sims: 220k
! -10668 100476 SHIELD Average: 229k
> 2778 8480 240 139 -5 0
> 8004 3219 -140 294 -87 1
> 3867 5489 515 -15 5 0
> 8201 2294 -52 -31 101 2
! 94828 -30593 200
! 43840 -90139 200
> 2778 8480 240 139 -5 0
> 8004 3219 -140 294 -87 1
> 3867 5489 515 -15 5 0
> 8201 2294 -52 -31 101 2
! 103490 14167 200 Sims: 247k
! -10739 100484 0 Average: 229k
> 3202 8541 360 51 -23 0
> 7936 3326 -58 91 -69 1
> 4581 5491 607 2 5 0
> 8149 2263 -44 -26 101 2
! 78672 -57065 200
! 13169 -96536 200
> 3202 8541 360 51 -23 0
> 7936 3326 -58 91 -69 1
> 4581 5491 607 2 5 0
> 8149 2263 -44 -26 101 2
! 96646 44530 0 Sims: 236k
! -10791 100453 0 Average: 229k
> 3713 8461 434 -68 -41 0
> 7888 3217 -40 -92 -87 1
> 5188 5493 515 1 23 0
> 8105 2237 -37 -22 101 2
! 79183 -57144 200
! 43724 -90141 200
> 3713 8461 434 -68 -41 0
> 7888 3217 -40 -92 -87 1
> 5188 5493 515 1 23 0
> 8105 2237 -37 -22 101 2
! 80684 71071 0 Sims: 194k
! -10835 100427 0 Average: 229k
> 4298 8262 497 -169 -41 0
> 7907 2999 -19 -16 -69 1
> 5703 5494 437 0 41 0
> 8081 2155 14 -239 101 2
! 55801 -77454 200
! 43743 -90359 0
> 4298 8262 497 -169 -41 0
> 7907 2999 -19 -16 -69 1
> 5703 5494 437 0 41 0
> 8081 2155 14 -239 101 2
! 57239 91191 200 Sims: 193k
! 20410 101392 200 Average: 229k
> 4898 7922 510 -289 -59 0
> 7888 2983 -16 -13 -69 1
> 6243 5665 459 145 59 0
> 8120 2114 32 -34 83 2
! 27393 -89515 200
! 43724 -90375 200
> 4898 7922 510 -289 -59 0
> 7888 2983 -16 -13 -69 1
> 6243 5665 459 145 59 0
> 8120 2114 32 -34 83 2
! 28775 103094 0 Sims: 200k
! -10820 100304 200 Average: 228k
> 5453 7438 471 -411 -77 0
> 7872 3039 -36 129 -69 1
> 6702 5810 390 123 77 0
> 8186 2020 78 -161 101 2
! 56956 -78278 0
! 43708 -90319 200
> 5453 7438 471 -411 -77 0
> 7872 3039 -36 129 -69 1
> 6702 5810 390 123 77 0
> 8186 2020 78 -161 101 2
! -1976 105433 0 Sims: 221k
! -10754 100210 200 Average: 228k
> 5924 7027 400 -349 -59 0
> 7908 2981 30 -49 -69 1
> 7092 5933 331 104 95 0
> 8226 2055 34 30 101 2
! 81394 -58578 200
! 43744 -90377 200
> 5924 7027 400 -349 -59 0
> 7908 2981 30 -49 -69 1
> 7092 5933 331 104 95 0
> 8226 2055 34 30 101 2
! -31947 97998 0 Sims: 220k
! -10714 100245 200 Average: 228k
> 6475 6547 468 -408 -41 0
> 7909 3018 -52 174 -69 1
> 7423 6037 281 88 113 0
> 8323 2008 135 -182 101 2
! 98525 -32526 0
! 43745 -90340 200
> 6475 6547 468 -408 -41 0
> 7909 3018 -52 174 -69 1
> 7423 6037 281 88 113 0
> 8323 2008 135 -182 101 2
! -58155 81533 200 Sims: 224k
! -40033 89539 200 Average: 228k
> 6734 6185 24 -265 -23 0
> 7929 3005 16 -10 -69 1
> 7782 6230 500 121 131 0
> 8361 2001 32 -5 119 2
! 106353 -2530 200
! 43765 -90353 200
> 6734 6185 24 -265 -23 0
> 7929 3005 16 -10 -69 1
> 7782 6230 500 121 131 0
> 8361 2001 32 -5 119 2
! -77915 57766 0 Sims: 237k
! -10579 100191 200 Average: 228k
> 6957 5903 189 -240 -5 0
> 7973 2895 -74 127 -69 1
> 8282 6351 425 102 149 0
> 8399 2105 144 -131 101 2
! 104394 28397 200
! 70904 -74819 200
> 6957 5903 189 -240 -5 0
> 7973 2895 -74 127 -69 1
> 8282 6351 425 102 149 0
> 8399 2105 144 -131 101 2
! -89147 28883 0 Sims: 225k
! -39957 89636 200 Average: 228k
> 7341 5708 326 -165 13 0
> 8025 2867 44 -24 -51 1
> 8707 6453 361 86 167 0
> 8446 2149 40 37 119 2
! 104778 28203 200
! 70956 -74847 200
> 7341 5708 326 -165 13 0
> 8025 2867 44 -24 -51 1
> 8707 6453 361 86 167 0
> 8446 2149 40 37 119 2
! -90916 -2225 0 Sims: 229k
! -64592 70453 200 Average: 228k
> 7862 5588 442 -102 13 0
> 7989 3044 -44 173 -51 1
> 9068 6539 306 73 185 0
> 8546 1967 98 -178 137 2
! 105299 28083 200
! 43825 -90314 200
> 7862 5588 442 -102 13 0
> 7989 3044 -44 173 -51 1
> 9068 6539 306 73 185 0
> 8546 1967 98 -178 137 2
! -82997 -32500 0 Sims: 228k
! -39810 89498 200 Average: 228k
> 8499 5531 541 -48 13 0
> 8017 3030 23 -11 -69 1
> 9374 6612 260 62 203 0
> 8547 1964 1 -2 119 2
! 105936 28026 200
! 43853 -90328 200
> 8499 5531 541 -48 13 0
> 8017 3030 23 -11 -69 1
> 9374 6612 260 62 203 0
> 8547 1964 1 -2 119 2
! -66122 -58966 0 Sims: 219k
! -39809 89495 200 Average: 228k
> 9235 5528 625 -2 13 0
> 8100 2856 -75 150 -69 1
> 9634 6674 221 52 221 0
> 8463 2113 74 -171 119 2
! 108854 -3187 200
! 43936 -90502 200
> 9235 5528 625 -2 13 0
> 8100 2856 -75 150 -69 1
> 9634 6674 221 52 221 0
> 8463 2113 74 -171 119 2
! -41902 -79023 0 Sims: 217k
! -39893 89644 200 Average: 228k
