@ 0 MSmits
@ 1 reCurse
CP 4
CP 10033 5959
CP 13939 1959
CP 8018 3239
CP 2658 7018
> 9675 5610 0 0 -1 1
> 10391 6308 0 0 -1 1
> 8960 4911 0 0 -1 1
> 11106 7007 0 0 -1 1
! 85635 -59430 BOOST Sims: 231k
! 73605 -71177 BOOST Average: 231k
> 9675 5610 0 0 -1 1
> 10391 6308 0 0 -1 1
> 8960 4911 0 0 -1 1
> 11106 7007 0 0 -1 1
! 94977 -46088 200
! 84599 -60806 0
> 10169 5187 419 -359 -41 1
> 10802 5804 349 -428 -51 1
> 9132 4809 146 -86 -31 1
> 11106 7007 0 0 -43 1
! 102509 -33196 200 Sims: 225k
! 46978 -87423 200 Average: 228k
> 10169 5187 419 -359 -41 1
> 10802 5804 349 -428 -51 1
> 9132 4809 146 -86 -31 1
> 11106 7007 0 0 -43 1
! 106568 -17686 200
! 59586 -80455 200
> 10650 4632 357 -521 -23 1
> 11346 5309 513 -370 -69 1
> 9473 4678 289 -111 -13 1
> 11204 6833 83 -148 -61 1
! 110332 -3338 0 Sims: 243k
! 16943 -94534 200 Average: 233k
> 10650 4632 357 -521 -23 1
> 11346 5309 513 -370 -69 1
> 9473 4678 289 -111 -13 1
> 11204 6833 83 -148 -61 1
! 106909 -17817 200
! 30284 -91329 200
> 11007 4111 303 -442 -5 1
> 11870 4739 445 -484 -87 1
> 9957 4522 411 -132 -13 1
> 11326 6489 103 -292 -79 1
! 108273 27334 0 Sims: 169k
! -13661 -91947 200 Average: 217k
> 11007 4111 303 -442 -5 1
> 11870 4739 445 -484 -87 1
> 9957 4522 411 -132 -13 1
> 11326 6489 103 -292 -79 1
! 95673 -46981 200
! -861 -92765 200
> 11310 3669 257 -375 13 1
> 12264 4062 334 -575 -105 1
> 10539 4287 495 -199 -31 1
> 11406 5998 67 -417 -97 1
! 96639 55813 200 Sims: 155k
! -41895 -80002 0 Average: 205k
> 11310 3669 257 -375 13 1
> 12264 4062 334 -575 -105 1
> 10539 4287 495 -199 -31 1
> 11406 5998 67 -417 -97 1
! 76144 -71184 0
! -30855 -84632 200
> 11738 3398 363 -230 31 1
> 12598 3487 283 -488 -123 1
> 11034 4088 420 -169 -49 1
> 11389 5399 -14 -508 -115 1
! 76778 79358 0 Sims: 194k
! -64887 -59727 SHIELD Average: 203k
> 11738 3398 363 -230 31 1
> 12598 3487 283 -488 -123 1
> 11034 4088 420 -169 -49 1
> 11389 5399 -14 -508 -115 1
! 96750 -47415 200
! -798 -93855 200
> 12093 3167 323 -361 49 1
> 12882 2999 252 -417 -141 1
> 11623 3819 364 -41 -31 1
> 11351 4692 -32 -600 -97 1
! 50476 95507 0 Sims: 198k
! -80345 -33177 SHIELD Average: 202k
> 12093 3167 323 -361 49 1
> 12882 2999 252 -417 -141 1
> 11623 3819 364 -41 -31 1
> 11351 4692 -32 -600 -97 1
! 77228 -71652 0
! 30431 -93470 SHIELD
> 12348 2673 263 -547 67 1
> 13149 2579 228 -357 -159 1
> 12083 3638 398 -146 -49 1
> 11301 4123 -49 -471 -79 1
! 50731 95013 200 Sims: 226k
! -80078 -33597 SHIELD Average: 205k
> 12348 2673 263 -547 67 1
> 13149 2579 228 -357 -159 1
> 12083 3638 398 -146 -49 1
> 11301 4123 -49 -471 -79 1
! 51156 -88412 200
! -886 -95131 200
> 12481 2335 101 -285 67 1
> 13398 2220 212 -305 -159 1
> 12559 3308 404 -280 -67 1
> 11252 3652 -41 -400 -97 1
! 77521 78295 200 Sims: 228k
! -79829 -33956 0 Average: 208k
> 12481 2335 101 -285 67 1
> 13398 2220 212 -305 -159 1
> 12559 3308 404 -280 -67 1
> 11252 3652 -41 -400 -97 1
! 21274 -96311 200
! -31009 -86978 200
> 12682 2077 138 -355 49 1
> 13610 1915 180 -259 -159 2
> 13010 2953 415 -165 -85 1
> 11211 3252 -34 -340 -115 1
! 51065 94417 200 Sims: 228k
! -86233 -3682 0 Average: 210k
> 12682 2077 138 -355 49 1
> 13610 1915 180 -259 -159 2
> 13010 2953 415 -165 -85 1
> 11211 3252 -34 -340 -115 1
! -9485 -94483 200
! -56988 -69883 0
> 12897 1907 182 -144 67 1
> 13790 1656 153 -220 -177 2
> 13380 2593 314 -305 -103 1
> 11177 2912 -28 -289 -133 1
! 20867 101589 200 Sims: 237k
! -86053 -3941 0 Average: 212k
> 12897 1907 182 -144 67 1
> 13790 1656 153 -220 -177 2
> 13380 2593 314 -305 -103 1
> 11177 2912 -28 -289 -133 1
! -38123 -83123 0
! -76285 -45568 0
> 12979 1820 48 -100 85 1
> 13943 1436 130 -187 -177 2
> 13809 2430 386 -111 -121 2
> 11149 2623 -23 -245 -151 1
! 51362 94160 0 Sims: 254k
! -85900 -4161 200 Average: 216k
> 12979 1820 48 -100 85 1
> 13943 1436 130 -187 -177 2
> 13809 2430 386 -111 -121 2
> 11149 2623 -23 -245 -151 1
! -61662 -63175 200
! -87013 -16457 0
> 13027 1720 40 -85 67 1
> 13873 1238 -59 -168 -177 2
> 14044 2188 199 -205 -139 2
> 11126 2378 -19 -208 -169 1
! 78067 77680 200 Sims: 241k
! -82813 26769 0 Average: 218k
> 13027 1720 40 -85 67 1
> 13873 1238 -59 -168 -177 2
> 14044 2188 199 -205 -139 2
> 11126 2378 -19 -208 -169 1
! -78006 -36885 0
! -88128 14565 0
> 13197 1787 144 56 49 1
> 13814 1070 -50 -142 -195 2
> 14243 1983 169 -174 -157 2
> 11107 2170 -16 -176 -187 1
! 51580 94127 0 Sims: 275k
! -82872 26601 200 Average: 222k
> 13197 1787 144 56 49 1
> 13814 1070 -50 -142 -195 2
> 14243 1983 169 -174 -157 2
> 11107 2170 -16 -176 -187 1
! -77807 -37090 200
! -79523 44431 0
> 13341 1843 122 47 67 1
> 13571 979 -206 -77 165 2
> 14228 1731 -12 -214 -157 2
> 11091 1994 -13 -149 155 1
! 21311 101525 0 Sims: 265k
! -70493 55138 200 Average: 225k
> 13341 1843 122 47 67 1
> 13571 979 -206 -77 165 2
> 14228 1731 -12 -214 -157 2
> 11091 1994 -13 -149 155 1
! -85391 -6984 0
! -62044 70193 0
> 13463 1890 103 39 85 2
> 13197 1010 -318 26 147 2
> 14216 1517 -10 -181 -175 2
> 11078 1845 -11 -126 137 1
! -9760 99156 0 Sims: 248k
! -50017 78495 200 Average: 226k
> 13463 1890 103 39 85 2
> 13197 1010 -318 26 147 2
> 14216 1517 -10 -181 -175 2
> 11078 1845 -11 -126 137 1
! -85403 -7198 200
! -37402 89306 0
> 13450 2004 -45 119 103 2
> 12753 1191 -377 153 129 2
> 14122 1244 -44 -254 -175 2
> 11067 1719 -9 -107 119 1
! -38694 87333 200 Sims: 251k
! -50461 78676 200 Average: 227k
> 13450 2004 -45 119 103 2
> 12753 1191 -377 153 129 2
> 14122 1244 -44 -254 -175 2
> 11067 1719 -9 -107 119 1
! -83314 23739 200
! -8013 99881 0
> 13301 2294 -126 246 121 2
> 12250 1499 -427 261 129 2
> 13883 1035 -203 -177 167 2
> 11058 1612 -7 -90 101 1
! -62659 67334 200 Sims: 235k
! -71814 55658 200 Average: 228k
> 13301 2294 -126 246 121 2
> 12250 1499 -427 261 129 2
> 13883 1035 -203 -177 167 2
> 11058 1612 -7 -90 101 1
! -71833 52538 200
! -8022 99774 0
> 13023 2670 -236 319 139 2
> 11775 1902 -144 415 147 2
> 13509 961 -318 -62 149 2
> 10931 1488 -367 -178 101 1
! -79317 41053 200 Sims: 232k
! -84911 27433 200 Average: 228k
> 13023 2670 -236 319 139 2
> 11775 1902 -144 415 147 2
> 13509 961 -318 -62 149 2
> 10931 1488 -367 -178 101 1
! -72207 52464 200
! 23117 100742 200
> 12602 3066 -357 336 157 2
> 11438 2368 -286 396 165 2
> 13020 1002 -416 34 149 2
> 10588 1509 -291 17 83 1
! -87080 11036 200 Sims: 215k
! -88405 -3229 200 Average: 227k
> 12602 3066 -357 336 157 2
> 11438 2368 -286 396 165 2
> 13020 1002 -416 34 149 2
> 10588 1509 -291 17 83 1
! -72696 52505 200
! -8492 99671 200
> 12046 3418 -472 299 175 2
> 10952 2753 -412 327 183 2
> 12433 1139 -499 116 149 2
> 10259 1722 -279 181 101 1
! -85220 -19805 200 Sims: 202k
! -82275 -33423 200 Average: 226k
> 12046 3418 -472 299 175 2
> 10952 2753 -412 327 183 2
> 12433 1139 -499 116 149 2
> 10259 1722 -279 181 101 1
! -73283 52642 200
! -8821 99884 200
> 11379 3671 -566 214 -167 2
> 10354 3008 -508 216 201 2
> 11763 1358 -569 186 149 2
> 9942 2099 -269 320 101 1
! -73950 -48473 200 Sims: 199k
! -67131 -60206 200 Average: 225k
> 11379 3671 -566 214 -167 2
> 10354 3008 -508 216 201 2
> 11763 1358 -569 186 149 2
> 9942 2099 -269 320 101 1
! -53842 76829 200
! -9138 100261 BOOST
> 10807 3835 -67 277 -149 2
> 9836 3673 -785 577 219 2
> 11063 1695 -595 286 131 2
> 9240 2428 -670 128 101 1
! -54233 -72125 200 Sims: 244k
! -44323 -80391 0 Average: 226k
> 10807 3835 -67 277 -149 2
> 9836 3673 -785 577 219 2
> 11063 1695 -595 286 131 2
> 9240 2428 -670 128 101 1
! -74653 53198 200
! 21426 101682 200
> 10610 3960 -167 106 -131 2
> 9051 4250 -667 490 -123 2
> 10297 2084 -651 330 149 2
> 8594 2755 -548 277 83 1
! -74719 -48184 200 Sims: 241k
! -68434 -58964 200 Average: 226k
> 10610 3960 -167 106 -131 2
> 9051 4250 -667 490 -123 2
> 10297 2084 -651 330 149 2
> 8594 2755 -548 277 83 1
! -75419 53587 0
! 50855 93385 200
> 10272 3962 -287 1 -149 2
> 8229 4614 -698 309 -141 2
> 9646 2414 -553 280 149 2
> 8131 3213 -393 389 65 1
! -75057 -48182 200 Sims: 272k
! -84998 -31562 0 Average: 228k
> 10272 3962 -287 1 -149 2
> 8229 4614 -698 309 -141 2
> 9646 2414 -553 280 149 2
> 8131 3213 -393 389 65 1
! -55959 77885 200
! 20317 102467 0
> 9814 3859 -389 -87 -149 2
> 7531 4923 -593 262 -159 2
> 8962 2845 -581 366 131 2
> 7738 3602 -334 330 83 1
! -87452 -19364 0 Sims: 249k
! -69954 -58291 0 Average: 229k
> 9814 3859 -389 -87 -149 2
> 7531 4923 -593 262 -159 2
> 8962 2845 -581 366 131 2
> 7738 3602 -334 330 83 1
! -56643 78315 200
! -11342 101764 0
> 9425 3772 -330 -73 -167 2
> 6938 5185 -504 222 -141 2
> 8250 3362 -605 439 131 3
> 7404 3932 -283 280 101 1
! -87841 -19451 200 Sims: 242k
! -47221 -78879 0 Average: 230k
> 9425 3772 -330 -73 -167 2
> 6938 5185 -504 222 -141 2
> 8250 3362 -605 439 131 3
> 7404 3932 -283 280 101 1
! -30823 95412 200
! -11676 102094 SHIELD
> 8900 3653 -445 -101 -167 2
> 6434 5407 -428 188 -123 2
> 8031 3693 101 101 113 3
> 7075 4241 -308 280 101 1
! -90782 11623 0 Sims: 309k
! -71051 -57807 0 Average: 232k
> 8900 3653 -445 -101 -167 2
> 6434 5407 -428 188 -123 2
> 8031 3693 101 101 113 3
> 7075 4241 -308 280 101 1
! -57574 79163 SHIELD
! 19261 103495 200
> 9285 3483 433 -153 175 2
> 6006 5595 -363 159 -141 2
> 8049 3801 4 92 131 3
> 6767 4521 -261 238 83 1
! -90397 11453 200 Sims: 370k
! -87221 -30581 0 Average: 237k
> 9285 3483 433 -153 175 2
> 6006 5595 -363 159 -141 2
> 8049 3801 4 92 131 3
> 6767 4521 -261 238 83 1
! -31024 95851 200
! 18953 103775 0
> 9519 3346 198 -116 175 2
> 5643 5754 -308 135 -159 2
> 8053 3893 3 78 113 3
> 6506 4759 -221 202 83 1
! -90163 11316 200 Sims: 330k
! -71842 -57460 0 Average: 240k
> 9519 3346 198 -116 175 2
> 5643 5754 -308 135 -159 2
> 8053 3893 3 78 113 3
> 6506 4759 -221 202 83 1
! -31020 95943 0
! -12574 102921 0
> 9518 3246 -1 -85 175 2
> 5335 5889 -261 114 -141 2
> 8056 3971 2 66 113 3
> 6285 4961 -187 171 101 1
! -82822 41629 200 Sims: 299k
! -48824 -78175 0 Average: 242k
> 9518 3246 -1 -85 175 2
> 5335 5889 -261 114 -141 2
> 8056 3971 2 66 113 3
> 6285 4961 -187 171 101 1
! -57549 79441 0
! -42195 92422 0
> 9332 3238 -157 -6 157 2
> 5074 6003 -221 96 -123 2
> 8058 4037 1 56 131 3
> 6098 5132 -158 145 119 1
! -90350 11208 200 Sims: 256k
! -20457 -90683 0 Average: 243k
> 9332 3238 -157 -6 157 2
> 5074 6003 -221 96 -123 2
> 8058 4037 1 56 131 3
> 6098 5132 -158 145 119 1
! -77658 55540 200
! -67037 73331 200
> 8976 3248 -302 8 175 2
> 4853 6099 -187 81 -105 2
> 7888 4196 -144 135 149 3
> 5794 5413 -258 239 137 1
! -83364 41631 200 Sims: 239k
! 10450 -93744 0 Average: 242k
> 8976 3248 -302 8 175 2
> 4853 6099 -187 81 -105 2
> 7888 4196 -144 135 149 3
> 5794 5413 -258 239 137 1
! -77828 55699 200
! -84836 47674 200
> 8489 3333 -413 72 157 3
> 4666 6180 -158 68 -87 2
> 7573 4434 -268 202 149 3
> 5355 5737 -373 274 155 1
! -83851 41716 200 Sims: 233k
! 10263 -93663 SHIELD Average: 242k
> 8489 3333 -413 72 157 3
> 4666 6180 -158 68 -87 2
> 7573 4434 -268 202 149 3
> 5355 5737 -373 274 155 1
! -89863 26929 200
! -93899 17923 SHIELD
> 7891 3482 -508 126 157 3
> 4278 6394 -343 191 -87 2
> 7110 4681 -393 209 167 3
> 5212 5865 -107 99 173 1
! -68069 68522 200 Sims: 231k
! 9875 -93449 0 Average: 242k
> 7891 3482 -508 126 157 3
> 4278 6394 -343 191 -87 2
> 7110 4681 -393 209 167 3
> 5212 5865 -107 99 173 1
! -90326 27176 200
! -94042 18051 0
> 7231 3738 -560 217 139 3
> 3935 6585 -291 162 -87 2
> 6522 4935 -499 215 167 3
> 5105 5964 -90 84 173 1
! -44913 89067 200 Sims: 214k
! 40111 -86642 0 Average: 241k
> 7231 3738 -560 217 139 3
> 3935 6585 -291 162 -87 2
> 6522 4935 -499 215 167 3
> 5105 5964 -90 84 173 1
! -79194 56438 200
! -94149 18150 0
> 6567 4126 -564 329 121 3
> 3644 6747 -247 137 -69 2
> 5852 5253 -569 270 149 3
> 5015 6048 -76 71 173 1
! -69393 69166 200 Sims: 219k
! 39820 -86480 0 Average: 240k
> 6567 4126 -564 329 121 3
> 3644 6747 -247 137 -69 2
> 5852 5253 -569 270 149 3
> 5015 6048 -76 71 173 1
! -59753 80724 0
! -93147 -13032 0
> 5851 4585 -608 390 139 3
> 3397 6884 -209 116 -69 2
> 5351 5429 -258 -80 131 3
> 4871 6213 -289 370 -169 1
! -46293 89914 0 Sims: 186k
! 66611 -70601 200 Average: 239k
> 5851 4585 -608 390 139 3
> 3397 6884 -209 116 -69 2
> 5351 5429 -258 -80 131 3
> 4871 6213 -289 370 -169 1
! -80365 56932 200
! -82591 -42267 0
> 5361 4783 -335 37 121 3
> 3314 6845 -70 -33 -51 2
> 4803 5644 -546 313 149 3
> 4582 6583 -245 314 -151 1
! -70599 69823 0 Sims: 241k
! 87378 -47314 200 Average: 239k
> 5361 4783 -335 37 121 3
> 3314 6845 -70 -33 -51 2
> 4803 5644 -546 313 149 3
> 4582 6583 -245 314 -151 1
! -80913 57147 200
! -63617 -66552 0
> 5026 4820 -284 31 139 3
> 3412 6704 83 -120 -33 2
> 4086 6060 -609 353 149 3
> 4337 6897 -208 266 -133 1
! -47118 90149 0 Sims: 258k
! 100098 -18827 0 Average: 240k
> 5026 4820 -284 31 139 3
> 3412 6704 83 -120 -33 2
> 4086 6060 -609 353 149 3
> 4337 6897 -208 266 -133 1
! -61519 81531 SHIELD
! -37924 -83733 0
> 4742 4851 -241 26 121 3
> 2610 7477 -824 801 -15 2
> 3565 6324 -428 209 131 3
> 4129 7163 -176 226 -115 1
! -18481 102117 200 Sims: 269k
! 86674 -46682 200 Average: 240k
> 4742 4851 -241 26 121 3
> 2610 7477 -824 801 -15 2
> 3565 6324 -428 209 131 3
> 4129 7163 -176 226 -115 1
! -35508 98374 0
! -8058 -92091 200
> 4455 5072 -244 187 103 3
> 1954 8170 -557 588 -33 2
> 3137 6533 -363 177 113 3
> 3929 7190 -170 23 -97 1
! -18768 102338 200 Sims: 279k
! 98640 -17361 200 Average: 241k
> 4455 5072 -244 187 103 3
> 1954 8170 -557 588 -33 2
> 3137 6533 -363 177 113 3
> 3929 7190 -170 23 -97 1
! -5578 106152 0
! -8258 -92064 200
> 4165 5454 -246 324 103 3
> 1590 8707 -309 456 -15 2
> 2774 6710 -308 150 95 0
> 3735 7014 -165 -149 -97 1
! -47979 90783 200 Sims: 251k
! 98276 -16824 200 Average: 241k
> 4165 5454 -246 324 103 3
> 1590 8707 -309 456 -15 2
> 2774 6710 -308 150 95 0
> 3735 7014 -165 -149 -97 1
! 25269 104147 0
! 22815 -91148 200
> 3829 5900 -94 -289 121 3
> 1474 9112 -98 344 -15 2
> 2466 6860 -261 127 77 0
> 3594 6718 -310 416 -79 1
! -19394 103166 200 Sims: 263k
! 98160 -16419 200 Average: 242k
> 3829 5900 -94 -289 121 3
> 1474 9112 -98 344 -15 2
> 2466 6860 -261 127 77 0
> 3594 6718 -310 416 -79 1
! 53969 92576 200
! 22674 -91444 200
> 3689 5806 -119 -80 103 3
> 1569 9405 81 248 -15 2
> 2308 7158 -134 253 59 0
> 3322 6938 -231 186 -79 1
! -48455 91135 200 Sims: 258k
! 101412 15002 200 Average: 242k
> 3689 5806 -119 -80 103 3
> 1569 9405 81 248 -15 2
> 2308 7158 -134 253 59 0
> 3322 6938 -231 186 -79 1
! 77778 72763 200
! 51802 -80524 200
> 3466 5897 -189 77 121 3
> 1850 9664 238 220 3 2
> 2325 7542 14 326 41 0
> 3188 6949 -113 9 -61 1
! -19757 103163 200 Sims: 275k
! 98536 -15867 200 Average: 243k
> 3466 5897 -189 77 121 3
> 1850 9664 238 220 3 2
> 2325 7542 14 326 41 0
> 3188 6949 -113 9 -61 1
! 94375 46615 200
! 22268 -91213 200
> 3275 5978 -106 -169 103 3
> 2281 9833 366 143 -15 2
> 2523 7946 168 343 23 0
> 3069 6952 -157 240 -79 1
! 11245 105660 200 Sims: 287k
! 98967 -15698 200 Average: 244k
> 3275 5978 -106 -169 103 3
> 2281 9833 366 143 -15 2
> 2523 7946 168 343 23 0
> 3069 6952 -157 240 -79 1
! 102142 16661 200
! 22149 -91210 200
> 3185 6008 -76 25 85 3
> 2840 9925 475 78 -15 2
> 2890 8306 312 306 5 0
> 2950 6996 -101 37 -79 1
! -20038 103274 200 Sims: 269k
! 86904 -44234 200 Average: 245k
> 3185 6008 -76 25 85 3
> 2840 9925 475 78 -15 2
> 2890 8306 312 306 5 0
> 2950 6996 -101 37 -79 1
! 100327 -14189 200
! 22030 -91166 200
> 3104 6067 -22 -127 103 3
> 3483 9895 546 -25 -33 2
> 3397 8567 430 221 -13 0
> 2845 6998 -135 178 -79 1
! -20119 103333 200 Sims: 279k
! 100169 -15636 200 Average: 245k
> 3104 6067 -22 -127 103 3
> 3483 9895 546 -25 -33 2
> 3397 8567 430 221 -13 0
> 2845 6998 -135 178 -79 1
! 100833 -13928 200
! 21925 -91164 200
> 3036 6135 -58 57 103 3
> 4222 9819 628 -64 -15 2
> 4022 8743 531 149 -13 0
> 2748 6980 -82 -15 -79 1
! -20187 103401 200 Sims: 284k
! 88286 -44340 200 Average: 246k
> 3036 6135 -58 57 103 3
> 4222 9819 628 -64 -15 2
> 4022 8743 531 149 -13 0
> 2748 6980 -82 -15 -79 1
! 89738 -42760 200
! 51228 -80482 200
> 3051 6043 39 -152 103 3
> 5018 9647 676 -146 -33 2
> 4724 8789 597 39 -31 0
> 2643 7133 -115 204 -61 1
! -20172 103309 200 Sims: 225k
! 101704 -15884 200 Average: 246k
> 3051 6043 39 -152 103 3
> 5018 9647 676 -146 -33 2
> 4724 8789 597 39 -31 0
> 2643 7133 -115 204 -61 1
! 102160 -13706 200
! 51123 -80329 200
> 3044 6086 -6 36 103 3
> 5910 9496 809 -23 -15 2
> 5493 8737 602 -149 -13 0
> 2625 7162 -15 24 -61 1
! -49100 91415 200 Sims: 286k
! 89974 -44663 200 Average: 246k
> 3044 6086 -6 36 103 3
> 5910 9496 809 -23 -15 2
> 5493 8737 602 -149 -13 0
> 2625 7162 -15 24 -61 1
! 91209 -42766 200
! 21705 -91000 200
> 2951 6249 34 -140 121 3
> 6887 9365 830 -111 -33 2
> 6266 8485 657 -214 -31 0
> 2631 7033 -108 169 -79 1
! -20272 103515 200 Sims: 278k
! 70101 -68120 200 Average: 247k
> 2951 6249 34 -140 121 3
> 6887 9365 830 -111 -33 2
> 6266 8485 657 -214 -31 0
> 2631 7033 -108 169 -79 1
! 71871 -66986 200
! 51111 -80429 200
> 2948 6281 39 -69 103 3
> 7843 9099 812 -226 -51 2
> 7054 8120 669 -310 -49 0
> 2610 7050 -59 110 -61 1
! -49196 91610 200 Sims: 281k
! 71057 -68386 200 Average: 248k
> 2948 6281 39 -69 103 3
> 7843 9099 812 -226 -51 2
> 7054 8120 669 -310 -49 0
> 2610 7050 -59 110 -61 1
! 72659 -67351 200
! 51090 -80412 200
> 2951 6225 17 -82 121 3
> 8781 8718 797 -323 -51 2
> 7854 7659 680 -391 -49 0
> 2580 7143 -40 114 -61 1
! -20272 103491 200 Sims: 296k
! 44957 -84509 200 Average: 248k
> 2951 6225 17 -82 121 3
> 8781 8718 797 -323 -51 2
> 7854 7659 680 -391 -49 0
> 2580 7143 -40 114 -61 1
! 93570 -43844 200
! 51060 -80319 200
> 2923 6334 40 -76 103 3
> 9650 8209 738 -433 -69 2
> 8705 7165 723 -419 -31 0
> 2636 7085 -17 120 -61 1
! -49221 91663 200 Sims: 284k
! 15247 -91634 200 Average: 249k
> 2923 6334 40 -76 103 3
> 9650 8209 738 -433 -69 2
> 8705 7165 723 -419 -31 0
> 2636 7085 -17 120 -61 1
! 74310 -68306 200
! 51116 -80377 200
> 2934 6231 10 -90 121 3
> 10399 7576 636 -537 -87 2
> 9559 6595 726 -484 -49 0
> 2641 7227 2 124 -61 1
! -20289 103497 200 Sims: 239k
! 15996 -92267 200 Average: 249k
> 2934 6231 10 -90 121 3
> 10399 7576 636 -537 -87 2
> 9559 6595 726 -484 -49 0
> 2641 7227 2 124 -61 1
! 48632 -85455 200
! 21721 -90935 200
> 2898 6336 -30 88 103 3
> 11046 6839 550 -626 -87 2
> 10363 5927 683 -567 -67 1
> 2681 7155 34 -61 -79 1
! 10868 106018 200 Sims: 291k
! 47222 -86388 0 Average: 250k
> 2898 6336 -30 88 103 3
> 11046 6839 550 -626 -87 2
> 10363 5927 683 -567 -67 1
> 2681 7155 34 -61 -79 1
! 49435 -86123 200
! 21761 -91007 200
> 3015 6140 110 -205 85 3
> 11596 6213 467 -532 -69 2
> 11124 5176 646 -638 -67 1
> 2622 7381 -60 231 -79 1
! -20208 103406 200 Sims: 302k
! 17193 -93630 200 Average: 251k
> 3015 6140 110 -205 85 3
> 11596 6213 467 -532 -69 2
> 11124 5176 646 -638 -67 1
> 2622 7381 -60 231 -79 1
! 50196 -86874 200
! 21702 -90781 200
> 3079 6130 54 -8 103 3
> 12074 5481 406 -621 -87 2
> 11848 4354 615 -698 -67 1
> 2600 7416 -18 29 -79 1
! -49065 91459 200 Sims: 315k
! -13457 -91205 200 Average: 252k
> 3079 6130 54 -8 103 3
> 12074 5481 406 -621 -87 2
> 11848 4354 615 -698 -67 1
> 2600 7416 -18 29 -79 1
! 50920 -87696 200
! 51080 -80046 200
> 3029 6293 -42 138 121 3
> 12429 4667 301 -692 -105 2
> 12541 3472 589 -749 -67 1
> 2679 7270 67 -124 -61 1
! -20194 103559 0 Sims: 297k
! -41730 -79397 0 Average: 252k
> 3029 6293 -42 138 121 3
> 12429 4667 301 -692 -105 2
> 12541 3472 589 -749 -67 1
> 2679 7270 67 -124 -61 1
! 21256 -96147 0
! 51159 -80192 SHIELD
> 3014 6353 105 -296 103 3
> 12730 3975 255 -588 -123 2
> 13130 2723 500 -636 -85 1
> 2743 7154 42 -63 -61 1
! -20209 103619 200 Sims: 292k
! -12801 -92711 0 Average: 253k
> 3014 6353 105 -296 103 3
> 12730 3975 255 -588 -123 2
> 13130 2723 500 -636 -85 1
> 2743 7154 42 -63 -61 1
! -9365 -94713 0
! 75878 -61045 0
> 3073 6252 49 -86 103 3
> 12985 3387 216 -499 -105 2
> 13630 2087 425 -540 -103 2
> 2785 7091 35 -53 -43 1
! -20150 103518 200 Sims: 265k
! 18582 -96456 200 Average: 253k
> 3073 6252 49 -86 103 3
> 12985 3387 216 -499 -105 2
> 13630 2087 425 -540 -103 2
> 2785 7091 35 -53 -43 1
! -37873 -83629 0
! 75920 -61108 0
> 3107 6272 60 -68 103 3
> 13212 2688 193 -593 -87 2
> 14055 1547 361 -459 -121 2
> 2788 7126 -28 116 -43 1
! -49037 91601 200 Sims: 216k
! -12319 -93998 0 Average: 253k
> 3107 6272 60 -68 103 3
> 13212 2688 193 -593 -87 2
> 14055 1547 361 -459 -121 2
> 2788 7126 -28 116 -43 1
! -61416 -64058 0
! 51268 -80336 0
> 3063 6375 -37 87 121 3
> 13405 2095 164 -504 -105 2
> 14416 1088 306 -390 -139 2
> 2760 7242 -23 98 -61 1
! -20160 103641 200 Sims: 241k
! 19002 -97748 0 Average: 252k
> 3063 6375 -37 87 121 3
> 13405 2095 164 -504 -105 2
> 14416 1088 306 -390 -139 2
> 2760 7242 -23 98 -61 1
! -77634 -37985 0
! 51240 -80220 200
> 3066 6399 34 -74 103 3
> 13569 1591 139 -428 -87 2
> 14722 698 260 -331 -157 2
> 2747 7422 -42 248 -61 1
! 11036 106081 200 Sims: 260k
! 49745 -91636 0 Average: 253k
> 3066 6399 34 -74 103 3
> 13569 1591 139 -428 -87 2
> 14722 698 260 -331 -157 2
> 2747 7422 -42 248 -61 1
! -84897 -8017 0
! 75882 -60777 200
> 3116 6524 42 106 85 3
> 13708 1163 118 -363 -69 2
> 14982 367 221 -281 -175 2
> 2851 7534 88 94 -43 1
! 11086 106206 200 Sims: 282k
! 76922 -76322 0 Average: 253k
> 3116 6524 42 106 85 3
> 13708 1163 118 -363 -69 2
> 14982 367 221 -281 -175 2
> 2851 7534 88 94 -43 1
! -82454 22862 0
! 93481 -34727 200
> 3186 6745 86 -11 85 0
> 13826 800 100 -308 -51 2
> 15203 86 187 -238 -193 2
> 3109 7628 191 279 -25 1
! 41569 99085 0 Sims: 303k
! 97890 -53359 0 Average: 254k
> 3186 6745 86 -11 85 0
> 13826 800 100 -308 -51 2
> 15203 86 187 -238 -193 2
> 3109 7628 191 279 -25 1
! -70513 51589 0
! 102363 -4559 200
> 3272 6734 73 -9 67 0
> 13926 492 85 -261 -33 2
> 15390 -152 158 -202 149 2
> 3499 7883 331 216 -7 1
! 68312 82694 0 Sims: 309k
! 110612 -25039 200 Average: 254k
> 3272 6734 73 -9 67 0
> 13926 492 85 -261 -33 2
> 15390 -152 158 -202 149 2
> 3499 7883 331 216 -7 1
! -50215 75319 200
! 94129 -34378 200
> 3345 6725 62 -7 49 0
> 14204 180 236 -265 -15 2
> 15417 -203 22 -43 131 2
> 4011 8014 435 111 -25 1
! 88674 58869 200 Sims: 254k
! 114047 5777 0 Average: 254k
> 3345 6725 62 -7 49 0
> 14204 180 236 -265 -15 2
> 15417 -203 22 -43 131 2
> 4011 8014 435 111 -25 1
! -23656 91847 200
! 77146 -60185 200
> 3578 6822 197 82 31 0
> 14440 -85 200 -225 3 2
> 15361 -62 -47 119 113 2
> 4592 7989 494 -21 -43 1
! 100844 30045 200 Sims: 306k
! 107667 36091 200 Average: 255k
> 3578 6822 197 82 31 0
> 14440 -85 200 -225 3 2
> 15361 -62 -47 119 113 2
> 4592 7989 494 -21 -43 1
! -50244 75408 0
! 53072 -79473 0
> 3970 6950 332 109 13 0
> 14550 -274 -4 -172 21 2
> 15590 93 292 144 131 2
> 5086 7968 419 -17 -61 1
! 103652 -1020 200 Sims: 312k
! 92035 62940 0 Average: 256k
> 3970 6950 332 109 13 0
> 14550 -274 -4 -172 21 2
> 15590 93 292 144 131 2
> 5086 7968 419 -17 -61 1
! -70126 51596 200
! 24166 -90194 0
> 4501 7043 451 79 -5 0
> 14546 -446 -3 -146 39 2
> 15711 340 102 209 149 2
> 5505 7951 356 -14 -79 1
! 96841 -31340 200 Sims: 291k
! 68705 83618 0 Average: 256k
> 4501 7043 451 79 -5 0
> 14546 -446 -3 -146 39 2
> 15711 340 102 209 149 2
> 5505 7951 356 -14 -79 1
! -81725 22835 200
! -6682 -91303 200
> 5137 7045 540 1 -23 0
> 14543 -592 -2 -124 57 2
> 15618 594 -78 215 167 2
> 5837 7738 281 -180 -97 1
! 97477 -31338 200 Sims: 275k
! 40074 96094 0 Average: 257k
> 5137 7045 540 1 -23 0
> 14543 -592 -2 -124 57 2
> 15618 594 -78 215 167 2
> 5837 7738 281 -180 -97 1
! -84001 -8121 200
! -6350 -91516 200
> 5621 6707 306 -402 -23 0
> 14541 -716 -1 -105 75 2
> 15341 792 -235 167 -175 2
> 6334 7622 527 16 -97 1
! 105303 -1263 200 Sims: 291k
! 8944 99127 0 Average: 257k
> 5621 6707 306 -402 -23 0
> 14541 -716 -1 -105 75 2
> 15341 792 -235 167 -175 2
> 6334 7622 527 16 -97 1
! -82095 23287 200
! 25414 -90540 200
> 6126 6289 429 -355 -5 0
> 14540 -821 0 -89 93 2
> 14911 1004 -365 180 167 2
> 6899 7442 480 -153 -79 1
! 103392 29512 200 Sims: 236k
! -21636 92406 200 Average: 257k
> 6126 6289 429 -355 -5 0
> 14540 -821 0 -89 93 2
> 14911 1004 -365 180 167 2
> 6899 7442 480 -153 -79 1
! -82525 23499 200
! 25979 -90720 200
> 6750 5980 530 -262 13 0
> 14468 -724 -61 82 111 2
> 14351 1229 -475 191 167 2
> 7417 7093 440 -296 -79 1
! 92079 58124 0 Sims: 289k
! -48746 76761 200 Average: 257k
> 6750 5980 530 -262 13 0
> 14468 -724 -61 82 111 2
> 14351 1229 -475 191 167 2
> 7417 7093 440 -296 -79 1
! -83085 23724 200
! -4770 -92161 0
> 7280 5718 450 -222 31 0
> 14281 -487 -159 201 129 2
> 13681 1465 -569 200 167 2
> 7857 6797 374 -251 -97 1
! 72320 81678 200 Sims: 274k
! -69783 53672 200 Average: 258k
> 7280 5718 450 -222 31 0
> 14281 -487 -159 201 129 2
> 13681 1465 -569 200 167 2
> 7857 6797 374 -251 -97 1
! -83755 23960 200
! -4330 -92457 200
> 7851 5631 325 -396 49 0
> 13954 -178 -278 262 147 2
> 12917 1710 -649 208 167 2
> 8215 6365 464 -45 -97 1
! 46234 97971 200 Sims: 205k
! -70110 53981 200 Average: 257k
> 7851 5631 325 -396 49 0
> 13954 -178 -278 262 147 2
> 12917 1710 -649 208 167 2
> 8215 6365 464 -45 -97 1
! -84519 24205 200
! -34046 -84265 200
> 8243 5400 293 -280 67 0
> 13508 192 -379 314 147 2
> 12073 1963 -717 215 167 2
> 8604 6159 370 -91 -115 1
! 46626 97740 200 Sims: 191k
! -70556 54351 200 Average: 256k
> 8243 5400 293 -280 67 0
> 13508 192 -379 314 147 2
> 12073 1963 -717 215 167 2
> 8604 6159 370 -91 -115 1
! -85363 24458 200
! -33657 -84471 200
> 8538 5148 234 -248 67 0
> 12961 614 -465 358 147 2
> 11161 2223 -775 220 167 2
> 8964 6043 322 -64 -115 1
! 46921 97488 200 Sims: 197k
! -71103 54773 200 Average: 255k
> 8538 5148 234 -248 67 0
> 12961 614 -465 358 147 2
> 11161 2223 -775 220 167 2
> 8964 6043 322 -64 -115 1
! -74555 53726 200
! -59235 -67092 200
> 8849 5085 264 -53 67 0
> 12328 1080 -538 396 147 2
> 10215 2546 -804 274 149 2
> 9150 5833 157 -178 -133 1
! 47232 97425 SHIELD Sims: 247k
! -71736 55239 200 Average: 255k
> 8849 5085 264 -53 67 0
> 12328 1080 -538 396 147 2
> 10215 2546 -804 274 149 2
> 9150 5833 157 -178 -133 1
! -75501 54049 200
! -33111 -84797 200
> 9089 4973 203 -96 67 0
> 11622 1584 -600 428 147 2
> 9240 2923 -829 320 149 2
> 9459 6063 266 204 -115 1
! 47472 97313 0 Sims: 256k
! -51592 79069 0 Average: 255k
> 9089 4973 203 -96 67 0
> 11622 1584 -600 428 147 2
> 9240 2923 -829 320 149 2
> 9459 6063 266 204 -115 1
! -76476 54426 200
! -2728 -93191 200
> 9292 4877 172 -81 67 0
> 11022 2012 -510 363 129 2
> 8240 3346 -850 359 149 3
> 9701 6068 205 4 -97 1
! 47675 97217 0 Sims: 267k
! -25154 95239 200 Average: 255k
> 9292 4877 172 -81 67 0
> 11022 2012 -510 363 129 2
> 8240 3346 -850 359 149 3
> 9701 6068 205 4 -97 1
! -57365 78817 200
! -32560 -84562 200
> 9464 4796 146 -68 67 0
> 10440 2561 -494 467 111 2
> 7259 3856 -834 433 131 3
> 9821 5891 102 -150 -115 1
! 47847 97136 0 Sims: 255k
! 4843 102404 0 Average: 255k
> 9464 4796 146 -68 67 0
> 10440 2561 -494 467 111 2
> 7259 3856 -834 433 131 3
> 9821 5891 102 -150 -115 1
! -58346 79326 200
! -32440 -84739 200
> 9610 4728 124 -57 67 0
> 9946 3028 -419 396 93 2
> 6294 4440 -820 496 131 3
> 9838 5560 14 -281 -115 1
! 17580 104410 200 Sims: 255k
! 4349 102871 200 Average: 255k
> 9610 4728 124 -57 67 0
> 9946 3028 -419 396 93 2
> 6294 4440 -820 496 131 3
> 9838 5560 14 -281 -115 1
! -59311 79910 200
! -2349 -93694 SHIELD
> 9566 4424 -74 510 85 0
> 9519 3405 -351 -541 93 2
> 5343 5087 -808 549 131 3
> 9870 5345 29 -173 -97 1
! 17536 104106 SHIELD Sims: 300k
! 35050 100091 200 Average: 256k
> 9566 4424 -74 510 85 0
> 9519 3405 -351 -541 93 2
> 5343 5087 -808 549 131 3
> 9870 5345 29 -173 -97 1
! -33730 97137 200
! -2317 -93909 SHIELD
> 9320 4558 -267 -13 85 0
> 9219 3057 -254 -295 75 2
> 4457 5820 -753 623 113 3
> 10071 5548 229 299 -97 1
! 47703 96898 0 Sims: 292k
! 34750 99743 200 Average: 256k
> 9320 4558 -267 -13 85 0
> 9219 3057 -254 -295 75 2
> 4457 5820 -753 623 113 3
> 10071 5548 229 299 -97 1
! -4258 105439 0
! -32190 -85082 0
> 9053 4545 -226 -11 67 0
> 9016 2955 -172 -86 75 2
> 3704 6443 -640 529 95 3
> 10300 5847 194 254 -115 1
! 74093 80505 0 Sims: 254k
! 3419 102798 200 Average: 256k
> 9053 4545 -226 -11 67 0
> 9016 2955 -172 -86 75 2
> 3704 6443 -640 529 95 3
> 10300 5847 194 254 -115 1
! 26199 103880 0
! -57899 -67288 0
> 8827 4534 -192 -9 49 0
> 8833 3069 -155 96 93 2
> 3064 6972 -544 449 77 0
> 10494 6101 164 215 -133 1
! 94156 56678 0 Sims: 233k
! 34364 99755 0 Average: 256k
> 8827 4534 -192 -9 49 0
> 8833 3069 -155 96 93 2
> 3064 6972 -544 449 77 0
> 10494 6101 164 215 -133 1
! 54567 92688 200
! -57705 -67034 0
> 8635 4525 -163 -7 31 0
> 8678 3165 -131 81 75 2
> 2623 7592 -374 527 59 0
> 10658 6316 139 182 -133 1
! 93964 56669 200 Sims: 225k
! 62837 87229 200 Average: 256k
> 8635 4525 -163 -7 31 0
> 8678 3165 -131 81 75 2
> 2623 7592 -374 527 59 0
> 10658 6316 139 182 -133 1
! 78093 73197 0
! -57541 -66819 200
> 8643 4622 6 82 31 0
> 8655 3414 -19 211 57 2
> 2249 8119 -317 447 41 0
> 10661 6352 2 30 -133 1
! 93972 56766 200 Sims: 227k
! 34186 100100 200 Average: 255k
> 8643 4622 6 82 31 0
> 8655 3414 -19 211 57 2
> 2249 8119 -317 447 41 0
> 10661 6352 2 30 -133 1
! 94299 47192 0
! -57538 -66783 200
> 8820 4808 150 158 31 0
> 8687 3818 27 343 75 2
> 1932 8566 -269 379 23 0
> 10527 6236 -114 -98 -133 1
! 106086 28031 200 Sims: 229k
! 62846 87882 200 Average: 255k
> 8820 4808 150 158 31 0
> 8687 3818 27 343 75 2
> 1932 8566 -269 379 23 0
> 10527 6236 -114 -98 -133 1
! 101551 17281 200
! -31734 -84394 200
> 9180 5051 364 348 13 0
> 8807 4291 43 259 57 2
> 1862 8962 -59 336 5 0
> 10328 5957 -168 -237 -115 1
! 108862 -2919 200 Sims: 229k
! 34338 100977 200 Average: 255k
> 9180 5051 364 348 13 0
> 8807 4291 43 259 57 2
> 1862 8962 -59 336 5 0
> 10328 5957 -168 -237 -115 1
! 99299 -13533 200
! -57871 -67178 SHIELD
> 9537 5231 261 177 -5 0
> 8732 4595 -821 -404 75 2
> 1998 9253 115 247 -13 0
> 10198 5750 -30 -112 -133 1
! 109219 -2739 SHIELD Sims: 285k
! 62891 88659 200 Average: 255k
> 9537 5231 261 177 -5 0
> 8732 4595 -821 -404 75 2
> 1998 9253 115 247 -13 0
> 10198 5750 -30 -112 -133 1
! 87714 -42250 200
! -32063 -84880 200
> 9745 5367 172 111 -5 0
> 8019 4359 -605 -200 57 2
> 2284 9397 243 122 -31 0
> 10695 6047 471 290 -115 1
! 102085 -33016 0 Sims: 271k
! 85504 67573 200 Average: 255k
> 9745 5367 172 111 -5 0
> 8019 4359 -605 -200 57 2
> 2284 9397 243 122 -31 0
> 10695 6047 471 290 -115 1
! 67889 -66074 200
! -1492 -93207 0
> 9917 5478 146 94 -23 1
> 7569 4285 -382 -62 39 2
> 2658 9368 318 -24 -49 0
> 11166 6337 400 246 -97 1
! 85877 -59562 0 Sims: 259k
! 100796 40461 200 Average: 255k
> 9917 5478 146 94 -23 1
> 7569 4285 -382 -62 39 2
> 2658 9368 318 -24 -49 0
> 11166 6337 400 246 -97 1
! 68263 -66103 200
! -31095 -84293 0
> 10063 5572 124 79 -41 1
> 7373 4295 -166 8 21 2
> 3107 9193 381 -148 -49 0
> 11566 6583 340 209 -115 1
! 86023 -59468 0 Sims: 264k
! 84858 67509 200 Average: 255k
> 10063 5572 124 79 -41 1
> 7373 4295 -166 8 21 2
> 3107 9193 381 -148 -49 0
> 11566 6583 340 209 -115 1
! 68712 -66278 200
! -621 -92671 200
> 10187 5651 105 67 -41 1
> 7362 4429 -9 114 39 2
> 3619 8894 435 -254 -49 0
> 11882 6593 268 8 -97 1
! 62331 -79678 200 Sims: 240k
! 61521 88493 0 Average: 255k
> 10187 5651 105 67 -41 1
> 7362 4429 -9 114 39 2
> 3619 8894 435 -254 -49 0
> 11882 6593 268 8 -97 1
! 69224 -66577 200
! -305 -92661 200
> 10396 5547 177 -88 -59 1
> 7353 4543 -7 96 57 2
> 4185 8489 481 -344 -49 0
> 12126 6402 207 -161 -97 1
! 62540 -79782 200 Sims: 292k
! 32884 101229 200 Average: 256k
> 10396 5547 177 -88 -59 1
> 7353 4543 -7 96 57 2
> 4185 8489 481 -344 -49 0
> 12126 6402 207 -161 -97 1
! 89901 -43014 BOOST
! -61 -92852 200
> 10677 5288 239 -219 -59 1
> 7397 4832 37 245 75 2
> 5223 7810 882 -576 -31 0
> 12309 6042 155 -305 -97 1
! 62821 -80041 200 Sims: 247k
! 32928 101518 200 Average: 256k
> 10677 5288 239 -219 -59 1
> 7397 4832 37 245 75 2
> 5223 7810 882 -576 -31 0
> 12309 6042 155 -305 -97 1
! 90939 -43693 200
! -29952 -84588 200
> 11020 4898 291 -331 -59 1
> 7485 5270 74 372 75 2
> 6276 7131 895 -577 -31 0
> 12379 5556 59 -413 -115 1
! 86980 -60142 200 Sims: 271k
! 1888 105113 0 Average: 256k
> 11020 4898 291 -331 -59 1
> 7485 5270 74 372 75 2
> 6276 7131 895 -577 -31 0
> 12379 5556 59 -413 -115 1
! 71881 -68340 200
! -29882 -85074 200
> 11463 4437 376 -391 -41 1
> 7559 5642 62 316 93 2
> 7302 6403 872 -618 -49 0
> 12353 4962 -21 -505 -115 1
! 87423 -60603 SHIELD Sims: 334k
! 1962 105485 SHIELD Average: 256k
> 11463 4437 376 -391 -41 1
> 7559 5642 62 316 93 2
> 7302 6403 872 -618 -49 0
> 12353 4962 -21 -505 -115 1
! 93018 -45100 SHIELD
! -29908 -85668 200
> 11787 4016 244 -376 -41 1
> 7984 4877 362 -652 93 2
> 7811 6866 431 395 -31 0
> 12768 4579 664 -143 -115 1
! 87747 -61024 0 Sims: 369k
! 33515 101563 0 Average: 258k
> 11787 4016 244 -376 -41 1
> 7984 4877 362 -652 93 2
> 7811 6866 431 395 -31 0
> 12768 4579 664 -143 -115 1
! 73416 -68605 200
! -55431 -68556 200
> 12031 3640 207 -319 -41 1
> 8346 4225 307 -554 75 2
> 8242 7261 366 335 -49 0
> 13296 4290 448 -245 -133 1
! 104371 -34743 0 Sims: 326k
! 62505 88289 0 Average: 258k
> 12031 3640 207 -319 -41 1
> 8346 4225 307 -554 75 2
> 8242 7261 366 335 -49 0
> 13296 4290 448 -245 -133 1
! 47315 -84789 0
! -74166 -44190 200
> 12238 3321 175 -271 -23 1
> 8653 3671 260 -470 57 2
> 8608 7596 311 284 -67 0
> 13569 3948 232 -290 -151 1
! 111920 -4649 0 Sims: 319k
! 86138 66885 0 Average: 259k
> 12238 3321 175 -271 -23 1
> 8653 3671 260 -470 57 2
> 8608 7596 311 284 -67 0
> 13569 3948 232 -290 -151 1
! 17323 -92023 0
! -84593 -15132 200
> 12413 3050 148 -230 -5 1
> 8913 3201 221 -399 39 2
> 8919 7880 264 241 -85 0
> 13605 3620 30 -278 -169 1
! 109679 26273 200 Sims: 285k
! 102140 39377 200 Average: 259k
> 12413 3050 148 -230 -5 1
> 8913 3201 221 -399 39 2
> 8919 7880 264 241 -85 0
> 13605 3620 30 -278 -169 1
! 17634 -91739 200
! -73857 -44860 200
> 12755 2866 -98 -365 13 1
> 9320 2874 346 -277 21 2
> 9200 7922 239 35 -85 0
> 13460 3245 266 -109 -151 1
! 98084 55010 200 Sims: 232k
! 109163 8471 200 Average: 259k
> 12755 2866 -98 -365 13 1
> 9320 2874 346 -277 21 2
> 9200 7922 239 35 -85 0
> 13460 3245 266 -109 -151 1
! 17915 -91697 200
! -54739 -69890 200
> 12828 2605 61 -221 31 1
> 9866 2608 463 -225 3 2
> 9456 7758 217 -139 -85 0
> 13590 2990 110 -216 -133 1
! 77868 78565 200 Sims: 260k
! 106552 -22923 200 Average: 259k
> 12828 2605 61 -221 31 1
> 9866 2608 463 -225 3 2
> 9456 7758 217 -139 -85 0
> 13590 2990 110 -216 -133 1
! 18171 -91861 200
! -73872 -45490 200
> 12764 2414 -95 -182 49 1
> 10522 2332 557 -234 -15 2
> 9690 7420 199 -287 -85 0
> 13780 2799 202 -142 -151 1
! 98093 54558 0 Sims: 264k
! 110365 7929 0 Average: 259k
> 12764 2414 -95 -182 49 1
> 10522 2332 557 -234 -15 2
> 9690 7420 199 -287 -85 0
> 13780 2799 202 -142 -151 1
! 48763 -84630 200
! -54419 -70336 200
> 12669 2232 -80 -154 31 1
> 11079 2098 473 -198 3 2
> 9967 6949 235 -400 -67 0
> 13846 2511 55 -245 -133 2
! 109935 25455 0 Sims: 267k
! 104306 38274 0 Average: 259k
> 12669 2232 -80 -154 31 1
> 11079 2098 473 -198 3 2
> 9967 6949 235 -400 -67 0
> 13846 2511 55 -245 -133 2
! 75572 -68522 200
! -54353 -70624 200
> 12589 2078 -68 -130 13 1
> 11552 1900 402 -168 21 2
> 10333 6398 311 -468 -49 1
> 13765 2120 -69 -332 -133 2
! 112271 -5892 0 Sims: 262k
! 89037 65114 200 Average: 259k
> 12589 2078 -68 -130 13 1
> 11552 1900 402 -168 21 2
> 10333 6398 311 -468 -49 1
> 13765 2120 -69 -332 -133 2
! 96049 -45105 200
! -73697 -46360 0
> 12894 2016 469 -14 -5 1
> 11736 1791 -54 -130 39 2
> 10815 5827 410 -485 -31 1
> 13696 1788 -58 -282 -151 2
! 110160 25239 SHIELD Sims: 267k
! 65895 85855 200 Average: 259k
> 12894 2016 469 -14 -5 1
> 11736 1791 -54 -130 39 2
> 10815 5827 410 -485 -31 1
> 13696 1788 -58 -282 -151 2
! 76420 -69644 200
! -54503 -71347 SHIELD
> 12998 2122 61 98 13 1
> 11790 1829 46 32 57 2
> 11356 5191 460 -540 -49 1
> 14003 1386 287 -350 -133 2
! 98327 54266 0 Sims: 295k
! 65949 85893 200 Average: 259k
> 12998 2122 61 98 13 1
> 11790 1829 46 32 57 2
> 11356 5191 460 -540 -49 1
> 14003 1386 287 -350 -133 2
! 76961 -70280 200
! -54196 -71749 0
> 13059 2220 51 83 31 1
> 11944 2029 131 170 57 2
> 11947 4500 502 -587 -49 1
> 14290 1036 243 -297 -133 2
! 78099 78180 0 Sims: 307k
! 89429 65243 0 Average: 260k
> 13059 2220 51 83 31 1
> 11944 2029 131 170 57 2
> 11947 4500 502 -587 -49 1
> 14290 1036 243 -297 -133 2
! 51020 -87550 200
! -73172 -47444 0
> 13110 2303 43 70 49 1
> 12075 2199 111 144 39 2
> 12527 3729 493 -655 -67 1
> 14533 739 206 -252 -151 2
! 78150 78263 SHIELD Sims: 348k
! 89560 65413 200 Average: 260k
> 13110 2303 43 70 49 1
> 12075 2199 111 144 39 2
> 12527 3729 493 -655 -67 1
> 14533 739 206 -252 -151 2
! 21242 -95890 0
! -83629 -18341 0
> 13157 2358 64 -62 49 1
> 12341 2469 226 229 39 2
> 12984 3228 135 659 -85 1
> 14739 487 175 -214 -169 2
! 51540 94698 SHIELD Sims: 305k
! 105568 38645 0 Average: 261k
> 13157 2358 64 -62 49 1
> 12341 2469 226 229 39 2
> 12984 3228 135 659 -85 1
> 14739 487 175 -214 -169 2
! 52057 -88822 200
! -84515 12674 200
> 13237 2292 71 -56 67 1
> 12410 2733 21 232 21 2
> 13197 3703 181 403 -67 1
> 14715 297 -19 -161 -187 2
! 21207 101974 0 Sims: 303k
! 112253 8330 200 Average: 261k
> 13237 2292 71 -56 67 1
> 12410 2733 21 232 21 2
> 13197 3703 181 403 -67 1
> 14715 297 -19 -161 -187 2
! 21912 -95916 200
! -75915 42558 200
> 13308 2236 60 -47 85 1
> 12631 2976 187 206 3 2
> 13395 3907 168 173 -85 1
> 14515 221 -170 -65 155 2
! -9915 99502 0 Sims: 309k
! 105858 39152 200 Average: 262k
> 13308 2236 60 -47 85 1
> 12631 2976 187 206 3 2
> 13395 3907 168 173 -85 1
> 14515 221 -170 -65 155 2
! 22110 -95712 200
! -76115 42482 0
> 13368 2189 51 -39 103 1
> 13004 3254 317 236 21 2
> 13580 3881 157 -22 -85 1
> 14345 156 -144 -55 155 2
! -38776 87518 0 Sims: 344k
! 112847 8851 SHIELD Average: 262k
> 13368 2189 51 -39 103 1
> 13004 3254 317 236 21 2
> 13580 3881 157 -22 -85 1
> 14345 156 -144 -55 155 2
! -8915 -93555 0
! -76285 42417 200
> 13419 2150 43 -33 121 2
> 13290 3457 237 167 3 2
> 14044 4185 448 316 -103 1
> 14020 186 -276 25 155 2
! -62541 67190 200 Sims: 296k
! 109976 -22074 0 Average: 263k
> 13419 2150 43 -33 121 2
> 13290 3457 237 167 3 2
> 14044 4185 448 316 -103 1
> 14020 186 -276 25 155 2
! -8451 -93251 200
! -76610 42447 200
> 13310 2247 -92 82 139 2
> 13527 3624 201 141 -15 2
> 14447 4306 342 102 -103 1
> 13563 296 -388 93 155 2
! -79030 40630 200 Sims: 336k
! 97591 -50535 0 Average: 263k
> 13310 2247 -92 82 139 2
> 13527 3624 201 141 -15 2
> 14447 4306 342 102 -103 1
> 13563 296 -388 93 155 2
! -8048 -93130 200
! -59572 68495 200
> 13033 2406 -235 134 157 2
> 13728 3765 170 119 -33 2
> 14744 4213 252 -78 -103 1
> 13029 525 -454 194 137 2
! -86649 10376 200 Sims: 328k
! 76942 -73720 0 Average: 264k
> 13033 2406 -235 134 157 2
> 13728 3765 170 119 -33 2
> 14744 4213 252 -78 -103 1
> 13029 525 -454 194 137 2
! -7751 -93223 200
! -60106 68724 200
> 12599 2556 -369 127 175 2
> 13898 3884 144 101 -51 2
> 14951 3940 175 -231 -103 1
> 12429 855 -510 280 137 2
! -84667 -20667 200 Sims: 340k
! 77112 -73601 200 Average: 264k
> 12599 2556 -369 127 175 2
> 13898 3884 144 101 -51 2
> 14951 3940 175 -231 -103 1
> 12429 855 -510 280 137 2
! -36552 -81776 200
! -36051 88316 200
> 12035 2637 -479 68 -167 2
> 14168 3830 229 -45 -51 2
> 15023 3538 61 -342 -121 1
> 11822 1310 -515 386 119 2
! -73294 -49507 200 Sims: 301k
! 98232 -50329 200 Average: 265k
> 12035 2637 -479 68 -167 2
> 14168 3830 229 -45 -51 2
> 15023 3538 61 -342 -121 1
> 11822 1310 -515 386 119 2
! -60448 -62067 200
! -36658 88771 200
> 11396 2649 -440 458 -149 2
> 14412 3764 143 -18 -33 2
> 15086 2977 118 -513 -139 1
> 11199 1823 -632 -12 119 2
! -53644 -73311 200 Sims: 308k
! 77626 -73721 0 Average: 265k
> 11396 2649 -440 458 -149 2
> 14412 3764 143 -18 -33 2
> 15086 2977 118 -513 -139 1
> 11199 1823 -632 -12 119 2
! -76964 -36096 0
! -7881 99985 200
> 10826 2955 -484 260 -131 2
> 14555 3746 121 -15 -51 2
> 15204 2464 100 -436 -157 1
> 10529 2007 -569 156 101 2
! -27557 -89385 200 Sims: 206k
! 50731 -89481 0 Average: 264k
> 10826 2955 -484 260 -131 2
> 14555 3746 121 -15 -51 2
> 15204 2464 100 -436 -157 1
> 10529 2007 -569 156 101 2
! -84415 -6251 200
! 22715 101261 200
> 10292 3100 -395 275 -113 2
> 14676 3731 102 -12 -69 2
> 15105 2011 -84 -385 -175 1
> 9958 2291 -543 89 83 2
! -54748 -72860 200 Sims: 194k
! 20273 -96112 0 Average: 264k
> 10292 3100 -395 275 -113 2
> 14676 3731 102 -12 -69 2
> 15105 2011 -84 -385 -175 1
> 9958 2291 -543 89 83 2
! -82331 24506 200
! 52219 92921 200
> 9808 3322 -381 262 -131 2
> 14778 3719 86 -10 -87 2
> 14826 1671 -237 -289 -193 1
> 9459 2462 -454 71 65 2
! -28575 -89018 200 Sims: 222k
! -10753 -92967 0 Average: 264k
> 9808 3322 -381 262 -131 2
> 14778 3719 86 -10 -87 2
> 14826 1671 -237 -289 -193 1
> 9459 2462 -454 71 65 2
! -70890 53174 200
! 51720 93092 200
> 9377 3469 -321 237 -113 2
> 14864 3709 73 -8 -105 2
> 14418 1485 -347 -158 149 1
> 9062 2645 -381 42 65 2
! 1407 -96213 200 Sims: 218k
! -39295 -80355 0 Average: 263k
> 9377 3469 -321 237 -113 2
> 14864 3709 73 -8 -105 2
> 14418 1485 -347 -158 149 1
> 9062 2645 -381 42 65 2
! -71298 52988 200
! 51323 93275 200
> 9085 3618 -218 200 -95 2
> 14937 3701 62 -6 -123 2
> 13900 1430 -440 -46 149 2
> 8721 2757 -319 21 65 2
! 32308 -93648 200 Sims: 215k
! -62548 -59513 200 Average: 263k
> 9085 3618 -218 200 -95 2
> 14937 3701 62 -6 -123 2
> 13900 1430 -440 -46 149 2
> 8721 2757 -319 21 65 2
! -71816 52933 200
! 50982 93387 200
> 8921 3636 -61 139 -77 2
> 14844 3569 -79 -112 -141 2
> 13289 1487 -519 48 149 2
> 8479 2947 -283 36 65 3
! 32144 -93630 200 Sims: 207k
! -78383 -32607 200 Average: 262k
> 8921 3636 -61 139 -77 2
> 14844 3569 -79 -112 -141 2
> 13289 1487 -519 48 149 2
> 8479 2947 -283 36 65 3
! -72427 52990 200
! 76678 76082 200
> 8994 3705 75 77 -77 2
> 14579 3385 -225 -156 -159 2
> 12599 1638 -586 128 149 2
> 8245 3005 -212 30 47 3
! 61138 -81624 200 Sims: 206k
! -85264 -2212 200 Average: 262k
> 8994 3705 75 77 -77 2
> 14579 3385 -225 -156 -159 2
> 12599 1638 -586 128 149 2
> 8245 3005 -212 30 47 3
! -84837 24133 200
! 95706 51485 200
> 9173 3611 152 -79 -59 2
> 14154 3218 -360 -142 -177 2
> 11818 1811 -663 147 167 2
> 8208 3132 -31 107 29 3
! 32396 -93655 200 Sims: 202k
! -85689 -2379 200 Average: 262k
> 9173 3611 152 -79 -59 2
> 14154 3218 -360 -142 -177 2
> 11818 1811 -663 147 167 2
> 8208 3132 -31 107 29 3
! -73898 53314 0
! 106370 22212 0
> 9371 3337 168 -232 -77 2
> 13594 3065 -475 -130 -177 2
> 11155 1958 -563 124 149 2
> 8177 3239 -26 90 11 3
! 61515 -81992 200 Sims: 201k
! -83092 28596 200 Average: 261k
> 9371 3337 168 -232 -77 2
> 13594 3065 -475 -130 -177 2
> 11155 1958 -563 124 149 2
> 8177 3239 -26 90 11 3
! -54450 77429 200
! 107431 -8947 200
> 9643 2934 231 -342 -59 2
> 12926 2986 -568 -67 -195 2
> 10461 2233 -590 233 131 2
> 8350 3305 146 55 -7 3
! 85603 -62106 200 Sims: 236k
! -86917 -2611 200 Average: 261k
> 9643 2934 231 -342 -59 2
> 12926 2986 -568 -67 -195 2
> 10461 2233 -590 233 131 2
> 8350 3305 146 55 -7 3
! -75255 53736 0
! 107604 -8882 0
> 9346 3078 -426 280 -41 2
> 12158 2908 -652 -66 -177 2
> 10550 1850 250 -484 149 2
> 8496 3360 124 46 -7 3
! 61490 -82251 SHIELD Sims: 263k
! -84528 28439 0 Average: 261k
> 9346 3078 -426 280 -41 2
> 12158 2908 -652 -66 -177 2
> 10550 1850 250 -484 149 2
> 8496 3360 124 46 -7 3
! -55055 77321 200
! 106658 22440 SHIELD
> 9396 3205 119 83 -59 2
> 11506 2842 -554 -56 -195 2
> 10669 1517 100 -283 131 2
> 8144 3559 -376 193 11 3
! 32619 -94061 0 Sims: 228k
! -85180 28373 200 Average: 261k
> 9396 3205 119 83 -59 2
> 11506 2842 -554 -56 -195 2
> 10669 1517 100 -283 131 2
> 8144 3559 -376 193 11 3
! -54936 76987 200
! 107398 -8627 200
> 9515 3288 101 70 -77 2
> 10759 2837 -635 -4 165 2
> 10638 1385 -26 -112 131 2
> 7768 3752 -319 164 -7 3
! 1545 -96394 SHIELD Sims: 243k
! -89084 -2760 200 Average: 261k
> 9515 3288 101 70 -77 2
> 10759 2837 -635 -4 165 2
> 10638 1385 -26 -112 131 2
> 7768 3752 -319 164 -7 3
! -75078 52888 0
! 105930 22832 0
> 9585 3384 6 125 -95 2
> 10235 2566 88 -669 183 2
> 10612 1273 -22 -95 149 2
> 7449 3916 -271 139 11 3
! -28798 -88956 0 Sims: 294k
! -82992 -33610 SHIELD Average: 261k
> 9585 3384 6 125 -95 2
> 10235 2566 88 -669 183 2
> 10612 1273 -22 -95 149 2
> 7449 3916 -271 139 11 3
! -54993 76744 SHIELD
! 106703 -8270 0
> 9591 3509 5 106 -113 2
> 10312 1928 -92 -107 201 2
> 10601 1147 148 -541 131 2
> 7178 4055 -230 118 -7 3
! -28792 -88831 0 Sims: 262k
! -82915 -34248 0 Average: 261k
> 9591 3509 5 106 -113 2
> 10312 1928 -92 -107 201 2
> 10601 1147 148 -541 131 2
> 7178 4055 -230 118 -7 3
! -28472 93197 0
! 97808 -38206 0
> 9596 3615 4 90 -113 2
> 10220 1821 -78 -90 -159 2
> 10749 606 125 -459 113 2
> 6948 4173 -195 100 -25 3
! -55444 -72345 0 Sims: 264k
! -89623 -3776 0 Average: 261k
> 9596 3615 4 90 -113 2
> 10220 1821 -78 -90 -159 2
> 10749 606 125 -459 113 2
> 6948 4173 -195 100 -25 3
! 2033 100225 200
! 97578 -38088 0
> 9600 3705 3 76 -131 2
> 10142 1731 -66 -76 -177 2
> 10874 147 106 -390 95 2
> 6753 4273 -165 85 -25 3
! -75729 -48439 200 Sims: 242k
! -86544 27262 0 Average: 261k
> 9600 3705 3 76 -131 2
> 10142 1731 -66 -76 -177 2
> 10874 147 106 -390 95 2
> 6753 4273 -165 85 -25 3
! -28199 92197 0
! 79888 -63926 0
> 9432 3677 -142 -24 -149 2
> 10076 1655 -56 -64 -195 2
> 10980 -243 90 -331 113 2
> 6588 4358 -140 72 -43 3
! -87834 -19546 200 Sims: 241k
! -73988 55814 200 Average: 261k
> 9432 3677 -142 -24 -149 2
> 10076 1655 -56 -64 -195 2
> 10980 -243 90 -331 113 2
> 6588 4358 -140 72 -43 3
! -28093 91807 200
! 55068 -83104 0
> 9095 3607 -286 -59 -167 2
> 9852 1699 -190 37 -213 2
> 10992 -390 10 -124 113 2
> 6448 4430 -119 61 -61 3
! -90587 11577 200 Sims: 237k
! -53362 79184 200 Average: 260k
> 9095 3607 -286 -59 -167 2
> 9852 1699 -190 37 -213 2
> 10992 -390 10 -124 113 2
> 6448 4430 -119 61 -61 3
! -54613 75080 200
! 79583 -63769 200
> 8610 3564 -412 -36 -185 2
> 9536 1891 -268 163 -231 2
> 10871 -363 -103 22 131 2
> 6475 4355 23 -64 -43 3
! -83730 41947 200 Sims: 242k
! -53678 79376 200 Average: 260k
> 8610 3564 -412 -36 -185 2
> 9536 1891 -268 163 -231 2
> 10871 -363 -103 22 131 2
> 6475 4355 23 -64 -43 3
! -28202 91687 200
! 54955 -83107 0
> 8013 3605 -507 34 -203 3
> 9142 2209 -335 270 129 2
> 10690 -157 -153 175 113 2
> 6498 4291 19 -54 -61 3
! -67947 68645 200 Sims: 234k
! -74922 56368 200 Average: 260k
> 8013 3605 -507 34 -203 3
> 9142 2209 -335 270 129 2
> 10690 -157 -153 175 113 2
> 6498 4291 19 -54 -61 3
! -28383 91893 200
! 79633 -63908 0
> 7354 3769 -560 139 -221 3
> 8639 2587 -427 321 147 2
> 10459 202 -196 305 113 2
> 6517 4237 16 -45 -43 3
! -84986 42152 200 Sims: 241k
! -75425 56746 200 Average: 260k
> 7354 3769 -560 139 -221 3
> 8639 2587 -427 321 147 2
> 10459 202 -196 305 113 2
> 6517 4237 16 -45 -43 3
! -55146 75672 200
! 79652 -63962 0
> 7145 3659 -62 -163 157 3
> 8044 3016 -505 364 147 3
> 10132 658 -278 387 131 2
> 5997 4518 -556 308 -43 3
! -85195 42042 SHIELD Sims: 253k
! -88642 28547 200 Average: 260k
> 7145 3659 -62 -163 157 3
> 8044 3016 -505 364 147 3
> 10132 658 -278 387 131 2
> 5997 4518 -556 308 -43 3
! -55473 76128 200
! 54477 -82944 0
> 7000 3550 -162 -67 157 3
> 8176 2892 506 -361 165 3
> 9723 1196 -347 457 131 2
> 5441 4826 -472 261 -61 3
! -68960 68590 0 Sims: 291k
! -91667 -2705 0 Average: 260k
> 7000 3550 -162 -67 157 3
> 8176 2892 506 -361 165 3
> 9723 1196 -347 457 131 2
> 5441 4826 -472 261 -61 3
! -29350 93246 200
! 78576 -63373 0
> 6838 3483 -137 -56 139 3
> 8682 2531 430 -306 183 3
> 9298 1837 -361 544 113 2
> 4969 5087 -401 221 -43 3
! -69122 68523 0 Sims: 232k
! -84545 -33645 SHIELD Average: 260k
> 6838 3483 -137 -56 139 3
> 8682 2531 430 -306 183 3
> 9298 1837 -361 544 113 2
> 4969 5087 -401 221 -43 3
! -56307 77307 SHIELD
! 78104 -63112 0
> 6701 3427 -116 -47 139 3
> 8429 3000 -286 480 201 3
> 9620 1606 345 -277 131 2
> 4568 5308 -340 187 -43 3
! -69259 68467 0 Sims: 271k
! -69056 -60214 0 Average: 260k
> 6701 3427 -116 -47 139 3
> 8429 3000 -286 480 201 3
> 9620 1606 345 -277 131 2
> 4568 5308 -340 187 -43 3
! -29453 93656 0
! 77703 -62891 0
> 6585 3380 -98 -39 139 3
> 8143 3480 -243 408 219 3
> 9965 1329 293 -235 113 2
> 4228 5495 -289 158 -43 3
! -45559 88709 0 Sims: 330k
! -46016 -80584 0 Average: 261k
> 6585 3380 -98 -39 139 3
> 8143 3480 -243 408 219 3
> 9965 1329 293 -235 113 2
> 4228 5495 -289 158 -43 3
! 1249 100948 0
! 77363 -62704 0
> 6487 3341 -83 -33 121 3
> 7900 3888 -206 346 -123 3
> 10258 1094 249 -199 95 2
> 3939 5653 -245 134 -43 3
! -69473 68381 200 Sims: 314k
! -17631 -92798 0 Average: 261k
> 6487 3341 -83 -33 121 3
> 7900 3888 -206 346 -123 3
> 10258 1094 249 -199 95 2
> 3939 5653 -245 134 -43 3
! -28815 93144 0
! 94569 -36608 0
> 6252 3438 -199 82 139 3
> 7694 4234 -175 294 -105 3
> 10507 895 211 -169 113 2
> 3694 5787 -208 113 -25 3
! -45892 88767 200 Sims: 262k
! 13291 -95609 200 Average: 261k
> 6252 3438 -199 82 139 3
> 7694 4234 -175 294 -105 3
> 10507 895 211 -169 113 2
> 3694 5787 -208 113 -25 3
! -28566 92945 200
! 76829 -62412 0
> 5949 3691 -257 214 121 3
> 7530 4328 -139 80 -87 3
> 10640 910 112 12 113 2
> 3486 5900 -176 96 -43 3
! -17274 100957 200 Sims: 254k
! 43706 -88899 200 Average: 261k
> 5949 3691 -257 214 121 3
> 7530 4328 -139 80 -87 3
> 10640 910 112 12 113 2
> 3486 5900 -176 96 -43 3
! -54965 76380 200
! 94116 -36361 200
> 5646 4100 -257 347 103 3
> 7463 4222 -56 -90 -69 3
> 10621 1073 -16 138 131 2
> 3491 5911 4 9 -25 3
! -46498 89429 0 Sims: 247k
! 70677 -73263 200 Average: 261k
> 5646 4100 -257 347 103 3
> 7463 4222 -56 -90 -69 3
> 10621 1073 -16 138 131 2
> 3491 5911 4 9 -25 3
! -54984 76543 200
! 102745 -6276 0
> 5389 4447 -218 294 121 3
> 7533 3977 59 -208 -51 3
> 10474 1362 -125 245 131 2
> 3495 5920 3 7 -7 3
! -70571 69487 200 Sims: 248k
! 91597 -50182 200 Average: 261k
> 5389 4447 -218 294 121 3
> 7533 3977 59 -208 -51 3
> 10474 1362 -125 245 131 2
> 3495 5920 3 7 -7 3
! -75242 52865 200
! 94125 -36341 200
> 5019 4871 -314 360 139 3
> 7760 3661 193 -268 -33 3
> 10178 1710 -251 295 149 2
> 3679 5842 156 -65 -25 3
! -47125 90200 200 Sims: 238k
! 104446 -21870 200 Average: 261k
> 5019 4871 -314 360 139 3
> 7760 3661 193 -268 -33 3
> 10178 1710 -251 295 149 2
> 3679 5842 156 -65 -25 3
! -75538 53213 0
! 94309 -36419 200
> 4730 5329 379 37 121 3
> 8146 3342 328 -271 -15 3
> 9927 2005 -213 250 149 2
> 3887 5765 -448 286 -25 3
! -71230 70369 200 Sims: 248k
! 92210 -50817 200 Average: 260k
> 4730 5329 379 37 121 3
> 8146 3342 328 -271 -15 3
> 9927 2005 -213 250 149 2
> 3887 5765 -448 286 -25 3
! -87509 24500 0
! 103141 -6422 0
> 4957 5496 193 142 139 3
> 8642 2963 421 -322 -33 3
> 9714 2255 -181 212 167 2
> 3439 6051 -380 243 -7 3
! -87383 43879 200 Sims: 274k
! 105328 -22568 SHIELD Average: 261k
> 4957 5496 193 142 139 3
> 8642 2963 421 -322 -33 3
> 9714 2255 -181 212 167 2
> 3439 6051 -380 243 -7 3
! -76002 53758 0
! 102693 -6136 200
> 4965 5715 7 185 157 3
> 9014 2667 251 -216 -15 3
> 10019 2204 911 -396 149 2
> 3258 6270 -154 185 -7 3
! -94717 13685 200 Sims: 253k
! 105700 -22864 0 Average: 260k
> 4965 5715 7 185 157 3
> 9014 2667 251 -216 -15 3
> 10019 2204 911 -396 149 2
> 3258 6270 -154 185 -7 3
! -87417 24699 200
! 102512 -5917 200
> 4773 5916 -163 170 175 3
> 9265 2451 213 -183 -15 3
> 10735 1853 608 -298 167 2
> 3303 6431 37 136 -7 3
! -94909 13886 200 Sims: 262k
! 105951 -23080 0 Average: 261k
> 4773 5916 -163 170 175 3
> 9265 2451 213 -183 -15 3
> 10735 1853 608 -298 167 2
> 3303 6431 37 136 -7 3
! -74981 53356 200
! 93933 -35830 200
> 4411 6102 -308 158 175 3
> 9478 2268 181 -155 -15 3
> 11172 1658 371 -165 149 2
> 3521 6482 185 43 -25 3
! -95271 14072 SHIELD Sims: 286k
! 106164 -23263 0 Average: 261k
> 4411 6102 -308 158 175 3
> 9478 2268 181 -155 -15 3
> 11172 1658 371 -165 149 2
> 3521 6482 185 43 -25 3
! -54433 77129 200
! 76656 -61717 SHIELD
> 4400 6120 118 -45 175 3
> 9659 2113 153 -131 -15 3
> 11412 1644 203 -11 131 2
> 3409 6665 -223 215 -43 3
! -95282 14090 0 Sims: 259k
! 109502 7710 200 Average: 261k
> 4400 6120 118 -45 175 3
> 9659 2113 153 -131 -15 3
> 11412 1644 203 -11 131 2
> 3409 6665 -223 215 -43 3
! -27661 93694 200
! 51889 -80797 200
> 4518 6075 100 -38 175 3
> 10012 1993 299 -101 3 3
> 11537 1817 106 147 113 2
> 3186 6880 -189 182 -61 0
! -87822 44458 0 Sims: 261k
! 103239 38169 200 Average: 261k
> 4518 6075 100 -38 175 3
> 10012 1993 299 -101 3 3
> 11537 1817 106 147 113 2
> 3186 6880 -189 182 -61 0
! -27536 93867 200
! 76321 -61319 0
> 4618 6037 85 -32 157 3
> 10497 1964 412 -24 21 3
> 11565 2148 23 281 113 2
> 2997 7062 -160 154 -43 0
! -87722 44420 0 Sims: 249k
! 87982 65178 200 Average: 261k
> 4618 6037 85 -32 157 3
> 10497 1964 412 -24 21 3
> 11565 2148 23 281 113 2
> 2997 7062 -160 154 -43 0
! -54040 77618 0
! 76132 -61137 0
> 4703 6005 72 -27 157 3
> 10896 2001 131 -49 39 3
> 11756 2494 369 375 131 2
> 2837 7216 -136 130 -43 0
! -87637 44388 200 Sims: 264k
! 65055 86065 0 Average: 261k
> 4703 6005 72 -27 157 3
> 10896 2001 131 -49 39 3
> 11756 2494 369 375 131 2
> 2837 7216 -136 130 -43 0
! -73960 53997 200
! 75972 -60983 200
> 4590 6055 -95 42 157 3
> 11027 1952 111 -41 57 3
> 11954 2972 167 406 149 2
> 2847 7210 8 -5 -43 0
! -71370 71095 0 Sims: 275k
! 36558 98638 0 Average: 261k
> 4590 6055 -95 42 157 3
> 11027 1952 111 -41 57 3
> 11954 2972 167 406 149 2
> 2847 7210 8 -5 -43 0
! -85482 25467 200
! 75982 -60989 200
> 4495 6097 -80 35 139 3
> 11138 1911 94 -34 75 3
> 11926 3423 -23 383 167 2
> 3001 7069 131 -120 -43 0
! -87845 44480 200 Sims: 258k
! 5541 101754 200 Average: 261k
> 4495 6097 -80 35 139 3
> 11138 1911 94 -34 75 3
> 11926 3423 -23 383 167 2
> 3001 7069 131 -120 -43 0
! -87693 -5292 200
! 93631 -35192 200
> 4230 6209 -224 95 157 3
> 11221 2077 70 140 93 3
> 11704 3789 -188 310 -175 2
> 3313 6864 265 -173 -25 0
! -88110 44592 SHIELD Sims: 284k
! -24955 95304 200 Average: 261k
> 4230 6209 -224 95 157 3
> 11221 2077 70 140 93 3
> 11704 3789 -188 310 -175 2
> 3313 6864 265 -173 -25 0
! -80346 -35284 200
! 76448 -61335 SHIELD
> 4182 6165 176 -209 157 3
> 11219 2403 -1 277 111 3
> 11332 4021 -316 197 -157 2
> 3402 6830 -141 142 -43 0
! -88158 44548 0 Sims: 280k
! -51995 79888 200 Average: 261k
> 4182 6165 176 -209 157 3
> 11219 2403 -1 277 111 3
> 11332 4021 -316 197 -157 2
> 3402 6830 -141 142 -43 0
! -64139 -61584 200
! 51882 -80632 0
> 4358 5956 149 -177 157 3
> 11092 2835 -108 367 129 3
> 10865 4087 -396 55 -139 2
> 3261 6972 -119 120 -61 0
! -87982 44339 0 Sims: 269k
! -72972 56994 200 Average: 261k
> 4358 5956 149 -177 157 3
> 11092 2835 -108 367 129 3
> 10865 4087 -396 55 -139 2
> 3261 6972 -119 120 -61 0
! -40638 -81629 200
! 76396 -61227 0
> 4507 5779 126 -150 157 3
> 10816 3309 -60 147 147 3
> 10365 3971 -598 157 -121 2
> 3142 7092 -101 102 -43 0
! -87833 44162 0 Sims: 271k
! -73248 57468 200 Average: 261k
> 4507 5779 126 -150 157 3
> 10816 3309 -60 147 147 3
> 10365 3971 -598 157 -121 2
> 3142 7092 -101 102 -43 0
! -41138 -81745 200
! 76277 -61107 0
> 4633 5629 107 -127 157 3
> 10588 3564 -193 217 147 3
> 9664 3957 -595 -12 -121 2
> 3041 7194 -85 86 -43 0
! -95049 13599 200 Sims: 256k
! -86098 29095 200 Average: 261k
> 4633 5629 107 -127 157 3
> 10588 3564 -193 217 147 3
> 9664 3957 -595 -12 -121 2
> 3041 7194 -85 86 -43 0
! -65807 -61648 200
! 51521 -80268 200
> 4541 5518 -78 -94 175 3
> 10202 3832 -328 227 165 3
> 8918 3814 -634 -121 -139 2
> 3053 7105 10 -75 -61 0
! -87799 43901 200 Sims: 252k
! -73862 57991 200 Average: 261k
> 4541 5518 -78 -94 175 3
> 10202 3832 -328 227 165 3
> 8918 3814 -634 -121 -139 2
> 3053 7105 10 -75 -61 0
! -83132 -35259 0
! 51533 -80357 200
> 4278 5501 -223 -14 157 3
> 9706 4167 -421 285 147 3
> 8284 3693 -538 -102 -157 3
> 3160 6855 90 -212 -61 0
! -71682 70541 0 Sims: 241k
! -86980 29698 200 Average: 261k
> 4278 5501 -223 -14 157 3
> 9706 4167 -421 285 147 3
> 8284 3693 -538 -102 -157 3
> 3160 6855 90 -212 -61 0
! -91335 -5022 0
! 51640 -80607 200
> 4055 5487 -189 -11 139 3
> 9092 4503 -522 285 165 3
> 7746 3591 -457 -86 -175 3
> 3347 6468 158 -328 -61 0
! -48089 90816 SHIELD Sims: 215k
! -87594 30034 200 Average: 261k
> 4055 5487 -189 -11 139 3
> 9092 4503 -522 285 165 3
> 7746 3591 -457 -86 -175 3
> 3347 6468 158 -328 -61 0
! -89690 26086 200
! 22427 -91694 SHIELD
> 3888 5437 27 -339 121 3
> 8377 4839 -608 285 165 3
> 7094 3550 -554 -34 -193 3
> 3483 6179 -53 51 -79 0
! -48256 90766 0 Sims: 221k
! -91466 -758 0 Average: 260k
> 3888 5437 27 -339 121 3
> 8377 4839 -608 285 165 3
> 7094 3550 -554 -34 -193 3
> 3483 6179 -53 51 -79 0
! -78622 55053 200
! -8704 -93075 0
> 3915 5098 22 -288 121 3
> 7769 5124 -516 242 183 3
> 6369 3619 -616 58 149 3
> 3430 6230 -45 43 -97 0
! -19308 102364 0 Sims: 208k
! -85458 -31052 200 Average: 260k
> 3915 5098 22 -288 121 3
> 7769 5124 -516 242 183 3
> 6369 3619 -616 58 149 3
> 3430 6230 -45 43 -97 0
! -59236 79090 200
! -38831 -84400 0
> 3937 4810 18 -244 103 3
> 7067 5294 -597 144 201 3
> 5622 3828 -635 177 131 3
> 3385 6273 -38 36 -115 0
! 11907 104492 0 Sims: 207k
! -70418 -57920 200 Average: 260k
> 3937 4810 18 -244 103 3
> 7067 5294 -597 144 201 3
> 5622 3828 -635 177 131 3
> 3385 6273 -38 36 -115 0
! -33451 95878 200
! -64814 -66862 0
> 3955 4566 15 -207 85 3
> 6315 5312 -639 14 219 3
> 4909 4189 -606 306 113 3
> 3347 6309 -32 30 -133 0
! 11925 104248 SHIELD Sims: 226k
! -47844 -78752 200 Average: 260k
> 3955 4566 15 -207 85 3
> 6315 5312 -639 14 219 3
> 4909 4189 -606 306 113 3
> 3347 6309 -32 30 -133 0
! -3806 103808 SHIELD
! -84115 -42171 0
> 3472 4504 -590 0 85 3
> 5568 5158 -635 -131 -123 3
> 4801 4350 88 84 95 3
> 3315 6339 -27 25 -151 0
! 11442 104186 0 Sims: 242k
! -71917 -58056 SHIELD Average: 259k
> 3472 4504 -590 0 85 3
> 5568 5158 -635 -131 -123 3
> 4801 4350 88 84 95 3
> 3315 6339 -27 25 -151 0
! -3914 103969 SHIELD
! -64884 -66796 200
> 2882 4504 -501 0 85 3
> 5062 5255 -313 290 -141 3
> 4760 4206 -151 -330 95 3
> 3152 6218 -138 -103 -133 0
! 41265 96844 0 Sims: 239k
! -72423 -57959 0 Average: 259k
> 2882 4504 -501 0 85 3
> 5062 5255 -313 290 -141 3
> 4760 4206 -151 -330 95 3
> 3152 6218 -138 -103 -133 0
! -34313 96256 0
! -84310 -42262 200
> 2381 4504 -425 0 67 3
> 4749 5545 -266 246 -141 3
> 4609 3876 -128 -280 113 3
> 2839 6018 -265 -169 -151 0
! 67421 80464 0 Sims: 225k
! -72736 -57669 0 Average: 259k
> 2381 4504 -425 0 67 3
> 4749 5545 -266 246 -141 3
> 4609 3876 -128 -280 113 3
> 2839 6018 -265 -169 -151 0
! -4106 103495 0
! -65360 -67117 200
> 1956 4504 -361 0 49 3
> 4483 5791 -226 209 -141 3
> 4481 3596 -108 -238 95 3
> 2438 5703 -341 -267 -133 0
! 40339 96844 200 Sims: 221k
! -49676 -78273 0 Average: 259k
> 1956 4504 -361 0 49 3
> 4483 5791 -226 209 -141 3
> 4481 3596 -108 -238 95 3
> 2438 5703 -341 -267 -133 0
! -34592 95646 0
! -39823 -84927 200
> 1606 4564 -489 -313 67 3
> 4257 6000 -192 177 -123 3
> 4373 3358 -91 -202 113 3
> 2078 5379 -114 89 -115 0
! 66646 80524 200 Sims: 227k
! -21274 -90686 200 Average: 259k
> 1606 4564 -489 -313 67 3
> 4257 6000 -192 177 -123 3
> 4373 3358 -91 -202 113 3
> 2078 5379 -114 89 -115 0
! -61232 78828 200
! -66121 -67756 0
> 1247 4403 -305 -136 49 3
> 4014 5984 -206 -13 -105 3
> 4151 3307 -188 -43 131 3
> 1964 5468 -96 75 -133 0
! 39630 96743 200 Sims: 204k
! -21517 -90702 200 Average: 259k
> 1247 4403 -305 -136 49 3
> 4014 5984 -206 -13 -105 3
> 4151 3307 -188 -43 131 3
> 1964 5468 -96 75 -133 0
! -61454 78777 200
! -66235 -67667 0
> 1019 4452 -193 41 67 3
> 3757 5778 -218 -175 -105 3
> 3832 3415 -271 91 131 3
> 1868 5543 -81 63 -133 0
! 66059 80412 200 Sims: 217k
! -21774 -90908 200 Average: 258k
> 1019 4452 -193 41 67 3
> 3757 5778 -218 -175 -105 3
> 3832 3415 -271 91 131 3
> 1868 5543 -81 63 -133 0
! -81884 54918 200
! -85594 -42937 0
> 956 4645 -53 163 49 3
> 3488 5410 -228 -313 -105 3
> 3390 3609 -376 164 149 3
> 1787 5606 -68 53 -151 0
! 65996 80605 200 Sims: 199k
! -50671 -78654 200 Average: 258k
> 956 4645 -53 163 49 3
> 3488 5410 -228 -313 -105 3
> 3390 3609 -376 164 149 3
> 1787 5606 -68 53 -151 0
! -82326 55112 200
! -66412 -67529 0
> 1033 4960 65 267 49 3
> 3152 4929 -285 -408 -123 3
> 2843 3876 -465 226 149 3
> 1719 5659 -57 45 -133 0
! 86362 57104 0 Sims: 237k
! -74333 -58285 SHIELD Average: 258k
> 1033 4960 65 267 49 3
> 3152 4929 -285 -408 -123 3
> 2843 3876 -465 226 149 3
> 1719 5659 -57 45 -133 0
! -62762 79347 0
! -66480 -67476 200
> 908 5047 -216 -30 31 3
> 2885 4550 -206 -287 -141 3
> 2201 3809 -754 -402 131 3
> 1716 5738 107 171 -133 0
! 65948 81007 200 Sims: 266k
! -90342 -31626 0 Average: 258k
> 908 5047 -216 -30 31 3
> 2885 4550 -206 -287 -141 3
> 2201 3809 -754 -402 131 3
> 1716 5738 107 171 -133 0
! -36872 95859 200
! -85746 -42742 0
> 822 5169 -73 103 49 3
> 2679 4263 -175 -243 -159 3
> 1369 3591 -707 -185 113 3
> 1823 5909 90 145 -151 0
! 86151 57313 200 Sims: 242k
! -97164 -1334 0 Average: 258k
> 822 5169 -73 103 49 3
> 2679 4263 -175 -243 -159 3
> 1369 3591 -707 -185 113 3
> 1823 5909 90 145 -151 0
! -7346 103210 200
! -85639 -42571 200
> 920 5376 83 176 31 3
> 2504 4020 -148 -206 -177 3
> 645 3605 -615 12 95 3
> 1738 5957 -72 40 -151 0
! 65960 81336 200 Sims: 238k
! -94182 29551 0 Average: 258k
> 920 5376 83 176 31 3
> 2504 4020 -148 -206 -177 3
> 645 3605 -615 12 95 3
> 1738 5957 -72 40 -151 0
! 23140 101042 200
! -85724 -42523 200
> 808 5482 -238 -6 49 3
> 2356 3814 -125 -175 -195 3
> 75 3812 -484 175 77 3
> 1817 6121 209 236 -151 0
! 86137 57626 200 Sims: 226k
! -81708 57973 0 Average: 258k
> 808 5482 -238 -6 49 3
> 2356 3814 -125 -175 -195 3
> 75 3812 -484 175 77 3
> 1817 6121 209 236 -151 0
! 51578 89528 200
! -85645 -42359 200
> 741 5580 -57 83 31 3
> 2231 3639 -106 -148 -213 3
> -306 4158 -323 294 59 3
> 1851 6260 28 118 -151 0
! 86070 57724 200 Sims: 205k
! -60983 81124 0 Average: 257k
> 741 5580 -57 83 31 3
> 2231 3639 -106 -148 -213 3
> -306 4158 -323 294 59 3
> 1851 6260 28 118 -151 0
! 75164 69763 200
! -85611 -42220 200
> 855 5767 96 159 31 3
> 2125 3491 -90 -125 -231 3
> -478 4583 -146 361 41 3
> 1704 6281 -124 17 -151 0
! 65895 81727 200 Sims: 205k
! -34051 96718 0 Average: 257k
> 855 5767 96 159 31 3
> 2125 3491 -90 -125 -231 3
> -478 4583 -146 361 41 3
> 1704 6281 -124 17 -151 0
! 51025 90299 200
! -85758 -42199 200
> 684 5850 -286 -10 49 3
> 2035 3366 -76 -106 -249 3
> -521 5115 -36 452 59 3
> 1802 6429 224 207 -151 0
! 39067 98190 200 Sims: 216k
! -3562 103209 200 Average: 257k
> 684 5850 -286 -10 49 3
> 2035 3366 -76 -106 -249 3
> -521 5115 -36 452 59 3
> 1802 6429 224 207 -151 0
! 74949 70720 0
! -85660 -42051 200
> 475 6025 -177 148 67 3
> 1948 3460 -74 79 93 3
> -557 5567 -30 384 41 3
> 1851 6539 41 93 -151 0
! 65515 81985 0 Sims: 209k
! 27479 100146 200 Average: 257k
> 475 6025 -177 148 67 3
> 1948 3460 -74 79 93 3
> -557 5567 -30 384 41 3
> 1851 6539 41 93 -151 0
! 91493 44640 0
! -96311 -12541 200
> 298 6173 -150 125 49 3
> 1925 3732 -19 231 75 3
> -587 5951 -25 326 23 3
> 1696 6594 -132 46 -169 0
! 85627 58317 200 Sims: 198k
! 56084 87796 200 Average: 256k
> 298 6173 -150 125 49 3
> 1925 3732 -19 231 75 3
> -587 5951 -25 326 23 3
> 1696 6594 -132 46 -169 0
! 99032 14666 0
! -96466 -12486 200
> 319 6402 17 194 31 3
> 2014 4131 75 339 57 3
> -612 6277 -21 277 5 3
> 1368 6602 -279 6 -169 0
! 97585 29625 0 Sims: 190k
! 27545 100817 0 Average: 256k
> 319 6402 17 194 31 3
> 2014 4131 75 339 57 3
> -612 6277 -21 277 5 3
> 1368 6602 -279 6 -169 0
! 96825 -16218 0
! -97886 18789 0
> 289 6594 -244 151 13 3
> 2089 4470 63 288 75 3
> -633 6554 -17 235 -13 3
> 1136 6610 21 18 173 0
! 99971 -1376 0 Sims: 191k
! -3508 104313 0 Average: 256k
> 289 6594 -244 151 13 3
> 2089 4470 63 288 75 3
> -633 6554 -17 235 -13 3
> 1136 6610 21 18 173 0
! 85083 -44949 0
! -89494 48871 0
> 153 6744 -9 127 -5 3
> 2152 4758 53 244 93 3
> -758 6790 -212 201 -31 3
> 1157 6628 17 15 155 0
! 92493 -31639 200 Sims: 178k
! -34024 97985 0 Average: 255k
> 153 6744 -9 127 -5 3
> 2152 4758 53 244 93 3
> -758 6790 -212 201 -31 3
> 1157 6628 17 15 155 0
! 96678 -15705 0
! -89473 48889 200
> 197 6808 -140 73 -23 3
> 2205 5002 45 207 111 3
> -970 6991 -180 170 -13 3
> 1125 6713 150 53 155 0
! 99879 -1162 0 Sims: 189k
! -61009 82487 200 Average: 255k
> 197 6808 -140 73 -23 3
> 2205 5002 45 207 111 3
> -970 6991 -180 170 -13 3
> 1125 6713 150 53 155 0
! 98649 15706 200
! -98129 18899 200
> 57 6881 -119 62 -5 3
> 2124 5364 -69 307 129 3
> -951 7178 16 159 5 3
> 1076 6790 -41 65 173 0
! 97323 30104 200 Sims: 179k
! -34052 98591 0 Average: 255k
> 57 6881 -119 62 -5 3
> 2124 5364 -69 307 129 3
> -951 7178 16 159 5 3
> 1076 6790 -41 65 173 0
! 96486 -15317 200
! -97086 -12290 200
> 60 7003 -179 139 13 3
> 2055 5671 -58 260 111 3
> -740 7292 179 96 -13 3
> 911 6803 41 -24 -169 0
! 99742 -967 200 Sims: 168k
! -61159 83156 200 Average: 254k
> 60 7003 -179 139 13 3
> 2055 5671 -58 260 111 3
> -740 7292 179 96 -13 3
> 911 6803 41 -24 -169 0
! 84976 -44211 200
! -98343 18990 0
> 204 7072 62 73 -5 3
> 1871 6086 -156 352 129 3
> -676 7388 14 95 -31 3
> 1114 6731 272 -91 173 0
! 92544 -31311 200 Sims: 184k
! -61343 83571 SHIELD Average: 254k
> 204 7072 62 73 -5 3
> 1871 6086 -156 352 129 3
> -676 7388 14 95 -31 3
> 1114 6731 272 -91 173 0
! 96760 -15107 200
! -89516 48992 SHIELD
> 269 7124 149 -27 -23 3
> 2039 6175 270 -28 129 3
> -574 7482 -524 330 -13 3
> 1091 6893 -96 223 155 0
! 99951 -846 0 Sims: 243k
! -61175 83660 0 Average: 254k
> 269 7124 149 -27 -23 3
> 2039 6175 270 -28 129 3
> -574 7482 -524 330 -13 3
> 1091 6893 -96 223 155 0
! 96862 -15013 200
! -98163 19079 SHIELD
> -12 7200 -318 83 -5 3
> 2309 6147 229 -23 129 3
> -903 7767 -279 242 -13 3
> 1038 7106 -37 178 173 0
! 97254 30423 200 Sims: 222k
! -60905 83632 0 Average: 254k
> -12 7200 -318 83 -5 3
> 2309 6147 229 -23 129 3
> -903 7767 -279 242 -13 3
> 1038 7106 -37 178 173 0
! 96533 -14728 200
! -97124 -11974 0
> -135 7329 -104 110 13 3
> 2538 6124 194 -19 129 3
> -987 7964 -71 167 -13 3
> 1001 7284 -31 151 -169 0
! 97131 30552 200 Sims: 202k
! -60676 83609 0 Average: 253k
> -135 7329 -104 110 13 3
> 2538 6124 194 -19 129 3
> -987 7964 -71 167 -13 3
> 1001 7284 -31 151 -169 0
! 84729 -43539 0
! -97161 -11796 0
> -44 7485 76 132 13 3
> 2732 6105 164 -16 129 3
> -1058 8131 -60 141 -31 3
> 970 7435 -26 128 -169 0
! 99638 -485 0 Sims: 198k
! -81332 60264 0 Average: 253k
> -44 7485 76 132 13 3
> 2732 6105 164 -16 129 3
> -1058 8131 -60 141 -31 3
> 970 7435 -26 128 -169 0
! 64547 -67340 0
! -97192 -11645 0
> 32 7617 64 112 -5 3
> 2896 6089 139 -13 147 3
> -1118 8272 -51 119 -49 3
> 944 7563 -22 108 -169 0
! 92372 -30766 200 Sims: 195k
! -60318 83574 0 Average: 253k
> 32 7617 64 112 -5 3
> 2896 6089 139 -13 147 3
> -1118 8272 -51 119 -49 3
> 944 7563 -22 108 -169 0
! 84598 -43231 0
! -97218 -11517 0
> 121 7657 -20 36 -23 3
> 3035 6076 118 -11 129 3
> -1169 8391 -43 101 -31 3
> 1081 7666 213 84 -169 0
! 99803 -313 200 Sims: 194k
! -81029 60235 0 Average: 253k
> 121 7657 -20 36 -23 3
> 3035 6076 118 -11 129 3
> -1169 8391 -43 101 -31 3
> 1081 7666 213 84 -169 0
! 96267 -14104 200
! -86381 -40814 200
> 300 7677 152 17 -5 3
> 3153 6065 100 -9 147 3
> -1017 8447 129 47 -13 3
> 1119 7653 32 -11 -151 0
! 97566 30900 200 Sims: 195k
! -80911 60224 200 Average: 252k
> 300 7677 152 17 -5 3
> 3153 6065 100 -9 147 3
> -1017 8447 129 47 -13 3
> 1119 7653 32 -11 -151 0
! 84699 -43056 200
! -97043 -11427 200
> 160 7758 -135 69 13 3
> 3085 6164 -57 84 147 3
> -717 8391 255 -47 -31 3
> 1442 7587 290 -57 -169 0
! 97426 30981 SHIELD Sims: 183k
! -60129 83649 0 Average: 252k
> 160 7758 -135 69 13 3
> 3085 6164 -57 84 147 3
> -717 8391 255 -47 -31 3
> 1442 7587 290 -57 -169 0
! 84999 -43112 200
! -96720 -11493 200
> 65 7792 -48 1 13 3
> 3028 6248 -48 71 129 3
> -688 8588 -297 448 -31 3
> 1536 7492 79 -80 -169 0
! 97331 31015 0 Sims: 251k
! -60186 83733 200 Average: 252k
> 65 7792 -48 1 13 3
> 3028 6248 -48 71 129 3
> -688 8588 -297 448 -31 3
> 1536 7492 79 -80 -169 0
! 85028 -42915 200
! -97718 19679 200
> 17 7793 -40 0 13 3
> 2854 6474 -148 192 129 0
> -814 8933 -106 293 -31 3
> 1416 7436 -101 -47 173 0
! 99699 -177 0 Sims: 226k
! -60360 83959 200 Average: 252k
> 17 7793 -40 0 13 3
> 2854 6474 -148 192 129 0
> -814 8933 -106 293 -31 3
> 1416 7436 -101 -47 173 0
! 64791 -66538 200
! -89214 49697 200
> -23 7793 -34 0 -5 3
> 2580 6821 -233 294 129 0
> -789 9075 21 120 -49 3
> 1134 7474 -239 31 155 0
! 92317 -30590 0 Sims: 220k
! -60634 84306 200 Average: 252k
> -23 7793 -34 0 -5 3
> 2580 6821 -233 294 129 0
> -789 9075 21 120 -49 3
> 1134 7474 -239 31 155 0
! 64816 -66396 200
! -72001 75673 200
> -57 7793 -28 0 -23 3
> 2221 7270 -305 381 129 0
> -637 9044 129 -26 -49 3
> 749 7641 -327 142 137 0
! 75903 -57247 0 Sims: 212k
! -81843 61429 0 Average: 252k
> -57 7793 -28 0 -23 3
> 2221 7270 -305 381 129 0
> -637 9044 129 -26 -49 3
> 749 7641 -327 142 137 0
! 38436 -83006 200
! -89881 49902 200
> -570 7881 -452 77 -41 3
> 1916 7651 -259 323 147 0
> -430 8834 176 -178 -67 3
> 726 7779 -2 114 155 0
! 75390 -57159 200 Sims: 226k
! -94770 33182 0 Average: 251k
> -570 7881 -452 77 -41 3
> 1916 7651 -259 323 147 0
> -430 8834 176 -178 -67 3
> 726 7779 -2 114 155 0
! 65175 -66637 200
! -72409 75978 0
> -870 7828 -255 -45 -41 3
> 1657 7974 -220 274 165 0
> -123 8505 261 -279 -49 3
> 724 7893 -1 96 137 0
! 91470 -30555 200 Sims: 214k
! -98186 2377 0 Average: 251k
> -870 7828 -255 -45 -41 3
> 1657 7974 -220 274 165 0
> -123 8505 261 -279 -49 3
> 724 7893 -1 96 137 0
! 85593 -42998 SHIELD
! -47756 95354 200
> -940 7706 -59 -103 -23 3
> 1907 8324 609 362 183 0
> 80 8259 124 -181 -31 3
> 740 7761 90 -455 119 0
! 98742 -264 0 Sims: 252k
! -91320 -27852 200 Average: 251k
> -940 7706 -59 -103 -23 3
> 1907 8324 609 362 183 0
> 80 8259 124 -181 -31 3
> 740 7761 90 -455 119 0
! 65685 -67212 0
! -47740 95222 0
> -999 7603 -50 -87 -5 3
> 2330 8614 359 246 201 0
> 204 8078 105 -153 -49 3
> 830 7306 76 -386 119 0
! 98683 -367 200 Sims: 210k
! -75155 -54600 200 Average: 251k
> -999 7603 -50 -87 -5 3
> 2330 8614 359 246 201 0
> 204 8078 105 -153 -49 3
> 830 7306 76 -386 119 0
! 39277 -83972 200
! -18250 105468 0
> -850 7500 126 -87 -5 3
> 2534 8734 173 101 219 0
> 309 7925 89 -130 -67 3
> 906 6920 64 -328 101 0
! 96416 30723 0 Sims: 203k
! -51625 -75330 200 Average: 251k
> -850 7500 126 -87 -5 3
> 2534 8734 173 101 219 0
> 309 7925 89 -130 -67 3
> 906 6920 64 -328 101 0
! 65914 -67546 0
! -18174 105082 200
> -724 7413 107 -73 13 3
> 2599 8667 54 -57 -123 0
> 398 7795 75 -110 -49 3
> 932 6788 21 -111 101 0
! 98958 -557 0 Sims: 193k
! -51560 -75397 200 Average: 251k
> -724 7413 107 -73 13 3
> 2599 8667 54 -57 -123 0
> 398 7795 75 -110 -49 3
> 932 6788 21 -111 101 0
! 86114 -43708 200
! -18148 104950 200
> -617 7340 90 -62 -5 3
> 2545 8442 -46 -191 -123 0
> 629 7621 89 114 -31 3
> 930 6835 104 -223 101 0
! 91723 -31043 200 Sims: 190k
! -74940 -54772 200 Average: 250k
> -617 7340 90 -62 -5 3
> 2545 8442 -46 -191 -123 0
> 629 7621 89 114 -31 3
> 930 6835 104 -223 101 0
! 98065 -14874 200
! -18150 104997 0
> -342 7201 233 -117 -23 3
> 2344 8125 -170 -269 -141 0
> 913 7690 241 58 -13 3
> 1034 6612 88 -189 101 0
! 75618 -57839 200 Sims: 174k
! -90883 -28051 200 Average: 250k
> -342 7201 233 -117 -23 3
> 2344 8125 -170 -269 -141 0
> 913 7690 241 58 -13 3
> 1034 6612 88 -189 101 0
! 86629 -43813 200
! 13220 105866 0
> 43 6954 327 -210 -41 3
> 2108 7812 372 -130 -159 0
> 1205 7617 -324 -197 -31 3
> 1122 6423 74 -160 83 0
! 92383 -31429 200 Sims: 172k
! -97735 2215 200 Average: 250k
> 43 6954 327 -210 -41 3
> 2108 7812 372 -130 -159 0
> 1205 7617 -324 -197 -31 3
> 1122 6423 74 -160 83 0
! 66810 -67854 200
! -17958 104585 0
> 494 6660 -125 -328 -23 3
> 2280 7671 146 -120 -177 0
> 1037 7298 77 -16 -49 3
> 1232 6241 382 -330 101 0
! 100176 -1310 0 Sims: 187k
! -90947 -28505 200 Average: 249k
> 494 6660 -125 -328 -23 3
> 2280 7671 146 -120 -177 0
> 1037 7298 77 -16 -49 3
> 1232 6241 382 -330 101 0
! 86753 -44205 200
! -17848 104403 200
> 369 6332 -106 -278 -5 3
> 2240 7479 -34 -163 -159 0
> 1285 7179 211 -101 -31 3
> 1576 6107 292 -113 101 0
! 97635 29555 0 Sims: 191k
! -75245 -55735 200 Average: 249k
> 369 6332 -106 -278 -5 3
> 2240 7479 -34 -163 -159 0
> 1285 7179 211 -101 -31 3
> 1576 6107 292 -113 101 0
! 98721 -15316 200
! -46904 93568 200
> 263 6054 -90 -236 13 3
> 2439 7319 331 -82 -141 0
> 1303 6904 -146 -287 -13 3
> 1771 6169 165 52 119 0
! 97529 29277 200 Sims: 185k
! -90788 -28857 0 Average: 249k
> 263 6054 -90 -236 13 3
> 2439 7319 331 -82 -141 0
> 1303 6904 -146 -287 -13 3
> 1771 6169 165 52 119 0
! 100922 15619 200
! -71364 74368 0
> 368 5864 88 -161 13 3
> 2770 7237 281 -69 -159 0
> 1272 6736 -67 -92 5 3
> 2020 6119 252 -92 137 0
! 85697 58008 0 Sims: 192k
! -97073 1640 200 Average: 249k
> 368 5864 88 -161 13 3
> 2770 7237 281 -69 -159 0
> 1272 6736 -67 -92 5 3
> 2020 6119 252 -92 137 0
! 93322 45809 200
! -46460 93580 0
> 456 5703 74 -136 31 3
> 2851 7157 69 -68 -177 0
> 1389 6722 99 -11 23 3
> 2272 6027 214 -78 119 0
! 65496 81663 0 Sims: 172k
! -96992 1560 200 Average: 248k
> 456 5703 74 -136 31 3
> 2851 7157 69 -68 -177 0
> 1389 6722 99 -11 23 3
> 2272 6027 214 -78 119 0
! 101008 15437 200
! -16808 104189 200
> 530 5567 62 -115 49 3
> 2720 7078 -111 -67 -177 0
> 1687 6728 253 5 5 3
> 2448 6145 149 100 101 0
! 85859 57711 0 Sims: 198k
! -97123 1481 SHIELD Average: 248k
> 530 5567 62 -115 49 3
> 2720 7078 -111 -67 -177 0
> 1687 6728 253 5 5 3
> 2448 6145 149 100 101 0
! 101306 15443 0
! -16632 104307 200
> 592 5452 52 -97 31 3
> 2627 7056 -35 23 -177 0
> 1856 6696 -236 -192 5 3
> 2464 6027 -44 -356 101 0
! 65632 81412 200 Sims: 213k
! -90600 -29120 0 Average: 248k
> 592 5452 52 -97 31 3
> 2627 7056 -35 23 -177 0
> 1856 6696 -236 -192 5 3
> 2464 6027 -44 -356 101 0
! 93906 45769 200
! -46016 93488 200
> 774 5507 154 46 49 3
> 2592 7079 -29 19 -159 0
> 1804 6582 -44 -96 23 3
> 2323 5846 -119 -153 119 0
! 65814 81467 200 Sims: 195k
! -74893 -56135 0 Average: 248k
> 774 5507 154 46 49 3
> 2592 7079 -29 19 -159 0
> 1804 6582 -44 -96 23 3
> 2323 5846 -119 -153 119 0
! 77274 72187 200
! -70812 74045 200
> 1058 5705 241 168 49 3
> 2563 7098 -24 16 -141 0
> 1911 6617 90 29 41 3
> 2058 5829 -225 -14 137 0
! 86387 57849 0 Sims: 203k
! -74922 -56116 SHIELD Average: 247k
> 1058 5705 241 168 49 3
> 2563 7098 -24 16 -141 0
> 1911 6617 90 29 41 3
> 2058 5829 -225 -14 137 0
! 93961 45690 200
! -88572 48090 SHIELD
> 819 5855 -517 115 31 3
> 2580 7145 15 40 -141 0
> 1714 6769 -182 135 23 3
> 1887 5782 -113 -40 155 0
! 65859 81815 200 Sims: 249k
! -74905 -56069 0 Average: 247k
> 819 5855 -517 115 31 3
> 2580 7145 15 40 -141 0
> 1714 6769 -182 135 23 3
> 1887 5782 -113 -40 155 0
! 101333 15484 200
! -71248 73981 200
> 432 6122 -328 226 49 3
> 2595 7185 12 34 -141 0
> 1731 6921 14 129 5 3
> 1774 5742 -96 -34 137 0
! 85761 58266 200 Sims: 208k
! -51564 -76879 0 Average: 247k
> 432 6122 -328 226 49 3
> 2595 7185 12 34 -141 0
> 1731 6921 14 129 5 3
> 1774 5742 -96 -34 137 0
! 101350 15636 200
! -46706 93203 0
> 275 6452 -133 280 31 3
> 2728 7252 200 81 -123 0
> 1824 7034 -8 72 5 3
> 1678 5708 -81 -28 119 0
! 97541 29675 200 Sims: 224k
! -51431 -76812 0 Average: 247k
> 275 6452 -133 280 31 3
> 2728 7252 200 81 -123 0
> 1824 7034 -8 72 5 3
> 1678 5708 -81 -28 119 0
! 101443 15749 200
! -17402 103870 0
> 337 6778 52 277 13 3
> 2928 7333 170 68 -123 0
> 2015 7123 162 76 5 3
> 1597 5680 -68 -23 101 0
! 100019 -1192 200 Sims: 195k
! -74557 -55881 200 Average: 247k
> 337 6778 52 277 13 3
> 2928 7333 170 68 -123 0
> 2015 7123 162 76 5 3
> 1597 5680 -68 -23 101 0
! 94065 46196 200
! 13783 104934 200
> 588 7039 213 221 -5 3
> 3166 7312 315 0 -141 0
> 2138 7240 -8 80 23 0
> 1553 5856 -37 149 83 0
! 92928 -31344 200 Sims: 230k
! -90061 -28864 200 Average: 247k
> 588 7039 213 221 -5 3
> 3166 7312 315 0 -141 0
> 2138 7240 -8 80 23 0
> 1553 5856 -37 149 83 0
! 94188 46313 200
! 43814 96486 200
> 986 7183 338 122 -23 3
> 3295 7240 109 -61 -159 0
> 2314 7398 149 134 23 0
> 1601 6186 40 280 65 0
! 76946 -57857 SHIELD Sims: 236k
! -96548 1643 0 Average: 247k
> 986 7183 338 122 -23 3
> 3295 7240 109 -61 -159 0
> 2314 7398 149 134 23 0
> 1601 6186 40 280 65 0
! 101933 16113 200
! 13787 105440 200
> 1317 7317 254 163 -41 3
> 3404 7179 92 -51 -177 0
> 2662 7549 296 128 5 0
> 1731 6546 387 -194 83 0
! 77277 -57723 0 Sims: 263k
! -93282 32710 200 Average: 247k
> 1317 7317 254 163 -41 3
> 3404 7179 92 -51 -177 0
> 2662 7549 296 128 5 0
> 1731 6546 387 -194 83 0
! 102281 16264 200
! -17349 104708 200
> 1571 7480 215 138 -41 3
> 3679 6976 255 -183 -195 0
> 2781 7897 79 307 5 0
> 2080 6548 296 1 101 0
! 77531 -57560 0 Sims: 284k
! -80385 61135 0 Average: 247k
> 1571 7480 215 138 -41 3
> 3679 6976 255 -183 -195 0
> 2781 7897 79 307 5 0
> 2080 6548 296 1 101 0
! 100218 -14598 200
! -17000 104710 200
> 1786 7618 182 117 -41 3
> 3934 6793 216 -155 -213 0
> 3055 8159 232 222 -13 0
> 2338 6745 219 167 101 0
! 53930 -77711 0 Sims: 272k
! -59280 84278 0 Average: 247k
> 1786 7618 182 117 -41 3
> 3934 6793 216 -155 -213 0
> 3055 8159 232 222 -13 0
> 2338 6745 219 167 101 0
! 88771 -43344 200
! -46142 94206 200
> 1968 7735 154 99 -59 3
> 4150 6638 183 -131 -231 0
> 3458 8278 342 101 -31 0
> 2460 7087 103 290 119 0
! 25191 -89531 200 Sims: 258k
! -32026 99865 0 Average: 247k
> 1968 7735 154 99 -59 3
> 4150 6638 183 -131 -231 0
> 3458 8278 342 101 -31 0
> 2460 7087 103 290 119 0
! 89174 -43225 200
! -70675 75286 200
> 1835 8076 -120 298 -77 3
> 4333 6507 155 -111 -249 0
> 3971 8276 436 -1 -31 0
> 2750 7077 253 -17 137 0
! 53979 -77253 200 Sims: 305k
! -1264 106350 0 Average: 247k
> 1835 8076 -120 298 -77 3
> 4333 6507 155 -111 -249 0
> 3971 8276 436 -1 -31 0
> 2750 7077 253 -17 137 0
! 89687 -43227 200
! -87880 49338 200
> 1819 8203 -13 108 -59 3
> 4488 6396 131 -94 93 0
> 4578 8172 516 -88 -31 0
> 2822 7145 60 57 155 0
! 53963 -77126 200 Sims: 284k
! 30019 103082 0 Average: 248k
> 1819 8203 -13 108 -59 3
> 4488 6396 131 -94 93 0
> 4578 8172 516 -88 -31 0
> 2822 7145 60 57 155 0
! 90294 -43331 200
! -87808 49406 200
> 1910 8140 77 -53 -59 3
> 4619 6302 111 -79 75 0
> 5265 7981 584 -162 -31 0
> 2701 7287 -103 120 155 0
! 54054 -77189 200 Sims: 229k
! 58778 90366 0 Average: 248k
> 1910 8140 77 -53 -59 3
> 4619 6302 111 -79 75 0
> 5265 7981 584 -162 -31 0
> 2701 7287 -103 120 155 0
! 90981 -43522 200
! -70434 75486 200
> 1898 8121 -221 208 -59 3
> 4730 6223 94 -67 57 0
> 6020 7716 642 -225 -31 0
> 2645 7339 163 -181 137 0
! 77858 -56919 200 Sims: 292k
! 82215 69437 0 Average: 248k
> 1898 8121 -221 208 -59 3
> 4730 6223 94 -67 57 0
> 6020 7716 642 -225 -31 0
> 2645 7339 163 -181 137 0
! 91736 -43787 200
! -70490 75538 200
> 1829 8199 -58 66 -41 3
> 4824 6156 79 -56 39 0
> 6833 7388 691 -278 -31 0
> 2662 7294 14 -37 137 0
! 53973 -77130 200 Sims: 290k
! 98051 42332 200 Average: 248k
> 1829 8199 -58 66 -41 3
> 4824 6156 79 -56 39 0
> 6833 7388 691 -278 -31 0
> 2662 7294 14 -37 137 0
! 92549 -44115 200
! -70473 75493 200
> 1875 8094 39 -88 -59 3
> 5089 6172 225 13 21 0
> 7695 7007 733 -323 -31 0
> 2530 7393 -112 84 137 0
! 77835 -56946 0 Sims: 284k
! 104932 11769 200 Average: 248k
> 1875 8094 39 -88 -59 3
> 5089 6172 225 13 21 0
> 7695 7007 733 -323 -31 0
> 2530 7393 -112 84 137 0
! 73300 -68464 200
! -70605 75592 200
> 1731 8203 -214 191 -41 3
> 5514 6196 360 20 3 0
> 8559 6533 734 -402 -49 0
> 2455 7416 28 -79 137 0
! 53875 -77126 200 Sims: 292k
! 102200 -19335 200 Average: 248k
> 1731 8203 -214 191 -41 3
> 5514 6196 360 20 3 0
> 8559 6533 734 -402 -49 0
> 2455 7416 28 -79 137 0
! 94275 -44970 200
! -46025 94877 0
