@ 0 IGGY
@ 1 reCurse
CP 5
CP 7480 1344
CP 12702 7073
CP 4040 4684
CP 13025 1903
CP 6548 7841
> 7850 1007 0 0 -1 1
> 7110 1681 0 0 -1 1
> 8589 334 0 0 -1 1
> 6371 2354 0 0 -1 1
! 91717 55471 200
! 54057 89976 200
> 7850 1007 0 0 -1 1
> 7110 1681 0 0 -1 1
> 8589 334 0 0 -1 1
> 6371 2354 0 0 -1 1
! 60685 85691 200
! 86548 62116 200
> 8018 1116 142 92 33 1
> 7204 1858 79 150 62 1
> 8693 505 88 145 59 1
> 6531 2474 136 101 37 1
! 104611 26998 200
! 54151 90153 200
> 8018 1116 142 92 33 1
> 7204 1858 79 150 62 1
> 8693 505 88 145 59 1
> 6531 2474 136 101 37 1
! 60196 86221 200
! 86394 62655 200
> 8265 1336 136 251 15 1
> 7422 2143 272 161 62 1
> 8972 745 310 140 59 1
> 6782 2737 125 303 37 1
! 92132 55800 200
! 24787 100624 200
> 8265 1336 136 251 15 1
> 7422 2143 272 161 62 1
> 8972 745 310 140 59 1
> 6782 2737 125 303 37 1
! 60475 86461 200
! 101333 35293 200
> 8569 1696 258 305 33 1
> 7729 2501 260 304 80 1
> 9385 1056 351 264 59 1
> 7096 3105 266 312 19 1
! 71501 79411 200
! 54676 90796 200
> 8569 1696 258 305 33 1
> 7729 2501 260 304 80 1
> 9385 1056 351 264 59 1
> 7096 3105 266 312 19 1
! 31880 98493 200
! 86959 63286 0
> 8953 2156 326 391 51 1
> 8083 2982 300 408 62 1
> 9781 1515 336 390 77 1
> 7362 3417 226 265 37 1
! 92820 56620 200
! 80017 72448 200
> 8953 2156 326 391 51 1
> 8083 2982 300 408 62 1
> 9781 1515 336 390 77 1
> 7362 3417 226 265 37 1
! 1065 101134 200
! 87225 63598 200
> 9447 2656 419 424 33 1
> 8527 3529 377 464 44 1
> 10100 2104 270 500 95 1
> 7748 3802 327 327 37 1
! 106040 28538 200
! 98406 47366 200
> 9447 2656 419 424 33 1
> 8527 3529 377 464 44 1
> 10100 2104 270 500 95 1
> 7748 3802 327 327 37 1
! -28973 94154 SHIELD
! 87611 63983 200
> 9778 3396 220 685 15 1
> 9084 4081 473 468 26 1
> 10398 2578 259 396 113 1
> 8235 4249 413 380 37 1
! 93645 57860 0
! 108111 17998 200
> 9778 3396 220 685 15 1
> 9084 4081 473 468 26 1
> 10398 2578 259 396 113 1
> 8235 4249 413 380 37 1
! 1682 102197 200
! 102786 36805 0
> 10169 3879 426 299 33 1
> 9584 4779 331 704 8 1
> 10657 2974 220 336 95 1
> 8648 4629 351 323 19 1
! 73101 81594 0
! 108065 -12586 200
> 10169 3879 426 299 33 1
> 9584 4779 331 704 8 1
> 10657 2974 220 336 95 1
> 8648 4629 351 323 19 1
! -28416 95024 0
! 88511 64810 0
> 10595 4178 362 254 51 1
> 10112 5448 448 568 -10 1
> 10877 3310 187 285 113 1
> 8999 4952 298 274 37 1
! 46432 97536 SHIELD
! 98407 -41499 200
> 10595 4178 362 254 51 1
> 10112 5448 448 568 -10 1
> 10877 3310 187 285 113 1
> 8999 4952 298 274 37 1
! 2161 102929 0
! 103550 37508 0
> 10957 4432 307 215 69 1
> 10737 5922 530 402 -28 1
> 11064 3595 158 242 95 1
> 9297 5226 253 232 19 1
! 16191 104295 SHIELD
! 80203 -66012 200
> 10957 4432 307 215 69 1
> 10737 5922 530 402 -28 1
> 11064 3595 158 242 95 1
> 9297 5226 253 232 19 1
! 2348 103214 200
! 109281 6971 200
> 11261 4683 257 219 87 1
> 11406 6180 568 219 -46 1
> 11239 3678 155 3 95 1
> 9750 5461 385 200 1 1
! -14621 101276 0
! 55243 -83699 0
> 11261 4683 257 219 87 1
> 11406 6180 568 219 -46 1
> 11239 3678 155 3 95 1
> 9750 5461 385 200 1 1
! 2523 103297 200
! 105380 -23776 200
> 11518 4902 218 186 105 1
> 11974 6399 482 186 -64 1
> 11377 3880 116 171 95 1
> 10326 5603 489 120 -17 1
! 16752 104765 200
! 25891 -92628 0
> 11518 4902 218 186 105 1
> 11974 6399 482 186 -64 1
> 11377 3880 116 171 95 1
> 10326 5603 489 120 -17 1
! 33872 101317 200
! 92241 -51754 200
> 11736 5088 185 158 87 1
> 12456 6585 409 158 -82 2
> 11538 4246 136 310 77 1
> 10979 5608 554 4 -35 1
! -14146 101681 SHIELD
! -4909 -91896 0
> 11736 5088 185 158 87 1
> 12456 6585 409 158 -82 2
> 11538 4246 136 310 77 1
> 10979 5608 554 4 -35 1
! 2822 103865 200
! 92894 -51749 200
> 12005 5239 246 127 105 1
> 12865 6743 347 134 -100 2
> 11533 4305 -30 -45 95 1
> 10976 6014 -155 455 -35 1
! -13877 101832 0
! -34082 -81552 0
> 12005 5239 246 127 105 1
> 12865 6743 347 134 -100 2
> 11533 4305 -30 -45 95 1
> 10976 6014 -155 455 -35 1
! 34028 101742 200
! 71157 -73849 200
> 12251 5366 209 107 105 1
> 13212 6877 294 113 -118 2
> 11548 4455 12 127 77 1
> 10941 6309 -29 250 -53 1
! -42213 89233 0
! -33735 -81418 0
> 12251 5366 209 107 105 1
> 13212 6877 294 113 -118 2
> 11548 4455 12 127 77 1
> 10941 6309 -29 250 -53 1
! 63051 90171 200
! 92856 -51048 200
> 12460 5473 177 90 123 1
> 13506 6990 249 96 -118 2
> 11663 4753 97 253 59 1
> 11076 6444 114 114 -35 1
! -65255 68405 200
! -58428 -62476 0
> 12460 5473 177 90 123 1
> 13506 6990 249 96 -118 2
> 11663 4753 97 253 59 1
> 11076 6444 114 114 -35 1
! 63166 90469 200
! 106706 -22793 200
> 12637 5563 150 76 141 1
> 13755 7086 211 81 -136 2
> 11863 5177 170 360 59 1
> 11381 6500 259 47 -17 1
! -65078 68495 200
! -76124 -36751 0
> 12637 5563 150 76 141 1
> 13755 7086 211 81 -136 2
> 11863 5177 170 360 59 1
> 11381 6500 259 47 -17 1
! 87333 70782 200
! 111365 8245 200
> 12952 5916 317 323 141 1
> 13966 7167 179 68 -154 2
> 11864 5517 -49 265 41 1
> 11840 6550 390 42 1 1
! -64763 68848 200
! -85061 -6750 200
> 12952 5916 317 323 141 1
> 13966 7167 179 68 -154 2
> 11864 5517 -49 265 41 1
> 11840 6550 390 42 1 1
! 87334 71122 200
! 107470 -22687 200
> 13204 6333 592 221 141 1
> 13947 7207 -16 34 -172 2
> 11943 5863 13 174 41 1
> 12354 6616 111 308 -17 2
! -80154 42170 200
! -75932 -36630 SHIELD
> 13204 6333 592 221 141 1
> 13947 7207 -16 34 -172 2
> 11943 5863 13 174 41 1
> 12354 6616 111 308 -17 2
! 63446 91579 200
! 94269 -50741 0
> 13505 6460 -18 -331 159 1
> 13941 7258 22 86 -154 2
> 12059 6208 98 293 59 1
> 12465 6924 94 261 -35 2
! -79853 42297 0
! -57993 -62208 200
> 13505 6460 -18 -331 159 1
> 13941 7258 22 86 -154 2
> 12059 6208 98 293 59 1
> 12465 6924 94 261 -35 2
! 34554 103645 SHIELD
! 72646 -72939 200
> 13487 6129 -15 -281 159 1
> 13963 7344 18 73 -136 2
> 12148 6487 73 234 77 1
> 12767 7163 278 236 -53 2
! -86376 11363 200
! -32984 -80951 200
> 13487 6129 -15 -281 159 1
> 13963 7344 18 73 -136 2
> 12148 6487 73 234 77 1
> 12767 7163 278 236 -53 2
! 3432 106106 0
! 45323 -87388 0
> 13272 5858 -182 -229 177 1
> 13981 7417 15 62 -118 2
> 12221 6721 62 198 95 2
> 13045 7399 236 200 -71 2
! -80086 41695 200
! -57953 -62049 0
> 13272 5858 -182 -229 177 1
> 13981 7417 15 62 -118 2
> 12221 6721 62 198 95 2
> 13045 7399 236 200 -71 2
! -26852 98771 0
! 14790 -92585 200
> 12903 5701 -313 -133 159 1
> 14084 7485 207 66 -136 2
> 12283 6919 52 168 113 2
> 13196 7393 8 -13 -89 2
! -64812 68633 200
! -75795 -36352 0
> 12903 5701 -313 -133 159 1
> 14084 7485 207 66 -136 2
> 12283 6919 52 168 113 2
> 13196 7393 8 -13 -89 2
! -53322 82389 0
! -16041 -88237 0
> 12435 5694 -398 -6 141 1
> 14291 7551 175 56 -154 2
> 12335 7087 44 142 131 2
> 13204 7380 6 -11 -107 2
! -42029 89561 200
! -57643 -61915 200
> 12435 5694 -398 -6 141 1
> 14291 7551 175 56 -154 2
> 12335 7087 44 142 131 2
> 13204 7380 6 -11 -107 2
! -73381 58590 200
! -44153 -74535 0
> 11928 5856 -430 137 123 1
> 14322 7468 26 -70 -136 2
> 12208 7332 -108 208 149 2
> 13210 7369 5 -9 -125 2
! -13954 102449 200
! -57612 -61998 200
> 11928 5856 -430 137 123 1
> 14322 7468 26 -70 -136 2
> 12208 7332 -108 208 149 2
> 13210 7369 5 -9 -125 2
! -85228 29827 200
! -66653 -52812 200
> 11446 6186 -409 280 105 1
> 14204 7259 -100 -177 -136 2
> 11905 7585 -257 215 167 2
> 13055 7240 -131 -109 -143 2
! -43018 90053 0
! -75675 -36578 200
> 11446 6186 -409 280 105 1
> 14204 7259 -100 -177 -136 2
> 11905 7585 -257 215 167 2
> 13055 7240 -131 -109 -143 2
! -87714 -1130 200
! -66808 -52941 200
> 11037 6466 -347 238 123 1
> 13924 6994 -237 -224 -154 2
> 11449 7783 -387 167 -175 2
> 12764 7011 -247 -194 -143 2
! -43427 90333 200
! -58010 -62472 200
> 11037 6466 -347 238 123 1
> 13924 6994 -237 -224 -154 2
> 11449 7783 -387 167 -175 2
> 12764 7011 -247 -194 -143 2
! -80601 -31290 0
! -81787 -25545 0
> 10581 6872 -387 344 123 1
> 13543 6631 -323 -308 -136 2
> 11062 7950 -328 141 -157 2
> 12517 6817 -209 -164 -161 2
! -15301 103465 0
! -76336 -37206 200
> 10581 6872 -387 344 123 1
> 13543 6631 -323 -308 -136 2
> 11062 7950 -328 141 -157 2
> 12517 6817 -209 -164 -161 2
! -64409 -57655 0
! -67346 -53364 200
> 10194 7216 -328 292 105 1
> 13040 6235 -427 -336 -154 2
> 10734 8091 -278 119 -139 2
> 12148 6533 -313 -241 -143 2
! 15428 107079 0
! -76839 -37602 200
> 10194 7216 -328 292 105 1
> 13040 6235 -427 -336 -154 2
> 10734 8091 -278 119 -139 2
> 12148 6533 -313 -241 -143 2
! -40769 -77625 200
! -67715 -53648 0
> 9815 7445 -439 48 87 1
> 12474 5785 -377 -449 -154 2
> 10404 8102 -163 155 -121 2
> 11795 6318 -404 -115 -143 2
! 45652 100803 0
! -86553 -8132 200
> 9815 7445 -439 48 87 1
> 12474 5785 -377 -449 -154 2
> 10404 8102 -163 155 -121 2
> 11795 6318 -404 -115 -143 2
! -12091 -89334 200
! -68068 -53863 200
> 9376 7493 -373 40 69 1
> 11899 5308 -488 -405 -172 2
> 10196 8062 -176 -33 -103 2
> 11231 6083 -479 -200 -143 2
! 72308 85208 200
! -86582 22673 200
> 9376 7493 -373 40 69 1
> 11899 5308 -488 -405 -172 2
> 10196 8062 -176 -33 -103 2
> 11231 6083 -479 -200 -143 2
! -12299 -89374 200
! -46126 -75832 200
> 9129 7688 -210 166 51 1
> 11214 4938 -582 -314 -190 2
> 9975 7834 -187 -193 -103 2
> 10637 5719 -504 -309 -125 2
! 92996 62152 SHIELD
! -87813 -8979 0
> 9129 7688 -210 166 51 1
> 11214 4938 -582 -314 -190 2
> 9975 7834 -187 -193 -103 2
> 10637 5719 -504 -309 -125 2
! -41528 -77882 200
! -18600 -89911 200
> 8919 7854 -178 141 33 1
> 10632 4624 -494 -266 -172 2
> 9685 7470 -246 -309 -121 2
> 10075 5219 -478 -425 -107 2
! 105512 33736 0
! -88395 -9293 0
> 8919 7854 -178 141 33 1
> 10632 4624 -494 -266 -172 2
> 9685 7470 -246 -309 -121 2
> 10075 5219 -478 -425 -107 2
! -65786 -58135 200
! 11820 -94765 0
> 8741 7995 -151 119 15 1
> 10250 4242 -312 -337 -172 2
> 9288 7030 -337 -374 -139 2
> 9485 4910 -514 -249 -89 2
! 108604 2761 200
! -88231 21607 0
> 8741 7995 -151 119 15 1
> 10250 4242 -312 -337 -172 2
> 9288 7030 -337 -374 -139 2
> 9485 4910 -514 -249 -89 2
! -82762 -32043 200
! 11230 -95074 0
> 8590 8114 -128 101 -3 1
> 9938 3905 -265 -286 170 2
> 8767 6578 -442 -384 -157 2
> 8971 4661 -436 -211 -89 2
! 101948 -27723 0
! -78357 50852 0
> 8590 8114 -128 101 -3 1
> 9938 3905 -265 -286 170 2
> 8767 6578 -442 -384 -157 2
> 8971 4661 -436 -211 -89 2
! -90852 -2137 200
! 41527 -89890 0
> 8462 8215 -108 85 -21 1
> 9673 3619 -225 -243 152 2
> 8126 6177 -545 -341 -175 2
> 8535 4450 -370 -179 -71 2
! 86177 -54717 200
! -78622 50566 0
> 8462 8215 -108 85 -21 1
> 9673 3619 -225 -243 152 2
> 8126 6177 -545 -341 -175 2
> 8535 4450 -370 -179 -71 2
! -91493 -2538 200
! 68716 -75413 0
> 8509 8174 40 -34 -39 1
> 9448 3376 -191 -206 152 2
> 7382 5819 -632 -304 -175 2
> 8165 4271 -314 -152 -53 2
! 62973 -75693 200
! -60018 75310 200
> 8509 8174 40 -34 -39 1
> 9448 3376 -191 -206 152 2
> 7382 5819 -632 -304 -175 2
> 8165 4271 -314 -152 -53 2
! -84668 -33254 200
! 90080 -53086 200
> 8658 7972 126 -171 -57 1
> 9118 3314 -280 -52 134 2
> 6566 5437 -693 -324 -157 2
> 8015 4004 -127 -226 -35 2
! 34540 -88621 200
! -79177 50261 0
> 8658 7972 126 -171 -57 1
> 9118 3314 -280 -52 134 2
> 6566 5437 -693 -324 -157 2
> 8015 4004 -127 -226 -35 2
! -85484 -33636 200
! 103645 -25233 200
> 8836 7608 151 -309 -75 1
> 8838 3262 -238 -44 152 2
> 5689 5035 -745 -341 -157 2
> 8079 3720 54 -241 -17 2
! 3602 -92255 200
! -60628 75196 0
> 8836 7608 151 -309 -75 1
> 8838 3262 -238 -44 152 2
> 5689 5035 -745 -341 -157 2
> 8079 3720 54 -241 -17 2
! -69782 -60570 0
! 89994 -53637 200
> 8977 7099 119 -432 -93 1
> 8999 2980 200 -276 134 2
> 4944 4694 -633 -289 -139 2
> 7898 3602 -217 -62 -35 2
! -26860 -86259 200
! -34838 92859 200
> 8977 7099 119 -432 -93 1
> 8999 2980 200 -276 134 2
> 4944 4694 -633 -289 -139 2
> 7898 3602 -217 -62 -35 2
! -46559 -81022 0
! 103528 -25635 0
> 9024 6480 40 -525 -111 1
> 9111 2884 95 -81 116 2
> 4311 4405 -538 -245 -121 3
> 7681 3540 -184 -52 -17 2
! -26813 -86878 200
! -60355 74818 200
> 9024 6480 40 -525 -111 1
> 9111 2884 95 -81 116 2
> 4311 4405 -538 -245 -121 3
> 7681 3540 -184 -52 -17 2
! -18184 -93031 0
! 107665 5285 0
> 8992 5768 -26 -604 -111 1
> 9067 2947 -37 53 134 2
> 3773 4160 -457 -208 -103 3
> 7497 3488 -156 -44 1 2
! 3758 -94095 200
! -60399 74881 200
> 8992 5768 -26 -604 -111 1
> 9067 2947 -37 53 134 2
> 3773 4160 -457 -208 -103 3
> 7497 3488 -156 -44 1 2
! 12488 -95459 0
! 103127 -25749 200
> 8956 4964 -30 -683 -93 1
> 8891 3144 -149 167 134 2
> 3316 3952 -388 -176 -85 3
> 7532 3386 29 -87 -17 2
! 3722 -94899 200
! -79404 50091 200
> 8956 4964 -30 -683 -93 1
> 8891 3144 -149 167 134 2
> 3316 3952 -388 -176 -85 3
> 7532 3386 29 -87 -17 2
! 42389 -88098 0
! 107516 5131 200
> 8932 4117 294 -44 -93 1
> 8558 3370 225 -409 152 2
> 2928 3776 -329 -149 -67 3
> 7752 3302 -636 -145 1 2
! -26905 -89241 200
! -60908 75304 200
> 8932 4117 294 -44 -93 1
> 8558 3370 225 -409 152 2
> 2928 3776 -329 -149 -67 3
> 7752 3302 -636 -145 1 2
! 68533 -71695 0
! 102303 35858 0
> 9154 3886 188 -196 -111 1
> 8644 3105 73 -225 134 2
> 2599 3627 -279 -126 -49 3
> 7116 3157 -540 -123 19 2
! -53778 -73829 0
! -79651 50052 200
> 9154 3886 188 -196 -111 1
> 8644 3105 73 -225 134 2
> 2599 3627 -279 -126 -49 3
> 7116 3157 -540 -123 19 2
! 88315 -47876 200
! 86979 63338 0
> 9342 3690 159 -166 -129 1
> 8540 2974 -88 -111 152 2
> 2491 3398 -91 -194 -31 3
> 6576 3034 -459 -104 37 2
! -74525 -50774 0
! -60926 74908 200
> 9342 3690 159 -166 -129 1
> 8540 2974 -88 -111 152 2
> 2491 3398 -91 -194 -31 3
> 6576 3034 -459 -104 37 2
! 99927 -19097 200
! 86439 63215 0
> 9501 3524 135 -141 -147 1
> 8313 3007 -192 27 134 2
> 2595 3159 88 -203 -13 3
> 6117 2930 -390 -88 37 2
! -74366 -50940 0
! -79982 49954 200
> 9501 3524 135 -141 -147 1
> 8313 3007 -192 27 134 2
> 2595 3159 88 -203 -13 3
> 6117 2930 -390 -88 37 2
! 102214 11874 200
! 63474 84845 200
> 9636 3383 114 -119 -147 1
> 7944 3128 -313 102 152 2
> 2882 2973 244 -157 5 3
> 5842 3006 -233 64 55 2
! -86957 -22499 0
! -61522 75062 200
> 9636 3383 114 -119 -147 1
> 7944 3128 -313 102 152 2
> 2882 2973 244 -157 5 3
> 5842 3006 -233 64 55 2
! 94932 42046 200
! 85705 63187 200
> 9750 3264 96 -101 -165 1
> 7492 3374 -384 208 134 2
> 3310 2894 363 -67 23 3
> 5769 3190 -62 156 37 2
! -86843 -22618 0
! -61974 75308 200
> 9750 3264 96 -101 -165 1
> 7492 3374 -384 208 134 2
> 3310 2894 363 -67 23 3
> 5769 3190 -62 156 37 2
! 102929 11609 200
! 85632 63371 200
> 9846 3163 81 -85 -165 1
> 6969 3726 -444 299 134 2
> 3872 2844 477 -42 5 3
> 5867 3466 83 234 37 2
! -74021 -51301 0
! -81326 50673 0
> 9846 3163 81 -85 -165 1
> 6969 3726 -444 299 134 2
> 3872 2844 477 -42 5 3
> 5867 3466 83 234 37 2
! 95922 41917 200
! 63224 85381 200
> 9927 3078 68 -72 -147 1
> 6828 4107 151 397 152 2
> 4533 2880 561 30 23 3
> 5762 3782 -361 194 55 2
! -86666 -22804 0
! -91653 21472 200
> 9927 3078 68 -72 -147 1
> 6828 4107 151 397 152 2
> 4533 2880 561 30 23 3
> 5762 3782 -361 194 55 2
! 80003 68485 200
! 85625 63963 0
> 9995 3006 57 -61 -165 1
> 6782 4539 -39 366 170 2
> 5245 3041 605 137 41 3
> 5401 3976 -306 164 37 2
! -89868 8240 0
! -92245 -9378 200
> 9995 3006 57 -61 -165 1
> 6782 4539 -39 366 170 2
> 5245 3041 605 137 41 3
> 5401 3976 -306 164 37 2
! 80715 68646 200
! 85264 64157 200
> 10052 2945 48 -51 -183 1
> 6545 4877 -201 287 -172 2
> 6001 3309 642 227 41 3
> 5255 4260 -124 241 37 2
! -83306 38782 200
! -83334 -38960 200
> 10052 2945 48 -51 -183 1
> 6545 4877 -201 287 -172 2
> 6001 3309 642 227 41 3
> 5255 4260 -124 241 37 2
! 81471 68914 200
! 85118 64441 200
> 9913 2966 -117 17 -201 1
> 6164 5076 -323 169 -154 2
> 6794 3667 674 304 41 3
> 5291 4621 30 307 37 2
! -67802 65898 200
! -65770 -64390 200
> 9913 2966 -117 17 -201 1
> 6164 5076 -323 169 -154 2
> 6794 3667 674 304 41 3
> 5291 4621 30 307 37 2
! 98844 42740 200
! 99842 37177 200
> 9641 3109 -231 121 141 1
> 6212 5377 179 329 -136 2
> 7652 4049 729 324 23 3
> 4995 4722 -390 12 19 2
! -44823 86976 200
! -65722 -64089 200
> 9641 3109 -231 121 141 1
> 6212 5377 179 329 -136 2
> 7652 4049 729 324 23 3
> 4995 4722 -390 12 19 2
! 107271 12764 0
! 99546 37278 200
> 9301 3398 -288 245 123 1
> 6247 5567 29 161 -136 2
> 8381 4373 619 275 5 3
> 4794 4799 -170 65 19 2
! -16581 99991 200
! -65687 -63899 200
> 9301 3398 -288 245 123 1
> 6247 5567 29 161 -136 2
> 8381 4373 619 275 5 3
> 4794 4799 -170 65 19 2
! 105818 -18122 0
! 99345 37355 200
> 8961 3836 -288 372 105 1
> 6132 5589 -97 18 -136 2
> 9000 4648 526 233 -13 3
> 4813 4929 16 110 19 2
! 14195 103699 200
! -83747 -38248 200
> 8961 3836 -288 372 105 1
> 6132 5589 -97 18 -136 2
> 9000 4648 526 233 -13 3
> 4813 4929 16 110 19 2
! 94716 -46855 200
! 99364 37485 200
> 8653 4070 -263 188 87 1
> 5855 5519 -235 -59 -154 2
> 9728 5116 619 407 -31 3
> 5018 5104 174 148 19 2
! 44490 97428 0
! -93172 -8398 SHIELD
> 8653 4070 -263 188 87 1
> 5855 5519 -235 -59 -154 2
> 9728 5116 619 407 -31 3
> 5018 5104 174 148 19 2
! 75333 -70355 200
! 84881 65285 SHIELD
> 8390 4258 -223 159 69 1
> 5911 5604 149 122 -172 2
> 10478 5372 637 217 -49 3
> 4901 5108 -201 -46 37 2
! 71322 81973 200
! -83968 -38233 0
> 8390 4258 -223 159 69 1
> 5911 5604 149 122 -172 2
> 10478 5372 637 217 -49 3
> 4901 5108 -201 -46 37 2
! 49551 -86678 200
! 62258 87023 0
> 8293 4572 -82 267 51 1
> 6060 5726 126 103 -154 2
> 11193 5405 607 27 -67 3
> 4700 5062 -170 -39 55 2
! 92160 59036 0
! -83819 -38111 0
> 8293 4572 -82 267 51 1
> 6060 5726 126 103 -154 2
> 11193 5405 607 27 -67 3
> 4700 5062 -170 -39 55 2
! 19908 -94214 200
! 84563 65243 0
> 8211 4839 -69 226 33 1
> 6186 5829 107 87 -154 2
> 11817 5233 530 -146 -85 3
> 4530 5023 -144 -33 37 3
! 104804 30721 0
! -65748 -63637 200
> 8211 4839 -69 226 33 1
> 6186 5829 107 87 -154 2
> 11817 5233 530 -146 -85 3
> 4530 5023 -144 -33 37 3
! -10678 -92203 200
! 99081 37579 0
> 8142 5065 -58 192 15 1
> 6293 5916 90 73 -136 2
> 12302 4892 412 -289 -103 3
> 4386 4990 -122 -28 19 3
! 108005 -169 0
! -65641 -63550 200
> 8142 5065 -58 192 15 1
> 6293 5916 90 73 -136 2
> 12302 4892 412 -289 -103 3
> 4386 4990 -122 -28 19 3
! -39201 -80824 200
! 98937 37546 200
> 8084 5257 -49 163 -3 1
> 6239 5850 -45 -56 -136 2
> 12611 4432 262 -391 -121 3
> 4453 5027 57 31 19 3
! 101442 -30580 0
! -83640 -37987 200
> 8084 5257 -49 163 -3 1
> 6239 5850 -45 -56 -136 2
> 12611 4432 262 -391 -121 3
> 4453 5027 57 31 19 3
! -9884 -93004 200
! 99004 37583 200
> 8035 5420 -41 138 -21 1
> 6014 5706 -191 -122 -154 2
> 12828 3846 184 -497 -103 3
> 4699 5123 209 81 19 3
! 85750 -57512 0
! -93013 -8211 200
> 8035 5420 -41 138 -21 1
> 6014 5706 -191 -122 -154 2
> 12828 3846 184 -497 -103 3
> 4699 5123 209 81 19 3
! 21543 -95773 200
! 99250 37679 200
> 7994 5558 -34 117 -39 1
> 5803 5645 305 190 -172 2
> 13029 3150 171 -591 -85 3
> 4919 5180 -297 -193 19 3
! 85709 -57374 0
! -84076 -38192 200
> 7994 5558 -34 117 -39 1
> 5803 5645 305 190 -172 2
> 13029 3150 171 -591 -85 3
> 4919 5180 -297 -193 19 3
! -9466 -94286 200
! 84782 65361 0
> 7960 5675 -28 99 -39 1
> 5928 5747 106 86 -154 2
> 13155 2364 107 -667 -103 4
> 4622 4987 -252 -164 37 3
! 62424 -78192 0
! -66006 -63719 200
> 7960 5675 -28 99 -39 1
> 5928 5747 106 86 -154 2
> 13155 2364 107 -667 -103 4
> 4622 4987 -252 -164 37 3
! -38348 -83352 0
! 84485 65168 200
> 7932 5774 -23 84 -57 1
> 5890 5694 -32 -44 -136 2
> 13262 1697 90 -566 -121 4
> 4530 4943 -78 -37 37 3
! 33814 -90819 0
! -83989 -38143 200
> 7932 5774 -23 84 -57 1
> 5890 5694 -32 -44 -136 2
> 13262 1697 90 -566 -121 4
> 4530 4943 -78 -37 37 3
! -62209 -63908 0
! 99081 37499 200
> 7909 5858 -19 71 -75 1
> 5678 5562 -179 -111 -154 2
> 13352 1131 76 -481 -139 4
> 4641 4971 94 23 19 3
! 33791 -90735 0
! -93349 -8355 200
> 7909 5858 -19 71 -75 1
> 5678 5562 -179 -111 -154 2
> 13352 1131 76 -481 -139 4
> 4641 4971 94 23 19 3
! -78698 -37942 0
! 84504 65152 200
> 7890 5929 -16 60 -75 1
> 5547 5580 169 193 -172 2
> 13428 650 64 -408 -157 4
> 4649 4958 -274 -189 37 3
! 33772 -90664 0
! -84332 -38257 200
> 7890 5929 -16 60 -75 1
> 5547 5580 169 193 -172 2
> 13428 650 64 -408 -157 4
> 4649 4958 -274 -189 37 3
! -86191 -8065 200
! 62006 86873 200
> 7874 5989 -13 51 -75 1
> 5536 5685 -9 89 -154 2
> 13293 225 -114 -361 -175 4
> 4490 4933 -135 -21 55 3
! 62338 -77878 0
! -66398 -63781 200
> 7874 5989 -13 51 -75 1
> 5536 5685 -9 89 -154 2
> 13293 225 -114 -361 -175 4
> 4490 4933 -135 -21 55 3
! -84143 22720 200
! 84353 65114 200
> 7861 6040 -11 43 -57 1
> 5383 5635 -129 -42 -136 2
> 12984 -91 -262 -268 -193 4
> 4515 5032 21 84 37 3
! 33743 -90553 0
! -84496 -38202 200
> 7861 6040 -11 43 -57 1
> 5383 5635 -129 -42 -136 2
> 12984 -91 -262 -268 -193 4
> 4515 5032 21 84 37 3
! -72732 51412 0
! 84378 65213 200
> 7850 6083 -9 36 -75 1
> 5349 5698 150 178 -154 2
> 12722 -359 -222 -227 149 4
> 4421 5044 -259 -114 37 3
! 2616 -93780 0
! -66585 -63768 200
> 7850 6083 -9 36 -75 1
> 5349 5698 150 178 -154 2
> 12722 -359 -222 -227 149 4
> 4421 5044 -259 -114 37 3
! -52883 75112 200
! 84284 65225 200
> 7841 6119 -7 30 -93 1
> 5355 5737 5 33 -136 2
> 12369 -435 -300 -64 131 4
> 4322 5050 -84 5 37 3
! 33723 -90474 0
! -66579 -63729 200
> 7841 6119 -7 30 -93 1
> 5355 5737 5 33 -136 2
> 12369 -435 -300 -64 131 4
> 4322 5050 -84 5 37 3
! -26704 91615 200
! 98873 37606 200
> 7834 6149 -5 25 -75 1
> 5216 5631 -118 -90 -136 2
> 11991 -315 -321 102 113 4
> 4427 5120 89 59 19 3
! 2600 -93714 200
! -66718 -63835 200
> 7834 6149 -5 25 -75 1
> 5216 5631 -118 -90 -136 2
> 11991 -315 -321 102 113 4
> 4427 5120 89 59 19 3
! -27082 91735 200
! 84290 65301 200
> 7819 5974 -13 -148 -93 1
> 5386 5671 245 97 -136 2
> 11592 -29 -339 243 113 4
> 4243 5030 -256 -139 37 3
! -28018 -87384 0
! -66548 -63795 200
> 7819 5974 -13 -148 -93 1
> 5386 5671 245 97 -136 2
> 11592 -29 -339 243 113 4
> 4243 5030 -256 -139 37 3
! 2876 99590 200
! 98794 37586 200
> 7806 5826 -11 -125 -111 1
> 5487 5629 85 -35 -136 2
> 11236 413 -302 375 95 4
> 4176 4956 -56 -62 19 3
! -55126 -71889 200
! -66447 -63837 200
> 7806 5826 -11 -125 -111 1
> 5487 5629 85 -35 -136 2
> 11236 413 -302 375 95 4
> 4176 4956 -56 -62 19 3
! -27837 92463 200
! 98727 37512 200
> 7669 5546 -116 -238 -129 1
> 5428 5455 -50 -147 -136 2
> 10856 972 -323 475 113 4
> 4309 4959 113 2 19 3
! -76198 -48918 200
! -84451 -38382 200
> 7669 5546 -116 -238 -129 1
> 5428 5455 -50 -147 -136 2
> 10856 972 -323 475 113 4
> 4309 4959 113 2 19 3
! -28217 93022 200
! 98860 37515 200
> 7385 5199 -241 -294 -147 1
> 5368 5285 284 -16 -154 2
> 10455 1631 -340 560 113 4
> 4441 4961 -223 -126 19 3
! -89208 -20683 200
! -66566 -64181 200
> 7385 5199 -241 -294 -147 1
> 5368 5285 284 -16 -154 2
> 10455 1631 -340 560 113 4
> 4441 4961 -223 -126 19 3
! -55150 77101 200
! 98992 37517 200
> 6951 4853 -369 -293 -165 1
> 5508 5130 119 -131 -136 2
> 9984 2342 -400 604 131 4
> 4407 4900 -28 -51 19 3
! -92912 10087 200
! -66426 -64336 200
> 6951 4853 -369 -293 -165 1
> 5508 5130 119 -131 -136 2
> 9984 2342 -400 604 131 4
> 4407 4900 -28 -51 19 3
! -29089 94392 200
! 104391 6645 200
> 6382 4570 -483 -240 -183 1
> 5483 4860 -21 -229 -136 2
> 9506 3130 -406 669 113 4
> 4579 4852 146 -40 1 3
! -90211 -21312 SHIELD
! -66451 -64606 200
> 6382 4570 -483 -240 -183 1
> 5483 4860 -21 -229 -136 2
> 9506 3130 -406 669 113 4
> 4579 4852 146 -40 1 3
! -56099 78600 200
! 104563 6597 SHIELD
> 6209 4232 25 -342 -165 1
> 5382 5003 -51 405 -136 2
> 8969 3950 -456 696 131 4
> 4408 4859 -320 32 1 3
! -93654 9466 0
! -41565 -83292 200
> 6209 4232 25 -342 -165 1
> 5382 5003 -51 405 -136 2
> 8969 3950 -456 696 131 4
> 4408 4859 -320 32 1 3
! -30104 96000 200
! 100038 -24378 0
> 6234 3890 21 -290 -183 1
> 5237 5231 -123 194 -118 2
> 8435 4830 -454 748 113 4
> 4088 4891 -272 27 -17 3
! -87124 39727 0
! -41710 -83064 200
> 6234 3890 21 -290 -183 1
> 5237 5231 -123 194 -118 2
> 8435 4830 -454 748 113 4
> 4088 4891 -272 27 -17 3
! -57170 80300 200
! 104072 6636 0
> 6255 3600 17 -246 -201 1
> 5020 5248 -184 14 -118 2
> 7850 5729 -497 764 131 4
> 3816 4918 -231 22 1 3
! -71460 66532 200
! -66914 -64218 200
> 6255 3600 17 -246 -201 1
> 5020 5248 -184 14 -118 2
> 7850 5729 -497 764 131 4
> 3816 4918 -231 22 1 3
! -77866 57232 200
! 103800 6663 0
> 6272 3354 14 -209 141 1
> 4692 5123 -278 -106 -136 2
> 7182 6596 -568 736 149 4
> 3585 4940 -196 18 1 3
! -71443 66286 200
! -85187 -38714 0
> 6272 3354 14 -209 141 1
> 4692 5123 -278 -106 -136 2
> 7182 6596 -568 736 149 4
> 3585 4940 -196 18 1 3
! -90254 29091 0
! 103569 6685 0
> 6131 3271 -120 -70 141 1
> 4414 5017 -236 -90 -154 3
> 6614 7332 -482 625 167 0
> 3389 4958 -166 15 1 3
! -48333 87138 0
! -94613 -8900 0
> 6131 3271 -120 -70 141 1
> 4414 5017 -236 -90 -154 3
> 6614 7332 -482 625 167 0
> 3389 4958 -166 15 1 3
! -93005 -1383 0
! 97940 37514 0
> 6011 3201 -102 -59 123 1
> 4178 4927 -200 -76 -172 3
> 6132 7957 -409 531 -175 0
> 3223 4973 -141 12 19 3
! -19871 99794 0
! -94303 22292 200
> 6011 3201 -102 -59 123 1
> 4178 4927 -200 -76 -172 3
> 6132 7957 -409 531 -175 0
> 3223 4973 -141 12 19 3
! -85918 -31116 0
! 103207 6718 0
> 5909 3142 -86 -50 105 1
> 3875 4876 -126 -56 -190 3
> 5723 8488 -347 451 -157 0
> 2988 4994 -330 31 1 3
! 11143 103005 0
! -84420 51823 0
> 5909 3142 -86 -50 105 1
> 3875 4876 -126 -56 -190 3
> 5723 8488 -347 451 -157 0
> 2988 4994 -330 31 1 3
! -69748 -57117 200
! 98618 -24243 0
> 5823 3092 -73 -42 87 1
> 3749 4820 -107 -47 152 3
> 5225 8808 -423 271 -139 0
> 2658 5025 -280 26 -17 3
! 11057 102955 0
! -94732 22185 200
> 5823 3092 -73 -42 87 1
> 3749 4820 -107 -47 152 3
> 5225 8808 -423 271 -139 0
> 2658 5025 -280 26 -17 3
! -46278 -76908 200
! 98288 -24212 0
> 5750 3050 -62 -35 87 1
> 3445 4808 -258 -10 170 3
> 4699 8908 -447 84 -121 0
> 2378 5051 -238 22 -17 3
! -20132 99643 0
! -95036 22173 0
> 5750 3050 -62 -35 87 1
> 3445 4808 -258 -10 170 3
> 4699 8908 -447 84 -121 0
> 2378 5051 -238 22 -17 3
! -17796 -88528 200
! 98008 -24186 0
> 5688 3015 -52 -29 105 1
> 3187 4798 -219 -8 170 3
> 4207 8797 -418 -94 -103 0
> 2140 5073 -202 18 -17 3
! -48776 86882 SHIELD
! -85108 51745 0
> 5688 3015 -52 -29 105 1
> 3187 4798 -219 -8 170 3
> 4207 8797 -418 -94 -103 0
> 2140 5073 -202 18 -17 3
! 12922 -90822 200
! 97770 -24164 0
> 5636 2986 -44 -24 123 1
> 2968 4790 -186 -6 152 3
> 3806 8504 -340 -249 -85 0
> 1938 5091 -171 15 -17 3
! -48828 86853 0
! -85327 51737 0
> 5636 2986 -44 -24 123 1
> 2968 4790 -186 -6 152 3
> 3806 8504 -340 -249 -85 0
> 1938 5091 -171 15 -17 3
! 12521 -91115 200
! 97568 -24146 0
> 5592 2962 -37 -20 123 1
> 2782 4784 -158 -5 152 3
> 3483 8056 -274 -381 -85 0
> 1767 5106 -145 12 -17 3
! -72123 65894 200
! -85513 51731 0
> 5592 2962 -37 -20 123 1
> 2782 4784 -158 -5 152 3
> 3483 8056 -274 -381 -85 0
> 1767 5106 -145 12 -17 3
! 42556 -83994 200
! 97397 -24131 200
> 5555 2942 -31 -17 141 1
> 2624 4779 -134 -4 152 3
> 3287 7491 -166 -480 -67 0
> 1813 5060 39 -39 -17 3
! -48909 86809 0
! -85671 51726 0
> 5555 2942 -31 -17 141 1
> 2624 4779 -134 -4 152 3
> 3287 7491 -166 -480 -67 0
> 1813 5060 39 -39 -17 3
! 42359 -84559 200
! 97443 -24177 0
> 5524 2925 -26 -14 123 1
> 2620 4728 52 -62 152 3
> 3199 6827 -74 -564 -67 0
> 1722 5068 -132 26 -17 3
! -72191 65857 200
! -85675 51675 200
> 5524 2925 -26 -14 123 1
> 2620 4728 52 -62 152 3
> 3199 6827 -74 -564 -67 0
> 1722 5068 -132 26 -17 3
! 42271 -85223 200
! 83637 -52289 0
> 5343 3037 -154 95 141 1
> 2495 4760 -105 27 152 3
> 3203 6079 3 -635 -67 0
> 1590 5094 -112 22 -35 3
! -88015 38874 0
! -95986 22125 0
> 5343 3037 -154 95 141 1
> 2495 4760 -105 27 152 3
> 3203 6079 3 -635 -67 0
> 1590 5094 -112 22 -35 3
! 11918 -93540 200
! 61771 -74769 200
> 5189 3132 -130 80 159 1
> 2390 4787 -89 22 170 3
> 3223 5245 17 -709 -85 0
> 1598 4956 7 -117 -53 3
! -94674 8366 200
! -96637 -9130 200
> 5189 3132 -130 80 159 1
> 2390 4787 -89 22 170 3
> 3223 5245 17 -709 -85 0
> 1598 4956 7 -117 -53 3
! 11938 -94374 200
! 83513 -52401 0
> 4859 3222 -280 76 177 1
> 2397 4719 14 -59 -172 3
> 3257 4337 29 -772 -85 0
> 1311 4901 -252 -44 -35 3
! -91734 -22660 200
! -87482 -39118 0
> 4859 3222 -280 76 177 1
> 2397 4719 14 -59 -172 3
> 3257 4337 29 -772 -85 0
> 1311 4901 -252 -44 -35 3
! 11972 -95282 200
! 61492 -74962 200
> 4386 3246 -402 20 195 1
> 2411 4660 11 -50 -154 3
> 3303 3366 39 -825 -85 0
> 1179 4697 -111 -173 -53 3
! -79481 -51218 200
! -69523 -64806 200
> 4386 3246 -402 20 195 1
> 2411 4660 11 -50 -154 3
> 3303 3366 39 -825 -85 0
> 1179 4697 -111 -173 -53 3
! 42376 -88684 0
! 61360 -75166 200
> 3944 3206 -242 17 213 1
> 2278 4471 -112 -160 -136 3
> 3214 2492 -208 -794 -67 0
> 1188 4364 7 -282 -53 3
! -58988 -74509 0
! -44669 -83824 200
> 3944 3206 -242 17 213 1
> 2278 4471 -112 -160 -136 3
> 3214 2492 -208 -794 -67 0
> 1188 4364 7 -282 -53 3
! 68819 -72979 0
! 33744 -90187 0
> 3702 3223 -205 14 231 1
> 2072 4134 -175 -286 -118 3
> 3006 1698 -176 -674 -49 0
> 1195 4082 5 -239 -71 3
! -32135 -90135 0
! -44875 -84161 0
> 3702 3223 -205 14 231 1
> 2072 4134 -175 -286 -118 3
> 3006 1698 -176 -674 -49 0
> 1195 4082 5 -239 -71 3
! 88722 -49805 200
! 2940 -95902 200
> 3497 3237 -174 11 249 1
> 2001 3864 18 -216 -118 3
> 3001 921 -3 -660 -31 0
> 1100 3627 -159 -399 -89 3
! -1737 -96626 0
! -44946 -84431 200
> 3497 3237 -174 11 249 1
> 2001 3864 18 -216 -118 3
> 3001 921 -3 -660 -31 0
> 1100 3627 -159 -399 -89 3
! 100437 -21574 200
! 2845 -96357 0
> 3323 3248 -147 9 -93 1
> 1925 3471 -64 -333 -118 3
> 3193 216 163 -599 -13 0
> 941 3228 -135 -339 -89 3
! 29205 -93345 200
! -15440 -95010 0
> 3323 3248 -147 9 -93 1
> 1925 3471 -64 -333 -118 3
> 3193 216 163 -599 -13 0
> 941 3228 -135 -339 -89 3
! 102812 8931 200
! 33497 -91323 0
> 3228 3064 -80 -156 -75 1
> 1861 3138 -54 -283 -100 3
> 3555 -366 307 -494 5 0
> 806 2889 -114 -288 -71 3
! 57692 -80803 200
! 15778 -95889 0
> 3228 3064 -80 -156 -75 1
> 1861 3138 -54 -283 -100 3
> 3555 -366 307 -494 5 0
> 806 2889 -114 -288 -71 3
! 95605 38707 200
! 60987 -76974 200
> 3257 2740 24 -275 -57 1
> 1807 2855 -45 -240 -82 3
> 4046 -782 417 -353 23 0
> 812 2441 5 -380 -53 3
! 80972 -60192 200
! 45644 -87024 200
> 3257 2740 24 -275 -57 1
> 1807 2855 -45 -240 -82 3
> 4046 -782 417 -353 23 0
> 812 2441 5 -380 -53 3
! 79516 64823 200
! 82727 -54916 200
> 3436 2339 152 -340 -39 1
> 1850 2435 36 -356 -64 3
> 4614 -1004 482 -188 41 0
> 981 1946 143 -420 -35 3
! 96794 -33498 200
! 71316 -69499 200
> 3436 2339 152 -340 -39 1
> 1850 2435 36 -356 -64 3
> 4614 -1004 482 -188 41 0
> 981 1946 143 -420 -35 3
! 56117 84712 200
! 96611 -27291 0
> 3775 1927 287 -349 -21 1
> 2025 1935 148 -424 -46 3
> 5199 -1021 497 -14 59 0
> 1124 1526 121 -357 -17 3
! 103638 -3307 200
! 71491 -69999 0
> 3775 1927 287 -349 -21 1
> 2025 1935 148 -424 -46 3
> 5199 -1021 497 -14 59 0
> 1124 1526 121 -357 -17 3
! 27694 96416 200
! 101108 3271 200
> 4262 1568 413 -305 -3 1
> 2173 1511 125 -360 -46 3
> 5741 -840 460 153 77 0
> 1445 1172 272 -300 1 3
! 104125 -3666 200
! 90468 -45436 0
> 4262 1568 413 -305 -3 1
> 2173 1511 125 -360 -46 3
> 5741 -840 460 153 77 0
> 1445 1172 272 -300 1 3
! 28236 96597 200
! 95996 33728 0
> 4875 1253 520 -268 -3 1
> 2475 1234 259 -234 -28 3
> 6246 -492 429 295 77 0
> 1540 789 77 -326 19 3
! 101468 27135 200
! 100956 -16131 0
> 4875 1253 520 -268 -3 1
> 2475 1234 259 -234 -28 3
> 6246 -492 429 295 77 0
> 1540 789 77 -326 19 3
! 57749 85224 200
! 96091 33345 200
> 5588 1037 606 -183 15 1
> 2734 1000 220 -198 -10 3
> 6778 -26 452 396 59 0
> 1806 528 226 -221 19 3
! 89455 55501 0
! 101215 -16365 200
> 5588 1037 606 -183 15 1
> 2734 1000 220 -198 -10 3
> 6778 -26 452 396 59 0
> 1806 528 226 -221 19 3
! 58281 85690 200
! 81669 60709 200
> 6194 854 515 -155 33 1
> 3151 767 354 -197 -10 3
> 7333 541 471 482 59 0
> 2192 427 327 -85 37 3
! 69126 78569 200
! 102178 14684 0
> 6194 854 515 -155 33 1
> 3151 767 354 -197 -10 3
> 7333 541 471 482 59 0
> 2192 427 327 -85 37 3
! 58836 86257 200
! 82055 60608 200
> 6835 854 544 0 51 1
> 3505 570 300 -167 8 3
> 7907 1194 487 555 59 1
> 2679 462 413 30 37 3
! 42672 94212 200
! 93384 44407 200
> 6835 854 544 0 51 1
> 3505 570 300 -167 8 3
> 7907 1194 487 555 59 1
> 2679 462 413 30 37 3
! 83377 66799 200
! 97230 33018 0
> 7451 1041 523 158 69 1
> 3985 491 407 -67 26 3
> 8545 1880 542 583 41 1
> 3092 492 351 25 19 3
! 12685 100904 200
! 93864 44328 200
> 7451 1041 523 158 69 1
> 3985 491 407 -67 26 3
> 8545 1880 542 583 41 1
> 3092 492 351 25 19 3
! 60048 87596 200
! 97643 33048 200
> 7984 1399 453 304 87 1
> 4572 512 498 17 26 3
> 9190 2634 548 641 59 1
> 3632 582 459 76 19 3
! -17898 97992 200
! 94451 44349 200
> 7984 1399 453 304 87 1
> 4572 512 498 17 26 3
> 9190 2634 548 641 59 1
> 3632 582 459 76 19 3
! 60693 88350 200
! 83495 60763 200
> 8385 1896 341 422 105 1
> 5250 617 576 88 26 3
> 9841 3446 553 690 59 1
> 4251 778 525 166 37 3
! 13619 101759 200
! 95129 44454 200
> 8385 1896 341 422 105 1
> 5250 617 576 88 26 3
> 9841 3446 553 690 59 1
> 4251 778 525 166 37 3
! 61344 89162 200
! 98802 33334 200
> 8736 2518 298 528 87 1
> 6006 793 642 149 26 3
> 10497 4307 557 732 59 1
> 4965 1009 606 196 19 3
! 44573 95876 200
! 105033 14710 200
> 8736 2518 298 528 87 1
> 6006 793 642 149 26 3
> 10497 4307 557 732 59 1
> 4965 1009 606 196 19 3
! 62000 90023 200
! 84828 61190 0
> 9106 3233 314 607 69 1
> 6846 970 714 150 8 3
> 11157 5210 561 767 59 1
> 5571 1205 515 166 37 3
! 44943 96591 0
! 105327 -16395 200
> 9106 3233 314 607 69 1
> 6846 970 714 150 8 3
> 11157 5210 561 767 59 1
> 5571 1205 515 166 37 3
! 33652 102647 200
! 85434 61386 0
> 9420 3840 266 515 69 1
> 7757 1085 774 97 -10 3
> 11763 6172 515 817 77 1
> 6086 1371 437 141 37 3
! 14654 103703 200
! 106784 15002 200
> 9420 3840 266 515 69 1
> 7757 1085 774 97 -10 3
> 11763 6172 515 817 77 1
> 6086 1371 437 141 37 3
! 3047 105791 0
! 85949 61552 200
> 9696 4555 234 607 87 1
> 8729 1210 826 106 8 3
> 12278 6989 437 694 95 2
> 6683 1632 507 222 37 3
! -16186 101148 0
! 107756 15127 200
> 9696 4555 234 607 87 1
> 8729 1210 826 106 8 3
> 12278 6989 437 694 95 2
> 6683 1632 507 222 37 3
! -26795 99039 0
! 86546 61813 200
> 9930 5162 198 515 105 1
> 9753 1344 870 113 8 3
> 12715 7683 371 589 113 2
> 7350 1974 566 291 37 3
! -15952 101755 0
! 99632 45181 200
> 9930 5162 198 515 105 1
> 9753 1344 870 113 8 3
> 12715 7683 371 589 113 2
> 7350 1974 566 291 37 3
! -52890 83153 0
! 64707 83889 0
> 10128 5677 168 437 105 1
> 10803 1545 892 170 26 3
> 13086 8272 315 500 131 2
> 7916 2265 481 247 55 3
! -44336 89544 0
! 82737 71011 0
> 10128 5677 168 437 105 1
> 10803 1545 892 170 26 3
> 13086 8272 315 500 131 2
> 7916 2265 481 247 55 3
! -72630 59775 0
! 37153 97895 200
> 10296 6114 142 371 123 1
> 11695 1715 758 144 44 3
> 13401 8772 267 425 149 2
> 8455 2703 458 372 73 3
! -15586 102707 0
! 58642 90010 0
> 10296 6114 142 371 123 1
> 11695 1715 758 144 44 3
> 13401 8772 267 425 149 2
> 8455 2703 458 372 73 3
! -84035 31267 0
! 6709 102687 0
> 10438 6485 120 315 105 1
> 12453 1859 644 122 62 4
> 13668 9197 226 361 167 2
> 8913 3075 389 316 91 3
! 15672 106348 0
! 29818 100340 0
> 10438 6485 120 315 105 1
> 12453 1859 644 122 62 4
> 13668 9197 226 361 167 2
> 8913 3075 389 316 91 3
! -85951 481 200
! -23643 97626 0
> 10558 6800 102 267 87 1
> 13097 1981 547 103 80 4
> 13695 9541 22 292 185 2
> 9302 3391 330 268 109 3
! 46395 100158 200
! -820 101008 200
> 10558 6800 102 267 87 1
> 13097 1981 547 103 80 4
> 13695 9541 22 292 185 2
> 9302 3391 330 268 109 3
! -78355 -29532 200
! -50879 83254 0
> 10732 7254 147 385 69 1
> 13616 2282 441 255 98 4
> 13533 9755 -137 181 203 2
> 9632 3659 280 227 127 3
! 46569 100612 0
! -30221 92161 200
> 10732 7254 147 385 69 1
> 13616 2282 441 255 98 4
> 13533 9755 -137 181 203 2
> 9632 3659 280 227 127 3
! -86086 1039 200
! -72283 61016 0
> 10879 7639 124 327 69 1
> 13969 2717 300 369 116 4
> 13197 9919 -285 139 -175 2
> 9912 3886 238 192 145 3
! 16113 107502 200
! -55497 74651 200
> 10879 7639 124 327 69 1
> 13969 2717 300 369 116 4
> 13197 9919 -285 139 -175 2
> 9912 3886 238 192 145 3
! -84239 32414 200
! -50269 83749 0
> 11013 8166 114 447 87 1
> 14130 3230 136 435 134 4
> 12717 10103 -407 156 -193 2
> 10150 4078 202 163 127 3
! -14869 104759 200
! -74165 50177 200
> 11013 8166 114 447 87 1
> 14130 3230 136 435 134 4
> 12717 10103 -407 156 -193 2
> 10150 4078 202 163 127 3
! -72999 61606 200
! -22406 98629 0
> 11075 8806 52 544 105 1
> 14089 3759 -34 449 152 4
> 12139 10362 -491 220 -211 2
> 10352 4241 171 138 109 3
! -43389 92673 200
! -84392 21124 200
> 11075 8806 52 544 105 1
> 14089 3759 -34 449 152 4
> 12139 10362 -491 220 -211 2
> 10352 4241 171 138 109 3
! -73577 61865 200
! -22204 98792 0
> 11018 9518 -48 604 123 1
> 13858 4243 -196 411 170 4
> 11477 10685 -563 274 149 2
> 10523 4379 145 117 109 3
! -66697 72450 200
! -74437 51190 200
> 11018 9518 -48 604 123 1
> 13858 4243 -196 411 170 4
> 11477 10685 -563 274 149 2
> 10523 4379 145 117 109 3
! -85959 33180 200
! -22033 98930 0
> 10816 10208 -157 293 141 1
> 13485 4748 -316 429 152 4
> 10717 11044 -659 597 167 2
> 10668 4496 123 99 109 3
! -82542 46045 200
! -55981 76682 200
> 10816 10208 -157 293 141 1
> 13485 4748 -316 429 152 4
> 10717 11044 -659 597 167 2
> 10668 4496 123 99 109 3
! -88902 2328 200
! -21888 99047 200
> 10472 10573 -292 309 159 1
> 13030 5321 -386 486 134 4
> 9859 11624 -729 492 185 2
> 10726 4784 49 244 109 3
! -89391 15807 200
! -56436 77255 200
> 10472 10573 -292 309 159 1
> 13030 5321 -386 486 134 4
> 9859 11624 -729 492 185 2
> 10726 4784 49 244 109 3
! -82191 -27449 200
! -49455 84647 200
> 9980 10892 -417 271 177 1
> 12505 5951 -446 535 134 4
> 8946 12038 -776 351 203 2
> 10655 5188 -60 343 127 3
! -86613 -14990 200
! -75790 52898 200
> 9980 10892 -417 271 177 1
> 12505 5951 -446 535 134 4
> 8946 12038 -776 351 203 2
> 10655 5188 -60 343 127 3
! -66525 -53567 200
! -21901 99739 200
> 9370 11111 -518 186 195 1
> 11882 6580 -529 534 152 4
> 8019 12258 -787 186 -139 2
> 10530 5720 -106 452 109 3
! -74497 -43353 200
! -86599 23945 200
> 9370 11111 -518 186 195 1
> 11882 6580 -529 534 152 4
> 8019 12258 -787 186 -139 2
> 10530 5720 -106 452 109 3
! -43484 -73458 200
! -22026 100271 200
> 8684 11188 -582 65 213 1
> 11156 7149 -617 483 170 4
> 7129 12273 -756 12 -121 2
> 10359 6361 -145 544 109 3
! -54248 -66527 200
! -87871 -6768 0
> 8684 11188 -582 65 213 1
> 11156 7149 -617 483 170 4
> 7129 12273 -756 12 -121 2
> 10359 6361 -145 544 109 3
! -15366 -85163 200
! -22197 100912 200
> 7976 11098 -601 -76 231 1
> 10627 7737 -277 705 -172 4
> 6328 12090 -680 -155 -103 2
> 10061 6989 -425 327 109 3
! -54956 -66617 200
! -79252 -36100 200
> 7976 11098 -601 -76 231 1
> 10627 7737 -277 705 -172 4
> 6328 12090 -680 -155 -103 2
> 10061 6989 -425 327 109 3
! 15043 -87529 200
! -22495 101540 0
> 7249 10867 -617 -196 -129 1
> 10170 8354 -388 524 -154 4
> 5665 11736 -563 -301 -85 2
> 9636 7316 -361 277 109 3
! -76618 -43597 200
! -61764 -61112 200
> 7249 10867 -617 -196 -129 1
> 10170 8354 -388 524 -154 4
> 5665 11736 -563 -301 -85 2
> 9636 7316 -361 277 109 3
! 44738 -80314 200
! -22920 101867 0
> 6464 10562 -667 -259 -147 1
> 9638 8739 -452 327 -136 4
> 5180 11251 -412 -412 -67 2
> 9275 7593 -306 235 109 3
! -90129 -15320 200
! -80241 -35098 200
> 6464 10562 -667 -259 -147 1
> 9638 8739 -452 327 -136 4
> 5180 11251 -412 -412 -67 2
> 9275 7593 -306 235 109 3
! 13895 -88368 0
! -23281 102144 200
> 5604 10251 -731 -264 -165 1
> 9006 8978 -536 203 -154 4
> 4768 10839 -350 -350 -85 2
> 8904 8017 -315 360 109 3
! -94259 15485 0
! -62928 -60488 0
> 5604 10251 -731 -264 -165 1
> 9006 8978 -536 203 -154 4
> 4768 10839 -350 -350 -85 2
> 8904 8017 -315 360 109 3
! 43841 -81211 0
! -51277 87880 200
> 4967 9903 -405 -417 -183 1
> 8480 9338 -438 446 -136 4
> 4324 10573 -513 -104 -67 2
> 8459 8380 -387 168 127 3
! -88391 45740 0
! -38467 -78957 200
> 4967 9903 -405 -417 -183 1
> 8480 9338 -438 446 -136 4
> 4324 10573 -513 -104 -67 2
> 8459 8380 -387 168 127 3
! 69929 -64898 200
! -51722 88243 200
> 4562 9486 -344 -354 -201 1
> 7948 9607 -452 228 -118 4
> 3942 10318 -324 -216 -49 2
> 7952 8708 -431 278 127 3
! -73153 72418 0
! -9417 -88874 0
> 4562 9486 -344 -354 -201 1
> 7948 9607 -452 228 -118 4
> 3942 10318 -324 -216 -49 2
> 7952 8708 -431 278 127 3
! 89658 -41185 200
! -24604 103259 200
> 4218 9132 -292 -300 141 1
> 7499 9975 -380 397 -100 4
> 3789 9999 -129 -271 -31 2
> 7453 9035 -425 193 109 3
! -50246 92999 0
! 21416 -89052 200
> 4218 9132 -292 -300 141 1
> 7499 9975 -380 397 -100 4
> 3789 9999 -129 -271 -31 2
> 7453 9035 -425 193 109 3
! 89505 -41504 200
! 5707 109019 0
> 3926 8830 -229 -404 123 1
> 7147 10174 -299 169 -82 4
> 3831 9627 17 -168 -31 2
> 7028 9228 -361 164 91 3
! -21956 105423 200
! 50984 -79705 200
> 3926 8830 -229 -404 123 1
> 7147 10174 -299 169 -82 4
> 3831 9627 17 -168 -31 2
> 7028 9228 -361 164 91 3
! 69436 -65844 200
! 36265 104858 0
> 3667 8426 -220 -345 105 1
> 6936 10163 -179 -9 -64 4
> 3958 9501 107 -104 -49 2
> 6667 9392 -306 139 73 3
! 8901 108289 SHIELD
! 20853 -88864 200
> 3667 8426 -220 -345 105 1
> 6936 10163 -179 -9 -64 4
> 3958 9501 107 -104 -49 2
> 6667 9392 -306 139 73 3
! 43031 -82549 200
! 64024 91307 200
> 3447 8081 -187 -293 87 1
> 6937 10379 5 197 -82 4
> 4143 9213 157 -244 -67 2
> 6324 9272 -296 -115 55 3
! 39284 101439 SHIELD
! 20854 -88648 200
> 3447 8081 -187 -293 87 1
> 6937 10379 5 197 -82 4
> 4143 9213 157 -244 -67 2
> 6324 9272 -296 -115 55 3
! 12858 -90406 200
! 86187 69453 200
> 3260 7788 -158 -249 69 1
> 6970 10378 27 0 -82 4
> 4317 8770 148 -376 -85 2
> 6188 9277 -115 4 37 3
! 66192 85503 0
! -10395 -88103 200
> 3260 7788 -158 -249 69 1
> 6970 10378 27 0 -82 4
> 4317 8770 148 -376 -85 2
> 6188 9277 -115 4 37 3
! -18178 -88666 200
! 100739 41833 200
> 3102 7539 -134 -211 51 1
> 6962 10181 -6 -167 -100 4
> 4420 8199 87 -485 -103 2
> 6262 9346 62 58 19 3
! 86969 62003 200
! -10403 -88300 200
> 3102 7539 -134 -211 51 1
> 6962 10181 -6 -167 -100 4
> 4420 8199 87 -485 -103 2
> 6262 9346 62 58 19 3
! -18075 -89237 200
! 100813 41902 200
> 2968 7328 -113 -179 33 1
> 7104 10011 288 33 -100 4
> 4462 7519 35 -577 -103 2
> 6330 9275 -109 -238 19 3
! 99561 33210 0
! -10261 -88470 200
> 2968 7328 -113 -179 33 1
> 7104 10011 288 33 -100 4
> 4462 7519 35 -577 -103 2
> 6330 9275 -109 -238 19 3
! -18033 -89917 200
! 100881 41831 200
> 2855 7149 -96 -152 15 1
> 7357 9847 215 -139 -100 4
> 4452 6747 -8 -656 -103 2
> 6410 9102 68 -146 19 3
! 102718 1915 200
! -39590 -78448 200
> 2855 7149 -96 -152 15 1
> 7357 9847 215 -139 -100 4
> 4452 6747 -8 -656 -103 2
> 6410 9102 68 -146 19 3
! 13167 -92872 200
! 100961 41658 200
> 2959 6987 88 -138 -3 1
> 7478 9531 102 -268 -118 4
> 4461 5892 8 -726 -85 2
> 6667 9021 218 -68 19 3
! 96317 -28850 200
! -64456 -59935 200
> 2959 6987 88 -138 -3 1
> 7478 9531 102 -268 -118 4
> 4461 5892 8 -726 -85 2
> 6667 9021 218 -68 19 3
! 43534 -86158 200
! 101218 41577 200
> 3234 6777 233 -178 -21 1
> 7811 9342 398 -93 -136 4
> 4547 4982 73 -773 -67 3
> 6699 8800 -88 -255 19 3
! 80949 -56155 200
! -82068 -34495 200
> 3234 6777 233 -178 -21 1
> 7811 9342 398 -93 -136 4
> 4547 4982 73 -773 -67 3
> 6699 8800 -88 -255 19 3
! 70152 -70489 200
! 101250 41356 0
> 3622 6473 330 -258 -39 1
> 8029 9161 185 -153 -154 4
> 4751 4058 173 -785 -49 3
> 6611 8545 -74 -216 19 3
! 96980 -29364 200
! -90998 -4756 200
> 3622 6473 330 -258 -39 1
> 8029 9161 185 -153 -154 4
> 4751 4058 173 -785 -49 3
> 6611 8545 -74 -216 19 3
! 90467 -47445 200
! 101162 41101 200
> 4139 6143 439 -280 -21 1
> 8016 8980 -11 -153 -172 4
> 5095 3170 292 -754 -31 3
> 6726 8394 97 -128 19 3
! 81854 -56789 200
! -81863 -34857 200
> 4139 6143 439 -280 -21 1
> 8016 8980 -11 -153 -172 4
> 5095 3170 292 -754 -31 3
> 6726 8394 97 -128 19 3
! 102531 -19325 200
! 86589 68575 200
> 4733 5737 505 -344 -39 1
> 7825 8739 -162 -204 -154 4
> 5582 2371 413 -679 -13 3
> 6983 8386 218 -6 37 3
! 98091 -30100 200
! -82054 -35098 SHIELD
> 4733 5737 505 -344 -39 1
> 7825 8739 -162 -204 -154 4
> 5582 2371 413 -679 -13 3
> 6983 8386 218 -6 37 3
! 105201 11086 200
! 86846 68567 SHIELD
> 5425 5321 587 -353 -21 1
> 7954 8653 198 -37 -154 4
> 6194 1709 520 -562 5 3
> 6910 8262 -150 -141 37 3
! 105288 87 200
! -81925 -35184 0
> 5425 5321 587 -353 -21 1
> 7954 8653 198 -37 -154 4
> 6194 1709 520 -562 5 3
> 6910 8262 -150 -141 37 3
! 98244 40782 200
! 101461 40818 0
> 6212 4958 668 -308 -3 1
> 8152 8616 168 -31 -154 4
> 6898 1225 598 -411 23 3
> 6760 8121 -127 -119 19 3
! 99570 -30879 200
! -90875 -5301 200
> 6212 4958 668 -308 -3 1
> 8152 8616 168 -31 -154 4
> 6898 1225 598 -411 23 3
> 6760 8121 -127 -119 19 3
! 82368 66830 200
! 86623 68302 0
> 7067 4578 726 -322 -21 1
> 8320 8585 142 -26 -172 4
> 7647 945 636 -237 41 3
> 6633 8002 -107 -101 37 3
! 84782 -58354 200
! -81559 -35252 200
> 7067 4578 726 -322 -21 1
> 8320 8585 142 -26 -172 4
> 7647 945 636 -237 41 3
> 6633 8002 -107 -101 37 3
! 59150 86661 200
! 86496 68183 0
> 7948 4130 749 -380 -39 1
> 8462 8559 120 -22 -154 4
> 8386 879 628 -55 59 3
> 6526 7901 -90 -85 37 3
! 62412 -79737 200
! -90565 -5358 200
> 7948 4130 749 -380 -39 1
> 8462 8559 120 -22 -154 4
> 8386 879 628 -55 59 3
> 6526 7901 -90 -85 37 3
! 59889 86595 200
! 101077 40457 200
> 8806 3582 729 -465 -57 1
> 8384 8509 -66 -42 -172 4
> 9117 995 621 98 59 3
> 6625 7881 84 -16 19 3
! 34688 -93011 200
! -90643 -5408 200
> 8806 3582 729 -465 -57 1
> 8384 8509 -66 -42 -172 4
> 9117 995 621 98 59 3
> 6625 7881 84 -16 19 3
! 60620 86711 200
! 101176 40437 200
> 9587 2924 663 -559 -75 1
> 8120 8439 -224 -59 -172 4
> 9841 1264 615 229 59 3
> 6898 7930 232 41 19 3
! 64051 -80943 SHIELD
! -81759 -35398 200
> 9587 2924 663 -559 -75 1
> 8120 8439 -224 -59 -172 4
> 9841 1264 615 229 59 3
> 6898 7930 232 41 19 3
! 32336 98701 200
! 86761 68111 0
> 10246 2379 518 -338 -57 1
> 7834 8352 152 124 -154 4
> 10546 1553 1014 -1010 77 3
> 7012 7912 -298 -214 37 3
! 87961 -60553 0
! -82045 -35485 200
> 10246 2379 518 -338 -57 1
> 7834 8352 152 124 -154 4
> 10546 1553 1014 -1010 77 3
> 7012 7912 -298 -214 37 3
! 1830 101172 200
! 86875 68093 200
> 10764 2041 440 -287 -39 1
> 7806 8388 -23 30 -154 4
> 11543 742 847 -689 95 3
> 6874 7818 -117 -79 37 3
! 104122 -33796 200
! -82073 -35449 200
> 10764 2041 440 -287 -39 1
> 7806 8388 -23 30 -154 4
> 11543 742 847 -689 95 3
> 6874 7818 -117 -79 37 3
! -27530 92792 0
! 86737 67999 200
> 11204 1754 374 -243 -21 1
> 7603 8330 -172 -49 -154 4
> 12390 53 719 -585 113 3
> 6917 7859 36 35 37 3
! 88919 -61178 200
! -82276 -35507 200
> 11204 1754 374 -243 -21 1
> 7603 8330 -172 -49 -154 4
> 12390 53 719 -585 113 3
> 6917 7859 36 35 37 3
! -26683 92103 0
! 86780 68040 200
> 11578 1511 317 -206 -39 1
> 7731 8526 131 182 -154 4
> 13109 -532 611 -497 113 3
> 6633 7682 -264 -166 37 3
! 104936 -34326 0
! -82148 -35311 200
> 11578 1511 317 -206 -39 1
> 7731 8526 131 182 -154 4
> 13109 -532 611 -497 113 3
> 6633 7682 -264 -166 37 3
! -52496 74938 200
! 86496 67863 200
> 11895 1305 269 -175 -21 1
> 7682 8620 -41 80 -154 4
> 13589 -878 407 -294 131 3
> 6529 7636 -88 -38 37 3
! 89610 -61627 0
! -64252 -60846 200
> 11895 1305 269 -175 -21 1
> 7682 8620 -41 80 -154 4
> 13589 -878 407 -294 131 3
> 6529 7636 -88 -38 37 3
! -72127 50625 200
! 63886 89551 200
> 12164 1130 228 -148 -39 1
> 7497 8561 -157 -50 -136 4
> 13825 -1069 200 -162 149 3
> 6556 7762 22 106 55 3
! 66628 -82737 200
! -39450 -79734 200
> 12164 1130 228 -148 -39 1
> 7497 8561 -157 -50 -136 4
> 13825 -1069 200 -162 149 3
> 6556 7762 22 106 55 3
! -83611 21426 200
! 86419 67943 200
> 12501 814 286 -268 -57 1
> 7394 8446 206 124 -118 4
> 13830 -1186 4 -99 167 3
> 6589 7876 -264 -124 37 3
! 38383 -95779 200
! -64540 -61020 200
> 12501 814 286 -268 -57 1
> 7394 8446 206 124 -118 4
> 13830 -1186 4 -99 167 3
> 6589 7876 -264 -124 37 3
! -85789 -9901 200
! 86452 68057 200
> 12839 353 287 -392 -75 1
> 7456 8431 52 -12 -136 4
> 13635 -1302 -165 -98 -175 3
> 6485 7872 -88 -3 37 3
! 7605 -99510 200
! -64478 -61035 200
> 12839 353 287 -392 -75 1
> 7456 8431 52 -12 -136 4
> 13635 -1302 -165 -98 -175 3
> 6485 7872 -88 -3 37 3
! -85984 -10017 200
! 101036 40428 200
> 13116 -239 235 -502 -93 1
> 7364 8280 -78 -128 -136 4
> 13271 -1417 -309 -98 -175 3
> 6586 7934 85 52 19 3
! -22721 -93597 200
! -82515 -35557 SHIELD
> 13116 -239 235 -502 -93 1
> 7364 8280 -78 -128 -136 4
> 13271 -1417 -309 -98 -175 3
> 6586 7934 85 52 19 3
! -84165 21078 200
! 101137 40490 200
> 13319 -832 246 -323 -111 1
> 7348 8178 -6 -83 -154 4
> 12728 -1565 -536 -306 167 3
> 6244 7786 -363 -157 19 3
! -49613 -78547 0
! -91679 -5739 0
> 13319 -832 246 -323 -111 1
> 7348 8178 -6 -83 -154 4
> 12728 -1565 -536 -306 167 3
> 6244 7786 -363 -157 19 3
! -72988 49938 0
! 100795 40342 200
> 13565 -1155 209 -274 -129 1
> 7342 8095 -5 -70 -172 4
> 12192 -1871 -455 -260 149 3
> 6070 7694 -147 -78 19 3
! -70302 -55619 0
! -91685 -5822 200
> 13565 -1155 209 -274 -129 1
> 7342 8095 -5 -70 -172 4
> 12192 -1871 -455 -260 149 3
> 6070 7694 -147 -78 19 3
! -53413 73600 0
! 100621 40250 200
> 13774 -1429 177 -232 -147 1
> 7337 8025 -4 -59 -172 4
> 11737 -2131 -386 -221 131 3
> 6112 7681 35 -10 19 3
! -82819 -27311 0
! -91690 -5892 200
> 13774 -1429 177 -232 -147 1
> 7337 8025 -4 -59 -172 4
> 11737 -2131 -386 -221 131 3
> 6112 7681 35 -10 19 3
! -27336 89919 200
! 100663 40237 200
> 13951 -1661 150 -197 -165 1
> 7333 7966 -3 -50 -172 4
> 11273 -2168 -394 -31 113 3
> 6336 7736 190 46 19 3
! -85912 3573 0
! -91694 -5951 200
> 13951 -1661 150 -197 -165 1
> 7333 7966 -3 -50 -172 4
> 11273 -2168 -394 -31 113 3
> 6336 7736 190 46 19 3
! 2557 97451 200
! 106320 9481 200
> 14101 -1858 127 -167 -183 1
> 7503 7975 329 51 -172 4
> 10862 -2000 -349 143 95 3
> 6355 7698 -168 -75 1 3
! -79257 33979 200
! -91524 -5942 200
> 14101 -1858 127 -167 -183 1
> 7503 7975 329 51 -172 4
> 10862 -2000 -349 143 95 3
> 6355 7698 -168 -75 1 3
! 33357 95437 200
! 100906 40254 200
> 14041 -1953 -50 -81 -201 1
> 7634 7998 111 19 -172 4
> 10558 -1662 -258 287 77 3
> 6376 7688 17 -8 19 3
! -63674 60979 200
! -91393 -5919 200
> 14041 -1953 -50 -81 -201 1
> 7634 7998 111 19 -172 4
> 10558 -1662 -258 287 77 3
> 6376 7688 17 -8 19 3
! 62061 84054 200
! 100927 40244 200
> 13836 -1908 -174 38 141 1
> 7547 7989 -73 -7 -172 4
> 10403 -1204 -131 389 59 3
> 6582 7745 175 48 19 3
! -40628 81959 200
! -90934 25354 SHIELD
> 13836 -1908 -174 38 141 1
> 7547 7989 -73 -7 -172 4
> 10403 -1204 -131 389 59 3
> 6582 7745 175 48 19 3
! 85873 64401 200
! 101133 40301 200
> 13553 -1702 -240 174 123 1
> 7519 7993 5 10 170 4
> 10423 -684 16 442 41 3
> 6491 7745 -370 -72 19 3
! -12329 94891 200
! -91508 -5924 200
> 13553 -1702 -240 174 123 1
> 7519 7993 5 10 170 4
> 10423 -684 16 442 41 3
> 6491 7745 -370 -72 19 3
! 102473 38389 200
! 101042 40301 200
> 13261 -1335 -247 312 105 1
> 7524 8003 4 8 -172 4
> 10623 -164 170 442 23 3
> 6310 7738 -153 -5 19 3
! -12621 95258 200
! -82355 -35834 200
> 13261 -1335 -247 312 105 1
> 7524 8003 4 8 -172 4
> 10623 -164 170 442 23 3
> 6310 7738 -153 -5 19 3
! 102673 38909 200
! 106294 9483 200
> 12962 -830 -253 429 105 1
> 7528 8011 3 6 -154 4
> 10977 356 300 442 23 3
> 6357 7736 39 -1 1 3
! 18196 99033 200
! -91499 -5906 200
> 12962 -830 -253 429 105 1
> 7528 8011 3 6 -154 4
> 10977 356 300 442 23 3
> 6357 7736 39 -1 1 3
! 103027 39429 200
! 100908 40292 200
> 12719 -201 -206 534 87 1
> 7531 8017 2 5 -172 4
> 11461 876 411 442 23 3
> 6585 7800 193 54 19 3
! -13163 96392 200
! -91496 -5900 200
> 12719 -201 -206 534 87 1
> 7531 8017 2 5 -172 4
> 11461 876 411 442 23 3
> 6585 7800 193 54 19 3
! 86931 66481 200
! 101136 40356 200
> 12461 526 -219 618 105 1
> 7749 8088 326 92 -172 4
> 12023 1449 477 487 41 3
> 6553 7826 -168 -10 19 3
! 17695 100389 200
! -91278 -5829 200
> 12461 526 -219 618 105 1
> 7749 8088 326 92 -172 4
> 12023 1449 477 487 41 3
> 6553 7826 -168 -10 19 3
! 63526 87165 SHIELD
! 106537 9571 200
> 12345 869 -43 4 87 1
> 7877 8152 108 54 -172 4
> 12491 1983 392 483 59 4
> 6585 7819 27 -5 1 3
! -13537 97462 200
! -91150 -5765 200
> 12345 869 -43 4 87 1
> 7877 8152 108 54 -172 4
> 12491 1983 392 483 59 4
> 6585 7819 27 -5 1 3
! 34986 99420 0
! 101136 40375 200
> 12250 1066 -80 167 105 1
> 7787 8178 -76 22 -172 4
> 12883 2466 333 410 77 4
> 6801 7879 183 51 19 3
! -13632 97659 200
! -91240 -5739 200
> 12250 1066 -80 167 105 1
> 7787 8178 -76 22 -172 4
> 12883 2466 333 410 77 4
> 6801 7879 183 51 19 3
! 64386 88182 200
! 101352 40435 200
> 12118 1426 -111 306 105 1
> 7912 8307 291 172 -172 4
> 13216 2876 283 348 59 4
> 6774 7860 -208 -78 19 3
! 17352 101289 200
! -81967 -35530 200
> 12118 1426 -111 306 105 1
> 7912 8307 291 172 -172 4
> 13216 2876 283 348 59 4
> 6774 7860 -208 -78 19 3
! 35711 100313 0
! 101325 40416 200
> 12017 1932 -85 429 87 1
> 8023 8391 94 71 -154 4
> 13499 3224 240 295 77 4
> 6755 7847 -16 -10 19 3
! -13865 98525 200
! -81856 -35446 200
> 12017 1932 -85 429 87 1
> 8023 8391 94 71 -154 4
> 13499 3224 240 295 77 4
> 6755 7847 -16 -10 19 3
! 4783 102843 0
! 101306 40403 200
> 11880 2554 -116 528 105 1
> 7937 8374 -72 -14 -154 4
> 13739 3519 204 250 95 4
> 6928 7902 147 46 19 3
! -42584 86421 200
! -81942 -35463 200
> 11880 2554 -116 528 105 1
> 7937 8374 -72 -14 -154 4
> 13739 3519 204 250 95 4
> 6928 7902 147 46 19 3
! -25334 95569 0
! 101479 40458 200
> 11655 3250 -191 591 123 1
> 7959 8412 255 153 -154 4
> 13943 3769 173 212 113 4
> 6991 7873 -183 -145 19 3
! -66060 66182 200
! -91068 -5505 200
> 11655 3250 -191 591 123 1
> 7959 8412 255 153 -154 4
> 13943 3769 173 212 113 4
> 6991 7873 -183 -145 19 3
! -51662 79239 200
! 86854 68054 200
> 11309 3967 -294 609 141 1
> 8016 8537 48 106 -172 4
> 13985 4132 35 308 131 4
> 6968 7848 -19 -20 37 3
! -66406 66899 200
! -81863 -35300 200
> 11309 3967 -294 609 141 1
> 8016 8537 48 106 -172 4
> 13985 4132 35 308 131 4
> 6968 7848 -19 -20 37 3
! -71731 55635 200
! 86831 68029 200
> 10860 4702 -382 624 141 1
> 7884 8555 -111 15 -154 4
> 13849 4543 -115 349 149 4
> 7109 7948 119 85 37 3
! -43604 88569 0
! -64050 -60911 200
> 10860 4702 -382 624 141 1
> 7884 8555 -111 15 -154 4
> 13849 4543 -115 349 149 4
> 7109 7948 119 85 37 3
! -83587 27038 200
! 64466 89863 SHIELD
> 10478 5326 -324 530 123 1
> 7958 8709 280 313 -136 4
> 13539 4937 -263 334 167 4
> 7195 8005 51 30 55 3
! -15404 101919 200
! -81921 -35128 200
> 10478 5326 -324 530 123 1
> 7958 8709 280 313 -136 4
> 13539 4937 -263 334 167 4
> 7195 8005 51 30 55 3
! -86080 -3778 200
! 87058 68186 0
> 10102 6049 -319 614 105 1
> 8058 8934 85 191 -154 4
> 13077 5254 -392 269 -175 4
> 7246 8035 43 25 37 3
! -44362 89916 0
! -81821 -34903 200
> 10102 6049 -319 614 105 1
> 8058 8934 85 191 -154 4
> 13077 5254 -392 269 -175 4
> 7246 8035 43 25 37 3
! -84359 27749 200
! 64603 89950 0
> 9783 6663 -271 521 123 1
> 7963 9037 -80 87 -154 4
> 12490 5568 -498 266 167 4
> 7289 8060 36 21 55 3
! -67932 69595 200
! -63971 -60429 200
> 9783 6663 -271 521 123 1
> 7963 9037 -80 87 -154 4
> 12490 5568 -498 266 167 4
> 7289 8060 36 21 55 3
! -84946 28063 200
! 36526 103690 0
> 9357 7310 -362 549 141 1
> 7739 8985 -190 -44 -136 4
> 11797 5879 -588 264 167 4
> 7325 8081 30 17 73 3
! -45107 91177 200
! -39208 -79310 200
> 9357 7310 -362 549 141 1
> 7739 8985 -190 -44 -136 4
> 11797 5879 -588 264 167 4
> 7325 8081 30 17 73 3
! -85639 28374 200
! 5579 108065 200
> 8886 8027 -400 609 123 1
> 7578 9069 -75 223 -118 4
> 11014 6188 -665 262 167 4
> 7229 7993 -143 -227 91 3
! -45578 91894 200
! -39369 -79226 200
> 8886 8027 -400 609 123 1
> 7578 9069 -75 223 -118 4
> 11014 6188 -665 262 167 4
> 7229 7993 -143 -227 91 3
! -86422 28683 200
! 36466 103623 200
> 8377 8804 -432 660 123 1
> 7409 9115 -143 39 -118 4
> 10154 6495 -730 260 167 4
> 7144 7957 -71 -30 73 3
! -69338 71736 200
! -9956 -89366 0
> 8377 8804 -432 660 123 1
> 7409 9115 -143 39 -118 4
> 10154 6495 -730 260 167 4
> 7144 7957 -71 -30 73 3
! -75562 57998 200
! 5398 107941 200
> 8081 9580 -99 654 141 1
> 6974 9164 -520 47 -100 4
> 9253 6858 -766 308 149 4
> 7070 8127 -63 144 91 3
! -85277 45417 0
! 20891 -89863 200
> 8081 9580 -99 654 141 1
> 6974 9164 -520 47 -100 4
> 9253 6858 -766 308 149 4
> 7070 8127 -63 144 91 3
! -76463 58361 0
! -25486 102678 0
> 7982 10234 -84 555 159 1
> 6482 9013 -418 -128 -82 4
> 8487 7166 -651 261 149 4
> 7007 8271 -53 122 109 3
! -91881 15468 0
! 50319 -80866 200
> 7982 10234 -84 555 159 1
> 6482 9013 -418 -128 -82 4
> 8487 7166 -651 261 149 4
> 7007 8271 -53 122 109 3
! -88949 29661 200
! -53174 88134 0
> 7898 10789 -71 471 177 1
> 6152 8705 -280 -261 -64 4
> 7641 7472 -718 260 167 4
> 6954 8393 -45 103 127 3
! -88695 -15093 200
! 20069 -90322 200
> 7898 10789 -71 471 177 1
> 6152 8705 -280 -261 -64 4
> 7641 7472 -718 260 167 4
> 6954 8393 -45 103 127 3
! -91978 -1243 200
! -74961 65750 0
> 7634 11208 -224 356 195 1
> 5900 8246 -214 -390 -82 4
> 6724 7715 -779 206 -175 0
> 6909 8496 -38 87 145 3
! -76233 -43256 0
! 49737 -81633 SHIELD
> 7634 11208 -224 356 195 1
> 5900 8246 -214 -390 -82 4
> 6724 7715 -779 206 -175 0
> 6909 8496 -38 87 145 3
! -85326 -31358 0
! -88721 37733 0
> 7410 11564 -190 302 213 1
> 5590 7911 -287 -271 -64 4
> 6904 7376 393 -425 -157 0
> 6871 8583 -32 73 163 3
! -55522 -66151 200
! 75056 -64023 200
> 7410 11564 -190 302 213 1
> 5590 7911 -287 -271 -64 4
> 6904 7376 393 -425 -157 0
> 6871 8583 -32 73 163 3
! -68567 -58229 200
! -93113 6837 0
> 7094 11711 -268 124 231 1
> 5303 7640 -243 -230 -46 4
> 7146 6820 205 -472 -139 0
> 6839 8656 -27 62 181 3
! -28743 -81647 200
! 93598 -39307 0
> 7094 11711 -268 124 231 1
> 5303 7640 -243 -230 -46 4
> 7146 6820 205 -472 -139 0
> 6839 8656 -27 62 181 3
! -44357 -78896 200
! -87712 -23900 0
> 6754 11648 -288 -53 249 1
> 5060 7410 -206 -195 -28 4
> 7248 6177 86 -546 -121 0
> 6812 8718 -22 52 -161 3
! 1520 -88215 200
! 103541 -9955 200
> 6754 11648 -288 -53 249 1
> 5060 7410 -206 -195 -28 4
> 7248 6177 86 -546 -121 0
> 6812 8718 -22 52 -161 3
! -15247 -91259 200
! -73051 -51463 0
> 6456 11395 -253 -214 -93 1
> 4854 7215 -175 -165 -10 4
> 7289 5436 34 -629 -103 0
> 6790 8770 -18 44 -143 3
! 32338 -85198 200
! 103881 21132 200
> 6456 11395 -253 -214 -93 1
> 4854 7215 -175 -165 -10 4
> 7289 5436 34 -629 -103 0
> 6790 8770 -18 44 -143 3
! 16004 -94183 200
! -50567 -73145 200
> 6255 10988 -171 -346 -75 1
> 4877 7078 19 -116 8 4
> 7340 4608 43 -704 -85 0
> 6657 8650 -112 -101 -125 3
! 60719 -72879 200
! 94756 50915 200
> 6255 10988 -171 -346 -75 1
> 4877 7078 19 -116 8 4
> 7340 4608 43 -704 -85 0
> 6657 8650 -112 -101 -125 3
! 16055 -95011 200
! -50700 -73265 200
> 6193 10474 -52 -436 -57 1
> 5076 7050 168 -24 26 4
> 7400 3705 51 -767 -85 0
> 6430 8385 -192 -225 -125 3
! 32075 -86119 0
! 77010 76516 200
> 6193 10474 -52 -436 -57 1
> 5076 7050 168 -24 26 4
> 7400 3705 51 -767 -85 0
> 6430 8385 -192 -225 -125 3
! 46473 -88345 200
! -73433 -51796 200
> 6141 10038 -44 -370 -75 1
> 5388 7165 265 97 44 4
> 7529 2754 109 -808 -67 0
> 6078 8040 -298 -293 -143 3
! 60605 -73829 0
! 52335 95460 SHIELD
> 6141 10038 -44 -370 -75 1
> 5388 7165 265 97 44 4
> 7529 2754 109 -808 -67 0
> 6078 8040 -298 -293 -143 3
! 73134 -72717 200
! -51279 -73875 0
> 6097 9668 -37 -314 -57 1
> 5623 7212 175 0 62 4
> 7769 1795 204 -815 -49 1
> 6081 8244 247 577 -125 3
! 60561 -74199 0
! 52570 95507 200
> 6097 9668 -37 -314 -57 1
> 5623 7212 175 0 62 4
> 7769 1795 204 -815 -49 1
> 6081 8244 247 577 -125 3
! 93485 -49708 0
! -73782 -51937 200
> 6045 9492 -99 369 -57 1
> 5798 7212 148 0 62 4
> 7973 980 173 -692 -31 1
> 6183 8563 142 -248 -143 3
! 31927 -87101 200
! 23163 105693 200
> 6045 9492 -99 369 -57 1
> 5798 7212 148 0 62 4
> 7973 980 173 -692 -31 1
> 6183 8563 142 -248 -143 3
! 105409 -21515 0
! -51174 -73352 200
> 5998 9668 -40 149 -75 1
> 5946 7212 125 0 80 4
> 8146 288 147 -588 -13 1
> 6210 8151 23 -350 -125 3
! 60462 -74199 200
! 23311 105693 SHIELD
> 5998 9668 -40 149 -75 1
> 5946 7212 125 0 80 4
> 8146 288 147 -588 -13 1
> 6210 8151 23 -350 -125 3
! 107765 9003 200
! -23027 -87479 200
> 6067 9649 58 -15 -57 1
> 6052 7144 82 -84 80 4
> 8492 -283 294 -484 5 1
> 6364 8291 203 380 -107 3
! 83782 -53283 200
! -7865 106171 0
> 6067 9649 58 -15 -57 1
> 6052 7144 82 -84 80 4
> 8492 -283 294 -484 5 1
> 6364 8291 203 380 -107 3
! 100542 38790 200
! 8109 -91693 0
> 6280 9508 181 -119 -39 1
> 6134 7060 69 -71 98 4
> 8970 -689 406 -344 23 1
> 6567 8671 172 323 -89 3
! 60744 -74359 0
! 23499 105541 0
> 6280 9508 181 -119 -39 1
> 6134 7060 69 -71 98 4
> 8970 -689 406 -344 23 1
> 6567 8671 172 323 -89 3
! 84440 64916 200
! 39123 -85880 0
> 6343 9699 27 229 -57 1
> 6203 6989 58 -60 80 4
> 9527 -902 473 -180 41 1
> 6857 8684 272 -55 -71 3
! 32225 -86894 200
! 53150 95284 200
> 6343 9699 27 229 -57 1
> 6203 6989 58 -60 80 4
> 9527 -902 473 -180 41 1
> 6857 8684 272 -55 -71 3
! 61030 84814 200
! 67038 -71179 200
> 6422 9735 66 30 -75 1
> 6261 6929 49 -51 62 4
> 10103 -911 489 -7 59 1
> 7249 8469 333 -182 -53 3
! 60886 -74132 200
! 53208 95224 200
> 6422 9735 66 30 -75 1
> 6261 6929 49 -51 62 4
> 10103 -911 489 -7 59 1
> 7249 8469 333 -182 -53 3
! 32598 96526 200
! 67430 -71394 0
> 6597 9597 148 -117 -57 1
> 6404 7055 121 106 62 4
> 10637 -723 453 159 77 1
> 7582 8287 283 -154 -53 3
! 32479 -86996 200
! 78338 76521 200
> 6597 9597 148 -117 -57 1
> 6404 7055 121 106 62 4
> 10637 -723 453 159 77 1
> 7582 8287 283 -154 -53 3
! 1921 98896 200
! 67763 -71576 200
> 6797 9287 169 -263 -75 1
> 6669 7300 225 208 44 0
> 11073 -365 370 304 95 1
> 7985 7973 342 -266 -53 3
! 61261 -74580 200
! 96548 51137 0
> 6797 9287 169 -263 -75 1
> 6669 7300 225 208 44 0
> 11073 -365 370 304 95 1
> 7985 7973 342 -266 -53 3
! 2357 99254 200
! 40541 -86578 0
> 7075 8856 236 -366 -57 1
> 6894 7508 191 176 26 0
> 11426 138 299 427 95 1
> 8327 7707 290 -226 -71 3
! 84790 -54076 200
! 105921 21425 200
> 7075 8856 236 -366 -57 1
> 6894 7508 191 176 26 0
> 11426 138 299 427 95 1
> 8327 7707 290 -226 -71 3
! 2710 99757 200
! 10072 -92277 200
> 7495 8484 464 141 -39 1
> 7255 7592 199 -386 8 0
> 11708 764 239 532 95 1
> 8620 7281 249 -362 -89 3
! 85210 -54448 200
! 105736 -9773 0
> 7495 8484 464 141 -39 1
> 7255 7592 199 -386 8 0
> 11708 764 239 532 95 1
> 8620 7281 249 -362 -89 3
! 2992 100383 200
! -20617 -88349 200
> 8114 8499 526 12 -39 1
> 7454 7206 169 -328 -10 0
> 11930 1495 188 621 95 1
> 8811 6728 161 -470 -107 3
! 85829 -54433 200
! 95749 -39741 0
> 8114 8499 526 12 -39 1
> 7454 7206 169 -328 -10 0
> 11930 1495 188 621 95 1
> 8811 6728 161 -470 -107 3
! 3214 101114 200
! -48546 -75187 200
> 8795 8385 579 -96 -39 1
> 7623 6878 143 -278 -28 0
> 12101 2315 144 697 95 1
> 8857 6094 39 -538 -125 3
! 63259 -75482 200
! 77089 -65056 0
> 8795 8385 579 -96 -39 1
> 7623 6878 143 -278 -28 0
> 12101 2315 144 697 95 1
> 8857 6094 39 -538 -125 3
! 34596 99752 200
! -71006 -54087 0
> 9483 8121 584 -224 -57 1
> 7766 6600 121 -236 -46 0
> 12290 3207 160 758 77 1
> 8896 5556 33 -457 -143 3
! 87198 -54811 200
! 51603 -83279 200
> 9483 8121 584 -224 -57 1
> 7766 6600 121 -236 -46 0
> 12290 3207 160 758 77 1
> 8896 5556 33 -457 -143 3
! 34785 100644 200
! -85655 -27000 0
> 10222 7771 628 -297 -39 1
> 7975 6184 177 -353 -64 0
> 12495 4160 174 809 77 1
> 8929 5099 28 -388 -161 3
! 103580 -28066 200
! 21892 -92843 200
> 10222 7771 628 -297 -39 1
> 7975 6184 177 -353 -64 0
> 12495 4160 174 809 77 1
> 8929 5099 28 -388 -161 3
! 34990 101597 200
! -91055 3353 0
> 11037 7402 692 -313 -21 1
> 8180 5633 174 -468 -82 0
> 12714 5164 186 853 77 1
> 8957 4711 23 -329 -179 3
! 104395 -28435 200
! -9185 -92848 200
> 11037 7402 692 -313 -21 1
> 8180 5633 174 -468 -82 0
> 12714 5164 186 853 77 1
> 8957 4711 23 -329 -179 3
! 35209 102601 200
! -86673 33948 200
> 11916 7017 746 -326 -21 1
> 8257 5039 -161 -246 -100 0
> 12945 6212 196 890 77 1
> 8851 4370 136 -549 -197 3
! 111779 1783 200
! -9108 -93442 200
> 11916 7017 746 -326 -21 1
> 8257 5039 -161 -246 -100 0
> 12945 6212 196 890 77 1
> 8851 4370 136 -549 -197 3
! 4229 105831 200
! -86779 33607 200
> 12137 6955 -167 81 -3 2
> 8061 4596 -166 -376 -100 0
> 13848 7027 1123 558 95 2
> 8796 3879 -46 -416 163 3
! 108730 32837 0
! -9304 -93885 200
> 12137 6955 -167 81 -3 2
> 8061 4596 -166 -376 -100 0
> 13848 7027 1123 558 95 2
> 8796 3879 -46 -416 163 3
! -25225 99077 200
! -86834 33116 200
> 11970 7036 -141 68 15 2
> 7860 4023 -170 -487 -100 0
> 14893 7769 888 630 113 2
> 8559 3521 -201 -303 163 3
! 95837 61500 200
! 21777 -95004 200
> 11970 7036 -141 68 15 2
> 7860 4023 -170 -487 -100 0
> 14893 7769 888 630 113 2
> 8559 3521 -201 -303 163 3
! -50712 83239 200
! -87071 32758 200
> 11997 7213 22 150 33 2
> 7391 3555 -440 -369 -82 0
> 15650 8550 643 663 131 2
> 8493 3059 -13 -421 163 3
! 74929 84928 0
! 51228 -86324 200
> 11997 7213 22 150 33 2
> 7391 3555 -440 -369 -82 0
> 15650 8550 643 663 131 2
> 8493 3059 -13 -421 163 3
! -70066 60053 200
! -91491 1313 200
> 12019 7363 18 127 51 2
> 7039 3006 -299 -466 -64 0
> 16122 9316 400 651 149 2
> 8280 2635 -181 -360 181 3
! 47856 100721 200
! 76505 -68928 200
> 12019 7363 18 127 51 2
> 7039 3006 -299 -466 -64 0
> 16122 9316 400 651 149 2
> 8280 2635 -181 -360 181 3
! -81314 31811 200
! -86271 -29921 200
> 12109 7677 76 266 69 2
> 6879 2396 -136 -518 -46 0
> 16327 10012 174 591 167 2
> 7910 2210 -314 -361 -161 3
! 17343 107540 0
! 76345 -69538 SHIELD
> 12109 7677 76 266 69 2
> 6879 2396 -136 -518 -46 0
> 16327 10012 174 591 167 2
> 7910 2210 -314 -361 -161 3
! -83292 1296 200
! -71953 -57971 0
> 12185 7943 64 226 87 2
> 6743 1878 -115 -440 -46 0
> 16302 10586 -21 487 185 2
> 7596 1849 -266 -306 -143 3
! 17419 107806 0
! 95038 -45069 SHIELD
> 12185 7943 64 226 87 2
> 6743 1878 -115 -440 -46 0
> 16302 10586 -21 487 185 2
> 7596 1849 -266 -306 -143 3
! -75748 -28487 200
! -72267 -58332 0
> 12249 8169 54 192 87 2
> 6611 1438 -120 -374 -28 0
> 16097 10995 -174 347 203 2
> 7504 1547 2 -254 -143 3
! 17483 108032 0
! 105092 -15927 200
> 12249 8169 54 192 87 2
> 6611 1438 -120 -374 -28 0
> 16097 10995 -174 347 203 2
> 7504 1547 2 -254 -143 3
! -59374 -54610 200
! -87047 -31009 0
> 12303 8361 45 163 87 2
> 6491 1064 -102 -317 -10 0
> 15772 11211 -276 183 -139 2
> 7506 1293 1 -215 -161 3
! 17537 108224 0
! 105518 14981 200
> 12303 8361 45 163 87 2
> 6491 1064 -102 -317 -10 0
> 15772 11211 -276 183 -139 2
> 7506 1293 1 -215 -161 3
! -35731 -74505 200
! -72357 -58888 0
> 12348 8524 38 138 87 2
> 6389 747 -86 -269 8 0
> 15393 11223 -322 9 -121 2
> 7507 1078 0 -182 -143 3
! 48185 101882 0
! 96268 44584 200
> 12348 8524 38 138 87 2
> 6389 747 -86 -269 8 0
> 15393 11223 -322 9 -121 2
> 7507 1078 0 -182 -143 3
! -7102 -86213 200
! -87044 -31478 200
> 12386 8662 32 117 69 2
> 6303 478 -73 -228 26 0
> 15026 11037 -311 -157 -103 2
> 7318 831 -160 -210 -161 3
! 75318 86377 0
! 78237 69944 200
> 12386 8662 32 117 69 2
> 6303 478 -73 -228 26 0
> 15026 11037 -311 -157 -103 2
> 7318 831 -160 -210 -161 3
! 23741 -88582 200
! -87233 -31725 200
> 12418 8779 27 99 51 2
> 6200 334 -309 -192 44 0
> 14732 10681 -249 -302 -85 2
> 7143 611 73 -116 -161 3
! 96285 63243 200
! 53147 88629 200
> 12418 8779 27 99 51 2
> 6200 334 -309 -192 44 0
> 14732 10681 -249 -302 -85 2
> 7143 611 73 -116 -161 3
! 23447 -88938 200
! -92841 -1134 200
> 12613 8987 165 176 33 2
> 5985 319 -182 -13 62 0
> 14500 10180 -196 -426 -85 2
> 7016 492 -107 -101 -179 3
! 109206 34869 200
! 77919 69785 200
> 12613 8987 165 176 33 2
> 5985 319 -182 -13 62 0
> 14500 10180 -196 -426 -85 2
> 7016 492 -107 -101 -179 3
! -7995 -87256 200
! -88614 29729 200
> 12971 9215 304 193 15 2
> 5918 444 -257 100 44 0
> 14259 9559 -204 -527 -103 2
> 6747 450 -28 -29 163 3
! 112834 3981 200
! 95797 44281 200
> 12971 9215 304 193 15 2
> 5918 444 -257 100 44 0
> 14259 9559 -204 -527 -103 2
> 6747 450 -28 -29 163 3
! -37244 -76157 200
! -75168 57807 200
> 13289 9451 -11 280 -3 2
> 5710 635 -215 163 26 0
> 14138 8807 178 -719 -121 2
> 6686 532 -13 69 145 3
! 106647 -26386 0
! 104737 14552 200
> 13289 9451 -11 280 -3 2
> 5710 635 -215 163 26 0
> 14138 8807 178 -719 -121 2
> 6686 532 -13 69 145 3
! -61333 -56798 200
! -53495 80395 0
> 13278 9731 -9 238 -21 2
> 5693 826 -14 162 8 0
> 14165 7957 22 -722 -139 2
> 6673 601 -11 58 127 3
! 90993 -53201 0
! 104720 14743 200
> 13278 9731 -9 238 -21 2
> 5693 826 -14 162 8 0
> 14165 7957 22 -722 -139 2
> 6673 601 -11 58 127 3
! -77885 -31116 200
! -75242 57958 200
> 13269 9969 -7 202 -39 2
> 5748 1056 -118 245 8 0
> 14003 7157 -137 -680 -157 2
> 6627 734 125 62 145 3
! 67733 -73898 0
! 104229 -16309 200
> 13269 9969 -7 202 -39 2
> 5748 1056 -118 245 8 0
> 14003 7157 -137 -680 -157 2
> 6627 734 125 62 145 3
! -85616 -1558 200
! -75288 58091 200
> 13262 10171 -5 171 -57 2
> 5827 1266 67 178 -10 0
> 13667 6460 -285 -592 -175 2
> 6588 911 -33 150 145 3
! 39144 -86422 200
! 104308 -16099 200
> 13262 10171 -5 171 -57 2
> 5827 1266 67 178 -10 0
> 13667 6460 -285 -592 -175 2
> 6588 911 -33 150 145 3
! -83769 28955 200
! -75327 58268 200
> 13309 10149 39 -18 -75 2
> 5704 1594 -134 293 -10 0
> 13187 5913 -407 -464 -193 2
> 6778 991 191 53 145 3
! 8075 -89714 0
! 93999 -45353 200
> 13309 10149 39 -18 -75 2
> 5704 1594 -134 293 -10 0
> 13187 5913 -407 -464 -193 2
> 6778 991 191 53 145 3
! -84249 28408 200
! -53403 80854 0
> 13348 10131 33 -15 -93 2
> 5747 1793 36 169 -28 0
> 12585 5494 -511 -356 167 2
> 6969 1044 162 45 127 3
! -22489 -83227 200
! 75213 -70141 200
> 13348 10131 33 -15 -93 2
> 5747 1793 36 169 -28 0
> 12585 5494 -511 -356 167 2
> 6969 1044 162 45 127 3
! -84851 27989 200
! -74946 58401 200
> 13309 9929 -32 -171 -111 2
> 5922 1818 148 21 -46 0
> 11879 5183 -599 -264 167 2
> 6967 1204 -1 135 145 3
! -49623 -67786 200
! 94217 -45129 200
> 13309 9929 -32 -171 -111 2
> 5922 1818 148 21 -46 0
> 11879 5183 -599 -264 167 2
> 6967 1204 -1 135 145 3
! -85557 27678 200
! -88663 30441 200
> 13151 9603 -134 -277 -129 2
> 6104 1834 -141 199 -28 0
> 11085 4964 -674 -186 167 2
> 6917 1308 253 -97 163 3
! -70716 -44861 200
! 94399 -45113 200
> 13151 9603 -134 -277 -129 2
> 6104 1834 -141 199 -28 0
> 11085 4964 -674 -186 167 2
> 6917 1308 253 -97 163 3
! -86351 27459 200
! -74998 58665 200
> 12849 9217 -256 -328 -147 2
> 6140 1939 30 89 -28 0
> 10216 4823 -738 -119 167 2
> 7006 1326 75 15 145 3
! -71018 -45247 200
! 94435 -45008 200
> 12849 9217 -256 -328 -147 2
> 6140 1939 30 89 -28 0
> 10216 4823 -738 -119 167 2
> 7006 1326 75 15 145 3
! -87220 27318 200
! -74909 58683 200
> 12425 8780 -360 -371 -147 2
> 6303 1969 -32 163 -28 0
> 9283 4749 -792 -62 167 2
> 6960 1421 132 -57 145 3
! -71442 -45684 200
! 94598 -44978 200
> 12425 8780 -360 -371 -147 2
> 6303 1969 -32 163 -28 0
> 9283 4749 -792 -62 167 2
> 6960 1421 132 -57 145 3
! -88153 27244 200
! -53221 81284 200
> 11897 8300 -448 -407 -147 2
> 6374 2104 8 161 -28 0
> 8296 4732 -838 -14 167 2
> 7045 1458 124 -15 127 3
! -84696 -17582 200
! 75840 -69830 200
> 11897 8300 -448 -407 -147 2
> 6374 2104 8 161 -28 0
> 8296 4732 -838 -14 167 2
> 7045 1458 124 -15 127 3
! -89140 27227 200
! -53136 81321 200
> 11256 7841 -545 -389 -165 2
> 6472 2169 -6 142 -46 0
> 7263 4763 -877 26 167 2
> 7097 1555 134 -5 127 3
! -72611 -46623 200
! 75938 -69765 200
> 11256 7841 -545 -389 -165 2
> 6472 2169 -6 142 -46 0
> 7263 4763 -877 26 167 2
> 7097 1555 134 -5 127 3
! -90173 27258 200
! -53084 81418 200
> 10543 7343 -605 -423 -147 2
> 6509 2259 -20 125 -46 0
> 6191 4834 -911 60 167 2
> 7206 1618 145 3 127 3
! -52389 -70372 0
! 50346 -87620 200
> 10543 7343 -605 -423 -147 2
> 6509 2259 -20 125 -46 0
> 6191 4834 -911 60 167 2
> 7206 1618 145 3 127 3
! -79525 56337 0
! -74709 58975 200
> 9938 6920 -514 -359 -129 2
> 6548 2227 -80 63 -64 0
> 5280 4894 -774 51 149 2
> 7216 1713 121 -9 145 3
! -73929 -47544 0
! 76014 -69707 200
> 9938 6920 -514 -359 -129 2
> 6548 2227 -80 63 -64 0
> 5280 4894 -774 51 149 2
> 7216 1713 121 -9 145 3
! -60325 80365 0
! -74699 59070 200
> 9424 6561 -436 -305 -147 2
> 6471 2246 -98 39 -46 0
> 4506 4945 -657 43 131 3
> 7309 1719 111 -18 145 3
! -87169 -19321 0
! 94766 -44701 200
> 9424 6561 -436 -305 -147 2
> 6471 2246 -98 39 -46 0
> 4506 4945 -657 43 131 3
> 7309 1719 111 -18 145 3
! -34567 96995 0
! -88321 30956 200
> 8988 6256 -370 -259 -165 2
> 6550 2191 66 -46 -28 0
> 3849 4988 -558 36 113 3
> 7229 1759 -68 34 163 3
! -90875 11490 0
! 76016 -69743 200
> 8988 6256 -370 -259 -165 2
> 6550 2191 66 -46 -28 0
> 3849 4988 -558 36 113 3
> 7229 1759 -68 34 163 3
! -4866 104607 0
! -74686 59116 200
> 8618 5997 -314 -220 -183 2
> 6295 2294 -220 89 -46 0
> 3291 5024 -474 30 95 3
> 7458 1615 197 -124 145 3
! -84740 41834 0
! 94590 -44653 200
> 8618 5997 -314 -220 -183 2
> 6295 2294 -220 89 -46 0
> 3291 5024 -474 30 95 3
> 7458 1615 197 -124 145 3
! 25786 102461 0
! -88172 30852 200
> 8304 5777 -266 -187 -201 2
> 6252 2289 -36 -4 -28 0
> 2817 5054 -402 25 77 3
> 7464 1549 4 -55 163 3
! -85054 41614 0
! 75718 -69645 200
> 8304 5777 -266 -187 -201 2
> 6252 2289 -36 -4 -28 0
> 2817 5054 -402 25 77 3
> 7464 1549 4 -55 163 3
! 54320 90770 0
! -74451 58906 200
> 8038 5590 -226 -158 159 2
> 6355 2141 87 -125 -46 0
> 2415 5079 -341 21 59 3
> 7304 1609 -135 50 145 3
! -85320 41427 0
! 94650 -44806 200
> 8038 5590 -226 -158 159 2
> 6355 2141 87 -125 -46 0
> 2415 5079 -341 21 59 3
> 7304 1609 -135 50 145 3
! 77885 70684 200
! -88326 30846 200
> 7812 5432 -192 -134 159 2
> 6282 2112 -275 95 -28 0
> 2225 5231 -161 129 41 3
> 7315 1528 222 -188 163 3
! -69903 68364 0
! 94577 -44835 200
> 7812 5432 -192 -134 159 2
> 6282 2112 -275 95 -28 0
> 2225 5231 -161 129 41 3
> 7315 1528 222 -188 163 3
! 94275 44304 200
! -74600 58885 200
> 7620 5298 -163 -113 141 2
> 6184 2113 -83 0 -28 0
> 2248 5438 19 176 23 3
> 7373 1455 49 -62 145 3
! -70095 68230 0
! 104665 -15252 200
> 7620 5298 -163 -113 141 2
> 6184 2113 -83 0 -28 0
> 2248 5438 19 176 23 3
> 7373 1455 49 -62 145 3
! 94298 44511 200
! -74542 58812 200
> 7457 5185 -138 -96 141 2
> 6298 2078 96 -29 -10 0
> 2451 5692 172 216 23 3
> 7258 1508 -97 44 145 3
! -70258 68117 200
! 94593 -44869 200
> 7457 5185 -138 -96 141 2
> 6298 2078 96 -29 -10 0
> 2451 5692 172 216 23 3
> 7258 1508 -97 44 145 3
! 102070 14407 200
! -74657 58865 200
> 7164 5215 -249 25 141 2
> 6328 2106 -202 165 -28 0
> 2822 5925 315 198 5 3
> 7240 1516 212 -134 145 3
! -70551 68147 200
! 75794 -69828 200
> 7164 5215 -249 25 141 2
> 6328 2106 -202 165 -28 0
> 2822 5925 315 198 5 3
> 7240 1516 212 -134 145 3
! 94872 44998 0
! -74675 58873 200
> 6760 5366 -343 128 141 2
> 6265 2127 -53 17 -46 0
> 3137 6123 267 168 23 3
> 7288 1497 40 -16 145 3
! -70955 68298 200
! 75731 -69807 200
> 6760 5366 -343 128 141 2
> 6265 2127 -53 17 -46 0
> 3137 6123 267 168 23 3
> 7288 1497 40 -16 145 3
! 78607 71728 200
! -88342 30734 200
> 6262 5620 -423 215 141 2
> 6351 2000 73 -107 -46 0
> 3555 6422 355 254 41 3
> 7137 1539 -128 36 163 3
! -48202 89487 200
! 94646 -44947 200
> 6262 5620 -423 215 141 2
> 6351 2000 73 -107 -46 0
> 3555 6422 355 254 41 3
> 7137 1539 -128 36 163 3
! 55058 92138 200
! -74778 58896 200
> 5730 6003 -452 325 123 2
> 6139 2066 -262 103 -28 0
> 4013 6847 389 361 59 3
> 7307 1423 226 -146 145 3
! -20152 102596 200
! 94434 -44881 200
> 5730 6003 -452 325 123 2
> 6139 2066 -262 103 -28 0
> 4013 6847 389 361 59 3
> 7307 1423 226 -146 145 3
! 55516 92563 200
! -74608 58780 200
> 5226 6521 -428 440 105 2
> 6054 2075 -72 7 -28 0
> 4505 7379 418 452 59 3
> 7369 1392 52 -26 145 3
! 10460 106384 200
! 75520 -69859 200
> 5226 6521 -428 440 105 2
> 6054 2075 -72 7 -28 0
> 4505 7379 418 452 59 3
> 7369 1392 52 -26 145 3
! 79975 72984 200
! -88261 30629 200
> 4808 7161 -354 543 87 2
> 6121 1938 56 -116 -46 0
> 5074 7962 483 495 41 3
> 7230 1424 -118 27 163 3
! 40645 100519 0
! 94416 -45009 200
> 4808 7161 -354 543 87 2
> 6121 1938 56 -116 -46 0
> 5074 7962 483 495 41 3
> 7230 1424 -118 27 163 3
! 97124 47035 200
! -88400 30661 200
> 4454 7704 -300 461 69 2
> 6176 1803 -283 24 -28 0
> 5741 8535 567 487 23 3
> 7098 1435 217 -130 163 3
! 67386 85419 0
! 104657 -15562 200
> 4454 7704 -300 461 69 2
> 6176 1803 -283 24 -28 0
> 5741 8535 567 487 23 3
> 7098 1435 217 -130 163 3
! 105360 17250 200
! -88532 30672 200
> 4154 8165 -255 391 51 2
> 6090 1792 -73 -9 -10 0
> 6507 9039 651 428 5 3
> 7124 1363 21 -60 163 3
! 88021 62629 200
! 104571 -15573 200
> 4154 8165 -255 391 51 2
> 6090 1792 -73 -9 -10 0
> 6507 9039 651 428 5 3
> 7124 1363 21 -60 163 3
! 103944 -13456 200
! -74791 58720 200
> 4067 8665 -74 424 33 2
> 6214 1748 105 -37 -10 0
> 7353 9422 718 325 -13 3
> 6981 1418 -121 46 145 3
! 100660 34547 200
! 94509 -45199 200
> 4067 8665 -74 424 33 2
> 6214 1748 105 -37 -10 0
> 7353 9422 718 325 -13 3
> 6981 1418 -121 46 145 3
! 93069 -42081 200
! -74934 58775 200
> 4186 9141 101 404 15 2
> 5943 1853 -257 100 -28 0
> 8242 9644 756 188 -31 3
> 7248 1343 254 -75 145 3
! 104049 3907 200
! 94238 -45094 200
> 4186 9141 101 404 15 2
> 5943 1853 -257 100 -28 0
> 8242 9644 756 188 -31 3
> 7248 1343 254 -75 145 3
! 73847 -65827 200
! -88382 30580 200
> 4487 9535 255 334 -3 2
> 5863 1859 -68 5 -28 0
> 9129 9681 754 31 -49 3
> 7311 1326 53 -14 163 3
! 97845 -26302 200
! 104344 -15506 200
> 4487 9535 255 334 -3 2
> 5863 1859 -68 5 -28 0
> 9129 9681 754 31 -49 3
> 7311 1326 53 -14 163 3
! 74734 -65790 200
! -88319 30563 200
> 4929 9797 375 222 -21 2
> 5992 1829 109 -25 -10 0
> 10014 9561 752 -101 -49 3
> 7173 1370 -117 37 163 3
! 82644 -53135 200
! 104473 -15536 200
> 4929 9797 375 222 -21 2
> 5992 1829 109 -25 -10 0
> 10014 9561 752 -101 -49 3
> 7173 1370 -117 37 163 3
! 49087 -82489 200
! -74742 58727 200
> 5459 9893 450 81 -39 2
> 6153 1828 -230 148 -10 0
> 10844 9276 705 -242 -67 3
> 7037 1463 252 -70 145 3
! 83174 -53039 200
! 104634 -15537 200
> 5459 9893 450 81 -39 2
> 6153 1828 -230 148 -10 0
> 10844 9276 705 -242 -67 3
> 7037 1463 252 -70 145 3
! 19559 -90343 200
! -74878 58820 200
> 6064 9848 514 -38 -39 2
> 6120 1941 -28 96 -10 0
> 11566 8835 614 -375 -85 3
> 7125 1508 74 38 145 3
! 60528 -74019 200
! 94415 -45006 200
> 6064 9848 514 -38 -39 2
> 6120 1941 -28 96 -10 0
> 11566 8835 614 -375 -85 3
> 7125 1508 74 38 145 3
! -10929 -88601 200
! -88505 30745 200
> 6687 9642 529 -174 -57 2
> 6269 1943 126 1 -28 0
> 12135 8265 483 -484 -103 3
> 7008 1604 -99 82 163 3
! 32569 -86951 200
! 94564 -45004 200
> 6687 9642 529 -174 -57 2
> 6269 1943 126 1 -28 0
> 12135 8265 483 -484 -103 3
> 7008 1604 -99 82 163 3
! -10360 -89171 200
! -88622 30841 200
> 7268 9275 493 -312 -75 2
> 6005 2110 -234 146 -28 0
> 12573 7586 372 -577 -103 3
> 7284 1484 244 -106 163 3
! 33150 -87318 200
! 94300 -44837 200
> 7268 9275 493 -312 -75 2
> 6005 2110 -234 146 -28 0
> 12573 7586 372 -577 -103 3
> 7284 1484 244 -106 163 3
! -38930 -78130 200
! -74631 58841 200
> 7813 8770 463 -429 -75 2
> 5948 2162 -48 44 -28 0
> 12842 6838 228 -636 -121 3
> 7364 1493 68 7 145 3
! 2579 -91093 200
! 75414 -69772 200
> 7813 8770 463 -429 -75 2
> 5948 2162 -48 44 -28 0
> 12842 6838 228 -636 -121 3
> 7364 1493 68 7 145 3
! -9653 -90598 200
! -88266 30730 200
> 8266 8141 384 -534 -93 2
> 6039 2062 77 -84 -46 0
> 13025 6007 155 -706 -103 3
> 7241 1558 -104 55 163 3
! 34148 -88452 200
! 94334 -44885 200
> 8266 8141 384 -534 -93 2
> 6039 2062 77 -84 -46 0
> 13025 6007 155 -706 -103 3
> 7241 1558 -104 55 163 3
! -38478 -79709 200
! -88389 30795 200
> 8702 7414 370 -618 -75 2
> 6186 1922 -277 22 -28 0
> 13077 5130 44 -745 -121 3
> 7053 1634 241 -77 163 3
! 34584 -89179 0
! 104667 -15443 200
> 8702 7414 370 -618 -75 2
> 6186 1922 -277 22 -28 0
> 13077 5130 44 -745 -121 3
> 7053 1634 241 -77 163 3
! -9418 -92306 200
! -92931 -111 200
> 9072 6796 314 -525 -75 2
> 6106 1909 -68 -10 -10 0
> 13076 4190 0 -798 -103 3
> 7094 1554 34 -68 -179 3
! 3838 -93067 200
! 104587 -15456 200
> 9072 6796 314 -525 -75 2
> 6106 1909 -68 -10 -10 0
> 13076 4190 0 -798 -103 3
> 7094 1554 34 -68 -179 3
! -38427 -81526 200
! -88536 30791 200
> 9376 6071 258 -616 -93 2
> 6209 1876 -104 56 -10 0
> 12973 3221 -87 -824 -121 3
> 6963 1533 80 -102 163 3
! -26461 -87287 0
! 94504 -45071 200
> 9376 6071 258 -616 -93 2
> 6209 1876 -104 56 -10 0
> 12973 3221 -87 -824 -121 3
> 6963 1533 80 -102 163 3
! -62498 -62384 0
! -74952 58890 200
> 9634 5455 219 -523 -111 2
> 6130 1908 -94 39 -28 0
> 12886 2397 -73 -700 -139 4
> 7031 1476 84 -60 145 3
! -53298 -72260 200
! 94425 -45039 200
> 9634 5455 219 -523 -111 2
> 6130 1908 -94 39 -28 0
> 12886 2397 -73 -700 -139 4
> 7031 1476 84 -60 145 3
! -79164 -36676 200
! -74884 58833 200
> 9727 4777 79 -576 -129 2
> 6213 1853 70 -46 -28 0
> 12629 1619 -218 -661 -157 4
> 6951 1531 -67 46 145 3
! -53205 -72938 0
! 104694 -15512 200
> 9727 4777 79 -576 -129 2
> 6213 1853 70 -46 -28 0
> 12629 1619 -218 -661 -157 4
> 6951 1531 -67 46 145 3
! -86990 -7096 0
! -88679 30768 200
> 9806 4201 67 -489 -129 2
> 5976 1993 -205 120 -10 0
> 12411 958 -185 -561 -175 4
> 7197 1415 213 -100 163 3
! -26031 -89157 0
! 94271 -44954 200
> 9806 4201 67 -489 -129 2
> 5976 1993 -205 120 -10 0
> 12411 958 -185 -561 -175 4
> 7197 1415 213 -100 163 3
! -85025 23453 200
! -74718 58772 200
> 9873 3712 56 -415 -111 2
> 5948 2019 -24 22 -28 0
> 12031 442 -322 -438 -193 4
> 7246 1430 41 12 145 3
! -53059 -74003 200
! 104429 -15346 200
> 9873 3712 56 -415 -111 2
> 5948 2019 -24 22 -28 0
> 12031 442 -322 -438 -193 4
> 7246 1430 41 12 145 3
! -73685 51945 200
! -88384 30667 200
> 9803 3142 -59 -484 -129 2
> 6121 2006 147 -10 -10 0
> 11538 107 -419 -284 149 4
> 7096 1500 -127 59 163 3
! -26034 -90216 0
! 94416 -44941 200
> 9803 3142 -59 -484 -129 2
> 6121 2006 147 -10 -10 0
> 11538 107 -419 -284 149 4
> 7096 1500 -127 59 163 3
! -54067 75578 0
! -74819 58857 200
> 9744 2658 -50 -411 -111 2
> 6116 2081 -226 185 -28 0
> 11119 -177 -356 -241 131 4
> 7134 1495 254 -125 145 3
! -26093 -90700 200
! 94411 -44866 200
> 9744 2658 -50 -411 -111 2
> 6116 2081 -226 185 -28 0
> 11119 -177 -356 -241 131 4
> 7134 1495 254 -125 145 3
! -27954 91873 0
! -74781 58852 200
> 9622 2060 -103 -508 -111 2
> 6067 2172 -41 77 -28 0
> 10763 -418 -302 -204 113 4
> 7224 1485 76 -8 145 3
! -53310 -75655 0
! 94362 -44775 200
> 9622 2060 -103 -508 -111 2
> 6067 2172 -41 77 -28 0
> 10763 -418 -302 -204 113 4
> 7224 1485 76 -8 145 3
! 2047 99201 200
! -74691 58842 200
> 9519 1552 -87 -431 -129 2
> 6203 2155 115 -14 -28 0
> 10444 -423 -271 -4 95 4
> 7136 1592 -74 90 145 3
! -74348 -52912 200
! 94498 -44792 200
> 9519 1552 -87 -431 -129 2
> 6203 2155 115 -14 -28 0
> 10444 -423 -271 -4 95 4
> 7136 1592 -74 90 145 3
! 32939 97014 200
! -74779 58949 200
> 9264 1012 -216 -458 -147 2
> 6217 2216 -198 179 -28 0
> 10218 -232 -192 162 77 4
> 7176 1628 244 -97 145 3
! -87329 -24870 0
! 75683 -69718 200
> 9264 1012 -216 -458 -147 2
> 6217 2216 -198 179 -28 0
> 10218 -232 -192 162 77 4
> 7176 1628 244 -97 145 3
! 1502 99387 200
! -74739 58985 200
> 9048 554 -183 -389 -165 2
> 6158 2251 -50 29 -46 0
> 10009 129 -178 307 95 4
> 7256 1646 68 15 145 3
! -90815 5788 200
! 94453 -44696 200
> 9048 554 -183 -389 -165 2
> 6158 2251 -50 29 -46 0
> 10009 129 -178 307 95 4
> 7256 1646 68 15 145 3
! 1293 99748 200
! -88374 30883 200
> 8665 175 -325 -321 -183 2
> 6285 2186 107 -55 -28 0
> 9814 635 -166 430 95 4
> 7133 1719 -104 62 163 3
! -84693 36012 0
! 94580 -44761 200
> 8665 175 -325 -321 -183 2
> 6285 2186 107 -55 -28 0
> 9814 635 -166 430 95 4
> 7133 1719 -104 62 163 3
! 1098 100254 200
! -88497 30956 200
> 8340 -146 -276 -272 -201 2
> 6162 2269 -228 141 -28 0
> 9631 1264 -155 534 95 4
> 7245 1608 219 -165 163 3
! -69375 62786 0
! 94457 -44678 200
> 8340 -146 -276 -272 -201 2
> 6162 2269 -228 141 -28 0
> 9631 1264 -155 534 95 4
> 7245 1608 219 -165 163 3
! -29442 93314 200
! -74670 58965 200
> 8064 -418 -234 -231 141 2
> 6111 2316 -43 40 -28 0
> 9398 1982 -198 610 113 4
> 7300 1558 46 -42 145 3
! -46400 83449 200
! 94406 -44631 200
> 8064 -418 -234 -231 141 2
> 6111 2316 -43 40 -28 0
> 9398 1982 -198 610 113 4
> 7300 1558 46 -42 145 3
! -29675 94032 200
! -74615 58915 200
> 7721 -481 -291 -53 123 2
> 6245 2262 113 -45 -28 0
> 9122 2776 -234 674 113 4
> 7182 1631 -100 61 145 3
! -18161 96112 200
! 75711 -69672 200
> 7721 -481 -291 -53 123 2
> 6245 2262 113 -45 -28 0
> 9122 2776 -234 674 113 4
> 7182 1631 -100 61 145 3
! -29951 94826 200
! -74733 58988 200
> 7378 -341 -291 119 105 2
> 6245 2239 -233 135 -46 0
> 8810 3634 -265 729 113 4
> 7170 1641 223 -146 145 3
! -47086 83526 200
! 94540 -44708 200
> 7378 -341 -291 119 105 2
> 6245 2239 -233 135 -46 0
> 8810 3634 -265 729 113 4
> 7170 1641 223 -146 145 3
! -56795 79104 200
! -88460 30878 200
> 6978 -54 -339 243 123 2
> 6189 2280 -47 34 -28 0
> 8414 4514 -336 747 131 4
> 7202 1553 26 -74 163 3
! -18904 96539 0
! 94484 -44667 200
> 6978 -54 -339 243 123 2
> 6189 2280 -47 34 -28 0
> 8414 4514 -336 747 131 4
> 7202 1553 26 -74 163 3
! -77302 56017 200
! -74713 58910 200
> 6639 189 -288 206 105 2
> 6319 2220 110 -50 -28 0
> 7907 5364 -431 722 149 4
> 7064 1594 -117 34 145 3
! 11873 100052 200
! 94614 -44727 200
> 6639 189 -288 206 105 2
> 6319 2220 110 -50 -28 0
> 7907 5364 -431 722 149 4
> 7064 1594 -117 34 145 3
! -89529 27859 0
! -53117 81457 200
> 6361 595 -235 344 87 2
> 6274 2370 -147 225 -28 0
> 7476 6086 -366 613 167 4
> 7158 1493 189 -183 127 3
! 42198 93953 0
! 94569 -44577 200
> 6361 595 -235 344 87 2
> 6274 2370 -147 225 -28 0
> 7476 6086 -366 613 167 4
> 7158 1493 189 -183 127 3
! -89960 28581 200
! -53023 81356 200
> 6126 939 -199 292 69 2
> 6304 2501 25 111 -28 0
> 6915 6744 -476 559 167 4
> 7227 1470 58 -19 127 3
! 69058 78654 200
! 75770 -69433 200
> 6126 939 -199 292 69 2
> 6304 2501 25 111 -28 0
> 6915 6744 -476 559 167 4
> 7227 1470 58 -19 127 3
! -92704 -1971 0
! -52954 81333 200
> 6053 1386 -62 380 51 2
> 6468 2468 139 -27 -46 0
> 6439 7303 -404 475 -175 0
> 7165 1611 -53 119 127 3
! 89920 55850 0
! 50305 -87411 200
> 6053 1386 -62 380 51 2
> 6468 2468 139 -27 -46 0
> 6439 7303 -404 475 -175 0
> 7165 1611 -53 119 127 3
! -85611 -31770 0
! -53016 81474 200
> 5991 1766 -52 323 33 2
> 6491 2513 -143 239 -64 0
> 6035 7778 -343 403 -157 0
> 7196 1638 188 -178 127 3
! 102584 27648 0
! 20408 -96514 200
> 5991 1766 -52 323 33 2
> 6491 2513 -143 239 -64 0
> 6035 7778 -343 403 -157 0
> 7196 1638 188 -178 127 3
! -69436 -57827 200
! -52985 81501 200
> 5840 1955 -177 94 15 2
> 6475 2688 35 215 -82 0
> 5541 8050 -419 231 -139 0
> 7264 1620 57 -15 127 3
! 105703 -3279 0
! 50312 -87191 200
> 5840 1955 -177 94 15 2
> 6475 2688 35 215 -82 0
> 5541 8050 -419 231 -139 0
> 7264 1620 57 -15 127 3
! -45962 -77666 200
! -52917 81483 200
> 5663 2049 -150 79 -3 2
> 6598 2723 104 29 -64 0
> 5019 8110 -443 50 -121 0
> 7201 1765 -53 123 127 3
! 105526 -3185 200
! 76064 -69211 200
> 5663 2049 -150 79 -3 2
> 6598 2723 104 29 -64 0
> 5019 8110 -443 50 -121 0
> 7201 1765 -53 123 127 3
! -17476 -89326 200
! -25355 96316 200
> 5713 2118 42 58 -3 2
> 6736 2799 -18 310 -46 0
> 4531 7965 -414 -123 -103 0
> 7188 1886 124 -142 109 3
! 99071 -33719 200
! 50573 -87080 200
> 5713 2118 42 58 -3 2
> 6736 2799 -18 310 -46 0
> 4531 7965 -414 -123 -103 0
> 7188 1886 124 -142 109 3
! 13246 -91654 200
! -52993 81749 200
> 5942 2104 194 -11 -21 2
> 6806 2929 59 110 -64 0
> 4134 7643 -337 -273 -85 0
> 7192 1904 3 15 127 3
! 99300 -33733 200
! 50643 -86950 200
> 5942 2104 194 -11 -21 2
> 6806 2929 59 110 -64 0
> 4134 7643 -337 -273 -85 0
> 7192 1904 3 15 127 3
! 43207 -84407 200
! -52989 81767 200
> 6276 2019 -90 -87 -21 2
> 6952 2863 85 129 -64 0
> 3875 7186 -220 -388 -67 0
> 7122 2077 353 -22 127 3
! 106139 -3215 0
! 20869 -96164 200
> 6276 2019 -90 -87 -21 2
> 6952 2863 85 129 -64 0
> 3875 7186 -220 -388 -67 0
> 7122 2077 353 -22 127 3
! 69480 -68285 200
! -74793 59434 200
> 6186 1932 -76 -73 -3 2
> 7025 2975 60 99 -82 0
> 3786 6647 -75 -458 -49 0
> 7351 1989 195 -79 145 3
! 106049 -3302 200
! 20942 -96052 200
> 6186 1932 -76 -73 -3 2
> 7025 2975 60 99 -82 0
> 3786 6647 -75 -458 -49 0
> 7351 1989 195 -79 145 3
! 89502 -44856 200
! -74564 59346 200
> 6310 1849 105 -70 -3 2
> 7113 2876 74 -84 -82 0
> 3882 6086 81 -476 -31 0
> 7382 2025 26 30 145 3
! 102903 27731 200
! 21030 -96151 200
> 6310 1849 105 -70 -3 2
> 7113 2876 74 -84 -82 0
> 3882 6086 81 -476 -31 0
> 7382 2025 26 30 145 3
! 101318 -16409 0
! -74533 59382 200
> 6550 1829 -11 -23 15 2
> 7108 2963 -26 149 -82 0
> 3963 5610 68 -404 -13 0
> 7409 1802 260 -257 145 3
! 106413 -3405 200
! 50945 -86916 200
> 6550 1829 -11 -23 15 2
> 7108 2963 -26 149 -82 0
> 3963 5610 68 -404 -13 0
> 7409 1802 260 -257 145 3
! 101399 -16885 0
! -74506 59159 200
> 6693 1802 26 -10 -3 2
> 7170 2932 52 -26 -64 0
> 4031 5206 57 -343 -13 0
> 7551 1654 215 -138 145 3
! 100051 -34035 200
! 21087 -96095 200
> 6693 1802 26 -10 -3 2
> 7170 2932 52 -26 -64 0
> 4031 5206 57 -343 -13 0
> 7551 1654 215 -138 145 3
! 89747 -46297 200
! -52630 81517 200
> 6821 1730 24 -51 -21 2
> 7250 2708 67 -190 -82 0
> 4259 4760 194 -379 -31 0
> 7731 1666 236 0 127 3
! 84536 -61202 0
! 21167 -96319 200
> 6821 1730 24 -51 -21 2
> 7250 2708 67 -190 -82 0
> 4259 4760 194 -379 -31 0
> 7731 1666 236 0 127 3
! 89975 -46743 200
! -74184 59023 200
> 6845 1679 20 -43 -39 2
> 7290 2397 -127 -36 -82 0
> 4624 4278 310 -409 -31 0
> 7858 1703 269 -195 145 3
! 61309 -82188 200
! 21207 -96630 200
> 6845 1679 20 -43 -39 2
> 7290 2397 -127 -36 -82 0
> 4624 4278 310 -409 -31 0
> 7858 1703 269 -195 145 3
! 102060 -18217 0
! -87772 30940 200
> 6918 1361 38 -317 -57 2
> 7247 2271 -12 -60 -82 0
> 4934 3869 263 -347 -13 0
> 7936 1566 66 -116 163 3
! 84633 -61571 0
! 51084 -87608 200
> 6918 1361 38 -317 -57 2
> 7247 2271 -12 -60 -82 0
> 4934 3869 263 -347 -13 0
> 7936 1566 66 -116 163 3
! 90650 -47634 0
! -73979 58923 BOOST
> 6956 1044 32 -269 -39 2
> 6945 2428 -365 247 -64 0
> 5197 3522 223 -294 -31 0
> 7847 1426 33 -233 145 3
! 100314 -34793 200
! 50782 -87451 200
> 6956 1044 32 -269 -39 2
> 6945 2428 -365 247 -64 0
> 5197 3522 223 -294 -31 0
> 7847 1426 33 -233 145 3
! 90913 -47981 0
! -52334 81289 200
> 7175 703 185 -289 -21 2
> 6668 2495 -235 57 -64 0
> 5420 3228 189 -249 -31 0
> 7760 1353 -74 -62 127 3
! 100533 -35134 SHIELD
! 76134 -69439 200
> 7175 703 185 -289 -21 2
> 6668 2495 -235 57 -64 0
> 5420 3228 189 -249 -31 0
> 7760 1353 -74 -62 127 3
! 102856 -19267 SHIELD
! -52421 81216 0
> 7360 414 157 -245 -21 2
> 6572 2408 -81 -73 -46 0
> 5609 2979 160 -211 -13 0
> 7686 1291 -62 -52 127 3
! 100718 -35423 200
! 76038 -69526 200
> 7360 414 157 -245 -21 2
> 6572 2408 -81 -73 -46 0
> 5609 2979 160 -211 -13 0
> 7686 1291 -62 -52 127 3
! 105228 11694 0
! -52495 81154 200
> 7517 169 133 -208 -21 2
> 6630 2191 49 -184 -46 0
> 5769 2768 136 -179 5 0
> 7504 1399 -155 91 127 3
! 107380 -5065 200
! 76096 -69743 200
> 7517 169 133 -208 -21 2
> 6630 2191 49 -184 -46 0
> 5769 2768 136 -179 5 0
> 7504 1399 -155 91 127 3
! 103206 -19727 0
! -25052 95950 0
> 7650 -39 113 -176 -3 2
> 6698 1957 -193 -1 -46 0
> 5905 2589 115 -152 -13 0
> 7469 1396 221 -199 109 3
! 104243 25843 0
! 94993 -44990 200
> 7650 -39 113 -176 -3 2
> 6698 1957 -193 -1 -46 0
> 5905 2589 115 -152 -13 0
> 7469 1396 221 -199 109 3
! 103341 -19906 0
! -52712 81259 200
> 7763 -215 96 -149 15 2
> 6682 1862 -13 -80 -28 0
> 6020 2437 97 -129 -13 0
> 7570 1357 85 -33 127 3
! 91630 54249 0
! 105163 -15503 200
> 7763 -215 96 -149 15 2
> 6682 1862 -13 -80 -28 0
> 6020 2437 97 -129 -13 0
> 7570 1357 85 -33 127 3
! 91736 -49066 200
! -24986 95908 200
> 7859 -364 81 -126 33 2
> 6825 1731 69 -181 -10 0
> 6216 2265 -26 19 -31 0
> 7704 1469 358 0 109 3
! 70791 77351 0
! 105852 15648 200
> 7859 -364 81 -126 33 2
> 6825 1731 69 -181 -10 0
> 6216 2265 -26 19 -31 0
> 7704 1469 358 0 109 3
! 91932 -49238 200
! 5958 101453 0
> 7940 -490 68 -107 51 2
> 7092 1578 226 -130 8 1
> 6361 2181 123 -71 -31 0
> 8062 1469 304 0 91 3
! 43777 92868 200
! 96971 45415 200
> 7940 -490 68 -107 51 2
> 7092 1578 226 -130 8 1
> 6361 2181 123 -71 -31 0
> 8062 1469 304 0 91 3
! 92077 -49322 200
! 37299 97099 200
> 8080 -410 118 67 69 2
> 7498 1536 344 -35 26 1
> 6655 2007 250 -147 -31 0
> 8424 1660 308 162 73 3
! 43917 92948 200
! 79432 71002 200
> 8080 -410 118 67 69 2
> 7498 1536 344 -35 26 1
> 6655 2007 250 -147 -31 0
> 8424 1660 308 162 73 3
! 92371 -49496 200
! 6678 101644 0
