@ 0 Salenger
@ 1 reCurse
CP 5
CP 12681 7101
CP 4057 4633
CP 13014 1883
CP 6574 7824
CP 7480 1349
> 12543 7582 0 0 -1 1
> 12819 6620 0 0 -1 1
> 12268 8543 0 0 -1 1
> 13094 5659 0 0 -1 1
! 4057 4633 200
! 11999 2465 200
> 12543 7582 0 0 -1 1
> 12819 6620 0 0 -1 1
> 12268 8543 0 0 -1 1
> 13094 5659 0 0 -1 1
! -86884 -4446 200
! -77918 -35774 200
> 12354 7516 -160 -55 -161 1
> 12780 6424 -32 -166 -101 1
> 12070 8517 -168 -22 -173 1
> 12912 5576 -154 -70 -156 1
! 4047 4660 200
! 12912 5576 BOOST
> 12354 7516 -160 -55 -161 1
> 12780 6424 -32 -166 -101 1
> 12070 8517 -168 -22 -173 1
> 12912 5576 -154 -70 -156 1
! -78560 -33744 200
! -86540 -4876 200
> 12005 7396 -296 -102 -161 1
> 12736 6313 -44 -45 -83 1
> 11721 8410 -296 -90 -155 1
> 12649 4783 -217 -722 -174 1
! 4049 4654 200
! 15178 4181 170
> 12005 7396 -296 -102 -161 1
> 12736 6313 -44 -45 -83 1
> 11721 8410 -296 -90 -155 1
> 12649 4783 -217 -722 -174 1
! -78909 -33851 200
! -85165 25574 200
> 11520 7229 -412 -142 -161 1
> 12763 6114 23 -169 -65 1
> 11244 8235 -405 -148 -155 1
> 12236 4101 -351 -579 -192 1
! 11332 7162 198
! 12057 3093 78
> 11520 7229 -412 -142 -161 1
> 12763 6114 23 -169 -65 1
> 11244 8235 -405 -148 -155 1
> 12236 4101 -351 -579 -192 1
! -88010 -3951 200
! -85578 24892 200
> 10921 7021 -508 -177 -160 1
> 12795 5868 27 -209 -83 1
> 10640 8063 -512 -146 -173 1
> 11689 3564 -464 -456 168 1
! 4058 4629 200
! 11398 3114 200
> 10921 7021 -508 -177 -160 1
> 12795 5868 27 -209 -83 1
> 10640 8063 -512 -146 -173 1
> 11689 3564 -464 -456 168 1
! -79990 -34198 200
! -74913 53564 200
> 10224 6778 -592 -206 -161 1
> 12783 5463 -9 -344 -101 1
> 9947 7832 -589 -195 -155 1
> 11052 3208 -541 -302 150 1
! 4057 4632 200
! 11375 2806 32
> 10224 6778 -592 -206 -161 1
> 12783 5463 -9 -344 -101 1
> 9947 7832 -589 -195 -155 1
> 11052 3208 -541 -302 150 1
! -80683 -34429 200
! -75550 53208 200
> 9443 6506 -663 -230 -161 1
> 12759 5091 -20 -316 -118 1
> 9177 7552 -654 -237 -155 1
> 10338 3006 -607 -171 150 1
! 9256 6438 198
! 11285 2625 80
> 9443 6506 -663 -230 -161 1
> 12759 5091 -20 -316 -118 1
> 9177 7552 -654 -237 -155 1
> 10338 3006 -607 -171 150 1
! -63958 -60647 200
! -87476 23797 0
> 8594 6208 -721 -253 -160 1
> 12698 4706 -51 -326 -121 1
> 8377 7179 -680 -317 -137 1
> 9731 2835 -515 -145 168 1
! 8414 6127 196
! 12339 2412 200
> 8594 6208 -721 -253 -160 1
> 12698 4706 -51 -326 -121 1
> 8377 7179 -680 -317 -137 1
> 9731 2835 -515 -145 168 1
! -40104 -80282 200
! -76871 52835 200
> 7694 5875 -764 -283 -156 1
> 12602 4185 -81 -442 -103 1
> 7600 6687 -660 -418 -119 1
> 9043 2790 -584 -38 150 1
! 7529 5775 192
! 7600 6687 0
> 7694 5875 -764 -283 -156 1
> 12602 4185 -81 -442 -103 1
> 7600 6687 -660 -418 -119 1
> 9043 2790 -584 -38 150 1
! -65535 -61512 200
! -57870 77104 200
> 6786 5302 -770 -504 -149 1
> 12521 3743 -68 -375 -121 1
> 6774 6323 -703 -292 -137 1
> 8325 2901 -610 94 132 1
! 3989 5579 4
! 6774 6323 0
> 6786 5302 -770 -504 -149 1
> 12521 3743 -68 -375 -121 1
> 6774 6323 -703 -292 -137 1
> 8325 2901 -610 94 132 1
! -41707 -81138 200
! -32348 94255 0
> 6012 4797 -657 -429 -167 1
> 12453 3368 -57 -318 -139 1
> 5974 5856 -679 -396 -119 1
> 7715 2995 -518 79 114 1
! 4213 5580 80
! 5974 5856 0
> 6012 4797 -657 -429 -167 1
> 12453 3368 -57 -318 -139 1
> 5974 5856 -679 -396 -119 1
> 7715 2995 -518 79 114 1
! -42507 -81605 200
! -59198 77309 0
> 5275 4375 -626 -358 -185 1
> 12396 3050 -48 -270 -157 1
> 5198 5285 -659 -485 -119 1
> 7197 3074 -440 67 132 1
! 4537 5378 80
! 5198 5285 0
> 5275 4375 -626 -358 -185 1
> 12396 3050 -48 -270 -157 1
> 5198 5285 -659 -485 -119 1
> 7197 3074 -440 67 132 1
! -67937 -62914 SHIELD
! -79405 53074 0
> 4580 3962 -579 -525 -203 1
> 12348 2780 -40 -229 -175 1
> 4538 4809 -561 -387 -137 2
> 6757 3141 -374 56 150 1
! 4057 4633 105
! 4538 4809 0
> 4580 3962 -579 -525 -203 1
> 12348 2780 -40 -229 -175 1
> 4538 4809 -561 -387 -137 2
> 6757 3141 -374 56 150 1
! -86092 -37452 0
! -91057 23932 0
> 3921 3506 -559 -387 -221 1
> 12308 2551 -34 -194 -193 1
> 3977 4422 -476 -328 -155 2
> 6383 3197 -317 47 168 1
! 4057 4633 170
! 3977 4422 0
> 3921 3506 -559 -387 -221 1
> 12308 2551 -34 -194 -193 1
> 3977 4422 -476 -328 -155 2
> 6383 3197 -317 47 168 1
! -86653 -37839 0
! -91431 23988 0
> 3274 3264 -550 -205 -239 1
> 12274 2357 -28 -164 167 1
> 3501 4094 -404 -278 -155 2
> 6066 3244 -269 39 168 1
! 3391 3395 175
! -18054 23959 9
> 3274 3264 -550 -205 -239 1
> 12274 2357 -28 -164 167 1
> 3501 4094 -404 -278 -155 2
> 6066 3244 -269 39 168 1
! -69634 -64105 0
! -93386 -7208 0
> 2637 3109 -563 -187 -257 1
> 12238 2198 -30 -135 149 1
> 3144 3937 -281 -78 -137 2
> 5797 3283 -228 33 -174 1
! 4057 4633 170
! 5209 29544 200
> 2637 3109 -563 -187 -257 1
> 12238 2198 -30 -135 149 1
> 3144 3937 -281 -78 -137 2
> 5797 3283 -228 33 -174 1
! -45337 -83524 0
! -92017 24074 0
> 2088 3091 -466 -14 -275 1
> 12076 2213 -137 12 131 1
> 2863 3859 -238 -66 -119 2
> 5569 3316 -193 28 168 1
! 4057 4633 170
! -28977 7764 200
> 2088 3091 -466 -14 -275 1
> 12076 2213 -137 12 131 1
> 2863 3859 -238 -66 -119 2
> 5569 3316 -193 28 168 1
! -16217 -94303 0
! -81033 53316 200
> 1688 3234 -340 121 -293 1
> 11767 2327 -262 96 149 1
> 2625 3793 -202 -56 -101 2
> 5203 3444 -311 108 150 1
! 4057 4633 170
! -29981 -1046 122
> 1688 3234 -340 121 -293 1
> 11767 2327 -262 96 149 1
> 2625 3793 -202 -56 -101 2
> 5203 3444 -311 108 150 1
! 14811 -95461 200
! -92611 24235 0
> 1459 3484 -194 212 -311 1
> 11386 2450 -323 104 167 1
> 2447 3538 -150 -216 -83 2
> 4892 3552 -264 91 168 1
! 4057 4633 170
! -29926 -2092 53
> 1459 3484 -194 212 -311 1
> 11386 2450 -323 104 167 1
> 2447 3538 -150 -216 -83 2
> 4892 3552 -264 91 168 1
! 44708 -87092 200
! -81710 53552 200
> 1410 3784 -41 255 -329 1
> 11010 2549 -319 84 185 1
> 2382 3141 -55 -337 -65 2
> 4455 3743 -371 162 150 1
! 2647 1294 140
! -29835 -3135 200
> 1410 3784 -41 255 -329 1
> 11010 2549 -319 84 185 1
> 2382 3141 -55 -337 -65 2
> 4455 3743 -371 162 150 1
! 70581 -69994 200
! -62458 78057 0
> 1505 4071 80 243 -347 1
> 10493 2605 -439 47 -172 1
> 2463 2658 69 -410 -47 2
> 4084 3905 -315 137 132 1
! 3289 2161 110
! -29885 -2614 161
> 1505 4071 80 243 -347 1
> 10493 2605 -439 47 -172 1
> 2463 2658 69 -410 -47 2
> 4084 3905 -315 137 132 1
! 89924 -45823 200
! -82518 53905 200
> 1695 4305 161 198 -365 1
> 9894 2631 -508 22 -173 1
> 2707 2151 207 -430 -29 2
> 3596 4142 -414 201 150 1
! 3646 2934 80
! -29448 -5724 105
> 1695 4305 161 198 -365 1
> 9894 2631 -508 22 -173 1
> 2707 2151 207 -430 -29 2
> 3596 4142 -414 201 150 1
! 90168 -46330 200
! -94218 24933 200
> 1930 4472 199 141 -383 1
> 9283 2631 -519 0 -168 1
> 3089 1624 324 -447 -29 2
> 2986 4385 -518 206 168 1
! 3836 3514 SHIELD
! -28365 -9767 135
> 1930 4472 199 141 -383 1
> 9283 2631 -519 0 -168 1
> 3089 1624 324 -447 -29 2
> 2986 4385 -518 206 168 1
! 101251 -17457 200
! -96466 -6067 200
> 2010 4624 28 133 -27 1
> 8636 2589 -550 -35 -162 1
> 3609 1139 442 -412 -11 2
> 3458 4459 800 25 -174 1
! 2449 2624 80
! -26238 -14544 165
> 2010 4624 28 133 -27 1
> 8636 2589 -550 -35 -162 1
> 3609 1139 442 -412 -11 2
> 3458 4459 800 25 -174 1
! 102863 13325 200
! -95994 -5993 200
> 2038 4757 23 113 -45 1
> 7938 2481 -593 -91 -154 1
> 4250 751 544 -329 7 2
> 4059 4463 510 3 -174 2
! 2195 2740 80
! -22294 -20073 200
> 2038 4757 23 113 -45 1
> 7938 2481 -593 -91 -154 1
> 4250 751 544 -329 7 2
> 4059 4463 510 3 -174 2
! 94880 43012 200
! -93755 25254 200
> 2061 4870 19 96 -63 1
> 7185 2270 -640 -179 -143 1
> 4975 507 616 -207 25 2
> 4373 4508 267 37 168 2
! 1978 2861 80
! 5787 333 BOOST
> 2061 4870 19 96 -63 1
> 7185 2270 -640 -179 -143 1
> 4975 507 616 -207 25 2
> 4373 4508 267 37 168 2
! 95605 42768 200
! -95079 -5944 200
> 2080 4966 16 81 -81 1
> 6428 1929 -643 -289 -126 1
> 5772 385 677 -104 25 2
> 4441 4524 57 13 -174 2
! 1802 2980 80
! 9767 -28365 170
> 2080 4966 16 81 -81 1
> 6428 1929 -643 -289 -126 1
> 5772 385 677 -104 25 2
> 4441 4524 57 13 -174 2
! 105026 12571 200
! -95011 -5928 200
> 2085 4968 4 1 -98 1
> 5733 1478 -590 -383 -108 1
> 6648 305 744 -67 7 2
> 4299 4516 -120 -6 -174 2
! 3756 3869 80
! 18469 -23640 170
> 2085 4968 4 1 -98 1
> 5733 1478 -590 -383 -108 1
> 6648 305 744 -67 7 2
> 4299 4516 -120 -6 -174 2
! 97278 42566 200
! -87055 -36157 0
> 2103 4890 15 -66 -80 1
> 5144 925 -501 -470 -90 1
> 7573 323 786 14 25 2
> 4179 4510 -102 -5 -156 2
! 3021 6633 30
! 29108 -7257 170
> 2103 4890 15 -66 -80 1
> 5144 925 -501 -470 -90 1
> 7573 323 786 14 25 2
> 4179 4510 -102 -5 -156 2
! 98203 42584 200
! -70135 -62402 0
> 2132 4798 24 -78 -62 1
> 4696 293 -380 -536 -72 1
> 8540 422 822 83 25 2
> 4077 4505 -86 -4 -138 2
! 3006 6520 122
! 29995 523 170
> 2132 4798 24 -78 -62 1
> 4696 293 -380 -536 -72 1
> 8540 422 822 83 25 2
> 4077 4505 -86 -4 -138 2
! 81675 68621 200
! -87277 -36168 0
> 2244 4635 95 -138 -44 1
> 4416 -380 -237 -572 -54 1
> 9508 641 823 186 43 2
> 3991 4501 -73 -3 -156 2
! 3275 6126 129
! 29448 5724 170
> 2244 4635 95 -138 -44 1
> 4416 -380 -237 -572 -54 1
> 9508 641 823 186 43 2
> 3991 4501 -73 -3 -156 2
! 82643 68840 200
! -87363 -36172 0
> 2455 4441 179 -165 -26 1
> 4317 -1051 -84 -570 -36 1
> 10477 963 823 274 43 2
> 3918 4498 -62 -2 -156 2
! 3349 5783 195
! 28531 9270 170
> 2455 4441 179 -165 -26 1
> 4317 -1051 -84 -570 -36 1
> 10477 963 823 274 43 2
> 3918 4498 -62 -2 -156 2
! 58957 88424 0
! -87436 -36175 200
> 2827 4249 316 -163 -8 1
> 4395 -1673 66 -528 -18 1
> 11300 1237 699 232 61 2
> 3673 4415 -208 -70 -156 2
! 3432 5386 SHIELD
! 27615 11721 170
> 2827 4249 316 -163 -8 1
> 4395 -1673 66 -528 -18 1
> 11300 1237 699 232 61 2
> 3673 4415 -208 -70 -156 2
! 30380 99399 200
! -87681 -36258 0
> 3067 4069 194 -155 10 1
> 4631 -2200 200 -448 0 1
> 12037 1665 626 364 79 2
> 4225 4518 561 108 -156 2
! 2909 5197 140
! 26488 14084 170
> 3067 4069 194 -155 10 1
> 4631 -2200 200 -448 0 1
> 12037 1665 626 364 79 2
> 4225 4518 561 108 -156 2
! -149 100919 200
! -87129 -36155 200
> 3261 3914 164 -131 28 1
> 4993 -2595 307 -335 18 1
> 12639 2228 511 478 97 3
> 4603 4545 321 22 -156 2
! 2679 4815 110
! 8662 1550 170
> 3261 3914 164 -131 28 1
> 4993 -2595 307 -335 18 1
> 12639 2228 511 478 97 3
> 4603 4545 321 22 -156 2
! -29622 92858 200
! -94849 -5907 200
> 3425 3783 139 -111 46 1
> 5437 -2830 377 -199 36 1
> 13065 2887 362 560 115 3
> 4725 4546 103 0 -174 2
! 4057 4633 170
! 1402 936 200
> 3425 3783 139 -111 46 1
> 5437 -2830 377 -199 36 1
> 13065 2887 362 560 115 3
> 4725 4546 103 0 -174 2
! -55134 76022 200
! -86629 -36127 200
> 3564 3672 118 -94 53 1
> 5931 -2867 419 -31 54 1
> 13291 3593 191 600 133 3
> 4645 4465 -67 -69 -156 2
! 4057 4633 170
! 2894 1549 200
> 3564 3672 118 -94 53 1
> 5931 -2867 419 -31 54 1
> 13291 3593 191 600 133 3
> 4645 4465 -67 -69 -156 2
! -74170 52074 200
! -69669 -62447 200
> 3760 3729 166 48 63 1
> 6411 -2708 408 135 72 1
> 13307 4290 13 592 151 3
> 4429 4262 -183 -172 -138 2
! 3180 4483 SHIELD
! 4530 2001 200
> 3760 3729 166 48 63 1
> 6411 -2708 408 135 72 1
> 13307 4290 13 592 151 3
> 4429 4262 -183 -172 -138 2
! -84855 23370 200
! -86925 -36411 SHIELD
> 3651 3554 -129 -178 81 1
> 6818 -2373 346 284 90 1
> 13124 4920 -155 535 169 3
> 4521 4313 115 72 -156 2
! 4057 4633 80
! 6119 2248 200
> 3651 3554 -129 -178 81 1
> 6818 -2373 346 284 90 1
> 13124 4920 -155 535 169 3
> 4521 4313 115 72 -156 2
! -85038 24000 200
! -86833 -36360 0
> 3522 3376 -109 -151 69 1
> 7134 -1891 268 409 99 1
> 12773 5493 -298 487 169 3
> 4636 4385 97 61 -156 2
! 4057 4633 80
! 7331 2288 200
> 3522 3376 -109 -151 69 1
> 7134 -1891 268 409 99 1
> 12773 5493 -298 487 169 3
> 4636 4385 97 61 -156 2
! -86481 -6693 200
! -69678 -62527 0
> 3413 3225 -92 -128 67 1
> 7411 -1282 235 517 87 1
> 12276 5956 -422 393 -173 3
> 4733 4446 82 51 -138 2
! 4057 4633 80
! 12276 5956 0
> 3413 3225 -92 -128 67 1
> 7411 -1282 235 517 87 1
> 12276 5956 -422 393 -173 3
> 4733 4446 82 51 -138 2
! -86978 -6230 200
! -86621 -36227 0
> 3321 3097 -78 -108 65 1
> 7646 -765 199 439 69 1
> 11655 6325 -527 313 -173 3
> 4815 4497 69 43 -156 2
! 4057 4633 80
! 11655 6325 0
> 3321 3097 -78 -108 65 1
> 7646 -765 199 439 69 1
> 11655 6325 -527 313 -173 3
> 4815 4497 69 43 -156 2
! -86507 25405 200
! -86539 -36176 200
> 3278 3061 -36 -30 64 1
> 7845 -326 169 373 61 1
> 10932 6676 -614 298 169 3
> 4701 4459 -96 -32 -156 2
! 4057 4633 80
! 7278 2311 50
> 3278 3061 -36 -30 64 1
> 7845 -326 169 373 61 1
> 10932 6676 -614 298 169 3
> 4701 4459 -96 -32 -156 2
! -88322 -5510 200
! -69613 -62453 200
> 3278 3103 0 35 64 1
> 8024 96 152 358 79 1
> 10119 6950 -690 232 -173 3
> 4456 4293 -207 -140 -138 2
! 4666 4112 80
! 10119 6950 0
> 3278 3103 0 35 64 1
> 8024 96 152 358 79 1
> 10119 6950 -690 232 -173 3
> 4456 4293 -207 -140 -138 2
! -89135 -5236 200
! -69858 -62619 200
> 3334 3195 47 78 46 1
> 8176 454 129 304 73 1
> 9230 7158 -755 176 -173 3
> 4100 4019 -302 -232 -138 2
! 4162 4569 SHIELD
! 6777 1984 65
> 3334 3195 47 78 46 1
> 8176 454 129 304 73 1
> 9230 7158 -755 176 -173 3
> 4100 4019 -302 -232 -138 2
! -90024 -5028 0
! -45900 -82583 0
> 3365 3254 -6 12 59 1
> 8304 823 108 313 91 1
> 8475 7334 -641 149 -173 3
> 3962 3978 209 344 -120 2
! 4883 3525 80
! 6737 1752 170
> 3365 3254 -6 12 59 1
> 8304 823 108 313 91 1
> 8475 7334 -641 149 -173 3
> 3962 3978 209 344 -120 2
! -82155 -34927 200
! -70352 -62935 200
> 3359 3266 -5 10 41 1
> 8357 1297 44 402 109 1
> 7653 7398 -698 54 -155 3
> 4022 4188 51 178 -138 2
! 4873 3515 80
! 7653 7398 0
> 3359 3266 -5 10 41 1
> 8357 1297 44 402 109 1
> 7653 7398 -698 54 -155 3
> 4022 4188 51 178 -138 2
! -65482 -60801 200
! -45978 -82414 200
> 3354 3276 -4 8 23 1
> 8401 1699 37 341 97 1
> 6809 7316 -717 -70 -137 4
> 3973 4193 -41 4 -120 2
! 4864 3506 80
! 7345 2541 0
> 3354 3276 -4 8 23 1
> 8401 1699 37 341 97 1
> 6809 7316 -717 -70 -137 4
> 3973 4193 -41 4 -120 2
! -41672 -80145 200
! -46027 -82409 200
> 3350 3284 -3 6 9 1
> 8438 2040 31 289 115 1
> 5995 7071 -691 -208 -119 4
> 3832 4024 -119 -143 -120 2
! 3403 3261 57
! 7178 2510 0
> 3350 3284 -3 6 9 1
> 8438 2040 31 289 115 1
> 5995 7071 -691 -208 -119 4
> 3832 4024 -119 -143 -120 2
! -13085 -91091 200
! -16959 -93790 200
> 3231 3017 -139 -285 -9 1
> 8469 2329 26 245 133 1
> 5266 6667 -619 -343 -101 4
> 3843 3949 48 -4 -102 2
! 4057 4633 170
! 7018 2456 0
> 3231 3017 -139 -285 -9 1
> 8469 2329 26 245 133 1
> 5266 6667 -619 -343 -101 4
> 3843 3949 48 -4 -102 2
! 17452 -92587 200
! 14295 -95503 0
> 3260 2758 24 -220 9 1
> 8495 2574 22 208 151 1
> 4671 6125 -505 -460 -83 4
> 3891 3945 40 -3 -84 2
! 4057 4633 170
! 6871 2383 0
> 3260 2758 24 -220 9 1
> 8495 2574 22 208 151 1
> 4671 6125 -505 -460 -83 4
> 3891 3945 40 -3 -84 2
! 46932 -84505 200
! 14343 -95507 200
> 3436 2614 149 -122 27 1
> 8517 2782 18 176 169 1
> 4251 5484 -357 -545 -65 4
> 3952 3743 51 -171 -84 2
! 4057 4633 170
! 6741 2294 170
> 3436 2614 149 -122 27 1
> 8517 2782 18 176 169 1
> 4251 5484 -357 -545 -65 4
> 3952 3743 51 -171 -84 2
! 46512 -85146 0
! -16839 -94071 200
> 3706 2611 229 -2 45 1
> 8366 2939 -128 133 187 1
> 3894 4939 -303 -463 -65 4
> 3961 3376 8 -311 -102 2
! 3524 2587 183
! 8444 1054 140
> 3706 2611 229 -2 45 1
> 8366 2939 -128 133 187 1
> 3894 4939 -303 -463 -65 4
> 3961 3376 8 -311 -102 2
! 72093 -68196 0
! 14413 -96076 200
> 3792 2089 71 -448 63 1
> 8111 3014 -217 63 205 1
> 3591 4476 -257 -393 -47 4
> 4217 3549 219 152 -84 2
! 4057 4633 170
! 7693 1249 110
> 3792 2089 71 -448 63 1
> 8111 3014 -217 63 205 1
> 3591 4476 -257 -393 -47 4
> 4217 3549 219 152 -84 2
! 91052 -44005 200
! -16574 -94265 0
> 3891 1809 83 -238 81 1
> 7813 3003 -253 -9 223 1
> 3509 3986 -69 -416 -29 4
> 4436 3701 186 129 -102 2
! 4057 4633 170
! 7277 1431 80
> 3891 1809 83 -238 81 1
> 7813 3003 -253 -9 223 1
> 3509 3986 -69 -416 -29 4
> 4436 3701 186 129 -102 2
! 71708 -69149 200
! -16355 -94113 0
> 3984 1741 79 -58 87 1
> 7521 2924 -248 -66 241 1
> 3576 3424 57 -477 -47 4
> 4622 3830 158 109 -102 2
! 4057 4633 170
! 3576 3424 0
> 3984 1741 79 -58 87 1
> 7521 2924 -248 -66 241 1
> 3576 3424 57 -477 -47 4
> 4622 3830 158 109 -102 2
! 91037 -45057 200
! -16169 -93984 0
> 4067 1853 70 95 89 1
> 7273 2858 -210 -56 223 1
> 3808 2850 197 -487 -29 4
> 4780 3939 134 92 -102 2
! 4011 1834 58
! 7125 1476 80
> 4067 1853 70 95 89 1
> 7273 2858 -210 -56 223 1
> 3808 2850 197 -487 -29 4
> 4780 3939 134 92 -102 2
! 72007 -70285 200
! -45220 -82663 200
> 4256 1422 204 -556 107 1
> 7024 2732 -211 -106 241 1
> 4006 2798 124 146 -47 4
> 4814 3858 28 -69 -120 2
! 4057 4633 80
! 4006 2798 0
> 4256 1422 204 -556 107 1
> 7024 2732 -211 -106 241 1
> 4006 2798 124 146 -47 4
> 4814 3858 28 -69 -120 2
! 91467 -45683 200
! -45186 -82744 200
> 4455 946 169 -404 94 1
> 6813 2626 -179 -90 223 1
> 4305 2847 254 41 -29 4
> 4742 3616 -61 -205 -120 2
! 4057 4633 170
! 4305 2847 0
> 4455 946 169 -404 94 1
> 6813 2626 -179 -90 223 1
> 4305 2847 254 41 -29 4
> 4742 3616 -61 -205 -120 2
! 91766 -45634 BOOST
! -16049 -94198 200
> 4606 711 128 -199 96 1
> 6634 2536 -152 -76 205 1
> 4996 2225 564 -587 -29 4
> 4771 3563 47 14 -102 2
! 4680 792 110
! 5314 1724 BOOST
> 4606 711 128 -199 96 1
> 6634 2536 -152 -76 205 1
> 4996 2225 564 -587 -29 4
> 4771 3563 47 14 -102 2
! 103158 -16856 0
! -16020 -94251 0
> 4757 620 127 -77 78 1
> 6312 2355 -273 -153 -148 1
> 5560 1638 479 -498 -11 4
> 4818 3577 39 11 -102 2
! 4806 692 88
! 5560 1638 SHIELD
> 4757 620 127 -77 78 1
> 6312 2355 -273 -153 -148 1
> 5560 1638 479 -498 -11 4
> 4818 3577 39 11 -102 2
! 104814 13824 200
! -15973 -94237 0
> 4928 619 145 0 60 1
> 6039 2202 -232 -130 -136 1
> 6238 1164 575 -402 7 4
> 4857 3588 33 9 -102 2
! 4057 4633 170
! 6293 1172 0
> 4928 619 145 0 60 1
> 6039 2202 -232 -130 -136 1
> 6238 1164 575 -402 7 4
> 4857 3588 33 9 -102 2
! 96868 43425 200
! 15309 -95864 200
> 5108 785 152 141 78 1
> 5807 2072 -197 -110 -118 1
> 6994 847 642 -269 25 4
> 4911 3398 45 -161 -84 2
! 1210 1634 200
! 6645 486 0
> 5108 785 152 141 78 1
> 5807 2072 -197 -110 -118 1
> 6994 847 642 -269 25 4
> 4911 3398 45 -161 -84 2
! 80129 69046 200
! 45584 -87956 200
> 5239 1125 110 288 96 1
> 5610 1962 -167 -93 -100 1
> 7782 714 670 -112 43 0
> 5037 3054 107 -292 -66 2
! 2094 3078 200
! 4883 3763 80
> 5239 1125 110 288 96 1
> 5610 1962 -167 -93 -100 1
> 7782 714 670 -112 43 0
> 5037 3054 107 -292 -66 2
! 56262 88175 200
! 45710 -88300 SHIELD
> 5068 1161 -186 -58 114 1
> 5791 2120 643 -329 -118 1
> 8549 777 651 53 61 0
> 5129 2780 33 -177 -66 2
! 4057 4633 170
! 4967 3851 170
> 5068 1161 -186 -58 114 1
> 5791 2120 643 -329 -118 1
> 8549 777 651 53 61 0
> 5129 2780 33 -177 -66 2
! 27629 98939 200
! 45802 -88574 0
> 4834 1266 -198 89 106 1
> 6311 1674 441 -379 -136 1
> 9238 1026 585 211 79 0
> 5162 2603 28 -150 -66 2
! 4974 1319 150
! 5041 3947 170
> 4834 1266 -198 89 106 1
> 6311 1674 441 -379 -136 1
> 9238 1026 585 211 79 0
> 5162 2603 28 -150 -66 2
! 28318 99188 200
! 72074 -71711 0
> 4641 1505 -164 203 88 1
> 6599 1221 244 -384 -154 1
> 9861 1433 529 346 79 0
> 5190 2453 23 -127 -48 2
! 4716 1535 81
! 5107 4053 170
> 4641 1505 -164 203 88 1
> 6599 1221 244 -384 -154 1
> 9861 1433 529 346 79 0
> 5190 2453 23 -127 -48 2
! 28941 99595 200
! 91792 -47547 SHIELD
> 4504 1784 -116 237 70 1
> 6675 814 64 -345 -172 1
> 10428 1975 482 460 79 0
> 5213 2326 19 -107 -30 2
! 4545 1785 41
! 5164 4170 170
> 4504 1784 -116 237 70 1
> 6675 814 64 -345 -172 1
> 10428 1975 482 460 79 0
> 5213 2326 19 -107 -30 2
! 29508 100137 200
! 103027 -18465 SHIELD
> 4413 2053 -77 228 52 1
> 6572 500 -87 -267 -190 1
> 10948 2631 442 557 79 0
> 5232 2219 16 -90 -12 2
! 4546 4653 80
! 5209 4298 170
> 4413 2053 -77 228 52 1
> 6572 500 -87 -267 -190 1
> 10948 2631 442 557 79 0
> 5232 2219 16 -90 -12 2
! -1238 101885 200
! 104684 12671 0
> 4363 2356 -42 257 70 1
> 6335 314 -201 -158 -208 1
> 11366 3387 354 642 97 0
> 5248 2129 13 -76 6 2
! 3992 4622 200
! 5239 4431 170
> 4363 2356 -42 257 70 1
> 6335 314 -201 -158 -208 1
> 11366 3387 354 642 97 0
> 5248 2129 13 -76 6 2
! 30446 101549 200
! 96602 42802 0
> 4327 2813 -30 388 88 1
> 6017 279 -270 -29 -226 1
> 11758 4225 333 712 79 0
> 5261 2053 11 -64 24 2
! 4185 4642 200
! 10245 1333 154
> 4327 2813 -30 388 88 1
> 6017 279 -270 -29 -226 1
> 11758 4225 333 712 79 0
> 5261 2053 11 -64 24 2
! -428 103479 200
! 104713 12505 200
> 4282 3400 -38 499 94 1
> 5680 389 -286 93 -244 1
> 12067 5136 262 773 97 0
> 5272 1989 9 -54 6 2
! 13014 1883 0
! 9466 2510 117
> 4282 3400 -38 499 94 1
> 5680 389 -286 93 -244 1
> 12067 5136 262 773 97 0
> 5272 1989 9 -54 6 2
! -30194 95766 0
! 96626 42662 200
> 4244 3899 -32 424 76 1
> 5378 598 -256 177 -262 1
> 12329 5909 222 657 115 0
> 5464 2016 162 23 24 2
! 13014 1883 0
! 8688 3215 136
> 4244 3899 -32 424 76 1
> 5378 598 -256 177 -262 1
> 12329 5909 222 657 115 0
> 5464 2016 162 23 24 2
! -55870 79044 0
! 96818 42689 200
> 4212 4323 -27 360 58 2
> 5146 909 -196 264 -280 1
> 12551 6566 188 558 133 1
> 5809 2120 293 88 24 2
! 13014 1883 101
! 7653 4014 157
> 4212 4323 -27 360 58 2
> 5146 909 -196 264 -280 1
> 12551 6566 188 558 133 1
> 5809 2120 293 88 24 2
! -74910 55047 0
! 97163 42793 0
> 4262 4749 42 361 40 2
> 5025 1311 -103 341 -298 1
> 12739 7124 159 474 151 1
> 6102 2208 249 74 24 2
! 13014 1883 152
! 6431 4687 200
> 4262 4749 42 361 40 2
> 5025 1311 -103 341 -298 1
> 12739 7124 159 474 151 1
> 6102 2208 249 74 24 2
! -85423 26204 200
! 97456 42881 0
> 4444 5168 155 356 22 2
> 4999 1837 -22 446 67 1
> 12702 7636 -31 435 169 1
> 6351 2282 211 62 24 2
! 1544 -3539 189
! 4842 5009 200
> 4444 5168 155 356 22 2
> 4999 1837 -22 446 67 1
> 12702 7636 -31 435 169 1
> 6351 2282 211 62 24 2
! -86552 -4550 200
! 97705 42955 0
> 4787 5539 291 315 4 2
> 4993 2482 -5 548 85 1
> 12472 8047 -195 349 -173 1
> 6562 2344 179 52 24 2
! 3972 -3426 183
! 12472 8047 0
> 4787 5539 291 315 4 2
> 4993 2482 -5 548 85 1
> 12472 8047 -195 349 -173 1
> 6562 2344 179 52 24 2
! -78158 -34214 200
! 97916 43017 0
> 5256 5811 398 231 -14 2
> 4988 3030 -4 465 67 1
> 12096 8311 -319 224 -155 1
> 6741 2396 152 44 24 2
! 6189 -2834 200
! 12096 8311 0
> 5256 5811 398 231 -14 2
> 4988 3030 -4 465 67 1
> 12096 8311 -319 224 -155 1
> 6741 2396 152 44 24 2
! -61039 -59888 200
! 98095 43069 200
> 5824 5937 483 107 -32 2
> 4984 3495 -3 395 49 1
> 11631 8399 -395 74 -137 1
> 7076 2521 284 106 24 2
! 8467 -1882 200
! 11631 8399 0
> 5824 5937 483 107 -32 2
> 4984 3495 -3 395 49 1
> 11631 8399 -395 74 -137 1
> 7076 2521 284 106 24 2
! -78999 -33862 200
! 81390 69434 200
> 6437 5892 520 -38 -50 2
> 4981 3890 -2 335 36 1
> 11055 8388 -489 -8 -155 1
> 7509 2761 367 203 42 2
! 10455 -678 200
! 11055 8388 0
> 6437 5892 520 -38 -50 2
> 4981 3890 -2 335 36 1
> 11055 8388 -489 -8 -155 1
> 7509 2761 367 203 42 2
! -62080 -59811 200
! 57509 89363 0
> 7061 5683 530 -177 -59 2
> 4979 4225 -1 284 37 1
> 10420 8244 -539 -122 -137 1
> 7876 2964 311 172 60 2
! 11910 548 200
! 10420 8244 0
> 7061 5683 530 -177 -59 2
> 4979 4225 -1 284 37 1
> 10420 8244 -539 -122 -137 1
> 7876 2964 311 172 60 2
! -62715 -59955 200
! 28667 100778 200
> 7728 5361 567 -274 -47 2
> 4978 4509 0 241 36 1
> 9735 7986 -582 -219 -137 1
> 8229 3332 299 312 78 2
! 12511 1218 200
! 9735 7986 0
> 7728 5361 567 -274 -47 2
> 4978 4509 0 241 36 1
> 9735 7986 -582 -219 -137 1
> 8229 3332 299 312 78 2
! -63400 -60213 0
! 29020 101146 200
> 8446 4956 610 -344 -41 2
> 4978 4750 0 204 36 1
> 9153 7767 -494 -186 -137 1
> 8570 3840 289 431 78 2
! 13226 2260 SHIELD
! 9153 7767 0
> 8446 4956 610 -344 -41 2
> 4978 4750 0 204 36 1
> 9153 7767 -494 -186 -137 1
> 8570 3840 289 431 78 2
! -63982 -60432 0
! 58570 90442 SHIELD
> 9060 5069 524 363 -29 2
> 4978 4954 0 173 36 1
> 8659 7581 -419 -158 -137 1
> 8855 3814 239 -289 60 2
! 7122 375 200
! 28531 -9270 200
> 9060 5069 524 363 -29 2
> 4978 4954 0 173 36 1
> 8659 7581 -419 -158 -137 1
> 8855 3814 239 -289 60 2
! -64476 -60618 200
! 58855 90416 0
> 9584 5432 445 308 -47 2
> 5168 5188 161 199 18 1
> 8094 7287 -480 -250 -137 1
> 9094 3525 203 -245 60 2
! 6638 1471 200
! 28190 10260 151
> 9584 5432 445 308 -47 2
> 5168 5188 161 199 18 1
> 8094 7287 -480 -250 -137 1
> 9094 3525 203 -245 60 2
! -65041 -60912 200
! 59094 90127 0
> 10029 5740 378 261 -65 2
> 5476 5419 262 196 12 1
> 7468 6901 -532 -328 -137 1
> 9297 3280 172 -208 60 2
! 6339 2549 200
! 6604 6352 BOOST
> 10029 5740 378 261 -65 2
> 5476 5419 262 196 12 1
> 7468 6901 -532 -328 -137 1
> 9297 3280 172 -208 60 2
! -65667 -61298 0
! 83611 70193 0
> 10407 6001 321 221 -83 2
> 5910 5716 369 252 30 1
> 6936 6573 -452 -278 -137 1
> 9469 3072 146 -176 42 2
! 13014 1883 170
! 9270 28531 SHIELD
> 10407 6001 321 221 -83 2
> 5910 5716 369 252 30 1
> 6936 6573 -452 -278 -137 1
> 9469 3072 146 -176 42 2
! -41545 -80888 0
! 100823 43745 0
> 10799 6067 332 56 -65 2
> 6224 5914 208 110 48 1
> 7033 6837 667 802 -119 1
> 9615 2896 124 -149 24 2
! 7523 2648 200
! 26488 14084 200
> 10799 6067 332 56 -65 2
> 6224 5914 208 110 48 1
> 7033 6837 667 802 -119 1
> 9615 2896 124 -149 24 2
! -66102 -61362 200
! 100969 43569 200
> 11154 5924 301 -121 -83 2
> 6432 6024 176 93 30 1
> 7554 7503 442 565 -137 1
> 9922 2828 260 -57 24 2
! 9730 1709 200
! 6237 29344 23
> 11154 5924 301 -121 -83 2
> 6432 6024 176 93 30 1
> 7554 7503 442 565 -137 1
> 9922 2828 260 -57 24 2
! -83076 -34758 200
! 84236 69741 200
> 11415 5607 222 -269 -101 2
> 6608 6117 149 79 48 1
> 7815 7983 221 408 -155 1
> 10331 2905 347 65 42 2
! 11904 1583 200
! 2092 29926 170
> 11415 5607 222 -269 -101 2
> 6608 6117 149 79 48 1
> 7815 7983 221 408 -155 1
> 10331 2905 347 65 42 2
! -82815 -34278 200
! 60331 89507 200
> 11660 5139 208 -397 -83 2
> 6757 6196 126 67 66 1
> 7855 8306 33 274 -155 1
> 10778 3143 379 202 60 2
! 13290 2027 200
! -3656 29776 170
> 11660 5139 208 -397 -83 2
> 6757 6196 126 67 66 1
> 7855 8306 33 274 -155 1
> 10778 3143 379 202 60 2
! -91399 -3880 200
! 85092 70056 200
> 11951 4560 247 -492 -65 2
> 6900 6432 121 200 84 1
> 7689 8556 -140 212 -173 1
> 11306 3479 448 285 42 2
! 13238 1995 SHIELD
! 15451 25715 200
> 11951 4560 247 -492 -65 2
> 6900 6432 121 200 84 1
> 7689 8556 -140 212 -173 1
> 11306 3479 448 285 42 2
! -91565 -3630 200
! 102660 44152 SHIELD
> 12381 4280 609 45 -63 2
> 7101 6815 170 325 66 1
> 7350 8744 -287 159 -173 1
> 11571 3552 -18 -221 24 2
! 10140 3218 170
! -6748 29231 39
> 12381 4280 609 45 -63 2
> 7101 6815 170 325 66 1
> 7350 8744 -287 159 -173 1
> 11571 3552 -18 -221 24 2
! -83280 -33517 200
! 102925 44225 0
> 12990 4325 517 38 -81 2
> 7275 7179 147 309 84 1
> 6882 8818 -398 63 -155 1
> 11553 3331 -15 -187 24 2
! 13014 1883 170
! -23959 18054 170
> 12990 4325 517 38 -81 2
> 7275 7179 147 309 84 1
> 6882 8818 -398 63 -155 1
> 11553 3331 -15 -187 24 2
! -66253 -59381 200
! 102907 44004 0
> 13507 4363 439 32 -89 2
> 7385 7654 93 403 102 1
> 6338 8745 -462 -62 -137 1
> 11538 3144 -12 -158 24 2
! 13014 1883 170
! -29448 -5724 170
> 13507 4363 439 32 -89 2
> 7385 7654 93 403 102 1
> 6338 8745 -462 -62 -137 1
> 11538 3144 -12 -158 24 2
! -42143 -78716 200
! 110990 13596 200
> 13946 4395 373 27 -101 2
> 7392 8204 5 467 120 1
> 5779 8508 -475 -201 -119 1
> 11526 2986 -10 -134 6 2
! 13014 1883 170
! -10260 -28190 170
> 13946 4395 373 27 -101 2
> 7392 8204 5 467 120 1
> 5779 8508 -475 -201 -119 1
> 11526 2986 -10 -134 6 2
! -13301 -89654 200
! 110978 13438 200
> 14260 4263 266 -112 -110 2
> 7270 8784 -103 492 138 1
> 5266 8111 -436 -337 -101 1
> 11715 2873 160 -96 6 2
! 13014 1883 170
! -28365 -9767 170
> 14260 4263 266 -112 -110 2
> 7270 8784 -103 492 138 1
> 5266 8111 -436 -337 -101 1
> 11715 2873 160 -96 6 2
! 17452 -91143 200
! 109529 -17918 0
> 14447 4000 159 -223 -118 2
> 7011 9344 -219 475 156 1
> 4854 7575 -349 -455 -83 1
> 11875 2777 136 -81 -12 2
! 11963 4604 140
! -23314 -18879 170
> 14447 4000 159 -223 -118 2
> 7011 9344 -219 475 156 1
> 4854 7575 -349 -455 -83 1
> 11875 2777 136 -81 -12 2
! 17040 -91679 200
! 111327 13229 200
> 14506 3679 50 -272 -136 2
> 6623 9836 -329 417 174 1
> 4529 6921 -275 -555 -83 1
> 12210 2717 284 -51 6 2
! 12171 3672 110
! -17633 -24270 170
> 14506 3679 50 -272 -136 2
> 6623 9836 -329 417 174 1
> 4529 6921 -275 -555 -83 1
> 12210 2717 284 -51 6 2
! 46790 -83709 200
! 111662 13169 200
> 14457 3358 -41 -272 -154 2
> 6128 10216 -420 323 192 1
> 4339 6185 -161 -625 -65 1
> 12693 2687 410 -25 6 2
! 12423 3005 80
! -12202 -27406 170
> 14457 3358 -41 -272 -154 2
> 6128 10216 -420 323 192 1
> 4339 6185 -161 -625 -65 1
> 12693 2687 410 -25 6 2
! 72538 -66950 200
! 112145 13139 0
> 14337 3072 -101 -242 -170 2
> 5561 10453 -481 201 210 1
> 4314 5414 -20 -655 -47 1
> 13103 2662 348 -21 6 2
! 12631 2565 80
! -7257 -29108 170
> 14337 3072 -101 -242 -170 2
> 5561 10453 -481 201 210 1
> 4314 5414 -20 -655 -47 1
> 13103 2662 348 -21 6 2
! 91775 -43067 200
! 112555 13114 0
> 14230 2825 318 -105 -163 2
> 4967 10527 -504 62 228 1
> 4469 4662 131 -639 -29 2
> 13381 2623 -173 -137 6 2
! 13014 1883 80
! 5909 6825 170
> 14230 2825 318 -105 -163 2
> 4967 10527 -504 62 228 1
> 4469 4662 131 -639 -29 2
> 13381 2623 -173 -137 6 2
! 102631 -14419 200
! 112833 13075 200
> 14482 2675 214 -127 -145 2
> 4395 10433 -486 -79 246 1
> 4796 3985 278 -575 -11 2
> 13407 2507 22 -98 6 2
! 13014 1883 170
! 6069 6735 170
> 14482 2675 214 -127 -145 2
> 4395 10433 -486 -79 246 1
> 4796 3985 278 -575 -11 2
> 13407 2507 22 -98 6 2
! 104050 16171 200
! 111221 -18284 0
> 14546 2467 54 -176 -152 2
> 3892 10185 -427 -210 264 1
> 5273 3434 405 -468 7 2
> 13429 2409 18 -83 -12 2
! 13861 3956 140
! 6233 6673 170
> 14546 2467 54 -176 -152 2
> 3892 10185 -427 -210 264 1
> 5273 3434 405 -468 7 2
> 13429 2409 18 -83 -12 2
! 104527 15620 200
! 111243 -18382 200
> 14462 2266 -71 -170 -170 2
> 3502 9809 -331 -319 282 1
> 5877 2990 512 -377 7 2
> 13643 2284 181 -105 -12 2
! 13276 3181 110
! 6749 12625 200
> 14462 2266 -71 -170 -170 2
> 3502 9809 -331 -319 282 1
> 5877 2990 512 -377 7 2
> 13643 2284 181 -105 -12 2
! 105131 15176 200
! 111457 -18507 200
> 14819 2098 319 -142 -188 2
> 3272 9318 -195 -417 300 1
> 6588 2637 603 -299 7 2
> 13483 2150 -152 -113 -12 3
! 13014 1883 80
! 6690 11866 200
> 14819 2098 319 -142 -188 2
> 3272 9318 -195 -417 300 1
> 6588 2637 603 -299 7 2
> 13483 2150 -152 -113 -12 3
! 105842 14823 200
! 112935 12602 0
> 15059 1947 203 -128 -173 2
> 3227 8768 -38 -467 318 1
> 7390 2362 681 -233 7 2
> 13331 2037 -129 -96 6 3
! 13014 1883 80
! 6706 10970 200
> 15059 1947 203 -128 -173 2
> 3227 8768 -38 -467 318 1
> 7390 2362 681 -233 7 2
> 13331 2037 -129 -96 6 3
! 106644 14548 200
! 112783 12489 0
> 15182 1816 104 -110 -178 2
> 3372 8221 123 -464 336 1
> 8270 2153 747 -177 7 2
> 13202 1941 -109 -81 6 3
! 13014 1883 80
! 6787 10038 200
> 15182 1816 104 -110 -178 2
> 3372 8221 123 -464 336 1
> 8270 2153 747 -177 7 2
> 13202 1941 -109 -81 6 3
! 107524 14339 200
! 111016 -18850 200
> 15206 1708 20 -91 178 2
> 3694 7738 273 -410 354 1
> 9216 2000 803 -129 7 2
> 13289 1818 73 -104 -12 3
! 13014 1883 170
! 6933 9121 200
> 15206 1708 20 -91 178 2
> 3694 7738 273 -410 354 1
> 9216 2000 803 -129 7 2
> 13289 1818 73 -104 -12 3
! 99846 44261 200
! 112741 12270 200
> 15057 1631 -127 -65 175 2
> 4162 7371 398 -311 372 1
> 10200 1956 836 -37 25 2
> 13561 1735 231 -70 6 3
! 15032 1722 94
! 7124 8268 170
> 15057 1631 -127 -65 175 2
> 4162 7371 398 -311 372 1
> 10200 1956 836 -37 25 2
> 13561 1735 231 -70 6 3
! 109454 14142 0
! 111375 -19056 200
> 14843 1602 -181 -24 157 2
> 4723 7109 476 -222 17 1
> 11036 1919 710 -31 7 2
> 13988 1623 362 -94 -12 3
! 14865 1632 38
! 11036 1919 0
> 14843 1602 -181 -24 157 2
> 4723 7109 476 -222 17 1
> 11036 1919 710 -31 7 2
> 13988 1623 362 -94 -12 3
! 110290 14105 200
! 113440 12075 SHIELD
> 15575 1589 707 -12 139 2
> 5199 6887 404 -188 -1 1
> 11945 1912 772 -5 7 2
> 14256 1530 219 -78 6 3
! 13014 1883 170
! 11945 1912 0
> 15575 1589 707 -12 139 2
> 5199 6887 404 -188 -1 1
> 11945 1912 772 -5 7 2
> 14256 1530 219 -78 6 3
! 102575 44173 0
! 105610 42203 0
> 16125 1642 467 45 157 2
> 5603 6699 343 -159 -19 1
> 12717 1907 656 -4 25 3
> 14475 1452 186 -66 24 3
! 13014 1883 170
! 12717 1907 0
> 16125 1642 467 45 157 2
> 5603 6699 343 -159 -19 1
> 12717 1907 656 -4 25 3
> 14475 1452 186 -66 24 3
! 85852 70106 0
! 88789 68365 0
> 16423 1701 252 49 175 2
> 5946 6540 291 -135 -34 1
> 13373 1903 557 -3 43 3
> 14661 1386 158 -56 42 3
! 13014 1883 156
! 7478 7035 0
> 16423 1701 252 49 175 2
> 5946 6540 291 -135 -34 1
> 13373 1903 557 -3 43 3
> 14661 1386 158 -56 42 3
! 86508 70102 0
! 64661 87988 0
> 16519 1758 81 48 177 2
> 6237 6405 247 -114 -16 1
> 13930 1900 473 -2 43 3
> 14819 1330 134 -47 60 3
! 13014 1883 170
! 7508 7071 0
> 16519 1758 81 48 177 2
> 6237 6405 247 -114 -16 1
> 13930 1900 473 -2 43 3
> 14819 1330 134 -47 60 3
! 62410 89361 0
! 64819 87932 200
> 16430 1812 -75 45 178 2
> 6484 6291 209 -96 2 1
> 14391 1906 212 126 61 3
> 15065 1448 388 -21 60 3
! 16411 1730 83
! 7530 7099 0
> 16430 1812 -75 45 178 2
> 6484 6291 209 -96 2 1
> 14391 1906 212 126 61 3
> 15065 1448 388 -21 60 3
! 33471 100068 200
! 89379 68361 200
> 16344 1860 408 223 196 2
> 6693 6195 177 -81 20 1
> 14641 2228 212 273 79 3
> 15533 1535 -83 -108 42 3
! 13014 1883 113
! 6061 7310 140
> 16344 1860 408 223 196 2
> 6693 6195 177 -81 20 1
> 14641 2228 212 273 79 3
> 15533 1535 -83 -108 42 3
! 2454 101482 200
! 89847 68448 0
> 16639 2084 250 190 180 2
> 6980 6200 244 4 38 1
> 14829 2700 159 400 97 3
> 15450 1427 -70 -91 42 3
! 13014 1883 170
! 6477 7251 110
> 16639 2084 250 190 180 2
> 6980 6200 244 4 38 1
> 14829 2700 159 400 97 3
> 15450 1427 -70 -91 42 3
! -27432 93330 0
! 65450 88029 0
> 16719 2265 68 153 -177 2
> 7285 6295 259 80 56 1
> 14988 3100 135 340 115 3
> 15380 1336 -59 -77 60 3
! 13014 1883 170
! 14988 3100 0
> 16719 2265 68 153 -177 2
> 7285 6295 259 80 56 1
> 14988 3100 135 340 115 3
> 15380 1336 -59 -77 60 3
! -53211 76235 0
! 36171 99150 0
> 16618 2401 -85 115 -174 2
> 7544 6375 220 68 38 1
> 15123 3440 114 289 133 3
> 15321 1259 -50 -65 78 3
! 15366 -1018 200
! 7641 7276 0
> 16618 2401 -85 115 -174 2
> 7544 6375 220 68 38 1
> 15123 3440 114 289 133 3
> 15321 1259 -50 -65 78 3
! -72338 51921 200
! 4868 100711 200
> 16350 2435 -227 28 -156 2
> 7764 6443 187 57 56 1
> 15062 3826 -51 328 151 3
> 15250 1393 -60 113 96 3
! 13306 962 170
! 7659 7312 0
> 16350 2435 -227 28 -156 2
> 7764 6443 187 57 56 1
> 15062 3826 -51 328 151 3
> 15250 1393 -60 113 96 3
! -83100 22906 200
! 36041 99207 0
> 15970 2389 -323 -39 -154 2
> 7951 6500 158 48 74 1
> 14815 4192 -210 311 169 3
> 15190 1506 -51 96 78 3
! 12996 2029 200
! 7672 7340 0
> 15970 2389 -323 -39 -154 2
> 7951 6500 158 48 74 1
> 14815 4192 -210 311 169 3
> 15190 1506 -51 96 78 3
! -84439 -7994 200
! 35981 99320 200
> 15572 2500 -158 352 -172 2
> 8109 6548 134 40 92 1
> 14406 4479 -347 243 -173 3
> 15057 1621 -292 -161 78 3
! 15707 -127 140
! 7677 7352 170
> 15572 2500 -158 352 -172 2
> 8109 6548 134 40 92 1
> 14406 4479 -347 243 -173 3
> 15057 1621 -292 -161 78 3
! -84848 -7707 200
! 4604 101073 200
> 15288 2791 -241 247 -154 2
> 8185 6748 64 169 110 1
> 13860 4698 -463 185 -173 3
> 14744 1659 -265 32 96 3
! 15255 342 110
! 7411 6597 140
> 15288 2791 -241 247 -154 2
> 8185 6748 64 169 110 1
> 13860 4698 -463 185 -173 3
> 14744 1659 -265 32 96 3
! -84302 23778 200
! 4291 101111 0
> 14968 2962 -272 145 -136 2
> 8163 7027 -18 237 128 1
> 13201 4921 -560 189 169 3
> 14479 1691 -225 27 96 3
! 14807 735 80
! 27615 -11721 80
> 14968 2962 -272 145 -136 2
> 8163 7027 -18 237 128 1
> 13201 4921 -560 189 169 3
> 14479 1691 -225 27 96 3
! -84961 24001 200
! 35270 99505 200
> 14658 3036 -263 63 -118 2
> 8118 7339 -38 265 110 1
> 12445 5148 -642 193 169 3
> 14296 1914 -155 189 78 3
! 14432 1040 80
! 26730 -13619 80
> 14658 3036 -263 63 -118 2
> 8118 7339 -38 265 110 1
> 12445 5148 -642 193 169 3
> 14296 1914 -155 189 78 3
! -75016 53629 200
! 35087 99728 200
> 14395 3070 -136 338 -100 2
> 8077 7684 -34 293 92 1
> 11628 5438 -694 246 151 3
> 14169 2249 -195 -24 78 3
! 13014 1883 170
! 25441 -15897 80
> 14395 3070 -136 338 -100 2
> 8077 7684 -34 293 92 1
> 11628 5438 -694 246 151 3
> 14169 2249 -195 -24 78 3
! -56571 78573 200
! 34960 100063 200
> 14179 3258 -183 159 -118 2
> 8065 8054 -10 314 74 1
> 10798 5830 -705 333 133 3
> 14016 2421 -130 145 78 3
! 13014 1883 170
! 22981 -19283 80
> 14179 3258 -183 159 -118 2
> 8065 8054 -10 314 74 1
> 10798 5830 -705 333 133 3
> 14016 2421 -130 145 78 3
! -76663 54311 200
! 3563 101873 0
> 13901 3404 -228 183 -130 2
> 8100 8434 29 323 56 1
> 9918 6260 -747 365 151 3
> 13871 2450 -130 -35 96 3
! 13014 1883 170
! 19681 -22641 80
> 13901 3404 -228 183 -130 2
> 8100 8434 29 323 56 1
> 9918 6260 -747 365 151 3
> 13871 2450 -130 -35 96 3
! -88244 25340 200
! -26802 93804 200
> 13587 3440 -266 30 -120 2
> 8192 8806 78 316 38 1
> 8975 6663 -801 342 169 3
> 13660 2598 -179 125 114 3
! 14962 2512 140
! 9767 -28365 80
> 13587 3440 -266 30 -120 2
> 8192 8806 78 316 38 1
> 8975 6663 -801 342 169 3
> 13660 2598 -179 125 114 3
! -90279 -5523 0
! -53253 76912 0
> 13269 3513 -274 101 -102 2
> 8345 9149 130 291 20 1
> 8174 7005 -680 290 -173 3
> 13503 2543 -128 -86 132 3
! 13014 1883 170
! -2614 -29885 120
> 13269 3513 -274 101 -102 2
> 8345 9149 130 291 20 1
> 8174 7005 -680 290 -173 3
> 13503 2543 -128 -86 132 3
! -82456 -35256 0
! -27170 93897 200
> 12969 3446 -255 -56 -99 2
> 8595 9444 212 250 2 1
> 7494 7295 -578 246 -155 3
> 13294 2640 -177 82 114 3
! 14513 3199 140
! -13619 -26730 170
> 12969 3446 -255 -56 -99 2
> 8595 9444 212 250 2 1
> 7494 7295 -578 246 -155 3
> 13294 2640 -177 82 114 3
! -65641 -60904 0
! -53619 76954 200
> 12599 3576 -337 164 -81 2
> 8970 9647 319 172 -16 1
> 6916 7541 -491 209 -137 4
> 13121 2546 -124 -133 132 3
! 13014 1883 170
! 7377 6514 88
> 12599 3576 -337 164 -81 2
> 8970 9647 319 172 -16 1
> 6916 7541 -491 209 -137 4
> 13121 2546 -124 -133 132 3
! -41565 -79920 200
! -27552 93900 0
> 12302 3575 -252 0 -76 2
> 9362 9770 333 104 -34 1
> 6328 7575 -499 28 -119 4
> 12997 2413 -105 -113 114 3
! 13014 1883 170
! 7770 6833 97
> 12302 3575 -252 0 -76 2
> 9362 9770 333 104 -34 1
> 6328 7575 -499 28 -119 4
> 12997 2413 -105 -113 114 3
! -12752 -90587 200
! -53916 76727 200
> 12116 3418 -158 -133 -67 2
> 9755 9798 333 23 -52 1
> 5791 7407 -456 -143 -101 4
> 12758 2449 -203 30 132 3
! 13781 4042 140
! 8290 7000 80
> 12116 3418 -158 -133 -67 2
> 9755 9798 333 23 -52 1
> 5791 7407 -456 -143 -101 4
> 12758 2449 -203 30 132 3
! 17977 -91847 200
! -54155 76763 200
> 11974 3291 -291 148 -49 2
> 10115 9746 306 -44 -70 1
> 5359 7065 -366 -290 -83 4
> 12496 2515 -51 -199 132 3
! 13014 1883 170
! 8747 7095 80
> 11974 3291 -291 148 -49 2
> 10115 9746 306 -44 -70 1
> 5359 7065 -366 -290 -83 4
> 12496 2515 -51 -199 132 3
! 47620 -83565 200
! -28177 93869 200
> 11784 3302 -161 9 -54 2
> 10424 9622 262 -105 -88 1
> 5078 6594 -239 -400 -65 4
> 12364 2499 -112 -13 114 3
! 13014 1883 170
! 9289 7052 80
> 11784 3302 -161 9 -54 2
> 10424 9622 262 -105 -88 1
> 5078 6594 -239 -400 -65 4
> 12364 2499 -112 -13 114 3
! 73277 -66541 200
! -54549 76813 0
> 11734 3183 -42 -101 -49 2
> 10664 9440 203 -154 -106 1
> 4975 6048 -87 -464 -47 4
> 12252 2486 -95 -11 132 3
! 13429 3857 140
! 9929 6909 80
> 11734 3183 -42 -101 -49 2
> 10664 9440 203 -154 -106 1
> 4975 6048 -87 -464 -47 4
> 12252 2486 -95 -11 132 3
! 73174 -67087 200
! -28421 93840 200
> 11597 3299 -151 145 -31 2
> 10845 9209 153 -196 -106 1
> 5024 5438 41 -518 -47 4
> 12291 2369 67 -146 114 3
! 13014 1883 116
! 10562 6771 80
> 11597 3299 -151 145 -31 2
> 10845 9209 153 -196 -106 1
> 5024 5438 41 -518 -47 4
> 12291 2369 67 -146 114 3
! 73223 -67697 200
! -28382 93723 200
> 11528 3362 -58 53 -45 2
> 10989 8934 122 -234 -97 1
> 5201 4774 150 -564 -47 4
> 12277 2406 -12 31 114 3
! 13014 1883 80
! 11007 6677 80
> 11528 3362 -58 53 -45 2
> 10989 8934 122 -234 -97 1
> 5201 4774 150 -564 -47 4
> 12277 2406 -12 31 114 3
! 92662 -43707 200
! -54636 76720 200
> 11527 3359 -1 -2 -45 2
> 11112 8620 104 -266 -90 1
> 5526 4113 276 -561 -29 4
> 12131 2586 -123 152 132 3
! 13393 4309 80
! 11845 6744 200
> 11527 3359 -1 -2 -45 2
> 11112 8620 104 -266 -90 1
> 5526 4113 276 -561 -29 4
> 12131 2586 -123 152 132 3
! 92987 -44368 200
! -28542 93940 200
> 11422 3542 -184 276 -27 2
> 11279 8164 142 -387 -72 1
> 5977 3455 383 -559 -29 4
> 12102 2700 70 -23 114 3
! 13014 1883 91
! 5977 3455 0
> 11422 3542 -184 276 -27 2
> 11279 8164 142 -387 -72 1
> 5977 3455 383 -559 -29 4
> 12102 2700 70 -23 114 3
! 93438 -45026 200
! -28571 94054 200
> 11302 3754 -101 180 -45 2
> 11421 7777 120 -328 -90 1
> 6535 2799 474 -557 -29 4
> 12091 2860 -9 135 114 3
! 13014 1883 80
! 6535 2799 0
> 11302 3754 -101 180 -45 2
> 11421 7777 120 -328 -90 1
> 6535 2799 474 -557 -29 4
> 12091 2860 -9 135 114 3
! 104697 -16282 0
! -54822 77174 200
> 11255 3875 -39 102 -48 2
> 11541 7449 102 -278 -108 1
> 7009 2242 402 -473 -11 4
> 11948 3144 -121 241 132 3
! 13014 1883 80
! 7009 2242 0
> 11255 3875 -39 102 -48 2
> 11541 7449 102 -278 -108 1
> 7009 2242 402 -473 -11 4
> 11948 3144 -121 241 132 3
! 106263 14428 200
! -74654 53144 200
> 11118 4079 -235 302 -49 2
> 11643 7171 86 -236 -126 1
> 7610 1793 510 -381 7 0
> 11804 3323 -2 22 150 3
! 13014 1883 80
! 7610 1793 0
> 11118 4079 -235 302 -49 2
> 11643 7171 86 -236 -126 1
> 7610 1793 510 -381 7 0
> 11804 3323 -2 22 150 3
! 98240 44054 200
! -55109 77637 0
> 10935 4320 -155 205 -49 2
> 11729 6935 73 -200 -127 1
> 8301 1497 587 -252 25 0
> 11802 3345 -1 18 132 3
! 13014 1883 80
! 8301 1497 0
> 10935 4320 -155 205 -49 2
> 11729 6935 73 -200 -127 1
> 8301 1497 587 -252 25 0
> 11802 3345 -1 18 132 3
! 81436 69696 200
! -55111 77659 200
> 10832 4464 -87 122 -50 2
> 11802 6735 62 -170 -122 1
> 9034 1381 623 -98 43 0
> 11667 3512 -114 141 132 3
! 13014 1883 80
! 9034 1381 0
> 10832 4464 -87 122 -50 2
> 11802 6735 62 -170 -122 1
> 9034 1381 623 -98 43 0
> 11667 3512 -114 141 132 3
! 57514 88842 200
! -55246 77826 200
> 10797 4525 -30 51 -50 2
> 11864 6565 52 -144 -117 1
> 9754 1458 611 65 61 0
> 11419 3802 -210 246 132 3
! 13014 1883 80
! 9754 1458 0
> 10797 4525 -30 51 -50 2
> 11864 6565 52 -144 -117 1
> 9754 1458 611 65 61 0
> 11419 3802 -210 246 132 3
! 58234 88919 200
! -55494 78116 200
> 10565 4813 -282 343 -50 2
> 11916 6421 44 -122 -112 1
> 10462 1698 601 203 61 0
> 11329 3899 8 -17 132 3
! 13014 1883 80
! 10462 1698 0
> 10565 4813 -282 343 -50 2
> 11916 6421 44 -122 -112 1
> 10462 1698 601 203 61 0
> 11329 3899 8 -17 132 3
! 29542 99860 200
! -55584 78213 200
> 10334 5095 -196 239 -50 2
> 11960 6299 37 -103 -107 1
> 11101 2097 543 339 79 0
> 11203 4031 -106 111 132 3
! 13014 1883 80
! 11101 2097 0
> 10334 5095 -196 239 -50 2
> 11960 6299 37 -103 -107 1
> 11101 2097 543 339 79 0
> 11203 4031 -106 111 132 3
! 59581 89558 200
! -29470 95385 0
> 10189 5273 -123 150 -50 2
> 11997 6196 31 -87 -102 1
> 11741 2611 543 436 61 0
> 11097 4142 -90 94 114 3
! 13014 1883 80
! 12435 5926 0
> 10189 5273 -123 150 -50 2
> 11997 6196 31 -87 -102 1
> 11741 2611 543 436 61 0
> 11097 4142 -90 94 114 3
! 30821 100773 200
! -29576 95496 0
> 10117 5362 -61 75 -50 2
> 12028 6109 26 -73 -84 1
> 12322 3243 493 537 79 0
> 11007 4236 -76 79 114 3
! 13014 1883 80
! 12569 5906 0
> 10117 5362 -61 75 -50 2
> 12028 6109 26 -73 -84 1
> 12322 3243 493 537 79 0
> 11007 4236 -76 79 114 3
! 135 102497 200
! -55906 78550 200
> 10107 5376 -8 11 -50 2
> 12054 6036 22 -62 -66 1
> 12791 3979 398 625 97 0
> 10797 4464 -178 193 132 3
! 13014 1883 80
! 13181 4803 BOOST
> 10107 5376 -8 11 -50 2
> 12054 6036 22 -62 -66 1
> 12791 3979 398 625 97 0
> 10797 4464 -178 193 132 3
! -29470 94609 0
! -29876 95818 200
> 10041 5467 -235 307 -50 2
> 12211 5826 133 -178 -48 1
> 13189 4604 338 531 115 0
> 10647 4699 51 -31 114 3
! 13014 1883 80
! 13487 5331 BOOST
> 10041 5467 -235 307 -50 2
> 12211 5826 133 -178 -48 1
> 13189 4604 338 531 115 0
> 10647 4699 51 -31 114 3
! -55010 77739 0
! -56266 79013 0
> 9857 5712 -156 208 -50 2
> 12518 5549 260 -235 -30 1
> 13527 5135 287 451 133 0
> 10698 4668 43 -26 132 3
! 13014 1883 80
! 13898 5405 BOOST
> 9857 5712 -156 208 -50 2
> 12518 5549 260 -235 -30 1
> 13527 5135 287 451 133 0
> 10698 4668 43 -26 132 3
! -73934 53616 200
! -56215 78982 200
> 9752 5858 -89 124 -50 2
> 12886 5263 186 -259 -12 1
> 13727 5694 296 491 151 0
> 10607 4791 -77 104 132 3
! 13014 1883 80
! 13396 6137 0
> 9752 5858 -89 124 -50 2
> 12886 5263 186 -259 -12 1
> 13727 5694 296 491 151 0
> 10607 4791 -77 104 132 3
! -84435 24774 200
! -56306 79105 200
> 9714 5920 -32 52 -51 2
> 13072 5004 158 -220 6 1
> 13827 6223 84 449 169 0
> 10396 5044 -179 214 132 3
! 13014 1883 80
! 13633 6371 0
> 9714 5920 -32 52 -51 2
> 13072 5004 158 -220 6 1
> 13827 6223 84 449 169 0
> 10396 5044 -179 214 132 3
! -85427 -5963 200
! -56517 79358 200
> 9622 6060 -234 331 -51 2
> 13230 4784 134 -187 24 1
> 13712 6648 -97 360 -173 0
> 10194 5256 -15 -31 132 3
! 13014 1883 80
! 13779 6618 0
> 9622 6060 -234 331 -51 2
> 13230 4784 134 -187 24 1
> 13712 6648 -97 360 -173 0
> 10194 5256 -15 -31 132 3
! -84450 25728 200
! -30479 96610 0
> 9438 6329 -156 228 -51 2
> 13364 4597 113 -158 42 1
> 13419 7046 -249 338 169 0
> 10179 5225 -12 -26 114 3
! 13014 1883 80
! 13877 7011 0
> 9438 6329 -156 228 -51 2
> 13364 4597 113 -158 42 1
> 13419 7046 -249 338 169 0
> 10179 5225 -12 -26 114 3
! -85835 -5140 200
! -30494 96579 0
> 9332 6495 -89 140 -51 2
> 13477 4439 96 -134 60 1
> 12971 7360 -380 266 -173 1
> 10167 5199 -10 -22 114 3
! 13014 1883 80
! 12096 4043 170
> 9332 6495 -89 140 -51 2
> 13477 4439 96 -134 60 1
> 12971 7360 -380 266 -173 1
> 10167 5199 -10 -22 114 3
! -85191 26440 200
! -285 104651 0
> 9293 6572 -33 65 -51 2
> 13607 4472 110 27 78 1
> 12395 7664 -489 258 169 1
> 10157 5177 -8 -18 96 3
! 13014 1883 80
! 12886 3076 170
> 9293 6572 -33 65 -51 2
> 13607 4472 110 27 78 1
> 12395 7664 -489 258 169 1
> 10157 5177 -8 -18 96 3
! -86859 -4522 200
! -30516 96531 0
> 9310 6574 14 1 -52 2
> 13698 4668 77 166 96 1
> 11707 7898 -584 198 -173 1
> 10149 5159 -6 -15 114 3
! 7513 873 200
! 12759 3055 170
> 9310 6574 14 1 -52 2
> 13698 4668 77 166 96 1
> 11707 7898 -584 198 -173 1
> 10149 5159 -6 -15 114 3
! -78923 -34363 200
! -30524 96513 0
> 9394 6388 71 -158 -70 2
> 13705 4989 5 272 114 1
> 10942 8011 -650 96 -155 1
> 10143 5144 -5 -12 114 3
! 14031 2939 45
! 12629 3019 170
> 9394 6388 71 -158 -70 2
> 13705 4989 5 272 114 1
> 10942 8011 -650 96 -155 1
> 10143 5144 -5 -12 114 3
! -79688 -34250 200
! -56770 79458 200
> 9493 6195 84 -164 -52 2
> 13595 5386 -93 337 132 1
> 10111 8022 -706 9 -155 1
> 10004 5281 -118 116 132 3
! 13840 2717 SHIELD
! 12501 2967 170
> 9493 6195 84 -164 -52 2
> 13595 5386 -93 337 132 1
> 10111 8022 -706 9 -155 1
> 10004 5281 -118 116 132 3
! -63024 -60177 200
! -30669 96635 200
> 9551 6078 31 -65 -39 2
> 13354 5807 -204 357 150 1
> 9259 7895 -724 -108 -137 1
> 10060 5109 230 -481 114 3
! 13928 2848 200
! 12378 2900 170
> 9551 6078 31 -65 -39 2
> 13354 5807 -204 357 150 1
> 9259 7895 -724 -108 -137 1
> 10060 5109 230 -481 114 3
! -63876 -60304 200
! -392 104561 0
> 9582 6013 26 -55 -36 2
> 12983 6198 -314 332 168 1
> 8389 7651 -739 -207 -137 1
> 10290 4628 195 -408 96 3
! 13934 2868 200
! 12263 2819 170
> 9582 6013 26 -55 -36 2
> 12983 6198 -314 332 168 1
> 8389 7651 -739 -207 -137 1
> 10290 4628 195 -408 96 3
! -40092 -79810 200
! -162 104080 0
> 9608 5958 22 -46 -36 2
> 12500 6511 -410 266 186 1
> 7553 7269 -710 -324 -119 1
> 10485 4220 165 -346 96 3
! 13916 2852 200
! 12532 6487 39
> 9608 5958 22 -46 -36 2
> 12500 6511 -410 266 186 1
> 7553 7269 -710 -324 -119 1
> 10485 4220 165 -346 96 3
! -40928 -80192 200
! 32 103672 0
> 9630 5912 18 -39 -36 2
> 12054 6761 -378 212 204 1
> 6746 6770 -685 -424 -119 1
> 10650 3874 140 -294 96 3
! 13954 2915 200
! 12083 6742 35
> 9630 5912 18 -39 -36 2
> 12054 6761 -378 212 204 1
> 6746 6770 -685 -424 -119 1
> 10650 3874 140 -294 96 3
! -41735 -80691 200
! 31441 101688 0
> 9812 5759 155 -129 -35 2
> 11650 6949 -343 160 222 1
> 5964 6171 -664 -509 -119 1
> 10790 3580 119 -249 78 3
! 12240 1357 31
! 11687 6927 43
> 9812 5759 155 -129 -35 2
> 11650 6949 -343 160 222 1
> 5964 6171 -664 -509 -119 1
> 10790 3580 119 -249 78 3
! -42517 -81290 200
! 60790 90182 0
> 9986 5605 147 -130 -53 2
> 11286 7072 -309 104 240 1
> 5203 5487 -646 -581 -119 1
> 10909 3331 101 -211 60 3
! 12366 1439 84
! 11320 7054 38
> 9986 5605 147 -130 -53 2
> 11286 7072 -309 104 240 1
> 5203 5487 -646 -581 -119 1
> 10909 3331 101 -211 60 3
! -13877 -92675 0
! 31700 101145 0
> 10175 5402 160 -172 -60 2
> 10969 7139 -269 56 258 1
> 4557 4906 -549 -493 -101 2
> 11010 3120 85 -179 78 3
! 13246 2099 200
! 11884 2286 170
> 10175 5402 160 -172 -60 2
> 10969 7139 -269 56 258 1
> 4557 4906 -549 -493 -101 2
> 11010 3120 85 -179 78 3
! 16743 -94348 0
! 31801 100934 0
> 10471 5084 251 -270 -47 2
> 10719 7026 -212 -95 276 1
> 4008 4413 -466 -419 -83 2
> 11095 2941 72 -152 78 3
! 13246 2098 200
! 15665 7240 200
> 10471 5084 251 -270 -47 2
> 10719 7026 -212 -95 276 1
> 4008 4413 -466 -419 -83 2
> 11095 2941 72 -152 78 3
! 46269 -86217 200
! 31886 100755 200
