@ 0 reCurse
@ 1 Salenger
CP 5
CP 12681 7101
CP 4057 4633
CP 13014 1883
CP 6574 7824
CP 7480 1349
> 12543 7582 0 0 -1 1
> 12819 6620 0 0 -1 1
> 12268 8543 0 0 -1 1
> 13094 5659 0 0 -1 1
! -87436 5552 200
! -73097 -44549 200
> 12543 7582 0 0 -1 1
> 12819 6620 0 0 -1 1
> 12268 8543 0 0 -1 1
> 13094 5659 0 0 -1 1
! 4057 4633 200
! 12915 3078 170
> 12343 7578 -169 -3 -179 1
> 12647 6518 -146 -86 -149 1
> 12087 8457 -153 -73 -155 1
> 13082 5489 -9 -144 -94 1
! -83287 36815 200
! -84790 -15977 200
> 12343 7578 -169 -3 -179 1
> 12647 6518 -146 -86 -149 1
> 12087 8457 -153 -73 -155 1
> 13082 5489 -9 -144 -94 1
! 4059 4627 200
! 11202 2885 200
> 12014 7534 -248 -136 -197 1
> 12306 6387 -289 -111 -167 1
> 11722 8396 -341 47 -154 1
> 12998 5160 -71 -280 -112 1
! -87970 5788 200
! -85131 -16108 200
> 12014 7534 -248 -136 -197 1
> 12306 6387 -289 -111 -167 1
> 11722 8396 -341 47 -154 1
> 12998 5160 -71 -280 -112 1
! 7471 990 200
! 12295 2390 200
> 11566 7395 -380 -118 -179 1
> 11822 6231 -411 -132 -167 1
> 11236 8305 -413 -77 -136 1
> 12878 4686 -102 -402 -104 1
! -88418 5649 200
! -85615 -16264 200
> 11566 7395 -380 -118 -179 1
> 11822 6231 -411 -132 -167 1
> 11236 8305 -413 -77 -136 1
> 12878 4686 -102 -402 -104 1
! 5398 2742 200
! 11822 6231 0
> 10986 7274 -492 -103 -179 1
> 11216 6054 -514 -150 -167 1
> 10678 8090 -474 -182 -136 1
> 12776 4284 -86 -341 -122 1
! -83565 -25282 200
! -88403 14769 200
> 10986 7274 -492 -103 -179 1
> 11216 6054 -514 -150 -167 1
> 10678 8090 -474 -182 -136 1
> 12776 4284 -86 -341 -122 1
! 4495 3898 200
! 11216 6054 0
> 10335 7027 -522 -290 -161 1
> 10503 5921 -606 -112 175 1
> 10008 7875 -600 -102 -146 1
> 12690 3943 -73 -289 -140 1
! -89649 5281 200
! -81547 44994 200
> 10335 7027 -522 -290 -161 1
> 10503 5921 -606 -112 175 1
> 10008 7875 -600 -102 -146 1
> 12690 3943 -73 -289 -140 1
! 5430 2877 200
! 10503 5921 0
> 9613 6734 -613 -249 -179 1
> 9713 5887 -671 -28 157 1
> 9273 7626 -624 -212 -132 1
> 12617 3654 -62 -245 -158 1
! -84938 -25822 200
! -65757 71492 200
> 9613 6734 -613 -249 -179 1
> 9713 5887 -671 -28 157 1
> 9273 7626 -624 -212 -132 1
> 12617 3654 -62 -245 -158 1
! 4729 3686 200
! 9713 5887 0
> 8857 6566 -580 -258 -161 1
> 8935 5629 -655 -263 139 1
> 8408 7498 -803 51 -139 1
> 12555 3409 -52 -208 -176 1
! -85694 -25990 200
! -66535 71234 200
> 8857 6566 -580 -258 -161 1
> 8935 5629 -655 -263 139 1
> 8408 7498 -803 51 -139 1
> 12555 3409 -52 -208 -176 1
! 6657 2591 200
! 8935 5629 0
> 8084 6302 -665 -90 -161 1
> 8133 5438 -673 -295 139 1
> 7502 7378 -770 -102 -121 1
> 12503 3201 -44 -176 -194 1
! -71779 -53879 200
! -43370 91154 200
> 8084 6302 -665 -90 -161 1
> 8133 5438 -673 -295 139 1
> 7502 7378 -770 -102 -121 1
> 12503 3201 -44 -176 -194 1
! 5962 3250 200
! 8133 5438 0
> 7256 6125 -715 -43 -143 1
> 7361 5281 -644 -240 121 1
> 6662 7089 -713 -245 -110 1
> 12459 3025 -37 -149 153 1
! -50101 -75790 200
! -15134 102718 200
> 7256 6125 -715 -43 -143 1
> 7361 5281 -644 -240 121 1
> 6662 7089 -713 -245 -110 1
> 12459 3025 -37 -149 153 1
! 5301 3777 200
! 7361 5281 0
> 6403 6033 -736 -21 -125 1
> 6695 5121 -554 -192 103 1
> 5873 6659 -670 -365 -112 1
> 12422 2876 -31 -126 156 1
! -50954 -75882 200
! -44808 90837 0
> 6403 6033 -736 -21 -125 1
> 6695 5121 -554 -192 103 1
> 5873 6659 -670 -365 -112 1
> 12422 2876 -31 -126 156 1
! 4839 4142 SHIELD
! 6403 6033 0
> 5775 5643 -576 -208 -125 1
> 6192 4809 -364 -412 121 1
> 5176 6327 -594 -280 -112 1
> 12391 2750 -26 -107 152 1
! -51582 -76272 200
! -16303 102246 200
> 5775 5643 -576 -208 -125 1
> 6192 4809 -364 -412 121 1
> 5176 6327 -594 -280 -112 1
> 12391 2750 -26 -107 152 1
! 5100 4298 140
! 5775 5643 0
> 5084 5271 -587 -316 -125 1
> 5783 4592 -347 -184 103 1
> 4582 6047 -504 -238 -94 1
> 12365 2643 -22 -90 156 1
! -24153 -90359 0
! -45720 90308 200
> 5084 5271 -587 -316 -125 1
> 5783 4592 -347 -184 103 1
> 4582 6047 -504 -238 -94 1
> 12365 2643 -22 -90 156 1
! 5195 4668 110
! 11999 2465 0
> 4497 4955 -498 -268 -107 2
> 5333 4579 -382 -10 121 1
> 4078 5809 -428 -202 -76 1
> 12343 2553 -18 -76 174 1
! 6242 -95029 0
! -70137 70184 0
> 4497 4955 -498 -268 -107 2
> 5333 4579 -382 -10 121 1
> 4078 5809 -428 -202 -76 1
> 12343 2553 -18 -76 174 1
! 5123 5269 80
! -28531 9270 170
> 3999 4687 -423 -227 -89 2
> 4951 4569 -324 -8 139 1
> 3650 5607 -363 -171 -58 1
> 12157 2505 -157 -41 171 1
! 36555 -89864 200
! -87099 43642 200
> 3999 4687 -423 -227 -89 2
> 4951 4569 -324 -8 139 1
> 3650 5607 -363 -171 -58 1
> 12157 2505 -157 -41 171 1
! 4641 5970 80
! -21580 20839 115
> 3641 4271 -304 -353 -71 2
> 4443 4639 -431 59 157 2
> 3348 5384 -256 -189 -40 1
> 11898 2517 -220 10 153 1
! 63822 -75592 200
! -87607 43712 200
> 3641 4271 -304 -353 -71 2
> 4443 4639 -431 59 157 2
> 3348 5384 -256 -189 -40 1
> 11898 2517 -220 10 153 1
! 4057 4633 170
! -26238 14544 200
> 3457 3758 -156 -435 -53 2
> 3929 4722 -49 -136 157 2
> 3108 5125 -591 -12 -47 1
> 11487 2587 -349 59 162 1
! 85372 -53599 200
! -95690 13437 0
> 3457 3758 -156 -435 -53 2
> 3929 4722 -49 -136 157 2
> 3108 5125 -591 -12 -47 1
> 11487 2587 -349 59 162 1
! 4057 4633 170
! -27815 11238 146
> 3465 3208 6 -467 -35 2
> 3880 4586 -41 -115 175 2
> 2666 5031 -375 -79 -29 1
> 10995 2677 -417 76 168 1
! 99095 -26029 200
! -95739 13301 0
> 3465 3208 6 -467 -35 2
> 3880 4586 -41 -115 175 2
> 2666 5031 -375 -79 -29 1
> 10995 2677 -417 76 168 1
! 4057 4633 170
! -29981 -1046 18
> 3662 2683 167 -446 -17 2
> 3839 4471 -34 -97 175 2
> 2454 4905 -179 -106 -16 1
> 10560 2751 -369 63 -175 1
! 99292 -26554 200
! -88211 43544 200
> 3662 2683 167 -446 -17 2
> 3839 4471 -34 -97 175 2
> 2454 4905 -179 -106 -16 1
> 10560 2751 -369 63 -175 1
! 4057 4633 170
! -29448 -5724 169
> 4020 2179 304 -428 -17 2
> 3621 4452 -185 -16 157 2
> 2443 4771 -9 -114 -10 1
> 10026 2779 -454 23 -168 1
! 99650 -27058 200
! -88429 43525 200
> 4020 2179 304 -428 -17 2
> 3621 4452 -185 -16 157 2
> 2443 4771 -9 -114 -10 1
> 10026 2779 -454 23 -168 1
! 4057 4633 170
! -28977 -7764 172
> 4515 1693 420 -413 -17 2
> 3388 4484 149 -51 157 2
> 2468 4673 -326 -4 -5 1
> 9406 2757 -527 -18 -165 1
! 104499 3438 200
! -88662 43557 0
> 4515 1693 420 -413 -17 2
> 3388 4484 149 -51 157 2
> 2468 4673 -326 -4 -5 1
> 9406 2757 -527 -18 -165 1
! 4057 4633 80
! -27615 -11721 148
> 5135 1283 526 -348 1 2
> 3537 4433 126 -43 157 2
> 2222 4667 -209 -5 -1 1
> 8741 2685 -565 -61 -159 1
! 99686 33839 200
! -96082 13148 200
> 5135 1283 526 -348 1 2
> 3537 4433 126 -43 157 2
> 2222 4667 -209 -5 -1 1
> 8741 2685 -565 -61 -159 1
! 4057 4633 80
! -24270 -17633 171
> 5850 1000 607 -240 19 2
> 3464 4407 -62 -21 175 2
> 2093 4661 -109 -5 -1 1
> 8030 2534 -604 -128 -148 1
! 100401 33556 200
! -96155 13122 200
> 5850 1000 607 -240 19 2
> 3464 4407 -62 -21 175 2
> 2093 4661 -109 -5 -1 1
> 8030 2534 -604 -128 -148 1
! 4057 4633 80
! 6654 784 BOOST
> 6646 825 676 -148 19 2
> 3203 4403 -222 -3 175 2
> 2064 4655 -24 -5 -1 1
> 7005 1911 -871 -529 -130 1
! 106630 2570 200
! -88847 43476 200
> 6646 825 676 -148 19 2
> 3203 4403 -222 -3 175 2
> 2064 4655 -24 -5 -1 1
> 7005 1911 -871 -529 -130 1
! 4057 4633 115
! 11238 -27815 SHIELD
> 7522 680 744 -122 1 2
> 2929 4445 69 -38 157 2
> 2023 4681 -336 97 -1 1
> 6134 1382 -740 -449 -112 1
! 102073 33236 200
! -89121 43518 0
> 7522 680 744 -122 1 2
> 2929 4445 69 -38 157 2
> 2023 4681 -336 97 -1 1
> 6134 1382 -740 -449 -112 1
! 4057 4633 80
! 26730 -13619 170
> 8455 623 793 -48 19 2
> 2998 4407 58 -32 157 2
> 1767 4776 -217 80 -1 1
> 5394 933 -629 -381 -94 1
! 88318 60804 200
! -72472 70012 0
> 8455 623 793 -48 19 2
> 2998 4407 58 -32 157 2
> 1767 4776 -217 80 -1 1
> 5394 933 -629 -381 -94 1
! 4057 4633 80
! 29835 -3135 170
> 9408 695 809 61 37 2
> 3056 4375 49 -27 139 2
> 1630 4851 -116 63 -4 1
> 4765 552 -534 -323 -76 1
! 66765 82610 200
! -72414 69980 0
> 9408 695 809 61 37 2
> 3056 4375 49 -27 139 2
> 1630 4851 -116 63 -4 1
> 4765 552 -534 -323 -76 1
! 4057 4633 80
! 29995 523 170
> 10332 920 785 191 55 2
> 3105 4348 41 -22 139 2
> 1594 4907 -30 47 -5 1
> 4231 229 -453 -274 -58 1
! 39569 96550 200
! -72365 69953 0
> 10332 920 785 191 55 2
> 3105 4348 41 -22 139 2
> 1594 4907 -30 47 -5 1
> 4231 229 -453 -274 -58 1
! 4057 4633 93
! 29776 3656 170
> 11175 1302 716 324 73 2
> 3146 4326 34 -18 139 2
> 1656 4944 53 31 -6 1
> 3907 -155 -274 -326 -40 1
! 9429 101286 0
! -72324 69931 200
> 11175 1302 716 324 73 2
> 3146 4326 34 -18 139 2
> 1656 4944 53 31 -6 1
> 3907 -155 -274 -326 -40 1
! 3365 3229 80
! 29448 5724 170
> 11891 1626 608 275 91 2
> 3029 4439 -99 96 139 2
> 1782 4942 107 -1 -24 1
> 3790 -546 -99 -332 -22 1
! -20665 96177 0
! -89021 43512 200
> 11891 1626 608 275 91 2
> 3029 4439 -99 96 139 2
> 1782 4942 107 -1 -24 1
> 3790 -546 -99 -332 -22 1
! 4059 4920 200
! 28837 8269 170
> 12499 1901 516 233 109 3
> 2814 4583 237 -68 157 2
> 2020 4950 -218 196 -6 1
> 3861 -891 59 -293 -4 1
! -47682 81764 200
! -72656 70188 0
> 12499 1901 516 233 109 3
> 2814 4583 237 -68 157 2
> 2020 4950 -218 196 -6 1
> 3861 -891 59 -293 -4 1
! 4057 4633 80
! 8672 1480 170
> 12895 2294 336 333 127 3
> 3051 4515 201 -57 139 2
> 1881 5134 -118 156 -9 1
> 4085 -1144 190 -215 14 1
! -69020 59651 200
! -72419 70120 200
> 12895 2294 336 333 127 3
> 3051 4515 201 -57 139 2
> 1881 5134 -118 156 -9 1
> 4085 -1144 190 -215 14 1
! 4057 4633 80
! 2303 3862 200
> 13067 2742 146 380 145 3
> 3101 4589 42 63 139 2
> 1841 5272 -34 117 -13 1
> 4445 -1254 306 -93 32 1
! -82563 31979 200
! -72369 70194 0
> 13067 2742 146 380 145 3
> 3101 4589 42 63 139 2
> 1841 5272 -34 117 -13 1
> 4445 -1254 306 -93 32 1
! 4057 4633 160
! 4797 3833 200
> 13022 3180 -38 372 163 3
> 3143 4652 35 53 139 2
> 1961 5345 101 61 -16 1
> 4881 -1195 370 50 50 1
! -68893 60537 200
! -72327 70257 200
> 13022 3180 -38 372 163 3
> 3143 4652 35 53 139 2
> 1961 5345 101 61 -16 1
> 4881 -1195 370 50 50 1
! 2766 3283 130
! 6635 3212 200
> 12820 3667 -171 413 145 3
> 3027 4836 -98 156 139 2
> 2170 5333 177 -10 -34 1
> 5327 -960 379 199 68 1
! -82810 32904 200
! -89023 43909 0
> 12820 3667 -171 413 145 3
> 3027 4836 -98 156 139 2
> 2170 5333 177 -10 -34 1
> 5327 -960 379 199 68 1
! 3767 4108 SHIELD
! 7877 2481 200
> 12458 4138 -307 400 163 3
> 3135 4874 347 -114 157 2
> 2326 5335 107 16 -37 1
> 5825 -600 423 305 53 1
! -83172 33375 200
! -88915 43947 200
> 12458 4138 -307 400 163 3
> 3135 4874 347 -114 157 2
> 2326 5335 107 16 -37 1
> 5825 -600 423 305 53 1
! 3459 3850 80
! 8178 2261 200
> 11960 4596 -423 389 163 3
> 3298 4838 138 -30 157 2
> 2433 5351 90 13 -53 1
> 6375 -141 467 390 51 1
! -83670 33833 200
! -88752 43911 200
> 11960 4596 -423 389 163 3
> 3298 4838 138 -30 157 2
> 2433 5351 90 13 -53 1
> 6375 -141 467 390 51 1
! 3427 3880 80
! 11960 4596 0
> 11346 5043 -522 380 163 3
> 3252 4886 -39 40 157 2
> 2523 5364 76 11 -56 1
> 6842 249 396 331 40 1
! -70569 62400 200
! -88798 43959 200
> 11346 5043 -522 380 163 3
> 3252 4886 -39 40 157 2
> 2523 5364 76 11 -56 1
> 6842 249 396 331 40 1
! 3393 3904 80
! 11346 5043 0
> 10660 5538 -582 420 145 3
> 3223 4871 25 -47 157 2
> 2405 5508 -150 157 -59 1
> 7238 580 336 281 47 1
! -84970 34775 200
! -72247 70476 200
> 10660 5538 -582 420 145 3
> 3223 4871 25 -47 157 2
> 2405 5508 -150 157 -59 1
> 7238 580 336 281 47 1
! 4057 4633 80
! 10660 5538 0
> 9887 6016 -657 406 163 3
> 3097 4955 -107 71 139 2
> 2315 5612 -76 88 -41 1
> 7574 861 285 238 55 1
! -85743 35253 200
! -48406 90671 0
> 9887 6016 -657 406 163 3
> 3097 4955 -107 71 139 2
> 2315 5612 -76 88 -41 1
> 7574 861 285 238 55 1
! 4057 4633 80
! 9887 6016 0
> 9039 6480 -721 394 163 3
> 2990 5026 -90 60 121 2
> 2309 5661 -5 41 -29 1
> 7859 1099 242 202 66 1
! -90945 4734 200
! -48513 90742 200
> 9039 6480 -721 394 163 3
> 2990 5026 -90 60 121 2
> 2309 5661 -5 41 -29 1
> 7859 1099 242 202 66 1
! 4057 4633 86
! 6747 1948 170
> 8118 6871 -782 331 181 3
> 2957 5107 53 -7 121 2
> 2218 5809 -158 202 -30 1
> 8119 1470 221 315 84 1
! -86433 -25685 0
! -48546 90823 0
> 8118 6871 -782 331 181 3
> 2957 5107 53 -7 121 2
> 2218 5809 -158 202 -30 1
> 8119 1470 221 315 84 1
! 4057 4633 80
! 8118 6871 0
> 7336 7202 -664 281 -161 3
> 3010 5100 45 -5 121 2
> 2127 5968 -77 135 -33 1
> 8340 1785 187 267 90 1
! -72527 -52979 200
! -48493 90816 0
> 7336 7202 -664 281 -161 3
> 3010 5100 45 -5 121 2
> 2127 5968 -77 135 -33 1
> 8340 1785 187 267 90 1
! 4057 4633 80
! 7450 2548 0
> 6512 7363 -700 136 -143 4
> 3055 5095 38 -4 121 2
> 2116 6057 -9 76 -35 1
> 8527 2052 158 226 108 1
! -50845 -74552 200
! -48448 90811 200
> 6512 7363 -700 136 -143 4
> 3055 5095 38 -4 121 2
> 2116 6057 -9 76 -35 1
> 8527 2052 158 226 108 1
! 4057 4633 80
! 7289 2533 0
> 5697 7335 -692 -23 -125 4
> 2990 5262 -55 142 121 2
> 2172 6086 47 24 -36 1
> 8685 2278 134 192 126 1
! -23540 -88295 200
! -72480 70867 SHIELD
> 5697 7335 -692 -23 -125 4
> 2990 5262 -55 142 121 2
> 2172 6086 47 24 -36 1
> 8685 2278 134 192 126 1
! 1664 3760 80
! 7137 2499 0
> 4947 7121 -637 -182 -107 4
> 2935 5404 -46 120 139 2
> 2266 6045 79 -34 -54 1
> 8819 2470 113 163 144 1
! 6692 -92863 0
! -89115 44477 SHIELD
> 4947 7121 -637 -182 -107 4
> 2935 5404 -46 120 139 2
> 2266 6045 79 -34 -54 1
> 8819 2470 113 163 144 1
! 3631 4218 80
! 6997 2447 0
> 4310 6939 -541 -154 -89 4
> 2909 5506 -7 73 157 2
> 2194 6129 -205 203 -53 1
> 8932 2633 96 138 162 1
! 6055 -93045 0
! -96710 14221 0
> 4310 6939 -541 -154 -89 4
> 2909 5506 -7 73 157 2
> 2194 6129 -205 203 -53 1
> 8932 2633 96 138 162 1
! 4057 4633 80
! 6888 2392 170
> 3769 6785 -459 -130 -89 4
> 2902 5579 -5 62 175 2
> 2051 6282 -121 129 -39 1
> 8858 2771 -62 117 180 1
! 5514 -93199 0
! -96717 14294 0
> 3769 6785 -459 -130 -89 4
> 2902 5579 -5 62 175 2
> 2051 6282 -121 129 -39 1
> 8858 2771 -62 117 180 1
! 4057 4633 80
! 8703 677 140
> 3310 6655 -390 -110 -89 4
> 2897 5641 -4 52 175 2
> 1992 6360 -50 66 -39 1
> 8663 2845 -165 62 198 1
! 5055 -93329 0
! -94540 -16854 SHIELD
> 3310 6655 -390 -110 -89 4
> 2897 5641 -4 52 175 2
> 1992 6360 -50 66 -39 1
> 8663 2845 -165 62 198 1
! 4057 4633 80
! 7447 1253 110
> 2920 6545 -331 -93 -89 4
> 2893 5693 -3 44 -167 2
> 2003 6375 9 12 -40 1
> 8409 2842 -215 -2 216 1
! 35476 -88006 0
! -94544 -16802 SHIELD
> 2920 6545 -331 -93 -89 4
> 2893 5693 -3 44 -167 2
> 2003 6375 9 12 -40 1
> 8409 2842 -215 -2 216 1
! 4057 4633 SHIELD
! 6963 1737 80
> 2976 6607 244 155 -71 4
> 2891 5728 -1 22 -167 2
> 1973 6380 -46 1 -40 1
> 8130 2791 -236 -42 -143 1
! 63157 -73256 200
! -96728 14443 0
> 2976 6607 244 155 -71 4
> 2891 5728 -1 22 -167 2
> 1973 6380 -46 1 -40 1
> 8130 2791 -236 -42 -143 1
! 4057 4633 170
! 2976 6607 0
> 3340 6602 309 -4 -53 4
> 2890 5750 0 18 175 2
> 1927 6381 -39 0 -40 1
> 7894 2749 -200 -35 -161 1
! 85255 -50755 200
! -89160 44823 0
> 3340 6602 309 -4 -53 4
> 2890 5750 0 18 175 2
> 1927 6381 -39 0 -40 1
> 7894 2749 -200 -35 -161 1
! 4057 4633 170
! 3340 6602 0
> 3813 6483 401 -100 -35 4
> 2890 5768 0 15 157 2
> 1888 6381 -33 0 -39 1
> 7694 2714 -170 -29 -179 1
! 85728 -50874 200
! -89160 44841 0
> 3813 6483 401 -100 -35 4
> 2890 5768 0 15 157 2
> 1888 6381 -33 0 -39 1
> 7694 2714 -170 -29 -179 1
! 4057 4633 170
! 3813 6483 0
> 4378 6268 480 -182 -35 4
> 2890 5783 0 12 157 2
> 1855 6381 -28 0 -39 1
> 7524 2685 -144 -24 -197 1
! 86293 -51089 200
! -89160 44856 200
> 4378 6268 480 -182 -35 4
> 2890 5783 0 12 157 2
> 1855 6381 -28 0 -39 1
> 7524 2685 -144 -24 -197 1
! 4057 4633 170
! 4378 6268 0
> 5022 5971 547 -252 -35 4
> 2706 5873 -156 76 157 2
> 1960 6275 89 -89 -38 1
> 7380 2661 -122 -20 -215 1
! 86937 -51386 200
! -96913 14588 0
> 5022 5971 547 -252 -35 4
> 2706 5873 -156 76 157 2
> 1960 6275 89 -89 -38 1
> 7380 2661 -122 -20 -215 1
! 3829 4405 200
! 5022 5971 0
> 5733 5604 604 -311 -35 4
> 2937 5746 232 -126 175 2
> 1803 6248 -168 -4 -45 1
> 7258 2641 -103 -17 -233 1
! 65914 -74259 200
! -96682 14461 200
> 5733 5604 604 -311 -35 4
> 2937 5746 232 -126 175 2
> 1803 6248 -168 -4 -45 1
> 7258 2641 -103 -17 -233 1
! 4057 4633 170
! 5733 5604 0
> 6457 5133 615 -400 -53 4
> 2970 5637 27 -92 175 2
> 1773 6145 -25 -87 -36 1
> 7155 2624 -87 -14 117 1
! 39013 -89418 0
! -89080 44710 0
> 6457 5133 615 -400 -53 4
> 2970 5637 27 -92 175 2
> 1773 6145 -25 -87 -36 1
> 7155 2624 -87 -14 117 1
! 3900 7869 140
! 27615 11721 170
> 7072 4733 522 -340 -71 4
> 2997 5545 22 -78 157 2
> 1881 6016 92 -109 -18 1
> 7041 2778 -97 130 99 1
! 8817 -95251 0
! -89053 44618 0
> 7072 4733 522 -340 -71 4
> 2997 5545 22 -78 157 2
> 1881 6016 92 -109 -18 1
> 7041 2778 -97 130 99 1
! 4370 5346 110
! 18879 23314 80
> 7594 4393 443 -289 -89 4
> 3019 5467 18 -66 157 2
> 2079 5878 168 -116 -15 1
> 6956 2987 -72 177 81 1
! -21643 -91237 200
! -89031 44540 200
> 7594 4393 443 -289 -89 4
> 3019 5467 18 -66 157 2
> 2079 5878 168 -116 -15 1
> 6956 2987 -72 177 81 1
! 4000 4551 200
! 28531 9270 80
> 7979 3913 326 -408 -107 4
> 3155 5350 292 -174 157 2
> 2112 5782 -148 -6 -33 1
> 6920 3235 -30 211 63 1
! -49378 -78002 200
! -88895 44423 200
> 7979 3913 326 -408 -107 4
> 3155 5350 292 -174 157 2
> 2112 5782 -148 -6 -33 1
> 6920 3235 -30 211 63 1
! 4057 4633 170
! 25441 -15897 80
> 8190 3341 179 -486 -125 4
> 3263 5254 91 -81 157 2
> 2110 5690 -1 -78 -31 1
> 6946 3503 22 227 45 1
! -71673 -56840 200
! -96356 13969 200
> 8190 3341 179 -486 -125 4
> 3263 5254 91 -81 157 2
> 2110 5690 -1 -78 -31 1
> 6946 3503 22 227 45 1
! 3952 6920 140
! 29776 -3656 80
> 8209 2735 16 -515 -143 4
> 3155 5190 -92 -54 175 2
> 2246 5582 115 -92 -13 1
> 7039 3767 79 224 27 1
! -71654 -57446 200
! -88895 44263 200
> 8209 2735 16 -515 -143 4
> 3155 5190 -92 -54 175 2
> 2246 5582 115 -92 -13 1
> 7039 3767 79 224 27 1
! 3813 4328 200
! 22641 -19681 80
> 8065 2100 -122 -540 -143 4
> 3257 5047 234 -186 157 2
> 2155 5555 -224 42 -31 1
> 7197 4004 134 201 9 1
! -86486 -30456 0
! -72213 70652 0
> 8065 2100 -122 -540 -143 4
> 3257 5047 234 -186 157 2
> 2155 5555 -224 42 -31 1
> 7197 4004 134 201 9 1
! 4057 4633 170
! 12678 -27189 80
> 7943 1560 -103 -459 -161 0
> 3491 4861 198 -158 139 2
> 2084 5523 -60 -27 -26 1
> 7410 4193 181 160 -9 1
! -92041 -185 0
! -88559 43934 200
> 7943 1560 -103 -459 -161 0
> 3491 4861 198 -158 139 2
> 2084 5523 -60 -27 -26 1
> 7410 4193 181 160 -9 1
! 4057 4633 170
! 12293 4744 200
> 7840 1101 -87 -390 -179 0
> 3505 4781 11 -67 157 2
> 2179 5426 80 -82 -24 1
> 7790 4375 322 155 6 1
! -87790 30338 0
! -71965 70386 200
> 7840 1101 -87 -390 -179 0
> 3505 4781 11 -67 157 2
> 2179 5426 80 -82 -24 1
> 7790 4375 322 155 6 1
! 4217 5423 140
! 11849 6329 200
> 7753 711 -73 -331 163 0
> 3365 4845 -118 54 139 2
> 2398 5329 186 -82 -6 1
> 8294 4613 428 202 24 1
! -74162 58068 200
! -88685 43918 200
> 7753 711 -73 -331 163 0
> 3365 4845 -118 54 139 2
> 2398 5329 186 -82 -6 1
> 8294 4613 428 202 24 1
! 4043 4603 SHIELD
! 11876 6303 200
> 7516 495 -201 -183 145 0
> 3467 4766 471 -268 157 2
> 2544 5268 85 -31 -24 1
> 8903 4900 517 244 25 1
! -52665 80358 0
! -72003 70371 200
> 7516 495 -201 -183 145 0
> 3467 4766 471 -268 157 2
> 2544 5268 85 -31 -24 1
> 8903 4900 517 244 25 1
! 4083 4706 200
! 7516 495 0
> 7315 312 -170 -155 127 0
> 3787 4629 272 -116 139 2
> 2629 5237 72 -26 -20 1
> 9420 5144 439 207 7 1
! -25241 94863 200
! -88263 43702 200
> 7315 312 -170 -155 127 0
> 3787 4629 272 -116 139 2
> 2629 5237 72 -26 -20 1
> 9420 5144 439 207 7 1
! 4085 4711 200
! 7315 312 0
> 7080 346 -199 28 109 0
> 3875 4591 74 -32 157 2
> 2701 5211 61 -22 -20 1
> 9859 5351 373 175 -11 1
! 5334 100330 200
! -88175 43664 200
> 7080 346 -199 28 109 0
> 3875 4591 74 -32 157 2
> 2701 5211 61 -22 -20 1
> 9859 5351 373 175 -11 1
! 4085 4711 200
! 7080 346 0
> 6878 574 -172 193 91 0
> 3765 4637 -93 39 157 2
> 2762 5189 51 -18 -20 1
> 10232 5526 317 148 -29 1
! 36115 96204 200
! -71705 70242 200
> 6878 574 -172 193 91 0
> 3765 4637 -93 39 157 2
> 2762 5189 51 -18 -20 1
> 10232 5526 317 148 -29 1
! 4088 4720 200
! 6878 574 0
> 6764 958 -96 326 73 0
> 3697 4709 197 -82 139 2
> 2826 5203 -201 155 -19 1
> 10549 5674 269 125 -47 1
! 64121 82873 200
! -88353 43782 200
> 6764 958 -96 326 73 0
> 3697 4709 197 -82 139 2
> 2826 5203 -201 155 -19 1
> 10549 5674 269 125 -47 1
! 4057 4633 80
! 6764 958 0
> 6783 1448 15 416 55 0
> 3710 4705 10 -3 157 2
> 2698 5324 -109 103 -25 1
> 10818 5799 228 106 -65 1
! 86646 61629 200
! -71760 70310 200
> 6783 1448 15 416 55 0
> 3710 4705 10 -3 157 2
> 2698 5324 -109 103 -25 1
> 10818 5799 228 106 -65 1
! 4057 4633 80
! 6783 1448 0
> 6958 1984 148 455 37 0
> 3569 4833 -119 108 139 2
> 2660 5391 -32 56 -27 1
> 11046 5905 193 90 -83 1
! 64315 83899 200
! -71901 70438 200
> 6958 1984 148 455 37 0
> 3569 4833 -119 108 139 2
> 2660 5391 -32 56 -27 1
> 11046 5905 193 90 -83 1
! 4057 4633 80
! 28007 -10751 43
> 7221 2603 223 526 55 0
> 3395 5016 48 42 139 2
> 2602 5465 -245 176 -28 1
> 11257 5956 179 43 -65 1
! 87084 62784 200
! -88655 44089 0
> 7221 2603 223 526 55 0
> 3395 5016 48 42 139 2
> 2602 5465 -245 176 -28 1
> 11257 5956 179 43 -65 1
! 4057 4633 80
! -22981 -19283 170
> 7604 3249 325 549 37 0
> 3443 5058 40 35 157 2
> 2426 5601 -149 115 -30 1
> 11457 5830 170 -106 -83 1
! 102155 35805 200
! -88607 44131 200
> 7604 3249 325 549 37 0
> 3443 5058 40 35 157 2
> 2426 5601 -149 115 -30 1
> 11457 5830 170 -106 -83 1
! 4057 4633 80
! -25160 -16339 133
> 8118 3863 436 521 19 0
> 3299 5171 -122 96 157 2
> 2346 5675 -68 63 -31 1
> 11602 5593 123 -201 -101 1
! 102669 36419 200
! -88751 44244 200
> 8118 3863 436 521 19 0
> 3299 5171 -122 96 157 2
> 2346 5675 -68 63 -31 1
> 11602 5593 123 -201 -101 1
! 4057 4633 80
! -26963 -13151 80
> 8743 4449 531 498 19 0
> 3049 5315 -4 9 157 2
> 2290 5727 -255 156 -31 1
> 11687 5322 71 -230 -119 1
! 103294 37005 200
! -89001 44388 0
> 8743 4449 531 498 19 0
> 3049 5315 -4 9 157 2
> 2290 5727 -255 156 -31 1
> 11687 5322 71 -230 -119 1
! 4057 4633 80
! -28837 -8269 80
> 9463 5012 612 478 19 0
> 3045 5324 -3 7 157 2
> 2103 5841 -158 96 -32 1
> 11700 5037 10 -242 -137 1
! 104014 37568 200
! -89005 44397 0
> 9463 5012 612 478 19 0
> 3045 5324 -3 7 157 2
> 2103 5841 -158 96 -32 1
> 11700 5037 10 -242 -137 1
! 4057 4633 80
! -29995 -523 80
> 10264 5555 680 461 19 0
> 3042 5331 -2 5 157 2
> 2013 5895 -76 45 -32 1
> 11638 4761 -52 -234 -155 1
! 90127 65736 200
! -89008 44404 0
> 10264 5555 680 461 19 0
> 3042 5331 -2 5 157 2
> 2013 5895 -76 45 -32 1
> 11638 4761 -52 -234 -155 1
! 4057 4633 80
! -25980 14999 80
> 11104 6136 713 494 37 0
> 3040 5336 -1 4 157 2
> 2005 5898 -6 2 -32 1
> 11507 4517 -111 -207 -173 1
! 105655 38692 0
! -89010 44409 0
> 11104 6136 713 494 37 0
> 3040 5336 -1 4 157 2
> 2005 5898 -6 2 -32 1
> 11507 4517 -111 -207 -173 1
! 4057 4633 125
! -7257 29108 89
> 11817 6630 606 419 19 0
> 3039 5340 0 3 157 2
> 2105 5834 85 -54 -32 1
> 11309 4327 -168 -161 -191 1
! 111801 8375 0
! -89011 44413 200
> 11817 6630 606 419 19 0
> 3039 5340 0 3 157 2
> 2105 5834 85 -54 -32 1
> 11309 4327 -168 -161 -191 1
! 4039 4605 200
! 6237 29344 146
> 12423 7049 515 356 1 1
> 3071 5308 220 -127 157 2
> 2143 5785 -161 59 -32 1
> 11013 4236 -251 -77 -209 1
! 108053 -22188 0
! -88979 44381 0
> 12423 7049 515 356 1 1
> 3071 5308 220 -127 157 2
> 2143 5785 -161 59 -32 1
> 11013 4236 -251 -77 -209 1
! 4057 4633 104
! 6020 7282 200
> 12938 7405 437 302 -17 1
> 3291 5181 187 -107 157 2
> 2071 5790 -61 4 -31 1
> 10591 4263 -358 23 149 1
! 94853 -49952 0
! -88759 44254 200
> 12938 7405 437 302 -17 1
> 3291 5181 187 -107 157 2
> 2071 5790 -61 4 -31 1
> 10591 4263 -358 23 149 1
! 4057 4633 170
! 5178 4610 200
> 13375 7707 371 256 -35 1
> 3294 5152 2 -24 157 2
> 2157 5708 73 -69 -30 1
> 10038 4332 -469 58 167 1
! 73556 -72156 0
! -88756 44225 200
> 13375 7707 371 256 -35 1
> 3294 5152 2 -24 157 2
> 2157 5708 73 -69 -30 1
> 10038 4332 -469 58 167 1
! 4259 5120 152
! 5187 4931 200
> 13746 7963 315 217 -53 1
> 3112 5206 -154 46 157 2
> 2376 5598 186 -93 -16 1
> 9371 4415 -567 70 173 1
! 46302 -86588 0
! -72358 70811 200
> 13746 7963 315 217 -53 1
> 3112 5206 -154 46 157 2
> 2376 5598 186 -93 -16 1
> 9371 4415 -567 70 173 1
! 4106 4732 SHIELD
! 5180 4932 200
> 14061 8180 267 184 -71 1
> 3652 4934 505 -256 139 2
> 2477 5550 81 -38 -27 1
> 8606 4509 -650 80 173 1
! 15806 -91804 200
! -88398 44007 200
> 14061 8180 267 184 -71 1
> 3652 4934 505 -256 139 2
> 2477 5550 81 -38 -27 1
> 8606 4509 -650 80 173 1
! 4124 4777 200
! 14061 8180 0
> 14331 8164 229 -13 -89 1
> 3973 4756 272 -151 157 2
> 2558 5512 68 -32 -25 1
> 7956 4589 -552 68 155 1
! -14906 -87466 200
! -88077 43829 200
> 14331 8164 229 -13 -89 1
> 3973 4756 272 -151 157 2
> 2558 5512 68 -32 -25 1
> 7956 4589 -552 68 155 1
! 4123 4775 200
! 14331 8164 0
> 14502 7960 144 -173 -107 1
> 4061 4683 74 -61 157 2
> 2626 5480 57 -27 -25 1
> 7404 4657 -469 57 137 1
! -42855 -73955 200
! -87989 43756 200
> 14502 7960 144 -173 -107 1
> 4061 4683 74 -61 157 2
> 2626 5480 57 -27 -25 1
> 7404 4657 -469 57 137 1
! 4122 4771 200
! 14502 7960 0
> 14531 7623 24 -286 -125 1
> 3951 4700 -93 14 157 2
> 2683 5453 48 -22 -25 1
> 6935 4714 -398 48 119 1
! -65332 -52558 200
! -71519 70305 200
> 14531 7623 24 -286 -125 1
> 3951 4700 -93 14 157 2
> 2683 5453 48 -22 -25 1
> 6935 4714 -398 48 119 1
! 4129 4790 200
! 14531 7623 0
> 14395 7217 -115 -345 -143 1
> 3707 4845 -207 123 139 2
> 2913 5348 195 -89 -25 1
> 6537 4762 -338 40 101 1
! -80156 -25339 200
! -71763 70450 SHIELD
> 14395 7217 -115 -345 -143 1
> 3707 4845 -207 123 139 2
> 2913 5348 195 -89 -25 1
> 6537 4762 -338 40 101 1
! 4129 4792 SHIELD
! 14395 7217 0
> 14091 6807 -258 -348 -161 1
> 3762 4797 146 -105 139 2
> 2846 5430 -156 134 -25 1
> 6199 4802 -287 34 83 1
! -85893 5061 200
! -47741 90513 200
> 14091 6807 -258 -348 -161 1
> 3762 4797 146 -105 139 2
> 2846 5430 -156 134 -25 1
> 6199 4802 -287 34 83 1
! 4057 4633 80
! -29995 523 73
> 13633 6456 -389 -298 -179 1
> 3908 4692 124 -89 121 2
> 2690 5564 -132 113 -33 1
> 5898 4908 -255 89 101 1
! -86351 4710 200
! -71562 70297 0
> 13633 6456 -389 -298 -179 1
> 3908 4692 124 -89 121 2
> 2690 5564 -132 113 -33 1
> 5898 4908 -255 89 101 1
! 4057 4633 80
! -29448 5724 51
> 13044 6155 -500 -256 -179 1
> 4032 4603 105 -75 139 2
> 2558 5677 -112 96 -34 1
> 5618 5042 -237 113 119 1
! -86940 4409 200
! -47471 90319 0
> 13044 6155 -500 -256 -179 1
> 4032 4603 105 -75 139 2
> 2558 5677 -112 96 -34 1
> 5618 5042 -237 113 119 1
! 4057 4633 80
! 29708 4175 139
> 12344 5896 -594 -220 -179 1
> 4137 4528 89 -63 121 2
> 2446 5773 -95 81 -35 1
> 5355 5291 -223 212 101 1
! -87640 4150 200
! -18358 101965 200
> 12344 5896 -594 -220 -179 1
> 4137 4528 89 -63 121 2
> 2446 5773 -95 81 -35 1
> 5355 5291 -223 212 101 1
! 4057 4633 80
! 29835 3135 92
> 11550 5673 -674 -189 -179 1
> 4181 4660 37 112 103 2
> 2416 5808 -25 29 -35 1
> 5143 5594 -179 257 83 1
! -88434 3927 200
! 12896 104279 200
> 11550 5673 -674 -189 -179 1
> 4181 4660 37 112 103 2
> 2416 5808 -25 29 -35 1
> 5143 5594 -179 257 83 1
! 4057 4633 80
! 29995 523 112
> 10676 5481 -742 -163 -179 1
> 4235 4971 46 264 85 2
> 2456 5790 34 -14 -36 1
> 5011 5952 -111 304 65 1
! -89308 3735 200
! 43308 97021 0
> 10676 5481 -742 -163 -179 1
> 4235 4971 46 264 85 2
> 2456 5790 34 -14 -36 1
> 5011 5952 -111 304 65 1
! 3743 4291 31
! 29926 -2092 110
> 9734 5315 -800 -141 -179 1
> 4281 5235 39 224 67 2
> 2510 5752 46 -31 -49 1
> 4975 6336 -30 326 47 1
! -90250 3569 200
! 43354 97285 0
> 9734 5315 -800 -141 -179 1
> 4281 5235 39 224 67 2
> 2510 5752 46 -31 -49 1
> 4975 6336 -30 326 47 1
! 4092 4685 200
! 29231 -6748 110
> 8734 5171 -849 -122 -179 1
> 4320 5459 33 190 67 2
> 2722 5609 180 -121 -34 1
> 5041 6715 56 322 29 1
! -91250 3425 0
! 69925 80929 0
> 8734 5171 -849 -122 -179 1
> 4320 5459 33 190 67 2
> 2722 5609 180 -121 -34 1
> 5041 6715 56 322 29 1
! 4093 4687 200
! 27615 -11721 108
> 7885 5049 -721 -103 -179 1
> 4353 5649 28 161 49 2
> 3068 5376 294 -197 -34 1
> 5203 7058 137 291 11 1
! -86666 -27507 0
! 90069 57152 0
> 7885 5049 -721 -103 -179 1
> 4353 5649 28 161 49 2
> 3068 5376 294 -197 -34 1
> 5203 7058 137 291 11 1
! 4094 4688 200
! 23959 -18054 111
> 7164 4946 -612 -87 -161 1
> 4381 5810 23 136 31 2
> 3528 5068 391 -262 -34 1
> 5450 7335 210 235 -7 1
! -92820 3200 0
! 101818 28305 200
> 7164 4946 -612 -87 -161 1
> 4381 5810 23 136 31 2
> 3528 5068 391 -262 -34 1
> 5450 7335 210 235 -7 1
! 13014 1883 0
! 17633 -24270 110
> 6552 4859 -520 -73 -179 1
> 4599 5991 185 153 13 2
> 3919 4806 332 -222 -19 2
> 5760 7523 263 160 -25 1
! -93432 3113 200
! 104218 -2724 200
> 6552 4859 -520 -73 -179 1
> 4599 5991 185 153 13 2
> 3919 4806 332 -222 -19 2
> 5760 7523 263 160 -25 1
! 13467 4495 170
! 8771 -28689 115
> 5832 4783 -611 -65 -179 1
> 4983 6127 326 115 -5 2
> 4421 4578 426 -193 -2 2
> 6107 7605 295 69 -43 1
! -94152 3037 SHIELD
! 97033 -32946 0
> 5832 4783 -611 -65 -179 1
> 4983 6127 326 115 -5 2
> 4421 4578 426 -193 -2 2
> 6107 7605 295 69 -43 1
! 13277 2944 SHIELD
! -3135 -29835 118
> 5530 4837 212 225 -179 1
> 5309 6242 277 97 -23 2
> 4538 4266 -369 -445 -10 2
> 6459 7571 299 -29 -61 1
! -90100 34074 0
! 80779 -59364 200
> 5530 4837 212 225 -179 1
> 5309 6242 277 97 -23 2
> 4538 4266 -369 -445 -10 2
> 6459 7571 299 -29 -61 1
! 13014 1883 170
! -9767 -28365 111
> 5742 5062 180 191 -197 1
> 5737 6208 363 -29 -41 2
> 4169 3821 -313 -378 -16 2
> 6779 7433 272 -117 -79 1
! -94242 3316 0
! 57240 -79508 200
> 5742 5062 180 191 -197 1
> 5737 6208 363 -29 -41 2
> 4169 3821 -313 -378 -16 2
> 6779 7433 272 -117 -79 1
! 13014 1883 170
! -11721 -27615 100
> 5922 5253 153 162 -179 1
> 6203 6008 396 -170 -59 2
> 3856 3443 -266 -321 -12 2
> 7039 7217 220 -183 -97 1
! -94062 3507 SHIELD
! 28698 -91429 SHIELD
> 5922 5253 153 162 -179 1
> 6203 6008 396 -170 -59 2
> 3856 3443 -266 -321 -12 2
> 7039 7217 220 -183 -97 1
! 13014 1883 170
! -28365 9767 102
> 5997 5212 62 -38 -179 1
> 6677 6041 404 32 -77 2
> 3590 3122 -226 -272 -10 2
> 7216 6942 150 -234 -115 1
! -93987 3466 0
! -2038 -93578 200
> 5997 5212 62 -38 -179 1
> 6677 6041 404 32 -77 2
> 3590 3122 -226 -272 -10 2
> 7216 6942 150 -234 -115 1
! 13014 1883 170
! -29231 6748 SHIELD
> 6059 5174 52 -32 -179 1
> 6995 5903 98 -458 -95 2
> 3533 2828 -48 -250 -7 2
> 7375 6725 152 -150 -133 1
! -89571 34411 200
! 29490 -91534 0
> 6059 5174 52 -32 -179 1
> 6995 5903 98 -458 -95 2
> 3533 2828 -48 -250 -7 2
> 7375 6725 152 -150 -133 1
! 13014 1883 170
! -24270 17633 170
> 6111 5142 44 -27 -197 1
> 7093 5445 83 -389 -77 2
> 3654 2561 102 -226 -6 2
> 7527 6575 129 -127 -151 1
! -93873 3396 0
! 29587 -91992 0
> 6111 5142 44 -27 -197 1
> 7093 5445 83 -389 -77 2
> 3654 2561 102 -226 -6 2
> 7527 6575 129 -127 -151 1
! 8706 10469 200
! -20839 -21580 170
> 6155 5115 37 -22 -179 1
> 7176 5056 70 -330 -77 2
> 3951 2378 252 -155 12 2
> 7656 6448 109 -107 -135 1
! -93829 3369 200
! 58679 -80660 0
> 6155 5115 37 -22 -179 1
> 7176 5056 70 -330 -77 2
> 3951 2378 252 -155 12 2
> 7656 6448 109 -107 -135 1
! 12154 6262 200
! -22294 -20073 170
> 5992 5090 -138 -21 -179 1
> 7246 4726 59 -280 -59 2
> 4384 2309 367 -59 25 2
> 7765 6341 92 -90 -138 1
! -88559 -27466 200
! 82716 -60879 200
> 5992 5090 -138 -21 -179 1
> 7246 4726 59 -280 -59 2
> 4384 2309 367 -59 25 2
> 7765 6341 92 -90 -138 1
! 13008 2833 200
! -24574 -17207 170
> 5665 5004 -278 -73 -161 1
> 7456 4315 178 -349 -41 2
> 4949 2276 480 -28 7 2
> 7720 6151 -38 -161 -144 1
! -88886 -27552 200
! 58959 -81401 0
> 5665 5004 -278 -73 -161 1
> 7456 4315 178 -349 -41 2
> 4949 2276 480 -28 7 2
> 7720 6151 -38 -161 -144 1
! 13009 1805 200
! -28365 9767 80
> 5198 4866 -397 -117 -161 1
> 7634 3966 151 -296 -59 2
> 5629 2236 577 -33 -3 2
> 7606 5965 -96 -157 -162 1
! -74665 -55315 200
! 30129 -93471 200
> 5198 4866 -397 -117 -161 1
> 7634 3966 151 -296 -59 2
> 5629 2236 577 -33 -3 2
> 7606 5965 -96 -157 -162 1
! 13010 1813 200
! -29630 4693 80
> 4641 4629 -473 -201 -143 2
> 7830 3475 166 -417 -77 2
> 6406 2192 660 -37 -3 2
> 7430 5805 -149 -135 -178 1
! -52716 -77286 0
! 59333 -82241 0
> 4641 4629 -473 -201 -143 2
> 7830 3475 166 -417 -77 2
> 6406 2192 660 -37 -3 2
> 7430 5805 -149 -135 -178 1
! 13010 1821 200
! 11873 2256 170
> 4168 4428 -402 -170 -125 2
> 7996 3058 141 -354 -59 2
> 7266 2144 730 -40 -3 2
> 7121 5612 -262 -164 -160 1
! -25069 -91202 0
! 30491 -94379 200
> 4168 4428 -402 -170 -125 2
> 7996 3058 141 -354 -59 2
> 7266 2144 730 -40 -3 2
> 7121 5612 -262 -164 -160 1
! 7333 2062 105
! 11860 2214 106
> 3766 4258 -341 -144 -107 2
> 8377 2830 483 67 -77 2
> 7899 1745 378 -600 -21 2
> 6775 5383 -293 -194 -142 1
! 5511 -95726 0
! 59880 -82886 200
> 3766 4258 -341 -144 -107 2
> 8377 2830 483 67 -77 2
> 7899 1745 378 -600 -21 2
> 6775 5383 -293 -194 -142 1
! 10389 6215 200
! 11851 2181 80
> 3425 4114 -289 -122 -89 2
> 8963 2726 498 -88 -59 2
> 8477 1134 491 -519 -3 2
> 6437 5123 -287 -221 -124 1
! 35981 -90437 200
! 84433 -62879 0
> 3425 4114 -289 -122 -89 2
> 8963 2726 498 -88 -59 2
> 8477 1134 491 -519 -3 2
> 6437 5123 -287 -221 -124 1
! 10395 5312 200
! 11845 2154 170
> 3201 3803 -190 -264 -71 2
> 9461 2638 423 -74 -41 2
> 9161 666 581 -397 15 2
> 6103 4739 -283 -326 -106 1
! 63382 -76060 200
! 84931 -62967 200
> 3201 3803 -190 -264 -71 2
> 9461 2638 423 -74 -41 2
> 9161 666 581 -397 15 2
> 6103 4739 -283 -326 -106 1
! 10582 4448 200
! 11836 2113 170
> 3131 3379 -59 -360 -53 2
> 10035 2433 487 -174 -41 2
> 9910 377 636 -245 33 2
> 5826 4243 -235 -421 -88 1
! 85046 -53978 200
! 85505 -63172 0
> 3131 3379 -59 -360 -53 2
> 10035 2433 487 -174 -41 2
> 9910 377 636 -245 33 2
> 5826 4243 -235 -421 -88 1
! 10928 3673 170
! 11827 2062 170
> 3236 2904 89 -403 -35 2
> 10522 2259 413 -147 -41 2
> 10653 264 631 -96 51 2
> 5649 3662 -150 -493 -70 1
! 98866 -26333 200
! 85992 -63346 200
> 3236 2904 89 -403 -35 2
> 10522 2259 413 -147 -41 2
> 10653 264 631 -96 51 2
> 5649 3662 -150 -493 -70 1
! 11271 3059 140
! 11820 2007 170
> 3516 2443 238 -392 -17 2
> 11086 1981 479 -236 -41 2
> 11335 299 579 29 69 2
> 5604 3035 -38 -532 -52 1
! 99146 -26794 200
! 62589 -83735 200
> 3516 2443 238 -392 -17 2
> 11086 1981 479 -236 -41 2
> 11335 299 579 29 69 2
> 5604 3035 -38 -532 -52 1
! 11584 2593 110
! 7306 9106 200
> 3945 1993 364 -382 -17 2
> 11668 1574 494 -346 -59 2
> 11926 437 502 117 84 2
> 5732 2391 108 -547 -34 1
! 103929 3738 200
! 34163 -95863 200
> 3945 1993 364 -382 -17 2
> 11668 1574 494 -346 -59 2
> 11926 437 502 117 84 2
> 5732 2391 108 -547 -34 1
! 11920 412 24
! 7863 8108 200
> 4509 1614 479 -321 1 2
> 12119 1321 292 79 -77 2
> 12512 290 588 -419 102 2
> 6032 1789 255 -511 -16 1
! 99060 34170 200
! 63622 -84395 0
> 4509 1614 479 -321 1 2
> 12119 1321 292 79 -77 2
> 12512 290 588 -419 102 2
> 6032 1789 255 -511 -16 1
! 13014 1883 170
! 8513 7012 200
> 5177 1358 567 -217 19 2
> 12411 1400 248 67 -59 2
> 13118 40 515 -212 84 2
> 6487 1285 386 -428 2 1
! 99728 33914 200
! 87881 -64205 0
> 5177 1358 567 -217 19 2
> 12411 1400 248 67 -59 2
> 13118 40 515 -212 84 2
> 6487 1285 386 -428 2 1
! 13014 1883 170
! 9240 5877 200
> 5933 1206 642 -129 19 2
> 12659 1467 210 56 -41 3
> 13623 -2 429 -35 93 2
> 7061 925 487 -305 20 1
! 100484 33762 200
! 104709 -37606 0
> 5933 1206 642 -129 19 2
> 12659 1467 210 56 -41 3
> 13623 -2 429 -35 93 2
> 7061 925 487 -305 20 1
! 13014 1883 170
! 10025 4741 200
> 6764 1142 706 -54 19 2
> 12869 1523 178 47 -23 3
> 14000 125 320 107 108 2
> 7706 743 547 -154 38 1
! 106748 2887 200
! 88339 -64083 200
> 6764 1142 706 -54 19 2
> 12869 1523 178 47 -23 3
> 14000 125 320 107 108 2
> 7706 743 547 -154 38 1
! 13014 1883 170
! 10803 3631 200
> 7670 1091 770 -42 1 2
> 13198 1439 279 -71 -41 3
> 14237 380 201 216 119 2
> 8399 725 589 -14 43 1
! 107654 2836 200
! 105248 -37634 200
> 7670 1091 770 -42 1 2
> 13198 1439 279 -71 -41 3
> 14237 380 201 216 119 2
> 8399 725 589 -14 43 1
! 14134 242 171
! 7670 1091 0
> 8342 1205 559 103 1 2
> 13661 1290 393 -126 -23 3
> 14312 712 64 282 137 2
> 9286 558 765 -147 61 1
! 108326 2950 200
! 89131 -64316 SHIELD
> 8342 1205 559 103 1 2
> 13661 1290 393 -126 -23 3
> 14312 712 64 282 137 2
> 9286 558 765 -147 61 1
! 14281 584 130
! 8342 1205 0
> 9101 1311 645 90 1 2
> 13976 1232 259 -41 -41 3
> 15038 365 699 -366 155 2
> 10051 411 650 -124 79 1
! 103652 33867 200
! 89446 -64373 0
> 9101 1311 645 90 1 2
> 13976 1232 259 -41 -41 3
> 15038 365 699 -366 155 2
> 10051 411 650 -124 79 1
! 13014 1883 80
! 9101 1311 0
> 9935 1466 708 131 19 2
> 14235 1191 220 -34 -41 3
> 15673 47 539 -270 143 2
> 10701 287 552 -105 97 1
! 104486 34022 200
! 65738 -84525 0
> 9935 1466 708 131 19 2
> 14235 1191 220 -34 -41 3
> 15673 47 539 -270 143 2
> 10701 287 552 -105 97 1
! 13014 1883 86
! 11824 1721 0
> 10832 1662 762 166 19 2
> 14455 1157 187 -28 -59 3
> 16141 -174 397 -187 145 2
> 11253 182 469 -89 79 1
! 90695 61843 200
! 65958 -84559 0
> 10832 1662 762 166 19 2
> 14455 1157 187 -28 -59 3
> 16141 -174 397 -187 145 2
> 11253 182 469 -89 79 1
! 13014 1883 80
! 9781 989 170
> 11754 1948 783 243 37 2
> 14642 1129 158 -23 -59 3
> 16471 -317 280 -121 147 2
> 11701 262 381 67 97 1
! 69111 83863 0
! 90112 -64476 0
> 11754 1948 783 243 37 2
> 14642 1129 158 -23 -59 3
> 16471 -317 280 -121 147 2
> 11701 262 381 67 97 1
! 13014 1883 80
! 10094 776 140
> 12537 2191 665 206 55 3
> 14800 1106 134 -19 -41 3
> 16684 -395 180 -66 148 2
> 12023 456 273 164 115 1
! 41774 97821 0
! 66303 -84610 0
> 12537 2191 665 206 55 3
> 14800 1106 134 -19 -41 3
> 16684 -395 180 -66 148 2
> 12023 456 273 164 115 1
! 13014 1883 104
! 8663 1546 170
> 13202 2397 565 175 73 3
> 14934 1087 113 -16 -59 3
> 16776 -406 77 -9 148 2
> 12180 744 133 245 133 1
! 11456 102381 0
! 66437 -84629 0
> 13202 2397 565 175 73 3
> 14934 1087 113 -16 -59 3
> 16776 -406 77 -9 148 2
> 12180 744 133 245 133 1
! 13014 1883 170
! 8660 1565 170
> 13767 2572 480 148 91 3
> 15047 1071 96 -13 -59 3
> 16708 -327 -57 67 149 2
> 12164 1071 -13 278 151 1
! -18789 97123 200
! 66550 -84645 0
> 13767 2572 480 148 91 3
> 15047 1071 96 -13 -59 3
> 16708 -327 -57 67 149 2
> 12164 1071 -13 278 151 1
! 12500 580 200
! 11002 -2275 200
> 14182 2909 352 286 109 3
> 15143 1058 81 -11 -59 3
> 16456 -214 -213 96 167 2
> 11955 1387 -177 268 169 1
! -45999 82772 200
! 37638 -96379 200
> 14182 2909 352 286 109 3
> 15143 1058 81 -11 -59 3
> 16456 -214 -213 96 167 2
> 11955 1387 -177 268 169 1
! 13299 2291 90
! 9756 -1093 170
> 14414 3355 196 378 127 3
> 15269 852 107 -174 -77 3
> 16166 -71 -246 121 149 2
> 11609 1634 -293 210 187 1
! -67501 60712 200
! 37763 -96585 0
> 14414 3355 196 378 127 3
> 15269 852 107 -174 -77 3
> 16166 -71 -246 121 149 2
> 11609 1634 -293 210 187 1
! 16065 -49 102
! 9134 -20 140
> 14446 3848 27 418 145 3
> 15346 717 -182 208 -77 3
> 15851 34 -20 -233 167 2
> 11189 1785 -356 128 205 1
! -81184 33085 200
! 6630 -98902 0
> 14446 3848 27 418 145 3
> 15346 717 -182 208 -77 3
> 15851 34 -20 -233 167 2
> 11189 1785 -356 128 205 1
! 13014 1883 170
! 8783 854 110
> 14282 4324 -139 405 163 3
> 15164 925 -154 176 -95 3
> 15686 -111 -140 -122 149 2
> 10730 1873 -389 75 -159 1
! -81348 33561 200
! -23909 -91125 0
> 14282 4324 -139 405 163 3
> 15164 925 -154 176 -95 3
> 15686 -111 -140 -122 149 2
> 10730 1873 -389 75 -159 1
! 17070 2921 140
! 14282 4324 0
> 13952 4787 -280 393 163 3
> 15010 1101 -130 149 -113 3
> 15455 -127 -196 -13 131 2
> 10341 1948 -330 63 -177 1
! -81678 34024 200
! 6294 -98518 200
> 13952 4787 -280 393 163 3
> 15010 1101 -130 149 -113 3
> 15455 -127 -196 -13 131 2
> 10341 1948 -330 63 -177 1
! 15055 3009 110
! 13952 4787 0
> 13481 5238 -400 383 163 3
> 14863 1051 -125 -42 -95 3
> 15217 -39 -202 75 113 2
> 10011 2011 -280 53 -195 1
! -86503 3492 200
! 37358 -96386 200
> 13481 5238 -400 383 163 3
> 14863 1051 -125 -42 -95 3
> 15217 -39 -202 75 113 2
> 10011 2011 -280 53 -195 1
! 15196 5 48
! 13481 5238 0
> 12881 5618 -509 322 181 3
> 14773 848 -158 109 -77 3
> 15004 45 -98 -210 116 2
> 9731 2064 -238 45 -213 1
! -82749 34855 200
! 6057 -98771 0
> 12881 5618 -509 322 181 3
> 14773 848 -158 109 -77 3
> 15004 45 -98 -210 116 2
> 9731 2064 -238 45 -213 1
! 13014 1883 80
! 12881 5618 0
> 12181 5998 -595 323 163 3
> 14615 957 -134 92 -95 3
> 14851 -107 -130 -129 134 2
> 9493 2109 -202 38 -231 1
! -87803 4252 200
! -24458 -91093 0
> 12181 5998 -595 323 163 3
> 14615 957 -134 92 -95 3
> 14851 -107 -130 -129 134 2
> 9493 2109 -202 38 -231 1
! 13014 1883 170
! 12181 5998 0
> 11386 6318 -675 271 181 3
> 14481 1049 -113 78 -113 3
> 14606 -111 -208 -3 133 2
> 9291 2147 -171 32 -249 1
! -84244 35555 200
! -24592 -91001 200
> 11386 6318 -675 271 181 3
> 14481 1049 -113 78 -113 3
> 14606 -111 -208 -3 133 2
> 9291 2147 -171 32 -249 1
! 15206 2368 140
! 11386 6318 0
> 10520 6647 -736 280 163 3
> 14290 943 -162 -90 -113 3
> 14339 13 -226 105 115 2
> 9120 2179 -145 27 -267 1
! -89464 4901 200
! 5574 -98676 200
> 10520 6647 -736 280 163 3
> 14290 943 -162 -90 -113 3
> 14339 13 -226 105 115 2
> 9120 2179 -145 27 -267 1
! 14342 78 65
! 8077 2389 0
> 9584 6924 -795 235 181 3
> 14097 983 -168 145 -95 3
> 14119 -147 -182 -247 97 2
> 8975 2206 -123 22 -249 1
! -90400 5178 200
! 5381 -98636 0
> 9584 6924 -795 235 181 3
> 14097 983 -168 145 -95 3
> 14119 -147 -182 -247 97 2
> 8975 2206 -123 22 -249 1
! 13014 1883 80
! 7903 2471 0
> 8589 7156 -845 196 -179 3
> 13929 1128 -142 123 -95 3
> 13904 -321 -183 -148 115 2
> 8852 2228 -104 18 -231 1
! -85962 -25400 200
! -25144 -90922 0
> 8589 7156 -845 196 -179 3
> 13929 1128 -142 123 -95 3
> 13904 -321 -183 -148 115 2
> 8852 2228 -104 18 -231 1
! 13014 1883 170
! 7705 2527 0
> 7555 7287 -878 111 -161 3
> 13787 1251 -120 104 -113 3
> 13657 -311 -209 8 112 2
> 8748 2246 -88 15 -213 1
! -72308 -52894 200
! -25286 -90799 0
> 7555 7287 -878 111 -161 3
> 13787 1251 -120 104 -113 3
> 13657 -311 -209 8 112 2
> 8748 2246 -88 15 -213 1
! 15532 995 140
! 7480 2462 200
> 6517 7278 -882 -7 -143 4
> 13667 1355 -102 88 -113 3
> 13438 -163 -185 125 94 2
> 8467 2312 -239 56 -195 1
! -73346 -52903 0
! -25406 -90695 200
> 6517 7278 -882 -7 -143 4
> 13667 1355 -102 88 -113 3
> 13438 -163 -185 125 94 2
> 8467 2312 -239 56 -195 1
! 13515 -78 114
! 6517 7278 0
> 5635 7271 -749 -5 -143 4
> 13487 1259 -153 -81 -113 3
> 13281 73 -133 200 76 2
> 8228 2368 -203 47 -213 1
! -51722 -74644 200
! 4771 -98360 200
> 5635 7271 -749 -5 -143 4
> 13487 1259 -153 -81 -113 3
> 13281 73 -133 200 76 2
> 8228 2368 -203 47 -213 1
! 13299 86 22
! 5635 7271 0
> 4771 7102 -734 -143 -125 4
> 13336 1072 -56 176 -95 3
> 13140 198 -191 -228 58 2
> 8025 2415 -172 39 -231 1
! -24466 -88528 0
! 4620 -98547 200
> 4771 7102 -734 -143 -125 4
> 13336 1072 -56 176 -95 3
> 13140 198 -191 -228 58 2
> 8025 2415 -172 39 -231 1
! 13014 1883 80
! 4771 7102 0
> 4037 6959 -623 -121 -107 4
> 13263 1049 -62 -19 -95 3
> 12968 48 -145 -127 76 2
> 7853 2454 -146 33 125 1
! 5782 -93025 200
! -25810 -91001 200
> 4037 6959 -623 -121 -107 4
> 13263 1049 -62 -19 -95 3
> 12968 48 -145 -127 76 2
> 7853 2454 -146 33 125 1
! 13014 1883 80
! 6852 2371 0
> 3417 6638 -526 -272 -89 4
> 13123 846 -119 -172 -113 3
> 12825 1 -121 -39 89 2
> 7707 2487 -124 28 143 1
! 35973 -87913 0
! -52482 -74624 0
> 3417 6638 -526 -272 -89 4
> 13123 846 -119 -172 -113 3
> 12825 1 -121 -39 89 2
> 7707 2487 -124 28 143 1
! 12842 140 140
! 6748 2300 0
> 2891 6366 -447 -231 -71 4
> 13064 826 -20 58 -131 3
> 12661 -51 -168 -119 83 2
> 7583 2515 -105 23 161 1
! 63072 -73497 200
! -72652 -50677 0
> 2891 6366 -447 -231 -71 4
> 13064 826 -20 58 -131 3
> 12661 -51 -168 -119 83 2
> 7583 2515 -105 23 161 1
! 13014 1883 80
! 6670 2234 0
> 2564 5975 -277 -332 -53 4
> 13044 884 -17 49 -149 3
> 12507 -91 -130 -34 80 2
> 7478 2538 -89 19 179 1
! 84479 -51382 200
! -52561 -74586 200
> 2564 5975 -277 -332 -53 4
> 13044 884 -17 49 -149 3
> 12507 -91 -130 -34 80 2
> 7478 2538 -89 19 179 1
! 13014 1883 170
! 6972 1738 124
> 2451 5528 -96 -379 -35 4
> 12896 782 -125 -86 -131 3
> 12419 40 -74 111 76 2
> 7270 2521 -176 -14 197 1
! 98081 -23709 0
! -52709 -74688 200
> 2451 5528 -96 -379 -35 4
> 12896 782 -125 -86 -131 3
> 12419 40 -74 111 76 2
> 7270 2521 -176 -14 197 1
! 12538 44 119
! 2451 5528 0
> 2355 5149 -81 -322 -17 4
> 12874 903 19 161 -131 3
> 12175 -107 -245 -183 58 2
> 7094 2507 -149 -11 179 1
! 84270 -52208 0
! -52731 -74567 0
> 2355 5149 -81 -322 -17 4
> 12874 903 19 161 -131 3
> 12175 -107 -245 -183 58 2
> 7094 2507 -149 -11 179 1
! 13014 1883 80
! 2355 5149 0
> 2274 4827 -68 -273 -35 4
> 12893 1064 16 136 -131 3
> 11961 -216 -181 -92 67 2
> 6945 2496 -126 -9 161 1
! 84189 -52530 0
! -52712 -74406 0
> 2274 4827 -68 -273 -35 4
> 12893 1064 16 136 -131 3
> 11961 -216 -181 -92 67 2
> 6945 2496 -126 -9 161 1
! 13014 1883 80
! 6482 2015 0
> 2206 4554 -57 -232 -35 4
> 12909 1200 13 115 -131 3
> 11816 -236 -123 -17 63 2
> 6819 2487 -107 -7 179 1
! 97836 -24683 0
! -52696 -74270 200
> 2206 4554 -57 -232 -35 4
> 12909 1200 13 115 -131 3
> 11816 -236 -123 -17 63 2
> 6819 2487 -107 -7 179 1
! 13014 1883 111
! 6454 1972 0
> 2149 4322 -48 -197 -17 4
> 12791 1164 -100 -30 -131 3
> 11748 -156 -58 67 61 2
> 6712 2480 -90 -5 197 1
! 84064 -53035 200
! -52814 -74306 200
> 2149 4322 -48 -197 -17 4
> 12791 1164 -100 -30 -131 3
> 11748 -156 -58 67 61 2
> 6712 2480 -90 -5 197 1
! 14071 -759 81
! 6431 1933 0
> 2265 4010 98 -264 -35 4
> 12560 983 -196 -153 -131 3
> 11750 -34 1 103 43 2
> 6622 2475 -76 -4 215 1
! 97895 -25227 200
! -26513 -91067 0
> 2265 4010 98 -264 -35 4
> 12560 983 -196 -153 -131 3
> 11750 -34 1 103 43 2
> 6622 2475 -76 -4 215 1
! 11778 -59 38
! 6411 1894 0
> 2554 3688 245 -274 -17 4
> 12364 830 -166 -130 -113 3
> 11786 85 30 100 25 2
> 6546 2471 -64 -3 233 1
! 102538 5433 200
! -26709 -91220 200
> 2554 3688 245 -274 -17 4
> 12364 830 -166 -130 -113 3
> 11786 85 30 100 25 2
> 6546 2471 -64 -3 233 1
! 11804 82 19
! 7085 2154 170
> 2999 3417 378 -229 1 4
> 12346 803 60 72 -113 3
> 11609 -100 -226 -252 7 2
> 6426 2307 -101 -138 251 1
! 97550 35973 200
! -26727 -91247 0
> 2999 3417 378 -229 1 4
> 12346 803 60 72 -113 3
> 11609 -100 -226 -252 7 2
> 6426 2307 -101 -138 251 1
! 13014 1883 170
! 2999 3417 0
> 3566 3253 482 -139 19 4
> 12406 875 51 61 -113 3
> 11538 -281 -60 -154 25 2
> 6325 2169 -85 -117 233 1
! 103550 4998 200
! -26667 -91175 0
> 3566 3253 482 -139 19 4
> 12406 875 51 61 -113 3
> 11538 -281 -60 -154 25 2
> 6325 2169 -85 -117 233 1
! 13014 1883 170
! 3566 3253 0
> 4248 3117 579 -115 1 4
> 12457 936 43 51 -113 3
> 11603 -320 55 -33 43 2
> 6240 2052 -72 -99 215 1
! 99878 -26120 0
! 3741 -98683 0
> 4248 3117 579 -115 1 4
> 12457 936 43 51 -113 3
> 11603 -320 55 -33 43 2
> 6240 2052 -72 -99 215 1
! 9442 1154 140
! 10751 28007 80
> 4827 3002 492 -97 -17 4
> 12500 987 36 43 -95 3
> 11727 -231 105 75 61 2
> 6091 1930 -126 -103 197 1
! 86742 -54355 200
! -26573 -91063 200
> 4827 3002 492 -97 -17 4
> 12500 987 36 43 -95 3
> 11727 -231 105 75 61 2
> 6091 1930 -126 -103 197 1
! 11727 -129 101
! 14544 26238 80
> 5483 2790 557 -179 -35 4
> 12458 846 -35 -119 -113 3
> 11852 -57 106 147 79 2
> 5885 1829 -175 -86 179 1
! 65664 -77073 200
! -53147 -74624 200
> 5483 2790 557 -179 -35 4
> 12458 846 -35 -119 -113 3
> 11852 -57 106 147 79 2
> 5885 1829 -175 -86 179 1
! 11937 45 133
! -11721 27615 SHIELD
> 6160 2451 575 -287 -53 4
> 12486 859 161 212 -131 3
> 11830 -77 -156 -218 61 2
> 5710 1743 -148 -73 161 1
! 88075 -54906 200
! -53119 -74611 0
> 6160 2451 575 -287 -53 4
> 12486 859 161 212 -131 3
> 11830 -77 -156 -218 61 2
> 5710 1743 -148 -73 161 1
! 13014 1883 80
! 15897 25441 80
> 6899 2049 628 -341 -35 4
> 12647 1071 136 180 -131 3
> 11715 -227 -97 -127 59 2
> 5562 1670 -125 -62 143 1
! 102529 -27188 0
! -52958 -74399 200
> 6899 2049 628 -341 -35 4
> 12647 1071 136 180 -131 3
> 11715 -227 -97 -127 59 2
> 5562 1670 -125 -62 143 1
! 13014 1883 80
! 28837 8269 170
> 7527 1708 533 -289 -17 0
> 12652 1100 4 24 -131 3
> 11660 -286 -46 -50 58 2
> 5437 1608 -106 -52 125 1
! 107511 3453 200
! -52953 -74370 200
> 7527 1708 533 -289 -17 0
> 12652 1100 4 24 -131 3
> 11660 -286 -46 -50 58 2
> 5437 1608 -106 -52 125 1
! 13014 1883 80
! 4974 3859 170
> 8260 1422 623 -242 1 0
> 12525 973 -108 -107 -131 3
> 11656 -268 -3 15 58 2
> 5331 1556 -90 -44 107 1
! 102811 33978 0
! -26548 -91077 0
> 8260 1422 623 -242 1 0
> 12525 973 -108 -107 -131 3
> 11656 -268 -3 15 58 2
> 5331 1556 -90 -44 107 1
! 11709 -275 54
! 5010 3904 170
> 8883 1180 529 -205 19 0
> 12417 866 -91 -90 -113 3
> 11694 -218 32 42 40 2
> 5218 1680 -96 105 98 1
! 88746 61361 200
! -26656 -91184 0
> 8883 1180 529 -205 19 0
> 12417 866 -91 -90 -113 3
> 11694 -218 32 42 40 2
> 5218 1680 -96 105 98 1
! 11787 -88 159
! 6451 3576 140
> 9572 1095 585 -71 37 0
> 12326 776 -77 -76 -113 3
> 11819 -47 105 145 54 2
> 5147 1923 -60 206 80 1
! 66929 83010 200
! -26747 -91274 200
> 9572 1095 585 -71 37 0
> 12326 776 -77 -76 -113 3
> 11819 -47 105 145 54 2
> 5147 1923 -60 206 80 1
! 11895 65 135
! 5568 3943 110
> 10272 1188 594 78 55 0
> 12405 900 140 226 -113 3
> 11766 -174 -118 -229 56 2
> 5109 2237 -31 266 78 1
! 39509 96818 200
! -26668 -91150 0
> 10272 1188 594 78 55 0
> 12405 900 140 226 -113 3
> 11766 -174 -118 -229 56 2
> 5109 2237 -31 266 78 1
! 13014 1883 80
! 4900 4027 200
> 10924 1457 554 228 73 0
> 12545 1126 119 192 -113 3
> 11689 -335 -65 -136 59 2
> 5056 2702 -44 395 96 1
! 9178 101441 200
! -26528 -90924 0
> 10924 1457 554 228 73 0
> 12545 1126 119 192 -113 3
> 11689 -335 -65 -136 59 2
> 5056 2702 -44 395 96 1
! 13014 1883 80
! 10924 1457 0
> 11475 1885 467 363 91 0
> 12664 1318 101 163 -113 3
> 11665 -402 -20 -57 59 2
> 5012 3097 -37 335 78 1
! -21081 96436 200
! -26409 -90732 200
> 11475 1885 467 363 91 0
> 12664 1318 101 163 -113 3
> 11665 -402 -20 -57 59 2
> 5012 3097 -37 335 78 1
! 13014 1883 101
! 11475 1885 0
> 11877 2437 341 469 109 0
> 12687 1297 19 -17 -113 3
> 11696 -372 26 25 59 2
> 4975 3432 -31 284 60 1
! -20679 96988 200
! -26386 -90753 0
> 11877 2437 341 469 109 0
> 12687 1297 19 -17 -113 3
> 11696 -372 26 25 59 2
> 4975 3432 -31 284 60 1
! 12349 2156 174
! 11877 2437 0
> 12153 3095 234 559 109 0
> 12706 1280 16 -14 -113 3
> 11766 -179 59 164 76 2
> 4944 3716 -26 241 42 1
! -20403 97646 200
! -52899 -74190 200
> 12153 3095 234 559 109 0
> 12706 1280 16 -14 -113 3
> 11766 -179 59 164 76 2
> 4944 3716 -26 241 42 1
! 13396 1595 18
! 12153 3095 0
> 12322 3843 143 635 109 0
> 12591 1115 -97 -140 -131 3
> 11835 0 58 152 58 2
> 4918 3957 -22 204 24 1
! -20234 98394 200
! -53014 -74355 200
> 12322 3843 143 635 109 0
> 12591 1115 -97 -140 -131 3
> 11835 0 58 152 58 2
> 4918 3957 -22 204 24 1
! 11871 121 126
! 12322 3843 0
> 12400 4667 66 700 109 0
> 12422 903 136 188 -131 3
> 11869 194 -250 -204 73 2
> 4896 4161 -18 173 6 1
! 10654 104651 200
! -73294 -50600 0
> 12400 4667 66 700 109 0
> 12422 903 136 188 -131 3
> 11869 194 -250 -204 73 2
> 4896 4161 -18 173 6 1
! 13014 1883 80
! 12400 4667 0
> 12463 5567 53 764 91 0
> 12558 1091 115 159 -149 3
> 11664 56 -174 -117 56 2
> 4878 4334 -15 147 4 1
! 10717 105551 200
! -73158 -50412 0
> 12463 5567 53 764 91 0
> 12558 1091 115 159 -149 3
> 11664 56 -174 -117 56 2
> 4878 4334 -15 147 4 1
! 13014 1883 80
! 12463 5567 0
> 12513 6531 42 819 91 1
> 12673 1250 97 135 -149 3
> 11538 3 -107 -44 54 2
> 4863 4481 -12 124 9 1
! -20043 101082 0
! -52932 -74220 200
> 12513 6531 42 819 91 1
> 12673 1250 97 135 -149 3
> 11538 3 -107 -44 54 2
> 4863 4481 -12 124 9 1
! 13014 1883 80
! 12678 -27189 200
> 12555 7350 35 696 109 1
> 12639 1234 -29 -13 -131 3
> 11480 22 -48 16 52 2
> 5049 4575 157 79 -9 1
! -47626 87213 0
! -73077 -50269 0
> 12555 7350 35 696 109 1
> 12639 1234 -29 -13 -131 3
> 11480 22 -48 16 52 2
> 5049 4575 157 79 -9 1
! 13014 1883 170
! 29108 7257 200
> 12590 8046 29 591 127 1
> 12610 1221 -24 -11 -149 3
> 11540 169 51 125 51 2
> 5405 4676 302 85 6 1
! -69325 65403 200
! -73106 -50282 200
> 12590 8046 29 591 127 1
> 12610 1221 -24 -11 -149 3
> 11540 169 51 125 51 2
> 5405 4676 302 85 6 1
! 11552 155 18
! 24871 16775 108
> 12455 8752 -114 599 145 1
> 12415 1107 -166 -96 -149 3
> 11606 304 56 114 33 2
> 5805 4806 340 110 24 1
! -83175 37989 200
! -53190 -74363 200
> 12455 8752 -114 599 145 1
> 12415 1107 -166 -96 -149 3
> 11606 304 56 114 33 2
> 5805 4806 340 110 24 1
! 11623 299 17
! 21580 20839 66
> 12150 9409 -259 558 163 1
> 12245 987 60 101 -131 3
> 11551 295 -251 -210 15 2
> 6194 4960 330 131 42 1
! -87834 7663 200
! -26828 -91063 0
> 12150 9409 -259 558 163 1
> 12245 987 60 101 -131 3
> 11551 295 -251 -210 15 2
> 6194 4960 330 131 42 1
! 13014 1883 91
! 18469 23640 200
> 11691 9964 -390 471 181 1
> 12305 1088 51 85 -113 3
> 11377 134 -148 -136 33 2
> 6634 5258 373 253 57 1
! -88293 8218 200
! -53300 -74382 0
> 11691 9964 -390 471 181 1
> 12305 1088 51 85 -113 3
> 11377 134 -148 -136 33 2
> 6634 5258 373 253 57 1
! 13014 1883 80
! 18469 23640 200
> 11101 10432 -501 397 -179 1
> 12356 1173 43 72 -131 3
> 11284 56 -79 -65 47 2
> 7115 5679 409 357 57 1
! -83450 -22124 200
! -53249 -74297 0
> 11101 10432 -501 397 -179 1
> 12356 1173 43 72 -131 3
> 11284 56 -79 -65 47 2
> 7115 5679 409 357 57 1
! 13014 1883 80
! 15451 25715 184
> 10411 10764 -586 282 -161 1
> 12399 1245 36 61 -131 3
> 11260 49 -20 -5 47 2
> 7595 6206 407 447 67 1
! -69452 -49417 200
! -53206 -74225 0
> 10411 10764 -586 282 -161 1
> 12399 1245 36 61 -131 3
> 11260 49 -20 -5 47 2
> 7595 6206 407 447 67 1
! 13014 1883 80
! 10751 28007 200
> 9665 10926 -633 137 -143 1
> 12435 1306 30 51 -131 3
> 11295 102 29 44 46 2
> 8031 6851 370 548 82 1
! -47692 -70989 200
! -53170 -74164 200
> 9665 10926 -633 137 -143 1
> 12435 1306 30 51 -131 3
> 11295 102 29 44 46 2
> 8031 6851 370 548 82 1
! 13312 1536 36
! 5209 29544 200
> 8917 10899 -635 -22 -125 1
> 12334 1206 -86 -84 -131 3
> 11353 167 49 55 35 2
> 8376 7597 293 634 97 1
! -20320 -84731 200
! -53271 -74264 0
> 8917 10899 -635 -22 -125 1
> 12334 1206 -86 -84 -131 3
> 11353 167 49 55 35 2
> 8376 7597 293 634 97 1
! 11455 285 156
! -3135 29835 170
> 8224 10686 -589 -181 -107 1
> 12248 1122 -73 -71 -131 3
> 11504 340 128 147 49 2
> 8597 8385 187 669 115 1
! -21013 -84944 200
! -53357 -74348 200
> 8224 10686 -589 -181 -107 1
> 12248 1122 -73 -71 -131 3
> 11504 340 128 147 49 2
> 8597 8385 187 669 115 1
! 11590 441 133
! 7522 10341 BOOST
> 7577 10314 -550 -316 -107 1
> 12288 1150 199 194 -131 3
> 11474 338 -190 -171 50 2
> 8688 9229 77 717 119 1
! -21660 -85316 200
! -53317 -74320 0
> 7577 10314 -550 -316 -107 1
> 12288 1150 199 194 -131 3
> 11474 338 -190 -171 50 2
> 8688 9229 77 717 119 1
! 13014 1883 80
! -29708 -4175 170
> 6969 9807 -517 -431 -107 1
> 12487 1344 169 164 -131 3
> 11340 224 -113 -97 45 2
> 8641 10062 -39 708 137 1
! -22268 -85823 200
! -53118 -74126 200
> 6969 9807 -517 -431 -107 1
> 12487 1344 169 164 -131 3
> 11340 224 -113 -97 45 2
> 8641 10062 -39 708 137 1
! 13014 1883 80
! -29630 -4693 170
> 6394 9185 -489 -528 -107 1
> 12525 1357 32 11 -131 3
> 11284 183 -47 -34 45 2
> 8448 10842 -163 663 155 1
! -22843 -86445 200
! -73191 -50146 0
> 6394 9185 -489 -528 -107 1
> 12525 1357 32 11 -131 3
> 11284 183 -47 -34 45 2
> 8448 10842 -163 663 155 1
! 13014 1883 80
! -23314 -18879 170
> 5847 8466 -465 -611 -107 1
> 12557 1368 27 9 -149 3
> 11294 205 8 18 44 2
> 8116 11526 -281 581 173 1
! 7592 -91518 200
! -73159 -50135 200
> 5847 8466 -465 -611 -107 1
> 12557 1368 27 9 -149 3
> 11294 205 8 18 44 2
> 8116 11526 -281 581 173 1
! 13513 1126 80
! -18054 -23959 170
> 5385 7655 -392 -689 -89 1
> 12413 1274 -122 -79 -149 3
> 11374 259 67 45 26 2
> 7668 12075 -380 466 191 1
! 7130 -92329 200
! -53192 -74196 200
> 5385 7655 -392 -689 -89 1
> 12413 1274 -122 -79 -149 3
> 11374 259 67 45 26 2
> 7668 12075 -380 466 191 1
! 11497 342 149
! -13619 -26730 170
> 4996 6766 -330 -755 -89 1
> 12160 1044 -215 -195 -131 3
> 11565 387 161 109 34 2
> 7139 12459 -449 326 209 1
! 37552 -87785 200
! -26913 -91006 0
> 4996 6766 -330 -755 -89 1
> 12160 1044 -215 -195 -131 3
> 11565 387 161 109 34 2
> 7139 12459 -449 326 209 1
! 11646 430 92
! -10260 -28190 170
> 4731 5822 -225 -802 -71 1
> 12257 1208 130 194 -113 3
> 11495 180 -107 -231 28 2
> 6574 12661 -480 171 227 1
! 64912 -74041 0
! -26816 -90842 0
> 4731 5822 -225 -802 -71 1
> 12257 1208 130 194 -113 3
> 11495 180 -107 -231 28 2
> 6574 12661 -480 171 227 1
! 13014 1883 170
! -7257 -29108 170
> 4506 5020 -191 -681 -53 2
> 12387 1402 110 164 -113 3
> 11506 71 9 -92 46 2
> 6022 12678 -469 14 245 1
! 86421 -52337 200
! -26686 -90648 200
> 4506 5020 -191 -681 -53 2
> 12387 1402 110 164 -113 3
> 11506 71 9 -92 46 2
> 6022 12678 -469 14 245 1
! 13014 1883 170
! 5861 6858 170
