@ 0 Gloopy
@ 1 reCurse
CP 6
CP 9490 4362
CP 14531 7757
CP 6319 4299
CP 7775 886
CP 7668 5948
CP 3151 7536
> 9769 3947 0 0 -1 1
> 9211 4777 0 0 -1 1
> 10328 3118 0 0 -1 1
> 8652 5606 0 0 -1 1
! 14531 7757 BOOST
! 6319 4299 200
> 9769 3947 0 0 -1 1
> 9211 4777 0 0 -1 1
> 10328 3118 0 0 -1 1
> 8652 5606 0 0 -1 1
! 77470 77225 200
! 102563 39966 200
> 10277 4353 431 345 39 1
> 9014 4744 -167 -27 -171 1
> 10462 3266 114 125 48 1
> 8840 5675 159 58 20 1
! 858593 620690 200
! -1016648 -213267 200
> 10277 4353 431 345 39 1
> 9014 4744 -167 -27 -171 1
> 10462 3266 114 125 48 1
> 8840 5675 159 58 20 1
! 77375 77580 200
! 102809 39877 200
> 10870 4816 503 393 36 1
> 8651 4675 -308 -58 -168 1
> 10710 3540 210 232 48 1
> 9187 5801 294 107 20 1
! 825767 664706 32
! -1004196 -266716 32
> 10870 4816 503 393 36 1
> 8651 4675 -308 -58 -168 1
> 10710 3540 210 232 48 1
> 9187 5801 294 107 20 1
! 77623 77854 200
! 87988 67367 0
> 11398 5229 448 351 39 1
> 8312 4609 -288 -56 -165 1
> 11054 3921 292 323 48 1
> 9481 5908 249 90 38 1
! 859714 621566 32
! -988943 -319419 32
> 11398 5229 448 351 39 1
> 8312 4609 -288 -56 -165 1
> 11054 3921 292 323 48 1
> 9481 5908 249 90 38 1
! 77967 78235 200
! 88282 67474 0
> 11872 5599 402 314 36 1
> 7994 4543 -270 -56 -162 1
> 11480 4393 361 400 48 1
> 9730 5998 211 76 38 1
! 826769 665489 32
! -970936 -371233 32
> 11872 5599 402 314 36 1
> 7994 4543 -270 -56 -162 1
> 11480 4393 361 400 48 1
> 9730 5998 211 76 38 1
! 78393 78707 200
! 88531 67564 0
> 12299 5933 362 284 39 1
> 7694 4476 -254 -57 -159 1
> 11975 4942 420 466 48 1
> 9941 6074 179 64 38 1
! 860615 622270 32
! -950228 -422018 32
> 12299 5933 362 284 39 1
> 7694 4476 -254 -57 -159 1
> 11975 4942 420 466 48 1
> 9941 6074 179 64 38 1
! 78888 79256 200
! 65860 88977 0
> 12714 6335 405 539 36 1
> 7411 4406 -240 -59 -156 1
> 12502 5457 394 239 48 1
> 10120 6138 152 54 56 1
! 827611 666225 32
! -771833 -697228 200
> 12714 6335 405 539 36 1
> 7411 4406 -240 -59 -156 1
> 12502 5457 394 239 48 1
> 10120 6138 152 54 56 1
! 53175 96811 200
! 88921 67704 0
> 13144 6894 365 475 39 1
> 7022 4213 -330 -163 -138 1
> 12977 5879 404 358 66 1
> 10272 6192 129 45 38 1
! 584239 886304 32
! -517266 -903880 32
> 13144 6894 365 475 39 1
> 7022 4213 -330 -163 -138 1
> 12977 5879 404 358 66 1
> 10272 6192 129 45 38 1
! 53650 97233 200
! 66191 89095 0
> 13526 7396 325 426 57 1
> 6676 4022 -294 -162 -120 1
> 13462 6420 412 459 66 1
> 10401 6237 109 38 56 1
! 828423 667286 200
! -211335 -1021640 32
> 13526 7396 325 426 57 1
> 6676 4022 -294 -162 -120 1
> 13462 6420 412 459 66 1
> 10401 6237 109 38 56 1
! 23914 105872 200
! 89202 67803 0
> 14006 7948 408 469 39 2
> 6375 3829 -255 -164 -102 1
> 13895 7078 367 559 84 1
> 10510 6275 92 32 38 1
! 585101 887358 32
! 115981 -1039003 32
> 14006 7948 408 469 39 2
> 6375 3829 -255 -164 -102 1
> 13895 7078 367 559 84 1
> 10510 6275 92 32 38 1
! -6896 104892 200
! 104479 40477 0
> 14460 8603 397 620 57 2
> 6123 3633 -213 -166 -84 1
> 14191 7673 240 442 102 2
> 10602 6307 78 27 20 1
! 285851 1021450 32
! 432617 -954289 32
> 14460 8603 397 620 57 2
> 6123 3633 -213 -166 -84 1
> 14191 7673 240 442 102 2
> 10602 6307 78 27 20 1
! -35808 94275 0
! 89403 67873 0
> 14865 9254 344 553 75 2
> 5923 3438 -169 -165 -66 1
> 14431 8115 204 375 120 2
> 10680 6334 66 22 38 1
! -40013 1056393 32
! 707557 -775806 32
> 14865 9254 344 553 75 2
> 5923 3438 -169 -165 -66 1
> 14431 8115 204 375 120 2
> 10680 6334 66 22 38 1
! -59883 75028 200
! 66599 89237 0
> 15207 9839 290 497 93 2
> 5775 3249 -125 -160 -48 1
> 14486 8624 47 432 138 2
> 10746 6356 56 18 56 1
! -360569 988769 32
! 913868 -521039 32
> 15207 9839 290 497 93 2
> 5775 3249 -125 -160 -48 1
> 14486 8624 47 432 138 2
> 10746 6356 56 18 56 1
! -76868 49297 200
! 38309 102482 0
> 15486 10366 236 447 111 2
> 5678 3073 -82 -149 -30 1
> 14350 9137 -115 436 156 2
> 10802 6374 47 15 74 1
! -644404 825263 32
! 1031340 -214938 32
> 15486 10366 236 447 111 2
> 5678 3073 -82 -149 -30 1
> 14350 9137 -115 436 156 2
> 10802 6374 47 15 74 1
! -85102 19589 200
! 7312 106313 0
> 15702 10838 183 401 129 2
> 5627 2917 -43 -132 -12 1
> 14036 9594 -266 388 174 2
> 10849 6389 39 12 92 1
! -863708 581933 200
! 1048459 112523 32
> 15702 10838 183 401 129 2
> 5627 2917 -43 -132 -12 1
> 14036 9594 -266 388 174 2
> 10849 6389 39 12 92 1
! -83778 -11197 200
! -23352 100358 0
> 15717 11348 12 433 147 2
> 5616 2788 -9 -109 6 1
> 13574 9940 -392 294 192 2
> 10888 6401 33 10 110 1
! -997130 282740 200
! 963538 429282 32
> 15717 11348 12 433 147 2
> 5616 2788 -9 -109 6 1
> 13574 9940 -392 294 192 2
> 10888 6401 33 10 110 1
! -84240 -10851 200
! -50678 85202 0
> 15536 11833 -154 412 165 2
> 5636 2692 17 -81 24 1
> 12986 10192 -499 214 -168 2
> 10921 6411 28 8 128 1
! -1031603 -43045 200
! 939924 478736 32
> 15536 11833 -154 412 165 2
> 5636 2692 17 -81 24 1
> 12986 10192 -499 214 -168 2
> 10921 6411 28 8 128 1
! -73616 -39807 200
! -71982 62330 0
> 15182 12235 -300 341 183 2
> 5682 2626 38 -56 27 1
> 12314 10306 -571 96 -150 2
> 10949 6419 23 6 146 1
! -963748 -363541 200
! 747137 744081 32
> 15182 12235 -300 341 183 2
> 5682 2626 38 -56 27 1
> 12314 10306 -571 96 -150 2
> 10949 6419 23 6 146 1
! -54599 -64008 200
! -85177 33982 200
> 14695 12504 -413 228 201 2
> 5743 2593 51 -28 45 1
> 11609 10253 -599 -44 -132 2
> 10780 6480 -143 51 164 1
! -800202 -647386 200
! 481787 936881 32
> 14695 12504 -413 228 201 2
> 5743 2593 51 -28 45 1
> 11609 10253 -599 -44 -132 2
> 10780 6480 -143 51 164 1
! -29064 -81101 200
! -89159 2990 200
> 14127 12606 -483 86 -141 2
> 5809 2594 55 0 63 1
> 10929 10026 -578 -192 -114 2
> 10437 6524 -291 37 182 1
! -556968 -866804 200
! 169842 1038260 200
> 14127 12606 -483 86 -141 2
> 5809 2594 55 0 63 1
> 10929 10026 -578 -192 -114 2
> 10437 6524 -291 37 182 1
! -29744 -81328 200
! -83532 -27677 200
> 13535 12524 -503 -69 -123 2
> 5895 2792 73 167 81 1
> 10270 9651 -560 -318 -114 2
> 9958 6493 -407 -26 -160 1
! -510753 -895570 200
! 115501 1045624 32
> 13535 12524 -503 -69 -123 2
> 5895 2792 73 167 81 1
> 10270 9651 -560 -318 -114 2
> 9958 6493 -407 -26 -160 1
! -182 -89801 200
! -68843 -55073 200
> 12932 12282 -512 -205 -120 2
> 5971 2991 64 169 84 1
> 9689 9134 -493 -439 -96 2
> 9393 6344 -479 -126 -142 1
! -558164 -867128 200
! 170004 1038657 200
> 12932 12282 -512 -205 -120 2
> 5971 2991 64 169 84 1
> 9689 9134 -493 -439 -96 2
> 9393 6344 -479 -126 -142 1
! -30984 -82220 200
! -46526 -76559 200
> 12311 11909 -527 -316 -123 2
> 6066 3358 80 311 81 1
> 9115 8512 -488 -528 -114 2
> 8802 6052 -502 -248 -124 1
! -604027 -836407 200
! 115672 1046190 200
> 12311 11909 -527 -316 -123 2
> 6066 3358 80 311 81 1
> 9115 8512 -488 -528 -114 2
> 8802 6052 -502 -248 -124 1
! -1337 -90940 200
! -47117 -76851 200
> 11666 11431 -547 -406 -126 2
> 6167 3868 85 433 84 1
> 8606 7785 -432 -617 -96 2
> 8188 5638 -521 -351 -124 1
! -559430 -867979 200
! 170200 1039534 200
> 11666 11431 -547 -406 -126 2
> 6167 3868 85 433 84 1
> 8606 7785 -432 -617 -96 2
> 8188 5638 -521 -351 -124 1
! -32067 -83569 0
! -70613 -55928 0
> 11010 10857 -557 -487 -123 2
> 6283 4499 98 535 81 1
> 8174 7168 -367 -524 -114 2
> 7667 5287 -442 -298 -142 1
! -513278 -897236 200
! 482327 938787 32
> 11010 10857 -557 -487 -123 2
> 6283 4499 98 535 81 1
> 8174 7168 -367 -524 -114 2
> 7667 5287 -442 -298 -142 1
! -2278 -92284 200
! -86302 -28914 200
> 10353 10197 -558 -561 -120 2
> 6226 5051 -586 432 63 1
> 7786 6445 -329 -614 -96 2
> 7206 4932 146 -265 -160 1
! -465691 -924091 200
! 747681 746506 200
> 10353 10197 -558 -561 -120 2
> 6226 5051 -586 432 63 1
> 7786 6445 -329 -614 -96 2
> 7206 4932 146 -265 -160 1
! -2666 -93007 0
! -92733 1442 0
> 9704 9458 -551 -628 -117 2
> 5781 5624 -377 487 45 1
> 7457 5831 -279 -521 -96 2
> 7352 4667 124 -225 -178 1
! -416790 -948464 200
! 940069 481668 200
> 9704 9458 -551 -628 -117 2
> 5781 5624 -377 487 45 1
> 7457 5831 -279 -521 -96 2
> 7352 4667 124 -225 -178 1
! -33216 -85523 200
! -88774 32230 0
> 9072 8647 -537 -689 -114 2
> 5582 6202 -168 491 27 1
> 7089 5144 -390 -418 -114 2
> 7484 4425 189 -371 164 1
! -366704 -970283 200
! 1041248 170235 200
> 9072 8647 -537 -689 -114 2
> 5582 6202 -168 491 27 1
> 7089 5144 -390 -418 -114 2
> 7484 4425 189 -371 164 1
! -3363 -94308 0
! -75419 60344 200
> 8463 7771 -517 -744 -111 2
> 5612 6724 25 443 9 1
> 6699 4726 -331 -355 -96 3
> 7507 4166 19 -220 146 1
! -315565 -989484 200
! 1041278 -157309 200
> 8463 7771 -517 -744 -111 2
> 5612 6724 25 443 9 1
> 6699 4726 -331 -355 -96 3
> 7507 4166 19 -220 146 1
! 27490 -93088 200
! -54059 82967 200
> 7884 6837 -491 -794 -108 2
> 5835 7136 189 349 -9 1
> 6410 4175 -246 -468 -78 3
> 7403 4104 -88 -53 128 1
! -608454 -841479 200
! 940123 -468908 32
> 7884 6837 -491 -794 -108 2
> 5835 7136 189 349 -9 1
> 6410 4175 -246 -468 -78 3
> 7403 4104 -88 -53 128 1
! 56409 -82427 0
! -26798 98073 200
> 7275 5881 -517 -812 -126 2
> 6053 7470 184 284 -27 1
> 6164 3707 -209 -397 -60 3
> 7247 4239 -132 114 110 1
! -316753 -991374 32
! 914146 -516818 200
> 7275 5881 -517 -812 -126 2
> 6053 7470 184 284 -27 1
> 6164 3707 -209 -397 -60 3
> 7247 4239 -132 114 110 1
! 80478 -63206 200
! -54319 83040 200
> 6696 5263 -646 130 -108 2
> 6410 7654 303 156 -30 1
> 6104 3176 -51 -451 -42 3
> 7044 4286 -18 -615 128 1
! 6696 -1043313 32
! 708044 -771590 32
> 6696 5263 -646 130 -108 2
> 6410 7654 303 156 -30 1
> 6104 3176 -51 -451 -42 3
> 7044 4286 -18 -615 128 1
! 97458 -37497 200
! -27157 98255 200
> 6050 5361 -549 83 -90 2
> 6734 7786 275 112 -48 1
> 6236 2644 111 -452 -24 3
> 6958 3859 -73 -363 110 1
! 330078 -991894 200
! 433228 -950136 32
> 6050 5361 -549 83 -90 2
> 6734 7786 275 112 -48 1
> 6236 2644 111 -452 -24 3
> 6958 3859 -73 -363 110 1
! 97590 -38029 200
! -54608 82660 200
> 5563 5254 -414 -91 -72 2
> 7022 7869 244 70 -66 1
> 6530 2111 249 -453 -24 3
> 6762 3654 -166 -174 128 1
! 621900 -843062 200
! 382798 -971061 32
> 5563 5254 -414 -91 -72 2
> 7022 7869 244 70 -66 1
> 6530 2111 249 -453 -24 3
> 6762 3654 -166 -174 128 1
! 105982 -8341 200
! -27439 97623 200
> 5267 5001 -251 -214 -54 2
> 7277 7909 217 34 -69 1
> 6978 1637 380 -402 -6 3
> 6528 3668 -199 11 110 1
! 853583 -611337 200
! 62155 -1039230 32
> 5267 5001 -251 -214 -54 2
> 7277 7909 217 34 -69 1
> 6978 1637 380 -402 -6 3
> 6528 3668 -199 11 110 1
! 104792 22428 0
! -55038 82469 0
> 5178 4669 -75 -281 -36 2
> 7496 7911 185 1 -87 1
> 7358 1235 323 -341 12 4
> 6329 3679 -169 9 128 1
! 1002433 -319359 200
! -263895 -1004936 32
> 5178 4669 -75 -281 -36 2
> 7496 7911 185 1 -87 1
> 7358 1235 323 -341 12 4
> 6329 3679 -169 9 128 1
! 93960 51234 0
! -76574 59598 200
> 5293 4326 97 -291 -18 2
> 7673 7881 150 -25 -105 1
> 7681 894 274 -289 30 4
> 5994 3800 -284 102 146 1
! 1053869 4326 200
! -210338 -1017781 32
> 5293 4326 97 -291 -18 2
> 7673 7881 150 -25 -105 1
> 7681 894 274 -289 30 4
> 5994 3800 -284 102 146 1
! 74594 75208 200
! -90132 31363 SHIELD
> 4686 4720 -610 406 0 2
> 7816 7825 121 -47 -102 1
> 8089 754 346 -119 48 4
> 5800 3833 -155 21 164 1
! 1001941 -319308 200
! -263575 -1005022 32
> 4686 4720 -610 406 0 2
> 7816 7825 121 -47 -102 1
> 8089 754 346 -119 48 4
> 5800 3833 -155 21 164 1
! 48762 92108 200
! -77103 59752 0
> 4266 5064 -356 292 -18 2
> 7929 7747 95 -66 -105 1
> 8516 818 363 54 66 4
> 5645 3854 -131 17 146 1
! 983196 -370712 200
! -210082 -1017915 32
> 4266 5064 -356 292 -18 2
> 7929 7747 95 -66 -105 1
> 8516 818 363 54 66 4
> 5645 3854 -131 17 146 1
! 18968 100270 200
! -55921 82655 0
> 4097 5284 -143 187 -21 2
> 8017 7650 75 -82 -102 1
> 8900 1071 326 214 84 4
> 5514 3871 -111 14 128 1
! 1001352 -318744 200
! -156016 -1028016 200
> 4097 5284 -143 187 -21 2
> 8017 7650 75 -82 -102 1
> 8900 1071 326 214 84 4
> 5514 3871 -111 14 128 1
! -11891 98885 200
! -28687 97840 0
> 4144 5409 40 106 -18 2
> 8061 7370 37 -237 -99 1
> 9184 1481 241 348 102 4
> 5403 3885 -94 11 110 1
! 852460 -610929 200
! -101545 -1035462 200
> 4144 5409 40 106 -18 2
> 8061 7370 37 -237 -99 1
> 9184 1481 241 348 102 4
> 5403 3885 -94 11 110 1
! -11607 99295 200
! 1913 103824 200
> 4346 5397 171 -9 -36 2
> 8077 6934 13 -370 -96 1
> 9383 2025 169 462 102 4
> 5302 4096 -85 179 92 1
! 883756 -565698 200
! 226088 -1018728 200
> 4346 5397 171 -9 -36 2
> 8077 6934 13 -370 -96 1
> 9383 2025 169 462 102 4
> 5302 4096 -85 179 92 1
! 19835 101477 200
! -28899 98065 200
> 4685 5279 287 -100 -33 2
> 8132 6368 46 -480 -78 1
> 9573 2686 161 561 84 4
> 5149 4463 -130 311 110 1
! 912778 -519009 200
! 532420 -901726 32
> 4685 5279 287 -100 -33 2
> 8132 6368 46 -480 -78 1
> 9573 2686 161 561 84 4
> 5149 4463 -130 311 110 1
! -11218 100500 0
! -29052 98432 SHIELD
> 4681 6029 -96 827 -30 2
> 8194 5860 52 -431 -60 1
> 9734 3247 136 476 102 4
> 5065 4679 -61 164 110 1
! 706315 -773215 200
! 787438 -695774 200
> 4681 6029 -96 827 -30 2
> 8194 5860 52 -431 -60 1
> 9734 3247 136 476 102 4
> 5065 4679 -61 164 110 1
! -40265 89849 0
! 1575 104618 0
> 4719 6707 32 576 -48 2
> 8395 5295 170 -480 -42 1
> 9870 3723 115 404 120 4
> 5004 4843 -51 139 92 1
! 431213 -951215 200
! 966317 -421199 200
> 4719 6707 32 576 -48 2
> 8395 5295 170 -480 -42 1
> 9870 3723 115 404 120 4
> 5004 4843 -51 139 92 1
! -40129 90325 200
! 1514 104782 0
> 4832 7100 96 334 -66 2
> 8748 4734 299 -477 -24 1
> 9885 4300 12 490 120 4
> 4953 4982 -43 118 92 1
! 380608 -971830 200
! 1051580 -104872 200
> 4832 7100 96 334 -66 2
> 8748 4734 299 -477 -24 1
> 9885 4300 12 490 120 4
> 4953 4982 -43 118 92 1
! -64429 71213 0
! 32516 101108 0
> 5000 7247 142 125 -69 2
> 9246 4236 423 -423 -6 1
> 9897 4790 10 416 138 4
> 4910 5100 -36 100 74 1
! 329028 -990008 200
! 1034908 222247 32
> 5000 7247 142 125 -69 2
> 9246 4236 423 -423 -6 1
> 9897 4790 10 416 138 4
> 4910 5100 -36 100 74 1
! -81457 45463 200
! 60829 88003 0
> 5204 7182 173 -55 -72 2
> 9700 3820 386 -353 12 1
> 9724 5287 -146 422 156 4
> 4874 5200 -30 85 56 1
! 276595 -1005665 200
! 917793 528108 32
> 5204 7182 173 -55 -72 2
> 9700 3820 386 -353 12 1
> 9724 5287 -146 422 156 4
> 4874 5200 -30 85 56 1
! -89728 15739 200
! 83675 66766 200
> 5429 6934 191 -210 -75 2
> 10114 3483 351 -286 30 1
> 9379 5730 -293 376 174 4
> 5002 5408 108 176 38 1
! 329457 -990321 200
! 711748 782727 32
> 5429 6934 191 -210 -75 2
> 10114 3483 351 -286 30 1
> 9379 5730 -293 376 174 4
> 5002 5408 108 176 38 1
! -88435 -15061 200
! 98971 39610 200
> 5682 6534 214 -340 -72 2
> 10486 3221 316 -222 48 1
> 8890 6064 -415 284 192 4
> 5298 5652 251 207 20 1
! 381458 -972396 200
! 436980 961143 32
> 5682 6534 214 -340 -72 2
> 10486 3221 316 -222 48 1
> 8890 6064 -415 284 192 4
> 5298 5652 251 207 20 1
! -77712 -43935 200
! 84099 67218 SHIELD
> 6383 6744 714 390 -69 2
> 10815 3028 279 -163 66 1
> 8302 6248 -499 156 -150 4
> 5507 5785 166 92 38 1
! 61261 -1040395 200
! 120421 1045860 32
> 6383 6744 714 390 -69 2
> 10815 3028 279 -163 66 1
> 8302 6248 -499 156 -150 4
> 5507 5785 166 92 38 1
! -89512 -14543 200
! 84308 67351 0
> 7078 6964 50 732 -87 2
> 11097 2897 239 -111 84 1
> 7637 6333 -25 -473 -168 5
> 5673 5877 141 78 38 1
! -264313 -1005883 200
! -206914 1028559 200
> 7078 6964 50 732 -87 2
> 11097 2897 239 -111 84 1
> 7637 6333 -25 -473 -168 5
> 5673 5877 141 78 38 1
! -91815 16785 200
! 61592 88780 0
> 7076 7503 -1 457 -105 2
> 11294 2982 167 71 102 1
> 7413 5881 -190 -384 174 5
> 5814 5955 119 66 56 1
! -210935 -1018159 200
! -512994 911075 200
> 7076 7503 -1 457 -105 2
> 11294 2982 167 71 102 1
> 7413 5881 -190 -384 174 5
> 5814 5955 119 66 56 1
! -83941 46554 200
! 33377 102081 0
> 7033 7764 -36 222 -102 2
> 11361 3226 56 207 120 1
> 7040 5578 -316 -257 156 5
> 5933 6021 101 56 74 1
! -157000 -1027902 200
! -767883 704860 200
> 7033 7764 -36 222 -102 2
> 11361 3226 56 207 120 1
> 7040 5578 -316 -257 156 5
> 5933 6021 101 56 74 1
! -67274 72491 200
! 61852 88924 200
> 6966 7788 -57 20 -99 2
> 11268 3567 -78 289 138 1
> 6575 5455 -394 -104 138 5
> 6146 6243 180 188 56 1
! -102640 -1035044 200
! -946654 430061 32
> 6966 7788 -57 20 -99 2
> 11268 3567 -78 289 138 1
> 6575 5455 -394 -104 138 5
> 6146 6243 180 188 56 1
! -43424 92057 200
! 62065 89146 200
> 6888 7609 -66 -152 -96 2
> 11161 3869 -91 256 156 1
> 6081 5524 -419 58 120 5
> 6438 6597 248 300 56 1
! -47990 -1039530 200
! -1031671 113475 32
> 6888 7609 -66 -152 -96 2
> 11161 3869 -91 256 156 1
> 6081 5524 -419 58 120 5
> 6438 6597 248 300 56 1
! -43918 92126 200
! 34001 102723 200
> 7062 7822 253 420 -93 2
> 11038 4128 -104 220 174 1
> 5562 5755 -441 196 120 5
> 6491 6524 -60 -300 74 1
! -102544 -1035010 200
! -1036101 59006 32
> 7062 7822 253 420 -93 2
> 11038 4128 -104 220 174 1
> 5562 5755 -441 196 120 5
> 6491 6524 -60 -300 74 1
! -68752 72668 200
! 62410 89427 200
> 7294 8043 197 187 -96 2
> 10902 4350 -115 188 177 1
> 4972 6085 -501 280 138 5
> 6543 6390 44 -114 56 1
! -47584 -1039096 200
! -1001945 -267041 32
> 7294 8043 197 187 -96 2
> 10902 4350 -115 188 177 1
> 4972 6085 -501 280 138 5
> 6543 6390 44 -114 56 1
! -45027 92687 200
! 62462 89293 200
> 7481 8030 158 -10 -93 2
> 10756 4530 -124 152 -165 1
> 4371 6538 -510 385 120 5
> 6699 6442 132 44 56 1
! -102125 -1034802 200
! -868654 -566565 32
> 7481 8030 158 -10 -93 2
> 10756 4530 -124 152 -165 1
> 4371 6538 -510 385 120 5
> 6699 6442 132 44 56 1
! -16420 104352 0
! 85500 68008 200
> 7618 7821 116 -177 -96 2
> 10605 4665 -128 114 -147 1
> 3861 6923 -433 327 102 5
> 6989 6609 246 142 38 1
! -47260 -1039318 200
! -649285 -810232 32
> 7618 7821 116 -177 -96 2
> 10605 4665 -128 114 -147 1
> 3861 6923 -433 327 102 5
> 6989 6609 246 142 38 1
! 14313 106375 0
! 62908 89512 200
> 7806 7573 415 190 -93 2
> 10457 4754 -125 75 -129 1
> 3428 7250 -368 277 84 0
> 7265 6788 -22 -248 56 1
! -367970 -971357 200
! -365319 -974176 32
> 7806 7573 415 190 -93 2
> 10457 4754 -125 75 -129 1
> 3428 7250 -368 277 84 0
> 7265 6788 -22 -248 56 1
! 44101 98604 0
! 86066 68354 0
> 8149 7576 291 2 -111 2
> 10321 4799 -115 38 -111 1
> 3060 7527 -312 235 66 0
> 7243 6540 -18 -210 38 1
! -651741 -807321 200
! -313707 -992456 32
> 8149 7576 291 2 -111 2
> 10321 4799 -115 38 -111 1
> 3060 7527 -312 235 66 0
> 7243 6540 -18 -210 38 1
! 69973 81841 200
! 101212 40742 0
> 8314 7423 140 -130 -129 2
> 10196 4807 -106 6 -108 1
> 2882 7911 -151 326 48 0
> 7225 6330 -15 -178 20 1
! -367462 -971507 200
! -606142 -843509 200
> 8314 7423 140 -130 -129 2
> 10196 4807 -106 6 -108 1
> 2882 7911 -151 326 48 0
> 7225 6330 -15 -178 20 1
! 89484 57910 0
! 101194 40532 0
> 8382 7106 58 -269 -111 2
> 9972 4651 -190 -132 -126 1
> 2731 8237 -128 277 30 0
> 7210 6152 -12 -151 20 1
! -651508 -807791 200
! -838344 -611686 32
> 8382 7106 58 -269 -111 2
> 9972 4651 -190 -132 -126 1
> 2731 8237 -128 277 30 0
> 7210 6152 -12 -151 20 1
! 100545 29028 200
! 107149 9641 200
> 8314 6682 -57 -360 -129 2
> 9756 4500 -183 -128 -144 1
> 2799 8556 57 270 12 0
> 7398 6008 159 -122 2 1
! -693320 -772562 200
! -987499 -319528 32
> 8314 6682 -57 -360 -129 2
> 9756 4500 -183 -128 -144 1
> 2799 8556 57 270 12 0
> 7398 6008 159 -122 2 1
! 102251 -1896 200
! 101367 40210 0
> 8266 6260 200 -211 -132 2
> 9543 4362 -181 -117 -162 1
> 3055 8805 217 211 -6 0
> 7414 5799 -227 -324 20 1
! -733189 -735195 200
! -1039033 4362 32
> 8266 6260 200 -211 -132 2
> 9543 4362 -181 -117 -162 1
> 3055 8805 217 211 -6 0
> 7414 5799 -227 -324 20 1
! 94409 -31868 200
! 101383 40001 200
> 8325 5908 49 -299 -135 2
> 9330 4245 -181 -99 -180 1
> 3455 8935 339 110 -24 0
> 7375 5543 -33 -217 20 1
! -925963 -470136 200
! -987925 328273 32
> 8325 5908 49 -299 -135 2
> 9330 4245 -181 -99 -180 1
> 3455 8935 339 110 -24 0
> 7375 5543 -33 -217 20 1
! 94809 -31738 200
! 101344 39745 200
> 8316 5552 167 -254 -153 2
> 9119 4156 -179 -75 -198 1
> 3977 8964 443 24 -24 0
> 7409 5361 -145 -202 20 1
! -949606 -420942 200
! -839197 620493 32
> 8316 5552 167 -254 -153 2
> 9119 4156 -179 -75 -198 1
> 3977 8964 443 24 -24 0
> 7409 5361 -145 -202 20 1
! 78291 -57949 200
! 107348 8850 200
> 8300 5217 -13 -285 -156 2
> 8914 4100 -174 -47 144 1
> 4569 8854 502 -93 -42 0
> 7464 5166 46 -165 2 1
! -770944 -696417 200
! -607423 852416 32
> 8300 5217 -13 -285 -156 2
> 8914 4100 -174 -47 144 1
> 4569 8854 502 -93 -42 0
> 7464 5166 46 -165 2 1
! 78883 -58059 200
! 101433 39368 200
> 8493 4846 71 59 -138 2
> 8734 4041 -29 -424 126 1
> 5220 8627 553 -192 -42 0
> 7331 5060 -144 -91 20 1
! -732962 -736609 200
! -315294 1001296 200
> 8493 4846 71 59 -138 2
> 8734 4041 -29 -424 126 1
> 5220 8627 553 -192 -42 0
> 7331 5060 -144 -91 20 1
! 55219 -77975 200
! 107270 8549 200
> 8423 4764 -59 -70 -135 2
> 8643 3807 -77 -198 108 1
> 5873 8262 555 -310 -60 0
> 7387 4976 47 -71 2 1
! -770821 -696870 200
! 8643 1052383 200
> 8423 4764 -59 -70 -135 2
> 8643 3807 -77 -198 108 1
> 5873 8262 555 -310 -60 0
> 7387 4976 47 -71 2 1
! 55872 -78340 200
! 103513 -22587 200
> 8335 4575 37 35 -138 2
> 8587 3746 40 -317 90 1
> 6528 7779 556 -410 -60 0
> 7486 4898 -115 2 -16 1
! -949587 -421919 200
! -46291 1050885 200
> 8335 4575 37 35 -138 2
> 8587 3746 40 -317 90 1
> 6528 7779 556 -410 -60 0
> 7486 4898 -115 2 -16 1
! 56527 -78823 200
! 90389 -51021 0
> 8189 4529 -123 -39 -156 2
> 8617 3629 25 -99 93 1
> 7184 7196 557 -495 -60 0
> 7371 4900 -97 1 -34 1
! -1034643 -105077 200
! -100989 1046461 200
> 8189 4529 -123 -39 -156 2
> 8617 3629 25 -99 93 1
> 7184 7196 557 -495 -60 0
> 7371 4900 -97 1 -34 1
! 57183 -79406 200
! 68937 -73901 200
> 8100 4358 0 -181 -174 2
> 8621 3729 3 84 96 1
> 7841 6528 558 -567 -60 0
> 7165 4854 -250 -2 -52 1
! -1017562 222369 200
! -155412 1039395 200
> 8100 4358 0 -181 -174 2
> 8621 3729 3 84 96 1
> 7841 6528 558 -567 -60 0
> 7165 4854 -250 -2 -52 1
! 82155 -60385 200
! 90068 -51065 200
> 7785 4361 -71 -97 168 2
> 8728 3859 101 99 99 1
> 8548 5827 600 -595 -42 0
> 7064 4749 -291 21 -34 1
! -1035047 -105245 200
! -467315 938147 200
> 7785 4361 -71 -97 168 2
> 8728 3859 101 99 99 1
> 8548 5827 600 -595 -42 0
> 7064 4749 -291 21 -34 1
! 99902 -34846 0
! 89967 -51170 200
> 7643 4171 -98 -173 -174 2
> 8738 4136 8 235 117 1
> 9148 5232 510 -505 -24 0
> 6810 4730 -237 -3 -34 1
! -1018019 222182 200
! -732717 745591 32
> 7643 4171 -98 -173 -174 2
> 8738 4136 8 235 117 1
> 9148 5232 510 -505 -24 0
> 6810 4730 -237 -3 -34 1
! 108600 -5220 0
! 89713 -51189 200
> 7349 4040 -249 -111 168 2
> 8723 4394 -12 218 135 1
> 9658 4727 433 -429 -6 1
> 6739 4615 -60 -97 -34 1
! -900744 528328 200
! -925565 480438 200
> 7349 4040 -249 -111 168 2
> 8723 4394 -12 218 135 1
> 9658 4727 433 -429 -6 1
> 6739 4615 -60 -97 -34 1
! 107472 25518 200
! 89642 -51304 200
> 7267 3695 -46 -316 150 2
> 8533 4703 -161 262 153 1
> 10287 4340 534 -329 12 1
> 6504 4740 -222 129 -34 1
! -694367 782939 200
! -1027133 168736 200
> 7267 3695 -46 -316 150 2
> 8533 4703 -161 262 153 1
> 10287 4340 534 -329 12 1
> 6504 4740 -222 129 -34 1
! 96889 54339 200
! 68070 -74061 200
> 7087 3528 -152 -142 132 2
> 8174 4996 -304 249 171 1
> 10994 4111 601 -194 30 1
> 6405 4711 -84 -24 -52 1
! -652803 818425 200
! -1027492 -159037 32
> 7087 3528 -152 -142 132 2
> 8174 4996 -304 249 171 1
> 10994 4111 601 -194 30 1
> 6405 4711 -84 -24 -52 1
! 77907 78425 200
! 67971 -74090 200
> 6809 3541 -236 11 129 2
> 7838 5240 -285 207 189 1
> 11729 4066 624 -38 48 1
> 6444 4529 33 -154 -52 1
! -368967 982471 32
! -926450 -470804 200
> 6809 3541 -236 11 129 2
> 7838 5240 -285 207 189 1
> 11729 4066 624 -38 48 1
> 6444 4529 33 -154 -52 1
! 52402 95420 200
! 40645 -89440 200
> 6607 3381 -126 -338 111 2
> 7375 5356 -393 98 207 1
> 12434 4211 599 123 66 1
> 6500 4388 2 82 -70 1
! -419887 961303 200
! -734080 -736099 200
> 6607 3381 -126 -338 111 2
> 7375 5356 -393 98 207 1
> 12434 4211 599 123 66 1
> 6500 4388 2 82 -70 1
! 22886 103663 200
! 9989 -95551 0
> 6400 3226 -176 -131 114 2
> 6841 5313 -454 -36 225 1
> 13054 4533 526 273 84 1
> 6502 4470 1 69 -88 1
! -103206 1046058 32
! -469203 -928975 32
> 6400 3226 -176 -131 114 2
> 6841 5313 -454 -36 225 1
> 13054 4533 526 273 84 1
> 6502 4470 1 69 -88 1
! 23506 103985 200
! -21061 -91656 0
> 6221 3127 -152 -84 96 2
> 6396 5379 -363 135 243 1
> 13601 5005 464 401 84 1
> 6479 4409 -33 -131 -106 1
! -48657 1050266 200
! -157637 -1030287 32
> 6221 3127 -152 -84 96 2
> 6396 5379 -363 135 243 1
> 13601 5005 464 401 84 1
> 6479 4409 -33 -131 -106 1
! -7190 102819 200
! -49440 -78494 200
> 6059 3243 -138 98 93 2
> 6028 5482 -312 87 261 1
> 14023 5602 359 507 102 1
> 6334 4112 -123 -252 -124 1
! 277450 1016090 200
! 170062 -1030184 200
> 6059 3243 -138 98 93 2
> 6028 5482 -312 87 261 1
> 14023 5602 359 507 102 1
> 6334 4112 -123 -252 -124 1
! -35976 92204 200
! -49585 -78791 200
> 5781 2957 -266 -333 75 2
> 5747 5371 -238 -93 279 1
> 14282 6282 220 578 120 1
> 6291 4272 -6 225 -124 1
! 576876 882367 200
! 481790 -928917 32
> 5781 2957 -266 -333 75 2
> 5747 5371 -238 -93 279 1
> 14282 6282 220 578 120 1
> 6291 4272 -6 225 -124 1
! -60032 73195 0
! -49628 -78631 200
> 5624 2792 -133 -140 57 2
> 5524 5249 -189 -103 -63 1
> 14502 6860 187 491 138 1
> 6173 4331 -100 50 -124 1
! 621962 851108 200
! 746979 -736206 200
> 5624 2792 -133 -140 57 2
> 5524 5249 -189 -103 -63 1
> 14502 6860 187 491 138 1
> 6173 4331 -100 50 -124 1
! -76852 47533 200
! -21390 -91795 200
> 5609 2814 -13 18 54 2
> 5476 5005 -40 -207 -45 1
> 14506 7432 3 486 156 2
> 6018 4189 -131 -120 -106 1
! 665499 817711 32
! 784720 -696629 200
> 5609 2814 -13 18 54 2
> 5476 5005 -40 -207 -45 1
> 14506 7432 3 486 156 2
> 6018 4189 -131 -120 -106 1
! -84946 17884 0
! 9507 -95750 200
> 5616 2857 6 36 51 2
> 5585 4664 92 -289 -42 1
> 14509 7918 2 413 174 2
> 5894 3869 -105 -271 -88 1
! 381392 981787 32
! 747040 -736791 200
> 5616 2857 6 36 51 2
> 5585 4664 92 -289 -42 1
> 14509 7918 2 413 174 2
> 5894 3869 -105 -271 -88 1
! -83305 -12873 200
! 40095 -90100 SHIELD
> 5569 2679 -141 -535 69 2
> 5707 4585 80 8 -45 1
> 14315 8289 -164 315 192 2
> 5807 3587 -61 -208 -70 1
! 329597 999934 200
! 784951 -697049 32
> 5569 2679 -141 -535 69 2
> 5707 4585 80 8 -45 1
> 14315 8289 -164 315 192 2
> 5807 3587 -61 -208 -70 1
! -72287 -41710 200
! 9296 -96352 0
> 5490 2334 -67 -293 72 2
> 5811 4572 88 -11 -42 1
> 13978 8504 -286 182 -150 2
> 5746 3379 -51 -176 -88 1
! 381266 981264 200
! 963733 -421922 200
> 5490 2334 -67 -293 72 2
> 5811 4572 88 -11 -42 1
> 13978 8504 -286 182 -150 2
> 5746 3379 -51 -176 -88 1
! -72624 -41495 200
! 9235 -96560 0
> 5495 2228 3 -90 69 2
> 6082 4480 230 -78 -24 1
> 13519 8586 -390 69 -150 2
> 5695 3203 -43 -149 -88 1
! 431989 960150 200
! 940370 -471564 32
> 5495 2228 3 -90 69 2
> 6082 4480 230 -78 -24 1
> 13519 8586 -390 69 -150 2
> 5695 3203 -43 -149 -88 1
! -73083 -41413 200
! 39896 -90766 0
> 5571 2258 43 -137 66 2
> 6341 4387 219 -78 -27 1
> 12956 8555 -478 -26 -150 2
> 5660 3117 -8 89 -70 1
! 381347 981188 200
! 1042007 -159646 32
> 5571 2258 43 -137 66 2
> 6341 4387 219 -78 -27 1
> 12956 8555 -478 -26 -150 2
> 5660 3117 -8 89 -70 1
! -73646 -41444 200
! 39861 -90852 200
> 5676 2193 83 -124 69 2
> 6592 4304 213 -70 -9 1
> 12305 8429 -553 -107 -150 2
> 5730 3132 65 82 -70 1
! 60554 1049332 200
! 940880 -471740 32
> 5676 2193 83 -124 69 2
> 6592 4304 213 -70 -9 1
> 12305 8429 -553 -107 -150 2
> 5730 3132 65 82 -70 1
! -74297 -41570 200
! 39931 -90837 0
> 5769 2269 79 64 87 2
> 6834 4219 205 -71 -27 1
> 11579 8222 -617 -175 -150 2
> 5795 3214 55 69 -70 1
! 381545 981199 200
! 748289 -737236 200
> 5769 2269 79 64 87 2
> 6834 4219 205 -71 -27 1
> 11579 8222 -617 -175 -150 2
> 5795 3214 55 69 -70 1
! -55334 -66092 200
! 9284 -96725 200
> 5922 2284 131 -110 69 2
> 7180 4007 294 -180 -45 1
> 10828 7898 -638 -275 -132 2
> 5855 3319 49 212 -88 1
! 432416 960206 200
! 483223 -930281 32
> 5922 2284 131 -110 69 2
> 7180 4007 294 -180 -45 1
> 10828 7898 -638 -275 -132 2
> 5855 3319 49 212 -88 1
! -56085 -66416 200
! 40056 -90650 200
> 6134 2357 180 61 66 2
> 7489 3798 262 -177 -63 1
> 10056 7474 -656 -360 -132 2
> 5972 3343 99 20 -70 1
! 115740 1045189 32
! 171522 -1031868 32
> 6134 2357 180 61 66 2
> 7489 3798 262 -177 -63 1
> 10056 7474 -656 -360 -132 2
> 5972 3343 99 20 -70 1
! -56857 -66840 200
! 67538 -75458 200
> 6323 2415 188 -119 84 2
> 7756 3589 226 -177 -81 1
> 9266 6965 -671 -432 -132 2
> 6189 3240 156 81 -52 1
! -211688 1028077 32
! -156277 -1032077 32
> 6323 2415 188 -119 84 2
> 7756 3589 226 -177 -81 1
> 9266 6965 -671 -432 -132 2
> 6189 3240 156 81 -52 1
! -31407 -84389 200
! 40390 -90729 0
> 6504 2327 154 -74 102 2
> 7977 3380 187 -177 -99 1
> 8514 6350 -639 -522 -114 2
> 6345 3321 132 68 -70 1
! -517784 910420 200
! -210034 -1022282 32
> 6504 2327 154 -74 102 2
> 7977 3380 187 -177 -99 1
> 8514 6350 -639 -522 -114 2
> 6345 3321 132 68 -70 1
! -1938 -93102 0
! 9834 -96618 200
> 6562 2393 67 -118 120 2
> 8157 3172 153 -177 -102 1
> 7875 5828 -543 -443 -96 2
> 6480 3223 96 90 -88 1
! -211449 1028055 200
! -516131 -904922 32
> 6562 2393 67 -118 120 2
> 8157 3172 153 -177 -102 1
> 7875 5828 -543 -443 -96 2
> 6480 3223 96 90 -88 1
! -2577 -93624 200
! -21083 -92903 0
> 6587 2471 21 65 102 2
> 8294 2967 116 -174 -120 1
> 7311 5186 -479 -545 -96 2
> 6576 3313 81 76 -106 1
! -264804 1015318 32
! -467750 -931321 32
> 6587 2471 21 65 102 2
> 8294 2967 116 -174 -120 1
> 7311 5186 -479 -545 -96 2
> 6576 3313 81 76 -106 1
! 28102 -92628 200
! 10065 -96626 200
> 6599 2381 9 -113 105 2
> 8395 2764 86 -172 -117 1
> 6874 4445 -371 -629 -78 3
> 6665 3375 75 89 -88 1
! 61477 1049520 200
! -418099 -955158 32
> 6599 2381 9 -113 105 2
> 8395 2764 86 -172 -117 1
> 6874 4445 -371 -629 -78 3
> 6665 3375 75 89 -88 1
! 56873 -82157 SHIELD
! -20898 -92751 0
> 6551 1839 -104 -1054 87 2
> 8468 2563 62 -171 -114 1
> 6504 3922 -321 -347 -60 3
> 6800 3032 241 -672 -106 1
! 116157 1044671 200
! -693166 -776681 32
> 6551 1839 -104 -1054 87 2
> 8468 2563 62 -171 -114 1
> 6504 3922 -321 -347 -60 3
> 6800 3032 241 -672 -106 1
! 80818 -62991 0
! -49119 -79871 0
> 6468 984 -70 -726 84 2
> 8509 2368 34 -165 -132 1
> 6183 3575 -272 -294 -42 3
> 7041 2360 204 -571 -124 1
! 170501 1036650 200
! -732946 -739087 32
> 6468 984 -70 -726 84 2
> 8509 2368 34 -165 -132 1
> 6183 3575 -272 -294 -42 3
> 7041 2360 204 -571 -124 1
! 97537 -37098 0
! -71760 -59206 200
> 6429 456 -32 -449 81 2
> 8520 2180 9 -159 -135 1
> 5911 3281 -231 -249 -24 3
> 7087 1666 39 -590 -142 1
! -157604 1036122 200
! -770724 -699454 32
> 6429 456 -32 -449 81 2
> 8520 2180 9 -159 -135 1
> 5911 3281 -231 -249 -24 3
> 7087 1666 39 -590 -142 1
! 97265 -37392 0
! -86882 -32535 200
> 6366 205 -53 -213 99 2
> 8505 2000 -12 -153 -138 1
> 5680 3032 -196 -211 -24 3
> 6938 1008 -126 -559 -160 1
! -103240 1043037 200
! -806392 -657890 32
> 6366 205 -53 -213 99 2
> 8505 2000 -12 -153 -138 1
> 5680 3032 -196 -211 -24 3
> 6938 1008 -126 -559 -160 1
! 97034 -37641 200
! -93001 -2481 200
> 6042 -128 -371 -406 96 2
> 8468 1827 -31 -147 -141 1
> 5667 2740 -11 -248 -24 3
> 6862 761 32 -86 -178 1
! 224053 1025534 200
! -970462 -373949 200
> 6042 -128 -371 -406 96 2
> 8468 1827 -31 -147 -141 1
> 5667 2740 -11 -248 -24 3
> 6862 761 32 -86 -178 1
! 97021 -37933 200
! -93077 -2728 0
> 5713 -338 -280 -178 78 2
> 8250 1608 -185 -185 -159 1
> 5839 2411 145 -279 -24 3
> 6894 675 27 -73 -178 1
! 277104 1012509 200
! -1038889 -53270 200
> 5713 -338 -280 -178 78 2
> 8250 1608 -185 -185 -159 1
> 5839 2411 145 -279 -24 3
> 6894 675 27 -73 -178 1
! 105291 -8041 0
! -89232 28238 200
> 5485 -323 -194 12 75 2
> 7865 1413 -327 -166 -177 1
> 5984 2132 123 -237 -6 3
> 6729 657 -140 -15 164 1
! 329513 996932 200
! -1004982 272805 200
> 5485 -323 -194 12 75 2
> 7865 1413 -327 -166 -177 1
> 5984 2132 123 -237 -6 3
> 6729 657 -140 -15 164 1
! 97338 -38541 0
! -93210 -2832 200
