@ 0 NyxHemera
@ 1 reCurse
CP 4
CP 5940 4241
CP 14648 1431
CP 3468 7246
CP 9427 7267
> 5786 3765 0 0 -1 1
> 6094 4717 0 0 -1 1
> 5479 2813 0 0 -1 1
> 6401 5669 0 0 -1 1
! 14648 1431 BOOST
! 10026 7269 0
> 5786 3765 0 0 -1 1
> 6094 4717 0 0 -1 1
> 5479 2813 0 0 -1 1
> 6401 5669 0 0 -1 1
! 94916 -41918 200
! 105115 -10315 200
> 6415 3599 534 -140 -15 1
> 6094 4717 0 0 33 1
> 5658 2724 152 -76 -27 1
> 6598 5637 167 -27 -9 1
! 14114 1571 200
! 10026 7269 200
> 6415 3599 534 -140 -15 1
> 6094 4717 0 0 33 1
> 5658 2724 152 -76 -27 1
> 6598 5637 167 -27 -9 1
! 104426 -12919 200
! 105366 21280 0
> 7142 3408 618 -162 -15 1
> 6262 4826 142 92 33 1
> 6008 2617 297 -91 -9 1
> 6765 5610 141 -22 9 1
! 14030 1593 200
! 10026 7269 SHIELD
> 7142 3408 618 -162 -15 1
> 6262 4826 142 92 33 1
> 6008 2617 297 -91 -9 1
> 6765 5610 141 -22 9 1
! 104776 -13026 200
! 105533 21253 200
> 7953 3195 689 -181 -15 1
> 6404 4918 120 78 33 1
> 6503 2495 420 -103 -9 1
> 7104 5619 287 7 9 1
! 13959 1612 200
! 10026 7269 200
> 7953 3195 689 -181 -15 1
> 6404 4918 120 78 33 1
> 6503 2495 420 -103 -9 1
> 7104 5619 287 7 9 1
! 105271 -13148 200
! 105872 -10024 0
> 8835 2963 750 -197 -15 1
> 6524 4996 102 66 33 1
> 7121 2361 524 -114 -9 1
> 7391 5626 243 5 -9 1
! 13898 1628 200
! 10026 7269 200
> 8835 2963 750 -197 -15 1
> 6524 4996 102 66 33 1
> 7121 2361 524 -114 -9 1
> 7391 5626 243 5 -9 1
! 105889 -13282 200
! 96491 -39773 200
> 9778 2715 801 -210 -15 1
> 6626 5062 86 56 33 1
> 7843 2216 613 -123 -9 1
> 7812 5540 358 -72 -27 1
! 13847 1641 200
! 10026 7269 200
> 9778 2715 801 -210 -15 1
> 6626 5062 86 56 33 1
> 7843 2216 613 -123 -9 1
> 7812 5540 358 -72 -27 1
! 106611 -13427 200
! 106580 -10103 0
> 10772 2454 845 -221 -15 1
> 6712 5118 73 47 33 1
> 8654 2062 688 -131 -9 1
> 8170 5468 304 -61 -9 1
! 3468 7246 0
! 10026 7269 200
> 10772 2454 845 -221 -15 1
> 6712 5118 73 47 33 1
> 8654 2062 688 -131 -9 1
> 8170 5468 304 -61 -9 1
! 107422 -13581 200
! 106938 -10175 0
> 11617 2233 718 -187 3 1
> 6953 5274 204 132 33 1
> 9540 1900 752 -137 -9 1
> 8474 5407 258 -51 -9 1
! 3468 7246 0
! 10026 7269 200
> 11617 2233 718 -187 3 1
> 6953 5274 204 132 33 1
> 9540 1900 752 -137 -9 1
> 8474 5407 258 -51 -9 1
! 108308 17543 200
! 107242 21050 0
> 12335 2046 610 -158 21 1
> 7325 5515 315 204 33 1
> 10490 1794 807 -89 9 1
> 8732 5356 219 -43 9 1
! 3468 7246 0
! 10026 7269 200
> 12335 2046 610 -158 21 1
> 7325 5515 315 204 33 1
> 10490 1794 807 -89 9 1
> 8732 5356 219 -43 9 1
! 109258 -13849 200
! 107500 -10287 0
> 12945 1888 518 -134 39 1
> 7808 5828 410 265 33 1
> 11495 1674 853 -102 -9 1
> 8951 5313 186 -36 -9 1
! 3468 7246 0
! 10026 7269 0
> 12945 1888 518 -134 39 1
> 7808 5828 410 265 33 1
> 11495 1674 853 -102 -9 1
> 8951 5313 186 -36 -9 1
! 110263 17317 0
! 107719 -10330 0
> 13463 1754 440 -113 57 1
> 8218 6093 348 225 33 1
> 12348 1572 725 -86 9 1
> 9137 5277 158 -30 -9 1
! 3468 7246 SHIELD
! 10026 7269 0
> 13463 1754 440 -113 57 1
> 8218 6093 348 225 33 1
> 12348 1572 725 -86 9 1
> 9137 5277 158 -30 -9 1
! 111116 17215 200
! 107905 20920 0
> 13931 1646 447 -82 75 1
> 8566 6318 295 191 33 1
> 12992 1467 46 -179 9 1
> 9295 5247 134 -25 9 1
! 3468 7246 200
! 10026 7269 0
> 13931 1646 447 -82 75 1
> 8566 6318 295 191 33 1
> 12992 1467 46 -179 9 1
> 9295 5247 134 -25 9 1
! 102092 46866 200
! 108063 -10396 0
> 14378 1564 379 -69 93 2
> 8861 6509 250 162 33 1
> 13216 1379 190 -74 27 1
> 9429 5222 113 -21 -9 1
! 3089 7315 0
! 10026 7269 0
> 14378 1564 379 -69 93 2
> 8861 6509 250 162 33 1
> 13216 1379 190 -74 27 1
> 9429 5222 113 -21 -9 1
! 111984 17022 200
! 98529 -40177 0
> 14757 1495 322 -58 111 2
> 9111 6671 212 137 33 1
> 13604 1336 329 -36 9 1
> 9542 5201 96 -17 -27 1
! 3146 7304 200
! 10026 7269 0
> 14757 1495 322 -58 111 2
> 9111 6671 212 137 33 1
> 13604 1336 329 -36 9 1
> 9542 5201 96 -17 -27 1
! 102704 46735 200
! 98642 -40198 0
> 15079 1437 273 -49 129 2
> 9323 6808 180 116 33 1
> 14111 1391 431 46 27 2
> 9638 5184 81 -14 -27 1
! 3195 7295 SHIELD
! 10026 7269 0
> 15079 1437 273 -49 129 2
> 9323 6808 180 116 33 1
> 14111 1391 431 46 27 2
> 9638 5184 81 -14 -27 1
! 84821 72101 200
! 98738 -40215 0
> 15373 1386 273 -46 147 2
> 9503 6924 153 98 33 1
> 14477 1602 70 206 45 2
> 9719 5170 68 -11 -27 1
! 3195 7292 200
! 10026 7269 0
> 15373 1386 273 -46 147 2
> 9503 6924 153 98 33 1
> 14477 1602 70 206 45 2
> 9719 5170 68 -11 -27 1
! 59876 90702 0
! 80429 -65540 0
> 15646 1340 232 -39 154 2
> 9656 7022 130 83 33 1
> 14547 1808 59 175 63 2
> 9787 5159 57 -9 -45 1
! 3236 7285 200
! 14547 1808 0
> 15646 1340 232 -39 154 2
> 9656 7022 130 83 33 1
> 14547 1808 59 175 63 2
> 9787 5159 57 -9 -45 1
! 30190 100576 0
! 80497 -65551 0
> 15878 1301 197 -33 154 2
> 9786 7105 110 70 15 1
> 14606 1983 50 148 81 2
> 9844 5150 48 -7 -45 1
! 3271 7279 200
! 14606 1983 0
> 15878 1301 197 -33 154 2
> 9786 7105 110 70 15 1
> 14606 1983 50 148 81 2
> 9844 5150 48 -7 -45 1
! -1037 100751 0
! 55242 -83950 0
> 16075 1268 167 -28 155 2
> 9896 7175 93 59 -3 1
> 14656 2131 42 125 99 2
> 9892 5143 40 -5 -63 1
! 3301 7274 200
! 14656 2131 0
> 16075 1268 167 -28 155 2
> 9896 7175 93 59 -3 1
> 14656 2131 42 125 99 2
> 9892 5143 40 -5 -63 1
! -30743 91231 200
! 80602 -65567 0
> 16061 1325 -11 48 155 2
> 9989 7234 79 50 -21 1
> 14607 2434 -41 257 117 2
> 9932 5138 34 -4 -45 1
! 3479 7198 200
! 14607 2434 0
> 16061 1325 -11 48 155 2
> 9989 7234 79 50 -21 1
> 14607 2434 -41 257 117 2
> 9932 5138 34 -4 -45 1
! -56103 73144 200
! 80642 -65572 0
> 15869 1458 -163 112 155 2
> 10068 7284 67 42 -39 1
> 14425 2832 -155 338 135 2
> 9966 5134 28 -3 -45 1
! 3631 7134 200
! 14425 2832 0
> 15869 1458 -163 112 155 2
> 10068 7284 67 42 -39 1
> 14425 2832 -155 338 135 2
> 9966 5134 28 -3 -45 1
! -74675 48231 200
! 80676 -65576 0
> 15525 1654 -292 166 155 2
> 10135 7326 56 35 -46 1
> 14092 3261 -283 364 153 2
> 9994 5131 23 -2 -45 1
! 3760 7080 200
! 14092 3261 0
> 15525 1654 -292 166 155 2
> 10135 7326 56 35 -46 1
> 14092 3261 -283 364 153 2
> 9994 5131 23 -2 -45 1
! -84676 18904 200
! 80704 -65579 0
> 15051 1904 -402 212 155 2
> 10191 7361 47 29 -46 1
> 13611 3656 -408 335 171 2
> 10017 5129 19 -1 -45 1
! 3870 7034 200
! 13611 3656 0
> 15051 1904 -402 212 155 2
> 10191 7361 47 29 -46 1
> 13611 3656 -408 335 171 2
> 10017 5129 19 -1 -45 1
! -85157 -11987 200
! 80727 -65581 0
> 14467 2199 -496 251 155 2
> 10238 7390 39 24 -47 1
> 13005 3960 -514 258 -171 2
> 10036 5128 16 0 -45 1
! 3964 6995 200
! 13005 3960 0
> 14467 2199 -496 251 155 2
> 10238 7390 39 24 -47 1
> 13005 3960 -514 258 -171 2
> 10036 5128 16 0 -45 1
! -85763 -11683 0
! 55434 -83972 0
> 13789 2533 -576 283 155 2
> 10277 7414 33 20 -51 1
> 12491 4218 -436 219 -171 2
> 10052 5128 13 0 -63 1
! 4044 6963 200
! 12491 4218 0
> 13789 2533 -576 283 155 2
> 10277 7414 33 20 -51 1
> 12491 4218 -436 219 -171 2
> 10052 5128 13 0 -63 1
! -86277 -11425 0
! 25695 -93640 0
> 13031 2899 -644 310 156 2
> 10310 7434 28 17 -55 1
> 12055 4437 -370 186 -171 2
> 10065 5128 11 0 -81 1
! 4112 6936 200
! 12055 4437 0
> 13031 2899 -644 310 156 2
> 10310 7434 28 17 -55 1
> 12055 4437 -370 186 -171 2
> 10065 5128 11 0 -81 1
! -86713 20080 0
! -5578 -93640 200
> 12205 3291 -702 333 156 2
> 10338 7451 23 14 -60 1
> 11685 4623 -314 158 171 2
> 10045 4930 -17 -167 -99 1
! 4170 6913 200
! 11685 4623 0
> 12205 3291 -702 333 156 2
> 10338 7451 23 14 -60 1
> 11685 4623 -314 158 171 2
> 10045 4930 -17 -167 -99 1
! -77415 50022 200
! 25688 -93838 0
> 11321 3706 -751 352 156 2
> 10361 7465 19 11 -65 1
> 11193 4872 -418 211 153 2
> 10028 4763 -14 -141 -81 1
! 4219 6894 SHIELD
! 11193 4872 0
> 11321 3706 -751 352 156 2
> 10361 7465 19 11 -65 1
> 11193 4872 -418 211 153 2
> 10028 4763 -14 -141 -81 1
! -59517 75582 200
! -5615 -94005 SHIELD
> 10576 4052 -118 -225 156 2
> 10380 7476 16 9 -72 1
> 10634 5224 -475 299 135 2
> 10008 4628 -531 405 -99 1
! 3586 7471 200
! 10634 5224 0
> 10576 4052 -118 -225 156 2
> 10380 7476 16 9 -72 1
> 10634 5224 -475 299 135 2
> 10008 4628 -531 405 -99 1
! -78466 50623 200
! -35391 -84472 200
> 10458 3827 -100 -191 154 2
> 10396 7485 13 7 -84 1
> 10019 5655 -458 435 153 2
> 9439 4992 -548 240 -117 1
! 3568 7437 200
! 10019 5655 0
> 10458 3827 -100 -191 154 2
> 10396 7485 13 7 -84 1
> 10019 5655 -458 435 153 2
> 9439 4992 -548 240 -117 1
! -88749 21298 200
! -6204 -93776 0
> 10358 3636 -85 -162 152 2
> 10409 7492 11 5 -102 1
> 9363 6121 -557 396 171 2
> 8891 5232 -465 204 -99 1
! 3553 7408 200
! 9363 6121 0
> 10358 3636 -85 -162 152 2
> 10409 7492 11 5 -102 1
> 9363 6121 -557 396 171 2
> 8891 5232 -465 204 -99 1
! -89405 -9522 200
! -36508 -83868 200
> 10273 3474 -72 -137 151 2
> 10420 7497 9 4 -120 1
> 8608 6486 -641 310 -171 2
> 8426 5436 -395 173 -117 1
! 3540 7383 200
! 8608 6486 0
> 10273 3474 -72 -137 151 2
> 10420 7497 9 4 -120 1
> 8608 6486 -641 310 -171 2
> 8426 5436 -395 173 -117 1
! -90160 -9157 200
! -62284 -65274 0
> 10028 3437 -208 -31 150 2
> 10429 7501 7 3 -138 1
> 7769 6765 -712 236 -171 2
> 8031 5609 -335 147 -135 1
! 3676 7277 200
! 7769 6765 0
> 10028 3437 -208 -31 150 2
> 10429 7501 7 3 -138 1
> 7769 6765 -712 236 -171 2
> 8031 5609 -335 147 -135 1
! -90999 -8878 200
! -81069 -39789 0
> 9649 3509 -322 61 149 2
> 10436 7504 5 2 -156 1
> 6859 6970 -773 174 -171 2
> 7696 5756 -284 124 -153 1
! 3790 7185 200
! 6859 6970 0
> 9649 3509 -322 61 149 2
> 10436 7504 5 2 -156 1
> 6859 6970 -773 174 -171 2
> 7696 5756 -284 124 -153 1
! -91909 -8673 200
! -91072 -9887 0
> 9158 3676 -417 142 148 2
> 10441 7506 4 1 -172 1
> 5888 7113 -824 121 -171 2
> 7412 5880 -241 105 -171 1
! 3885 7104 200
! 5888 7113 0
> 9158 3676 -417 142 148 2
> 10441 7506 4 1 -172 1
> 5888 7113 -824 121 -171 2
> 7412 5880 -241 105 -171 1
! -83212 -38285 200
! -81688 -39518 0
> 8573 3927 -496 213 147 2
> 10445 7507 3 0 -175 1
> 4886 7143 -851 25 -153 2
> 7171 5985 -204 89 -153 1
! 3964 7033 200
! 4886 7143 0
> 8573 3927 -496 213 147 2
> 10445 7507 3 0 -175 1
> 4886 7143 -851 25 -153 2
> 7171 5985 -204 89 -153 1
! -65824 -63567 0
! -63539 -64725 0
> 7911 4252 -562 276 146 2
> 10448 7507 2 0 -176 1
> 4035 7168 -723 21 -135 3
> 6967 6074 -173 75 -135 1
! 4030 6970 200
! 4035 7168 0
> 7911 4252 -562 276 146 2
> 10448 7507 2 0 -176 1
> 4035 7168 -723 21 -135 3
> 6967 6074 -173 75 -135 1
! -41364 -81932 0
! -38432 -83026 200
> 7185 4643 -616 332 145 2
> 10450 7507 1 0 -177 1
> 3312 7189 -614 17 -117 3
> 6703 5971 -224 -87 -117 1
! 9427 7267 SHIELD
! 3312 7189 0
> 7185 4643 -616 332 145 2
> 10450 7507 1 0 -177 1
> 3312 7189 -614 17 -117 3
> 6703 5971 -224 -87 -117 1
! -12331 -91579 0
! -64007 -64739 200
> 6569 4975 -523 282 127 2
> 10451 7507 0 0 -177 1
> 2698 7206 -521 14 -99 3
> 6338 5743 -310 -194 -135 1
! 3991 6964 SHIELD
! 2698 7206 0
> 6569 4975 -523 282 127 2
> 10451 7507 0 0 -177 1
> 2698 7206 -521 14 -99 3
> 6338 5743 -310 -194 -135 1
! 18341 -91562 0
! -39061 -83357 0
> 6073 5167 -421 163 142 2
> 10451 7507 0 0 -178 1
> 2177 7220 -442 11 -81 3
> 5758 6446 -493 600 -117 1
! 9427 7267 200
! 2177 7220 0
> 6073 5167 -421 163 142 2
> 10451 7507 0 0 -178 1
> 2177 7220 -442 11 -81 3
> 5758 6446 -493 600 -117 1
! 47575 -81880 0
! -9885 -92322 200
> 5652 5330 -357 138 124 2
> 10451 7507 0 0 -178 1
> 1735 7231 -375 9 -63 3
> 5234 6848 -445 342 -99 1
! 9427 7267 200
! 1735 7231 0
> 5652 5330 -357 138 124 2
> 10451 7507 0 0 -178 1
> 1735 7231 -375 9 -63 3
> 5234 6848 -445 342 -99 1
! 72445 -63479 0
! 20877 -91920 200
> 5295 5468 -303 117 106 2
> 10451 7507 0 0 -178 1
> 1360 7240 -318 7 -45 3
> 4820 6992 -351 122 -81 1
! 3771 7129 200
! 1360 7240 0
> 5295 5468 -303 117 106 2
> 10451 7507 0 0 -178 1
> 1360 7240 -318 7 -45 3
> 4820 6992 -351 122 -81 1
! 90460 -38159 200
! 50218 -82108 200
> 4992 5585 -257 99 124 2
> 10451 7507 0 0 -178 1
> 1220 7156 -118 -71 -27 3
> 4560 6936 -221 -47 -63 1
! 9427 7267 200
! 1220 7156 0
> 4992 5585 -257 99 124 2
> 10451 7507 0 0 -178 1
> 1220 7156 -118 -71 -27 3
> 4560 6936 -221 -47 -63 1
! 99988 -8487 200
! 49958 -82164 200
> 4679 5876 -266 247 106 2
> 10451 7507 0 0 -178 1
> 1300 7054 67 -86 -9 3
> 4430 6711 -110 -191 -63 1
! 9427 7267 SHIELD
! 1300 7054 0
> 4679 5876 -266 247 106 2
> 10451 7507 0 0 -178 1
> 1300 7054 67 -86 -9 3
> 4430 6711 -110 -191 -63 1
! 90400 -38345 200
! 49828 -82389 SHIELD
> 4524 5746 -115 -168 88 2
> 10451 7507 0 0 -177 1
> 1545 6877 208 -150 -27 3
> 4209 6897 -204 216 -63 1
! 3583 7414 200
! 1545 6877 0
> 4524 5746 -115 -168 88 2
> 10451 7507 0 0 -177 1
> 1545 6877 208 -150 -27 3
> 4209 6897 -204 216 -63 1
! 100313 -8766 200
! 74919 -63813 0
> 4409 5578 -97 -142 106 2
> 10451 7507 0 0 -176 1
> 1951 6696 344 -154 -9 3
> 4005 7113 -173 183 -45 1
! 3565 7388 200
! 1951 6696 0
> 4409 5578 -97 -142 106 2
> 10451 7507 0 0 -176 1
> 1951 6696 344 -154 -9 3
> 4005 7113 -173 183 -45 1
! 91051 -38703 0
! 49403 -81987 0
> 4312 5436 -82 -120 115 2
> 10451 7507 0 0 -175 1
> 2295 6542 292 -130 -27 3
> 3832 7296 -147 155 -63 1
! 3550 7366 200
! 2295 6542 0
> 4312 5436 -82 -120 115 2
> 10451 7507 0 0 -175 1
> 2295 6542 292 -130 -27 3
> 3832 7296 -147 155 -63 1
! 91395 -38857 0
! 49230 -81804 0
> 4230 5316 -69 -102 112 2
> 10451 7507 0 0 -173 1
> 2587 6412 248 -110 -27 3
> 3685 7451 -124 131 -63 1
! 3537 7348 200
! 2587 6412 0
> 4230 5316 -69 -102 112 2
> 10451 7507 0 0 -173 1
> 2587 6412 248 -110 -27 3
> 3685 7451 -124 131 -63 1
! 91687 -38987 200
! 49083 -81649 0
> 4096 5403 -113 74 109 2
> 10451 7507 0 0 -172 1
> 3013 6211 362 -170 -27 3
> 3561 7582 -105 111 -63 1
! 9427 7267 SHIELD
! 3013 6211 0
> 4096 5403 -113 74 109 2
> 10451 7507 0 0 -172 1
> 3013 6211 362 -170 -27 3
> 3561 7582 -105 111 -63 1
! 92113 -39188 SHIELD
! 48959 -81518 0
> 3983 5477 -96 62 91 2
> 10451 7507 0 0 -170 1
> 3375 6041 307 -144 -27 3
> 3456 7693 -89 94 -63 1
! 3564 7184 SHIELD
! 3375 6041 0
> 3983 5477 -96 62 91 2
> 10451 7507 0 0 -170 1
> 3375 6041 307 -144 -27 3
> 3456 7693 -89 94 -63 1
! 92475 -39358 0
! 48854 -81407 0
> 3940 5488 -32 6 104 2
> 10451 7507 0 0 -168 1
> 3147 6403 -226 339 -27 3
> 3367 7787 -75 79 -63 1
! 3500 7240 200
! 3147 6403 0
> 3940 5488 -32 6 104 2
> 10451 7507 0 0 -168 1
> 3147 6403 -226 339 -27 3
> 3367 7787 -75 79 -63 1
! 73857 -64307 0
! 19010 -90981 200
> 3908 5494 -27 5 104 2
> 10451 7507 0 0 -171 1
> 2921 6742 -192 288 -45 3
> 3323 7668 -37 -100 -81 1
! 3495 7241 200
! 2921 6742 0
> 3908 5494 -27 5 104 2
> 10451 7507 0 0 -171 1
> 2921 6742 -192 288 -45 3
> 3323 7668 -37 -100 -81 1
! 92021 -38657 SHIELD
! -12320 -91100 200
> 3881 5499 -22 4 103 2
> 10451 7507 0 0 -174 1
> 2706 6997 -199 193 -27 3
> 3484 7697 304 263 -99 1
! 3490 7242 200
! 2706 6997 0
> 3881 5499 -22 4 103 2
> 10451 7507 0 0 -174 1
> 2706 6997 -199 193 -27 3
> 3484 7697 304 263 -99 1
! 73416 -63713 0
! -41915 -81403 200
> 3859 5503 -18 3 103 2
> 10451 7507 0 0 -176 1
> 2507 7190 -169 164 -45 3
> 3697 7782 181 72 -117 1
! 3486 7243 200
! 2507 7190 0
> 3859 5503 -18 3 103 2
> 10451 7507 0 0 -176 1
> 2507 7190 -169 164 -45 3
> 3697 7782 181 72 -117 1
! 73217 -63520 0
! -41702 -81318 200
> 3799 5702 -50 168 102 2
> 10451 7507 0 0 -178 1
> 2338 7354 -143 139 -45 3
> 3787 7676 76 -90 -117 1
! 9427 7267 200
! 2338 7354 0
> 3799 5702 -50 168 102 2
> 10451 7507 0 0 -178 1
> 2338 7354 -143 139 -45 3
> 3787 7676 76 -90 -117 1
! 91438 -38045 0
! -41612 -81424 200
> 3770 6069 -25 311 84 2
> 10451 7507 0 0 -179 1
> 2195 7493 -121 118 -27 3
> 3772 7408 -12 -227 -117 1
! 9427 7267 SHIELD
! 2195 7493 0
> 3770 6069 -25 311 84 2
> 10451 7507 0 0 -179 1
> 2195 7493 -121 118 -27 3
> 3772 7408 -12 -227 -117 1
! 72905 -63217 200
! -11871 -91360 200
> 3746 6344 -19 150 66 2
> 10451 7507 0 0 -180 1
> 2215 7470 17 -19 -45 3
> 3724 7340 -52 775 -99 1
! 9427 7267 60
! 2215 7470 0
> 3746 6344 -19 150 66 2
> 10451 7507 0 0 -180 1
> 2215 7470 17 -19 -45 3
> 3724 7340 -52 775 -99 1
! 91315 -37929 200
! -41675 -81760 200
> 3727 6494 -16 127 48 2
> 10451 7507 0 0 -180 1
> 2410 7360 165 -93 -27 3
> 3581 7937 -121 507 -117 1
! 9427 7267 60
! 2410 7360 0
> 3727 6494 -16 127 48 2
> 10451 7507 0 0 -180 1
> 2410 7360 165 -93 -27 3
> 3581 7937 -121 507 -117 1
! 101178 -8283 200
! -12062 -90831 200
> 3711 6621 -13 107 30 2
> 10451 7507 0 0 -179 1
> 2773 7236 308 -105 -9 3
> 3429 8246 -129 263 -99 1
! 9427 7267 SHIELD
! 2773 7236 0
> 3711 6621 -13 107 30 2
> 10451 7507 0 0 -179 1
> 2773 7236 308 -105 -9 3
> 3429 8246 -129 263 -99 1
! 91873 -38163 200
! 19072 -90522 0
> 3737 6701 63 40 12 2
> 10451 7507 0 0 -178 1
> 2865 7307 -333 338 -27 3
> 3300 8509 -109 223 -81 1
! 3405 7206 0
! 2865 7307 0
> 3737 6701 63 40 12 2
> 10451 7507 0 0 -178 1
> 2865 7307 -333 338 -27 3
> 3300 8509 -109 223 -81 1
! 91965 -38092 200
! 48698 -80591 200
> 3800 6741 53 34 30 2
> 10451 7507 0 0 -178 1
> 2710 7554 -131 210 -27 3
> 3282 8554 -15 38 -63 1
! 3415 7212 0
! 2710 7554 0
> 3800 6741 53 34 30 2
> 10451 7507 0 0 -178 1
> 2710 7554 -131 210 -27 3
> 3282 8554 -15 38 -63 1
! 101478 -8089 200
! 73992 -62156 200
> 3853 6775 45 28 48 2
> 10451 7507 0 0 180 1
> 2777 7733 56 151 -9 3
> 3408 8451 107 -87 -45 1
! 3423 7218 0
! 2777 7733 0
> 3853 6775 45 28 48 2
> 10451 7507 0 0 180 1
> 2777 7733 56 151 -9 3
> 3408 8451 107 -87 -45 1
! 101545 23376 200
! 92508 -36948 200
> 3898 6803 38 23 66 2
> 10451 7507 0 0 178 1
> 2981 7880 69 51 9 3
> 3743 8308 388 -47 -27 1
! 3430 7223 0
! 2981 7880 0
> 3898 6803 38 23 66 2
> 10451 7507 0 0 178 1
> 2981 7880 69 51 9 3
> 3743 8308 388 -47 -27 1
! 92081 53279 200
! 102511 -7335 0
> 3936 6826 32 19 84 2
> 10451 7507 0 0 177 1
> 3228 8022 210 120 27 3
> 4131 8261 329 -39 -9 1
! 3436 7227 0
! 3228 8022 0
> 3936 6826 32 19 84 2
> 10451 7507 0 0 177 1
> 3228 8022 210 120 27 3
> 4131 8261 329 -39 -9 1
! 101996 23665 200
! 102899 23904 200
> 3968 6845 27 16 102 2
> 10451 7507 0 0 176 1
> 3636 8173 346 128 9 3
> 4658 8253 447 -6 9 1
! 9427 7267 200
! 3636 8173 0
> 3968 6845 27 16 102 2
> 10451 7507 0 0 176 1
> 3636 8173 346 128 9 3
> 4658 8253 447 -6 9 1
! 102404 -7470 200
! 103426 23896 200
> 4016 7060 40 182 84 3
> 10451 7507 0 0 174 1
> 4180 8270 462 82 -9 3
> 5303 8278 547 21 9 1
! 9427 7267 0
! 4180 8270 0
> 4016 7060 40 182 84 3
> 10451 7507 0 0 174 1
> 4180 8270 462 82 -9 3
> 5303 8278 547 21 9 1
! 93280 -37129 200
! 104071 -7365 200
> 4056 7242 34 154 66 3
> 10451 7507 0 0 173 1
> 4820 8261 544 -7 -27 3
> 6048 8268 632 -8 -9 1
! 9427 7267 200
! 5364 8254 200
> 4056 7242 34 154 66 3
> 10451 7507 0 0 173 1
> 4820 8261 544 -7 -27 3
> 6048 8268 632 -8 -9 1
! 93920 -37138 200
! 95148 -37131 0
> 4224 7545 142 257 48 3
> 10253 7536 -168 24 172 1
> 5542 8163 613 -83 -27 3
> 6680 8260 537 -6 -27 1
! 9427 7267 200
! 6155 8080 200
> 4224 7545 142 257 48 3
> 10253 7536 -168 24 172 1
> 5542 8163 613 -83 -27 3
> 6680 8260 537 -6 -27 1
! 94642 -37236 0
! 77390 -62450 200
> 4539 7902 267 303 30 3
> 9887 7586 -311 42 172 1
> 6155 8080 521 -70 -27 3
> 7358 8113 576 -125 -45 1
! 9427 7267 200
! 6676 8010 200
> 4539 7902 267 303 30 3
> 9887 7586 -311 42 172 1
> 6155 8080 521 -70 -27 3
> 7358 8113 576 -125 -45 1
! 104923 -7563 0
! 52756 -80987 0
> 5002 8247 393 293 12 3
> 9378 7654 -432 57 172 1
> 6676 8010 442 -59 -9 3
> 7934 7988 489 -106 -63 1
! 9427 7267 200
! 7118 7951 SHIELD
> 5002 8247 393 293 12 3
> 9378 7654 -432 57 172 1
> 6676 8010 442 -59 -9 3
> 7934 7988 489 -106 -63 1
! 105444 23653 200
! 78644 -62722 200
> 5594 8519 503 231 -6 3
> 9021 7697 -200 17 173 1
> 7028 8027 -1114 236 9 3
> 8102 7834 521 -161 -45 1
! 5940 4241 SHIELD
! 5914 8263 SHIELD
> 5594 8519 503 231 -6 3
> 9021 7697 -200 17 173 1
> 7028 8027 -1114 236 9 3
> 8102 7834 521 -161 -45 1
! 96128 53426 200
! 53500 -81266 SHIELD
> 6008 8809 265 303 -24 3
> 9425 7633 451 -68 170 1
> 6981 7767 820 -789 27 3
> 8019 7754 -179 -53 -63 1
! 9162 6964 200
! 7801 6978 200
> 6008 8809 265 303 -24 3
> 9425 7633 451 -68 170 1
> 6981 7767 820 -789 27 3
> 8019 7754 -179 -53 -63 1
! 77691 78477 200
! 23662 -91014 0
> 6273 9112 225 257 -30 3
> 9876 7565 383 -57 188 1
> 7134 7001 -59 -678 45 3
> 8649 7819 724 82 -81 1
! 9202 7010 200
! 7075 6323 SHIELD
> 6273 9112 225 257 -30 3
> 9876 7565 383 -57 188 1
> 7134 7001 -59 -678 45 3
> 8649 7819 724 82 -81 1
! 52533 96101 200
! -6994 -90949 0
> 6498 9369 191 218 -36 3
> 10259 7508 325 -48 -156 1
> 7166 6501 27 -424 63 3
> 9373 7901 615 69 -99 1
! 9236 7049 200
! 7193 6077 SHIELD
> 6498 9369 191 218 -36 3
> 10259 7508 325 -48 -156 1
> 7166 6501 27 -424 63 3
> 9373 7901 615 69 -99 1
! 52565 95601 200
! -36026 -81199 0
> 6689 9587 162 185 -40 3
> 10586 7458 294 -55 -155 1
> 7284 6255 100 -208 63 3
> 9965 7988 336 206 -117 1
! 9265 7082 200
! 7384 6047 200
> 6689 9587 162 185 -40 3
> 10586 7458 294 -55 -155 1
> 7284 6255 100 -208 63 3
> 9965 7988 336 206 -117 1
! 77994 76965 200
! -60745 -62722 200
> 6994 9633 259 38 -44 3
> 10880 7403 249 -46 -156 1
> 7525 6188 205 -56 45 3
> 10160 8053 165 54 -135 1
! 9168 7229 200
! 7730 6132 200
> 6994 9633 259 38 -44 3
> 10880 7403 249 -46 -156 1
> 7525 6188 205 -56 45 3
> 10160 8053 165 54 -135 1
! 78235 76898 200
! -78940 -37345 200
> 7387 9523 334 -93 -48 3
> 11129 7357 211 -39 -158 1
> 7871 6273 294 72 45 3
> 10147 8016 -11 -31 -153 1
! 5940 4241 200
! 8165 6345 200
> 7387 9523 334 -93 -48 3
> 11129 7357 211 -39 -158 1
> 7871 6273 294 72 45 3
> 10147 8016 -11 -31 -153 1
! 53270 95373 200
! -88621 -7627 0
> 7803 9247 353 -234 -66 3
> 11340 7318 179 -33 -161 1
> 8256 6523 327 212 63 3
> 10136 7985 -9 -26 -171 1
! 5940 4241 200
! 8583 6735 200
> 7803 9247 353 -234 -66 3
> 11340 7318 179 -33 -161 1
> 8256 6523 327 212 63 3
> 10136 7985 -9 -26 -171 1
! 23899 105291 200
! -78964 -37413 0
> 8177 8814 318 -367 -84 3
> 11323 7244 -14 -63 -168 1
> 8614 6933 304 348 81 3
> 10127 7959 -7 -22 -153 1
! 5940 4241 200
! 8918 7281 200
> 8177 8814 318 -367 -84 3
> 11323 7244 -14 -63 -168 1
> 8614 6933 304 348 81 3
> 10127 7959 -7 -22 -153 1
! -7029 105701 200
! -78973 -37439 0
> 8454 8251 235 -478 -102 3
> 11109 7184 -181 -50 179 1
> 8887 7479 231 463 99 0
> 10120 7937 -5 -18 -153 1
! 5940 4241 SHIELD
! 9118 7942 200
> 8454 8251 235 -478 -102 3
> 11109 7184 -181 -50 179 1
> 8887 7479 231 463 99 0
> 10120 7937 -5 -18 -153 1
! -6756 106247 200
! -88648 -7706 200
> 8602 7910 118 -278 -120 3
> 10739 7199 -314 12 161 1
> 9962 6767 983 -714 99 0
> 9917 7888 -172 -41 -171 1
! 5940 4241 0
! 10945 6053 SHIELD
> 8602 7910 118 -278 -120 3
> 10739 7199 -314 12 161 1
> 9962 6767 983 -714 99 0
> 9917 7888 -172 -41 -171 1
! -5681 105535 200
! -79183 -37510 200
> 8720 7632 100 -236 -126 3
> 10510 7277 -185 74 179 1
> 10066 5586 -6 -1077 99 0
> 9567 7756 -297 -112 -153 1
! 5940 4241 SHIELD
! 10060 4509 200
> 8720 7632 100 -236 -126 3
> 10510 7277 -185 74 179 1
> 10066 5586 -6 -1077 99 0
> 9567 7756 -297 -112 -153 1
! -35333 94686 200
! -61143 -62954 200
> 8734 7383 3 -213 -129 3
> 10651 7177 373 -221 197 1
> 9969 4687 -82 -763 117 0
> 9663 7810 -86 195 -135 1
! 9424 7480 0
! 9887 3924 200
> 8734 7383 3 -213 -129 3
> 10651 7177 373 -221 197 1
> 9969 4687 -82 -763 117 0
> 9663 7810 -86 195 -135 1
! -60741 75397 200
! -35736 -81290 0
> 8737 7170 2 -181 -111 3
> 11024 6956 317 -187 215 1
> 9746 4065 -189 -528 135 0
> 9577 8005 -73 165 -117 1
! 9425 7448 0
! 9557 3537 200
> 8737 7170 2 -181 -111 3
> 11024 6956 317 -187 215 1
> 9746 4065 -189 -528 135 0
> 9577 8005 -73 165 -117 1
! -60964 74775 200
! -6066 -90763 200
> 8739 6989 1 -153 -93 3
> 11341 6769 269 -158 233 1
> 9416 3678 -280 -328 135 0
> 9473 7972 -88 -27 -99 1
! 9426 7420 0
! 9136 3350 200
> 8739 6989 1 -153 -93 3
> 11341 6769 269 -158 233 1
> 9416 3678 -280 -328 135 0
> 9473 7972 -88 -27 -99 1
! -61294 74388 200
! -6170 -90796 200
> 8740 6836 0 -130 -75 3
> 11502 6443 136 -277 -123 1
> 8995 3491 -358 -158 135 0
> 9354 7747 -101 -190 -99 1
! 9427 7397 0
! 8637 3333 200
> 8740 6836 0 -130 -75 3
> 11502 6443 136 -277 -123 1
> 8995 3491 -358 -158 135 0
> 9354 7747 -101 -190 -99 1
! -61715 74201 200
! -36045 -81353 200
> 8737 6701 -137 -329 -57 3
> 11502 6019 0 -360 -133 1
> 8496 3474 -424 -14 135 0
> 9165 7384 -25 -94 -117 1
! 9564 7596 0
! 8072 3460 200
> 8737 6701 -137 -329 -57 3
> 11502 6019 0 -360 -133 1
> 8496 3474 -424 -14 135 0
> 9165 7384 -25 -94 -117 1
! -80604 48873 200
! -6478 -91384 0
> 8600 6372 -116 -279 -39 3
> 11342 5539 -136 -407 -143 1
> 7894 3551 -511 65 153 0
> 9140 7290 -21 -79 -99 1
! 9543 7546 0
! 7383 3616 200
> 8600 6372 -116 -279 -39 3
> 11342 5539 -136 -407 -143 1
> 7894 3551 -511 65 153 0
> 9140 7290 -21 -79 -99 1
! -81206 48950 200
! 24783 -91478 0
> 8484 6093 -98 -237 -21 3
> 11026 5045 -268 -420 -154 1
> 7205 3707 -585 132 153 0
> 9119 7211 -17 -67 -81 1
! 9525 7504 0
! 6620 3839 200
> 8484 6093 -98 -237 -21 3
> 11026 5045 -268 -420 -154 1
> 7205 3707 -585 132 153 0
> 9119 7211 -17 -67 -81 1
! -63505 74417 200
! 24762 -91557 0
> 8386 5856 -83 -201 -3 3
> 10565 4572 -391 -401 -165 1
> 6479 3980 -617 232 135 1
> 9102 7144 -14 -56 -81 1
! 9510 7468 0
! 5862 4212 200
> 8386 5856 -83 -201 -3 3
> 10565 4572 -391 -401 -165 1
> 6479 3980 -617 232 135 1
> 9102 7144 -14 -56 -81 1
! -38920 93080 0
! 24745 -91624 0
> 8303 5655 -70 -170 15 3
> 9975 4156 -501 -353 -176 1
> 5862 4212 -524 197 117 1
> 9088 7088 -11 -47 -81 1
! 9497 7437 200
! 5338 4409 200
> 8303 5655 -70 -170 15 3
> 9975 4156 -501 -353 -176 1
> 5862 4212 -524 197 117 1
> 9088 7088 -11 -47 -81 1
! -9781 102980 0
! 24731 -91680 0
> 8401 5593 83 -52 33 3
> 9274 3814 -595 -290 177 1
> 5338 4409 -445 167 99 1
> 9077 7041 -9 -39 -81 1
! 5940 4241 200
! 4893 4576 200
> 8401 5593 83 -52 33 3
> 9274 3814 -595 -290 177 1
> 5338 4409 -445 167 99 1
> 9077 7041 -9 -39 -81 1
! 20981 103177 0
! -6566 -91727 200
> 8611 5696 178 87 51 3
> 8482 3558 -673 -217 170 1
> 4893 4576 -378 141 81 1
> 9037 6804 -34 -201 -99 1
! 5940 4241 SHIELD
! 4515 4717 200
> 8611 5696 178 87 51 3
> 8482 3558 -673 -217 170 1
> 4893 4576 -378 141 81 1
> 9037 6804 -34 -201 -99 1
! 50292 93676 200
! -6606 -91964 200
> 8780 5757 125 -4 69 3
> 7617 3397 -735 -136 164 1
> 4606 4895 -244 271 63 1
> 9058 6667 205 449 -99 1
! 5940 4241 200
! 4362 5166 200
> 8780 5757 125 -4 69 3
> 7617 3397 -735 -136 164 1
> 4606 4895 -244 271 63 1
> 9058 6667 205 449 -99 1
! 75316 75605 200
! -6585 -92101 200
> 8905 5753 106 -3 87 3
> 6706 3357 -774 -34 151 1
> 4503 5307 -87 350 45 1
> 9232 6918 147 213 -99 1
! 9321 7270 200
! 4416 5657 200
> 8905 5753 106 -3 87 3
> 6706 3357 -774 -34 151 1
> 4503 5307 -87 350 45 1
> 9232 6918 147 213 -99 1
! 93603 50706 200
! -6411 -91850 200
> 9011 5750 90 -2 75 3
> 5791 3465 -777 91 135 1
> 4594 5748 77 374 27 1
> 9348 6933 98 13 -99 1
! 5940 4241 200
! 4671 6122 200
> 9011 5750 90 -2 75 3
> 5791 3465 -777 91 135 1
> 4594 5748 77 374 27 1
> 9348 6933 98 13 -99 1
! 103362 21391 200
! -36051 -82167 200
> 9101 5748 76 -1 93 3
> 4924 3734 -737 228 117 1
> 4869 6153 233 344 9 1
> 9355 6768 6 -140 -117 1
! 9351 7268 SHIELD
! 5102 6497 200
> 9101 5748 76 -1 93 3
> 4924 3734 -737 228 117 1
> 4869 6153 233 344 9 1
> 9355 6768 6 -140 -117 1
! 103637 -9490 200
! -6288 -92000 200
> 9173 5729 52 -53 81 3
> 4156 4160 -652 361 99 1
> 5300 6466 365 265 -9 1
> 9371 6607 101 241 -99 1
! 5940 4241 200
! 5665 6731 200
> 9173 5729 52 -53 81 3
> 4156 4160 -652 361 99 1
> 5300 6466 365 265 -9 1
> 9371 6607 101 241 -99 1
! 94400 -38933 200
! -6272 -92161 200
> 9225 5676 44 -45 99 3
> 3536 4718 -527 474 81 1
> 5843 6640 461 148 -27 1
> 9441 6650 59 36 -99 1
! 9383 7312 SHIELD
! 6304 6788 200
> 9225 5676 44 -45 99 3
> 3536 4718 -527 474 81 1
> 5843 6640 461 148 -27 1
> 9441 6650 59 36 -99 1
! 94943 -38759 200
! -6202 -92118 0
> 9269 5631 37 -38 84 3
> 3100 5370 -370 554 63 1
> 6482 6697 543 48 -27 1
> 9500 6686 50 30 -99 1
! 9390 7305 SHIELD
! 7025 6745 200
> 9269 5631 37 -38 84 3
> 3100 5370 -370 554 63 1
> 6482 6697 543 48 -27 1
> 9500 6686 50 30 -99 1
! 77192 -64013 200
! -6143 -92082 200
> 9306 5593 31 -32 86 3
> 2872 6065 -194 590 45 1
> 7166 6604 581 -79 -45 1
> 9519 6518 15 -142 -99 1
! 9396 7299 SHIELD
! 7747 6525 200
> 9306 5593 31 -32 86 3
> 2872 6065 -194 590 45 1
> 7166 6604 581 -79 -45 1
> 9519 6518 15 -142 -99 1
! 52564 -82496 0
! -35880 -82582 200
> 9331 5533 16 -73 87 3
> 2856 6745 -13 578 27 1
> 7747 6525 493 -67 -63 1
> 9500 6474 29 187 -117 1
! 9411 7340 200
! 8240 6458 200
> 9331 5533 16 -73 87 3
> 2856 6745 -13 578 27 1
> 7747 6525 493 -67 -63 1
> 9500 6474 29 187 -117 1
! 53145 -82575 0
! -6143 -92294 0
> 9347 5460 13 -62 87 3
> 3041 7354 156 517 9 1
> 8240 6458 419 -56 -63 1
> 9529 6661 24 158 -99 1
! 9414 7329 200
! 8659 6402 200
> 9347 5460 13 -62 87 3
> 3041 7354 156 517 9 1
> 8240 6458 419 -56 -63 1
> 9529 6661 24 158 -99 1
! 78950 -64252 200
! -35870 -82439 0
> 9360 5398 11 -52 88 3
> 3394 7839 300 412 -9 1
> 8800 6261 476 -167 -45 1
> 9553 6819 20 134 -117 1
! 9416 7319 SHIELD
! 9276 6094 200
> 9360 5398 11 -52 88 3
> 3394 7839 300 412 -9 1
> 8800 6261 476 -167 -45 1
> 9553 6819 20 134 -117 1
! 79510 -64449 200
! -35846 -82281 200
> 9387 5304 34 -110 88 3
> 3886 8194 417 301 -17 1
> 9068 6090 -24 -60 -45 1
> 9669 7062 237 419 -117 1
! 9393 7377 SHIELD
! 9044 6030 200
> 9387 5304 34 -110 88 3
> 3886 8194 417 301 -17 1
> 9068 6090 -24 -60 -45 1
> 9669 7062 237 419 -117 1
! 79778 -64620 200
! -35730 -82038 200
> 9426 5182 35 -111 90 3
> 4487 8418 511 190 -23 1
> 9139 6011 31 7 -45 1
> 9815 7303 124 204 -117 1
! 9392 7378 SHIELD
! 10026 7269 0
> 9426 5182 35 -111 90 3
> 4487 8418 511 190 -23 1
> 9139 6011 31 7 -45 1
> 9815 7303 124 204 -117 1
! 79849 -64699 200
! -35584 -81797 200
> 9461 5071 29 -94 91 3
> 4998 8608 434 161 -12 1
> 9311 5877 146 -114 -45 1
> 9848 7329 28 21 -117 1
! 9398 7361 SHIELD
! 10026 7269 0
> 9461 5071 29 -94 91 3
> 4998 8608 434 161 -12 1
> 9311 5877 146 -114 -45 1
> 9848 7329 28 21 -117 1
! 80021 -64833 200
! -5795 -91439 200
> 9495 4945 29 -110 92 3
> 5432 8769 368 136 -15 1
> 9547 5945 196 87 -45 1
> 9845 7152 -2 -150 -99 1
! 9398 7377 200
! 10026 7269 0
> 9495 4945 29 -110 92 3
> 5432 8769 368 136 -15 1
> 9547 5945 196 87 -45 1
> 9845 7152 -2 -150 -99 1
! 98647 -39454 200
! -5798 -91616 200
> 9524 4835 24 -93 92 3
> 5800 8905 312 115 -18 1
> 9921 5941 318 -3 -27 1
> 9812 6804 -28 -295 -99 1
! 9403 7360 200
! 10026 7269 0
> 9524 4835 24 -93 92 3
> 5800 8905 312 115 -18 1
> 9921 5941 318 -3 -27 1
> 9812 6804 -28 -295 -99 1
! 80631 -64769 200
! -5831 -91964 200
> 9548 4742 20 -79 93 3
> 6112 9020 265 97 -21 1
> 10426 5673 447 -277 -45 1
> 9707 6435 -107 -264 -99 1
! 9407 7346 200
! 10026 7269 0
> 9548 4742 20 -79 93 3
> 6112 9020 265 97 -21 1
> 10426 5673 447 -277 -45 1
> 9707 6435 -107 -264 -99 1
! 81136 -65037 200
! 25350 -92333 200
> 9568 4663 17 -67 93 3
> 6377 9117 225 82 -24 1
> 11014 5255 500 -355 -45 1
> 9631 5973 -64 -392 -81 1
! 9410 7334 SHIELD
! 10026 7269 0
> 9568 4663 17 -67 93 3
> 6377 9117 225 82 -24 1
> 11014 5255 500 -355 -45 1
> 9631 5973 -64 -392 -81 1
! 56412 -83845 200
! 25274 -92795 200
> 9585 4594 12 -137 93 3
> 6602 9199 191 69 -27 1
> 11605 4722 502 -453 -63 1
> 9599 5406 -13 307 -81 1
! 9415 7404 200
! 10026 7269 0
> 9585 4594 12 -137 93 3
> 6602 9199 191 69 -27 1
> 11605 4722 502 -453 -63 1
> 9599 5406 -13 307 -81 1
! 57003 -84378 200
! -6044 -93362 0
> 9597 4457 10 -116 93 3
> 6793 9268 162 58 -29 1
> 12198 4091 503 -536 -63 1
> 9586 5713 -11 260 -99 1
! 9417 7383 200
! 10026 7269 0
> 9597 4457 10 -116 93 3
> 6793 9268 162 58 -29 1
> 12198 4091 503 -536 -63 1
> 9586 5713 -11 260 -99 1
! 57596 -85009 200
! 25229 -93055 200
> 9607 4341 8 -98 94 3
> 6955 9326 137 49 -32 1
> 12792 3377 504 -607 -63 1
> 9606 5775 17 53 -81 1
! 9419 7365 200
! 10026 7269 0
> 9607 4341 8 -98 94 3
> 6955 9326 137 49 -32 1
> 12792 3377 504 -607 -63 1
> 9606 5775 17 53 -81 1
! 58190 -85723 200
! -6037 -92993 0
> 9615 4243 6 -83 94 3
> 7092 9375 116 41 -34 1
> 13387 2592 505 -667 -63 1
> 9623 5828 14 45 -99 1
! 9421 7350 200
! 10026 7269 0
> 9615 4243 6 -83 94 3
> 7092 9375 116 41 -34 1
> 13387 2592 505 -667 -63 1
> 9623 5828 14 45 -99 1
! 29030 -96176 0
! -6020 -92940 0
> 9609 4360 -5 99 94 3
> 7208 9416 98 34 -36 1
> 13892 1925 429 -566 -81 1
> 9637 5873 11 38 -99 1
! 9432 7168 200
! 10026 7269 0
> 9609 4360 -5 99 94 3
> 7208 9416 98 34 -36 1
> 13892 1925 429 -566 -81 1
> 9637 5873 11 38 -99 1
! -1751 -96843 0
! -6006 -92895 200
> 9591 4659 -14 253 94 3
> 7306 9450 83 28 -37 1
> 14321 1359 364 -481 -99 2
> 9617 5713 -17 -135 -99 1
! 9441 7014 SHIELD
! 10026 7269 0
> 9591 4659 -14 253 94 3
> 7306 9450 83 28 -37 1
> 14321 1359 364 -481 -99 2
> 9617 5713 -17 -135 -99 1
! -31078 -87741 0
! -6026 -93055 0
> 9576 4888 -13 155 94 3
> 7389 9478 70 23 -39 1
> 14685 878 309 -408 -117 2
> 9607 5821 3 484 -99 1
! 9440 7112 200
! 10026 7269 200
> 9576 4888 -13 155 94 3
> 7389 9478 70 23 -39 1
> 14685 878 309 -408 -117 2
> 9607 5821 3 484 -99 1
! -56025 -69832 0
! -6036 -92947 200
> 9563 5043 -11 131 93 3
> 7612 9373 189 -89 -40 1
> 14994 470 262 -346 -135 2
> 9579 6107 -24 243 -99 1
! 9438 7136 SHIELD
! 10026 7269 0
> 9563 5043 -11 131 93 3
> 7612 9373 189 -89 -40 1
> 14994 470 262 -346 -135 2
> 9579 6107 -24 243 -99 1
! -74106 -44928 200
! -6064 -92661 200
> 9552 5174 -9 111 93 3
> 7801 9284 160 -75 -41 1
> 15078 33 71 -371 -153 2
> 9524 6152 -46 38 -99 1
! 9436 7156 SHIELD
! 10026 7269 0
> 9552 5174 -9 111 93 3
> 7801 9284 160 -75 -41 1
> 15078 33 71 -371 -153 2
> 9524 6152 -46 38 -99 1
! -83690 -15610 200
! 25167 -92616 200
> 9544 5268 -5 52 93 3
> 7961 9209 136 -63 -42 1
> 14951 -369 -107 -341 -171 2
> 9503 6159 -29 281 -81 1
! 9432 7215 200
! 10026 7269 0
> 9544 5268 -5 52 93 3
> 7961 9209 136 -63 -42 1
> 14951 -369 -107 -341 -171 2
> 9503 6159 -29 281 -81 1
! -83817 15274 200
! 25146 -92609 200
> 9539 5320 -4 44 93 3
> 8097 9146 115 -53 -43 1
> 14646 -679 -258 -263 171 2
> 9505 6242 1 70 -81 1
! 9431 7223 SHIELD
! 10026 7269 0
> 9539 5320 -4 44 93 3
> 8097 9146 115 -53 -43 1
> 14646 -679 -258 -263 171 2
> 9505 6242 1 70 -81 1
! -74454 44720 200
! 25148 -92526 200
> 9535 5355 -3 10 93 3
> 8212 9093 97 -45 -44 1
> 14210 -851 -370 -146 153 2
> 9536 6205 24 157 -81 1
! 9430 7257 200
! 10026 7269 0
> 9535 5355 -3 10 93 3
> 8212 9093 97 -45 -44 1
> 14210 -851 -370 -146 153 2
> 9536 6205 24 157 -81 1
! -74890 44548 200
! -6107 -92563 200
> 9532 5363 -2 -114 93 3
> 8309 9048 82 -38 -45 1
> 13662 -906 -465 -46 153 2
> 9529 6166 -6 89 -99 1
! 9429 7381 200
! 10026 7269 200
> 9532 5363 -2 -114 93 3
> 8309 9048 82 -38 -45 1
> 13662 -906 -465 -46 153 2
> 9529 6166 -6 89 -99 1
! -75438 44493 200
! 25172 -92602 200
> 9530 5249 -1 -96 93 3
> 8530 8866 187 -154 -46 1
> 13019 -861 -546 38 153 2
> 9554 6057 21 -92 -81 1
! 9428 7363 SHIELD
! 10026 7269 200
> 9530 5249 -1 -96 93 3
> 8530 8866 187 -154 -46 1
> 13019 -861 -546 38 153 2
> 9554 6057 21 -92 -81 1
! -57691 69849 200
! -6089 -92711 200
> 9528 5119 -1 -111 93 3
> 8854 8566 275 -254 -47 1
> 12332 -682 -584 152 135 2
> 9554 6104 0 53 -99 1
! 9428 7378 200
! 10026 7269 0
> 9528 5119 -1 -111 93 3
> 8854 8566 275 -254 -47 1
> 12332 -682 -584 152 135 2
> 9554 6104 0 53 -99 1
! -76768 44717 200
! -6089 -92664 200
> 9527 5008 0 -94 93 3
> 9129 8312 233 -215 -48 1
> 11570 -439 -647 206 153 2
> 9523 5959 -26 -122 -99 1
! 9427 7361 SHIELD
! 10026 7269 0
> 9527 5008 0 -94 93 3
> 9129 8312 233 -215 -48 1
> 11570 -439 -647 206 153 2
> 9523 5959 -26 -122 -99 1
! -59140 70271 200
! 25166 -92809 200
> 9527 4900 0 -114 92 3
> 9362 8097 198 -182 -49 1
> 10782 -92 -670 295 135 2
> 9528 5775 4 76 -81 1
! 9427 7381 200
! 10026 7269 0
> 9527 4900 0 -114 92 3
> 9362 8097 198 -182 -49 1
> 10782 -92 -670 295 135 2
> 9528 5775 4 76 -81 1
! -34617 89008 200
! -6115 -92993 0
> 9527 4786 0 -96 92 3
> 9560 7915 168 -154 -51 1
> 10021 381 -646 402 117 2
> 9532 5851 3 64 -99 1
! 9427 7363 200
! 10026 7269 0
> 9527 4786 0 -96 92 3
> 9560 7915 168 -154 -51 1
> 10021 381 -646 402 117 2
> 9532 5851 3 64 -99 1
! -60689 71091 200
! -6111 -92917 0
> 9527 4690 0 -81 92 3
> 9728 7761 142 -130 -54 1
> 9234 924 -669 461 135 2
> 9535 5915 2 54 -99 1
! 9427 7348 200
! 9234 924 0
> 9527 4690 0 -81 92 3
> 9728 7761 142 -130 -54 1
> 9234 924 -669 461 135 2
> 9535 5915 2 54 -99 1
! -36165 90024 200
! 25178 -92853 200
> 9527 4609 0 -68 92 3
> 9870 7631 120 -110 -72 1
> 8474 1563 -645 543 117 2
> 9568 5771 28 -122 -81 1
! 9427 7335 SHIELD
! 8474 1563 0
> 9527 4609 0 -68 92 3
> 9870 7631 120 -110 -72 1
> 8474 1563 -645 543 117 2
> 9568 5771 28 -122 -81 1
! -62236 72273 200
! -6075 -92997 200
> 9527 4541 0 -57 92 3
> 9990 7521 102 -93 -90 1
> 7688 2247 -668 581 135 2
> 9565 5451 -2 -271 -99 1
! 9427 7324 SHIELD
! 7688 2247 0
> 9527 4541 0 -57 92 3
> 9990 7521 102 -93 -90 1
> 7688 2247 -668 581 135 2
> 9565 5451 -2 -271 -99 1
! -37711 91347 200
! -6078 -93317 200
> 9525 4429 -2 -112 92 3
> 10092 7428 86 -79 -108 1
> 6929 3006 -644 645 117 2
> 9552 5531 -5 238 -99 1
! 9429 7379 200
! 6929 3006 0
> 9525 4429 -2 -112 92 3
> 10092 7428 86 -79 -108 1
> 6929 3006 -644 645 117 2
> 9552 5531 -5 238 -99 1
! -38470 92106 200
! 25195 -93237 200
> 9523 4317 -1 -95 92 3
> 10178 7349 73 -67 -126 1
> 6194 3829 -624 699 117 2
> 9578 5571 22 34 -81 1
! 9428 7362 200
! 6194 3829 0
> 9523 4317 -1 -95 92 3
> 10178 7349 73 -67 -126 1
> 6194 3829 -624 699 117 2
> 9578 5571 22 34 -81 1
! -39205 92929 200
! 25221 -93197 0
> 9522 4222 0 -80 92 3
> 10251 7282 62 -56 -139 1
> 5479 4706 -607 745 117 2
> 9600 5605 18 28 -81 1
! 9427 7347 200
! 5479 4706 0
> 9522 4222 0 -80 92 3
> 10251 7282 62 -56 -139 1
> 5479 4706 -607 745 117 2
> 9600 5605 18 28 -81 1
! -10164 103474 200
! -6043 -93163 200
> 9522 4142 0 -68 92 3
> 10313 7226 52 -47 -152 1
> 4841 5649 -542 801 99 2
> 9587 5435 -11 -144 -99 1
! 9427 7335 200
! 4841 5649 0
> 9522 4142 0 -68 92 3
> 10313 7226 52 -47 -152 1
> 4841 5649 -542 801 99 2
> 9587 5435 -11 -144 -99 1
! 20484 104417 0
! -6056 -93333 200
> 9516 4274 -5 112 92 3
> 10365 7179 44 -39 -164 1
> 4299 6450 -460 680 81 2
> 9545 5093 -35 -290 -99 1
! 9432 7155 SHIELD
! 4299 6450 0
> 9516 4274 -5 112 92 3
> 10365 7179 44 -39 -164 1
> 4299 6450 -460 680 81 2
> 9545 5093 -35 -290 -99 1
! 49698 95550 0
! 25188 -93675 200
> 9507 4281 -7 2 92 3
> 10409 7140 37 -33 -173 1
> 3839 7130 -391 578 63 3
> 9580 5659 30 510 -81 1
! 9434 7265 200
! 3839 7130 0
> 9507 4281 -7 2 92 3
> 10409 7140 37 -33 -173 1
> 3839 7130 -391 578 63 3
> 9580 5659 30 510 -81 1
! 74549 77840 0
! 25223 -93109 200
> 9500 4283 -5 1 91 3
> 10446 7107 31 -28 -180 1
> 3448 7708 -332 491 45 3
> 9641 5971 52 265 -81 1
! 9432 7266 200
! 3448 7708 0
> 9500 4283 -5 1 91 3
> 10446 7107 31 -28 -180 1
> 3448 7708 -332 491 45 3
> 9641 5971 52 265 -81 1
! 92548 53107 200
! -6002 -92797 200
> 9495 4284 -4 0 91 3
> 10477 7079 26 -23 175 1
> 3294 8290 -130 494 27 3
> 9662 6038 17 57 -99 1
! 9431 7267 200
! 3294 8290 0
> 9495 4284 -4 0 91 3
> 10477 7079 26 -23 175 1
> 3294 8290 -130 494 27 3
> 9662 6038 17 57 -99 1
! 102062 23933 200
! -5981 -92730 200
> 9491 4284 -3 0 91 3
> 10503 7056 22 -19 170 1
> 3362 8815 57 446 9 3
> 9648 5897 -12 -119 -99 1
! 9430 7267 200
! 3362 8815 0
> 9491 4284 -3 0 91 3
> 10503 7056 22 -19 170 1
> 3362 8815 57 446 9 3
> 9648 5897 -12 -119 -99 1
! 102130 -6828 200
! -5995 -92871 200
> 9484 4484 -6 169 91 3
> 10525 7037 18 -16 166 1
> 3617 9230 216 352 -9 3
> 9605 5580 -36 -269 -99 1
! 9433 7098 SHIELD
! 3617 9230 0
> 9484 4484 -6 169 91 3
> 10525 7037 18 -16 166 1
> 3617 9230 216 352 -9 3
> 9605 5580 -36 -269 -99 1
! 92717 -36169 200
! -6038 -93188 200
> 9471 4592 -16 45 91 3
> 10543 7021 15 -13 162 1
> 4011 9491 335 222 -27 3
> 9608 5720 56 583 -99 1
! 9443 7222 200
! 4011 9491 0
> 9471 4592 -16 45 91 3
> 10543 7021 15 -13 162 1
> 4011 9491 335 222 -27 3
> 9608 5720 56 583 -99 1
! 93111 -35908 200
! 25251 -93048 200
> 9455 4637 -13 38 91 3
> 10558 7008 12 -11 159 1
> 4524 9622 436 111 -27 3
> 9695 6105 74 327 -81 1
! 9440 7229 200
! 4524 9622 0
> 9455 4637 -13 38 91 3
> 10558 7008 12 -11 159 1
> 4524 9622 436 111 -27 3
> 9695 6105 74 327 -81 1
! 93624 -35777 200
! 25338 -92663 200
> 9442 4675 -11 32 90 3
> 10570 6997 10 -9 157 1
> 5138 9642 522 17 -27 3
> 9800 6234 89 110 -81 1
! 9438 7235 200
! 10026 7269 0
> 9442 4675 -11 32 90 3
> 10570 6997 10 -9 157 1
> 5138 9642 522 17 -27 3
> 9800 6234 89 110 -81 1
! 94238 -35757 200
! -5843 -92534 0
> 9431 4707 -9 27 90 3
> 10580 6988 8 -7 153 1
> 5838 9568 595 -62 -27 3
> 9889 6344 75 93 -99 1
! 9436 7240 200
! 10026 7269 92
> 9431 4707 -9 27 90 3
> 10580 6988 8 -7 153 1
> 5838 9568 595 -62 -27 3
> 9889 6344 75 93 -99 1
! 76548 -61142 200
! -35510 -82756 200
> 9422 4934 -7 192 90 3
> 10506 7023 -62 29 153 1
> 6574 9365 625 -172 -45 3
> 9873 6259 -13 -72 -117 1
! 9434 7075 SHIELD
! 6574 9365 0
> 9422 4934 -7 192 90 3
> 10506 7023 -62 29 153 1
> 6574 9365 625 -172 -45 3
> 9873 6259 -13 -72 -117 1
! 51972 -79735 0
! -60837 -64451 200
> 9415 5126 -5 163 90 3
> 10444 7052 -52 24 149 1
> 7199 9193 531 -146 -63 3
> 9719 6046 -131 -181 -135 1
! 9432 7104 SHIELD
! 7199 9193 0
> 9415 5126 -5 163 90 3
> 10444 7052 -52 24 149 1
> 7199 9193 531 -146 -63 3
> 9719 6046 -131 -181 -135 1
! 22842 -89575 200
! -35680 -83054 200
> 9389 5221 -30 55 90 3
> 10392 7076 -44 20 147 1
> 7761 8849 477 -292 -81 3
> 9711 6371 71 525 -117 1
! 9457 7212 200
! 8238 8557 SHIELD
> 9389 5221 -30 55 90 3
> 10392 7076 -44 20 147 1
> 7761 8849 477 -292 -81 3
> 9711 6371 71 525 -117 1
! -7882 -89919 0
! -5932 -92397 200
> 9359 5276 -25 46 88 3
> 10360 7106 -6 41 145 1
> 8238 8557 405 -248 -99 3
> 9630 6602 -276 30 -99 1
! 9452 7221 200
! 8643 8309 200
> 9359 5276 -25 46 88 3
> 10360 7106 -6 41 145 1
> 8238 8557 405 -248 -99 3
> 9630 6602 -276 30 -99 1
! -7405 -90211 200
! 25273 -92166 200
> 9334 5322 -21 39 87 3
> 10354 7147 -5 34 145 1
> 8612 8111 317 -378 -99 3
> 9385 6434 -208 -142 -81 1
! 9448 7228 SHIELD
! 8929 7733 200
> 9334 5322 -21 39 87 3
> 10354 7147 -5 34 145 1
> 8612 8111 317 -378 -99 3
> 9385 6434 -208 -142 -81 1
! -7031 -90657 200
! 54783 -82666 200
> 9313 5353 -15 -21 87 3
> 10349 7181 -4 28 158 1
> 8898 7535 242 -489 -99 0
> 9264 6197 -122 275 -63 1
! 9442 7288 200
! 9140 7046 200
> 9313 5353 -15 -21 87 3
> 10349 7181 -4 28 158 1
> 8898 7535 242 -489 -99 0
> 9264 6197 -122 275 -63 1
! -36501 -81565 200
! 24907 -92571 0
> 9301 5293 32 -578 86 3
> 10345 7209 -3 23 176 1
> 8950 7249 -82 239 -117 0
> 9238 6130 61 -11 -81 1
! 9395 7845 200
! 8868 7488 200
> 9301 5293 32 -578 86 3
> 10345 7209 -3 23 176 1
> 8950 7249 -82 239 -117 0
> 9238 6130 61 -11 -81 1
! -61760 -63461 200
! -6405 -92638 0
> 9333 4715 27 -491 88 3
> 10145 7269 -169 51 169 1
> 8727 7347 -189 82 -135 0
> 9299 6119 51 -9 -99 1
! 9400 7758 200
! 8538 7429 200
> 9333 4715 27 -491 88 3
> 10145 7269 -169 51 169 1
> 8727 7347 -189 82 -135 0
> 9299 6119 51 -9 -99 1
! -36672 -81753 200
! -6344 -92649 0
> 9360 4224 22 -417 89 3
> 9777 7340 -312 60 174 1
> 8447 7251 -237 -81 -117 0
> 9350 6110 43 -7 -99 1
! 9405 7684 200
! 8210 7170 200
> 9360 4224 22 -417 89 3
> 9777 7340 -312 60 174 1
> 8447 7251 -237 -81 -117 0
> 9350 6110 43 -7 -99 1
! -36952 -81849 200
! -6293 -92658 0
> 9385 4007 20 -184 89 3
> 9266 7378 -434 32 -174 1
> 8119 6992 -278 -220 -117 0
> 9393 6103 36 -5 -99 1
! 9407 7451 200
! 7841 6772 200
> 9385 4007 20 -184 89 3
> 9266 7378 -434 32 -174 1
> 8119 6992 -278 -220 -117 0
> 9393 6103 36 -5 -99 1
! -37280 -82108 200
! 25036 -92665 0
> 9406 4023 18 13 90 3
> 8648 7332 -525 -39 -157 1
> 7750 6594 -313 -338 -117 0
> 9429 6098 30 -4 -81 1
! 9409 7254 200
! 7437 6256 200
> 9406 4023 18 13 90 3
> 8648 7332 -525 -39 -157 1
> 7750 6594 -313 -338 -117 0
> 9429 6098 30 -4 -81 1
! -37649 -82506 200
! -6214 -92670 0
> 9424 4236 15 181 90 3
> 7972 7162 -574 -144 -139 1
> 7346 6078 -343 -438 -117 0
> 9459 6094 25 -3 -99 1
! 9412 7086 200
! 7003 5640 200
> 9424 4236 15 181 90 3
> 7972 7162 -574 -144 -139 1
> 7346 6078 -343 -438 -117 0
> 9459 6094 25 -3 -99 1
! -8297 -92690 200
! -6184 -92674 0
> 9438 4617 12 323 90 3
> 7291 6849 -579 -265 -122 1
> 6972 5442 -318 -540 -99 0
> 9484 6091 21 -2 -99 1
! 5940 4241 SHIELD
! 2935 7522 0
> 9438 4617 12 323 90 3
> 7291 6849 -579 -265 -122 1
> 6972 5442 -318 -540 -99 0
> 9484 6091 21 -2 -99 1
! 22615 -93326 0
! -6159 -92677 200
> 9450 4940 10 274 108 3
> 6712 6584 -492 -225 -140 1
> 6654 4902 -270 -459 -81 0
> 9474 5891 -8 -169 -99 1
! 9417 6993 SHIELD
! 2935 7522 0
> 9450 4940 10 274 108 3
> 6712 6584 -492 -225 -140 1
> 6654 4902 -270 -459 -81 0
> 9474 5891 -8 -169 -99 1
! 52052 -84198 200
! 25117 -92877 0
> 9459 5161 6 164 91 3
> 6220 6359 -418 -191 -158 1
> 6475 4265 -152 -541 -63 1
> 9478 6253 8 541 -81 1
! 5940 4241 200
! 2935 7522 0
> 9459 5161 6 164 91 3
> 6220 6359 -418 -191 -158 1
> 6475 4265 -152 -541 -63 1
> 9478 6253 8 541 -81 1
! 77185 -66445 200
! -6165 -92515 200
> 9465 5325 5 139 109 3
> 5802 6168 -355 -162 -176 1
> 6464 3583 -8 -580 -45 1
> 9455 6596 -19 291 -99 1
! 9422 7128 200
! 2935 7522 0
> 9465 5325 5 139 109 3
> 5802 6168 -355 -162 -176 1
> 6464 3583 -8 -580 -45 1
> 9455 6596 -19 291 -99 1
! 95564 -41816 200
! 25098 -92172 200
> 9470 5464 4 118 91 3
> 5447 6006 -301 -137 -194 1
> 6634 2912 144 -570 -27 1
> 9467 6689 10 79 -81 1
! 5940 4241 200
! 2935 7522 0
> 9470 5464 4 118 91 3
> 5447 6006 -301 -137 -194 1
> 6634 2912 144 -570 -27 1
> 9467 6689 10 79 -81 1
! 105402 -12731 200
! 25110 -92079 200
> 9474 5582 3 100 109 3
> 5146 5869 -255 -116 149 1
> 6976 2311 290 -511 -9 1
> 9508 6570 35 -100 -81 1
! 9424 7167 SHIELD
! 2935 7522 0
> 9474 5582 3 100 109 3
> 5146 5869 -255 -116 149 1
> 6976 2311 290 -511 -9 1
> 9508 6570 35 -100 -81 1
! 105744 17954 200
! -6135 -92198 200
