@ 0 reCurse
@ 1 YurkovAS
CP 3
CP 4984 5249
CP 11454 6105
CP 9095 1828
> 5050 4753 0 0 -1 1
> 4918 5745 0 0 -1 1
> 5181 3762 0 0 -1 1
> 4787 6736 0 0 -1 1
! 102893 25409 200
! 101579 -19879 200
> 5050 4753 0 0 -1 1
> 4918 5745 0 0 -1 1
> 5181 3762 0 0 -1 1
> 4787 6736 0 0 -1 1
! 14453 7508 BOOST sims=228676 RUNNER
! 14773 6213 BOOST sims=228676 BLOCKER
> 5246 4794 166 35 12 1
> 5111 5694 164 -43 -15 1
> 5784 4005 512 206 22 1
> 5436 6702 551 -28 -3 1
! 91848 54793 200
! 104973 10927 200
> 5246 4794 166 35 12 1
> 5111 5694 164 -43 -15 1
> 5784 4005 512 206 22 1
> 5436 6702 551 -28 -3 1
! 15056 7751 200 sims=228830 RUNNER
! 15422 6179 200 sims=228830 BLOCKER
> 5596 4858 314 -57 30 1
> 5464 5732 283 144 3 1
> 6481 4286 592 238 22 1
> 6187 6664 638 -32 -3 1
! 92198 54857 200
! 105326 10965 200
> 5596 4858 314 -57 30 1
> 5464 5732 283 144 3 1
> 6481 4286 592 238 22 1
> 6187 6664 638 -32 -3 1
! 14141 10714 0 sims=258230 RUNNER
! 16173 6141 200 sims=258230 BLOCKER
> 6083 4901 414 36 30 1
> 5947 5886 410 131 3 1
> 7073 4524 503 202 40 1
> 7025 6622 712 -36 -3 1
! 92685 54900 200
! 102539 -19995 0
> 6083 4901 414 36 30 1
> 5947 5886 410 131 3 1
> 7073 4524 503 202 40 1
> 7025 6622 712 -36 -3 1
! 16345 8270 200 sims=238602 RUNNER
! 16361 3038 0 sims=238602 BLOCKER
> 6670 5037 499 115 30 1
> 6357 6017 348 111 -15 1
> 7761 4801 585 235 22 1
> 7737 6586 605 -30 -21 1
! 93272 55036 200
! 102949 -19865 200
> 6670 5037 499 115 30 1
> 6357 6017 348 111 -15 1
> 7761 4801 585 235 22 1
> 7737 6586 605 -30 -21 1
! 17033 8547 200 sims=239862 RUNNER
! 15508 293 0 sims=239862 BLOCKER
> 7342 5252 571 182 30 1
> 6898 6076 460 50 -15 1
> 8531 5111 654 263 22 1
> 8342 6556 514 -25 -39 1
! 93944 55251 200
! 90764 -48388 0
> 7342 5252 571 182 30 1
> 6898 6076 460 50 -15 1
> 8531 5111 654 263 22 1
> 8342 6556 514 -25 -39 1
! 18507 5809 0 sims=202146 RUNNER
! 13788 -1831 0 sims=202146 BLOCKER
> 8086 5534 632 239 30 1
> 7358 6126 391 42 -33 1
> 9185 5374 555 223 4 1
> 8856 6531 436 -21 -57 1
! 94688 55533 200
! 70289 -71588 200
> 8086 5534 632 239 30 1
> 7358 6126 391 42 -33 1
> 9185 5374 555 223 4 1
> 8856 6531 436 -21 -57 1
! 18888 2955 200 sims=221032 RUNNER
! 11444 -3128 0 sims=221032 BLOCKER
> 8865 5833 451 -70 30 1
> 7875 6013 439 -96 -51 1
> 9934 5549 636 148 -14 1
> 9318 6550 603 340 -75 1
! 95467 55832 200
! 70806 -71701 0
> 8865 5833 451 -70 30 1
> 7875 6013 439 -96 -51 1
> 9934 5549 636 148 -14 1
> 9318 6550 603 340 -75 1
! 18414 250 0 sims=222684 RUNNER
! 8795 -3436 200 sims=222684 BLOCKER
> 9489 5863 530 25 30 1
> 8314 5917 373 -81 -51 1
> 10570 5697 540 125 -32 1
> 9911 6690 503 119 -93 1
! 76402 80177 200
! 44150 -87441 0
> 9489 5863 530 25 30 1
> 8314 5917 373 -81 -51 1
> 10570 5697 540 125 -32 1
> 9911 6690 503 119 -93 1
! 16998 -1963 0 sims=225134 RUNNER
! 6327 -2646 200 sims=225134 BLOCKER
> 10076 5865 454 -96 48 1
> 8687 5836 317 -68 -69 1
> 11110 5822 459 106 -50 2
> 10420 6794 476 186 -111 1
! 50749 97219 200
! 71618 -71878 0
> 10076 5865 454 -96 48 1
> 8687 5836 317 -68 -69 1
> 11110 5822 459 106 -50 2
> 10420 6794 476 186 -111 1
! 14856 -3450 200 sims=250474 RUNNER
! 4127 -977 200 sims=250474 BLOCKER
> 10611 5952 455 73 66 1
> 9004 5768 269 -57 -51 1
> 11644 5743 453 -67 -68 2
> 10770 6825 297 25 -129 1
! 21063 105404 200
! 71935 -71946 0
> 10611 5952 455 73 66 1
> 9004 5768 269 -57 -51 1
> 11644 5743 453 -67 -68 2
> 10770 6825 297 25 -129 1
! 12342 -4233 200 sims=265545 RUNNER
! 2383 1379 0 sims=265545 BLOCKER
> 11064 6044 375 5 84 2
> 9273 5711 228 -48 -51 1
> 12111 5476 396 -226 -86 2
> 11090 7030 281 246 -147 1
! -9727 103858 0
! 45109 -87647 200
> 11064 6044 375 5 84 2
> 9273 5711 228 -48 -51 1
> 12111 5476 396 -226 -86 2
> 11090 7030 281 246 -147 1
! 9692 -4227 200 sims=301805 RUNNER
! 2703 1584 200 sims=301805 BLOCKER
> 11439 6049 318 4 102 2
> 9573 5476 254 -199 -69 1
> 12459 5056 295 -357 -104 2
> 11203 7167 96 116 -147 1
! -38560 92651 0
! 72504 -72238 200
> 11439 6049 318 4 102 2
> 9573 5476 254 -199 -69 1
> 12459 5056 295 -357 -104 2
> 11203 7167 96 116 -147 1
! 7160 -3424 200 sims=297745 RUNNER
! 4910 -604 200 sims=297745 BLOCKER
> 11757 6053 270 3 120 2
> 9953 5122 322 -301 -51 1
> 12648 4529 160 -447 -122 2
> 11173 7128 -25 -33 -129 1
! -62557 72966 0
! 45789 -88236 200
> 11757 6053 270 3 120 2
> 9953 5122 322 -301 -51 1
> 12648 4529 160 -447 -122 2
> 11173 7128 -25 -33 -129 1
! 4988 -1899 200 sims=295596 RUNNER
! 7589 -2208 200 sims=295596 BLOCKER
> 12027 6056 229 2 138 2
> 10347 4634 334 -414 -69 1
> 12655 3953 5 -489 -140 2
> 11076 6908 -82 -186 -111 1
! -79327 46729 0
! 46183 -88724 200
> 12027 6056 229 2 138 2
> 10347 4634 334 -414 -69 1
> 12655 3953 5 -489 -140 2
> 11076 6908 -82 -186 -111 1
! 7356 -4527 200 sims=297703 RUNNER
! 7492 -2428 200 sims=297703 BLOCKER
> 12256 6058 194 1 156 2
> 10753 4033 344 -510 -69 1
> 12554 3294 -85 -559 -122 2
> 10922 6535 -130 -316 -111 1
! -87196 16510 200
! 46589 -89325 200
> 12256 6058 194 1 156 2
> 10753 4033 344 -510 -69 1
> 12554 3294 -85 -559 -122 2
> 10922 6535 -130 -316 -111 1
! 10135 -6409 200 sims=262535 RUNNER
! 7338 -2801 200 sims=262535 BLOCKER
> 12251 6080 -4 18 174 2
> 11169 3336 353 -592 -69 1
> 12421 2541 -113 -640 -104 2
> 10720 6032 -171 -427 -111 1
! -85563 -14711 200
! 16402 -96526 200
> 12251 6080 -4 18 174 2
> 11169 3336 353 -592 -69 1
> 12421 2541 -113 -640 -104 2
> 10720 6032 -171 -427 -111 1
! 7122 -5939 200 sims=302750 RUNNER
! 7136 -3304 200 sims=302750 BLOCKER
> 12051 6056 -169 -20 192 2
> 11532 2544 308 -672 -87 1
> 12202 1731 -186 -688 -122 2
> 10477 5418 -206 -521 -111 1
! -74551 -43943 200
! -14350 -94048 200
> 12051 6056 -169 -20 192 2
> 11532 2544 308 -672 -87 1
> 12202 1731 -186 -688 -122 2
> 10477 5418 -206 -521 -111 1
! 4542 -4697 200 sims=304913 RUNNER
! 9954 -4568 0 sims=304913 BLOCKER
> 11709 5936 -290 -101 -150 2
> 11777 1723 171 -556 -105 1
> 11874 870 -242 -873 -140 2
> 10271 4897 -175 -442 -93 1
! -55204 -68378 200
! -42686 -82144 0
> 11709 5936 -290 -101 -150 2
> 11777 1723 171 -556 -105 1
> 11874 870 -242 -873 -140 2
> 10271 4897 -175 -442 -93 1
! 2602 -2876 0 sims=303051 RUNNER
! 6687 -4439 0 sims=303051 BLOCKER
> 11285 5686 -360 -212 -132 2
> 11948 1167 145 -472 -123 1
> 11632 -3 -205 -742 -158 2
> 10096 4455 -148 -375 -111 1
! -29388 -85668 200
! -65766 -61764 200
> 11285 5686 -360 -212 -132 2
> 11948 1167 145 -472 -123 1
> 11632 -3 -205 -742 -158 2
> 10096 4455 -148 -375 -111 1
! 1656 -701 0 sims=221928 RUNNER
! 3803 -3316 0 sims=221928 BLOCKER
> 10844 5291 -375 -335 -114 2
> 11938 569 -8 -508 -141 1
> 11427 -745 -174 -630 -176 2
> 9948 4080 -125 -318 -129 1
! 391 -94161 200
! -81420 -35267 200
> 10844 5291 -375 -335 -114 2
> 11938 569 -8 -508 -141 1
> 11427 -745 -174 -630 -176 2
> 9948 4080 -125 -318 -129 1
! 1724 1674 200 sims=286489 RUNNER
! 1561 -1366 0 sims=286489 BLOCKER
> 10448 4757 -336 -453 -96 2
> 11743 -11 -165 -492 -159 1
> 11059 -1327 -312 -494 -194 2
> 9823 3762 -106 -270 -147 1
! -4 -94695 0
! -88119 -5244 200
> 10448 4757 -336 -453 -96 2
> 11743 -11 -165 -492 -159 1
> 11059 -1327 -312 -494 -194 2
> 9823 3762 -106 -270 -147 1
! 2579 3972 200 sims=235739 RUNNER
! 164 1174 0 sims=235739 BLOCKER
> 10112 4304 -285 -385 -96 2
> 11378 -513 -310 -427 -177 1
> 10577 -1715 -409 -329 -212 2
> 9717 3492 -90 -229 -165 1
! -340 -95148 0
! -85214 25368 200
> 10112 4304 -285 -385 -96 2
> 11378 -513 -310 -427 -177 1
> 10577 -1715 -409 -329 -212 2
> 9717 3492 -90 -229 -165 1
! 4149 5945 200 sims=278775 RUNNER
! 58 904 SHIELD sims=278775 BLOCKER
> 9908 4116 -113 -15 -96 2
> 10875 -888 -427 -318 -195 1
> 10039 -1891 -456 -149 -230 2
> 9619 3243 -89 -225 -165 1
! -544 -95336 200
! -88987 -6121 200
> 9908 4116 -113 -15 -96 2
> 10875 -888 -427 -318 -195 1
> 10039 -1891 -456 -149 -230 2
> 9619 3243 -89 -225 -165 1
! 6293 7381 0 sims=268940 RUNNER
! -367 3766 0 sims=268940 BLOCKER
> 9774 3902 -113 -181 -96 2
> 10248 -1216 -532 -279 -177 1
> 9583 -2040 -387 -126 -248 2
> 9530 3018 -75 -191 177 1
! -678 -95550 200
! -86344 24665 0
> 9774 3902 -113 -181 -96 2
> 10248 -1216 -532 -279 -177 1
> 9583 -2040 -387 -126 -248 2
> 9530 3018 -75 -191 177 1
! 8885 7936 0 sims=255402 RUNNER
! 194 6602 0 sims=255402 BLOCKER
> 9663 3608 -65 -143 -96 2
> 9716 -1495 -452 -237 165 1
> 9196 -2166 -328 -107 94 2
> 9432 2741 -112 -341 159 1
! -789 -95844 200
! -74151 52968 SHIELD
> 9663 3608 -65 -143 -96 2
> 9716 -1495 -452 -237 165 1
> 9196 -2166 -328 -107 94 2
> 9432 2741 -112 -341 159 1
! 11615 7537 200 sims=265874 RUNNER
! 1661 9034 0 sims=265874 BLOCKER
> 9577 3266 -73 -290 -96 2
> 9299 -1688 -349 -157 147 1
> 8564 -2524 -584 -363 76 2
> 9320 2400 -95 -289 141 1
! -31096 -88088 200
! -53633 76026 0
> 9577 3266 -73 -290 -96 2
> 9299 -1688 -349 -157 147 1
> 8564 -2524 -584 -363 76 2
> 9320 2400 -95 -289 141 1
! 13863 5956 200 sims=261653 RUNNER
! 3874 10787 200 sims=261653 BLOCKER
> 9495 2992 -40 -151 -114 2
> 8950 -1845 -296 -133 129 1
> 8086 -2717 -406 -164 58 2
> 9044 2080 -264 -353 123 1
! -57418 -71322 200
! -26886 91513 0
> 9495 2992 -40 -151 -114 2
> 8950 -1845 -296 -133 129 1
> 8086 -2717 -406 -164 58 2
> 9044 2080 -264 -353 123 1
! 10505 6986 200 sims=268513 RUNNER
! 3598 10467 200 sims=268513 BLOCKER
> 9321 2692 -147 -254 -132 2
> 8654 -1978 -251 -113 111 1
> 7728 -2687 -303 25 76 2
> 8671 1895 -316 -157 123 1
! -77281 -47307 200
! 3420 97884 0
> 9321 2692 -147 -254 -132 2
> 8654 -1978 -251 -113 111 1
> 7728 -2687 -303 25 76 2
> 8671 1895 -316 -157 123 1
! 10147 7016 200 sims=277298 RUNNER
! 3225 10282 200 sims=277298 BLOCKER
> 9001 2338 -272 -300 -150 0
> 8403 -2091 -213 -96 93 1
> 7473 -2468 -216 186 76 2
> 8246 1906 -361 9 123 1
! -88813 -18453 200
! -27433 91267 200
> 9001 2338 -272 -300 -150 0
> 8403 -2091 -213 -96 93 1
> 7473 -2468 -216 186 76 2
> 8246 1906 -361 9 123 1
! 12772 6012 200 sims=286139 RUNNER
! 5658 11565 200 sims=286139 BLOCKER
> 8712 2069 -196 -209 -168 0
> 8156 -1993 -48 115 111 1
> 7325 -2120 -286 263 58 2
> 7654 2036 -551 90 105 1
! -90740 12521 200
! -54775 75721 200
> 8712 2069 -196 -209 -168 0
> 8156 -1993 -48 115 111 1
> 7325 -2120 -286 263 58 2
> 7654 2036 -551 90 105 1
! 12624 6360 200 sims=300881 RUNNER
! 8177 12022 200 sims=300881 BLOCKER
> 8317 1881 -335 -159 174 0
> 7982 -1723 -147 229 129 1
> 7145 -1687 -153 367 58 2
> 7113 2326 -459 246 87 1
! -83037 42554 200
! -54949 75991 200
> 8317 1881 -335 -159 174 0
> 7982 -1723 -147 229 129 1
> 7145 -1687 -153 367 58 2
> 7113 2326 -459 246 87 1
! 14805 4741 200 sims=291536 RUNNER
! 4525 11985 0 sims=291536 BLOCKER
> 7799 1803 -440 -66 156 0
> 7936 -1353 -6 312 129 1
> 6918 -1177 -224 435 40 2
> 6654 2572 -390 209 105 1
! -66515 68716 0
! -54995 76361 200
> 7799 1803 -440 -66 156 0
> 7936 -1353 -6 312 129 1
> 6918 -1177 -224 435 40 2
> 6654 2572 -390 209 105 1
! 16190 2569 200 sims=282464 RUNNER
! 7177 12558 0 sims=282464 BLOCKER
> 7359 1737 -374 -56 138 0
> 7804 -886 -112 397 129 1
> 6879 -667 -32 433 22 2
> 6264 2781 -331 177 87 1
! -42640 88339 200
! -76063 53577 200
> 7359 1737 -374 -56 138 0
> 7804 -886 -112 397 129 1
> 6879 -667 -32 433 22 2
> 6264 2781 -331 177 87 1
! 16855 31 200 sims=267211 RUNNER
! 9848 12117 0 sims=267211 BLOCKER
> 6885 1854 -402 99 120 0
> 7812 -454 130 335 147 1
> 6758 -146 -226 474 4 2
> 5933 2958 -281 150 69 1
! -13906 99668 200
! -55120 77260 0
> 6885 1854 -402 99 120 0
> 7812 -454 130 335 147 1
> 6758 -146 -226 474 4 2
> 5933 2958 -281 150 69 1
! 16030 3600 200 sims=284711 RUNNER
! 12226 10729 0 sims=284711 BLOCKER
> 6441 2149 -377 250 102 0
> 7942 -119 110 284 129 1
> 6717 403 -34 466 22 2
> 5652 3108 -238 127 51 1
! -14350 99963 200
! -27894 93239 0
> 6441 2149 -377 250 102 0
> 7942 -119 110 284 129 1
> 6717 403 -34 466 22 2
> 5652 3108 -238 127 51 1
! 16693 1101 200 sims=256809 RUNNER
! 14039 8554 0 sims=256809 BLOCKER
> 6022 2595 -355 378 102 0
> 8052 165 93 241 111 1
> 6883 883 140 407 4 2
> 5414 3235 -202 107 33 1
! -43977 89197 200
! -27784 93523 200
> 6022 2595 -355 378 102 0
> 8052 165 93 241 111 1
> 6883 883 140 407 4 2
> 5414 3235 -202 107 33 1
! 16586 -1536 200 sims=272034 RUNNER
! 13801 8681 SHIELD sims=272034 BLOCKER
> 6095 2618 151 -70 120 0
> 8073 593 18 363 111 1
> 7217 1242 283 304 -14 2
> 5159 3395 -225 144 33 1
! -43904 89220 200
! -54858 78307 200
> 6095 2618 151 -70 120 0
> 8073 593 18 363 111 1
> 7217 1242 283 304 -14 2
> 5159 3395 -225 144 33 1
! 15697 -4057 200 sims=287791 RUNNER
! 13546 8841 0 sims=287791 BLOCKER
> 6146 2721 43 87 120 0
> 8244 880 323 95 129 1
> 7391 1672 -30 513 -32 2
> 4934 3539 -191 122 33 1
! -68168 69634 200
! -54687 78594 200
> 6146 2721 43 87 120 0
> 8244 880 323 95 129 1
> 7391 1672 -30 513 -32 2
> 4934 3539 -191 122 33 1
! 13819 -5988 200 sims=285705 RUNNER
! 13321 8985 0 sims=285705 BLOCKER
> 6040 2942 -89 187 138 0
> 8441 1130 167 212 129 1
> 7490 2032 83 305 -50 2
> 4743 3661 -162 103 33 1
! -43959 89544 200
! -75426 55593 200
> 6040 2942 -89 187 138 0
> 8441 1130 167 212 129 1
> 7490 2032 83 305 -50 2
> 4743 3661 -162 103 33 1
! 13918 -5628 200 sims=278789 RUNNER
! 14402 6249 0 sims=278789 BLOCKER
> 5851 3302 -160 306 120 0
> 8440 1451 0 272 147 1
> 7702 2184 179 129 -50 2
> 4581 3764 -137 87 15 1
! -44148 89904 200
! -75427 55914 200
> 5851 3302 -160 306 120 0
> 8440 1451 0 272 147 1
> 7702 2184 179 129 -50 2
> 4581 3764 -137 87 15 1
! 14130 -5476 200 sims=268408 RUNNER
! 14567 3241 200 sims=268408 BLOCKER
> 5591 3781 -220 407 120 0
> 8537 1557 223 -56 147 1
> 7745 2435 -104 360 -50 2
> 4644 3841 53 65 -3 1
! -15200 101595 SHIELD
! -54395 79271 200
> 5591 3781 -220 407 120 0
> 8537 1557 223 -56 147 1
> 7745 2435 -104 360 -50 2
> 4644 3841 53 65 -3 1
! 14173 -5225 200 sims=285712 RUNNER
! 14303 6429 0 sims=285712 BLOCKER
> 5387 4191 -155 351 102 0
> 8634 1656 82 84 129 1
> 7770 2642 20 175 -50 2
> 4541 3878 -273 -1 15 1
! 15839 103643 0
! -54297 79370 200
> 5387 4191 -155 351 102 0
> 8634 1656 82 84 129 1
> 7770 2642 20 175 -50 2
> 4541 3878 -273 -1 15 1
! 14198 -5018 200 sims=284067 RUNNER
! 14200 6466 200 sims=284067 BLOCKER
> 5232 4542 -131 298 84 0
> 8590 1895 -37 203 129 1
> 7919 2664 126 18 -50 2
> 4461 3929 -67 43 15 1
! 45905 95896 0
! -54341 79609 200
> 5232 4542 -131 298 84 0
> 8590 1895 -37 203 129 1
> 7919 2664 126 18 -50 2
> 4461 3929 -67 43 15 1
! 11665 -6608 200 sims=277669 RUNNER
! 14120 6517 200 sims=277669 BLOCKER
> 5101 4840 -111 253 66 1
> 8708 1951 227 -89 129 1
> 7839 2799 -195 251 -68 2
> 4587 4024 107 80 15 1
! 72014 79154 0
! -75159 56414 200
> 5101 4840 -111 253 66 1
> 8708 1951 227 -89 129 1
> 7839 2799 -195 251 -68 2
> 4587 4024 107 80 15 1
! 14267 -4861 200 sims=293321 RUNNER
! 14573 3501 200 sims=293321 BLOCKER
> 4990 5093 -94 215 48 1
> 8767 1971 50 16 147 1
> 7773 2897 -56 83 -50 2
> 4894 4094 260 59 -3 1
! 91592 55092 200
! -75100 56434 200
> 4990 5093 -94 215 48 1
> 8767 1971 50 16 147 1
> 7773 2897 -56 83 -50 2
> 4894 4094 260 59 -3 1
! 14201 -4763 200 sims=287364 RUNNER
! 14553 6682 200 sims=287364 BLOCKER
> 5069 5408 67 267 30 1
> 8649 2096 -100 106 147 1
> 7846 2827 61 -59 -50 2
> 5347 4205 385 94 15 1
! 102883 26199 200
! -75218 56559 200
> 5069 5408 67 267 30 1
> 8649 2096 -100 106 147 1
> 7846 2827 61 -59 -50 2
> 5347 4205 385 94 15 1
! 16326 -2472 200 sims=279398 RUNNER
! 15006 6793 200 sims=279398 BLOCKER
> 5332 5717 223 262 12 1
> 8623 2076 152 -185 147 1
> 7835 2896 -183 227 -32 2
> 5925 4351 491 123 15 1
! 104784 -4735 200
! -54309 79790 200
> 5332 5717 223 262 12 1
> 8623 2076 152 -185 147 1
> 7835 2896 -183 227 -32 2
> 5925 4351 491 123 15 1
! 14263 -4764 200 sims=277648 RUNNER
! 15584 6939 200 sims=277648 BLOCKER
> 5754 5958 358 204 -6 1
> 8649 2046 22 -25 129 1
> 7781 2970 -46 62 -50 2
> 6609 4526 581 148 15 1
! 97108 -34715 200
! -54282 79760 200
> 5754 5958 358 204 -6 1
> 8649 2046 22 -25 129 1
> 7781 2970 -46 62 -50 2
> 6609 4526 581 148 15 1
! 14209 -4690 200 sims=264523 RUNNER
! 14996 9972 0 sims=264523 BLOCKER
> 6295 6081 459 104 -24 1
> 8545 2176 -88 110 129 1
> 7864 2879 70 -77 -50 2
> 7190 4674 493 125 33 1
! 80609 -60832 200
! -54386 79890 200
> 6295 6081 459 104 -24 1
> 8545 2176 -88 110 129 1
> 7864 2879 70 -77 -50 2
> 7190 4674 493 125 33 1
! 14292 -4781 200 sims=241269 RUNNER
! 13483 12445 0 sims=241269 BLOCKER
> 6903 6051 516 -25 -42 1
> 8659 2114 204 -159 129 1
> 7735 2976 -217 189 -50 2
> 7683 4799 419 106 51 1
! 98257 -34622 0
! -54272 79828 200
> 6903 6051 516 -25 -42 1
> 8659 2114 204 -159 129 1
> 7735 2976 -217 189 -50 2
> 7683 4799 419 106 51 1
! 14163 -4684 200 sims=233954 RUNNER
! 11267 14135 200 sims=233954 BLOCKER
> 7419 6026 438 -21 -24 1
> 8737 2110 66 -3 129 1
> 7647 3012 -75 30 -50 2
> 8174 5092 417 248 69 1
! 81733 -60887 200
! -75130 56573 200
> 7419 6026 438 -21 -24 1
> 8737 2110 66 -3 129 1
> 7647 3012 -75 30 -50 2
> 8174 5092 417 248 69 1
! 16127 -2287 200 sims=239183 RUNNER
! 8697 15078 0 sims=239183 BLOCKER
> 7999 5878 249 96 -42 1
> 8635 2216 -86 90 147 1
> 7742 2936 80 -64 -32 2
> 8598 5334 603 -17 87 1
! 82313 -61035 200
! -75232 56679 200
> 7999 5878 249 96 -42 1
> 8635 2216 -86 90 147 1
> 7742 2936 80 -64 -32 2
> 8598 5334 603 -17 87 1
! 14170 -4724 200 sims=236971 RUNNER
! 6010 14993 0 sims=236971 BLOCKER
> 8397 5840 337 -32 -42 1
> 8598 2248 202 -151 147 1
> 7734 2885 -240 136 -50 2
> 9201 5317 512 -14 105 1
! 99751 -34833 200
! -75269 56711 200
> 8397 5840 337 -32 -42 1
> 8598 2248 202 -151 147 1
> 7734 2885 -240 136 -50 2
> 9201 5317 512 -14 105 1
! 16214 -2414 200 sims=240905 RUNNER
! 3755 13704 200 sims=240905 BLOCKER
> 8851 5757 265 -13 -24 1
> 8632 2206 29 -35 147 1
> 7664 2915 -59 25 -32 2
> 9670 5440 519 47 123 1
! 100205 -34916 200
! -75235 56669 200
> 8851 5757 265 -13 -24 1
> 8632 2206 29 -35 147 1
> 7664 2915 -59 25 -32 2
> 9670 5440 519 47 123 1
! 14092 -4745 200 sims=251041 RUNNER
! 1899 11733 200 sims=251041 BLOCKER
> 9203 5686 221 -42 -24 1
> 8493 2280 -117 62 147 1
> 7734 2787 59 -108 -50 2
> 10129 5590 467 108 141 1
! 108655 -4766 200
! -75374 56743 200
> 9203 5686 221 -42 -24 1
> 8493 2280 -117 62 147 1
> 7734 2787 59 -108 -50 2
> 10129 5590 467 108 141 1
! 16214 -2512 200 sims=246533 RUNNER
! 793 9174 0 sims=246533 BLOCKER
> 9623 5623 356 -53 -6 1
> 8649 2161 212 -153 147 1
> 7522 2863 -260 116 -32 2
> 10596 5698 396 91 159 1
! 107437 26414 200
! -75218 56624 200
> 9623 5623 356 -53 -6 1
> 8649 2161 212 -153 147 1
> 7522 2863 -260 116 -32 2
> 10596 5698 396 91 159 1
! 16002 -2436 200 sims=246008 RUNNER
! 610 6221 200 sims=246008 BLOCKER
> 10017 5585 191 -56 12 1
> 8693 2117 37 -37 147 1
> 7432 2873 -76 8 -32 2
> 10950 5826 444 133 177 2
! 96619 55584 200
! -75174 56580 200
> 10017 5585 191 -56 12 1
> 8693 2117 37 -37 147 1
> 7432 2873 -76 8 -32 2
> 10950 5826 444 133 177 2
! 15912 -2426 200 sims=253820 RUNNER
! 1291 3238 200 sims=253820 BLOCKER
> 10381 5629 309 37 30 1
> 8562 2189 -111 61 147 1
> 7526 2775 79 -83 -32 2
> 11201 5907 213 69 195 2
! 96983 55628 200
! -88030 28070 200
> 10381 5629 309 37 30 1
> 8562 2189 -111 61 147 1
> 7526 2775 79 -83 -32 2
> 11201 5907 213 69 195 2
! 16006 -2524 200 sims=243796 RUNNER
! 2814 461 200 sims=243796 BLOCKER
> 10479 5638 30 -10 30 1
> 8465 2182 205 -171 165 1
> 7567 2705 -252 106 -32 2
> 11630 5995 417 92 -147 2
! 108293 26429 200
! -75402 56645 200
> 10479 5638 30 -10 30 1
> 8465 2182 205 -171 165 1
> 7567 2705 -252 106 -32 2
> 11630 5995 417 92 -147 2
! 17270 286 200 sims=266777 RUNNER
! 5337 -1776 200 sims=266777 BLOCKER
> 10705 5670 191 26 12 1
> 8502 2120 31 -52 147 1
> 7509 2763 -49 48 -14 2
> 11921 5932 247 -53 -129 2
! 110157 -4782 200
! -54430 79834 200
> 10705 5670 191 26 12 1
> 8502 2120 31 -52 147 1
> 7509 2763 -49 48 -14 2
> 11921 5932 247 -53 -129 2
! 15989 -2536 200 sims=266658 RUNNER
! 8337 -3404 200 sims=266658 BLOCKER
> 11095 5675 331 4 -6 2
> 8407 2223 -80 87 129 1
> 7630 2705 102 -49 -32 2
> 12096 5692 149 -203 -111 2
! 102449 -34998 200
! -75460 56686 200
> 11095 5675 331 4 -6 2
> 8407 2223 -80 87 129 1
> 7630 2705 102 -49 -32 2
> 12096 5692 149 -203 -111 2
! 14058 -4955 200 sims=270431 RUNNER
! 5803 -2079 200 sims=270431 BLOCKER
> 11351 5631 56 -16 -24 2
> 8590 2164 238 -99 147 1
> 7430 2758 -253 94 -50 2
> 12377 5300 399 -353 -129 2
! 85665 -61282 0
! -88002 28045 200
> 11351 5631 56 -16 -24 2
> 8590 2164 238 -99 147 1
> 7430 2758 -253 94 -50 2
> 12377 5300 399 -353 -129 2
! 15910 -2541 200 sims=294294 RUNNER
! 3990 -146 200 sims=294294 BLOCKER
> 11407 5615 47 -13 -42 2
> 8635 2117 38 -40 165 1
> 7347 2746 -70 -10 -32 2
> 12608 4838 196 -392 -147 2
! 61406 -80987 200
! -75232 56580 200
> 11407 5615 47 -13 -42 2
> 8635 2117 38 -40 165 1
> 7347 2746 -70 -10 -32 2
> 12608 4838 196 -392 -147 2
! 15827 -2553 200 sims=281351 RUNNER
! 2949 2250 200 sims=281351 BLOCKER
> 11554 5429 124 -158 -60 2
> 8505 2186 -110 58 147 1
> 7447 2630 84 -98 -32 2
> 12611 4394 2 -377 -165 2
! 32345 -92385 0
! -88087 28067 200
> 11554 5429 124 -158 -60 2
> 8505 2186 -110 58 147 1
> 7447 2630 84 -98 -32 2
> 12611 4394 2 -377 -165 2
! 15927 -2669 200 sims=265363 RUNNER
! 2952 1806 200 sims=265363 BLOCKER
> 11678 5271 105 -134 -78 2
> 8469 2199 246 -88 165 1
> 7433 2523 -288 8 -32 2
> 12420 3965 -162 -364 -165 2
! 1225 -94181 200
! -88123 28080 200
> 11678 5271 105 -134 -78 2
> 8469 2199 246 -88 165 1
> 7433 2523 -288 8 -32 2
> 12420 3965 -162 -364 -165 2
! 17136 104 200 sims=272937 RUNNER
! 2761 1377 200 sims=272937 BLOCKER
> 11762 4938 71 -282 -96 2
> 8522 2163 44 -30 165 1
> 7339 2483 -79 -34 -14 2
> 12065 3549 -301 -353 -165 2
! -28911 -86416 200
! -88070 28044 200
> 11762 4938 71 -282 -96 2
> 8522 2163 44 -30 165 1
> 7339 2483 -79 -34 -14 2
> 12065 3549 -301 -353 -165 2
! 17042 64 200 sims=254275 RUNNER
! 2079 4072 200 sims=254275 BLOCKER
> 11752 4473 -8 -395 -114 2
> 8373 2185 -126 18 165 1
> 7454 2401 97 -70 -14 2
> 11564 3206 -425 -291 177 2
! -55161 -69841 200
! -88219 28066 200
> 11752 4473 -8 -395 -114 2
> 8373 2185 -126 18 165 1
> 7454 2401 97 -70 -14 2
> 11564 3206 -425 -291 177 2
! 17157 -18 200 sims=223405 RUNNER
! 1578 3729 200 sims=223405 BLOCKER
> 11610 3929 -120 -462 -132 2
> 8535 2148 256 -58 165 1
> 7264 2389 -280 16 -14 2
> 10939 2925 -531 -238 177 2
! -74992 -46070 200
! -91327 -3085 200
> 11610 3929 -120 -462 -132 2
> 8535 2148 256 -58 165 1
> 7264 2389 -280 16 -14 2
> 10939 2925 -531 -238 177 2
! 15744 -2910 200 sims=239246 RUNNER
! 1280 337 0 sims=239246 BLOCKER
> 11317 3367 -249 -477 -150 2
> 8591 2080 47 -58 -177 1
> 7154 2299 -93 -76 -32 2
> 10408 2687 -451 -202 -165 2
! -86497 -17424 200
! -88001 27961 200
> 11317 3367 -249 -477 -150 2
> 8591 2080 47 -58 -177 1
> 7154 2299 -93 -76 -32 2
> 10408 2687 -451 -202 -165 2
! 16857 -120 200 sims=226030 RUNNER
! 2021 -2759 0 sims=226030 BLOCKER
> 10872 2848 -377 -440 -168 2
> 8445 2074 -124 -5 165 1
> 7255 2175 85 -105 -14 2
> 9957 2485 -383 -171 -147 2
! -88580 13300 200
! -75422 56537 200
> 10872 2848 -377 -440 -168 2
> 8445 2074 -124 -5 165 1
> 7255 2175 85 -105 -14 2
> 9957 2485 -383 -171 -147 2
! 15735 -3124 200 sims=199892 RUNNER
! 298 -103 0 sims=199892 BLOCKER
> 10365 2445 -286 -307 174 2
> 8282 2199 161 155 147 1
> 7381 1943 -192 -246 -32 2
> 9505 2297 -528 -194 -165 2
! -80989 43118 0
! -75585 56662 200
> 10365 2445 -286 -307 174 2
> 8282 2199 161 155 147 1
> 7381 1943 -192 -246 -32 2
> 9505 2297 -528 -194 -165 2
! 17084 -476 0 sims=225218 BLOCKER
! -154 -291 SHIELD sims=225218 RUNNER
> 10079 2138 -243 -260 156 2
> 8256 2472 -392 406 147 1
> 7189 1697 -163 -209 -14 2
> 8979 2102 -410 -183 -165 0
! -81275 42811 200
! -88336 28353 0
> 10079 2138 -243 -260 156 2
> 8256 2472 -392 406 147 1
> 7189 1697 -163 -209 -14 2
> 8979 2102 -410 -183 -165 0
! 17165 2395 200 sims=265783 BLOCKER
! -1007 2625 0 sims=265783 RUNNER
> 9653 1959 -361 -151 156 0
> 7864 2878 -333 345 165 1
> 7226 1502 31 -165 4 2
> 8569 1919 -348 -155 177 0
! -64661 68872 200
! -91998 -2355 0
> 9653 1959 -361 -151 156 0
> 7864 2878 -333 345 165 1
> 7226 1502 31 -165 4 2
> 8569 1919 -348 -155 177 0
! 16498 5248 200 sims=261737 BLOCKER
! -767 5503 0 sims=261737 RUNNER
> 9143 1942 -433 -14 138 0
> 7531 3223 -283 293 -177 1
> 7442 1412 183 -76 22 2
> 8221 1764 -295 -131 159 0
! -65171 68855 200
! -85827 -32613 0
> 9143 1942 -433 -14 138 0
> 7531 3223 -283 293 -177 1
> 7442 1412 183 -76 22 2
> 8221 1764 -295 -131 159 0
! 15102 7840 200 sims=253127 BLOCKER
! 450 8057 0 sims=253127 RUNNER
> 9205 2224 210 279 138 0
> 7248 3516 -240 249 -159 1
> 7205 1190 -344 -282 40 2
> 7855 1745 -325 37 141 0
! -82149 42897 200
! -70466 -59415 0
> 9205 2224 210 279 138 0
> 7248 3516 -240 249 -159 1
> 7205 1190 -344 -282 40 2
> 7855 1745 -325 37 141 0
! 12504 9670 200 sims=269682 BLOCKER
! 2409 10132 0 sims=269682 RUNNER
> 9232 2584 23 306 156 0
> 7008 3765 -204 211 -141 1
> 6967 1078 -202 -95 58 2
> 7530 1782 -276 31 123 0
! -82122 43257 200
! -47455 -80102 0
> 9232 2584 23 306 156 0
> 7008 3765 -204 211 -141 1
> 6967 1078 -202 -95 58 2
> 7530 1782 -276 31 123 0
! 9386 10781 200 sims=246225 BLOCKER
! 4942 11441 200 sims=246225 RUNNER
> 9072 2971 -135 329 156 0
> 6804 3976 -173 179 -123 1
> 6813 1177 -130 84 76 2
> 7202 2006 -278 190 105 0
! -82282 43644 200
! -19078 -92616 200
> 9072 2971 -135 329 156 0
> 6804 3976 -173 179 -123 1
> 6813 1177 -130 84 76 2
> 7202 2006 -278 190 105 0
! 6115 11153 200 sims=240772 BLOCKER
! 4614 11665 200 sims=240772 RUNNER
> 8754 3381 -270 348 156 0
> 6579 3962 -191 -12 -105 1
> 6669 1461 -122 240 94 2
> 6872 2389 -280 325 105 0
! -90698 13833 200
! 11812 -95900 0
> 8754 3381 -270 348 156 0
> 6579 3962 -191 -12 -105 1
> 6669 1461 -122 240 94 2
> 6872 2389 -280 325 105 0
! 2923 10733 0 sims=236866 BLOCKER
! 4284 12048 200 sims=236866 RUNNER
> 8285 3750 -398 313 174 0
> 6388 3950 -162 -10 -87 1
> 6547 1701 -103 204 112 2
> 6540 2907 -281 440 105 0
! -89529 -17041 200
! 11621 -95912 SHIELD
> 8285 3750 -398 313 174 0
> 6388 3950 -162 -10 -87 1
> 6547 1701 -103 204 112 2
> 6540 2907 -281 440 105 0
! 2801 10973 200 sims=221144 BLOCKER
! 3952 12566 SHIELD sims=221144 RUNNER
> 7691 4021 -504 230 -168 0
> 6204 4146 -179 380 -87 1
> 6369 2090 -151 331 112 2
> 6281 3141 -196 -14 105 0
! -78911 -45978 200
! 11437 -95716 0
> 7691 4021 -504 230 -168 0
> 6204 4146 -179 380 -87 1
> 6369 2090 -151 331 112 2
> 6281 3141 -196 -14 105 0
! 2623 11362 SHIELD sims=248647 BLOCKER
! 6804 13127 0 sims=248647 RUNNER
> 7014 4151 -575 110 -150 0
> 6025 4526 -152 323 -87 1
> 6220 2406 -120 230 112 2
> 6062 3274 -245 498 87 0
! -90800 -16640 200
! -19857 -92066 SHIELD
> 7014 4151 -575 110 -150 0
> 6025 4526 -152 323 -87 1
> 6220 2406 -120 230 112 2
> 6062 3274 -245 498 87 0
! 5522 12382 0 sims=282268 BLOCKER
! 6585 13260 SHIELD sims=282268 RUNNER
> 6605 4291 392 393 -168 0
> 5859 4862 -161 304 -105 1
> 6100 2636 -102 195 94 2
> 5795 3752 -280 360 87 0
! -91209 -16500 200
! -48604 -79005 200
> 6605 4291 392 393 -168 0
> 5859 4862 -161 304 -105 1
> 6100 2636 -102 195 94 2
> 5795 3752 -280 360 87 0
! 5402 12612 0 sims=229719 BLOCKER
! 9379 13088 0 sims=229719 RUNNER
> 6801 4642 166 298 -168 0
> 5698 5166 -136 258 -123 1
> 5998 2831 -86 165 94 2
> 5515 4112 -238 306 69 0
! -91013 -16149 200
! -20184 -91426 0
> 6801 4642 166 298 -168 0
> 5698 5166 -136 258 -123 1
> 5998 2831 -86 165 94 2
> 5515 4112 -238 306 69 0
! 5300 12807 0 sims=219947 BLOCKER
! 9099 13448 0 sims=219947 RUNNER
> 6771 4898 -25 217 -168 0
> 5562 5424 -115 219 -105 1
> 5912 2996 -73 140 94 2
> 5277 4418 -202 260 69 0
! -91043 -15893 BOOST
! 10795 -94438 0
> 6771 4898 -25 217 -168 0
> 5562 5424 -115 219 -105 1
> 5912 2996 -73 140 94 2
> 5277 4418 -202 260 69 0
! 5214 12972 200 sims=194537 BLOCKER
! 11570 12189 0 sims=194537 RUNNER
> 6110 4980 -561 69 -168 0
> 5447 5643 -97 186 -87 1
> 5825 3336 -73 288 94 2
> 5075 4678 -171 221 51 1
! -80492 -45019 SHIELD
! 41283 -87715 SHIELD
> 6110 4980 -561 69 -168 0
> 5447 5643 -97 186 -87 1
> 5825 3336 -73 288 94 2
> 5075 4678 -171 221 51 1
! 8244 13039 200 sims=253449 BLOCKER
! 11368 12449 SHIELD sims=253449 RUNNER
> 5683 5084 -134 147 -150 0
> 5350 5829 -82 158 -69 1
> 5800 3818 -20 409 76 2
> 4770 4864 -487 99 51 1
! -80919 -44915 0
! 41186 -87529 0
> 5683 5084 -134 147 -150 0
> 5350 5829 -82 158 -69 1
> 5800 3818 -20 409 76 2
> 4770 4864 -487 99 51 1
! 11099 12298 200 sims=289296 BLOCKER
! 13157 10310 0 sims=289296 RUNNER
> 5549 5231 -113 124 -150 1
> 5268 5987 -69 134 -69 1
> 5886 4397 73 491 58 2
> 4283 4963 -413 84 33 1
! -61364 -69083 0
! 41104 -87371 0
> 5549 5231 -113 124 -150 1
> 5268 5987 -69 134 -69 1
> 5886 4397 73 491 58 2
> 4283 4963 -413 84 33 1
! 13546 10825 200 sims=290297 BLOCKER
! 13942 7551 0 sims=290297 RUNNER
> 5400 5338 -141 76 -132 1
> 5152 6256 -122 299 -69 1
> 6195 4899 302 369 40 2
> 3870 5047 -351 71 15 1
! -35273 -86016 0
! 68083 -71458 0
> 5400 5338 -141 76 -132 1
> 5152 6256 -122 299 -69 1
> 6195 4899 302 369 40 2
> 3870 5047 -351 71 15 1
! 15467 8645 200 sims=301679 BLOCKER
! 13856 4524 0 sims=301679 RUNNER
> 5259 5414 -119 64 -114 1
> 5030 6555 -103 254 -51 1
> 6682 5343 414 377 22 2
> 3519 5118 -298 60 -3 1
! -5193 -94038 0
! 88897 -47908 200
> 5259 5414 -119 64 -114 1
> 5030 6555 -103 254 -51 1
> 6682 5343 414 377 22 2
> 3519 5118 -298 60 -3 1
! 16658 6041 200 sims=294742 BLOCKER
! 13178 7706 200 sims=294742 RUNNER
> 5140 5478 -101 54 -96 1
> 5095 6700 55 123 -33 1
> 7296 5734 521 332 4 2
> 3414 5230 -89 94 15 1
! 25931 -92336 0
! 101687 -19182 200
> 5140 5478 -101 54 -96 1
> 5095 6700 55 123 -33 1
> 7296 5734 521 332 4 2
> 3414 5230 -89 94 15 1
! 16999 3315 0 sims=302491 BLOCKER
! 13400 4707 200 sims=302491 RUNNER
> 5039 5532 -85 45 -78 1
> 5343 6771 210 60 -15 1
> 7817 6066 442 282 -14 2
> 3525 5314 94 71 -3 1
! 55038 -81070 0
! 89209 -47693 0
> 5039 5532 -85 45 -78 1
> 5343 6771 210 60 -15 1
> 7817 6066 442 282 -14 2
> 3525 5314 94 71 -3 1
! 16297 767 0 sims=297297 BLOCKER
! 13511 4791 200 sims=297297 RUNNER
> 4954 5577 -72 38 -60 1
> 5553 6831 178 51 -33 1
> 8259 6348 375 239 -32 2
> 3819 5375 249 51 -3 1
! 79268 -61336 0
! 102145 -19051 200
> 4954 5577 -72 38 -60 1
> 5553 6831 178 51 -33 1
> 8259 6348 375 239 -32 2
> 3819 5375 249 51 -3 1
! 14687 -1312 0 sims=286097 BLOCKER
! 13155 1791 200 sims=286097 RUNNER
> 4999 5653 315 153 -42 1
> 5924 6830 315 0 -15 1
> 8634 6587 318 203 -50 2
> 4138 5317 -6 -138 -21 1
! 96353 -35020 200
! 102516 -19052 0
> 4999 5653 315 153 -42 1
> 5924 6830 315 0 -15 1
> 8634 6587 318 203 -50 2
> 4138 5317 -6 -138 -21 1
! 17114 1288 0 sims=287539 BLOCKER
! 14124 4794 200 sims=287539 RUNNER
> 5497 5725 423 60 -24 1
> 6239 6830 267 0 -15 1
> 8952 6790 270 172 -32 2
> 4332 5169 164 -126 -3 1
! 104949 -4727 200
! 90105 -47634 0
> 5497 5725 423 60 -24 1
> 6239 6830 267 0 -15 1
> 8952 6790 270 172 -32 2
> 4332 5169 164 -126 -3 1
! 15380 -870 0 sims=275282 BLOCKER
! 13991 7757 200 sims=275282 RUNNER
> 6119 5764 528 33 -6 1
> 6506 6830 226 0 -33 1
> 9222 6962 229 146 -50 2
> 4689 5095 303 -63 15 1
! 103933 26555 200
! 90372 -47634 0
> 6119 5764 528 33 -6 1
> 6506 6830 226 0 -33 1
> 9222 6962 229 146 -50 2
> 4689 5095 303 -63 15 1
! 12968 -2310 0 sims=269031 BLOCKER
! 14348 7683 200 sims=269031 RUNNER
> 6843 5839 615 63 12 1
> 6732 6830 192 0 -33 1
> 9451 7108 194 124 -68 2
> 5185 5084 421 -9 15 1
! 93445 55838 200
! 90598 -47634 200
> 6843 5839 615 63 12 1
> 6732 6830 192 0 -33 1
> 9451 7108 194 124 -68 2
> 5185 5084 421 -9 15 1
! 10149 -2868 200 sims=258055 BLOCKER
! 14844 7672 200 sims=258055 RUNNER
> 7631 6002 669 138 30 1
> 7092 6721 305 -92 -33 1
> 9659 7032 176 -64 -86 2
> 5799 5127 522 36 15 1
! 105445 26793 200
! 90958 -47743 200
> 7631 6002 669 138 30 1
> 7092 6721 305 -92 -33 1
> 9659 7032 176 -64 -86 2
> 5799 5127 522 36 15 1
! 7240 -2671 200 sims=264873 BLOCKER
! 14186 10573 200 sims=264873 RUNNER
> 8496 6182 734 152 12 1
> 7565 6520 401 -170 -33 1
> 9787 6774 108 -219 -104 2
> 6489 5272 586 123 33 1
! 107948 -4270 SHIELD
! 70496 -71194 0
> 8496 6182 734 152 12 1
> 7565 6520 401 -170 -33 1
> 9787 6774 108 -219 -104 2
> 6489 5272 586 123 33 1
! 7368 -2929 SHIELD sims=256991 BLOCKER
! 16148 7860 200 sims=256991 RUNNER
> 9136 6300 52 -77 -6 1
> 7966 6350 340 -144 -51 1
> 9989 6589 663 20 -104 2
> 7268 5447 662 148 15 1
! 100490 -34373 0
! 91833 -48113 SHIELD
> 9136 6300 52 -77 -6 1
> 7966 6350 340 -144 -51 1
> 9989 6589 663 20 -104 2
> 7268 5447 662 148 15 1
! 10687 -3387 0 sims=276682 BLOCKER
! 15655 10893 0 sims=276682 RUNNER
> 9188 6223 44 -65 -24 1
> 8314 6219 324 -68 -33 1
> 10652 6609 563 17 -86 2
> 7847 5469 205 -417 33 1
! 83502 -60690 SHIELD
! 71245 -71495 0
> 9188 6223 44 -65 -24 1
> 8314 6219 324 -68 -33 1
> 10652 6609 563 17 -86 2
> 7847 5469 205 -417 33 1
! 11350 -3367 0 sims=258265 BLOCKER
! 14140 13240 200 sims=258265 RUNNER
> 9269 6158 80 -54 -42 1
> 8264 6149 -157 -60 -51 1
> 11215 6626 478 14 -86 2
> 8178 5207 281 -222 51 1
! 100623 -34515 0
! 92131 -48314 0
> 9269 6158 80 -54 -42 1
> 8264 6149 -157 -60 -51 1
> 11215 6626 478 14 -86 2
> 8178 5207 281 -222 51 1
! 8796 -3077 0 sims=287889 BLOCKER
! 16565 10653 200 sims=287889 RUNNER
> 9349 6104 68 -45 -24 1
> 8107 6089 -133 -51 -33 1
> 11693 6640 406 11 -104 2
> 8627 5094 381 -96 33 1
! 83663 -60809 200
! 104699 -19793 0
> 9349 6104 68 -45 -24 1
> 8107 6089 -133 -51 -33 1
> 11693 6640 406 11 -104 2
> 8627 5094 381 -96 33 1
! 6394 -1840 200 sims=264383 BLOCKER
! 14920 12865 200 sims=264383 RUNNER
> 9417 6059 57 -38 -42 1
> 7974 6038 -113 -43 -15 1
> 11993 6481 255 -134 -122 2
> 9134 5153 430 50 51 1
! 83731 -60854 SHIELD
! 104566 -19844 200
> 9417 6059 57 -38 -42 1
> 7974 6038 -113 -43 -15 1
> 11993 6481 255 -134 -122 2
> 9134 5153 430 50 51 1
! 4333 53 200 sims=258671 BLOCKER
! 12718 14489 0 sims=258671 RUNNER
> 9474 6021 48 -32 -42 1
> 8054 5943 68 -80 -15 1
> 12095 6218 86 -223 -140 2
> 9564 5203 365 42 69 1
! 59473 -80581 200
! 104646 -19939 200
> 9474 6021 48 -32 -42 1
> 8054 5943 68 -80 -15 1
> 12095 6218 86 -223 -140 2
> 9564 5203 365 42 69 1
! 2823 2472 200 sims=253918 BLOCKER
! 13148 14539 200 sims=253918 RUNNER
> 9490 6178 10 153 -60 1
> 8315 5811 222 -111 -15 1
> 11996 5920 -84 -253 -158 2
> 10033 5243 401 13 69 1
! 83804 -60735 0
! 104907 -20071 200
> 9490 6178 10 153 -60 1
> 8315 5811 222 -111 -15 1
> 11996 5920 -84 -253 -158 2
> 10033 5243 401 13 69 1
! 2020 5222 200 sims=254282 BLOCKER
! 13617 14579 200 sims=254282 RUNNER
> 9500 6331 8 130 -42 1
> 8730 5648 352 -138 -15 1
> 11712 5653 -240 -226 -176 2
> 10506 5443 401 169 69 1
! 83814 -60582 0
! 108592 10881 200
> 9500 6331 8 130 -42 1
> 8730 5648 352 -138 -15 1
> 11712 5653 -240 -226 -176 2
> 10506 5443 401 169 69 1
! 1736 4955 SHIELD sims=241038 BLOCKER
! 16799 13214 200 sims=241038 RUNNER
> 9508 6461 6 110 -42 1
> 9282 5520 468 -108 3 1
> 11531 5421 -95 -203 -176 2
> 10441 5830 -634 390 51 1
! 59507 -80141 0
! 102640 41356 200
> 9508 6461 6 110 -42 1
> 9282 5520 468 -108 3 1
> 11531 5421 -95 -203 -176 2
> 10441 5830 -634 390 51 1
! 1828 7840 0 sims=270438 BLOCKER
! 16734 13601 SHIELD sims=270438 RUNNER
> 9037 6940 -778 699 -60 1
> 9270 4980 -394 -749 21 1
> 11436 5218 -80 -172 -194 2
> 9921 6234 -365 342 51 1
! 83351 -59973 200
! 86984 67912 200
> 9037 6940 -778 699 -60 1
> 9270 4980 -394 -749 21 1
> 11436 5218 -80 -172 -194 2
> 9921 6234 -365 342 51 1
! 2956 10517 0 sims=315343 BLOCKER
! 13505 15570 0 sims=315343 RUNNER
> 8408 7505 -534 480 -42 1
> 9031 4357 -202 -529 39 1
> 11356 5046 -68 -146 -212 2
> 9556 6576 -310 290 69 1
! 82722 -59408 200
! 63494 88224 200
> 8408 7505 -534 480 -42 1
> 9031 4357 -202 -529 39 1
> 11356 5046 -68 -146 -212 2
> 9556 6576 -310 290 69 1
! 4928 12706 0 sims=300174 BLOCKER
! 15849 14347 0 sims=300174 RUNNER
> 8023 7851 -327 294 -42 1
> 8938 3996 -79 -307 57 1
> 11288 4900 -57 -124 -230 2
> 9246 6866 -263 246 51 1
! 82337 -59062 200
! 34819 100588 200
> 8023 7851 -327 294 -42 1
> 8938 3996 -79 -307 57 1
> 11288 4900 -57 -124 -230 2
> 9246 6866 -263 246 51 1
! 7542 14172 0 sims=292705 BLOCKER
! 17633 12312 0 sims=292705 RUNNER
> 7845 8011 -151 136 -42 1
> 8911 3882 -23 -96 75 1
> 11231 4776 -48 -105 -248 2
> 8983 7112 -223 209 33 1
! 57844 -78591 200
! 63374 87749 200
> 7845 8011 -151 136 -42 1
> 8911 3882 -23 -96 75 1
> 11231 4776 -48 -105 -248 2
> 8983 7112 -223 209 33 1
! 10533 14752 0 sims=281435 BLOCKER
! 18642 9700 0 sims=281435 RUNNER
> 7794 7974 -43 -31 -60 1
> 8997 3954 73 60 57 1
> 11183 4671 -40 -89 94 2
> 8760 7321 -189 177 15 1
! 57793 -78628 200
! 63460 87821 200
> 7794 7974 -43 -31 -60 1
> 8997 3954 73 60 57 1
> 11183 4671 -40 -89 94 2
> 8760 7321 -189 177 15 1
! 13602 14374 0 sims=273427 BLOCKER
! 18746 6798 0 sims=273427 RUNNER
> 7823 7781 -244 -53 -60 1
> 9179 4182 154 193 57 1
> 11143 4582 -34 -75 76 2
> 8599 7486 132 30 -3 1
! 82137 -59132 200
! 63642 88049 200
> 7823 7781 -244 -53 -60 1
> 9179 4182 154 193 57 1
> 11143 4582 -34 -75 76 2
> 8599 7486 132 30 -3 1
! 10445 14558 0 sims=257551 BLOCKER
! 17935 3902 200 sims=257551 RUNNER
> 7728 7594 -81 -158 -42 1
> 9442 4543 223 306 57 1
> 11109 4507 -28 -63 94 2
> 8918 7444 270 -35 -21 1
! 99082 -33079 200
! 35323 101135 200
> 7728 7594 -81 -158 -42 1
> 9442 4543 223 306 57 1
> 11109 4507 -28 -63 94 2
> 8918 7444 270 -35 -21 1
! 7363 13779 200 sims=254471 BLOCKER
! 16689 1151 0 sims=254471 RUNNER
> 7830 7355 86 -203 -24 1
> 9717 5042 233 424 75 1
> 11006 4629 -87 104 112 2
> 9188 7409 229 -29 -39 1
! 107282 -3097 200
! 4483 104904 200
> 7830 7355 86 -203 -24 1
> 9717 5042 233 424 75 1
> 11006 4629 -87 104 112 2
> 9188 7409 229 -29 -39 1
! 7260 13901 200 sims=240142 BLOCKER
! 18524 3825 0 sims=240142 RUNNER
> 8115 7131 242 -190 -6 1
> 9940 5666 189 530 93 1
> 10844 4918 -137 246 112 2
> 9417 7380 194 -24 -21 1
! 105929 27922 200
! -25896 99024 200
> 8115 7131 242 -190 -6 1
> 9940 5666 189 530 93 1
> 10844 4918 -137 246 112 2
> 9417 7380 194 -24 -21 1
! 4416 12578 200 sims=238994 BLOCKER
! 17188 1087 0 sims=238994 RUNNER
> 8553 6983 371 -126 12 1
> 10057 6383 99 609 111 1
> 10578 5317 -225 339 130 2
> 9611 7356 164 -20 -39 1
! 108005 -3469 200
! -52874 84097 200
> 8553 6983 371 -126 12 1
> 10057 6383 99 609 111 1
> 10578 5317 -225 339 130 2
> 9611 7356 164 -20 -39 1
! 6832 14589 0 sims=240877 BLOCKER
! 15057 -1031 0 sims=240877 RUNNER
> 9123 6836 484 -124 -6 1
> 10274 6696 292 65 129 1
> 10353 5656 -191 288 112 2
> 9531 7787 -176 566 -57 1
! 100477 -33837 0
! -73593 61159 SHIELD
> 9123 6836 484 -124 -6 1
> 10274 6696 292 65 129 1
> 10353 5656 -191 288 112 2
> 9531 7787 -176 566 -57 1
! 9655 15632 200 sims=264054 BLOCKER
! 14977 -600 200 sims=264054 RUNNER
> 9607 6712 411 -105 -24 1
> 10571 6775 260 91 147 1
> 10101 6001 -293 54 94 2
> 9464 8185 -57 338 -57 1
! 83921 -60201 SHIELD
! -86021 32656 0
> 9607 6712 411 -105 -24 1
> 10571 6775 260 91 147 1
> 10101 6001 -293 54 94 2
> 9464 8185 -57 338 -57 1
! 9403 15977 SHIELD sims=248094 BLOCKER
! 12052 -1474 0 sims=248094 RUNNER
> 9801 6978 138 272 -42 1
> 10831 6866 221 77 165 1
> 10025 5684 -37 -315 94 2
> 9407 8523 -48 287 -75 1
! 59800 -79624 0
! -85761 32747 0
> 9801 6978 138 272 -42 1
> 10831 6866 221 77 165 1
> 10025 5684 -37 -315 94 2
> 9407 8523 -48 287 -75 1
! 6279 14956 0 sims=293762 BLOCKER
! 11995 -1136 200 sims=293762 RUNNER
> 9939 7250 117 231 -60 1
> 11052 6943 187 65 165 1
> 9988 5369 -31 -267 112 2
> 9411 8617 3 79 -75 1
! 59938 -79352 0
! -88810 1709 0
> 9939 7250 117 231 -60 1
> 11052 6943 187 65 165 1
> 9988 5369 -31 -267 112 2
> 9411 8617 3 79 -75 1
! 3560 13029 0 sims=293951 BLOCKER
! 14857 230 200 sims=293951 RUNNER
> 10056 7481 99 196 -60 1
> 11239 7008 158 55 -177 1
> 9957 5102 -26 -226 130 2
> 9523 8528 95 -75 -57 1
! 30847 -90333 0
! -82119 -28828 0
> 10056 7481 99 196 -60 1
> 11239 7008 158 55 -177 1
> 9957 5102 -26 -226 130 2
> 9523 8528 95 -75 -57 1
! 1477 10401 0 sims=265377 BLOCKER
! 14969 141 200 sims=265377 RUNNER
> 10186 7630 283 -133 -78 1
> 11397 7063 134 46 -159 1
> 9931 4876 -22 -192 148 2
> 9696 8332 -25 93 -57 1
! 60185 -78972 200
! -88465 1829 200
> 10186 7630 283 -133 -78 1
> 11397 7063 134 46 -159 1
> 9931 4876 -22 -192 148 2
> 9696 8332 -25 93 -57 1
! 228 7295 0 sims=251216 BLOCKER
! 15142 -55 200 sims=251216 RUNNER
> 10564 7325 -104 -132 -60 1
> 11336 7097 373 -97 -177 1
> 9909 4684 -18 -163 166 2
> 9780 8257 71 -63 -57 1
! 84878 -59588 200
! -88526 1863 0
> 10564 7325 -104 -132 -60 1
> 11336 7097 373 -97 -177 1
> 9909 4684 -18 -163 166 2
> 9780 8257 71 -63 -57 1
! -67 3986 0 sims=271817 BLOCKER
! 15226 -130 200 sims=271817 RUNNER
> 10609 7059 37 -225 -42 1
> 11709 7000 317 -82 -177 1
> 9891 4521 -15 -138 184 2
> 9960 8026 152 -196 -57 1
! 60608 -79543 200
! -88153 1766 200
> 10609 7059 37 -225 -42 1
> 11709 7000 317 -82 -177 1
> 9891 4521 -15 -138 184 2
> 9960 8026 152 -196 -57 1
! 619 775 0 sims=270263 BLOCKER
! 17731 1733 200 sims=270263 RUNNER
> 10746 6661 116 -338 -60 1
> 11826 6908 99 -78 -177 1
> 9876 4383 -12 -117 -158 2
> 10267 7704 261 -273 -39 1
! 31537 -91153 200
! -88036 1674 200
> 10746 6661 116 -338 -60 1
> 11826 6908 99 -78 -177 1
> 9876 4383 -12 -117 -158 2
> 10267 7704 261 -273 -39 1
! -100 3685 0 sims=256354 BLOCKER
! 18038 1411 200 sims=256354 RUNNER
> 10904 6127 133 -453 -78 2
> 11725 6820 -85 -75 -177 1
> 9864 4266 -10 -99 -176 2
> 10683 7305 353 -339 -39 1
! 451 -93325 200
! -84867 32701 SHIELD
> 10904 6127 133 -453 -78 2
> 11725 6820 -85 -75 -177 1
> 9864 4266 -10 -99 -176 2
> 10683 7305 353 -339 -39 1
! 592 520 0 sims=291060 BLOCKER
! 18454 1012 SHIELD sims=291060 RUNNER
> 11016 5475 95 -554 -96 2
> 11786 6685 325 -226 165 1
> 9854 4167 -8 -84 -158 2
> 10890 7026 -97 -125 -39 1
! -29657 -85879 200
! -72081 61148 200
> 11016 5475 95 -554 -96 2
> 11786 6685 325 -226 165 1
> 9854 4167 -8 -84 -158 2
> 10890 7026 -97 -125 -39 1
! 2194 -2261 0 sims=286825 BLOCKER
! 20226 3442 0 sims=286825 RUNNER
> 11030 4738 11 -626 -114 2
> 12111 6459 276 -192 147 1
> 9846 4083 -6 -71 -140 2
> 10793 6901 -82 -106 -21 1
! -55883 -69576 0
! -50821 84173 200
> 11030 4738 11 -626 -114 2
> 12111 6459 276 -192 147 1
> 9846 4083 -6 -71 -140 2
> 10793 6901 -82 -106 -21 1
! 4547 -4397 200 sims=282485 BLOCKER
! 20129 3317 0 sims=282485 RUNNER
> 11041 4112 9 -532 -132 2
> 12387 6267 234 -163 129 1
> 9734 3842 -95 -204 -122 2
> 10711 6795 -69 -90 -21 1
! -75561 -45887 0
! -71480 60730 0
> 11041 4112 9 -532 -132 2
> 12387 6267 234 -163 129 1
> 9734 3842 -95 -204 -122 2
> 10711 6795 -69 -90 -21 1
! 7315 -5861 0 sims=262717 BLOCKER
! 18482 502 0 sims=262717 RUNNER
> 11050 3580 7 -452 -150 2
> 12621 6104 198 -138 147 1
> 9639 3638 -80 -173 -104 2
> 10642 6705 -58 -76 -39 1
! -86764 -17211 200
! -83971 31985 200
> 11050 3580 7 -452 -150 2
> 12621 6104 198 -138 147 1
> 9639 3638 -80 -173 -104 2
> 10642 6705 -58 -76 -39 1
! 10337 -6338 0 sims=254198 BLOCKER
! 18413 412 200 sims=254198 RUNNER
> 10861 3086 -160 -419 -168 2
> 12626 6018 4 -73 165 1
> 9559 3465 -68 -147 -86 2
> 10739 6503 82 -171 -39 1
! -88591 13538 200
! -87236 784 0
> 10861 3086 -160 -419 -168 2
> 12626 6018 4 -73 165 1
> 9559 3465 -68 -147 -86 2
> 10739 6503 82 -171 -39 1
! 13305 -5807 200 sims=226660 BLOCKER
! 16185 -1884 0 sims=226660 RUNNER
> 10502 2688 -305 -338 174 2
> 12630 5945 3 -62 -177 1
> 9566 3133 5 -282 -68 2
> 10821 6332 69 -145 -57 1
! -80852 43361 200
! -80728 -29891 200
> 10502 2688 -305 -338 174 2
> 12630 5945 3 -62 -177 1
> 9566 3133 5 -282 -68 2
> 10821 6332 69 -145 -57 1
! 15994 -4527 200 sims=245805 BLOCKER
! 13409 -3327 200 sims=245805 RUNNER
> 10364 2244 58 -472 156 2
> 12446 5811 -156 -113 -159 1
> 9350 2885 -359 -115 -50 2
> 10942 5994 102 -287 -75 2
! -63950 69157 200
! -87416 577 0
> 10364 2244 58 -472 156 2
> 12446 5811 -156 -113 -159 1
> 9350 2885 -359 -115 -50 2
> 10942 5994 102 -287 -75 2
! 17830 -2414 200 sims=249228 BLOCKER
! 10419 -3992 0 sims=249228 RUNNER
> 10273 1906 -77 -287 138 2
> 12290 5698 -132 -96 -177 1
> 9161 2664 -160 -187 -32 2
> 11044 5707 86 -243 -93 2
! -39726 88508 200
! -81068 -30138 200
> 10273 1906 -77 -287 138 2
> 12290 5698 -132 -96 -177 1
> 9161 2664 -160 -187 -32 2
> 11044 5707 86 -243 -93 2
! 17641 -2635 200 sims=244188 BLOCKER
! 7460 -3629 200 sims=244188 RUNNER
> 10096 1792 -150 -96 120 2
> 11971 5530 -270 -142 -159 1
> 9171 2371 8 -249 -32 0
> 11058 5277 12 -365 -111 2
! -39903 88394 200
! -81387 -30306 0
> 10096 1792 -150 -96 120 2
> 11971 5530 -270 -142 -159 1
> 9171 2371 8 -249 -32 0
> 11058 5277 12 -365 -111 2
! 18874 -48 200 sims=246183 BLOCKER
! 7474 -4059 200 sims=246183 RUNNER
> 10097 1729 215 -174 120 2
> 11701 5388 -229 -120 -159 1
> 9122 2214 -256 -12 -14 0
> 10998 4725 -50 -468 -111 2
! -39902 88331 200
! -66013 -57543 200
> 10097 1729 215 -174 120 2
> 11701 5388 -229 -120 -159 1
> 9122 2214 -256 -12 -14 0
> 10998 4725 -50 -468 -111 2
! 18825 -205 200 sims=257348 BLOCKER
! 4705 -3046 200 sims=257348 RUNNER
> 10212 1728 97 0 120 2
> 11317 5142 -326 -208 -141 1
> 9060 2154 -52 -51 -14 0
> 10822 4102 -149 -529 -129 2
! -10579 99542 0
! -43146 -78725 0
> 10212 1728 97 0 120 2
> 11317 5142 -326 -208 -141 1
> 9060 2154 -52 -51 -14 0
> 10822 4102 -149 -529 -129 2
! 19036 2852 200 sims=229159 BLOCKER
! 2435 -1344 200 sims=229159 RUNNER
> 10309 1728 82 0 102 2
> 10991 4934 -277 -176 -123 1
> 9208 2117 125 -31 4 0
> 10505 3464 -269 -542 -147 2
! -39690 88330 0
! -43472 -78933 200
> 10309 1728 82 0 102 2
> 10991 4934 -277 -176 -123 1
> 9208 2117 125 -31 4 0
> 10505 3464 -269 -542 -147 2
! 18911 -302 200 sims=246953 BLOCKER
! 4212 -4307 0 sims=246953 RUNNER
> 10391 1728 69 0 120 2
> 10605 4590 -328 -292 -123 1
> 9527 2038 271 -67 -14 0
> 10236 2922 -228 -460 -129 2
! -63923 68641 0
! -15277 -92002 200
> 10391 1728 69 0 120 2
> 10605 4590 -328 -292 -123 1
> 9527 2038 271 -67 -14 0
> 10236 2922 -228 -460 -129 2
! 19503 2736 200 sims=182518 BLOCKER
! 3943 -4849 200 sims=182518 RUNNER
> 10716 1627 369 -122 138 2
> 10225 4105 -322 -412 -105 1
> 9449 1634 -299 -524 4 0
> 10174 2759 87 78 -129 2
! -80638 42300 200
! -15656 -92487 200
> 10716 1627 369 -122 138 2
> 10225 4105 -322 -412 -105 1
> 9449 1634 -299 -524 4 0
> 10174 2759 87 78 -129 2
! 18721 5380 200 sims=214767 BLOCKER
! 1787 -2687 0 sims=214767 RUNNER
> 10902 1586 158 -34 156 2
> 9841 3519 -472 -231 -105 1
> 9335 1185 -96 -381 22 0
> 10271 2818 228 -216 -147 2
! -88550 12038 200
! 15074 -96343 0
> 10902 1586 158 -34 156 2
> 9841 3519 -472 -231 -105 1
> 9335 1185 -96 -381 22 0
> 10271 2818 228 -216 -147 2
! 16995 7613 200 sims=255822 BLOCKER
! 3978 -4953 200 sims=255822 RUNNER
> 10861 1573 -34 -11 174 2
> 9369 3288 -401 -196 -87 1
> 9392 933 48 -214 40 0
> 10373 2447 86 -315 -129 2
! -86953 -19218 0
! 45205 -90070 0
> 10861 1573 -34 -11 174 2
> 9369 3288 -401 -196 -87 1
> 9392 933 48 -214 40 0
> 10373 2447 86 -315 -129 2
! 14691 9413 200 sims=184982 BLOCKER
! 1986 -2999 0 sims=184982 RUNNER
> 10890 1458 112 -243 192 2
> 8968 3092 -340 -166 -69 1
> 9546 889 130 -37 58 0
> 10396 2236 -68 -33 -147 2
! -75712 -48541 0
! 71899 -74622 0
> 10890 1458 112 -243 192 2
> 8968 3092 -340 -166 -69 1
> 9546 889 130 -37 58 0
> 10396 2236 -68 -33 -147 2
! 17206 7317 0 sims=209783 BLOCKER
! 737 -352 0 sims=209783 RUNNER
> 11002 1215 95 -206 -150 2
> 8628 2926 -289 -141 -51 1
> 9676 852 110 -31 40 0
> 10328 2203 -57 -28 -165 2
! -55911 -73099 200
! 92495 -51537 200
> 11002 1215 95 -206 -150 2
> 8628 2926 -289 -141 -51 1
> 9676 852 110 -31 40 0
> 10328 2203 -57 -28 -165 2
! 18948 4598 0 sims=236929 BLOCKER
! 342 2726 200 sims=236929 RUNNER
> 10963 860 -33 -301 -132 2
> 8507 2676 -103 -212 -33 1
> 9786 821 93 -26 22 0
> 10071 2185 -218 -14 177 2
! -75639 -49139 0
! 105099 -23206 BOOST
> 10963 860 -33 -301 -132 2
> 8507 2676 -103 -212 -33 1
> 9786 821 93 -26 22 0
> 10071 2185 -218 -14 177 2
! 17446 7249 0 sims=240457 BLOCKER
! 85 2708 200 sims=240457 RUNNER
> 10930 559 -28 -255 -150 2
> 8867 2333 -384 -133 -15 1
> 9879 795 79 -22 40 0
> 9818 2144 475 -192 177 2
! -86884 -20232 0
! 108729 7566 200
> 10930 559 -28 -255 -150 2
> 8867 2333 -384 -133 -15 1
> 9879 795 79 -22 40 0
> 9818 2144 475 -192 177 2
! 15178 9275 0 sims=225169 BLOCKER
! -168 2667 200 sims=225169 RUNNER
> 10902 304 -23 -216 -168 2
> 8683 2210 -156 -104 3 1
> 9958 773 67 -18 58 0
> 10093 1962 233 -154 177 2
! -88550 10756 200
! 105275 -23671 200
> 10902 304 -23 -216 -168 2
> 8683 2210 -156 -104 3 1
> 9958 773 67 -18 58 0
> 10093 1962 233 -154 177 2
! 12377 10476 0 sims=213710 BLOCKER
! 434 -626 200 sims=213710 RUNNER
> 10680 109 -188 -165 174 2
> 8720 2054 31 -132 -15 1
> 10025 755 56 -15 76 0
> 10133 1756 33 -174 -165 2
! -80674 40782 200
! 105312 -23828 200
> 10680 109 -188 -165 174 2
> 8720 2054 31 -132 -15 1
> 10025 755 56 -15 76 0
> 10133 1756 33 -174 -165 2
! 9327 10731 0 sims=219352 BLOCKER
! 474 -832 200 sims=219352 RUNNER
> 10354 -49 -226 -217 156 2
> 8944 1870 190 -156 -15 1
> 10040 733 -25 -186 94 0
> 9969 1612 -151 128 -165 2
! -63960 66864 0
! 108806 7103 200
> 10354 -49 -226 -217 156 2
> 8944 1870 190 -156 -15 1
> 10040 733 -25 -186 94 0
> 9969 1612 -151 128 -165 2
! 12459 10436 0 sims=233681 BLOCKER
! -17 2135 0 sims=233681 RUNNER
> 10128 -266 -192 -184 138 2
> 9013 1781 -154 -38 3 1
> 10015 547 -21 -158 76 0
> 10139 1684 357 23 177 2
! -39871 86336 200
! 105605 -24100 200
> 10128 -266 -192 -184 138 2
> 9013 1781 -154 -38 3 1
> 10015 547 -21 -158 76 0
> 10139 1684 357 23 177 2
! 9317 10523 0 sims=220689 BLOCKER
! 480 -904 200 sims=220689 RUNNER
> 9855 -459 -230 -184 120 2
> 9052 1691 33 -76 -15 1
> 9975 571 -35 40 94 0
> 10303 1655 139 -24 -165 2
! -10936 97355 200
! 105644 -24191 200
> 9855 -459 -230 -184 120 2
> 9052 1691 33 -76 -15 1
> 9975 571 -35 40 94 0
> 10303 1655 139 -24 -165 2
! 12394 10274 0 sims=204358 BLOCKER
! 1916 -3791 200 sims=204358 RUNNER
> 9583 -447 -230 9 102 2
> 9278 1563 192 -108 -15 1
> 9940 611 -29 34 76 0
> 10274 1522 -24 -112 -147 2
! 20035 99005 200
! 109140 6796 0
> 9583 -447 -230 9 102 2
> 9278 1563 192 -108 -15 1
> 9940 611 -29 34 76 0
> 10274 1522 -24 -112 -147 2
! 9242 10587 0 sims=181412 BLOCKER
! 1887 -3924 SHIELD sims=181412 RUNNER
> 9374 -239 -177 176 84 2
> 9436 1457 -169 -73 3 1
> 9911 645 -24 28 94 0
> 10253 1410 12 -97 -147 2
! 19826 99213 200
! 106028 -24424 200
> 9374 -239 -177 176 84 2
> 9436 1457 -169 -73 3 1
> 9911 645 -24 28 94 0
> 10253 1410 12 -97 -147 2
! 6165 9917 0 sims=183491 BLOCKER
! 594 -1178 0 sims=183491 RUNNER
> 9190 113 -311 170 84 2
> 9460 1332 20 -106 -15 1
> 9869 604 94 44 112 0
> 10311 1405 73 45 -165 2
! 49863 91467 200
! 106052 -24550 200
> 9190 113 -311 170 84 2
> 9460 1332 20 -106 -15 1
> 9869 604 94 44 112 0
> 10311 1405 73 45 -165 2
! 3441 8264 0 sims=217322 BLOCKER
! 652 -1183 0 sims=217322 RUNNER
> 8960 466 -195 299 66 2
> 9575 1350 82 41 -15 1
> 10062 472 178 -138 130 0
> 10384 1450 62 38 -165 2
! 19412 99918 200
! 109437 6583 200
> 8960 466 -195 299 66 2
> 9575 1350 82 41 -15 1
> 10062 472 178 -138 130 0
> 10384 1450 62 38 -165 2
! 1582 5771 200 sims=213038 BLOCKER
! 398 1973 0 sims=213038 RUNNER
> 8786 964 -147 423 84 2
> 9644 1375 45 19 3 1
> 10070 440 7 -27 148 0
> 10658 1515 246 56 177 2
! -12005 98778 200
! 106236 -24506 200
> 8786 964 -147 423 84 2
> 9644 1375 45 19 3 1
> 10070 440 7 -27 148 0
> 10658 1515 246 56 177 2
! 367 2859 200 sims=239477 BLOCKER
! 1322 5099 200 sims=239477 RUNNER
> 8597 1583 -160 525 102 0
> 9882 1342 202 -27 -15 1
> 9883 461 -158 18 166 0
> 10717 1643 50 108 159 2
! -41402 88185 0
! 109744 6575 0
> 8597 1583 -160 525 102 0
> 9882 1342 202 -27 -15 1
> 9883 461 -158 18 166 0
> 10717 1643 50 108 159 2
! 1403 5760 200 sims=237951 BLOCKER
! 731 2166 0 sims=237951 RUNNER
> 8437 2108 -136 446 120 0
> 10084 1315 171 -22 3 1
> 9555 585 -278 105 148 0
> 10767 1751 42 91 177 2
! -65877 69021 200
! 103442 37151 200
> 8437 2108 -136 446 120 0
> 10084 1315 171 -22 3 1
> 9555 585 -278 105 148 0
> 10767 1751 42 91 177 2
! 3127 8245 200 sims=228340 BLOCKER
! 1108 -837 200 sims=228340 RUNNER
> 8152 2688 -241 492 138 0
> 10088 1135 -4 -158 21 1
> 9148 843 -345 219 130 0
> 10970 2020 179 233 -165 2
! -83202 43361 200
! 87802 64067 0
> 8152 2688 -241 492 138 0
> 10088 1135 -4 -158 21 1
> 9148 843 -345 219 130 0
> 10970 2020 179 233 -165 2
! 5402 10115 200 sims=235627 BLOCKER
! 1311 -568 200 sims=235627 RUNNER
> 7728 3261 -360 487 156 0
> 10084 977 -3 -134 39 1
> 8728 1247 -356 343 112 0
> 10956 2201 -12 154 -165 2
! -83626 43934 200
! 64547 84844 200
> 7728 3261 -360 487 156 0
> 10084 977 -3 -134 39 1
> 8728 1247 -356 343 112 0
> 10956 2201 -12 154 -165 2
! 8030 11223 200 sims=271033 BLOCKER
! 1297 -387 200 sims=271033 RUNNER
> 7185 3829 -461 483 156 0
> 10190 1011 90 28 57 1
> 8358 1790 -314 461 94 0
> 10751 2303 -174 86 -165 2
! -84169 44502 200
! 36071 97603 200
> 7185 3829 -461 483 156 0
> 10190 1011 90 28 57 1
> 8358 1790 -314 461 94 0
> 10751 2303 -174 86 -165 2
! 10777 11493 200 sims=268191 BLOCKER
! 1092 -285 200 sims=268191 RUNNER
> 6541 4393 -547 479 156 0
> 10332 1232 120 188 75 1
> 8092 2445 -225 556 76 0
> 10384 2337 -312 29 -165 2
! -92911 14845 0
! 5098 101094 200
> 6541 4393 -547 479 156 0
> 10332 1232 120 188 75 1
> 8092 2445 -225 556 76 0
> 10384 2337 -312 29 -165 2
! 13391 10925 200 sims=277788 BLOCKER
! 725 -251 200 sims=277788 RUNNER
> 5994 4872 -464 407 174 0
> 10442 1620 93 329 93 1
> 7973 3171 -101 616 58 0
> 9879 2314 -429 -19 -165 2
! -91820 -15919 0
! -25394 94978 0
> 5994 4872 -464 407 174 0
> 10442 1620 93 329 93 1
> 7973 3171 -101 616 58 0
> 9879 2314 -429 -19 -165 2
! 15633 9599 200 sims=283325 BLOCKER
! -107 2837 200 sims=283325 RUNNER
