@ 0 YurkovAS
@ 1 reCurse
CP 5
CP 8701 7447
CP 7205 2159
CP 3571 5301
CP 13860 5080
CP 10688 2292
> 8220 7583 0 0 -1 1
> 9182 7311 0 0 -1 1
> 7258 7855 0 0 -1 1
> 10144 7039 0 0 -1 1
! 6828 -2320 BOOST sims=218106 RUNNER
! 6092 -2200 BOOST sims=218106 BLOCKER
> 8220 7583 0 0 -1 1
> 9182 7311 0 0 -1 1
> 7258 7855 0 0 -1 1
> 10144 7039 0 0 -1 1
! 6327 -92140 200
! -12450 -90374 200
> 8130 6939 -76 -547 -98 1
> 8981 6693 -170 -525 -108 1
> 7256 7655 -1 -169 -91 1
> 10099 6844 -38 -165 -103 1
! 9866 -2909 200 sims=255003 RUNNER
! 3103 -1397 200 sims=255003 BLOCKER
> 8130 6939 -76 -547 -98 1
> 8981 6693 -170 -525 -108 1
> 7256 7655 -1 -169 -91 1
> 10099 6844 -38 -165 -103 1
! 36493 -87975 200
! -41404 -78872 200
> 7929 6242 -240 -571 -80 1
> 8853 5959 -38 -644 -126 1
> 7313 7295 48 -306 -73 1
> 9958 6508 -119 -285 -121 1
! 12624 -2587 0 sims=236117 RUNNER
! 763 81 200 sims=236117 BLOCKER
> 7929 6242 -240 -571 -80 1
> 8853 5959 -38 -644 -126 1
> 7313 7295 48 -306 -73 1
> 9958 6508 -119 -285 -121 1
! 36550 -88335 200
! -65513 -59097 200
> 7689 5671 -204 -485 -62 1
> 8653 5197 -169 -647 -144 1
> 7419 6798 90 -422 -73 1
> 9688 6092 -229 -353 -139 1
! 14882 -1276 0 sims=206787 RUNNER
! -858 2107 0 sims=206787 BLOCKER
> 7689 5671 -204 -485 -62 1
> 8653 5197 -169 -647 -144 1
> 7419 6798 90 -422 -73 1
> 9688 6092 -229 -353 -139 1
! 5673 -93186 200
! -82362 -32981 0
> 7485 5186 -173 -412 -44 1
> 8484 4550 -143 -549 -162 1
> 7506 6176 73 -528 -91 1
> 9459 5739 -194 -300 -157 1
! 12180 -3643 0 sims=203938 RUNNER
! -1516 4550 0 sims=203938 BLOCKER
> 7485 5186 -173 -412 -44 1
> 8484 4550 -143 -549 -162 1
> 7506 6176 73 -528 -91 1
> 9459 5739 -194 -300 -157 1
! -25050 -88375 200
! -82591 -33334 0
> 7296 4685 -187 -574 -62 1
> 8341 4001 -121 -466 -180 1
> 7530 5548 46 -384 -109 1
> 9265 5439 -164 -255 -157 1
! 14489 -2262 0 sims=229677 RUNNER
! -1170 7091 0 sims=229677 BLOCKER
> 7296 4685 -187 -574 -62 1
> 8341 4001 -121 -466 -180 1
> 7530 5548 46 -384 -109 1
> 9265 5439 -164 -255 -157 1
! 5784 -94436 200
! -90354 -3276 0
> 7109 4111 -158 -487 -44 1
> 8220 3535 -102 -396 162 1
> 7573 4964 36 -496 -91 1
> 9101 5184 -139 -216 -175 1
! 16097 -273 0 sims=224105 RUNNER
! 130 9413 200 sims=224105 BLOCKER
> 7109 4111 -158 -487 -44 1
> 8220 3535 -102 -396 162 1
> 7573 4964 36 -496 -91 1
> 9101 5184 -139 -216 -175 1
! 5827 -95020 0
! -90518 -3531 200
> 6951 3624 -134 -413 -26 1
> 7956 3257 -224 -236 144 1
> 7609 4468 30 -421 -91 1
> 8763 4951 -287 -198 -175 1
! 16854 2232 200 sims=200025 RUNNER
! 2078 11347 200 sims=200025 BLOCKER
> 6951 3624 -134 -413 -26 1
> 7956 3257 -224 -236 144 1
> 7609 4468 30 -421 -91 1
> 8763 4951 -287 -198 -175 1
! 5863 -95516 200
! -83287 -34122 200
> 6806 3227 -338 -291 -8 1
> 7838 3072 179 -493 126 1
> 7621 3913 -54 -181 -91 1
> 8292 4675 -400 -234 -157 1
! 16709 1835 200 sims=195062 RUNNER
! 1960 11162 200 sims=195062 BLOCKER
> 6806 3227 -338 -291 -8 1
> 7838 3072 179 -493 126 1
> 7621 3913 -54 -181 -91 1
> 8292 4675 -400 -234 -157 1
! 5875 -96071 0
! -67179 -60930 200
> 6666 2908 -118 -271 -8 1
> 7899 2741 52 -281 126 1
> 7448 3547 -240 -456 -91 1
> 7860 4495 -274 -7 -139 1
! 16514 4644 200 sims=210679 RUNNER
! 2021 10831 200 sims=210679 BLOCKER
> 6666 2908 -118 -271 -8 1
> 7899 2741 52 -281 126 1
> 7448 3547 -240 -456 -91 1
> 7860 4495 -274 -7 -139 1
! 36685 -92083 200
! -43643 -81221 200
> 6548 2521 -241 -437 10 1
> 7976 2437 124 -334 126 1
> 7321 3236 -25 -79 -73 1
> 7483 4317 -320 -151 -121 1
! 16396 4257 200 sims=242438 RUNNER
! 2098 10527 200 sims=242438 BLOCKER
> 6548 2521 -241 -437 10 1
> 7976 2437 124 -334 126 1
> 7321 3236 -25 -79 -73 1
> 7483 4317 -320 -151 -121 1
! 5575 -96748 200
! -15012 -93119 0
> 6504 2119 -37 -341 10 1
> 7982 2265 5 -146 126 1
> 7293 2957 -24 -237 -91 1
> 7163 4166 -272 -128 -103 1
! 15333 6814 200 sims=236348 RUNNER
! 4892 11776 200 sims=236348 BLOCKER
> 6504 2119 -37 -341 10 1
> 7982 2265 5 -146 126 1
> 7293 2957 -24 -237 -91 1
> 7163 4166 -272 -128 -103 1
! -25263 -91594 200
! 15878 -95453 200
> 6644 1872 118 -210 28 1
> 7983 2279 112 -45 108 1
> 7146 2561 -236 -279 -109 2
> 6908 3839 -216 -278 -85 1
! 15473 6567 SHIELD sims=263459 RUNNER
! 2105 10369 200 sims=263459 BLOCKER
> 6644 1872 118 -210 28 1
> 7983 2279 112 -45 108 1
> 7146 2561 -236 -279 -109 2
> 6908 3839 -216 -278 -85 1
! -53035 -77302 200
! 45981 -88211 200
> 6721 1601 60 -236 28 1
> 7977 2396 -4 99 126 1
> 7212 2710 302 -135 -127 2
> 6758 3397 -328 -47 -67 1
! 13668 8794 0 sims=288722 RUNNER
! -113 8274 0 sims=288722 BLOCKER
> 6721 1601 60 -236 28 1
> 7977 2396 -4 99 126 1
> 7212 2710 302 -135 -127 2
> 6758 3397 -328 -47 -67 1
! -74703 -54647 SHIELD
! 72363 -72074 200
> 6781 1365 51 -200 46 1
> 8554 2263 528 -128 144 1
> 7456 2598 203 -93 -145 2
> 6561 3199 -167 -168 -49 1
! 11165 10353 0 sims=273189 RUNNER
! 464 8141 200 sims=273189 BLOCKER
> 6781 1365 51 -200 46 1
> 8554 2263 528 -128 144 1
> 7456 2598 203 -93 -145 2
> 6561 3199 -167 -168 -49 1
! -88174 -26639 0
! 72166 -72272 200
> 6832 1165 43 -170 64 1
> 8920 2253 311 -8 144 1
> 7659 2505 172 -79 -163 2
> 6525 2880 -30 -271 -49 1
! 8224 11068 0 sims=279461 RUNNER
! 830 8131 200 sims=279461 BLOCKER
> 6832 1165 43 -170 64 1
> 8920 2253 311 -8 144 1
> 7659 2505 172 -79 -163 2
> 6525 2880 -30 -271 -49 1
! -92325 4250 0
! 72130 -72591 200
> 6875 995 36 -144 82 1
> 9069 2363 126 93 144 1
> 7831 2426 146 -67 -181 2
> 6626 2458 86 -358 -49 1
! 5139 10843 0 sims=278698 RUNNER
! 979 8241 200 sims=278698 BLOCKER
> 6875 995 36 -144 82 1
> 9069 2363 126 93 144 1
> 7831 2426 146 -67 -181 2
> 6626 2458 86 -358 -49 1
! -86720 34982 0
! 45699 -89592 200
> 6911 851 30 -122 100 1
> 9033 2574 -30 178 144 1
> 7977 2359 124 -56 161 2
> 6790 1916 139 -460 -67 2
! 2216 9680 0 sims=272839 RUNNER
! 943 8452 200 sims=272839 BLOCKER
> 6911 851 30 -122 100 1
> 9033 2574 -30 178 144 1
> 7977 2359 124 -56 161 2
> 6790 1916 139 -460 -67 2
! -71886 62540 200
! 15505 -97703 200
> 6961 456 59 -565 118 1
> 8841 2870 -163 251 144 1
> 7941 2423 -30 54 143 2
> 6927 1530 99 -98 -85 2
! -232 7403 200 sims=275100 RUNNER
! 751 8748 200 sims=275100 BLOCKER
> 6961 456 59 -565 118 1
> 8841 2870 -163 251 144 1
> 7941 2423 -30 54 143 2
> 6927 1530 99 -98 -85 2
! -49416 84338 200
! -15568 -95906 0
> 6876 30 -72 -362 136 1
> 8516 3239 -276 313 144 1
> 7796 2641 -123 185 125 2
> 7026 1432 84 -83 -103 2
! 2181 8859 200 sims=284998 RUNNER
! -995 6329 200 sims=284998 BLOCKER
> 6876 30 -72 -362 136 1
> 8516 3239 -276 313 144 1
> 7796 2641 -123 185 125 2
> 7026 1432 84 -83 -103 2
! -72067 62822 200
! -44477 -84284 0
> 6710 -155 -141 -157 118 1
> 8050 3614 -396 318 162 1
> 7513 2946 -240 259 143 2
> 7110 1349 71 -70 -121 2
! -483 6792 200 sims=281834 RUNNER
! -1950 3614 200 sims=281834 BLOCKER
> 6710 -155 -141 -157 118 1
> 8050 3614 -396 318 162 1
> 7513 2946 -240 259 143 2
> 7110 1349 71 -70 -121 2
! -49844 84861 200
! -68361 -64256 0
> 6425 -173 -242 -15 136 1
> 7559 4073 -387 429 180 1
> 7053 3228 -420 199 125 2
> 7181 1279 60 -59 -139 2
! 1730 8656 200 sims=270193 RUNNER
! -1952 983 200 sims=270193 BLOCKER
> 6425 -173 -242 -15 136 1
> 7559 4073 -387 429 180 1
> 7053 3228 -420 199 125 2
> 7181 1279 60 -59 -139 2
! -72810 63409 200
! -84869 -37794 0
> 6089 -11 -285 137 118 1
> 6982 4440 -490 312 -162 1
> 6473 3547 -492 271 143 2
> 7241 1220 51 -50 -157 2
! 4353 9837 0 sims=285110 RUNNER
! -1108 -1438 200 sims=285110 BLOCKER
> 6089 -11 -285 137 118 1
> 6982 4440 -490 312 -162 1
> 6473 3547 -492 271 143 2
> 7241 1220 51 -50 -157 2
! -73390 63728 200
! -92378 -7495 0
> 5804 126 -242 116 100 1
> 6330 4634 -554 165 -144 1
> 5821 3938 -553 332 143 2
> 7292 1170 43 -42 -175 2
! 7196 10029 200 sims=278621 RUNNER
! 452 -3456 200 sims=278621 BLOCKER
> 5804 126 -242 116 100 1
> 6330 4634 -554 165 -144 1
> 5821 3938 -553 332 143 2
> 7292 1170 43 -42 -175 2
! -51536 85853 200
! -90144 23665 200
> 5590 440 -182 266 82 1
> 5863 4886 -364 253 -126 1
> 4949 4185 -774 170 125 2
> 7140 1173 -129 2 -193 2
! 6982 10343 200 sims=283325 RUNNER
! 2773 -4625 0 sims=283325 BLOCKER
> 5590 440 -182 266 82 1
> 5863 4886 -364 253 -126 1
> 4949 4185 -774 170 125 2
> 7140 1173 -129 2 -193 2
! -24288 99815 200
! -78576 52676 200
> 5436 904 -131 394 82 1
> 5499 5139 -309 215 -108 1
> 4117 4546 -707 307 107 2
> 6840 1278 -255 89 149 2
! 6828 10807 200 sims=282128 RUNNER
! 5499 -4861 0 sims=282128 BLOCKER
> 5436 904 -131 394 82 1
> 5499 5139 -309 215 -108 1
> 4117 4546 -707 307 107 2
> 6840 1278 -255 89 149 2
! 5862 104530 0
! -78876 52781 200
> 5333 1496 -87 503 82 1
> 5190 5354 -262 182 -90 1
> 3410 4853 -600 260 89 3
> 6414 1470 -362 163 149 2
! 6725 11399 200 sims=287924 RUNNER
! 8280 -4157 200 sims=287924 BLOCKER
> 5333 1496 -87 503 82 1
> 5190 5354 -262 182 -90 1
> 3410 4853 -600 260 89 3
> 6414 1470 -362 163 149 2
! 35966 99404 200
! -59191 76941 200
> 5238 2214 -227 681 82 1
> 4990 5346 -170 -6 -72 1
> 2875 5302 -454 381 71 3
> 5956 1767 -242 181 131 2
! 3502 12062 200 sims=291046 RUNNER
! 10868 -2744 200 sims=291046 BLOCKER
> 5238 2214 -227 681 82 1
> 4990 5346 -170 -6 -72 1
> 2875 5302 -454 381 71 3
> 5956 1767 -242 181 131 2
! 63056 85165 0
! -33117 93817 200
> 4976 3092 -222 746 100 1
> 4938 5178 -44 -142 -54 1
> 2421 5683 -385 323 53 3
> 5636 2132 -272 310 113 2
! 6368 12995 0 sims=285411 RUNNER
! 10816 -2912 200 sims=285411 BLOCKER
> 4976 3092 -222 746 100 1
> 4938 5178 -44 -142 -54 1
> 2421 5683 -385 323 53 3
> 5636 2132 -272 310 113 2
! 84336 63040 200
! -59969 77602 200
> 4754 3838 -188 634 82 1
> 5012 4874 62 -258 -54 1
> 2200 6121 -187 372 35 3
> 5233 2593 -342 391 131 2
! 6146 13741 SHIELD sims=290801 RUNNER
! 13102 -1004 200 sims=290801 BLOCKER
> 4754 3838 -188 634 82 1
> 5012 4874 62 -258 -54 1
> 2200 6121 -187 372 35 3
> 5233 2593 -342 391 131 2
! 97830 35358 200
! -33840 94643 200
> 4526 4402 -211 448 82 1
> 5637 5200 705 581 -36 1
> 2204 6551 3 365 17 3
> 4813 3168 -357 488 113 2
! 8910 13390 0 sims=306047 RUNNER
! 13727 -678 200 sims=306047 BLOCKER
> 4526 4402 -211 448 82 1
> 5637 5200 705 581 -36 1
> 2204 6551 3 365 17 3
> 4813 3168 -357 488 113 2
! 97834 35788 200
! -3902 102787 0
> 4315 4850 -179 380 64 1
> 6504 5663 736 393 -36 1
> 2398 6974 165 359 17 3
> 4456 3656 -303 414 95 2
! 11262 12043 0 sims=305382 RUNNER
! 14594 -215 200 sims=305382 BLOCKER
> 4315 4850 -179 380 64 1
> 6504 5663 736 393 -36 1
> 2398 6974 165 359 17 3
> 4456 3656 -303 414 95 2
! 102382 5228 200
! 26951 101093 200
> 4136 5230 -152 323 46 1
> 7402 5938 763 234 -36 1
> 2763 7330 310 302 -1 3
> 4198 4265 -219 517 77 2
! 12965 9925 0 sims=290682 RUNNER
! 15492 60 200 sims=290682 BLOCKER
> 4136 5230 -152 323 46 1
> 7402 5938 763 234 -36 1
> 2763 7330 310 302 -1 3
> 4198 4265 -219 517 77 2
! 102747 5584 200
! 55701 89981 200
> 3965 5746 -159 579 28 1
> 8327 6054 786 98 -36 1
> 3273 7629 433 253 -1 3
> 4101 4761 -68 280 59 2
! 13813 7482 200 sims=289583 RUNNER
! 16417 176 200 sims=289583 BLOCKER
> 3965 5746 -159 579 28 1
> 8327 6054 786 98 -36 1
> 3273 7629 433 253 -1 3
> 4101 4761 -68 280 59 2
! 97824 -24927 200
! 79571 70366 0
> 4003 6360 32 521 10 1
> 9275 6034 805 -16 -36 1
> 3895 7817 528 159 -19 3
> 4033 5041 -57 238 41 3
! 13906 4968 200 sims=301182 RUNNER
! 15153 -2056 0 sims=301182 BLOCKER
> 4003 6360 32 521 10 1
> 9275 6034 805 -16 -36 1
> 3895 7817 528 159 -19 3
> 4033 5041 -57 238 41 3
! 98446 -24739 200
! 96083 44114 0
> 4233 6853 195 419 -8 1
> 10080 6018 684 -13 -54 1
> 4612 7911 609 79 -19 3
> 3976 5279 -48 202 23 3
! 13221 2469 200 sims=298445 RUNNER
! 18170 140 0 sims=298445 BLOCKER
> 4233 6853 195 419 -8 1
> 10080 6018 684 -13 -54 1
> 4612 7911 609 79 -19 3
> 3976 5279 -48 202 23 3
! 99163 -24645 200
! 103595 13994 200
> 4608 7184 318 281 -26 1
> 10764 6005 581 -11 -36 1
> 5410 7925 678 11 -19 3
> 4127 5498 128 186 5 3
! 11801 237 200 sims=270403 RUNNER
! 16642 -2085 0 sims=270403 BLOCKER
> 4608 7184 318 281 -26 1
> 10764 6005 581 -11 -36 1
> 5410 7925 678 11 -19 3
> 4127 5498 128 186 5 3
! 99961 -24631 200
! 101564 -16997 200
> 5070 7326 392 120 -44 1
> 11345 5994 493 -9 -54 1
> 6277 7871 737 -45 -19 3
> 4450 5639 274 119 -13 3
! 9765 -1503 200 sims=299054 RUNNER
! 14435 -3517 0 sims=299054 BLOCKER
> 5070 7326 392 120 -44 1
> 11345 5994 493 -9 -54 1
> 6277 7871 737 -45 -19 3
> 4450 5639 274 119 -13 3
! 100828 -24685 200
! 101886 -16856 0
> 5556 7269 413 -48 -62 1
> 11838 5985 419 -7 -72 1
> 7203 7761 787 -93 -19 3
> 4724 5758 232 101 -13 3
! 10251 -1560 200 sims=294987 RUNNER
! 11838 -4015 0 sims=294987 BLOCKER
> 5556 7269 413 -48 -62 1
> 11838 5985 419 -7 -72 1
> 7203 7761 787 -93 -19 3
> 4724 5758 232 101 -13 3
! 101754 -24795 200
! 102160 -16737 200
> 6063 7044 430 -190 -62 1
> 12257 5978 356 -5 -90 1
> 8179 7603 829 -134 -19 3
> 5151 5814 362 47 -13 3
! 10758 -1785 200 sims=285614 RUNNER
! 9167 -3533 0 sims=285614 BLOCKER
> 6063 7044 430 -190 -62 1
> 12257 5978 356 -5 -90 1
> 8179 7603 829 -134 -19 3
> 5151 5814 362 47 -13 3
! 102730 -24953 200
! 102587 -16681 200
> 6587 6677 445 -311 -62 1
> 12613 5973 302 -4 -108 1
> 9197 7404 865 -169 -19 3
> 5708 5816 473 1 -13 3
! 8323 -3171 200 sims=287805 RUNNER
! 6735 -2117 0 sims=287805 BLOCKER
> 6587 6677 445 -311 -62 1
> 12613 5973 302 -4 -108 1
> 9197 7404 865 -169 -19 3
> 5708 5816 473 1 -13 3
! 89060 -52777 200
! 103144 -16679 200
> 7069 6171 698 -263 -80 1
> 12915 5969 256 -3 -126 1
> 10222 7115 871 -245 -37 3
> 6373 5770 276 -205 -13 3
! 5677 -3732 200 sims=290654 RUNNER
! 4825 91 0 sims=290654 BLOCKER
> 7069 6171 698 -263 -80 1
> 12915 5969 256 -3 -126 1
> 10222 7115 871 -245 -37 3
> 6373 5770 276 -205 -13 3
! 90085 -53066 200
! 92089 -45733 0
> 7739 5710 569 -391 -98 1
> 13171 5966 217 -2 -144 1
> 11253 6750 876 -310 -37 3
> 6649 5565 234 -174 -31 3
! 3355 -3278 200 sims=270879 RUNNER
! 3660 2876 200 sims=270879 BLOCKER
> 7739 5710 569 -391 -98 1
> 13171 5966 217 -2 -144 1
> 11253 6750 876 -310 -37 3
> 6649 5565 234 -174 -31 3
! 68610 -75165 200
! 72254 -69906 200
> 8220 5139 409 -485 -116 1
> 13198 5902 22 -54 -162 1
> 12244 6276 842 -402 -55 3
> 7014 5240 310 -276 -49 3
! 1273 -2054 200 sims=317506 RUNNER
! 3687 2812 SHIELD sims=317506 BLOCKER
> 8220 5139 409 -485 -116 1
> 13198 5902 22 -54 -162 1
> 12244 6276 842 -402 -55 3
> 7014 5240 310 -276 -49 3
! 41481 -89354 SHIELD
! 46087 -86810 200
> 8490 4510 229 -534 -134 1
> 13842 5610 725 -316 -162 1
> 12464 6112 9 -71 -73 3
> 7402 4780 329 -391 -67 3
! -339 -185 0 sims=293524 RUNNER
! 4331 2520 0 sims=293524 BLOCKER
> 8490 4510 229 -534 -134 1
> 13842 5610 725 -316 -162 1
> 12464 6112 9 -71 -73 3
> 7402 4780 329 -391 -67 3
! 41701 -89518 0
! 73007 -70691 200
> 8719 3976 194 -453 -152 1
> 14567 5294 616 -268 -162 1
> 12473 6041 7 -60 -73 3
> 7862 4238 391 -460 -49 3
! -1129 2240 0 sims=287413 RUNNER
! 6477 -584 0 sims=287413 BLOCKER
> 8719 3976 194 -453 -152 1
> 14567 5294 616 -268 -162 1
> 12473 6041 7 -60 -73 3
> 7862 4238 391 -460 -49 3
! 69830 -75874 0
! 73467 -71233 0
> 9013 3489 337 -443 -170 1
> 15183 5026 523 -227 -144 1
> 12480 5981 5 -51 -55 3
> 8153 3812 159 -332 -49 3
! -890 4881 200 sims=269248 RUNNER
! 5672 1936 0 sims=269248 BLOCKER
> 9013 3489 337 -443 -170 1
> 15183 5026 523 -227 -144 1
> 12480 5981 5 -51 -55 3
> 8153 3812 159 -332 -49 3
! 92343 -54200 0
! 73758 -71659 0
> 9152 3074 118 -352 -188 1
> 15706 4799 444 -192 -162 1
> 12485 5930 4 -43 -37 3
> 8312 3480 135 -282 -49 3
! 164 7458 200 sims=261296 RUNNER
! 6195 1709 200 sims=261296 BLOCKER
> 9152 3074 118 -352 -188 1
> 15706 4799 444 -192 -162 1
> 12485 5930 4 -43 -37 3
> 8312 3480 135 -282 -49 3
! 92348 -54251 200
! 47385 -88570 0
> 9140 2782 102 -312 -206 1
> 15960 4545 215 -215 -162 1
> 12649 5767 139 -138 -37 3
> 8397 3226 -40 -151 -67 3
! -763 4174 200 sims=251013 RUNNER
! 7870 -1333 200 sims=251013 BLOCKER
> 9140 2782 102 -312 -206 1
> 15960 4545 215 -215 -162 1
> 12649 5767 139 -138 -37 3
> 8397 3226 -40 -151 -67 3
! 92512 -54414 200
! 74002 -72245 200
> 9148 2430 63 -335 172 1
> 16013 4212 45 -282 -144 1
> 12948 5509 253 -219 -37 3
> 8384 2992 -67 -162 -49 3
! 160 6814 200 sims=261506 RUNNER
! 7923 -1666 200 sims=261506 BLOCKER
> 9148 2430 63 -335 172 1
> 16013 4212 45 -282 -144 1
> 12948 5509 253 -219 -37 3
> 8384 2992 -67 -162 -49 3
! 70305 -76406 200
! 47457 -89058 0
> 9031 2183 -99 -210 154 1
> 15896 3812 -99 -339 -144 1
> 13316 5126 312 -325 -55 4
> 8317 2830 -56 -137 -67 3
! 1838 9130 200 sims=271040 RUNNER
! 7806 -2066 200 sims=271040 BLOCKER
> 9031 2183 -99 -210 154 1
> 15896 3812 -99 -339 -144 1
> 13316 5126 312 -325 -55 4
> 8317 2830 -56 -137 -67 3
! 42553 -90504 0
! 47389 -89220 200
> 8937 1978 23 -267 136 1
> 15635 3355 -221 -388 -144 1
> 13628 4801 265 -276 -73 4
> 8190 2643 -211 -65 -67 3
! 1744 8925 200 sims=292341 RUNNER
! 6124 265 200 sims=292341 BLOCKER
> 8937 1978 23 -267 136 1
> 15635 3355 -221 -388 -144 1
> 13628 4801 265 -276 -73 4
> 8190 2643 -211 -65 -67 3
! 11882 -95183 0
! 73795 -72828 0
> 8816 1850 -102 -108 136 1
> 15224 2905 -349 -382 -162 1
> 13893 4525 225 -234 -91 4
> 7979 2578 -179 -55 -49 3
! -172 6234 200 sims=290626 RUNNER
! 5224 2905 200 sims=290626 BLOCKER
> 8816 1850 -102 -108 136 1
> 15224 2905 -349 -382 -162 1
> 13893 4525 225 -234 -91 4
> 7979 2578 -179 -55 -49 3
! -18663 -90026 0
! 93695 -48925 200
> 8534 1830 -239 -17 154 1
> 14675 2523 -466 -324 -180 1
> 14118 4291 191 -198 -109 4
> 7971 2420 -6 -134 -31 3
! 1341 8777 0 sims=284564 RUNNER
! 5164 5613 200 sims=284564 BLOCKER
> 8534 1830 -239 -17 154 1
> 14675 2523 -466 -324 -180 1
> 14118 4291 191 -198 -109 4
> 7971 2420 -6 -134 -31 3
! -46063 -75572 200
! 73576 -73051 200
> 8590 1501 57 -289 136 1
> 14019 2261 -557 -222 162 1
> 14189 3933 60 -304 -127 4
> 7801 2447 -153 32 -49 3
! 1397 8448 200 sims=292733 RUNNER
! 5929 8139 0 sims=292733 BLOCKER
> 8590 1501 57 -289 136 1
> 14019 2261 -557 -222 162 1
> 14189 3933 60 -304 -127 4
> 7801 2447 -153 32 -49 3
! -67726 -53424 200
! 73406 -73024 200
> 8503 1351 -73 -127 136 1
> 13462 2039 -473 -188 144 1
> 14085 3514 -88 -355 -145 4
> 7779 2328 -18 -101 -49 3
! 1310 8298 200 sims=279146 RUNNER
! 7584 10129 0 sims=279146 BLOCKER
> 8503 1351 -73 -127 136 1
> 13462 2039 -473 -188 144 1
> 14085 3514 -88 -355 -145 4
> 7779 2328 -18 -101 -49 3
! -81545 -25723 200
! 46852 -89722 200
> 8286 1363 -184 10 136 1
> 12989 1851 -402 -159 126 1
> 13806 3101 -237 -351 -163 4
> 7839 2043 51 -242 -67 3
! 1093 8310 SHIELD sims=240506 RUNNER
! 9899 11362 0 sims=240506 BLOCKER
> 8286 1363 -184 10 136 1
> 12989 1851 -402 -159 126 1
> 13806 3101 -237 -351 -163 4
> 7839 2043 51 -242 -67 3
! -81824 -26136 200
! 46911 -90007 200
> 8154 1294 -110 -60 136 1
> 12587 1692 -341 -135 108 1
> 13378 2692 -364 -348 -163 4
> 7447 2411 -345 330 -67 3
! 3459 10123 0 sims=219954 RUNNER
! 12587 11692 200 sims=219954 BLOCKER
> 8154 1294 -110 -60 136 1
> 12587 1692 -341 -135 108 1
> 13378 2692 -364 -348 -163 4
> 7447 2411 -345 330 -67 3
! -82252 -26545 200
! 73052 -73060 200
> 8044 1234 -93 -51 118 1
> 12233 1745 -587 -222 90 1
> 12836 2298 -174 -67 -163 4
> 7233 2590 -181 152 -49 3
! 3349 10063 0 sims=221354 RUNNER
! 15323 11256 200 sims=221354 BLOCKER
> 8044 1234 -93 -51 118 1
> 12233 1745 -587 -222 90 1
> 12836 2298 -174 -67 -163 4
> 7233 2590 -181 152 -49 3
! -87148 4043 200
! 46306 -89460 200
> 7951 1183 -79 -43 118 1
> 11708 1713 -446 -27 72 1
> 12462 2234 -317 -53 179 4
> 7130 2558 -87 -27 -67 3
! 6215 11031 0 sims=247856 RUNNER
! 17586 9803 200 sims=247856 BLOCKER
> 7951 1183 -79 -43 118 1
> 11708 1713 -446 -27 72 1
> 12462 2234 -317 -53 179 4
> 7130 2558 -87 -27 -67 3
! -87522 3979 200
! 72735 -72913 200
> 7872 1140 -67 -36 100 1
> 11260 1770 -463 -5 54 1
> 12064 2263 -255 78 179 4
> 7174 2380 37 -151 -49 3
! 3177 9969 200 sims=242277 RUNNER
! 14350 11281 200 sims=242277 BLOCKER
> 7872 1140 -67 -36 100 1
> 11260 1770 -463 -5 54 1
> 12064 2263 -255 78 179 4
> 7174 2380 37 -151 -49 3
! -83566 -26974 200
! 72779 -73091 200
> 7711 1281 -136 119 118 1
> 10859 1955 -341 157 72 1
> 11618 2283 -379 16 -163 4
> 7342 2078 142 -256 -49 3
! 3016 10110 SHIELD sims=269339 RUNNER
! 10859 11955 200 sims=269339 BLOCKER
> 7711 1281 -136 119 118 1
> 10859 1955 -341 157 72 1
> 11618 2283 -379 16 -163 4
> 7342 2078 142 -256 -49 3
! -88366 4028 SHIELD
! 46415 -89972 SHIELD
> 7726 1055 39 -253 118 1
> 10302 2234 -509 224 90 1
> 11261 2307 -300 21 179 0
> 7333 2167 -34 136 -67 3
! 5990 10903 0 sims=261457 RUNNER
! 13392 11745 200 sims=261457 BLOCKER
> 7726 1055 39 -253 118 1
> 10302 2234 -509 224 90 1
> 11261 2307 -300 21 179 0
> 7333 2167 -34 136 -67 3
! -83290 34863 0
! 46405 -89883 0
> 7765 802 33 -215 100 1
> 9855 2648 -380 352 72 1
> 10961 2328 -255 17 161 0
> 7299 2303 -28 115 -67 3
! 3070 9631 0 sims=290283 RUNNER
! 9855 12648 200 sims=290283 BLOCKER
> 7765 802 33 -215 100 1
> 9855 2648 -380 352 72 1
> 10961 2328 -255 17 161 0
> 7299 2303 -28 115 -67 3
! -68902 62509 0
! 46371 -89747 0
> 7798 587 28 -182 118 1
> 9475 3200 -323 469 90 1
> 10706 2345 -216 14 143 0
> 7271 2418 -23 97 -67 3
! 6062 10435 0 sims=269941 RUNNER
! 12565 12711 200 sims=269941 BLOCKER
> 7798 587 28 -182 118 1
> 9475 3200 -323 469 90 1
> 10706 2345 -216 14 143 0
> 7271 2418 -23 97 -67 3
! -46651 84260 200
! 15986 -97201 0
> 7826 405 23 -154 100 1
> 9214 3859 -222 560 72 1
> 10490 2359 -183 11 125 0
> 7248 2515 -19 82 -85 3
! 6090 10253 200 sims=253442 RUNNER
! 15092 11949 0 sims=253442 BLOCKER
> 7826 405 23 -154 100 1
> 9214 3859 -222 560 72 1
> 10490 2359 -183 11 125 0
> 7248 2515 -19 82 -85 3
! -18747 97989 200
! 15963 -97104 200
> 7814 448 -9 36 100 1
> 8992 4419 -188 476 54 1
> 10249 2561 -205 171 107 0
> 7246 2398 -1 -99 -85 3
! 3119 9277 200 sims=256543 RUNNER
! 17082 10297 0 sims=256543 BLOCKER
> 7814 448 -9 36 100 1
> 8992 4419 -188 476 54 1
> 10249 2561 -205 171 107 0
> 7246 2398 -1 -99 -85 3
! -18988 98191 200
! 46319 -89652 200
> 7711 661 -87 180 118 1
> 8804 4895 -159 404 36 1
> 9986 2923 -223 307 107 0
> 7323 2115 65 -240 -67 3
! 5975 10509 200 sims=263900 RUNNER
! 18315 7985 0 sims=263900 BLOCKER
> 7711 661 -87 180 118 1
> 8804 4895 -159 404 36 1
> 9986 2923 -223 307 107 0
> 7323 2115 65 -240 -67 3
! -19251 98553 200
! 16038 -97504 200
> 7626 907 90 -367 100 1
> 8645 5299 -135 343 18 1
> 9705 3421 -239 423 107 0
> 7368 1807 -123 314 -85 3
! 5890 10755 200 sims=270256 RUNNER
! 18645 5299 0 sims=270256 BLOCKER
> 7626 907 90 -367 100 1
> 8645 5299 -135 343 18 1
> 9705 3421 -239 423 107 0
> 7368 1807 -123 314 -85 3
! 11450 103405 200
! 46441 -90243 200
> 7681 737 46 -144 100 1
> 8510 5642 -114 291 0 1
> 9469 4044 -200 529 89 0
> 7323 1937 -38 110 -67 3
! 5945 10585 200 sims=263193 RUNNER
! 18021 2552 200 sims=263193 BLOCKER
> 7681 737 46 -144 100 1
> 8510 5642 -114 291 0 1
> 9469 4044 -200 529 89 0
> 7323 1937 -38 110 -67 3
! 11214 104028 200
! 46395 -90113 200
> 7692 790 9 45 100 1
> 8586 5871 64 194 -18 1
> 9272 4773 -167 619 89 0
> 7363 1863 34 -62 -67 3
! 2997 9619 200 sims=251776 RUNNER
! 16676 -7 200 sims=251776 BLOCKER
> 7692 790 9 45 100 1
> 8586 5871 64 194 -18 1
> 9272 4773 -167 619 89 0
> 7363 1863 34 -62 -67 3
! -19965 100403 0
! 46435 -90187 200
> 7653 836 36 -224 118 1
> 8727 6097 -87 557 -36 1
> 9190 5242 137 33 107 0
> 7429 1792 -13 203 -67 3
! 5917 10684 200 sims=257887 RUNNER
! 14605 -1993 200 sims=257887 BLOCKER
> 7653 836 36 -224 118 1
> 8727 6097 -87 557 -36 1
> 9190 5242 137 33 107 0
> 7429 1792 -13 203 -67 3
! -48167 87157 200
! 16144 -97827 200
> 7654 809 1 -22 100 1
> 8758 6492 25 335 -54 1
> 9212 5439 18 167 125 0
> 7433 1796 3 3 -85 3
! 2959 9638 200 sims=252819 RUNNER
! 11848 -3019 200 sims=252819 BLOCKER
> 7654 809 1 -22 100 1
> 8758 6492 25 335 -54 1
> 9212 5439 18 167 125 0
> 7433 1796 3 3 -85 3
! -48145 87354 200
! 16148 -97823 200
> 7591 812 -18 -173 118 1
> 8845 6637 73 123 -72 1
> 9115 5770 -82 281 125 0
> 7423 1752 -43 138 -85 3
! 5855 10660 200 sims=265783 RUNNER
! 8845 -3363 200 sims=265783 BLOCKER
> 7591 812 -18 -173 118 1
> 8845 6637 73 123 -72 1
> 9115 5770 -82 281 125 0
> 7423 1752 -43 138 -85 3
! -20122 101400 200
! 16138 -97867 200
> 7538 836 -44 20 100 1
> 8780 7019 -81 412 -90 1
> 9113 5783 24 -76 107 0
> 7397 1691 -21 -52 -85 3
! 5802 10684 200 sims=262801 RUNNER
! 11870 -2492 200 sims=262801 BLOCKER
> 7538 836 -44 20 100 1
> 8780 7019 -81 412 -90 1
> 9113 5783 24 -76 107 0
> 7397 1691 -21 -52 -85 3
! -48244 87698 200
! 16112 -97928 200
> 7526 651 -1 -213 100 1
> 8761 7241 -16 188 -72 1
> 9022 5871 -77 74 125 0
> 7327 1842 -68 184 -85 3
! 5790 10499 200 sims=265776 RUNNER
! 8761 -2759 200 sims=265776 BLOCKER
> 7526 651 -1 -213 100 1
> 8761 7241 -16 188 -72 1
> 9022 5871 -77 74 125 0
> 7327 1842 -68 184 -85 3
! -20215 101501 200
! 16042 -97777 200
> 7490 635 -30 -13 100 1
> 8745 7229 -13 -10 -90 1
> 8887 6136 -115 225 107 0
> 7276 1827 -42 -12 -85 3
! 5754 10483 200 sims=253659 RUNNER
! 8745 -2771 200 sims=253659 BLOCKER
> 7490 635 -30 -13 100 1
> 8745 7229 -13 -10 -90 1
> 8887 6136 -115 225 107 0
> 7276 1827 -42 -12 -85 3
! 10632 106120 200
! 46349 -90223 200
> 7425 819 -55 156 100 1
> 8691 7357 -76 363 -90 1
> 8816 6223 -29 -180 89 0
> 7312 1631 30 -166 -67 3
! 5689 10667 SHIELD sims=264607 RUNNER
! 11781 -2154 200 sims=264607 BLOCKER
> 7425 819 -55 156 100 1
> 8691 7357 -76 363 -90 1
> 8816 6223 -29 -180 89 0
> 7312 1631 30 -166 -67 3
! 10561 106207 200
! 16027 -97988 SHIELD
> 7412 667 -8 -145 100 1
> 8677 7530 -12 146 -72 1
> 8790 6243 -21 16 89 0
> 7300 1773 -12 137 -85 3
! 8804 10570 0 sims=266280 RUNNER
! 8677 -2470 200 sims=266280 BLOCKER
> 7412 667 -8 -145 100 1
> 8677 7530 -12 146 -72 1
> 8790 6243 -21 16 89 0
> 7300 1773 -12 137 -85 3
! 10535 106227 200
! 46373 -90277 0
> 7404 522 -6 -123 82 1
> 8665 7476 -10 -45 -90 1
> 8772 6459 -14 183 89 0
> 7288 1910 -10 116 -67 3
! 5668 10370 0 sims=268373 RUNNER
! 8665 -2524 SHIELD sims=268373 BLOCKER
> 7404 522 -6 -123 82 1
> 8665 7476 -10 -45 -90 1
> 8772 6459 -14 183 89 0
> 7288 1910 -10 116 -67 3
! -20465 102089 SHIELD
! 16003 -97709 0
> 7398 399 -5 -104 100 1
> 8654 7435 -33 152 -90 1
> 8759 6638 12 -35 107 0
> 7278 2026 -8 98 -85 3
! 8790 10302 0 sims=240681 RUNNER
! 11744 -2076 0 sims=240681 BLOCKER
> 7398 399 -5 -104 100 1
> 8654 7435 -33 152 -90 1
> 8759 6638 12 -35 107 0
> 7278 2026 -8 98 -85 3
! -48598 88553 0
! 15993 -97593 0
> 7393 295 -4 -88 82 1
> 8621 7587 -28 129 -72 1
> 8771 6603 10 -29 125 0
> 7270 2124 -6 83 -85 3
! 5657 10143 200 sims=243852 RUNNER
! 8621 -2413 0 sims=243852 BLOCKER
> 7393 295 -4 -88 82 1
> 8621 7587 -28 129 -72 1
> 8771 6603 10 -29 125 0
> 7270 2124 -6 83 -85 3
! -48586 88518 0
! 15985 -97495 200
> 7354 404 -32 92 100 1
> 8593 7716 -23 109 -90 1
> 8781 6574 8 -24 125 0
> 7281 2008 9 -98 -85 3
! 8746 10307 200 sims=242200 RUNNER
! 5503 -1795 0 sims=242200 BLOCKER
> 7354 404 -32 92 100 1
> 8593 7716 -23 109 -90 1
> 8781 6574 8 -24 125 0
> 7281 2008 9 -98 -85 3
! -20456 102204 200
! 15996 -97611 200
> 7350 694 -3 246 82 1
> 8570 7825 -19 92 -108 1
> 8789 6550 6 -20 107 0
> 7307 1711 22 -252 -85 3
! 8742 10597 SHIELD sims=234402 RUNNER
! 8570 -2175 200 sims=234402 BLOCKER
> 7350 694 -3 246 82 1
> 8570 7825 -19 92 -108 1
> 8789 6550 6 -20 107 0
> 7307 1711 22 -252 -85 3
! -20448 102180 200
! 16022 -97908 SHIELD
> 7358 660 14 -214 82 1
> 8551 7717 -16 -91 -90 1
> 8737 6721 -44 145 107 0
> 7318 1739 1 209 -85 3
! 5622 10508 0 sims=242326 RUNNER
! 5461 -1794 200 sims=242326 BLOCKER
> 7358 660 14 -214 82 1
> 8551 7717 -16 -91 -90 1
> 8737 6721 -44 145 107 0
> 7318 1739 1 209 -85 3
! -48620 88636 SHIELD
! 16033 -97880 0
> 7372 446 11 -181 100 1
> 8384 7775 -224 364 -108 1
> 8702 6832 -21 62 125 0
> 7319 1948 0 177 -85 3
! 8764 10349 0 sims=262269 RUNNER
! 2506 -315 200 sims=262269 BLOCKER
> 7372 446 11 -181 100 1
> 8384 7775 -224 364 -108 1
> 8702 6832 -21 62 125 0
> 7319 1948 0 177 -85 3
! -48655 88747 0
! 16034 -97671 0
> 7383 265 9 -153 82 1
> 8042 7977 -290 171 -126 1
> 8681 6894 -17 52 125 1
> 7319 2125 0 150 -85 3
! 5647 10113 0 sims=290542 RUNNER
! 4952 -1534 200 sims=290542 BLOCKER
> 7383 265 9 -153 82 1
> 8042 7977 -290 171 -126 1
> 8681 6894 -17 52 125 1
> 7319 2125 0 150 -85 3
! -71182 67075 0
! 16034 -97494 0
> 7392 112 7 -130 100 1
> 7690 7958 -299 -16 -108 1
> 8664 6946 -14 44 143 1
> 7319 2275 0 127 -85 3
! 5656 9960 200 sims=290542 RUNNER
! 7690 -2042 200 sims=290542 BLOCKER
> 7392 112 7 -130 100 1
> 7690 7958 -299 -16 -108 1
> 8664 6946 -14 44 143 1
> 7319 2275 0 127 -85 3
! -85887 39502 0
! 16034 -97344 200
> 7364 179 -23 56 100 1
> 7391 7742 -254 -183 -90 1
> 8650 6990 -11 37 161 1
> 7336 2203 14 -61 -85 3
! 5628 10027 200 sims=254373 RUNNER
! 10481 -1769 200 sims=254373 BLOCKER
> 7364 179 -23 56 100 1
> 7391 7742 -254 -183 -90 1
> 8650 6990 -11 37 161 1
> 7336 2203 14 -61 -85 3
! -91334 8735 0
! -15159 -95233 200
> 7306 432 -49 215 100 1
> 7199 7369 -163 -317 -72 1
> 8639 7027 -9 31 179 1
> 7305 1947 -26 -217 -103 3
! 8698 10335 200 sims=230195 RUNNER
! 10289 -2142 200 sims=230195 BLOCKER
> 7306 432 -49 215 100 1
> 7199 7369 -163 -317 -72 1
> 8639 7027 -9 31 179 1
> 7305 1947 -26 -217 -103 3
! -86991 -22210 0
! 16020 -97672 200
> 7283 731 -26 -353 82 1
> 7098 6862 -86 -431 -72 1
> 8630 7058 -7 26 197 1
> 7298 1645 1 350 -85 3
! 5547 10579 200 sims=275394 RUNNER
! 7098 -3138 200 sims=275394 BLOCKER
> 7283 731 -26 -353 82 1
> 7098 6862 -86 -431 -72 1
> 8630 7058 -7 26 197 1
> 7298 1645 1 350 -85 3
! -73285 -50299 200
! 16013 -97974 200
> 7222 575 -51 -132 100 1
> 7012 6231 -73 -536 -90 1
> 8459 6969 -145 -75 -145 1
> 7316 1796 15 128 -85 3
! 8614 10478 200 sims=253155 RUNNER
! 10102 -3280 200 sims=253155 BLOCKER
> 7222 575 -51 -132 100 1
> 7012 6231 -73 -536 -90 1
> 8459 6969 -145 -75 -145 1
> 7316 1796 15 128 -85 3
! -51722 -72894 200
! -15179 -95640 200
> 7199 641 -19 56 82 1
> 7001 5505 -9 -617 -72 1
> 8194 6734 -225 -199 -127 1
> 7286 1729 -25 -56 -103 3
! 8591 10544 200 sims=216895 RUNNER
! 7001 -4495 0 sims=216895 BLOCKER
> 7199 641 -19 56 82 1
> 7001 5505 -9 -617 -72 1
> 8194 6734 -225 -199 -127 1
> 7286 1729 -25 -56 -103 3
! -24362 -87817 200
! 16001 -97890 200
> 7187 679 -34 -214 82 1
> 6992 4888 -7 -524 -90 1
> 7904 6346 -246 -329 -109 1
> 7299 1690 35 213 -85 3
! 5451 10527 200 sims=236299 RUNNER
! 10082 -4623 0 sims=236299 BLOCKER
> 7187 679 -34 -214 82 1
> 6992 4888 -7 -524 -90 1
> 7904 6346 -246 -329 -109 1
> 7299 1690 35 213 -85 3
! 6158 -93638 200
! -15196 -95746 200
> 7118 662 -58 -14 100 1
> 6985 4364 -5 -445 -72 1
> 7655 5817 -212 -449 -91 1
> 7289 1708 -8 15 -103 3
! 8510 10565 200 sims=215425 RUNNER
! 12863 -3726 0 sims=215425 BLOCKER
> 7118 662 -58 -14 100 1
> 6985 4364 -5 -445 -72 1
> 7655 5817 -212 -449 -91 1
> 7289 1708 -8 15 -103 3
! 36892 -89813 200
! -44214 -84008 200
> 7076 758 -66 -136 82 1
> 6980 3919 -4 -378 -54 1
> 7501 5177 -130 -544 -73 1
> 7190 1640 -53 160 -121 3
! 11460 9746 200 sims=209846 RUNNER
! 10070 -5592 200 sims=209846 BLOCKER
> 7076 758 -66 -136 82 1
> 6980 3919 -4 -378 -54 1
> 7501 5177 -130 -544 -73 1
> 7190 1640 -53 160 -121 3
! 64858 -76738 0
! -15305 -95796 200
> 7098 802 18 37 64 1
> 7038 3351 49 -482 -72 1
> 7371 4633 -110 -462 -55 1
> 7092 1605 -83 -29 -103 3
! 8490 10705 200 sims=215586 RUNNER
! 7038 -6649 0 sims=215586 BLOCKER
> 7098 802 18 37 64 1
> 7038 3351 49 -482 -72 1
> 7371 4633 -110 -462 -55 1
> 7092 1605 -83 -29 -103 3
! 36608 -90997 200
! 15807 -98014 200
> 7148 578 42 -193 82 1
> 7087 2869 41 -409 -90 1
> 7319 3980 -43 -555 -73 1
> 7023 1836 -59 198 -85 3
! 8540 10481 200 sims=220374 RUNNER
! 3997 -6642 0 sims=220374 BLOCKER
> 7148 578 42 -193 82 1
> 7087 2869 41 -409 -90 1
> 7319 3980 -43 -555 -73 1
> 7023 1836 -59 198 -85 3
! 5573 -96004 200
! -15472 -95600 200
> 7218 583 59 4 82 1
> 7128 2455 55 -372 -108 2
> 7306 3394 79 -29 -91 1
> 6886 1675 -228 -584 -103 3
! 5482 10431 0 sims=245028 BLOCKER
! 1250 -5635 0 sims=245028 RUNNER
> 7218 583 59 4 82 1
> 7128 2455 55 -372 -108 2
> 7306 3394 79 -29 -91 1
> 6886 1675 -228 -584 -103 3
! -25250 -91157 200
! -44617 -84041 SHIELD
> 7280 585 234 -149 100 1
> 7183 2083 46 -316 -126 2
> 7320 3176 11 -185 -109 1
> 6658 1091 -212 -481 -121 3
! 2585 9414 200 sims=184394 BLOCKER
! 1305 -6007 200 sims=184394 RUNNER
> 7280 585 234 -149 100 1
> 7183 2083 46 -316 -126 2
> 7320 3176 11 -185 -109 1
> 6658 1091 -212 -481 -121 3
! -52861 -76687 0
! -68813 -64514 SHIELD
> 7527 532 215 -48 118 1
> 7111 1605 -60 -406 -126 2
> 7331 2991 9 -157 -127 1
> 6435 618 -189 -401 -139 3
! 334 7479 200 sims=270697 BLOCKER
! -979 -4273 200 sims=270697 RUNNER
> 7527 532 215 -48 118 1
> 7111 1605 -60 -406 -126 2
> 7331 2991 9 -157 -127 1
> 6435 618 -189 -401 -139 3
! -74584 -54366 200
! -85615 -38455 0
> 7598 623 60 77 136 1
> 6889 1081 -188 -445 -144 2
> 7176 2719 -131 -230 -145 2
> 6246 217 -160 -340 -157 3
! 2903 9452 200 sims=267631 BLOCKER
! -2622 -2009 200 sims=267631 RUNNER
> 7598 623 60 77 136 1
> 6889 1081 -188 -445 -144 2
> 7176 2719 -131 -230 -145 2
> 6246 217 -160 -340 -157 3
! -88454 -26518 0
! -93373 -8498 0
> 7564 877 -28 215 118 1
> 6511 574 -321 -430 -162 2
> 7045 2489 -111 -195 -163 2
> 6086 -123 -136 -289 -175 3
! 371 7824 0 sims=266833 BLOCKER
! -3489 574 200 sims=266833 RUNNER
> 7564 877 -28 215 118 1
> 6511 574 -321 -430 -162 2
> 7045 2489 -111 -195 -163 2
> 6086 -123 -136 -289 -175 3
! -92939 4234 0
! -91350 22372 0
> 7536 1092 -23 182 136 1
> 6142 403 -306 -133 -180 2
> 6934 2294 -94 -165 -181 2
> 5798 -671 -251 -477 -193 3
! 2841 9921 0 sims=274596 BLOCKER
! -3369 3493 0 sims=274596 RUNNER
> 7536 1092 -23 182 136 1
> 6142 403 -306 -133 -180 2
> 6934 2294 -94 -165 -181 2
> 5798 -671 -251 -477 -193 3
! -87617 34850 0
! -79918 50832 0
> 7513 1274 -19 154 118 1
> 5836 270 -260 -113 162 2
> 6840 2129 -79 -140 161 2
> 5547 -1148 -213 -405 149 3
! 320 8221 0 sims=280308 BLOCKER
! -2254 6148 200 sims=280308 RUNNER
> 7513 1274 -19 154 118 1
> 5836 270 -260 -113 162 2
> 6840 2129 -79 -140 161 2
> 5547 -1148 -213 -405 149 3
! -73023 62310 200
! -60058 74323 0
> 7494 1428 -16 130 136 1
> 5414 275 -358 3 144 2
> 6601 2109 -202 -16 143 2
> 5334 -1553 -181 -344 131 3
! 2799 10257 200 sims=291193 BLOCKER
! -464 8365 200 sims=291193 RUNNER
> 7494 1428 -16 130 136 1
> 5414 275 -358 3 144 2
> 6601 2109 -202 -16 143 2
> 5334 -1553 -181 -344 131 3
! -50756 84024 200
! -33739 90497 0
> 7384 1735 -93 260 118 2
> 4938 440 -404 140 126 2
> 6284 2257 -269 125 125 2
> 5153 -1897 -153 -292 113 3
! 191 8682 200 sims=290178 RUNNER
! 1848 9951 200 sims=290178 BLOCKER
> 7384 1735 -93 260 118 2
> 4938 440 -404 140 126 2
> 6284 2257 -269 125 125 2
> 5153 -1897 -153 -292 113 3
! -51073 84172 200
! -3562 97722 200
> 7147 2134 -201 339 136 2
> 4472 770 -395 280 108 2
> 5900 2546 -326 245 125 2
> 4983 -1990 -144 -78 95 3
! -1841 6518 200 sims=275996 RUNNER
! 4472 10770 200 sims=275996 BLOCKER
> 7147 2134 -201 339 136 2
> 4472 770 -395 280 108 2
> 5900 2546 -326 245 125 2
> 4983 -1990 -144 -78 95 3
! -51457 84461 200
! 27478 95447 200
> 6766 2561 -323 362 154 2
> 4077 1250 -335 407 90 2
> 5459 2955 -374 347 125 2
> 4884 -1873 -84 99 77 3
! -427 9508 200 sims=275457 RUNNER
! 7167 10761 200 sims=275457 BLOCKER
> 6766 2561 -323 362 154 2
> 4077 1250 -335 407 90 2
> 5459 2955 -374 347 125 2
> 4884 -1873 -84 99 77 3
! -51898 84870 200
! 56387 83843 200
> 6299 3062 -396 425 136 2
> 3804 1847 -232 507 72 2
> 4970 3466 -415 434 125 2
> 4903 -1603 16 229 59 3
! -2689 7446 200 sims=272895 RUNNER
! 9682 9937 200 sims=272895 BLOCKER
> 6299 3062 -396 425 136 2
> 3804 1847 -232 507 72 2
> 4970 3466 -415 434 125 2
> 4903 -1603 16 229 59 3
! -24267 99096 0
! 56406 84113 200
> 5723 3575 -489 435 154 2
> 3690 2516 -97 568 54 2
> 4555 3900 -352 368 107 2
> 5022 -1203 101 340 59 3
! -1470 10522 200 sims=243544 RUNNER
! 6780 12027 0 sims=243544 BLOCKER
> 5723 3575 -489 435 154 2
> 3690 2516 -97 568 54 2
> 4555 3900 -352 368 107 2
> 5022 -1203 101 340 59 3
! 6300 103884 200
! 27517 96234 200
> 5090 4149 -537 487 136 2
> 3593 3084 -82 482 72 2
> 4206 4468 -296 482 89 2
> 5168 -668 124 454 77 3
! -2103 11096 SHIELD sims=237853 RUNNER
! 3593 13084 0 sims=237853 BLOCKER
> 5090 4149 -537 487 136 2
> 3593 3084 -82 482 72 2
> 4206 4468 -296 482 89 2
> 5168 -668 124 454 77 3
! 36762 99019 SHIELD
! 56671 85048 200
> 4631 4602 -282 338 136 2
> 3511 3566 -69 409 90 2
> 3832 4984 -426 484 71 3
> 5395 -43 192 531 59 3
! -64 13431 0 sims=235599 RUNNER
! 6601 13077 0 sims=235599 BLOCKER
> 4631 4602 -282 338 136 2
> 3511 3566 -69 409 90 2
> 3832 4984 -426 484 71 3
> 5395 -43 192 531 59 3
! 64013 84847 0
! 56898 85673 200
> 4349 4940 -239 287 118 2
> 3442 3975 -58 347 72 2
> 3406 5468 -362 411 53 3
> 5690 659 250 597 59 3
! 2613 14788 0 sims=266399 RUNNER
! 9320 12065 200 sims=266399 BLOCKER
> 4349 4940 -239 287 118 2
> 3442 3975 -58 347 72 2
> 3406 5468 -362 411 53 3
> 5690 659 250 597 59 3
! 85321 62825 0
! 81160 66264 200
> 4110 5227 -203 243 100 3
> 3502 4484 50 432 54 2
> 3044 5879 -307 349 35 3
> 6091 1387 340 618 41 3
! -585 14056 0 sims=253477 RUNNER
! 11592 10362 200 sims=253477 BLOCKER
> 4110 5227 -203 243 100 3
> 3502 4484 50 432 54 2
> 3044 5879 -307 349 35 3
> 6091 1387 340 618 41 3
! 98674 35116 0
! 81561 66992 200
> 4105 5739 75 543 118 3
> 3516 4765 -68 129 36 3
> 2737 6228 -260 296 17 3
> 6582 2136 417 636 41 3
! 2369 15587 0 sims=286993 RUNNER
! 13027 7855 200 sims=286993 BLOCKER
> 4105 5739 75 543 118 3
> 3516 4765 -68 129 36 3
> 2737 6228 -260 296 17 3
> 6582 2136 417 636 41 3
! 102721 4482 200
! 58085 87852 0
> 4180 6282 63 461 100 3
> 3638 4956 103 162 18 3
> 2677 6521 -51 248 -1 3
> 6999 2772 354 540 59 3
! 5572 16185 0 sims=303086 RUNNER
! 13638 4956 200 sims=303086 BLOCKER
> 4180 6282 63 461 100 3
> 3638 4956 103 162 18 3
> 2677 6521 -51 248 -1 3
> 6999 2772 354 540 59 3
! 97228 -26035 200
! 29494 100209 0
> 4243 6743 53 391 82 3
> 3941 5118 257 137 0 3
> 2815 6704 117 155 -19 3
> 7353 3312 300 459 77 3
! 8627 15731 0 sims=298865 RUNNER
! 13941 5118 200 sims=298865 BLOCKER
> 4243 6743 53 391 82 3
> 3941 5118 257 137 0 3
> 2815 6704 117 155 -19 3
> 7353 3312 300 459 77 3
! 97366 -25852 200
! -1362 102931 0
> 4296 7134 45 332 64 3
> 4398 5255 388 116 0 3
> 3121 6794 260 76 -19 3
> 7653 3771 255 390 95 3
! 11243 14327 200 sims=280133 RUNNER
! 13909 8345 200 sims=280133 BLOCKER
> 4296 7134 45 332 64 3
> 4398 5255 388 116 0 3
> 3121 6794 260 76 -19 3
> 7653 3771 255 390 95 3
! 97672 -25762 200
! 30148 101208 0
> 4480 7610 156 404 46 3
> 4976 5433 491 151 18 3
> 3570 6805 381 9 -19 3
> 7908 4161 216 331 77 3
! 13309 12305 200 sims=297150 RUNNER
! 14487 8523 200 sims=297150 BLOCKER
> 4480 7610 156 404 46 3
> 4976 5433 491 151 18 3
> 3570 6805 381 9 -19 3
> 7908 4161 216 331 77 3
! 83433 -53376 200
! 59411 89877 0
> 4813 8108 282 423 28 3
> 5657 5646 579 180 18 3
> 4111 6694 459 -94 -37 3
> 8124 4492 183 281 59 3
! 14661 9844 200 sims=283927 BLOCKER
! 15657 5646 0 sims=283927 RUNNER
> 4813 8108 282 423 28 3
> 5657 5646 579 180 18 3
> 4111 6694 459 -94 -37 3
> 8124 4492 183 281 59 3
! 98662 -25862 200
! 83594 70097 0
> 5292 8566 407 389 10 3
> 6236 5826 492 153 0 3
> 4759 6535 550 -135 -19 3
> 8307 4773 155 238 41 3
! 15195 7174 200 sims=288022 BLOCKER
! 15747 2736 0 sims=288022 RUNNER
> 5292 8566 407 389 10 3
> 6236 5826 492 153 0 3
> 4759 6535 550 -135 -19 3
> 8307 4773 155 238 41 3
! 99310 -26021 200
! 100357 43846 0
> 5897 8927 514 306 -8 3
> 6728 5979 418 130 -18 3
> 5498 6335 628 -170 -19 3
> 8462 5011 131 202 23 3
! 14885 4543 200 sims=277697 BLOCKER
! 14818 101 200 sims=277697 RUNNER
> 5897 8927 514 306 -8 3
> 6728 5979 418 130 -18 3
> 5498 6335 628 -170 -19 3
> 8462 5011 131 202 23 3
! 105482 4589 0
! 108081 13726 0
> 6591 9145 589 185 -26 3
> 7308 5991 492 10 -36 3
> 6126 6165 533 -144 -1 3
> 8593 5213 111 171 5 3
! 13784 2198 200 sims=260813 BLOCKER
! 15398 113 200 sims=260813 RUNNER
> 6591 9145 589 185 -26 3
> 7308 5991 492 10 -36 3
> 6126 6165 533 -144 -1 3
> 8593 5213 111 171 5 3
! 101756 35402 200
! 100643 44286 0
> 7324 9191 622 39 -44 3
> 7962 5883 555 -91 -36 3
> 6850 6079 615 -72 17 3
> 8704 5384 94 145 23 3
! 14517 2244 200 sims=267162 BLOCKER
! 16052 5 200 sims=267162 RUNNER
> 7324 9191 622 39 -44 3
> 7962 5883 555 -91 -36 3
> 6850 6079 615 -72 17 3
> 8704 5384 94 145 23 3
! 106834 4333 0
! 84174 70989 0
> 8090 9091 650 -84 -44 3
> 8266 6020 531 147 -36 3
> 7367 6011 99 -42 -1 3
> 9309 5179 580 -219 41 3
! 15283 2144 200 sims=269801 BLOCKER
! 17777 2930 200 sims=269801 RUNNER
> 8090 9091 650 -84 -44 3
> 8266 6020 531 147 -36 3
> 7367 6011 99 -42 -1 3
> 9309 5179 580 -219 41 3
! 101918 -26545 200
! 60812 90895 0
> 8884 8868 674 -189 -44 3
> 8987 6105 613 72 -18 3
> 7655 5904 244 -91 -19 3
> 9889 4960 493 -186 59 3
! 13579 39 200 sims=255206 BLOCKER
! 17077 227 200 sims=255206 RUNNER
> 8884 8868 674 -189 -44 3
> 8987 6105 613 72 -18 3
> 7655 5904 244 -91 -19 3
> 9889 4960 493 -186 59 3
! 87518 -54277 200
! 32384 102397 200
> 9652 8502 652 -310 -62 3
> 9762 6059 658 -38 -36 3
> 8059 5693 343 -179 -37 3
> 10427 4969 457 7 77 3
! 11388 -1346 200 sims=249060 BLOCKER
! 15640 -2031 0 sims=249060 RUNNER
> 9652 8502 652 -310 -62 3
> 9762 6059 658 -38 -36 3
> 8059 5693 343 -179 -37 3
> 10427 4969 457 7 77 3
! 102610 -26863 200
! 1711 104588 200
> 10339 7995 583 -430 -80 3
> 10420 6021 559 -32 -54 3
> 8591 5449 452 -207 -19 3
> 10867 5175 373 175 95 3
! 15034 -834 200 sims=238539 BLOCKER
! 18510 143 200 sims=238539 RUNNER
> 10339 7995 583 -430 -80 3
> 10420 6021 559 -32 -54 3
> 8591 5449 452 -207 -19 3
> 10867 5175 373 175 95 3
! 108575 3703 200
! 33362 102612 200
> 11016 7388 575 -515 -62 3
> 10937 6265 377 326 -36 3
> 9243 5239 554 -178 -1 3
> 11489 5151 590 -138 77 3
! 12752 -2460 0 sims=256963 RUNNER
! 16815 -1825 0 sims=256963 BLOCKER
> 11016 7388 575 -515 -62 3
> 10937 6265 377 326 -36 3
> 9243 5239 554 -178 -1 3
> 11489 5151 590 -138 77 3
! 103794 -27317 0
! 2773 104770 200
> 11684 7332 621 216 -80 3
> 11221 6132 188 -376 -54 3
> 9797 5061 470 -151 -19 3
> 12062 5212 486 52 95 3
! 10292 -2571 200 sims=275849 RUNNER
! 14311 -3379 0 sims=275849 BLOCKER
> 11684 7332 621 216 -80 3
> 11221 6132 188 -376 -54 3
> 9797 5061 470 -151 -19 3
> 12062 5212 486 52 95 3
! 109781 3315 200
! 34557 102649 0
> 12277 7350 504 15 -98 3
> 11409 5756 159 -319 -72 3
> 10467 4907 569 -131 -1 3
> 12548 5264 413 44 77 3
! 7893 -1638 200 sims=265293 RUNNER
! 17287 -2334 0 sims=265293 BLOCKER
> 12277 7350 504 15 -98 3
> 11409 5756 159 -319 -72 3
> 10467 4907 569 -131 -1 3
> 12548 5264 413 44 77 3
! 106097 34144 0
! 3832 104883 200
> 12693 7185 353 -140 -116 3
> 11568 5437 135 -271 -54 3
> 11036 4776 483 -111 17 3
> 12944 5507 336 206 95 3
! 11301 -2718 200 sims=277676 RUNNER
! 17446 -2653 SHIELD sims=277676 BLOCKER
> 12693 7185 353 -140 -116 3
> 11568 5437 135 -271 -54 3
> 11036 4776 483 -111 17 3
> 12944 5507 336 206 95 3
! 92951 62133 200
! -26129 97557 200
> 13018 6847 276 -287 -98 3
> 11756 5235 164 -165 -54 3
> 11153 4085 53 -646 35 3
> 13202 5897 219 331 113 3
! 11626 -3056 SHIELD sims=292698 RUNNER
! 19846 -643 0 sims=292698 BLOCKER
> 13018 6847 276 -287 -98 3
> 11756 5235 164 -165 -54 3
> 11153 4085 53 -646 35 3
> 13202 5897 219 331 113 3
! 71334 83948 200
! -52403 81367 SHIELD
> 13199 6999 124 268 -98 3
> 11920 5070 139 -140 -36 3
> 11326 3599 147 -413 53 3
> 13516 5789 296 -230 131 3
! 8815 -1989 0 sims=282849 RUNNER
! 21431 1980 0 sims=282849 BLOCKER
> 13199 6999 124 268 -98 3
> 11920 5070 139 -140 -36 3
> 11326 3599 147 -413 53 3
> 13516 5789 296 -230 131 3
! 71507 83462 200
! -52089 81259 0
> 13323 7267 105 227 -116 3
> 12059 4930 118 -119 -18 3
> 11593 3346 227 -215 53 3
> 13812 5559 251 -195 131 4
! 11931 -2636 0 sims=281127 RUNNER
! 20149 -948 0 sims=281127 BLOCKER
> 13323 7267 105 227 -116 3
> 12059 4930 118 -119 -18 3
> 11593 3346 227 -215 53 3
> 13812 5559 251 -195 131 4
! 71774 83209 200
! -51793 81029 0
> 13428 7494 89 192 -98 3
> 12177 4811 100 -101 -36 3
> 11940 3291 295 -46 53 3
> 14063 5364 213 -165 131 4
! 15164 -2354 0 sims=260239 RUNNER
! 18055 -3279 200 sims=260239 BLOCKER
> 13428 7494 89 192 -98 3
> 12177 4811 100 -101 -36 3
> 11940 3291 295 -46 53 3
> 14063 5364 213 -165 131 4
! 44496 97842 0
! -71653 56867 0
> 13517 7686 75 163 -80 3
> 12395 4548 184 -223 -54 3
> 12235 3245 250 -39 71 3
> 14276 5199 181 -140 149 4
! 12125 -2217 200 sims=241913 BLOCKER
! 20485 -1330 0 sims=241913 RUNNER
> 13517 7686 75 163 -80 3
> 12395 4548 184 -223 -54 3
> 12235 3245 250 -39 71 3
> 14276 5199 181 -140 149 4
! 44791 97796 SHIELD
! -83160 27694 0
> 13564 7651 40 -29 -98 3
> 12579 4325 156 -189 -36 3
> 12485 3206 212 -33 71 3
> 14457 5059 153 -119 167 4
! 15300 -2197 200 sims=205338 BLOCKER
! 22090 1235 0 sims=205338 RUNNER
> 13564 7651 40 -29 -98 3
> 12579 4325 156 -189 -36 3
> 12485 3206 212 -33 71 3
> 14457 5059 153 -119 167 4
! 72666 83069 200
! -85162 -3656 200
> 13639 7425 63 -192 -80 3
> 12735 4136 132 -160 -18 3
> 12697 3173 180 -28 53 3
> 14411 4923 -39 -115 -175 4
! 15375 -2423 200 sims=248920 RUNNER
! 22735 4136 0 sims=248920 BLOCKER
> 13639 7425 63 -192 -80 3
> 12735 4136 132 -160 -18 3
> 12697 3173 180 -28 53 3
> 14411 4923 -39 -115 -175 4
! 45253 97724 0
! -77639 -34150 0
> 13737 7036 83 -330 -80 3
> 12867 3976 112 -136 0 3
> 12877 3145 153 -23 71 3
> 14372 4808 -33 -97 -157 4
! 12345 -2867 200 sims=221431 RUNNER
! 22867 3976 SHIELD sims=221431 BLOCKER
> 13737 7036 83 -330 -80 3
> 12867 3976 112 -136 0 3
> 12877 3145 153 -23 71 3
> 14372 4808 -33 -97 -157 4
! 14622 103129 SHIELD
! -85247 -3907 200
> 13792 6508 46 -448 -98 3
> 12977 3921 92 -20 0 3
> 13032 3041 132 -114 89 3
> 14140 4694 -197 -97 -175 4
! 9408 -2480 200 sims=217588 RUNNER
! 22488 7011 0 sims=217588 BLOCKER
> 13792 6508 46 -448 -98 3
> 12977 3921 92 -20 0 3
> 13032 3041 132 -114 89 3
> 14140 4694 -197 -97 -175 4
! 14777 103025 0
! -77910 -34379 0
> 13750 5880 -35 -533 -116 3
> 13069 3901 78 -17 18 3
> 13164 2927 112 -96 89 3
> 13943 4597 -167 -82 -157 4
! 6803 -1313 200 sims=224868 RUNNER
! 21159 9779 0 sims=224868 BLOCKER
> 13750 5880 -35 -533 -116 3
> 13069 3901 78 -17 18 3
> 13164 2927 112 -96 89 3
> 13943 4597 -167 -82 -157 4
! 14909 102911 0
! -85676 -4118 200
> 13572 5298 -167 -78 -134 4
> 13069 3787 -350 -534 36 3
> 13276 2831 95 -81 89 3
> 13658 4500 124 -61 -175 4
! 6625 -1895 200 sims=275177 RUNNER
! 22580 6877 0 sims=275177 BLOCKER
> 13572 5298 -167 -78 -134 4
> 13069 3787 -350 -534 36 3
> 13276 2831 95 -81 89 3
> 13658 4500 124 -61 -175 4
! 45832 97382 0
! -83778 26995 200
> 13243 5281 -279 -11 -134 4
> 12719 3253 -297 -453 18 3
> 13371 2750 80 -68 71 3
> 13610 4279 -40 -190 167 4
! 8859 -3707 200 sims=261891 RUNNER
! 22719 3253 200 sims=261891 BLOCKER
> 13243 5281 -279 -11 -134 4
> 12719 3253 -297 -453 18 3
> 13371 2750 80 -68 71 3
> 13610 4279 -40 -190 167 4
! 45927 97301 200
! -86009 -4436 200
> 12876 5090 -311 -162 -116 4
> 12518 2856 -194 -324 0 3
> 13620 2815 235 42 71 3
> 13371 4072 -203 -176 -175 4
! 11484 -4813 200 sims=269458 RUNNER
! 22029 5946 0 sims=269458 BLOCKER
> 12876 5090 -311 -162 -116 4
> 12518 2856 -194 -324 0 3
> 13620 2815 235 42 71 3
> 13371 4072 -203 -176 -175 4
! 15365 102799 200
! -84065 26567 200
> 12537 4730 -288 -306 -98 4
> 12324 2532 -164 -275 18 3
> 13858 3057 202 205 89 3
> 12973 3941 -338 -111 167 4
! 14273 -5118 200 sims=210910 RUNNER
! 20414 8410 0 sims=210910 BLOCKER
> 12537 4730 -288 -306 -98 4
> 12324 2532 -164 -275 18 3
> 13858 3057 202 205 89 3
> 12973 3941 -338 -111 167 4
! -15379 98687 200
! -72743 55444 200
> 12062 4625 -445 -13 -80 4
> 12160 2257 -139 -233 36 3
> 14002 3453 121 336 107 3
> 12685 3535 -202 -420 149 4
! 13798 -5223 200 sims=254772 RUNNER
! 18038 10347 0 sims=254772 BLOCKER
> 12062 4625 -445 -13 -80 4
> 12160 2257 -139 -233 36 3
> 14002 3453 121 336 107 3
> 12685 3535 -202 -420 149 4
! -43355 85368 200
! -52920 79006 200
> 11652 4415 -348 -178 -80 4
> 12021 2024 -118 -198 54 3
> 14008 3953 5 424 125 3
> 12352 3266 -283 -228 131 4
! 16347 -4414 200 sims=236929 RUNNER
! 15111 11535 0 sims=236929 BLOCKER
> 11652 4415 -348 -178 -80 4
> 12021 2024 -118 -198 54 3
> 14008 3953 5 424 125 3
> 12352 3266 -283 -228 131 4
! -65855 64134 200
! -53253 78736 200
> 11398 4060 -215 -301 -62 4
> 11903 1826 -100 -168 72 3
> 13853 4497 -131 462 143 4
> 11938 3189 -352 -65 131 4
! 13134 -5788 200 sims=246778 RUNNER
! 11903 11826 200 sims=246778 BLOCKER
> 11398 4060 -215 -301 -62 4
> 11903 1826 -100 -168 72 3
> 13853 4497 -131 462 143 4
> 11938 3189 -352 -65 131 4
! -80698 37053 0
! -53667 78659 200
> 10983 3923 -456 43 -80 4
> 11803 1858 -84 27 90 3
> 13722 4959 -111 392 161 4
> 11689 2914 -107 -393 131 4
! 15678 -4906 200 sims=253155 RUNNER
! 11803 11858 SHIELD sims=253155 BLOCKER
> 10983 3923 -456 43 -80 4
> 11803 1858 -84 27 90 3
> 13722 4959 -111 392 161 4
> 11689 2914 -107 -393 131 4
! -86262 6704 0
! -74027 54417 200
> 10621 3789 -307 -113 -62 4
> 11719 1885 -71 22 90 3
> 13611 5351 -94 333 179 4
> 11411 2624 -236 -246 149 4
! 17814 -3158 200 sims=277333 RUNNER
! 11719 11885 SHIELD sims=277333 BLOCKER
> 10621 3789 -307 -113 -62 4
> 11719 1885 -71 22 90 3
> 13611 5351 -94 333 179 4
> 11411 2624 -236 -246 149 4
! -82019 -23886 200
! -54194 78095 0
> 10458 3537 -138 -214 -44 4
> 11661 1876 -49 -7 90 3
> 13326 5626 -242 233 197 4
> 11047 2685 -310 52 131 0
! 19446 -847 200 sims=268093 RUNNER
! 8571 11387 0 sims=268093 BLOCKER
> 10458 3537 -138 -214 -44 4
> 11661 1876 -49 -7 90 3
> 13326 5626 -242 233 197 4
> 11047 2685 -310 52 131 0
! -68589 -51731 200
! -28026 94735 200
> 10251 3611 -286 229 -26 4
> 11612 1869 -41 -5 108 3
> 12920 5744 -344 100 -145 4
> 10907 2546 -8 -285 113 0
! 19239 -773 200 sims=220010 RUNNER
! 5734 9959 0 sims=220010 BLOCKER
> 10251 3611 -286 229 -26 4
> 11612 1869 -41 -5 108 3
> 12920 5744 -344 100 -145 4
> 10907 2546 -8 -285 113 0
! -47261 -74119 200
! 2191 102165 200
> 10145 3752 -90 120 -26 4
> 11571 1864 -34 -4 126 3
> 12456 5684 -394 -50 -127 4
> 10882 2460 -21 -72 95 0
! 20048 2360 200 sims=219457 RUNNER
! 3481 7742 0 sims=219457 BLOCKER
> 10145 3752 -90 120 -26 4
> 11571 1864 -34 -4 126 3
> 12456 5684 -394 -50 -127 4
> 10882 2460 -21 -72 95 0
! -20100 -88867 200
! 2166 102079 200
> 10253 3844 91 78 -8 4
> 11537 1860 -28 -3 144 3
> 11997 5445 -390 -203 -109 4
> 10844 2587 -32 108 95 0
! 19241 -540 200 sims=224861 RUNNER
! 5659 9950 0 sims=224861 BLOCKER
> 10253 3844 91 78 -8 4
> 11537 1860 -28 -3 144 3
> 11997 5445 -390 -203 -109 4
> 10844 2587 -32 108 95 0
! 10251 -94539 200
! 33339 100024 0
> 10524 3834 230 -8 -26 4
> 11509 1857 -23 -2 126 3
> 11604 5042 -334 -342 -91 4
> 10812 2695 -27 91 77 0
! 17717 -3113 200 sims=241185 RUNNER
! 5631 9947 200 sims=241185 BLOCKER
> 10524 3834 230 -8 -26 4
> 11509 1857 -23 -2 126 3
> 11604 5042 -334 -342 -91 4
> 10812 2695 -27 91 77 0
! 9858 -94942 200
! 62315 88411 200
> 10894 3759 299 235 -44 4
> 11368 2017 -119 135 126 3
> 11267 4500 -286 -460 -91 4
> 10892 2886 82 -136 59 0
! 18087 -3188 SHIELD sims=273014 RUNNER
! 5490 10107 SHIELD sims=273014 BLOCKER
> 10894 3759 299 235 -44 4
> 11368 2017 -119 135 126 3
> 11267 4500 -286 -460 -91 4
> 10892 2886 82 -136 59 0
! -21289 -90051 200
! 86362 68491 200
> 11108 3823 179 50 -44 4
> 11252 2141 -91 80 126 3
> 11765 5564 443 944 -109 4
> 11092 2995 98 340 41 0
! 18301 -3124 SHIELD sims=260988 RUNNER
! 8162 11652 0 sims=260988 BLOCKER
> 11108 3823 179 50 -44 4
> 11252 2141 -91 80 126 3
> 11765 5564 443 944 -109 4
> 11092 2995 98 340 41 0
! -20791 -88987 200
! 62595 88711 SHIELD
> 11295 4132 159 286 -44 4
> 11161 2221 -77 68 108 3
> 12143 6319 321 641 -109 4
> 11182 3076 75 44 59 0
! 15990 -4697 0 sims=278656 RUNNER
! 11161 12221 0 sims=278656 BLOCKER
> 11295 4132 159 286 -44 4
> 11161 2221 -77 68 108 3
> 12143 6319 321 641 -109 4
> 11182 3076 75 44 59 0
! -20413 -88232 200
! 62685 88792 0
> 11454 4418 135 243 -62 4
> 11084 2289 -65 57 90 3
> 12399 6771 217 384 -109 4
> 11257 3120 63 37 59 0
! 13190 -5430 0 sims=262444 RUNNER
! 14174 11800 0 sims=262444 BLOCKER
> 11454 4418 135 243 -62 4
> 11084 2289 -65 57 90 3
> 12399 6771 217 384 -109 4
> 11257 3120 63 37 59 0
! -20157 -87780 200
! 33752 100557 0
> 11589 4661 114 206 -80 4
> 11019 2346 -55 48 72 3
> 12551 6966 129 165 -109 4
> 11320 3157 53 31 77 0
! 16284 -4168 0 sims=258916 RUNNER
! 16897 10436 0 sims=258916 BLOCKER
> 11589 4661 114 206 -80 4
> 11019 2346 -55 48 72 3
> 12551 6966 129 165 -109 4
> 11320 3157 53 31 77 0
! -20005 -87585 200
! 62823 88873 200
> 11703 4867 96 175 -62 4
> 10964 2394 -46 40 54 3
> 12615 6942 54 -20 -109 4
> 11373 3188 45 26 59 0
! 13439 -4981 0 sims=255486 RUNNER
! 16842 10484 200 sims=255486 BLOCKER
> 11703 4867 96 175 -62 4
> 10964 2394 -46 40 54 3
> 12615 6942 54 -20 -109 4
> 11373 3188 45 26 59 0
! 10869 -93042 200
! 62876 88904 0
> 11799 5042 81 148 -80 4
> 10991 2517 -24 21 54 3
> 12666 6722 42 -186 -91 4
> 11462 3292 123 172 59 0
! 16494 -3787 200 sims=241647 RUNNER
! 16869 10607 200 sims=241647 BLOCKER
> 11799 5042 81 148 -80 4
> 10991 2517 -24 21 54 3
> 12666 6722 42 -186 -91 4
> 11462 3292 123 172 59 0
! -19890 -87829 0
! 33957 100729 200
> 11974 5013 148 -24 -62 4
> 11085 2700 79 155 54 3
> 12708 6536 35 -158 -109 4
> 11630 3659 142 311 77 0
! 13710 -4835 0 sims=239967 RUNNER
! 14175 12211 0 sims=239967 BLOCKER
> 11974 5013 148 -24 -62 4
> 11085 2700 79 155 54 3
> 12708 6536 35 -158 -109 4
> 11630 3659 142 311 77 0
! -47473 -73327 200
! 63133 89375 0
> 12122 4989 125 -20 -80 4
> 11164 2855 67 131 72 3
> 12623 6218 -72 -270 -127 4
> 11772 3970 120 264 59 0
! 10730 -4914 0 sims=233478 RUNNER
! 17042 10945 0 sims=233478 BLOCKER
> 12122 4989 125 -20 -80 4
> 11164 2855 67 131 72 3
> 12623 6218 -72 -270 -127 4
> 11772 3970 120 264 59 0
! -19933 -88333 0
! 87242 69575 0
> 12247 4969 106 -17 -98 4
> 11231 2986 56 111 54 3
> 12551 5948 -61 -229 -109 4
> 11892 4234 102 224 41 0
! 10855 -4934 SHIELD sims=238455 RUNNER
! 14321 12497 0 sims=238455 BLOCKER
> 12247 4969 106 -17 -98 4
> 11231 2986 56 111 54 3
> 12551 5948 -61 -229 -109 4
> 11892 4234 102 224 41 0
! -20005 -88603 0
! 103942 43307 0
> 12367 4974 96 -26 -98 4
> 11287 3097 47 94 72 3
> 12510 5818 33 227 -109 4
> 11834 4136 -60 -106 23 0
! 7983 -4014 0 sims=251741 RUNNER
! 17165 11187 0 sims=251741 BLOCKER
> 12367 4974 96 -26 -98 4
> 11287 3097 47 94 72 3
> 12510 5818 33 227 -109 4
> 11834 4136 -60 -106 23 0
! -47671 -74045 200
! 103884 43209 SHIELD
> 12463 4948 81 -22 -116 4
> 11334 3191 39 79 54 3
> 12423 5885 -74 57 -127 4
> 11774 4030 -51 -90 23 0
! 5516 -2245 0 sims=253603 RUNNER
! 17212 11281 SHIELD sims=253603 BLOCKER
> 12463 4948 81 -22 -116 4
> 11334 3191 39 79 54 3
> 12423 5885 -74 57 -127 4
> 11774 4030 -51 -90 23 0
! -47758 -73978 200
! 87244 69635 200
> 12544 4926 68 -18 -134 4
> 11369 3263 19 40 54 3
> 12229 5782 -165 -87 -127 4
> 11760 4011 93 185 41 0
! 8160 -4062 0 sims=275989 RUNNER
! 14459 12774 0 sims=275989 BLOCKER
> 12544 4926 68 -18 -134 4
> 11369 3263 19 40 54 3
> 12229 5782 -165 -87 -127 4
> 11760 4011 93 185 41 0
! -69686 -51575 200
! 103810 43084 200
> 12612 4908 57 -15 -116 4
> 11388 3303 16 34 72 3
> 11900 5580 -279 -171 -145 4
> 11853 4196 79 157 23 0
! 11220 -4995 200 sims=271012 RUNNER
! 11388 13303 0 sims=271012 BLOCKER
> 12612 4908 57 -15 -116 4
> 11388 3303 16 34 72 3
> 11900 5580 -279 -171 -145 4
> 11853 4196 79 157 23 0
! -48281 -74283 200
! 111472 12911 SHIELD
> 12662 4706 317 -31 -98 4
> 11404 3337 13 28 90 3
> 11501 5249 -339 -281 -127 4
> 11930 4352 37 118 5 0
! 14398 -5142 200 sims=290808 RUNNER
! 8314 12848 0 sims=290808 BLOCKER
> 12662 4706 317 -31 -98 4
> 11404 3337 13 28 90 3
> 11501 5249 -339 -281 -127 4
> 11930 4352 37 118 5 0
! -48680 -74614 200
! 109367 -18143 0
> 13014 4478 298 -193 -80 4
> 11417 3365 11 23 108 3
> 11042 4808 -390 -374 -127 4
> 11967 4470 31 100 -13 0
! 11622 -5425 0 sims=304689 RUNNER
! 5539 11455 200 sims=304689 BLOCKER
> 13014 4478 298 -193 -80 4
> 11417 3365 11 23 108 3
> 11042 4808 -390 -374 -127 4
> 11967 4470 31 100 -13 0
! -21514 -89743 0
! 97683 -47033 0
> 13312 4285 253 -164 -98 4
> 11310 3550 -90 157 126 3
> 10652 4434 -331 -317 -109 4
> 11998 4570 26 85 -31 0
! 8928 -4703 200 sims=296583 RUNNER
! 3220 9428 200 sims=296583 BLOCKER
> 13312 4285 253 -164 -98 4
> 11310 3550 -90 157 126 3
> 10652 4434 -331 -317 -109 4
> 11998 4570 26 85 -31 0
! 8906 -95550 0
! 77603 -70901 200
> 13477 3941 140 -292 -116 4
> 11067 3821 -56 165 144 3
> 10313 4121 -438 -201 -91 4
> 12024 4655 22 72 -49 0
! 6530 -3252 200 sims=306852 RUNNER
! 1556 6911 0 sims=306852 BLOCKER
> 13477 3941 140 -292 -116 4
> 11067 3821 -56 165 144 3
> 10313 4121 -438 -201 -91 4
> 12024 4655 22 72 -49 0
! 39550 -91509 0
! 51097 -87395 200
> 13478 3505 0 -370 -134 4
> 11011 3986 -47 140 162 3
> 9875 3920 -372 -170 -73 4
> 12124 4543 85 -95 -67 0
! 4649 -1190 200 sims=265139 RUNNER
! 2921 9864 200 sims=265139 BLOCKER
> 13478 3505 0 -370 -134 4
> 11011 3986 -47 140 162 3
> 9875 3920 -372 -170 -73 4
> 12124 4543 85 -95 -67 0
! 67232 -77995 200
! 20839 -95076 200
> 13301 3041 -150 -394 -152 4
> 10802 4244 -177 218 144 3
> 9618 3586 -218 -283 -55 4
> 12226 4249 87 -250 -85 0
! 4472 -1654 200 sims=240639 RUNNER
! 4924 12334 200 sims=240639 BLOCKER
> 13301 3041 -150 -394 -152 4
> 10802 4244 -177 218 144 3
> 9618 3586 -218 -283 -55 4
> 12226 4249 87 -250 -85 0
! 89481 -56595 200
! -10269 -93187 200
> 12974 2553 -277 -414 -152 4
> 10507 4624 -250 322 126 3
> 9560 3183 -49 -342 -37 4
> 12268 3804 35 -378 -103 0
! 4145 -2142 200 sims=281617 RUNNER
! 7417 14135 0 sims=281617 BLOCKER
> 12974 2553 -277 -414 -152 4
> 10507 4624 -250 322 126 3
> 9560 3183 -49 -342 -37 4
> 12268 3804 35 -378 -103 0
! 104111 -29373 200
! -39235 -81912 0
> 12520 2045 -385 -431 -152 4
> 10257 4946 -212 273 108 3
> 9700 2776 119 -346 -19 4
> 12303 3426 29 -321 -121 0
! 3691 -2650 200 sims=277445 RUNNER
! 4379 13036 0 sims=277445 BLOCKER
> 12520 2045 -385 -431 -152 4
> 10257 4946 -212 273 108 3
> 9700 2776 119 -346 -19 4
> 12303 3426 29 -321 -121 0
! 109684 1030 200
! -63168 -62179 0
> 11958 1520 -477 -446 -152 4
> 10045 5219 -180 232 126 3
> 10019 2427 271 -297 -1 4
> 12332 3105 24 -272 -139 0
! 2110 -216 0 sims=287574 RUNNER
! 6955 14730 0 sims=287574 BLOCKER
> 11958 1520 -477 -446 -152 4
> 10045 5219 -180 232 126 3
> 10019 2427 271 -297 -1 4
> 12332 3105 24 -272 -139 0
! 105649 31664 0
! -79718 -35968 0
> 11481 1074 -405 -379 -170 4
> 9865 5451 -153 197 108 3
> 10290 2130 230 -252 17 0
> 12356 2833 20 -231 -157 0
! 1578 2466 0 sims=303632 RUNNER
! 3987 13541 0 sims=303632 BLOCKER
> 11481 1074 -405 -379 -170 4
> 9865 5451 -153 197 108 3
> 10290 2130 230 -252 17 0
> 12356 2833 20 -231 -157 0
! 92205 59487 0
! -79694 -36240 200
> 11076 695 -344 -322 -188 4
> 9712 5648 -130 167 126 3
> 10520 1878 195 -214 35 0
> 12192 2524 -139 -262 -157 0
! 2088 5079 0 sims=298242 RUNNER
! 6622 15159 0 sims=298242 BLOCKER
> 11076 695 -344 -322 -188 4
> 9712 5648 -130 167 126 3
> 10520 1878 195 -214 35 0
> 12192 2524 -139 -262 -157 0
! 70701 81741 200
! -63279 -63081 0
> 10732 373 -292 -273 -206 4
> 9582 5815 -110 141 108 3
> 10835 1824 268 -46 53 0
> 12053 2262 -118 -222 -139 0
! 3539 7320 0 sims=295855 RUNNER
! 3704 13905 0 sims=295855 BLOCKER
> 10732 373 -292 -273 -206 4
> 9582 5815 -110 141 108 3
> 10835 1824 268 -46 53 0
> 12053 2262 -118 -222 -139 0
! 43391 96375 200
! -79997 -36811 200
> 10440 100 -248 -232 -224 4
> 9472 5956 -93 119 126 3
> 10945 1928 -304 18 71 0
> 11974 2001 331 -152 -157 0
! 5745 8929 0 sims=312382 RUNNER
! 6382 15467 0 sims=312382 BLOCKER
> 10440 100 -248 -232 -224 4
> 9472 5956 -93 119 126 3
> 10945 1928 -304 18 71 0
> 11974 2001 331 -152 -157 0
! 43501 96479 200
! -87645 -6714 200
> 10192 -132 -210 -197 118 4
> 9379 6075 -79 101 108 3
> 10706 2135 -203 176 71 0
> 12106 1832 111 -144 -175 0
! 8456 9716 200 sims=311472 RUNNER
! 3501 14165 0 sims=311472 BLOCKER
> 10192 -132 -210 -197 118 4
> 9379 6075 -79 101 108 3
> 10706 2135 -203 176 71 0
> 12106 1832 111 -144 -175 0
! 12451 102119 200
! -85330 24327 200
> 9947 -132 -208 0 100 4
> 9300 6176 -67 85 126 3
> 10506 2511 -169 319 89 0
> 12022 1733 -71 -84 -193 0
! 11339 9771 0 sims=291067 RUNNER
! 1210 12054 0 sims=291067 BLOCKER
> 9947 -132 -208 0 100 4
> 9300 6176 -67 85 126 3
> 10506 2511 -169 319 89 0
> 12022 1733 -71 -84 -193 0
! 12251 102495 200
! -87597 -6982 200
> 9739 -132 -176 0 82 4
> 9233 6261 -56 72 144 3
> 10340 3030 -140 441 89 0
> 11752 1632 -229 -86 -175 0
! 14123 8856 0 sims=291172 RUNNER
! 3355 14351 0 sims=291172 BLOCKER
> 9739 -132 -176 0 82 4
> 9233 6261 -56 72 144 3
> 10340 3030 -140 441 89 0
> 11752 1632 -229 -86 -175 0
! 12085 103014 200
! -87867 -7083 0
> 9563 -132 -149 0 64 4
> 9177 6333 -47 61 126 3
> 10203 3671 -116 544 89 0
> 11523 1546 -194 -73 -175 0
! 16510 7061 0 sims=292964 RUNNER
! 1087 12211 0 sims=292964 BLOCKER
> 9563 -132 -149 0 64 4
> 9177 6333 -47 61 126 3
> 10203 3671 -116 544 89 0
> 11523 1546 -194 -73 -175 0
! -19034 99301 200
! -80527 -37527 0
> 9414 -132 -126 0 46 4
> 9130 6394 -39 51 144 3
> 10029 4406 -148 624 107 0
> 11329 1473 -164 -62 -157 0
! 13798 8856 200 sims=271257 RUNNER
! -381 9484 0 sims=271257 BLOCKER
> 9414 -132 -126 0 46 4
> 9130 6394 -39 51 144 3
> 10029 4406 -148 624 107 0
> 11329 1473 -164 -62 -157 0
! -47328 86321 0
! -80721 -37600 0
> 9376 48 -32 152 64 4
> 9091 6445 -33 43 162 3
> 9881 5030 -125 530 125 0
> 11165 1411 -139 -52 -157 0
! 16323 7241 0 sims=250229 RUNNER
! -909 6445 0 sims=250229 BLOCKER
> 9376 48 -32 152 64 4
> 9091 6445 -33 43 162 3
> 9881 5030 -125 530 125 0
> 11165 1411 -139 -52 -157 0
! -47476 86945 0
! -88454 -7304 200
> 9344 200 -27 129 46 4
> 9058 6488 -28 36 180 3
> 9756 5560 -106 450 125 0
> 10827 1342 -287 -59 -175 0
! 18173 4895 200 sims=256830 RUNNER
! -453 3398 0 sims=256830 BLOCKER
> 9344 200 -27 129 46 4
> 9058 6488 -28 36 180 3
> 9756 5560 -106 450 125 0
> 10827 1342 -287 -59 -175 0
! -70107 65741 0
! -81223 -37731 0
> 9494 423 127 189 28 4
> 9030 6524 -23 30 -162 3
> 9650 6010 -90 382 143 0
> 10540 1283 -243 -50 -157 0
! 16441 7616 200 sims=268310 RUNNER
! -481 3434 SHIELD sims=268310 BLOCKER
> 9494 423 127 189 28 4
> 9030 6524 -23 30 -162 3
> 9650 6010 -90 382 143 0
> 10540 1283 -243 -50 -157 0
! -70213 66191 0
! -64931 -64322 200
> 9546 573 -314 -178 46 4
> 8969 6585 -52 52 -162 3
> 9939 6081 252 55 143 0
> 10360 1285 205 307 -139 0
! 16493 7766 200 sims=297038 RUNNER
! 879 707 0 sims=297038 BLOCKER
> 9546 573 -314 -178 46 4
> 8969 6585 -52 52 -162 3
> 9939 6081 252 55 143 0
> 10360 1285 205 307 -139 0
! -69924 66262 200
! -65111 -64320 0
> 9371 539 -148 -29 46 4
> 8917 6637 -44 44 -144 3
> 10031 6256 78 149 143 0
> 10565 1592 174 260 -139 0
! 16318 7732 200 sims=271719 RUNNER
! 3039 -1453 0 sims=271719 BLOCKER
> 9371 539 -148 -29 46 4
> 8917 6637 -44 44 -144 3
> 10031 6256 78 149 143 0
> 10565 1592 174 260 -139 0
! -84520 38812 200
! -64906 -64013 200
> 9362 654 -7 97 46 4
> 8873 6681 -37 37 -126 3
> 9920 6470 -94 181 161 0
> 10588 1721 19 109 -139 0
! 16309 7847 200 sims=267519 RUNNER
! 5783 -2830 0 sims=267519 BLOCKER
> 9362 654 -7 97 46 4
> 8873 6681 -37 37 -126 3
> 9920 6470 -94 181 161 0
> 10588 1721 19 109 -139 0
! -90064 8215 200
! -64883 -63884 200
> 9494 895 112 204 46 4
> 8829 6719 -258 50 -108 3
> 9633 6654 -22 137 179 0
> 10456 1699 -112 -18 -139 0
! 18323 5590 200 sims=270991 RUNNER
! 8829 -3281 200 sims=270991 BLOCKER
> 9494 895 112 204 46 4
> 8829 6719 -258 50 -108 3
> 9633 6654 -22 137 179 0
> 10456 1699 -112 -18 -139 0
! -84918 39210 200
! -65015 -63906 200
> 9587 1027 -214 -137 28 4
> 8571 6569 -219 -127 -90 3
> 9422 6856 -179 171 161 0
> 10388 1716 236 263 -139 0
! 16534 8220 200 sims=295834 RUNNER
! 8571 -3431 200 sims=295834 BLOCKER
> 9587 1027 -214 -137 28 4
> 8571 6569 -219 -127 -90 3
> 9422 6856 -179 171 161 0
> 10388 1716 236 263 -139 0
! -90562 8601 200
! -65083 -63889 200
> 9512 1034 -63 5 46 4
> 8352 6242 -186 -277 -90 3
> 9043 7030 -322 148 179 1
> 10473 1848 72 112 -139 0
! 16459 8227 200 sims=298620 RUNNER
! 5262 -3269 200 sims=298620 BLOCKER
> 9512 1034 -63 5 46 4
> 8352 6242 -186 -277 -90 3
> 9043 7030 -322 148 179 1
> 10473 1848 72 112 -139 0
! -86587 -22207 0
! -64998 -63757 200
> 9588 1183 64 126 46 4
> 8104 5775 -210 -397 -108 3
> 8721 7178 -273 125 -163 1
> 10394 1829 -67 -16 -139 0
! 18417 5878 200 sims=292859 RUNNER
! 8104 -4225 0 sims=292859 BLOCKER
> 9588 1183 64 126 46 4
> 8104 5775 -210 -397 -108 3
> 8721 7178 -273 125 -163 1
> 10394 1829 -67 -16 -139 0
! -73194 -50179 0
! -81656 -37244 200
> 9566 1179 -168 -132 28 4
> 7894 5378 -178 -337 -90 3
> 8448 7303 -232 106 -145 1
> 10405 1959 159 239 -157 0
! 18395 5874 200 sims=300048 RUNNER
! 4804 -4133 0 sims=300048 BLOCKER
> 9566 1179 -168 -132 28 4
> 7894 5378 -178 -337 -90 3
> 8448 7303 -232 106 -145 1
> 10405 1959 159 239 -157 0
! -51733 -72560 200
! -65066 -63646 200
> 9575 1141 7 -32 28 4
> 7716 5041 -151 -286 -108 3
> 8096 7249 -299 -45 -127 1
> 10413 2067 6 91 -139 0
! 16522 8334 200 sims=269976 RUNNER
! 7716 -4959 0 sims=269976 BLOCKER
> 9575 1141 7 -32 28 4
> 7716 5041 -151 -286 -108 3
> 8096 7249 -299 -45 -127 1
> 10413 2067 6 91 -139 0
! -24460 -87302 200
! -41090 -83649 200
> 9721 1253 124 95 46 4
> 7565 4755 -128 -243 -90 3
> 7732 7015 -309 -198 -109 1
> 10316 1987 -82 -68 -121 0
! 16668 8446 SHIELD sims=278313 RUNNER
! 4475 -4756 0 sims=278313 BLOCKER
> 9721 1253 124 95 46 4
> 7565 4755 -128 -243 -90 3
> 7732 7015 -309 -198 -109 1
> 10316 1987 -82 -68 -121 0
! 5986 -92969 200
! -41187 -83729 200
> 9810 1304 61 25 46 4
> 7437 4512 -108 -206 -108 3
> 7420 6617 -265 -338 -91 1
> 10480 2188 278 346 -121 0
! 16757 8497 0 sims=261177 RUNNER
! 1559 -3578 0 sims=261177 BLOCKER
> 9810 1304 61 25 46 4
> 7437 4512 -108 -206 -108 3
> 7420 6617 -265 -338 -91 1
> 10480 2188 278 346 -121 0
! 36657 -89013 200
! -41023 -83528 200
> 9871 1329 51 21 46 4
> 7329 4306 -91 -175 -126 3
> 7213 6088 -175 -449 -73 1
> 10655 2363 148 148 -121 0
! 16818 8522 0 sims=284200 RUNNER
! -761 -1572 0 sims=284200 BLOCKER
> 9871 1329 51 21 46 4
> 7329 4306 -91 -175 -126 3
> 7213 6088 -175 -449 -73 1
> 10655 2363 148 148 -121 0
! 64570 -75827 200
! -40848 -83353 200
> 9922 1350 43 17 46 4
> 7238 4131 -77 -148 -144 3
> 7153 5475 -51 -520 -55 1
> 10700 2340 38 -19 -121 0
! 16869 8543 0 sims=272090 RUNNER
! -2273 1041 200 sims=272090 BLOCKER
> 9922 1350 43 17 46 4
> 7238 4131 -77 -148 -144 3
> 7153 5475 -51 -520 -55 1
> 10700 2340 38 -19 -121 0
! 36390 -90155 200
! -64771 -63265 200
> 9965 1367 36 14 46 4
> 6971 3921 -227 -178 -162 3
> 7160 4764 6 -604 -73 1
> 10587 2190 -96 -127 -139 0
! 16912 8560 200 sims=256648 RUNNER
! -2540 831 SHIELD sims=256648 BLOCKER
> 9965 1367 36 14 46 4
> 6971 3921 -227 -178 -162 3
> 7160 4764 6 -604 -73 1
> 10587 2190 -96 -127 -139 0
! 5414 -95220 0
! -40916 -83526 200
> 9928 1237 -148 -268 46 4
> 6729 3694 -208 -201 -162 3
> 7313 4645 157 -9 -91 1
> 10600 2179 128 149 -121 0
! 14312 10225 200 sims=261653 RUNNER
! -3271 3694 0 sims=261653 BLOCKER
> 9928 1237 -148 -268 46 4
> 6729 3694 -208 -201 -162 3
> 7313 4645 157 -9 -91 1
> 10600 2179 128 149 -121 0
! -25243 -89906 200
! -40903 -83537 200
> 9868 1149 -51 -75 64 4
> 6521 3493 -176 -170 180 3
> 7405 4447 78 -168 -109 1
> 10625 2157 21 -19 -121 0
! 16815 8342 200 sims=286671 RUNNER
! -2990 6583 0 sims=286671 BLOCKER
> 9868 1149 -51 -75 64 4
> 6521 3493 -176 -170 180 3
> 7405 4447 78 -168 -109 1
> 10625 2157 21 -19 -121 0
! -25151 -90104 200
! -64846 -63448 200
> 9956 1218 74 58 46 4
> 6345 3323 -149 -144 162 3
> 7418 4090 10 -303 -109 1
> 10495 2007 -110 -127 -139 0
! 16903 8411 200 sims=290822 RUNNER
! -1745 9201 0 sims=290822 BLOCKER
> 9956 1218 74 58 46 4
> 6345 3323 -149 -144 162 3
> 7418 4090 10 -303 -109 1
> 10495 2007 -110 -127 -139 0
! -52763 -75773 200
! -41008 -83709 200
> 9897 1004 -121 -292 46 4
> 6196 3179 -126 -122 144 3
> 7308 3627 -93 -393 -127 1
> 10553 2124 121 210 -121 0
! 14281 9992 200 sims=284207 RUNNER
! 318 11269 200 sims=284207 BLOCKER
> 9897 1004 -121 -292 46 4
> 6196 3179 -126 -122 144 3
> 7308 3627 -93 -393 -127 1
> 10553 2124 121 210 -121 0
! -52873 -76236 200
! -40950 -83592 200
> 9864 892 -28 -95 64 4
> 5952 3219 -207 33 126 3
> 7095 3074 -181 -469 -127 1
> 10571 2163 15 32 -121 0
! 14248 9880 200 sims=290150 RUNNER
! 74 11309 200 sims=290150 BLOCKER
> 9864 892 -28 -95 64 4
> 5952 3219 -207 33 126 3
> 7095 3074 -181 -469 -127 1
> 10571 2163 15 32 -121 0
! -74820 -54283 0
! -40932 -83553 200
> 9924 977 50 72 64 4
> 5627 3414 -275 165 126 3
> 6914 2605 -153 -398 -145 2
> 10483 2024 -74 -118 -121 0
! 14308 9965 200 sims=291487 RUNNER
! 2537 12925 0 sims=291487 BLOCKER
> 9924 977 50 72 64 4
> 5627 3414 -275 165 126 3
> 6914 2605 -153 -398 -145 2
> 10483 2024 -74 -118 -121 0
! -88716 -26632 0
! -41020 -83692 200
> 9953 1016 -124 -259 64 4
> 5352 3579 -233 140 108 3
> 6761 2207 -130 -338 -163 2
> 10415 1947 91 227 -121 0
! 14337 10004 200 sims=285775 RUNNER
! -526 11669 0 sims=285775 BLOCKER
> 9953 1016 -124 -259 64 4
> 5352 3579 -233 140 108 3
> 6761 2207 -130 -338 -163 2
> 10415 1947 91 227 -121 0
! -93223 3952 0
! -41088 -83769 200
> 9917 937 -30 -67 64 4
> 5119 3719 -198 119 126 3
> 6631 1869 -110 -287 179 2
> 10403 2003 -10 47 -121 0
! 14301 9925 200 sims=293195 RUNNER
! 2029 13230 0 sims=293195 BLOCKER
> 9917 937 -30 -67 64 4
> 5119 3719 -198 119 126 3
> 6631 1869 -110 -287 179 2
> 10403 2003 -10 47 -121 0
! -87920 34425 0
! -12092 -95433 200
> 9975 1050 49 95 64 4
> 4921 3838 -168 101 108 3
> 6521 1582 -93 -243 161 2
> 10348 1855 -46 -125 -103 0
! 14359 10038 200 sims=293391 RUNNER
! -957 11928 0 sims=293391 BLOCKER
> 9975 1050 49 95 64 4
> 4921 3838 -168 101 108 3
> 6521 1582 -93 -243 161 2
> 10348 1855 -46 -125 -103 0
! -73342 61763 200
! -41155 -83861 200
> 9882 824 -110 -259 64 4
> 4753 3939 -142 85 126 3
> 6268 1459 -214 -104 143 2
> 10429 2059 99 241 -121 0
! 14266 9812 200 sims=303499 RUNNER
! -3337 9817 0 sims=303499 BLOCKER
> 9882 824 -110 -259 64 4
> 4753 3939 -142 85 126 3
> 6268 1459 -214 -104 143 2
> 10429 2059 99 241 -121 0
! -51089 83374 200
! -41074 -83657 200
> 9860 745 -18 -67 64 4
> 4611 4024 -120 72 144 3
> 5939 1519 -279 50 125 2
> 10425 2129 -3 59 -121 0
! 14244 9733 200 sims=294287 RUNNER
! -4900 7114 0 sims=294287 BLOCKER
> 9860 745 -18 -67 64 4
> 4611 4024 -120 72 144 3
> 5939 1519 -279 50 125 2
> 10425 2129 -3 59 -121 0
! -23298 97149 200
! -12070 -95307 200
> 9930 858 59 95 64 4
> 4491 4096 -102 61 162 3
> 5602 1760 -286 205 107 2
> 10377 1993 -40 -115 -103 0
! 14314 9846 200 sims=281274 RUNNER
! -5509 4096 0 sims=281274 BLOCKER
> 9930 858 59 95 64 4
> 4491 4096 -102 61 162 3
> 5602 1760 -286 205 107 2
> 10377 1993 -40 -115 -103 0
! 7347 101744 200
! -12118 -95443 200
> 10000 938 -70 -264 64 4
> 4389 4157 -86 51 180 3
> 5319 2165 -240 344 89 2
> 10368 1878 123 234 -103 0
! 14384 9926 200 sims=283472 RUNNER
! -5122 1067 0 sims=283472 BLOCKER
> 10000 938 -70 -264 64 4
> 4389 4157 -86 51 180 3
> 5319 2165 -240 344 89 2
> 10368 1878 123 234 -103 0
! -23918 97795 200
! -12127 -95558 200
> 10018 854 15 -71 64 4
> 4303 4208 -73 43 -162 3
> 5021 2700 -253 454 107 2
> 10446 1917 66 33 -103 0
! 14402 9842 200 sims=264229 RUNNER
! -3787 -1670 0 sims=264229 BLOCKER
> 10018 854 15 -71 64 4
> 4303 4208 -73 43 -162 3
> 5021 2700 -253 454 107 2
> 10446 1917 66 33 -103 0
! -52336 84615 0
! -41057 -83799 200
> 10121 963 87 92 64 4
> 4230 4251 -62 36 -144 3
> 4768 3154 -215 385 125 2
> 10409 1779 -31 -117 -121 0
! 14505 9951 200 sims=272195 RUNNER
! -1648 -3839 0 sims=272195 BLOCKER
> 10121 963 87 92 64 4
> 4230 4251 -62 36 -144 3
> 4768 3154 -215 385 125 2
> 10409 1779 -31 -117 -121 0
! -52589 85069 0
! -12086 -95657 200
> 10109 698 -27 -277 64 4
> 4168 4287 -52 30 -126 3
> 4553 3539 -182 327 125 2
> 10519 2004 111 243 -103 0
! 14493 9686 200 sims=257425 RUNNER
! -1710 -3803 SHIELD sims=257425 BLOCKER
> 10109 698 -27 -277 64 4
> 4168 4287 -52 30 -126 3
> 4553 3539 -182 327 125 2
> 10519 2004 111 243 -103 0
! -52804 85454 SHIELD
! -11976 -95432 200
> 10170 601 51 -82 64 4
> 3986 4568 -170 269 -126 3
> 4501 3615 -28 33 125 2
> 10585 2052 56 40 -103 0
! 11562 10504 200 sims=259847 RUNNER
! 896 -4943 0 sims=259847 BLOCKER
> 10170 601 51 -82 64 4
> 3986 4568 -170 269 -126 3
> 4501 3615 -28 33 125 2
> 10585 2052 56 40 -103 0
! -75362 63796 0
! -11910 -95384 200
> 10249 717 67 98 82 4
> 3816 4837 -144 228 -108 3
> 4473 3648 -23 28 143 2
> 10596 1897 9 -131 -103 0
! 11641 10620 200 sims=265349 RUNNER
! 3816 -5163 0 sims=265349 BLOCKER
> 10249 717 67 98 82 4
> 3816 4837 -144 228 -108 3
> 4473 3648 -23 28 143 2
> 10596 1897 9 -131 -103 0
! -52884 85563 200
! -40907 -83819 200
> 10290 823 -64 -261 82 4
> 3672 5065 -122 193 -90 3
> 4450 3676 -19 23 125 2
> 10556 1785 65 256 -121 0
! 14674 9811 200 sims=280455 RUNNER
! 6762 -4446 0 sims=280455 BLOCKER
> 10290 823 -64 -261 82 4
> 3672 5065 -122 193 -90 3
> 4450 3676 -19 23 125 2
> 10556 1785 65 256 -121 0
! -52907 85591 0
! -11939 -95651 200
> 10314 742 20 -69 64 4
> 3550 5258 -103 164 -72 3
> 4431 3699 -16 19 125 2
> 10576 1846 17 51 -103 0
! 11706 10645 200 sims=275317 RUNNER
! 9428 -2832 200 sims=275317 BLOCKER
> 10314 742 20 -69 64 4
> 3550 5258 -103 164 -72 3
> 4431 3699 -16 19 125 2
> 10576 1846 17 51 -103 0
! -75432 63880 0
! -11919 -95590 200
> 10362 871 40 109 82 4
> 3565 5260 12 1 -54 3
> 4415 3718 -13 16 143 2
> 10548 1702 -23 -122 -103 0
! 11754 10774 SHIELD sims=273581 RUNNER
! 6655 -4251 200 sims=273581 BLOCKER
> 10362 871 40 109 82 4
> 3565 5260 12 1 -54 3
> 4415 3718 -13 16 143 2
> 10548 1702 -23 -122 -103 0
! -52942 85633 200
! -11947 -95734 SHIELD
> 10362 797 -9 -105 82 4
> 3639 5071 62 -160 -72 3
> 4287 3898 -108 152 125 2
> 10565 1763 24 94 -103 0
! 11754 10700 0 sims=265580 RUNNER
! 9517 -3019 200 sims=265580 BLOCKER
> 10362 797 -9 -105 82 4
> 3639 5071 62 -160 -72 3
> 4287 3898 -108 152 125 2
> 10565 1763 24 94 -103 0
! -53070 85813 200
! -11930 -95673 0
> 10353 692 -7 -89 82 4
> 3724 4938 -133 296 -54 3
> 4159 4025 96 -301 125 2
> 10589 1857 20 79 -103 0
! 14737 9680 0 sims=272412 RUNNER
! 6814 -4573 200 sims=272412 BLOCKER
> 10353 692 -7 -89 82 4
> 3724 4938 -133 296 -54 3
> 4159 4025 96 -301 125 2
> 10589 1857 20 79 -103 0
! -25078 99655 200
! 19304 -97762 0
> 10346 603 -5 -75 64 4
> 3653 5044 -60 89 -72 3
> 4197 3915 31 -93 107 2
> 10609 1936 17 67 -85 0
! 11738 10506 0 sims=273819 RUNNER
! 9531 -3046 200 sims=273819 BLOCKER
> 10346 603 -5 -75 64 4
> 3653 5044 -60 89 -72 3
> 4197 3915 31 -93 107 2
> 10609 1936 17 67 -85 0
! -53160 85830 200
! 19324 -97683 0
> 10341 528 -4 -63 82 4
> 3711 4971 48 -61 -54 3
> 4113 3986 -71 60 125 2
> 10626 2003 14 56 -85 0
! 11733 10431 200 sims=268058 RUNNER
! 6801 -4540 200 sims=268058 BLOCKER
> 10341 528 -4 -63 82 4
> 3711 4971 48 -61 -54 3
> 4113 3986 -71 60 125 2
> 10626 2003 14 56 -85 0
! -53244 85901 200
! -11869 -95433 200
> 10365 663 20 114 82 4
> 3729 4988 -57 224 -72 3
> 4019 3942 -7 -248 125 2
> 10595 1864 -26 -118 -103 0
! 11757 10566 200 sims=260309 RUNNER
! 3729 -5012 200 sims=260309 BLOCKER
> 10365 663 20 114 82 4
> 3729 4988 -57 224 -72 3
> 4019 3942 -7 -248 125 2
> 10595 1864 -26 -118 -103 0
! -53338 85857 200
! -11900 -95572 200
> 10373 766 -61 -265 82 4
> 3672 5012 -48 20 -90 3
> 3897 3858 -103 -71 125 2
> 10564 1761 41 265 -103 0
! 11765 10669 200 sims=265601 RUNNER
! 3672 -4988 200 sims=265601 BLOCKER
> 10373 766 -61 -265 82 4
> 3672 5012 -48 20 -90 3
> 3897 3858 -103 -71 125 2
> 10564 1761 41 265 -103 0
! -25340 99488 0
! -11931 -95675 200
> 10340 699 -28 -56 82 4
> 3624 4832 -40 -153 -90 3
> 3794 3787 -87 -60 107 2
> 10560 1831 -3 59 -103 0
! 11732 10602 200 sims=254884 RUNNER
! 6714 -4679 200 sims=254884 BLOCKER
> 10340 699 -28 -56 82 4
> 3624 4832 -40 -153 -90 3
> 3794 3787 -87 -60 107 2
> 10560 1831 -3 59 -103 0
! 5539 103771 200
! -11935 -95605 200
> 10340 841 0 120 82 4
> 3612 4721 -41 123 -72 3
> 3744 3695 -10 -295 89 2
> 10512 1695 -40 -115 -103 0
! 14724 9829 0 sims=257320 RUNNER
! 6702 -4790 200 sims=257320 BLOCKER
> 10340 841 0 120 82 4
> 3612 4721 -41 123 -72 3
> 3744 3695 -10 -295 89 2
> 10512 1695 -40 -115 -103 0
! -25493 99325 200
! -11983 -95741 200
> 10267 601 -73 -263 64 4
> 3633 4654 17 -57 -72 3
> 3676 3591 -58 -88 107 2
> 10500 1745 1 101 -103 0
! 11659 10504 200 sims=258335 RUNNER
! 3633 -5346 0 sims=258335 BLOCKER
> 10267 601 -73 -263 64 4
> 3633 4654 17 -57 -72 3
> 3676 3591 -58 -88 107 2
> 10500 1745 1 101 -103 0
! -25561 99221 200
! 19215 -97874 0
> 10222 536 -38 -55 82 4
> 3650 4597 14 -48 -90 3
> 3560 3694 -99 87 107 2
> 10501 1846 0 85 -85 0
! 11614 10439 200 sims=257551 RUNNER
! 560 -4914 200 sims=257551 BLOCKER
> 10222 536 -38 -55 82 4
> 3650 4597 14 -48 -90 3
> 3560 3694 -99 87 107 2
> 10501 1846 0 85 -85 0
! 5305 103678 200
! -11994 -95590 200
> 10212 679 -8 121 82 4
> 3653 4764 14 231 -108 3
> 3414 3576 -135 -190 89 2
> 10456 1736 -38 -93 -103 0
! 14596 9667 200 sims=264894 RUNNER
! 563 -4747 200 sims=264894 BLOCKER
> 10212 679 -8 121 82 4
> 3653 4764 14 231 -108 3
> 3414 3576 -135 -190 89 2
> 10456 1736 -38 -93 -103 0
! 5159 103560 200
! -12039 -95700 200
> 10223 662 -41 -251 64 4
> 3605 4805 -40 34 -108 3
> 3282 3586 -111 8 89 2
> 10441 1766 38 261 -103 0
! 11615 10565 200 sims=266063 RUNNER
! 515 -4706 200 sims=266063 BLOCKER
> 10223 662 -41 -251 64 4
> 3605 4805 -40 34 -108 3
> 3282 3586 -111 8 89 2
> 10441 1766 38 261 -103 0
! 5027 103570 0
! 19156 -97853 200
> 10210 609 -11 -45 82 4
> 3503 4649 -86 -132 -108 3
> 3171 3594 -94 6 89 2
> 10496 1828 47 52 -85 0
! 11602 10512 200 sims=248514 RUNNER
! -2375 -3441 0 sims=248514 BLOCKER
> 10210 609 -11 -45 82 4
> 3503 4649 -86 -132 -108 3
> 3171 3594 -94 6 89 2
> 10496 1828 47 52 -85 0
! 35727 98145 200
! -11999 -95608 200
> 10227 762 14 130 82 4
> 3425 4538 23 147 -126 3
> 3134 3769 -121 -94 71 2
> 10498 1685 1 -121 -103 0
! 14611 9750 200 sims=254772 RUNNER
! 335 -4973 200 sims=254772 BLOCKER
> 10227 762 14 130 82 4
> 3425 4538 23 147 -126 3
> 3134 3769 -121 -94 71 2
> 10498 1685 1 -121 -103 0
! 35690 98320 200
! -41005 -84031 200
> 10199 617 -61 -255 64 4
> 3441 4633 23 106 -108 3
> 3024 3726 -104 -62 71 2
> 10526 1848 61 270 -121 0
! 14583 9605 200 sims=257173 RUNNER
! -2437 -3457 200 sims=257173 BLOCKER
> 10199 617 -61 -255 64 4
> 3441 4633 23 106 -108 3
> 3024 3726 -104 -62 71 2
> 10526 1848 61 270 -121 0
! 35580 98277 200
! -11969 -95588 200
