@ 0 YurkovAS
@ 1 reCurse
CP 3
CP 9117 1838
CP 4993 5279
CP 11485 6103
> 9437 2222 0 0 -1 1
> 8797 1454 0 0 -1 1
> 10078 2990 0 0 -1 1
> 8156 686 0 0 -1 1
! 3144 9993 BOOST sims=281533 RUNNER
! 1604 8401 BOOST sims=281533 BLOCKER
> 9437 2222 0 0 -1 1
> 8797 1454 0 0 -1 1
> 10078 2990 0 0 -1 1
> 8156 686 0 0 -1 1
! -63961 70207 200
! -48561 83045 200
> 9028 2727 -347 429 129 1
> 8329 1906 -397 383 136 1
> 9930 3124 -125 114 138 1
> 8043 851 -96 140 125 1
! 641 8173 200 sims=370174 RUNNER
! 1136 8853 200 sims=370174 BLOCKER
> 9028 2727 -347 429 129 1
> 8329 1906 -397 383 136 1
> 9930 3124 -125 114 138 1
> 8043 851 -96 140 125 1
! -81424 43797 200
! -21194 96481 0
> 8513 3265 -437 457 147 1
> 7788 2428 -459 443 136 1
> 9623 3320 -261 166 156 1
> 7947 991 -81 119 107 1
! -1146 5853 200 sims=348873 RUNNER
! 3093 11257 0 sims=348873 BLOCKER
> 8513 3265 -437 457 147 1
> 7788 2428 -459 443 136 1
> 9623 3320 -261 166 156 1
> 7947 991 -81 119 107 1
! -81731 43993 200
! 9692 100975 200
> 7883 3774 -535 432 165 1
> 7329 2871 -390 376 118 1
> 9179 3567 -377 210 156 1
> 7869 1310 -65 271 89 1
! -1776 6362 200 sims=340991 RUNNER
! 5593 12719 0 sims=340991 BLOCKER
> 7883 3774 -535 432 165 1
> 7329 2871 -390 376 118 1
> 9179 3567 -377 210 156 1
> 7869 1310 -65 271 89 1
! -90273 14019 200
! -21368 96940 200
> 7155 4258 -618 411 165 1
> 6939 3247 -331 319 100 1
> 8603 3798 -489 196 174 1
> 7746 1772 -104 392 107 1
! -2831 3735 0 sims=305809 RUNNER
! 8331 13150 0 sims=305809 BLOCKER
> 7155 4258 -618 411 165 1
> 6939 3247 -331 319 100 1
> 8603 3798 -489 196 174 1
> 7746 1772 -104 392 107 1
! -90849 14250 200
! -49611 83687 0
> 6537 4669 -525 349 -177 1
> 6608 3566 -281 271 82 1
> 7915 4015 -584 184 174 1
> 7642 2164 -88 333 125 1
! -2799 1085 0 sims=297171 RUNNER
! 10992 12554 200 sims=297171 BLOCKER
> 6537 4669 -525 349 -177 1
> 6608 3566 -281 271 82 1
> 7915 4015 -584 184 174 1
> 7642 2164 -88 333 125 1
! -91537 14467 200
! -49715 84079 0
> 6012 5018 -446 296 -159 1
> 6362 4002 -682 231 64 1
> 7184 4235 -147 325 174 1
> 7554 2497 -74 283 125 1
! -1759 -1275 0 sims=303604 RUNNER
! 13309 11195 200 sims=303604 BLOCKER
> 6012 5018 -446 296 -159 1
> 6362 4002 -682 231 64 1
> 7184 4235 -147 325 174 1
> 7554 2497 -74 283 125 1
! -90630 -16556 200
! -21683 98127 0
> 5566 5314 -379 251 -141 2
> 5819 4377 -461 318 46 1
> 6841 4518 -291 240 -168 1
> 7480 2780 -62 240 107 1
! 120 -3073 0 sims=286741 RUNNER
! 14648 9072 200 sims=286741 BLOCKER
> 5566 5314 -379 251 -141 2
> 5819 4377 -461 318 46 1
> 6841 4518 -291 240 -168 1
> 7480 2780 -62 240 107 1
! -92611 14970 200
! -49877 84695 0
> 5187 5565 -322 213 -123 2
> 5535 4789 -241 350 28 1
> 6351 4779 -416 221 174 1
> 7418 3020 -52 204 125 1
! -2584 -728 200 sims=247555 RUNNER
! 12482 11982 200 sims=247555 BLOCKER
> 5187 5565 -322 213 -123 2
> 5535 4789 -241 350 28 1
> 6351 4779 -416 221 174 1
> 7418 3020 -52 204 125 1
! -91463 -16012 200
! -21819 98650 200
> 4547 5990 -565 405 -141 2
> 5110 4957 -353 99 46 2
> 6225 4946 -93 141 -168 1
> 7308 3415 -93 335 107 1
! -899 -2397 0 sims=322196 RUNNER
! 13939 9652 200 sims=322196 BLOCKER
> 4547 5990 -565 405 -141 2
> 5110 4957 -353 99 46 2
> 6225 4946 -93 141 -168 1
> 7308 3415 -93 335 107 1
! -91589 -15845 200
! 9053 103399 0
> 3982 6395 -480 344 -123 2
> 4934 5150 -149 163 28 2
> 5936 5045 -245 84 -168 1
> 7215 3750 -79 284 89 1
! 1394 -3264 0 sims=362712 RUNNER
! 14782 6886 200 sims=362712 BLOCKER
> 3982 6395 -480 344 -123 2
> 4934 5150 -149 163 28 2
> 5936 5045 -245 84 -168 1
> 7215 3750 -79 284 89 1
! -93516 15497 200
! 39771 98301 0
> 3502 6739 -408 292 -105 2
> 4724 5396 -349 240 10 2
> 5750 5102 12 16 174 1
> 7136 4034 -67 241 71 1
! 4025 -3247 200 sims=359156 BLOCKER
! 14572 7132 200 sims=359156 RUNNER
> 3502 6739 -408 292 -105 2
> 4724 5396 -349 240 10 2
> 5750 5102 12 16 174 1
> 7136 4034 -67 241 71 1
! -85604 45775 200
! 67317 83897 0
> 3104 6831 -337 78 -87 2
> 4572 5671 -129 233 10 2
> 5579 5199 -145 82 156 2
> 7069 4275 -56 204 53 1
! 6688 -2505 200 sims=359436 BLOCKER
! 13401 10366 200 sims=359436 RUNNER
> 3104 6831 -337 78 -87 2
> 4572 5671 -129 233 10 2
> 5579 5199 -145 82 156 2
> 7069 4275 -56 204 53 1
! -68735 72112 SHIELD
! 88984 61632 0
> 2839 6722 -225 -92 -69 2
> 4620 5998 40 277 28 2
> 5434 5281 -123 69 138 2
> 7013 4479 -47 173 35 1
! 9132 -1049 200 sims=341782 BLOCKER
! 13449 10693 200 sims=341782 RUNNER
> 2839 6722 -225 -92 -69 2
> 4620 5998 40 277 28 2
> 5434 5281 -123 69 138 2
> 7013 4479 -47 173 35 1
! -44565 91883 0
! 67194 84342 0
> 2740 6475 -84 -210 -51 2
> 4837 6369 184 315 28 2
> 5311 5350 -104 58 120 2
> 6966 4652 -39 147 53 1
! 11127 1029 200 sims=381045 BLOCKER
! 14685 8105 200 sims=381045 RUNNER
> 2740 6475 -84 -210 -51 2
> 4837 6369 184 315 28 2
> 5311 5350 -104 58 120 2
> 6966 4652 -39 147 53 1
! -15480 103164 0
! 67147 84515 200
> 2824 6156 71 -271 -33 2
> 5218 6719 323 297 10 2
> 5207 5408 -88 49 102 2
> 7047 4959 69 260 53 1
! 12483 3568 200 sims=337155 BLOCKER
! 15121 5327 200 sims=337155 RUNNER
> 2824 6156 71 -271 -33 2
> 5218 6719 323 297 10 2
> 5207 5408 -88 49 102 2
> 7047 4959 69 260 53 1
! 15659 104860 0
! 39603 99510 200
> 3088 5833 224 -274 -15 2
> 5739 6988 442 228 -8 2
> 5119 5457 -74 41 84 2
> 7181 5408 113 381 71 1
! 12747 3245 200 sims=359730 BLOCKER
! 14727 2604 0 sims=359730 RUNNER
> 3088 5833 224 -274 -15 2
> 5739 6988 442 228 -8 2
> 5119 5457 -74 41 84 2
> 7181 5408 113 381 71 1
! 45792 96811 0
! 39737 99959 0
> 3505 5507 354 -276 -15 2
> 6181 7216 375 193 -26 2
> 5045 5498 -62 34 66 2
> 7294 5789 96 323 71 1
! 13164 2919 200 sims=349398 BLOCKER
! 13374 269 0 sims=349398 RUNNER
> 3505 5507 354 -276 -15 2
> 6181 7216 375 193 -26 2
> 5045 5498 -62 34 66 2
> 7294 5789 96 323 71 1
! 71958 79812 0
! 9039 105773 200
> 4052 5179 465 -278 -15 2
> 6556 7409 318 164 -44 2
> 4983 5532 -52 28 48 2
> 7393 6312 84 444 89 1
! 14038 5702 0 sims=332675 BLOCKER
! 15544 3025 0 sims=332675 RUNNER
> 4052 5179 465 -278 -15 2
> 6556 7409 318 164 -44 2
> 4983 5532 -52 28 48 2
> 7393 6312 84 444 89 1
! 91585 55531 0
! -21844 101942 0
> 4481 4863 282 -352 3 2
> 6874 7573 270 139 -26 2
> 4967 5598 68 139 30 2
> 7477 6756 71 377 107 1
! 13817 8447 200 sims=345219 BLOCKER
! 14067 626 0 sims=345219 RUNNER
> 4481 4863 282 -352 3 2
> 6874 7573 270 139 -26 2
> 4967 5598 68 139 30 2
> 7477 6756 71 377 107 1
! 102781 26389 200
! -21760 102386 200
> 4950 4583 398 -238 21 2
> 6971 7934 -29 451 -44 2
> 5231 5779 224 153 12 2
> 7663 7102 270 149 107 1
! 14286 8167 200 sims=364147 BLOCKER
! 11666 -895 200 sims=364147 RUNNER
> 4950 4583 398 -238 21 2
> 6971 7934 -29 451 -44 2
> 5231 5779 224 153 12 2
> 7663 7102 270 149 107 1
! 103045 26570 200
! -49694 89017 0
> 5535 4417 497 -141 21 2
> 7036 8208 55 233 -62 2
> 5651 5974 356 165 12 2
> 7933 7251 229 126 125 1
! 13306 10710 200 sims=331555 BLOCKER
! 8772 -1640 0 sims=331555 RUNNER
> 5535 4417 497 -141 21 2
> 7036 8208 55 233 -62 2
> 5651 5974 356 165 12 2
> 7933 7251 229 126 125 1
! 105103 -4478 200
! -71930 67432 0
> 6187 4402 554 -12 39 2
> 7091 8441 46 198 -80 2
> 6206 6118 471 122 -6 2
> 8162 7377 194 107 143 1
! 13958 10695 200 sims=351848 RUNNER
! 8827 -1407 200 sims=351848 BLOCKER
> 6187 4402 554 -12 39 2
> 7091 8441 46 198 -80 2
> 6206 6118 471 122 -6 2
> 8162 7377 194 107 143 1
! 97560 -34555 200
! -86389 39933 0
> 6896 4516 603 96 39 2
> 7172 8442 68 0 -80 2
> 6860 6159 555 34 -24 2
> 8356 7484 164 90 161 1
! 14667 10809 200 sims=356916 RUNNER
! 8908 -1406 200 sims=356916 BLOCKER
> 6896 4516 603 96 39 2
> 7172 8442 68 0 -80 2
> 6860 6159 555 34 -24 2
> 8356 7484 164 90 161 1
! 106312 -4293 200
! -86195 40040 0
> 7654 4738 644 188 39 2
> 7275 8245 87 -167 -80 2
> 7614 6172 640 11 -6 2
> 8520 7574 139 76 161 1
! 15425 11031 200 sims=343014 RUNNER
! 9011 -1603 200 sims=343014 BLOCKER
> 7654 4738 644 188 39 2
> 7275 8245 87 -167 -80 2
> 7614 6172 640 11 -6 2
> 8520 7574 139 76 161 1
! 107066 -4280 200
! -91464 9319 0
> 8453 5052 679 266 39 2
> 7397 7881 103 -309 -80 2
> 8453 6162 713 -8 -6 2
> 8659 7650 118 64 179 1
! 13899 13439 200 sims=352142 RUNNER
! 9133 -1967 200 sims=352142 BLOCKER
> 8453 5052 679 266 39 2
> 7397 7881 103 -309 -80 2
> 8453 6162 713 -8 -6 2
> 8659 7650 118 64 179 1
! 99807 -34511 200
! -86971 -21587 0
> 9224 5280 634 -65 57 2
> 7535 7375 117 -430 -80 2
> 9365 6278 796 358 -24 2
> 8777 7714 100 54 -163 1
! 16995 11573 200 sims=357518 RUNNER
! 9271 -2473 200 sims=357518 BLOCKER
> 9224 5280 634 -65 57 2
> 7535 7375 117 -430 -80 2
> 9365 6278 796 358 -24 2
> 8777 7714 100 54 -163 1
! 83679 -60635 200
! -73138 -49643 0
> 10013 5341 671 51 39 2
> 7687 6748 128 -532 -80 2
> 10310 6502 802 190 -42 2
> 8877 7768 85 45 -145 1
! 17784 11634 200 sims=342958 RUNNER
! 9423 -3100 200 sims=342958 BLOCKER
> 10013 5341 671 51 39 2
> 7687 6748 128 -532 -80 2
> 10310 6502 802 190 -42 2
> 8877 7768 85 45 -145 1
! 60309 -80100 200
! -51304 -72095 0
> 10839 5518 702 150 39 2
> 7850 6019 138 -619 -80 2
> 11212 6519 766 14 -60 0
> 8962 7813 72 38 -127 1
! 20175 9102 200 sims=362600 RUNNER
! 12545 -2810 0 sims=362600 BLOCKER
> 10839 5518 702 150 39 2
> 7850 6019 138 -619 -80 2
> 11212 6519 766 14 -60 0
> 8962 7813 72 38 -127 1
! 32003 -91295 SHIELD
! -23594 -86738 200
> 11728 5740 755 188 21 0
> 7988 5400 117 -526 -62 2
> 11978 6533 651 11 -78 0
> 8969 7662 5 -128 -109 1
! 21064 9324 SHIELD sims=379400 RUNNER
! 9724 -4448 0 sims=379400 BLOCKER
> 11728 5740 755 188 21 0
> 7988 5400 117 -526 -62 2
> 11978 6533 651 11 -78 0
> 8969 7662 5 -128 -109 1
! 1525 -92919 200
! 7223 -92322 200
> 12474 5899 632 130 21 0
> 8105 4874 99 -447 -80 2
> 12718 6837 643 304 -96 0
> 8971 7334 1 -278 -91 1
! 22460 6422 0 sims=390719 RUNNER
! 12800 -3955 0 sims=390719 BLOCKER
> 12474 5899 632 130 21 0
> 8105 4874 99 -447 -80 2
> 12718 6837 643 304 -96 0
> 8971 7334 1 -278 -91 1
! -27955 -84517 0
! 7225 -92650 0
> 13106 6029 537 110 3 0
> 8204 4427 84 -379 -62 2
> 13361 7141 546 258 -114 0
> 8972 7056 0 -236 -91 1
! 22765 3441 0 sims=404817 RUNNER
! 15397 -2520 0 sims=404817 BLOCKER
> 13106 6029 537 110 3 0
> 8204 4427 84 -379 -62 2
> 13361 7141 546 258 -114 0
> 8972 7056 0 -236 -91 1
! -53552 -67173 0
! 38209 -88574 200
> 13643 6139 456 93 -15 0
> 8288 4048 71 -322 -44 2
> 13907 7399 464 219 -132 0
> 9030 6629 49 -363 -73 1
! 22030 693 0 sims=364616 RUNNER
! 12983 -4781 0 sims=364616 BLOCKER
> 13643 6139 456 93 -15 0
> 8288 4048 71 -322 -44 2
> 13907 7399 464 219 -132 0
> 9030 6629 49 -363 -73 1
! -72695 -42600 200
! 38267 -89001 0
> 14099 6232 387 79 -33 0
> 8359 3726 60 -273 -62 2
> 14198 7518 247 101 -150 0
> 9079 6266 41 -308 -73 1
! 20392 -1539 0 sims=384041 RUNNER
! 15552 -3221 0 sims=384041 BLOCKER
> 14099 6232 387 79 -33 0
> 8359 3726 60 -273 -62 2
> 14198 7518 247 101 -150 0
> 9079 6266 41 -308 -73 1
! -52715 -66796 200
! 7333 -93718 0
> 14486 6311 328 67 -51 0
> 8419 3453 51 -232 -44 2
> 14311 7470 96 -40 -132 0
> 9120 5958 34 -261 -91 1
! 18070 -3025 0 sims=367941 RUNNER
! 13114 -5376 0 sims=367941 BLOCKER
> 14486 6311 328 67 -51 0
> 8419 3453 51 -232 -44 2
> 14311 7470 96 -40 -132 0
> 9120 5958 34 -261 -91 1
! -52602 -66844 200
! 38357 -89672 0
> 14814 6378 278 56 -69 0
> 8470 3221 43 -197 -62 2
> 14273 7281 -32 -160 -132 0
> 9154 5697 28 -221 -73 1
! 15337 -3608 200 sims=359380 RUNNER
! 15663 -3726 0 sims=359380 BLOCKER
> 14814 6378 278 56 -69 0
> 8470 3221 43 -197 -62 2
> 14273 7281 -32 -160 -132 0
> 9154 5697 28 -221 -73 1
! -72329 -42718 200
! 66511 -76218 0
> 15102 6234 245 -122 -87 0
> 8513 3024 36 -167 -44 2
> 14068 7021 -174 -220 -150 0
> 9182 5476 23 -187 -55 1
! 12514 -3425 200 sims=394492 RUNNER
! 13208 -5805 0 sims=394492 BLOCKER
> 15102 6234 245 -122 -87 0
> 8513 3024 36 -167 -44 2
> 14068 7021 -174 -220 -150 0
> 9182 5476 23 -187 -55 1
! -52845 -67293 200
! 38419 -90154 0
> 15295 5919 164 -267 -105 0
> 8549 2857 30 -141 -62 2
> 13760 6652 -261 -313 -132 0
> 9205 5289 19 -158 -73 1
! 9849 -2468 200 sims=397698 RUNNER
! 15742 -4090 0 sims=397698 BLOCKER
> 15295 5919 164 -267 -105 0
> 8549 2857 30 -141 -62 2
> 13760 6652 -261 -313 -132 0
> 9205 5289 19 -158 -73 1
! -72842 -43347 200
! 66562 -76626 0
> 15350 5484 46 -369 -123 0
> 8579 2716 25 -119 -44 2
> 13326 6239 -369 -351 -150 0
> 9224 5131 16 -134 -55 1
! 7579 -809 200 sims=332262 RUNNER
! 17567 -1668 0 sims=332262 BLOCKER
> 15350 5484 46 -369 -123 0
> 8579 2716 25 -119 -44 2
> 13326 6239 -369 -351 -150 0
> 9224 5131 16 -134 -55 1
! -73276 -43760 200
! 89087 -55050 200
> 15241 4989 -93 -420 -141 0
> 8604 2597 21 -101 -26 2
> 12784 5788 -460 -383 -150 0
> 9400 4877 149 -216 -37 1
! 5905 1405 200 sims=382382 RUNNER
! 18507 1205 0 sims=382382 BLOCKER
> 15241 4989 -93 -420 -141 0
> 8604 2597 21 -101 -26 2
> 12784 5788 -460 -383 -150 0
> 9400 4877 149 -216 -37 1
! -54129 -68526 200
! 66757 -77038 0
> 14961 4497 -237 -417 -159 0
> 8625 2496 17 -85 -8 2
> 12190 5256 -504 -451 -132 0
> 9549 4661 126 -183 -55 1
! 4975 3974 200 sims=360878 RUNNER
! 18473 4232 200 sims=360878 BLOCKER
> 14961 4497 -237 -417 -159 0
> 8625 2496 17 -85 -8 2
> 12190 5256 -504 -451 -132 0
> 9549 4661 126 -183 -55 1
! -28483 -86098 0
! 38786 -90969 200
> 14524 4070 -371 -363 -177 0
> 8839 2446 181 -42 10 2
> 11686 4805 -428 -383 -114 0
> 9733 4287 156 -318 -73 1
! 4865 6658 200 sims=340172 RUNNER
! 17668 7141 0 sims=340172 BLOCKER
> 14524 4070 -371 -363 -177 0
> 8839 2446 181 -42 10 2
> 11686 4805 -428 -383 -114 0
> 9733 4287 156 -318 -73 1
! -28987 -86549 200
! 67090 -77628 200
> 13960 3759 -479 -264 -195 0
> 9020 2404 153 -35 28 2
> 11177 4239 -432 -480 -114 0
> 10004 3805 230 -409 -55 1
! 3974 3236 0 sims=267722 RUNNER
! 15967 9597 200 sims=267722 BLOCKER
> 13960 3759 -479 -264 -195 0
> 9020 2404 153 -35 28 2
> 11177 4239 -432 -480 -114 0
> 10004 3805 230 -409 -55 1
! 724 -95213 200
! 39241 -91825 SHIELD
> 13481 3495 -407 -224 -177 0
> 9312 2513 248 92 46 2
> 11209 3733 683 -196 -96 0
> 10185 3379 88 -385 -73 1
! 3822 6083 0 sims=314566 RUNNER
! 18141 7208 200 sims=314566 BLOCKER
> 13481 3495 -407 -224 -177 0
> 9312 2513 248 92 46 2
> 11209 3733 683 -196 -96 0
> 10185 3379 88 -385 -73 1
! -29464 -87621 200
! 39422 -92251 0
> 13074 3271 -345 -190 165 0
> 9581 2584 -55 -150 28 2
> 11811 3354 511 -321 -114 0
> 10428 3109 491 -18 -73 1
! 3088 2748 0 sims=375557 RUNNER
! 16528 9777 0 sims=375557 BLOCKER
> 13074 3271 -345 -190 165 0
> 9581 2584 -55 -150 28 2
> 11811 3354 511 -321 -114 0
> 10428 3109 491 -18 -73 1
! -55102 -70960 SHIELD
! 8682 -96875 0
> 13445 3070 1032 -181 -177 0
> 9526 2434 -46 -127 46 2
> 12250 3034 301 -270 -132 0
> 10919 3091 417 -15 -91 1
! 3459 2547 200 sims=382620 RUNNER
! 18355 7129 0 sims=382620 BLOCKER
> 13445 3070 1032 -181 -177 0
> 9526 2434 -46 -127 46 2
> 12250 3034 301 -270 -132 0
> 10919 3091 417 -15 -91 1
! -54663 -71280 0
! -21637 -91460 0
> 14277 2879 707 -162 -177 0
> 9480 2307 -39 -107 28 2
> 12551 2764 255 -229 -132 0
> 11336 3076 354 -12 -109 1
! 4291 2356 200 sims=392434 RUNNER
! 19328 4043 0 sims=392434 BLOCKER
> 14277 2879 707 -162 -177 0
> 9480 2307 -39 -107 28 2
> 12551 2764 255 -229 -132 0
> 11336 3076 354 -12 -109 1
! -74051 -47235 0
! -48845 -76787 200
> 14784 2707 431 -146 -177 0
> 9441 2200 -33 -90 10 2
> 12806 2535 216 -194 -150 0
> 11570 2904 198 -145 -127 1
! 4798 2184 200 sims=348698 RUNNER
! 19344 808 0 sims=348698 BLOCKER
> 14784 2707 431 -146 -177 0
> 9441 2200 -33 -90 10 2
> 12806 2535 216 -194 -150 0
> 11570 2904 198 -145 -127 1
! -85008 -18256 0
! -70345 -54453 200
> 15015 2551 196 -132 -177 0
> 9408 2110 -28 -76 -8 2
> 13022 2341 183 -164 -168 0
> 11604 2644 29 -220 -145 1
! 5029 2028 200 sims=368025 RUNNER
! 19256 3846 200 sims=368025 BLOCKER
> 15015 2551 196 -132 -177 0
> 9408 2110 -28 -76 -8 2
> 13022 2341 183 -164 -168 0
> 11604 2644 29 -220 -145 1
! -86430 12793 200
! -84026 -26593 200
> 15011 2409 -3 -121 -177 0
> 9577 2069 143 -35 10 2
> 13006 2198 -13 -121 174 0
> 11442 2366 -137 -236 -163 1
! 5025 1886 200 sims=374311 RUNNER
! 19480 677 200 sims=374311 BLOCKER
> 15011 2409 -3 -121 -177 0
> 9577 2069 143 -35 10 2
> 13006 2198 -13 -121 174 0
> 11442 2366 -137 -236 -163 1
! -86446 12650 200
! -88542 4111 200
> 14808 2278 -172 -111 -177 0
> 9918 2006 289 -53 -8 2
> 12794 2098 -180 -85 174 0
> 11105 2133 -286 -197 -181 1
! 5472 -1306 0 sims=359912 RUNNER
! 19821 614 SHIELD sims=359912 BLOCKER
> 14808 2278 -172 -111 -177 0
> 9918 2006 289 -53 -8 2
> 12794 2098 -180 -85 174 0
> 11105 2133 -286 -197 -181 1
! -86658 12550 200
! -88879 3878 200
> 14636 2167 -146 -94 -159 0
> 10136 1948 124 -53 -8 2
> 12415 2034 -322 -54 174 0
> 11326 1990 793 -79 179 1
! 5300 -1417 200 sims=313754 RUNNER
! 20039 556 0 sims=313754 BLOCKER
> 14636 2167 -146 -94 -159 0
> 10136 1948 124 -53 -8 2
> 12415 2034 -322 -54 174 0
> 11326 1990 793 -79 179 1
! -87037 12486 SHIELD
! -83225 34546 0
> 14303 2001 -282 -140 -159 0
> 9831 1911 -1033 -3 -8 2
> 12242 1989 -102 -35 174 0
> 11057 1801 99 -217 161 1
! 4317 1478 200 sims=391720 RUNNER
! 19679 3647 0 sims=391720 BLOCKER
> 14303 2001 -282 -140 -159 0
> 9831 1911 -1033 -3 -8 2
> 12242 1989 -102 -35 174 0
> 11057 1801 99 -217 161 1
! -87210 12441 0
! -68806 61982 0
> 13821 1851 -409 -127 -177 0
> 8798 1908 -878 -2 10 2
> 12140 1954 -86 -29 174 0
> 11156 1584 84 -184 143 1
! 4162 4439 200 sims=371504 RUNNER
! 17627 6603 0 sims=371504 BLOCKER
> 13821 1851 -409 -127 -177 0
> 8798 1908 -878 -2 10 2
> 12140 1954 -86 -29 174 0
> 11156 1584 84 -184 143 1
! -85674 -18837 0
! -68707 61765 0
> 13219 1776 -511 -63 -195 0
> 7920 1906 -746 -1 28 2
> 12054 1925 -73 -24 -168 0
> 11240 1400 71 -156 143 1
! 4832 7222 200 sims=331534 RUNNER
! 14867 9099 200 sims=331534 BLOCKER
> 13219 1776 -511 -63 -195 0
> 7920 1906 -746 -1 28 2
> 12054 1925 -73 -24 -168 0
> 11240 1400 71 -156 143 1
! -87398 12377 0
! -46117 83315 0
> 12773 1791 -63 -29 147 0
> 7313 2049 -516 121 46 2
> 11748 1932 -575 48 174 0
> 11311 1244 60 -132 125 1
! 3114 4379 200 sims=373702 RUNNER
! 11697 11037 0 sims=373702 BLOCKER
> 12773 1791 -63 -29 147 0
> 7313 2049 -516 121 46 2
> 11748 1932 -575 48 174 0
> 11311 1244 60 -132 125 1
! -86066 -18859 0
! -46046 83159 200
> 12517 1814 -217 19 165 0
> 6797 2170 -438 102 64 2
> 11293 2183 -380 224 -168 0
> 11136 1073 -154 -156 125 1
! 2531 1291 200 sims=381213 RUNNER
! 8189 12073 200 sims=381213 BLOCKER
> 12517 1814 -217 19 165 0
> 6797 2170 -438 102 64 2
> 11293 2183 -380 224 -168 0
> 11136 1073 -154 -156 125 1
! -75309 -47816 200
! -18101 96703 200
> 12100 1823 -354 7 -177 0
> 6387 2470 -348 255 82 2
> 10740 2307 -470 105 -150 0
> 10924 1108 -180 29 107 1
! 2764 -1761 200 sims=330876 RUNNER
! 4651 12318 0 sims=330876 BLOCKER
> 12100 1823 -354 7 -177 0
> 6387 2470 -348 255 82 2
> 10740 2307 -470 105 -150 0
> 10924 1108 -180 29 107 1
! -75862 -47692 200
! 12669 101092 0
> 11559 1758 -459 -54 -159 0
> 6039 2725 -295 216 100 2
> 10097 2312 -546 4 -150 0
> 10744 1137 -153 24 89 1
! 2223 -1826 200 sims=372176 RUNNER
! 7431 12628 0 sims=372176 BLOCKER
> 11559 1758 -459 -54 -159 0
> 6039 2725 -295 216 100 2
> 10097 2312 -546 4 -150 0
> 10744 1137 -153 24 89 1
! -87717 -18479 200
! 43300 95688 200
> 11242 1898 -121 239 -159 0
> 5744 2941 -250 183 82 2
> 9355 2274 -630 -31 -168 1
> 10328 1084 -501 -164 71 1
! 3471 -4395 200 sims=396900 RUNNER
! 10128 11929 0 sims=396900 BLOCKER
> 11242 1898 -121 239 -159 0
> 5744 2941 -250 183 82 2
> 9355 2274 -630 -31 -168 1
> 10328 1084 -501 -164 71 1
! -90097 12726 0
! 70509 80947 200
> 10966 2011 -234 96 -141 0
> 5494 3124 -212 155 64 2
> 8725 2243 -535 -26 174 1
> 9947 1080 -323 -3 53 1
! 3195 -4282 200 sims=381584 RUNNER
! 12441 10317 0 sims=381584 BLOCKER
> 10966 2011 -234 96 -141 0
> 5494 3124 -212 155 64 2
> 8725 2243 -535 -26 174 1
> 9947 1080 -323 -3 53 1
! -82629 42916 200
! 70128 80943 200
> 10577 1981 -331 -25 -141 0
> 5282 3279 -180 131 46 2
> 8007 2298 -610 47 156 1
> 9744 1237 -172 133 53 1
! 2806 -4312 200 sims=357378 RUNNER
! 14111 7974 0 sims=357378 BLOCKER
> 10577 1981 -331 -25 -141 0
> 5282 3279 -180 131 46 2
> 8007 2298 -610 47 156 1
> 9744 1237 -172 133 53 1
! -66307 69211 200
! 69925 81100 BOOST
> 10664 2295 282 435 -141 0
> 5102 3410 -153 111 28 2
> 7248 2479 -644 153 138 1
> 9390 1425 -509 -9 53 1
! 2893 -3998 200 sims=343686 RUNNER
! 14950 5146 0 sims=343686 BLOCKER
> 10664 2295 282 435 -141 0
> 5102 3410 -153 111 28 2
> 7248 2479 -644 153 138 1
> 9390 1425 -509 -9 53 1
! -42751 89081 200
! 91305 58782 200
> 10791 2604 107 262 -141 0
> 4949 3521 -130 94 10 2
> 6504 2805 -632 277 120 1
> 9045 1531 -293 89 35 1
! 5345 -5783 200 sims=353920 RUNNER
! 14852 2129 200 sims=353920 BLOCKER
> 10791 2604 107 262 -141 0
> 4949 3521 -130 94 10 2
> 6504 2805 -632 277 120 1
> 9045 1531 -293 89 35 1
! -14287 100619 200
! 104675 30768 200
> 10789 2698 -1 80 -123 0
> 5017 3587 57 56 -8 2
> 5830 3278 -572 401 102 1
> 8943 1678 -86 125 17 1
! 3018 -3595 200 sims=378924 RUNNER
! 14920 2195 SHIELD sims=378924 BLOCKER
> 10789 2698 -1 80 -123 0
> 5017 3587 57 56 -8 2
> 5830 3278 -572 401 102 1
> 8943 1678 -86 125 17 1
! -44169 89880 SHIELD
! 104573 30915 200
> 10633 2652 -132 -38 -141 0
> 4473 3863 -517 254 -8 2
> 5859 3459 79 133 120 1
> 9048 1861 89 155 17 1
! 1297 -932 200 sims=371259 RUNNER
! 14321 5599 0 sims=371259 BLOCKER
> 10633 2652 -132 -38 -141 0
> 4473 3863 -517 254 -8 2
> 5859 3459 79 133 120 1
> 9048 1861 89 155 17 1
! -68455 70372 0
! 104678 31098 200
> 10314 2542 -270 -93 -159 0
> 3956 4117 -439 215 10 2
> 5938 3592 67 113 138 1
> 9328 2074 238 181 17 1
! 978 -1042 SHIELD sims=398790 RUNNER
! 13859 2725 0 sims=398790 BLOCKER
> 10314 2542 -270 -93 -159 0
> 3956 4117 -439 215 10 2
> 5938 3592 67 113 138 1
> 9328 2074 238 181 17 1
! -85416 44265 0
! 109312 328 SHIELD
> 10303 2566 216 122 -159 0
> 3517 4332 -373 182 -8 2
> 6005 3705 56 96 156 1
> 9307 2138 -243 -47 -1 1
! 2532 -3727 0 sims=399371 RUNNER
! 13420 2940 0 sims=399371 BLOCKER
> 10303 2566 216 122 -159 0
> 3517 4332 -373 182 -8 2
> 6005 3705 56 96 156 1
> 9307 2138 -243 -47 -1 1
! -68309 70618 0
! 109291 392 0
> 10519 2688 183 103 -141 0
> 3144 4514 -317 154 -8 2
> 6061 3801 47 81 138 1
> 9064 2091 -206 -39 -1 1
! 1183 -896 0 sims=335041 RUNNER
! 12132 130 200 sims=335041 BLOCKER
> 10519 2688 183 103 -141 0
> 3144 4514 -317 154 -8 2
> 6061 3801 47 81 138 1
> 9064 2091 -206 -39 -1 1
! -68253 70714 200
! 109048 345 0
> 10702 2791 155 87 -159 0
> 3007 4580 -116 56 -26 2
> 5959 4016 -86 182 138 1
> 8858 2052 -175 -33 -1 1
! 1366 -793 0 sims=326662 RUNNER
! 12910 3188 200 sims=326662 BLOCKER
> 10702 2791 155 87 -159 0
> 3007 4580 -116 56 -26 2
> 5959 4016 -86 182 138 1
> 8858 2052 -175 -33 -1 1
! -44040 90618 200
! 104488 31289 0
> 10857 2878 131 73 -159 0
> 3089 4608 69 23 -8 2
> 5773 4371 -158 301 120 1
> 8683 2019 -148 -28 17 1
! 3086 -3415 200 sims=311528 RUNNER
! 12937 6344 200 sims=311528 BLOCKER
> 10857 2878 131 73 -159 0
> 3089 4608 69 23 -8 2
> 5773 4371 -158 301 120 1
> 8683 2019 -148 -28 17 1
! -15018 102185 0
! 104313 31256 200
> 10833 2825 -20 -44 -141 0
> 3355 4666 226 49 10 2
> 5615 4672 -134 255 102 1
> 8726 2049 36 25 17 1
! 1497 -759 200 sims=375823 RUNNER
! 13258 3274 200 sims=375823 BLOCKER
> 10833 2825 -20 -44 -141 0
> 3355 4666 226 49 10 2
> 5615 4672 -134 255 102 1
> 8726 2049 36 25 17 1
! 16067 104124 200
! 108710 303 200
> 10626 2709 -175 -98 -159 0
> 3779 4687 360 17 -8 2
> 5502 5126 -96 385 84 2
> 8962 2071 200 18 -1 1
! 1290 -875 200 sims=397082 RUNNER
! 13627 6423 200 sims=397082 BLOCKER
> 10626 2709 -175 -98 -159 0
> 3779 4687 360 17 -8 2
> 5502 5126 -96 385 84 2
> 8962 2071 200 18 -1 1
! 46175 96480 0
! 104592 31308 200
> 10264 2539 -307 -144 -159 0
> 4336 4739 473 43 10 2
> 5406 5511 -81 327 66 2
> 9353 2147 332 65 17 1
! 928 -1045 SHIELD sims=422548 RUNNER
! 14184 6475 200 sims=422548 BLOCKER
> 10264 2539 -307 -144 -159 0
> 4336 4739 473 43 10 2
> 5406 5511 -81 327 66 2
> 9353 2147 332 65 17 1
! 72319 79825 0
! 91268 59504 SHIELD
> 10391 2593 255 113 -159 0
> 5006 4817 569 66 10 2
> 5325 5838 -68 277 48 2
> 9251 2014 -234 -180 35 1
! 2620 -3700 0 sims=418453 RUNNER
! 14854 6553 200 sims=418453 BLOCKER
> 10391 2593 255 113 -159 0
> 5006 4817 569 66 10 2
> 5325 5838 -68 277 48 2
> 9251 2014 -234 -180 35 1
! 91927 55837 0
! 91166 59371 0
> 10646 2706 216 96 -141 0
> 5772 4918 651 85 10 2
> 5257 6115 -57 235 30 2
> 9017 1834 -198 -153 35 1
! 1310 -878 0 sims=407652 RUNNER
! 15620 6654 200 sims=407652 BLOCKER
> 10646 2706 216 96 -141 0
> 5772 4918 651 85 10 2
> 5257 6115 -57 235 30 2
> 9017 1834 -198 -153 35 1
! 103071 26906 0
! 69198 81697 0
> 10862 2802 183 81 -159 0
> 6620 5038 720 101 10 2
> 5200 6350 -48 199 12 2
> 8819 1681 -168 -130 53 1
! 1526 -782 0 sims=381990 RUNNER
! 15449 9733 0 sims=381990 BLOCKER
> 10862 2802 183 81 -159 0
> 6620 5038 720 101 10 2
> 5200 6350 -48 199 12 2
> 8819 1681 -168 -130 53 1
! 104652 -4102 200
! 90734 59038 0
> 11045 2883 155 68 -159 0
> 7340 5139 612 85 28 2
> 5351 6528 128 151 -6 2
> 8651 1551 -142 -110 35 1
! 1709 -701 200 sims=386085 RUNNER
! 17188 6875 0 sims=386085 BLOCKER
> 11045 2883 155 68 -159 0
> 7340 5139 612 85 28 2
> 5351 6528 128 151 -6 2
> 8651 1551 -142 -110 35 1
! 96705 -34145 200
! 90566 58908 200
> 11013 2879 -26 -3 -159 0
> 7952 5224 520 72 10 2
> 5662 6598 264 59 -24 2
> 8673 1556 18 4 35 1
! 1677 -705 200 sims=384713 RUNNER
! 16781 9919 0 sims=384713 BLOCKER
> 11013 2879 -26 -3 -159 0
> 7952 5224 520 72 10 2
> 5662 6598 264 59 -24 2
> 8673 1556 18 4 35 1
! 97016 -34075 200
! 90588 58913 200
> 10800 2804 -180 -63 -159 0
> 8472 5296 442 61 28 2
> 6109 6576 379 -18 -24 2
> 8855 1675 154 100 35 1
! 3029 -3489 200 sims=374563 RUNNER
! 15419 12489 0 sims=374563 BLOCKER
> 10800 2804 -180 -63 -159 0
> 8472 5296 442 61 28 2
> 6109 6576 379 -18 -24 2
> 8855 1675 154 100 35 1
! 105561 -3876 200
! 90770 59032 200
> 10465 2615 -285 -160 -141 0
> 8914 5357 375 51 46 2
> 6687 6537 491 -33 -6 2
> 9173 1890 270 182 35 1
! 1129 -969 200 sims=320334 RUNNER
! 13298 14345 0 sims=320334 BLOCKER
> 10465 2615 -285 -160 -141 0
> 8914 5357 375 51 46 2
> 6687 6537 491 -33 -6 2
> 9173 1890 270 182 35 1
! 98041 -34136 200
! 104803 31127 0
> 10139 2466 227 157 -159 0
> 9289 5408 318 43 64 2
> 7361 6423 572 -97 -24 2
> 9297 1990 -399 -199 17 1
! 2368 -3827 200 sims=366744 RUNNER
! 10681 15311 0 sims=366744 BLOCKER
> 10139 2466 227 157 -159 0
> 9289 5408 318 43 64 2
> 7361 6423 572 -97 -24 2
> 9297 1990 -399 -199 17 1
! 106813 -4029 200
! 91212 59347 200
> 10211 2497 60 26 -141 0
> 9607 5451 270 36 82 2
> 8132 6305 655 -100 -6 2
> 9062 1906 -199 -71 35 1
! 875 -1087 200 sims=362845 RUNNER
! 7871 15299 200 sims=362845 BLOCKER
> 10211 2497 60 26 -141 0
> 9607 5451 270 36 82 2
> 8132 6305 655 -100 -6 2
> 9062 1906 -199 -71 35 1
! 107584 -4147 200
! 104692 31143 200
> 10084 2451 -107 -38 -159 0
> 9842 5684 199 198 100 2
> 8986 6184 725 -102 -6 2
> 9054 1893 -6 -10 17 1
! 2313 -3842 200 sims=364854 RUNNER
! 8106 15532 SHIELD sims=364854 BLOCKER
> 10084 2451 -107 -38 -159 0
> 9842 5684 199 198 100 2
> 8986 6184 725 -102 -6 2
> 9054 1893 -6 -10 17 1
! 100340 -34489 SHIELD
! 90969 59250 200
> 9934 2343 154 48 -141 0
> 10398 5672 612 -92 100 2
> 9354 6292 172 173 -24 2
> 9100 1942 -243 -99 35 1
! 598 -1241 200 sims=375578 RUNNER
! 5703 14501 0 sims=375578 BLOCKER
> 9934 2343 154 48 -141 0
> 10398 5672 612 -92 100 2
> 9354 6292 172 173 -24 2
> 9100 1942 -243 -99 35 1
! 83668 -60621 0
! 104730 31179 200
> 9901 2319 -27 -20 -159 0
> 11010 5580 520 -78 118 2
> 9526 6465 146 147 -42 2
> 9048 1901 -43 -34 17 1
! 565 -1265 200 sims=355628 RUNNER
! 3817 12527 0 sims=355628 BLOCKER
> 9901 2319 -27 -20 -159 0
> 11010 5580 520 -78 118 2
> 9526 6465 146 147 -42 2
> 9048 1901 -43 -34 17 1
! 83840 -60448 0
! 90963 59258 200
> 9891 2326 106 61 -159 0
> 11530 5502 442 -66 136 0
> 9672 6612 124 124 -42 2
> 8965 1883 -185 -71 35 1
! 2120 -3967 200 sims=372463 RUNNER
! 2542 9886 0 sims=372463 BLOCKER
> 9891 2326 106 61 -159 0
> 11530 5502 442 -66 136 0
> 9672 6612 124 124 -42 2
> 8965 1883 -185 -71 35 1
! 101026 -34061 0
! 104595 31120 200
> 9842 2261 -42 -55 -141 0
> 11972 5436 375 -56 154 0
> 9796 6736 105 105 -24 2
> 8971 1870 5 -10 17 1
! 506 -1323 200 sims=334082 RUNNER
! 2069 6828 200 sims=334082 BLOCKER
> 9842 2261 -42 -55 -141 0
> 11972 5436 375 -56 154 0
> 9796 6736 105 105 -24 2
> 8971 1870 5 -10 17 1
! 84110 -60177 200
! 104601 31107 200
> 9890 2261 160 54 -159 0
> 12149 5408 150 -23 172 0
> 10050 6707 215 -24 -42 2
> 8890 1792 -188 -120 17 1
! 554 -1323 200 sims=378084 RUNNER
! 2301 3672 200 sims=378084 BLOCKER
> 9890 2261 160 54 -159 0
> 12149 5408 150 -23 172 0
> 10050 6707 215 -24 -42 2
> 8890 1792 -188 -120 17 1
! 60049 -79895 200
! 90805 59149 200
> 9863 2243 -22 -15 -159 0
> 12102 5350 -39 -49 190 0
> 10365 6510 267 -167 -60 2
> 8866 1787 -20 -4 35 1
! 527 -1341 200 sims=302666 RUNNER
! 3273 655 200 sims=302666 BLOCKER
> 9863 2243 -22 -15 -159 0
> 12102 5350 -39 -49 190 0
> 10365 6510 267 -167 -60 2
> 8866 1787 -20 -4 35 1
! 60364 -80092 200
! 104496 31024 200
> 9751 2204 130 77 -159 0
> 11886 5207 -183 -121 208 0
> 10732 6170 311 -289 -60 2
> 8941 1794 -162 -104 17 1
! 415 -1380 200 sims=335181 RUNNER
! 4939 -1986 0 sims=335181 BLOCKER
> 9751 2204 130 77 -159 0
> 11886 5207 -183 -121 208 0
> 10732 6170 311 -289 -60 2
> 8941 1794 -162 -104 17 1
! 31523 -91644 0
! 90856 59151 200
> 9694 2209 -48 4 -159 0
> 11703 5086 -155 -102 -134 0
> 11043 5881 264 -245 -78 0
> 8943 1805 1 9 35 1
! 358 -1375 200 sims=283031 RUNNER
! 2874 391 200 sims=283031 BLOCKER
> 9694 2209 -48 4 -159 0
> 11703 5086 -155 -102 -134 0
> 11043 5881 264 -245 -78 0
> 8943 1805 1 9 35 1
! 590 -93571 200
! 104573 31042 200
> 9797 2329 126 123 -159 0
> 11518 4644 -60 -536 -152 0
> 11139 5683 -14 -6 -96 0
> 8797 1685 -162 -123 17 1
! 2026 -3964 200 sims=348026 RUNNER
! 2689 -51 200 sims=348026 BLOCKER
> 9797 2329 126 123 -159 0
> 11518 4644 -60 -536 -152 0
> 11139 5683 -14 -6 -96 0
> 8797 1685 -162 -123 17 1
! -29534 -85671 200
! 90712 59042 200
> 9768 2326 -25 -2 -141 0
> 11281 4014 -201 -535 -152 0
> 11044 5494 -81 -160 -114 0
> 8799 1677 1 -7 35 1
! 1997 -3967 200 sims=327698 RUNNER
! 2452 -681 200 sims=327698 BLOCKER
> 9768 2326 -25 -2 -141 0
> 11281 4014 -201 -535 -152 0
> 11044 5494 -81 -160 -114 0
> 8799 1677 1 -7 35 1
! 591 -93958 200
! 90714 59034 200
> 9631 2227 142 87 -141 0
> 10903 3385 -320 -534 -152 0
> 10942 5135 -86 -305 -96 0
> 8921 1756 -155 -104 35 1
! 295 -1357 200 sims=345821 RUNNER
! 1055 1649 200 sims=345821 BLOCKER
> 9631 2227 142 87 -141 0
> 10903 3385 -320 -534 -152 0
> 10942 5135 -86 -305 -96 0
> 8921 1756 -155 -104 35 1
! -29731 -86219 200
! 90836 59113 200
> 9586 2242 -38 13 -159 0
> 10386 2816 -439 -483 -170 0
> 10775 4647 -142 -414 -114 0
> 8930 1767 7 9 35 1
! 250 -1342 SHIELD sims=339710 RUNNER
! 483 4208 200 sims=339710 BLOCKER
> 9586 2242 -38 13 -159 0
> 10386 2816 -439 -483 -170 0
> 10775 4647 -142 -414 -114 0
> 8930 1767 7 9 35 1
! -56138 -69667 200
! 69111 81630 SHIELD
> 9566 2271 -10 30 -159 0
> 10604 2962 418 288 -188 0
> 10499 4084 -234 -478 -132 0
> 8834 1700 -111 -79 53 1
! -420 1748 0 sims=349853 RUNNER
! 756 1226 0 sims=349853 BLOCKER
> 9566 2271 -10 30 -159 0
> 10604 2962 418 288 -188 0
> 10499 4084 -234 -478 -132 0
> 8834 1700 -111 -79 53 1
! -56414 -70230 SHIELD
! 41390 96251 0
> 9556 2301 -8 25 -177 0
> 11022 3250 355 244 -170 0
> 10265 3606 -198 -406 -132 0
> 8723 1621 -94 -67 71 1
! -103 4889 0 sims=348089 RUNNER
! 1174 1514 200 sims=348089 BLOCKER
> 9556 2301 -8 25 -177 0
> 11022 3250 355 244 -170 0
> 10265 3606 -198 -406 -132 0
> 8723 1621 -94 -67 71 1
! -30408 -87748 0
! 10468 101605 0
> 9548 2326 -6 21 -195 0
> 11180 3459 134 177 -170 0
> 10067 3200 -168 -345 -114 0
> 8629 1554 -79 -56 89 1
! 1161 7772 0 sims=338982 RUNNER
! 1277 4851 200 sims=338982 BLOCKER
> 9548 2326 -6 21 -195 0
> 11180 3459 134 177 -170 0
> 10067 3200 -168 -345 -114 0
> 8629 1554 -79 -56 89 1
! -56846 -71114 SHIELD
! -20608 97184 0
> 9366 2072 -334 -497 147 1
> 11116 3664 -54 174 172 0
> 9917 2883 -109 -241 -132 0
> 8550 1498 -67 -47 107 1
! 3073 9843 200 sims=349419 RUNNER
! 1213 5056 200 sims=349419 BLOCKER
> 9366 2072 -334 -497 147 1
> 11116 3664 -54 174 172 0
> 9917 2883 -109 -241 -132 0
> 8550 1498 -67 -47 107 1
! -76685 -47116 0
! -20687 97128 200
> 9200 1898 1 -65 129 1
> 10864 3866 -214 171 172 0
> 9808 2642 -92 -204 -150 0
> 8131 1474 -498 -101 107 1
! 5616 11234 200 sims=353465 RUNNER
! 961 5258 200 sims=353465 BLOCKER
> 9200 1898 1 -65 129 1
> 10864 3866 -214 171 172 0
> 9808 2642 -92 -204 -150 0
> 8131 1474 -498 -101 107 1
! -57105 -71672 0
! 9876 101458 200
> 9066 1963 -209 -31 111 1
> 10452 4065 -350 169 172 0
> 9779 2495 71 -38 -132 0
> 7636 1573 -420 84 89 1
! 2773 9734 200 sims=274897 RUNNER
! 549 5457 200 sims=274897 BLOCKER
> 9066 1963 -209 -31 111 1
> 10452 4065 -350 169 172 0
> 9779 2495 71 -38 -132 0
> 7636 1573 -420 84 89 1
! -76823 -47504 0
! 40192 96124 200
> 8731 2087 -284 105 129 1
> 9904 4262 -465 167 172 0
> 9850 2457 60 -32 -150 0
> 7281 1846 -301 232 71 1
! 2438 9858 200 sims=267295 RUNNER
! 1 5654 200 sims=267295 BLOCKER
> 8731 2087 -284 105 129 1
> 9904 4262 -465 167 172 0
> 9850 2457 60 -32 -150 0
> 7281 1846 -301 232 71 1
! -87964 -18334 200
! 67462 81709 200
> 8321 2347 -348 221 129 1
> 9241 4457 -563 165 172 0
> 9714 2383 -115 -62 -168 0
> 7100 2238 -153 332 53 1
! -66 7793 200 sims=337834 RUNNER
! -607 2721 0 sims=337834 BLOCKER
> 8321 2347 -348 221 129 1
> 9241 4457 -563 165 172 0
> 9714 2383 -115 -62 -168 0
> 7100 2238 -153 332 53 1
! -89738 12835 200
! 89015 59595 200
> 7911 2679 10 289 147 1
> 8678 4622 -478 140 -170 0
> 9400 2342 -266 -34 174 1
> 7005 2683 -440 370 35 1
! -1748 5267 200 sims=343126 RUNNER
! -151 -73 200 sims=343126 BLOCKER
> 7911 2679 10 289 147 1
> 8678 4622 -478 140 -170 0
> 9400 2342 -266 -34 174 1
> 7005 2683 -440 370 35 1
! -81954 43015 200
! 102635 31920 200
> 7728 3020 -155 289 165 1
> 8023 4668 -556 39 -152 0
> 8951 2389 -381 40 156 1
> 6756 3111 -211 364 17 1
! -2258 2497 200 sims=299740 RUNNER
! 1076 -2525 200 sims=299740 BLOCKER
> 7728 3020 -155 289 165 1
> 8023 4668 -556 39 -152 0
> 8951 2389 -381 40 156 1
> 6756 3111 -211 364 17 1
! -65363 69302 200
! 102386 32348 200
> 7498 3271 -55 182 -177 1
> 7328 4563 -590 -89 -134 0
> 8421 2563 -450 147 138 1
> 6612 3561 -262 413 17 1
! -1838 -313 0 sims=368326 RUNNER
! 381 -2630 SHIELD sims=368326 BLOCKER
> 7498 3271 -55 182 -177 1
> 7328 4563 -590 -89 -134 0
> 8421 2563 -450 147 138 1
> 6612 3561 -262 413 17 1
! -41578 89165 200
! 106596 1815 200
> 7383 3520 -290 429 -159 1
> 6762 4517 -448 17 -134 0
> 7931 2816 -223 -2 120 1
> 6310 3544 -579 -585 -1 1
! -2603 2997 0 sims=389690 RUNNER
! 2378 -4471 0 sims=389690 BLOCKER
> 7383 3520 -290 429 -159 1
> 6762 4517 -448 17 -134 0
> 7931 2816 -223 -2 120 1
> 6310 3544 -579 -585 -1 1
! -66383 69729 0
! 101940 32781 200
> 7093 3949 -246 364 -177 1
> 6314 4534 -380 14 -116 0
> 7708 2814 -189 -1 138 1
> 5922 3017 -329 -447 17 1
! -2243 365 0 sims=372169 RUNNER
! 4922 -5369 0 sims=372169 BLOCKER
> 7093 3949 -246 364 -177 1
> 6314 4534 -380 14 -116 0
> 7708 2814 -189 -1 138 1
> 5922 3017 -329 -447 17 1
! -42291 89416 200
! 87837 60374 200
> 6847 4313 -209 309 -159 1
> 5934 4548 -323 11 -98 0
> 7419 2986 -245 146 120 1
> 5757 2685 -140 -282 35 1
! -2489 729 200 sims=372869 RUNNER
! 7670 -5300 0 sims=372869 BLOCKER
> 6847 4313 -209 309 -159 1
> 5934 4548 -323 11 -98 0
> 7419 2986 -245 146 120 1
> 5757 2685 -140 -282 35 1
! -42580 89588 200
! 87672 60042 200
> 6451 4550 -336 201 -159 1
> 5611 4559 -274 9 -80 0
> 7074 3305 -293 271 120 1
> 5781 2518 20 -142 35 1
! -2885 966 SHIELD sims=351519 RUNNER
! 7347 -5289 200 sims=351519 BLOCKER
> 6451 4550 -336 201 -159 1
> 5611 4559 -274 9 -80 0
> 7074 3305 -293 271 120 1
> 5781 2518 20 -142 35 1
! -42925 89907 200
! 65962 82381 200
> 6115 4751 -285 170 -159 1
> 5372 4371 -203 -159 -80 0
> 6681 3749 -334 377 120 1
> 5921 2536 119 15 53 1
! -3871 4228 0 sims=366345 RUNNER
! 10067 -4458 0 sims=366345 BLOCKER
> 6115 4751 -285 170 -159 1
> 5372 4371 -203 -159 -80 0
> 6681 3749 -334 377 120 1
> 5921 2536 119 15 53 1
! -67633 70662 200
! 38477 97087 0
> 5809 4959 -405 436 -177 1
> 5169 4212 -172 -135 -62 0
> 6219 4222 -246 141 138 1
> 6040 2551 101 12 71 1
! -3850 7547 0 sims=370594 RUNNER
! 12362 -2735 200 sims=370594 BLOCKER
> 5809 4959 -405 436 -177 1
> 5169 4212 -172 -135 -62 0
> 6219 4222 -246 141 138 1
> 6040 2551 101 12 71 1
! -43780 90824 200
! 7785 102535 200
> 5404 5395 -344 370 -195 2
> 5141 3938 -23 -232 -44 0
> 5873 4536 -294 267 120 1
> 6144 2763 88 180 89 1
! -2983 10841 0 sims=395262 RUNNER
! 14129 -446 0 sims=395262 BLOCKER
> 5404 5395 -344 370 -195 2
> 5141 3938 -23 -232 -44 0
> 5873 4536 -294 267 120 1
> 6144 2763 88 180 89 1
! -44126 91138 200
! 7889 102747 0
> 5060 5765 -292 314 147 2
> 5118 3706 -19 -197 -26 0
> 5479 4976 -334 374 120 2
> 6232 2943 74 153 89 1
! -1233 13536 200 sims=417438 RUNNER
! 12311 -3241 200 sims=417438 BLOCKER
> 5060 5765 -292 314 147 2
> 5118 3706 -19 -197 -26 0
> 5479 4976 -334 374 120 2
> 6232 2943 74 153 89 1
! -15312 102790 SHIELD
! -23005 98573 0
> 4642 6234 -355 399 129 2
> 5243 3370 106 -285 -44 0
> 5145 5350 -283 317 102 2
> 6306 3096 62 130 107 1
! 1058 15570 0 sims=401352 RUNNER
! 14231 -1014 0 sims=401352 BLOCKER
> 4642 6234 -355 399 129 2
> 5243 3370 106 -285 -44 0
> 5145 5350 -283 317 102 2
> 6306 3096 62 130 107 1
! 15597 104802 0
! 8051 103080 0
> 4287 6633 -301 339 111 2
> 5349 3085 90 -242 -26 0
> 4862 5667 -240 269 84 2
> 6368 3226 52 110 89 1
! 3764 16619 0 sims=418075 RUNNER
! 15252 1693 200 sims=418075 BLOCKER
> 4287 6633 -301 339 111 2
> 5349 3085 90 -242 -26 0
> 4862 5667 -240 269 84 2
> 6368 3226 52 110 89 1
! 45535 97021 0
! 38924 97777 0
> 3986 6972 -255 288 93 2
> 5637 2815 244 -229 -8 0
> 4622 5936 -204 228 66 2
> 6420 3336 44 93 71 1
! 6574 16631 0 sims=430549 RUNNER
! 15485 4551 200 sims=430549 BLOCKER
> 3986 6972 -255 288 93 2
> 5637 2815 244 -229 -8 0
> 4622 5936 -204 228 66 2
> 6420 3336 44 93 71 1
! 71535 80250 200
! 66601 83199 0
> 3731 7260 -216 244 75 2
> 6078 2621 374 -165 10 0
> 4418 6164 -173 193 48 2
> 6464 3429 37 79 53 1
! 9177 15647 200 sims=431095 RUNNER
! 14907 7316 200 sims=431095 BLOCKER
> 3731 7260 -216 244 75 2
> 6078 2621 374 -165 10 0
> 4418 6164 -173 193 48 2
> 6464 3429 37 79 53 1
! 91020 56163 200
! 88379 60786 0
> 3624 7672 -91 349 57 2
> 6629 2550 468 -60 28 0
> 4418 6457 0 249 30 2
> 6501 3508 31 67 35 1
! 11395 13965 200 sims=397663 RUNNER
! 13576 9743 200 sims=397663 BLOCKER
> 3624 7672 -91 349 57 2
> 6629 2550 468 -60 28 0
> 4418 6457 0 249 30 2
> 6501 3508 31 67 35 1
! 102232 27248 200
! 102131 32745 200
> 3688 8147 54 403 39 2
> 7236 2634 515 71 46 0
> 4614 6748 166 246 12 2
> 6723 3633 188 106 17 1
! 13024 11731 200 sims=406889 RUNNER
! 11620 11622 200 sims=406889 BLOCKER
> 3688 8147 54 403 39 2
> 7236 2634 515 71 46 0
> 4614 6748 166 246 12 2
> 6723 3633 188 106 17 1
! 104066 -3704 200
! 88638 60990 200
> 3929 8622 204 403 21 2
> 7839 2885 512 213 64 0
> 4979 6973 310 191 -6 2
> 7075 3854 299 187 35 1
! 13915 9145 200 sims=358589 RUNNER
! 14786 10078 200 sims=358589 BLOCKER
> 3929 8622 204 403 21 2
> 7839 2885 512 213 64 0
> 4979 6973 310 191 -6 2
> 7075 3854 299 187 35 1
! 96333 -33700 200
! 102705 33091 200
> 4333 9035 343 351 3 2
> 8490 3242 553 303 46 0
> 5472 7083 418 93 -24 2
> 7565 4099 416 208 17 1
! 13992 6447 200 sims=378126 RUNNER
! 12874 12230 0 sims=378126 BLOCKER
> 4333 9035 343 351 3 2
> 8490 3242 553 303 46 0
> 5472 7083 418 93 -24 2
> 7565 4099 416 208 17 1
! 96826 -33590 200
! 89480 61456 0
> 4869 9334 455 254 -15 2
> 9043 3545 470 257 64 0
> 6073 7095 510 9 -24 2
> 7981 4307 353 176 35 1
! 13256 3888 200 sims=385350 RUNNER
! 10435 13448 0 sims=385350 BLOCKER
> 4869 9334 455 254 -15 2
> 9043 3545 470 257 64 0
> 6073 7095 510 9 -24 2
> 7981 4307 353 176 35 1
! 97427 -33578 200
! 68162 84170 0
> 5492 9479 529 123 -33 2
> 9513 3802 399 218 82 0
> 6766 7023 588 -61 -24 2
> 8334 4483 300 149 53 1
! 11785 1708 200 sims=387898 RUNNER
! 7777 13650 200 sims=387898 BLOCKER
> 5492 9479 529 123 -33 2
> 9513 3802 399 218 82 0
> 6766 7023 588 -61 -24 2
> 8334 4483 300 149 53 1
! 98120 -33650 200
! 90249 61840 200
> 6147 9447 556 -27 -51 2
> 9877 4217 309 352 100 0
> 7537 6881 655 -120 -24 2
> 8798 4747 394 224 35 1
! 12440 1676 200 sims=349468 RUNNER
! 5182 13046 0 sims=349468 BLOCKER
> 6147 9447 556 -27 -51 2
> 9877 4217 309 352 100 0
> 7537 6881 655 -120 -24 2
> 8798 4747 394 224 35 1
! 98891 -33792 200
! 104428 33984 0
> 6829 9265 579 -155 -51 2
> 10186 4569 262 299 118 0
> 8375 6680 712 -171 -24 2
> 9192 4971 334 190 17 1
! 13122 1494 200 sims=331744 RUNNER
! 8450 14417 0 sims=331744 BLOCKER
> 6829 9265 579 -155 -51 2
> 10186 4569 262 299 118 0
> 8375 6680 712 -171 -24 2
> 9192 4971 334 190 17 1
! 82689 -60233 0
! 91107 62328 0
> 7534 8955 599 -263 -51 2
> 10448 4868 222 254 100 0
> 9087 6509 605 -145 -42 2
> 9526 5161 283 161 35 1
! 13827 1184 200 sims=348208 RUNNER
! 5753 13697 200 sims=348208 BLOCKER
> 7534 8955 599 -263 -51 2
> 10448 4868 222 254 100 0
> 9087 6509 605 -145 -42 2
> 9526 5161 283 161 35 1
! 83401 -60404 0
! 91441 62518 0
> 8259 8537 616 -355 -51 2
> 10616 5295 286 349 118 0
> 9692 6364 514 -123 -42 2
> 9769 5326 63 153 35 1
! 11843 -799 0 sims=302624 RUNNER
! 3423 12242 200 sims=302624 BLOCKER
> 8259 8537 616 -355 -51 2
> 10616 5295 286 349 118 0
> 9692 6364 514 -123 -42 2
> 9769 5326 63 153 35 1
! 84006 -60549 0
! 69950 85189 0
> 8875 8182 523 -301 -69 2
> 10820 5728 554 27 136 0
> 10144 6296 2 282 -42 2
> 9832 5479 53 130 53 1
! 15168 411 200 sims=306831 RUNNER
! 1832 10112 200 sims=306831 BLOCKER
> 8875 8182 523 -301 -69 2
> 10820 5728 554 27 136 0
> 10144 6296 2 282 -42 2
> 9832 5479 53 130 53 1
! 84458 -60617 200
! 91747 62836 200
> 9524 7726 551 -387 -51 2
> 11194 5843 318 97 154 0
> 10315 6501 178 267 -42 2
> 10028 5667 133 66 35 1
! 13108 -1610 200 sims=244125 RUNNER
! 1291 7235 200 sims=244125 BLOCKER
> 9524 7726 551 -387 -51 2
> 11194 5843 318 97 154 0
> 10315 6501 178 267 -42 2
> 10028 5667 133 66 35 1
! 84629 -60412 200
! 70209 85530 0
> 10091 7215 121 -24 -69 2
> 11314 5968 101 106 172 0
> 10697 6571 685 -349 -42 2
> 10161 5733 113 56 53 1
! 16384 -556 0 sims=274302 RUNNER
! 1466 4232 0 sims=274302 BLOCKER
> 10091 7215 121 -24 -69 2
> 11314 5968 101 106 172 0
> 10697 6571 685 -349 -42 2
> 10161 5733 113 56 53 1
! 60696 -80031 200
! 42717 100284 0
> 10212 7191 102 -20 -51 2
> 12032 5468 648 -462 190 0
> 10865 6655 104 108 -60 2
> 10274 5789 96 47 71 1
! 18599 1745 0 sims=328307 RUNNER
! 2184 3732 200 sims=328307 BLOCKER
> 10212 7191 102 -20 -51 2
> 12032 5468 648 -462 190 0
> 10865 6655 104 108 -60 2
> 10274 5789 96 47 71 1
! 85179 -60258 200
! 42830 100340 200
> 10314 7171 86 -17 -33 2
> 12483 4971 383 -422 -170 0
> 11118 6629 214 -21 -42 2
> 10435 6025 136 200 71 1
! 16607 -600 200 sims=337134 RUNNER
! 2635 3235 200 sims=337134 BLOCKER
> 10314 7171 86 -17 -33 2
> 12483 4971 383 -422 -170 0
> 11118 6629 214 -21 -42 2
> 10435 6025 136 200 71 1
! 61117 -79973 200
! 12180 106009 200
> 10504 7222 133 341 -51 2
> 12669 4514 158 -388 -170 0
> 11432 6435 266 -165 -60 0
> 10596 6202 165 -147 89 1
! 14088 -2114 200 sims=337652 RUNNER
! 2821 2778 200 sims=337652 BLOCKER
> 10504 7222 133 341 -51 2
> 12669 4514 158 -388 -170 0
> 11432 6435 266 -165 -60 0
> 10596 6202 165 -147 89 1
! 32223 -91379 200
! 43152 100753 0
> 10709 7376 173 131 -69 2
> 12630 4091 -33 -359 -170 0
> 11740 6074 261 -306 -78 0
> 10761 6055 140 -124 71 1
! 11232 -2610 200 sims=337001 RUNNER
! 2782 2355 200 sims=337001 BLOCKER
> 10709 7376 173 131 -69 2
> 12630 4091 -33 -359 -170 0
> 11740 6074 261 -306 -78 0
> 10761 6055 140 -124 71 1
! 1287 -93378 200
! 12506 106039 200
> 10892 7307 155 -58 -87 2
> 12400 3697 -195 -334 -170 0
> 11980 5569 204 -429 -96 0
> 10904 6131 121 64 89 1
! 11415 -2679 200 sims=307433 RUNNER
! 2552 1961 200 sims=307433 BLOCKER
> 10892 7307 155 -58 -87 2
> 12400 3697 -195 -334 -170 0
> 11980 5569 204 -429 -96 0
> 10904 6131 121 64 89 1
! -28693 -85785 200
! 12649 106115 200
> 11061 7194 150 223 -87 2
> 12008 3328 -333 -313 -170 0
> 12103 4957 104 -519 -114 0
> 11025 6250 96 -218 89 1
! 8473 -2465 200 sims=354116 RUNNER
! 2105 4720 0 sims=354116 BLOCKER
> 11061 7194 150 223 -87 2
> 12008 3328 -333 -313 -170 0
> 12103 4957 104 -519 -114 0
> 11025 6250 96 -218 89 1
! -54810 -69357 200
! 43581 100801 200
> 11159 7224 83 25 -105 2
> 11675 3015 -283 -266 172 0
> 12073 4289 -25 -567 -132 0
> 11186 6221 136 -24 71 1
! 11682 -2762 200 sims=364161 RUNNER
! 2687 7399 0 sims=364161 BLOCKER
> 11159 7224 83 25 -105 2
> 11675 3015 -283 -266 172 0
> 12073 4289 -25 -567 -132 0
> 11186 6221 136 -24 71 1
! -74529 -45710 0
! 12931 106205 200
> 11243 7193 59 145 -87 2
> 11392 2749 -240 -226 154 0
> 12048 3722 -21 -481 -150 0
> 11335 6253 138 -144 89 1
! 11766 -2793 200 sims=329756 RUNNER
! 4199 9696 0 sims=329756 BLOCKER
> 11243 7193 59 145 -87 2
> 11392 2749 -240 -226 154 0
> 12048 3722 -21 -481 -150 0
> 11335 6253 138 -144 89 1
! -85766 -17069 200
! -17902 101883 200
> 11312 7138 59 -46 -87 2
> 11152 2523 -204 -192 136 0
> 11831 3199 -184 -444 -168 0
> 11415 6300 67 40 107 1
! 11835 -2848 200 sims=286216 RUNNER
! 6457 11352 0 sims=286216 BLOCKER
> 11312 7138 59 -46 -87 2
> 11152 2523 -204 -192 136 0
> 11831 3199 -184 -444 -168 0
> 11415 6300 67 40 107 1
! -85983 -17592 200
! -17822 101930 200
> 11328 7326 9 196 -87 2
> 10822 2217 -379 -349 118 0
> 11578 2827 -116 -226 -168 0
> 11477 6098 57 -209 107 1
! 11851 -2660 200 sims=348229 RUNNER
! 9086 12065 0 sims=348229 BLOCKER
> 11328 7326 9 196 -87 2
> 10822 2217 -379 -349 118 0
> 11578 2827 -116 -226 -168 0
> 11477 6098 57 -209 107 1
! -87874 13279 200
! 13222 106082 200
> 11347 7322 16 -3 -87 2
> 10443 1868 -322 -296 100 0
> 11263 2622 -267 -174 174 0
> 11537 6089 51 -7 89 1
! 11870 -2664 200 sims=344995 RUNNER
! 11835 11771 200 sims=344995 BLOCKER
> 11347 7322 16 -3 -87 2
> 10443 1868 -322 -296 100 0
> 11263 2622 -267 -174 174 0
> 11537 6089 51 -7 89 1
! -86551 -18169 200
! -17700 101719 200
> 11373 7119 22 -172 -87 2
> 10149 1770 -250 -83 82 0
> 10800 2406 -393 -183 -168 0
> 11530 6273 -6 156 107 1
! 11896 -2867 SHIELD sims=339794 RUNNER
! 14533 10758 200 sims=339794 BLOCKER
> 11373 7119 22 -172 -87 2
> 10149 1770 -250 -83 82 0
> 10800 2406 -393 -183 -168 0
> 11530 6273 -6 156 107 1
! -75802 -47593 200
! -17707 101903 SHIELD
> 11344 7209 -34 126 -87 2
> 9670 1556 -474 -247 64 0
> 10551 2434 -145 89 -150 0
> 11575 6167 47 -140 107 1
! 11867 -2777 0 sims=350140 RUNNER
! 16617 8749 200 sims=350140 BLOCKER
> 11344 7209 -34 126 -87 2
> 9670 1556 -474 -247 64 0
> 10551 2434 -145 89 -150 0
> 11575 6167 47 -140 107 1
! -76051 -47565 200
! -45782 88082 0
> 11310 7335 -28 107 -87 2
> 9335 1453 -284 -87 46 1
> 10233 2423 -270 -9 -150 0
> 11622 6027 39 -119 125 1
! 11833 -2651 0 sims=354781 RUNNER
! 16282 8646 200 sims=354781 BLOCKER
> 11310 7335 -28 107 -87 2
> 9335 1453 -284 -87 46 1
> 10233 2423 -270 -9 -150 0
> 11622 6027 39 -119 125 1
! -87581 -18368 200
! -45735 87942 0
> 11282 7442 -23 90 -87 2
> 9190 1510 -123 48 46 1
> 9767 2372 -395 -42 -168 0
> 11661 5908 33 -101 125 1
! 14866 -1894 0 sims=352723 RUNNER
! 13574 10498 200 sims=352723 BLOCKER
> 11282 7442 -23 90 -87 2
> 9190 1510 -123 48 46 1
> 9767 2372 -395 -42 -168 0
> 11661 5908 33 -101 125 1
! -89685 12824 SHIELD
! -68202 66089 0
