@ 0 YurkovAS
@ 1 reCurse
CP 5
CP 6584 7861
CP 7500 1354
CP 12695 7086
CP 4041 4659
CP 13013 1873
> 6089 7791 0 0 -1 1
> 7079 7931 0 0 -1 1
> 5099 7652 0 0 -1 1
> 8069 8070 0 0 -1 1
! 5566 -2195 BOOST sims=291599 RUNNER
! 8124 -2014 BOOST sims=291599 BLOCKER
> 6089 7791 0 0 -1 1
> 7079 7931 0 0 -1 1
> 5099 7652 0 0 -1 1
> 8069 8070 0 0 -1 1
! 40721 -85788 200
! 30831 -89304 200
> 6055 7142 -28 -551 -93 1
> 7147 7285 57 -549 -84 1
> 5170 7465 60 -158 -69 1
> 8115 7875 38 -165 -77 1
! 8643 -2517 200 sims=347606 RUNNER
! 8192 -2660 200 sims=347606 BLOCKER
> 6055 7142 -28 -551 -93 1
> 7147 7285 57 -549 -84 1
> 5170 7465 60 -158 -69 1
> 8115 7875 38 -165 -77 1
! 68101 -70249 200
! -600 -91744 0
> 6079 6398 20 -632 -75 1
> 7225 6537 66 -635 -84 1
> 5356 7151 157 -266 -51 1
> 8153 7710 32 -140 -95 1
! 8667 -3261 200 sims=355782 RUNNER
! 8270 -3408 200 sims=355782 BLOCKER
> 6079 6398 20 -632 -75 1
> 7225 6537 66 -635 -84 1
> 5356 7151 157 -266 -51 1
> 8153 7710 32 -140 -95 1
! 68287 -70563 200
! -30920 -84340 200
> 6151 5573 60 -701 -75 1
> 7312 5703 73 -708 -84 1
> 5639 6730 240 -358 -51 1
> 8107 7386 -38 -275 -113 1
! 11597 -2814 200 sims=327075 RUNNER
! 5233 -4078 0 sims=327075 BLOCKER
> 6151 5573 60 -701 -75 1
> 7312 5703 73 -708 -84 1
> 5639 6730 240 -358 -51 1
> 8107 7386 -38 -275 -113 1
! 41475 -86628 200
! -608 -92233 200
> 6320 4704 143 -738 -57 1
> 7385 4995 62 -601 -102 1
> 5951 6185 264 -463 -69 1
> 8052 6912 -47 -403 -95 1
! 14091 -1589 200 sims=294756 RUNNER
! 2385 -3665 0 sims=294756 BLOCKER
> 6320 4704 143 -738 -57 1
> 7385 4995 62 -601 -102 1
> 5951 6185 264 -463 -69 1
> 8052 6912 -47 -403 -95 1
! 41787 -87173 200
! -663 -92707 0
> 6618 3840 253 -734 -39 1
> 7447 4394 52 -510 -120 1
> 6287 5535 285 -552 -69 1
> 8005 6509 -39 -342 -95 1
! 15954 256 0 sims=292810 RUNNER
! 16 -2297 0 sims=292810 BLOCKER
> 6618 3840 253 -734 -39 1
> 7447 4394 52 -510 -120 1
> 6287 5535 285 -552 -69 1
> 8005 6509 -39 -342 -95 1
! 42123 -87823 200
! 30500 -90928 0
> 6871 3106 215 -623 -21 1
> 7499 3884 44 -433 -138 1
> 6644 4796 303 -627 -69 1
> 7966 6167 -33 -290 -77 1
! 16857 2583 200 sims=285649 RUNNER
! -1636 -183 0 sims=285649 BLOCKER
> 6871 3106 215 -623 -21 1
> 7499 3884 44 -433 -138 1
> 6644 4796 303 -627 -69 1
> 7966 6167 -33 -290 -77 1
! 42480 -88562 200
! 59469 -79549 0
> 7286 2473 352 -538 -3 1
> 7580 3413 336 -673 -156 1
> 6981 4021 19 -385 -69 1
> 7933 5877 -28 -246 -59 1
! 16945 5061 0 sims=290346 RUNNER
! -2365 2368 200 sims=290346 BLOCKER
> 7286 2473 352 -538 -3 1
> 7580 3413 336 -673 -156 1
> 6981 4021 19 -385 -69 1
> 7933 5877 -28 -246 -59 1
! 42817 -89337 200
! 59436 -79839 0
> 7636 1921 278 -634 15 2
> 7719 2733 137 -412 -174 1
> 7072 3449 77 -485 -69 1
> 7905 5631 -23 -209 -59 1
! 16023 7367 200 sims=325717 RUNNER
! -2062 4812 200 sims=325717 BLOCKER
> 7636 1921 278 -634 15 2
> 7719 2733 137 -412 -174 1
> 7072 3449 77 -485 -69 1
> 7905 5631 -23 -209 -59 1
! 70003 -74265 200
! 83375 -59974 0
> 8082 1396 378 -446 33 2
> 7800 2205 162 -553 -192 1
> 7135 2966 -39 -305 -51 1
> 7882 5422 -19 -177 -41 1
! 14375 9167 200 sims=338758 RUNNER
! -860 7205 200 sims=338758 BLOCKER
> 8082 1396 378 -446 33 2
> 7800 2205 162 -553 -192 1
> 7135 2966 -39 -305 -51 1
> 7882 5422 -19 -177 -41 1
! 70066 -74748 200
! 99932 -33651 200
> 8586 1105 428 -246 51 2
> 7789 1752 -9 -385 -210 2
> 7222 2506 73 -391 -51 1
> 8047 5167 140 -216 -23 1
! 12170 10441 200 sims=294371 RUNNER
! 1098 9183 200 sims=294371 BLOCKER
> 8586 1105 428 -246 51 2
> 7789 1752 -9 -385 -210 2
> 7222 2506 73 -391 -51 1
> 8047 5167 140 -216 -23 1
! 91089 -51957 SHIELD
! 83517 -60439 0
> 9086 1046 424 -50 69 2
> 7754 1355 91 -520 132 2
> 7284 2131 40 -300 -33 1
> 8187 4951 119 -183 -41 1
! 15379 8817 200 sims=370979 RUNNER
! 3687 10490 0 sims=370979 BLOCKER
> 9086 1046 424 -50 69 2
> 7754 1355 91 -520 132 2
> 7284 2131 40 -300 -33 1
> 8187 4951 119 -183 -41 1
! 103876 -23751 0
! 100237 -34122 200
> 9636 1151 467 89 51 2
> 7845 835 77 -442 114 2
> 7324 1831 34 -255 -15 2
> 8490 4690 257 -221 -23 1
! 15929 8922 200 sims=394233 RUNNER
! 6800 10780 200 sims=394233 BLOCKER
> 9636 1151 467 89 51 2
> 7845 835 77 -442 114 2
> 7324 1831 34 -255 -15 2
> 8490 4690 257 -221 -23 1
! 103916 -24051 0
! 108109 -4025 200
> 10229 1395 503 207 51 2
> 7901 592 47 -206 96 2
> 7358 1576 28 -216 -15 2
> 8946 4452 387 -202 -5 1
! 16522 9166 200 sims=349426 RUNNER
! 9980 10373 200 sims=349426 BLOCKER
> 10229 1395 503 207 51 2
> 7901 592 47 -206 96 2
> 7358 1576 28 -216 -15 2
> 8946 4452 387 -202 -5 1
! 91224 -52888 200
! 106383 26946 200
> 10858 1757 534 308 51 2
> 7990 582 75 -8 78 2
> 7386 1360 23 -183 -33 2
> 9528 4295 494 -133 13 1
! 14442 11093 200 sims=356237 RUNNER
! 12990 9242 200 sims=356237 BLOCKER
> 10858 1757 534 308 51 2
> 7990 582 75 -8 78 2
> 7386 1360 23 -183 -33 2
> 9528 4295 494 -133 13 1
! 103978 -24522 200
! 106965 26790 200
> 11464 2252 514 420 69 2
> 8260 657 336 -37 60 2
> 7507 1216 -4 -21 -15 2
> 10217 4207 585 -74 13 1
! 17757 10023 200 sims=370083 RUNNER
! 10339 10438 200 sims=370083 BLOCKER
> 11464 2252 514 420 69 2
> 8260 657 336 -37 60 2
> 7507 1216 -4 -21 -15 2
> 10217 4207 585 -74 13 1
! 107369 6449 200
! 109836 -4508 200
> 12104 2827 543 489 51 2
> 8638 816 320 134 78 2
> 7703 1205 166 -8 3 2
> 11001 4116 666 -77 -5 1
! 20491 8273 200 sims=369103 RUNNER
! 10717 10597 200 sims=369103 BLOCKER
> 12104 2827 543 489 51 2
> 8638 816 320 134 78 2
> 7703 1205 166 -8 3 2
> 11001 4116 666 -77 -5 1
! 101061 37041 200
! 108438 26610 200
> 12815 3425 604 508 33 2
> 9000 1146 307 280 78 2
> 8056 1269 299 54 21 2
> 11862 4084 731 -27 13 1
! 19108 11196 200 sims=257586 RUNNER
! 11079 10927 200 sims=257586 BLOCKER
> 12815 3425 604 508 33 2
> 9000 1146 307 280 78 2
> 8056 1269 299 54 21 2
> 11862 4084 731 -27 13 1
! 85770 64201 200
! 97578 55587 200
> 13562 4086 833 533 51 2
> 9349 1622 296 404 78 2
> 8510 1449 386 152 39 2
> 12747 4162 554 94 31 1
! 17146 13422 0 sims=400246 RUNNER
! 8304 11567 200 sims=400246 BLOCKER
> 13562 4086 833 533 51 2
> 9349 1622 296 404 78 2
> 8510 1449 386 152 39 2
> 12747 4162 554 94 31 1
! 62973 85316 0
! 78352 79632 0
> 14395 4619 708 453 69 2
> 9624 2225 233 512 96 2
> 8896 1601 328 129 57 2
> 13301 4256 470 79 49 1
! 14918 14605 0 sims=371980 RUNNER
! 11703 12006 200 sims=371980 BLOCKER
> 14395 4619 708 453 69 2
> 9624 2225 233 512 96 2
> 8896 1601 328 129 57 2
> 13301 4256 470 79 49 1
! 86610 64533 200
! 52374 96306 0
> 15103 5072 601 385 87 2
> 9899 2933 233 601 78 2
> 9379 1856 410 216 39 2
> 13771 4335 399 67 67 1
! 12515 14731 0 sims=366688 RUNNER
! 14899 11593 0 sims=366688 BLOCKER
> 15103 5072 601 385 87 2
> 9899 2933 233 601 78 2
> 9379 1856 410 216 39 2
> 13771 4335 399 67 67 1
! 63842 85723 200
! 22486 103954 200
> 15704 5457 510 327 105 2
> 10132 3534 198 510 60 2
> 9898 2240 441 326 57 2
> 14187 4601 353 226 85 1
! 10258 13844 200 sims=372610 RUNNER
! 17563 10225 0 sims=372610 BLOCKER
> 15704 5457 510 327 105 2
> 10132 3534 198 510 60 2
> 9898 2240 441 326 57 2
> 14187 4601 353 226 85 1
! 35779 98832 200
! 22902 104220 200
> 16105 5952 340 420 123 2
> 10330 4044 168 433 42 2
> 10391 2759 418 441 75 2
> 14557 5026 314 361 85 1
! 8334 12245 200 sims=327810 RUNNER
! 19465 8111 0 sims=327810 BLOCKER
> 16105 5952 340 420 123 2
> 10330 4044 168 433 42 2
> 10391 2759 418 441 75 2
> 14557 5026 314 361 85 1
! 5157 102621 200
! 23272 104645 0
> 16290 6498 156 463 141 2
> 10498 4477 142 368 24 2
> 10799 3400 346 544 93 2
> 14871 5387 266 306 85 1
! 6954 10082 200 sims=308294 RUNNER
! 20443 5522 200 sims=308294 BLOCKER
> 16290 6498 156 463 141 2
> 10498 4477 142 368 24 2
> 10799 3400 346 544 93 2
> 14871 5387 266 306 85 1
! 36680 99992 200
! -7624 102824 0
> 16259 7033 -26 454 159 2
> 10839 4866 289 330 6 2
> 11197 4137 338 626 75 2
> 15137 5693 226 260 103 1
! 6273 7556 200 sims=342524 RUNNER
! 20620 2787 0 sims=342524 BLOCKER
> 16259 7033 -26 454 159 2
> 10839 4866 289 330 6 2
> 11197 4137 338 626 75 2
> 15137 5693 226 260 103 1
! 5963 103999 200
! -36366 91409 200
> 16033 7497 -191 394 177 2
> 10942 5566 83 603 -12 2
> 11710 4593 440 378 93 2
> 15260 6124 104 366 121 1
! 6047 8020 200 sims=331625 BLOCKER
! 19602 566 200 sims=331625 RUNNER
> 16033 7497 -191 394 177 2
> 10942 5566 83 603 -12 2
> 11710 4593 440 378 93 2
> 15260 6124 104 366 121 1
! -24126 97951 200
! -60210 71729 0
> 15642 7901 -332 343 177 2
> 11198 6069 217 427 -30 2
> 12078 5158 313 480 111 2
> 15364 6490 88 311 139 1
! 5656 8424 200 sims=338247 BLOCKER
! 19858 1069 200 sims=338247 RUNNER
> 15642 7901 -332 343 177 2
> 11198 6069 217 427 -30 2
> 12078 5158 313 480 111 2
> 15364 6490 88 311 139 1
! -50853 82872 200
! -76686 45563 200
> 15110 8254 -451 300 177 2
> 11588 6396 331 277 -30 2
> 12265 5793 159 540 129 2
> 15268 6879 -81 330 157 1
! 5124 8777 200 sims=323400 BLOCKER
! 20248 1396 SHIELD sims=323400 RUNNER
> 15110 8254 -451 300 177 2
> 11588 6396 331 277 -30 2
> 12265 5793 159 540 129 2
> 15268 6879 -81 330 157 1
! -71602 60256 SHIELD
! -84351 15594 0
> 14459 8564 -553 263 177 2
> 11769 6797 84 398 -30 2
> 12574 6209 331 296 147 2
> 15187 7209 -68 280 175 1
! 4800 5976 200 sims=289492 BLOCKER
! 18460 -634 0 sims=289492 RUNNER
> 14459 8564 -553 263 177 2
> 11769 6797 84 398 -30 2
> 12574 6209 331 296 147 2
> 15187 7209 -68 280 175 1
! -71293 60672 0
! -82250 -15286 200
> 13713 8775 -634 179 -165 2
> 11853 7195 71 338 -48 2
> 12905 6505 281 251 147 2
> 14924 7444 -223 199 193 1
! 5326 3329 200 sims=306460 BLOCKER
! 15920 -1940 0 sims=306460 RUNNER
> 13713 8775 -634 179 -165 2
> 11853 7195 71 338 -48 2
> 12905 6505 281 251 147 2
> 14924 7444 -223 199 193 1
! -50027 84219 200
! -84695 16159 200
> 12911 8845 -681 59 -147 2
> 11924 7533 60 287 -66 2
> 13186 6756 238 213 129 3
> 14502 7660 -358 183 175 1
! 6618 1074 0 sims=340571 RUNNER
! 12969 -2412 0 sims=340571 BLOCKER
> 12911 8845 -681 59 -147 2
> 11924 7533 60 287 -66 2
> 13186 6756 238 213 129 3
> 14502 7660 -358 183 175 1
! -70681 61219 0
! -85117 16375 200
> 12230 8904 -578 50 -129 2
> 11984 7820 51 243 -84 2
> 13424 6969 202 181 147 3
> 13945 7860 -473 170 175 1
! 8646 -432 0 sims=366149 RUNNER
! 9905 -1961 200 sims=366149 BLOCKER
> 12230 8904 -578 50 -129 2
> 11984 7820 51 243 -84 2
> 13424 6969 202 181 147 3
> 13945 7860 -473 170 175 1
! -83168 32850 200
! -83492 -14635 200
> 11652 8954 -491 42 -111 2
> 11993 7867 8 40 -102 2
> 13434 7183 18 75 165 3
> 13276 8003 -578 228 -167 1
! 5359 1183 200 sims=350749 BLOCKER
! 9914 -1914 SHIELD sims=350749 RUNNER
> 11652 8954 -491 42 -111 2
> 11993 7867 8 40 -102 2
> 13434 7183 18 75 165 3
> 13276 8003 -578 228 -167 1
! -86428 1949 200
! -72440 -43500 200
> 11035 8841 -524 -96 -129 2
> 11959 7897 -100 7 -102 2
> 13252 7248 -154 54 -177 3
> 12944 8232 434 372 -149 1
! 2648 3395 200 sims=393281 BLOCKER
! 13004 -2048 0 sims=393281 RUNNER
> 11035 8841 -524 -96 -129 2
> 11959 7897 -100 7 -102 2
> 13252 7248 -154 54 -177 3
> 12944 8232 434 372 -149 1
! -80106 -28588 0
! -52661 -67238 200
> 10343 8636 -587 -174 -147 2
> 11859 7904 -85 5 -84 2
> 13098 7302 -130 45 -159 3
> 13247 8453 257 187 -131 1
! 1956 3190 200 sims=391363 BLOCKER
! 15926 -1231 0 sims=391363 RUNNER
> 10343 8636 -587 -174 -147 2
> 11859 7904 -85 5 -84 2
> 13098 7302 -130 45 -159 3
> 13247 8453 257 187 -131 1
! -86764 2068 0
! -52358 -67017 200
> 9588 8353 -641 -240 -147 2
> 11774 7909 -72 4 -66 2
> 12968 7347 -110 38 -177 3
> 13373 8489 106 30 -131 1
! 3295 582 200 sims=375711 BLOCKER
! 18465 478 0 sims=375711 RUNNER
> 9588 8353 -641 -240 -147 2
> 11774 7909 -72 4 -66 2
> 12968 7347 -110 38 -177 3
> 13373 8489 106 30 -131 1
! -83624 33228 200
! -72343 -43014 0
> 8821 7958 -651 -336 -129 2
> 11702 7913 -61 3 -48 2
> 12665 7437 -257 76 165 3
> 13479 8519 90 25 -149 1
! 434 2512 200 sims=377104 BLOCKER
! 20362 2913 200 sims=377104 RUNNER
> 8821 7958 -651 -336 -129 2
> 11702 7913 -61 3 -48 2
> 12665 7437 -257 76 165 3
> 13479 8519 90 25 -149 1
! -71202 61900 200
! -72237 -42984 0
> 8002 7513 -695 -378 -147 2
> 11515 7961 -368 141 -30 2
> 12539 7477 102 -67 147 3
> 13569 8544 76 21 -149 1
! 1709 -258 0 sims=382746 BLOCKER
! 18206 530 200 sims=382746 RUNNER
> 8002 7513 -695 -378 -147 2
> 11515 7961 -368 141 -30 2
> 12539 7477 102 -67 147 3
> 13569 8544 76 21 -149 1
! -84053 33358 200
! -83868 -13951 0
> 7307 7135 -590 -321 -129 2
> 11281 7953 -199 -6 -48 2
> 12448 7462 -77 -12 165 3
> 13645 8565 64 17 -167 1
! -1080 1689 0 sims=329434 BLOCKER
! 19941 2953 200 sims=329434 RUNNER
> 7307 7135 -590 -321 -129 2
> 11281 7953 -199 -6 -48 2
> 12448 7462 -77 -12 165 3
> 13645 8565 64 17 -167 1
! -84144 33343 200
! -72071 -42938 200
> 6717 6814 -501 -272 -147 2
> 11255 7847 -21 -90 -30 2
> 12178 7502 -229 33 165 3
> 13538 8479 -91 -73 -149 1
! 424 -957 0 sims=353241 BLOCKER
! 19915 2847 200 sims=353241 RUNNER
> 6717 6814 -501 -272 -147 2
> 11255 7847 -21 -90 -30 2
> 12178 7502 -229 33 165 3
> 13538 8479 -91 -73 -149 1
! -84414 33383 200
! -72178 -43024 0
> 6216 6542 -425 -231 -129 2
> 10985 7805 -378 16 -30 2
> 12178 7439 148 -105 165 3
> 13447 8406 -77 -62 -149 1
! 2632 -2794 0 sims=373618 BLOCKER
! 19645 2805 200 sims=373618 RUNNER
> 6216 6542 -425 -231 -129 2
> 10985 7805 -378 16 -30 2
> 12178 7439 148 -105 165 3
> 13447 8406 -77 -62 -149 1
! -71689 61902 200
! -72269 -43097 0
> 5791 6311 -361 -196 -111 2
> 10780 7721 -174 -71 -30 2
> 12158 7443 -16 3 147 3
> 13370 8344 -65 -52 -149 1
! 5268 -3675 0 sims=336917 BLOCKER
! 20561 5642 200 sims=336917 RUNNER
> 5791 6311 -361 -196 -111 2
> 10780 7721 -174 -71 -30 2
> 12158 7443 -16 3 147 3
> 13370 8344 -65 -52 -149 1
! -84434 33324 0
! -52235 -67126 0
> 5430 6115 -306 -166 -93 2
> 10802 7608 18 -95 -12 2
> 12142 7446 -13 2 165 3
> 13305 8292 -55 -44 -131 1
! 1846 -3221 0 sims=332885 BLOCKER
! 20747 8653 0 sims=332885 RUNNER
> 5430 6115 -306 -166 -93 2
> 10802 7608 18 -95 -12 2
> 12142 7446 -13 2 165 3
> 13305 8292 -55 -44 -131 1
! -87720 2212 0
! -72411 -43211 0
> 5124 5949 -260 -141 -111 2
> 10820 7513 15 -80 6 2
> 12129 7448 -11 1 -177 3
> 13250 8248 -46 -37 -149 1
! 4601 -4037 0 sims=345541 BLOCKER
! 20601 5434 200 sims=345541 RUNNER
> 5124 5949 -260 -141 -111 2
> 10820 7513 15 -80 6 2
> 12129 7448 -11 1 -177 3
> 13250 8248 -46 -37 -149 1
! -84463 33329 200
! -84187 -14247 0
> 4864 5808 -221 -119 -93 2
> 11031 7391 179 -103 -12 2
> 11925 7501 -173 44 165 3
> 13204 8211 -39 -31 -167 1
! 7452 -3851 0 sims=305389 BLOCKER
! 20812 5312 SHIELD sims=305389 RUNNER
> 4864 5808 -221 -119 -93 2
> 11031 7391 179 -103 -12 2
> 11925 7501 -173 44 165 3
> 13204 8211 -39 -31 -167 1
! -87937 2267 SHIELD
! -72512 -43292 200
> 4643 5689 -187 -101 -75 2
> 10996 7246 -111 -139 -12 2
> 11966 7587 116 89 -177 3
> 12994 8077 -178 -113 -149 1
! 4120 -4297 0 sims=345485 BLOCKER
! 20941 8291 0 sims=345485 RUNNER
> 4643 5689 -187 -101 -75 2
> 10996 7246 -111 -139 -12 2
> 11966 7587 116 89 -177 3
> 12994 8077 -178 -113 -149 1
! -87896 2353 SHIELD
! -52611 -67393 SHIELD
> 4456 5588 -158 -85 -93 2
> 10885 7107 -94 -118 6 2
> 12071 7672 -176 -33 -177 3
> 12827 7968 123 12 -131 1
! 7044 -4071 0 sims=365729 BLOCKER
! 20020 11174 0 sims=365729 RUNNER
> 4456 5588 -158 -85 -93 2
> 10885 7107 -94 -118 6 2
> 12071 7672 -176 -33 -177 3
> 12827 7968 123 12 -131 1
! -81287 -28164 0
! -72889 -43535 0
> 4298 5503 -134 -72 -75 2
> 10791 6989 -79 -100 24 2
> 11895 7639 -149 -28 -159 3
> 12950 7980 104 10 -149 1
! 9744 -2884 0 sims=365120 BLOCKER
! 18222 13680 0 sims=365120 RUNNER
> 4298 5503 -134 -72 -75 2
> 10791 6989 -79 -100 24 2
> 11895 7639 -149 -28 -159 3
> 12950 7980 104 10 -149 1
! -65819 -55292 0
! -52655 -67490 0
> 4164 5431 -113 -61 -57 2
> 10712 6889 -67 -85 42 2
> 11746 7611 -126 -23 -141 3
> 13054 7990 88 8 -131 1
! 6752 -4228 0 sims=364532 BLOCKER
! 18143 13580 200 sims=364532 RUNNER
> 4164 5431 -113 -61 -57 2
> 10712 6889 -67 -85 42 2
> 11746 7611 -126 -23 -141 3
> 13054 7990 88 8 -131 1
! -81612 -28225 0
! -72662 -43513 0
> 4051 5370 -96 -51 -75 2
> 10794 6938 69 41 42 2
> 11620 7588 -107 -19 -159 3
> 13142 7998 74 6 -149 1
! 9497 -3017 0 sims=351575 BLOCKER
! 19929 11005 200 sims=351575 RUNNER
> 4051 5370 -96 -51 -75 2
> 10794 6938 69 41 42 2
> 11620 7588 -107 -19 -159 3
> 13142 7998 74 6 -149 1
! -88242 2354 200
! -72574 -43505 200
> 3955 5319 -81 -43 -57 2
> 10868 6876 -78 -200 24 2
> 11491 7743 32 279 -177 3
> 13045 7901 -82 -82 -149 1
! 11726 -974 0 sims=358547 BLOCKER
! 20003 10943 200 sims=358547 RUNNER
> 3955 5319 -81 -43 -57 2
> 10868 6876 -78 -200 24 2
> 11491 7743 32 279 -177 3
> 13045 7901 -82 -82 -149 1
! -88371 2509 200
! -72671 -43602 200
> 3874 5276 -68 -36 -39 2
> 10973 6757 89 -100 24 2
> 11323 8012 -142 228 -177 3
> 12792 7716 -215 -157 -149 1
! 9320 -3111 0 sims=339178 BLOCKER
! 20108 10824 200 sims=339178 RUNNER
> 3874 5276 -68 -36 -39 2
> 10973 6757 89 -100 24 2
> 11323 8012 -142 228 -177 3
> 12792 7716 -215 -157 -149 1
! -88539 2778 200
! -52813 -67754 200
> 3806 5240 -57 -30 -57 2
> 11245 6738 230 -15 24 2
> 10981 8230 -290 184 -177 3
> 12446 7408 -294 -261 -131 1
! 11577 -1053 0 sims=373604 BLOCKER
! 20380 10805 SHIELD sims=373604 RUNNER
> 3806 5240 -57 -30 -57 2
> 11245 6738 230 -15 24 2
> 10981 8230 -290 184 -177 3
> 12446 7408 -294 -261 -131 1
! -82377 -27606 200
! -73270 -44095 SHIELD
> 3749 5210 -48 -25 -39 2
> 11474 6722 -218 -271 24 2
> 10504 8342 -405 95 -159 3
> 12153 7148 164 37 -149 1
! 9195 -3177 0 sims=376642 BLOCKER
! 21419 7767 0 sims=376642 RUNNER
> 3749 5210 -48 -25 -39 2
> 11474 6722 -218 -271 24 2
> 10504 8342 -405 95 -159 3
> 12153 7148 164 37 -149 1
! -82854 -27494 200
! -53452 -68322 0
> 3701 5185 -40 -21 -57 2
> 11256 6451 -185 -230 6 2
> 9912 8365 -502 19 -159 3
> 12317 7185 139 31 -131 1
! 11472 -1108 0 sims=382599 BLOCKER
! 20391 10518 0 sims=382599 RUNNER
> 3701 5185 -40 -21 -57 2
> 11256 6451 -185 -230 6 2
> 9912 8365 -502 19 -159 3
> 12317 7185 139 31 -131 1
! -83446 -27471 200
! -73399 -44318 200
> 3661 5164 -34 -17 -39 2
> 11071 6221 -157 -195 24 2
> 9223 8312 -585 -44 -159 3
> 12456 7216 118 26 -149 1
! 12997 1580 0 sims=359142 BLOCKER
! 18502 12912 0 sims=359142 RUNNER
> 3661 5164 -34 -17 -39 2
> 11071 6221 -157 -195 24 2
> 9223 8312 -585 -44 -159 3
> 12456 7216 118 26 -149 1
! -84135 -27524 200
! -73260 -44287 0
> 3627 5147 -28 -14 -21 2
> 10914 6026 -133 -165 42 2
> 8451 8196 -655 -98 -159 3
> 12574 7242 100 22 -149 1
! 13613 4624 0 sims=306558 BLOCKER
! 20049 10093 200 sims=306558 RUNNER
> 3627 5147 -28 -14 -21 2
> 10914 6026 -133 -165 42 2
> 8451 8196 -655 -98 -159 3
> 12574 7242 100 22 -149 1
! -69263 -54735 200
! -73142 -44261 200
> 3599 5133 -23 -11 -3 2
> 10964 5942 42 -71 24 2
> 7641 7972 -688 -190 -141 3
> 12503 7161 -60 -68 -149 1
! 13258 7721 0 sims=277060 BLOCKER
! 18395 12633 200 sims=277060 RUNNER
> 3599 5133 -23 -11 -3 2
> 10964 5942 42 -71 24 2
> 7641 7972 -688 -190 -141 3
> 12503 7161 -60 -68 -149 1
! -46822 -75895 200
! -53102 -68309 200
> 3576 5122 -19 -9 15 2
> 11155 6005 162 53 42 2
> 6844 7614 -677 -304 -123 3
> 12312 6942 -162 -186 -131 1
! 11963 10568 200 sims=303688 BLOCKER
! 18586 12696 200 sims=303688 RUNNER
> 3576 5122 -19 -9 15 2
> 11155 6005 162 53 42 2
> 6844 7614 -677 -304 -123 3
> 12312 6942 -162 -186 -131 1
! -19038 -88978 200
! -73404 -44561 200
> 3725 5222 126 84 33 2
> 11383 6119 -246 -287 42 2
> 6115 7117 -619 -422 -105 3
> 12062 6726 226 201 -149 1
! 12112 10668 200 sims=331576 BLOCKER
! 20518 10186 200 sims=331576 RUNNER
> 3725 5222 126 84 33 2
> 11383 6119 -246 -287 42 2
> 6115 7117 -619 -422 -105 3
> 12062 6726 226 201 -149 1
! -19766 -89475 200
! -53543 -68744 200
> 4019 5415 249 163 33 2
> 11320 5913 -53 -174 24 2
> 5444 6502 -570 -522 -105 3
> 12157 6776 80 42 -131 1
! 12406 10861 SHIELD sims=356237 BLOCKER
! 18751 12604 200 sims=356237 RUNNER
> 4019 5415 249 163 33 2
> 11320 5913 -53 -174 24 2
> 5444 6502 -570 -522 -105 3
> 12157 6776 80 42 -131 1
! -49019 -77365 SHIELD
! -26916 -85274 0
> 4208 5537 -535 -368 33 2
> 11416 5873 81 -34 42 2
> 4934 6021 262 63 -123 3
> 12237 6818 68 35 -113 1
! 13867 8125 0 sims=337708 BLOCKER
! 16416 14533 200 sims=337708 RUNNER
> 4208 5537 -535 -368 33 2
> 11416 5873 81 -34 42 2
> 4934 6021 262 63 -123 3
> 12237 6818 68 35 -113 1
! -20948 -90571 0
! -53368 -68652 200
> 3673 5169 -454 -312 15 2
> 11597 6012 153 118 60 2
> 5196 6084 222 53 -105 3
> 12174 6702 -53 -98 -131 1
! 13659 4646 0 sims=338723 BLOCKER
! 16597 14672 SHIELD sims=338723 RUNNER
> 3673 5169 -454 -312 15 2
> 11597 6012 153 118 60 2
> 5196 6084 222 53 -105 3
> 12174 6702 -53 -98 -131 1
! -20685 -90508 0
! -53431 -68768 SHIELD
> 3219 4857 -385 -265 -3 2
> 11624 5977 -30 -95 60 2
> 5418 6137 188 45 -105 3
> 12247 6757 115 112 -131 1
! 12555 1273 0 sims=311500 BLOCKER
! 16624 14637 0 sims=311500 RUNNER
> 3219 4857 -385 -265 -3 2
> 11624 5977 -30 -95 60 2
> 5418 6137 188 45 -105 3
> 12247 6757 115 112 -131 1
! -49045 -77730 0
! -26826 -85293 0
> 2834 4592 -327 -225 -21 2
> 11594 5882 -25 -80 60 2
> 5606 6182 159 38 -123 3
> 12362 6869 97 95 -113 1
! 12820 4069 200 sims=352429 BLOCKER
! 16594 14542 0 sims=352429 RUNNER
> 2834 4592 -327 -225 -21 2
> 11594 5882 -25 -80 60 2
> 5606 6182 159 38 -123 3
> 12362 6869 97 95 -113 1
! -72108 -56749 200
! -53243 -68601 0
> 2707 4357 -108 -200 -3 2
> 11569 5802 -21 -68 60 2
> 5610 6094 3 -74 -141 3
> 12459 6964 82 80 -131 1
! 12043 773 200 sims=359338 BLOCKER
! 19000 12493 0 sims=359338 RUNNER
> 2707 4357 -108 -200 -3 2
> 11569 5802 -21 -68 60 2
> 5610 6094 3 -74 -141 3
> 12459 6964 82 80 -131 1
! -72104 -56837 200
! -53146 -68506 0
> 2786 4085 66 -230 -21 2
> 11548 5734 -17 -57 42 2
> 5458 5894 -129 -169 -141 3
> 12541 7044 69 68 -131 1
! 12772 3562 200 sims=348404 BLOCKER
! 16548 14394 200 sims=348404 RUNNER
> 2786 4085 66 -230 -21 2
> 11548 5734 -17 -57 42 2
> 5458 5894 -129 -169 -141 3
> 12541 7044 69 68 -131 1
! -72256 -57037 200
! -53064 -68426 200
> 3052 3845 225 -204 -3 2
> 11631 5850 70 98 60 2
> 5174 5599 -241 -250 -141 3
> 12479 6961 -52 -70 -131 1
! 13038 3322 200 sims=339528 BLOCKER
! 19062 12541 200 sims=339528 RUNNER
> 3052 3845 225 -204 -3 2
> 11631 5850 70 98 60 2
> 5174 5599 -241 -250 -141 3
> 12479 6961 -52 -70 -131 1
! -49289 -78268 200
! -53126 -68509 200
> 3477 3631 361 -182 -3 2
> 11847 6078 -100 -225 42 2
> 4824 5181 -297 -355 -123 3
> 12298 6744 130 234 -131 1
! 13463 3108 200 sims=369257 BLOCKER
! 16847 14738 200 sims=369257 RUNNER
> 3477 3631 361 -182 -3 2
> 11847 6078 -100 -225 42 2
> 4824 5181 -297 -355 -123 3
> 12298 6744 130 234 -131 1
! -21058 -91411 0
! -26775 -85306 200
> 4038 3439 476 -163 -3 2
> 11847 6026 0 -44 60 2
> 4527 4826 -252 -301 -105 4
> 12350 6794 44 42 -113 1
! 14024 2916 200 sims=335139 BLOCKER
! 16847 14686 200 sims=335139 RUNNER
> 4038 3439 476 -163 -3 2
> 11847 6026 0 -44 60 2
> 4527 4826 -252 -301 -105 4
> 12350 6794 44 42 -113 1
! 9760 -95036 0
! -53255 -68676 200
> 4714 3266 574 -147 -3 2
> 11848 6000 -52 -106 60 2
> 4275 4525 -214 -255 -87 4
> 12361 6840 63 123 -131 1
! 14700 2743 200 sims=348194 BLOCKER
! 19279 12691 200 sims=348194 RUNNER
> 4714 3266 574 -147 -3 2
> 11848 6000 -52 -106 60 2
> 4275 4525 -214 -255 -87 4
> 12361 6840 63 123 -131 1
! 40111 -88833 200
! -26712 -85210 200
> 5488 3109 657 -133 -3 2
> 11945 6028 82 23 42 2
> 4133 4083 -120 -375 -69 4
> 12346 6779 -12 -51 -113 1
! 15474 2586 200 sims=348159 BLOCKER
! 16945 14688 200 sims=348159 RUNNER
> 5488 3109 657 -133 -3 2
> 11945 6028 82 23 42 2
> 4133 4083 -120 -375 -69 4
> 12346 6779 -12 -51 -113 1
! 67064 -73631 200
! -26727 -85271 200
> 6345 2966 728 -121 -3 2
> 11914 5820 -47 -215 60 2
> 4139 3553 4 -450 -51 4
> 12469 6948 125 182 -113 1
! 16331 2443 200 sims=291935 BLOCKER
! 16914 14480 200 sims=291935 RUNNER
> 6345 2966 728 -121 -3 2
> 11914 5820 -47 -215 60 2
> 4139 3553 4 -450 -51 4
> 12469 6948 125 182 -113 1
! 88006 -50910 200
! -26604 -85102 200
> 7273 2835 788 -111 -3 2
> 11967 5778 45 -35 60 2
> 4311 2994 145 -475 -33 4
> 12516 6946 39 -1 -113 1
! 16609 -749 200 sims=313628 BLOCKER
! 14046 15559 200 sims=313628 RUNNER
> 7273 2835 788 -111 -3 2
> 11967 5778 45 -35 60 2
> 4311 2994 145 -475 -33 4
> 12516 6946 39 -1 -113 1
! 100903 -22888 200
! -26557 -85104 200
> 8248 2652 828 -155 -21 2
> 12054 5939 73 136 78 2
> 4649 2467 287 -447 -15 4
> 12477 6761 -33 -157 -113 1
! 18234 2129 0 sims=319795 BLOCKER
! 14133 15720 SHIELD sims=319795 RUNNER
> 8248 2652 828 -155 -21 2
> 12054 5939 73 136 78 2
> 4649 2467 287 -447 -15 4
> 12477 6761 -33 -157 -113 1
! 104511 7700 200
! -26596 -85289 SHIELD
> 9076 2497 703 -131 -3 2
> 12040 5913 -62 -114 78 2
> 5136 2030 413 -371 3 4
> 12531 6766 96 97 -113 1
! 18735 5085 0 sims=406266 BLOCKER
! 17040 14573 0 sims=406266 RUNNER
> 9076 2497 703 -131 -3 2
> 12040 5913 -62 -114 78 2
> 5136 2030 413 -371 3 4
> 12531 6766 96 97 -113 1
! 104998 7263 200
! -53074 -68704 0
> 9779 2366 597 -111 15 2
> 11978 5799 -52 -96 60 2
> 5749 1669 520 -306 3 4
> 12627 6863 81 82 -131 1
! 19765 1843 0 sims=385735 BLOCKER
! 19409 12490 0 sims=385735 RUNNER
> 9779 2366 597 -111 15 2
> 11978 5799 -52 -96 60 2
> 5749 1669 520 -306 3 4
> 12627 6863 81 82 -131 1
! 105611 6902 200
! -26446 -85187 0
> 10376 2255 507 -94 -3 2
> 11926 5703 -44 -81 42 2
> 6469 1373 611 -251 3 4
> 12708 6945 68 69 -113 1
! 19712 -1329 0 sims=398426 BLOCKER
! 16926 14363 0 sims=398426 RUNNER
> 10376 2255 507 -94 -3 2
> 11926 5703 -44 -81 42 2
> 6469 1373 611 -251 3 4
> 12708 6945 68 69 -113 1
! 106331 6606 200
! -52897 -68525 0
> 10883 2161 430 -79 -21 2
> 11882 5622 -37 -68 60 2
> 7280 1132 689 -204 3 4
> 12776 7014 57 58 -131 1
! 18654 -4132 0 sims=389081 BLOCKER
! 16882 14282 200 sims=389081 RUNNER
> 10883 2161 430 -79 -21 2
> 11882 5622 -37 -68 60 2
> 7280 1132 689 -204 3 4
> 12776 7014 57 58 -131 1
! 100638 36968 200
! -52829 -68456 200
> 11313 2082 365 -67 -39 2
> 11945 5727 53 89 60 2
> 8156 1000 744 -112 21 4
> 12702 6921 -63 -79 -131 1
! 16759 -6305 0 sims=374003 BLOCKER
! 16945 14387 200 sims=374003 RUNNER
> 11313 2082 365 -67 -39 2
> 11945 5727 53 89 60 2
> 8156 1000 744 -112 21 4
> 12702 6921 -63 -79 -131 1
! 85870 63932 200
! -26371 -85129 200
> 11678 2015 310 -56 -57 2
> 12098 5989 130 222 60 2
> 9055 1014 764 11 39 4
> 12561 6658 -119 -223 -113 1
! 14266 -7644 0 sims=399035 BLOCKER
! 17098 14649 SHIELD sims=399035 RUNNER
> 11678 2015 310 -56 -57 2
> 12098 5989 130 222 60 2
> 9055 1014 764 11 39 4
> 12561 6658 -119 -223 -113 1
! 63518 84881 200
! -26512 -85392 SHIELD
> 11988 1959 263 -47 -75 2
> 11946 5805 -135 -165 60 2
> 9928 1193 741 151 57 4
> 12724 6841 144 164 -113 1
! 11465 -8027 0 sims=410347 BLOCKER
! 14025 15586 0 sims=410347 RUNNER
> 11988 1959 263 -47 -75 2
> 11946 5805 -135 -165 60 2
> 9928 1193 741 151 57 4
> 12724 6841 144 164 -113 1
! 87642 64125 0
! 4008 -92778 0
> 12251 1912 223 -39 -93 2
> 11811 5640 -114 -140 78 2
> 10669 1344 629 128 39 4
> 12868 7005 122 139 -95 1
! 8667 -7424 200 sims=373002 BLOCKER
! 16811 14300 0 sims=373002 RUNNER
> 12251 1912 223 -39 -93 2
> 11811 5640 -114 -140 78 2
> 10669 1344 629 128 39 4
> 12868 7005 122 139 -95 1
! 104027 37180 0
! -26205 -85045 200
> 12402 1686 128 -191 -111 2
> 11697 5500 -96 -119 60 2
> 11298 1472 534 108 21 4
> 12990 7144 103 118 -113 1
! 8818 -7650 SHIELD sims=375578 BLOCKER
! 16697 14160 0 sims=375578 RUNNER
> 12402 1686 128 -191 -111 2
> 11697 5500 -96 -119 60 2
> 11298 1472 534 108 21 4
> 12990 7144 103 118 -113 1
! 111160 6705 SHIELD
! -52615 -68326 0
> 12631 1494 450 -166 -111 2
> 11601 5381 -81 -101 60 2
> 11731 1581 112 96 3 4
> 13093 7262 87 100 -131 1
! 6338 -6277 0 sims=394534 BLOCKER
! 19032 12072 200 sims=394534 RUNNER
> 12631 1494 450 -166 -111 2
> 11601 5381 -81 -101 60 2
> 11731 1581 112 96 3 4
> 13093 7262 87 100 -131 1
! 111593 6814 0
! -52512 -68208 200
> 13081 1328 382 -141 -129 2
> 11669 5414 57 27 42 2
> 11843 1677 95 81 3 4
> 13049 7211 -37 -43 -131 1
! 4694 -4118 0 sims=371000 BLOCKER
! 16669 14074 200 sims=371000 RUNNER
> 13081 1328 382 -141 -129 2
> 11669 5414 57 27 42 2
> 11843 1677 95 81 3 4
> 13049 7211 -37 -43 -131 1
! 108435 -24204 0
! -26024 -84839 200
> 13463 1187 324 -119 -147 2
> 11826 5614 133 170 60 2
> 11938 1758 80 68 -15 4
> 12934 6984 -97 -193 -113 1
! 3804 -1401 0 sims=377629 BLOCKER
! 16826 14274 200 sims=377629 RUNNER
> 13463 1187 324 -119 -147 2
> 11826 5614 133 170 60 2
> 11938 1758 80 68 -15 4
> 12934 6984 -97 -193 -113 1
! 111800 6991 0
! -52671 -68486 200
> 13787 1068 275 -101 -165 2
> 12059 5957 198 291 60 2
> 12018 1826 68 57 3 4
> 12706 6640 -193 -292 -131 1
! 3801 1591 200 sims=397719 BLOCKER
! 17059 14617 SHIELD sims=397719 RUNNER
> 13787 1068 275 -101 -165 2
> 12059 5957 198 291 60 2
> 12018 1826 68 57 3 4
> 12706 6640 -193 -292 -131 1
! 105376 37662 200
! -73010 -44863 SHIELD
> 13862 977 63 -76 177 2
> 11868 5862 -246 -165 60 2
> 12273 1955 216 109 21 4
> 12902 6734 250 164 -149 1
! 4526 4561 200 sims=376691 BLOCKER
! 19299 12553 0 sims=376691 RUNNER
> 13862 977 63 -76 177 2
> 11868 5862 -246 -165 60 2
> 12273 1955 216 109 21 4
> 12902 6734 250 164 -149 1
! 89987 64887 0
! -84535 -15761 200
> 13738 973 -105 -3 159 2
> 11622 5697 -209 -140 42 2
> 12489 2064 183 92 39 0
> 13152 6898 212 139 -167 1
! 5967 7266 200 sims=367906 BLOCKER
! 19053 12388 0 sims=367906 RUNNER
> 13738 973 -105 -3 159 2
> 11622 5697 -209 -140 42 2
> 12489 2064 183 92 39 0
> 13152 6898 212 139 -167 1
! 66952 85931 0
! -86467 15613 200
> 13478 1096 -221 104 141 2
> 11413 5557 -177 -119 42 2
> 12672 2156 155 78 57 0
> 13364 7037 180 118 175 1
! 4142 4680 200 sims=400267 BLOCKER
! 20548 9624 0 sims=400267 RUNNER
> 13478 1096 -221 104 141 2
> 11413 5557 -177 -119 42 2
> 12672 2156 155 78 57 0
> 13364 7037 180 118 175 1
! 38553 98748 200
! -78686 46110 200
> 13070 1272 -346 149 159 2
> 11236 5438 -150 -101 24 2
> 12879 2427 175 230 75 0
> 13544 7155 153 100 157 1
! 5299 7565 200 sims=340284 BLOCKER
! 18667 12129 200 sims=340284 RUNNER
> 13070 1272 -346 149 159 2
> 11236 5438 -150 -101 24 2
> 12879 2427 175 230 75 0
> 13544 7155 153 100 157 1
! 7645 102289 200
! -86075 15870 0
> 12569 1547 -426 233 141 2
> 11235 5471 -1 27 42 2
> 13044 2857 139 365 93 0
> 13697 7255 130 85 175 1
! 7123 9934 200 sims=355607 BLOCKER
! 20370 9538 200 sims=355607 RUNNER
> 12569 1547 -426 233 141 2
> 11235 5471 -1 27 42 2
> 13044 2857 139 365 93 0
> 13697 7255 130 85 175 1
! -22792 96215 200
! -83740 -15240 200
> 12034 1948 -454 340 123 2
> 11417 5579 154 92 24 2
> 13111 3409 57 468 111 0
> 13632 7295 -55 34 -167 1
! 6588 10335 200 sims=332213 BLOCKER
! 18848 12270 200 sims=332213 RUNNER
> 12034 1948 -454 340 123 2
> 11417 5579 154 92 24 2
> 13111 3409 57 468 111 0
> 13632 7295 -55 34 -167 1
! -49820 81123 200
! -72084 -44208 200
> 11471 2456 -478 431 123 2
> 11720 5805 257 191 42 2
> 13042 4032 -58 529 129 0
> 13406 7226 -192 -58 -149 1
! 6025 10843 200 sims=325003 BLOCKER
! 20855 9872 200 sims=325003 RUNNER
> 11471 2456 -478 431 123 2
> 11720 5805 257 191 42 2
> 13042 4032 -58 529 129 0
> 13406 7226 -192 -58 -149 1
! -70825 58495 0
! -52199 -68244 200
> 10884 3055 -498 508 123 2
> 12160 6077 373 231 24 2
> 12984 4561 -49 449 147 0
> 13083 7017 -274 -177 -131 1
! 5438 11442 200 sims=313313 BLOCKER
! 22105 7122 200 sims=313313 RUNNER
> 10884 3055 -498 508 123 2
> 12160 6077 373 231 24 2
> 12984 4561 -49 449 147 0
> 13083 7017 -274 -177 -131 1
! -70883 59024 200
! -72633 -44486 SHIELD
> 10277 3731 -515 574 123 2
> 12420 5840 -678 240 6 2
> 12773 5106 331 -616 147 0
> 12840 6890 -168 -44 -149 1
! 2506 10024 0 sims=331765 BLOCKER
! 21555 9907 0 sims=331765 RUNNER
> 10277 3731 -515 574 123 2
> 12420 5840 -678 240 6 2
> 12773 5106 331 -616 147 0
> 12840 6890 -168 -44 -149 1
! -50159 82820 200
! -84597 -15605 200
> 9762 4305 -437 487 141 2
> 11742 6080 -576 204 24 2
> 12978 4645 174 -391 129 0
> 12672 6846 -142 -37 -167 1
! 4316 12692 0 sims=341299 BLOCKER
! 19173 12771 200 sims=341299 RUNNER
> 9762 4305 -437 487 141 2
> 11742 6080 -576 204 24 2
> 12978 4645 174 -391 129 0
> 12672 6846 -142 -37 -167 1
! -70889 59108 200
! -86947 15561 0
> 9325 4792 -371 413 123 2
> 11315 6418 -363 287 42 2
> 12984 4363 5 -239 147 0
> 12530 6809 -120 -31 175 1
! 1554 11085 0 sims=351946 BLOCKER
! 18746 13109 200 sims=351946 RUNNER
> 9325 4792 -371 413 123 2
> 11315 6418 -363 287 42 2
> 12984 4363 5 -239 147 0
> 12530 6809 -120 -31 175 1
! -70883 58826 200
! -79520 45882 0
> 8954 5205 -315 351 141 2
> 11101 6839 -182 357 42 2
> 12821 4233 -138 -110 147 0
> 12410 6778 -102 -26 157 1
! 3508 13592 0 sims=344897 BLOCKER
! 20236 10906 200 sims=344897 RUNNER
> 8954 5205 -315 351 141 2
> 11101 6839 -182 357 42 2
> 12821 4233 -138 -110 147 0
> 12410 6778 -102 -26 157 1
! -50111 81947 200
! -63060 72383 0
> 8639 5556 -267 298 123 2
> 11102 7277 0 372 24 2
> 12557 4278 -224 38 129 0
> 12308 6752 -86 -22 139 1
! 868 11849 0 sims=341376 BLOCKER
! 21047 8322 0 sims=341376 RUNNER
> 8639 5556 -267 298 123 2
> 11102 7277 0 372 24 2
> 12557 4278 -224 38 129 0
> 12308 6752 -86 -22 139 1
! -50374 81992 200
! -39195 92468 0
> 8372 5854 -226 253 141 2
> 11102 7649 0 316 6 2
> 12207 4471 -297 164 129 0
> 12222 6730 -73 -18 121 1
! 2926 14241 0 sims=351120 BLOCKER
! 20883 5570 200 sims=351120 RUNNER
> 8372 5854 -226 253 141 2
> 11102 7649 0 316 6 2
> 12207 4471 -297 164 129 0
> 12222 6730 -73 -18 121 1
! -71660 58934 200
! -10273 104167 200
> 8146 6107 -192 215 123 2
> 11298 7923 166 233 -12 2
> 11742 4744 -395 231 147 0
> 12104 6907 -100 150 103 1
! 5558 15766 0 sims=322014 BLOCKER
! 19958 2923 0 sims=322014 RUNNER
> 8146 6107 -192 215 123 2
> 11298 7923 166 233 -12 2
> 11742 4744 -395 231 147 0
> 12104 6907 -100 150 103 1
! -72125 59207 200
! 20819 106526 200
> 7954 6322 -163 182 105 2
> 11464 8156 141 198 -30 2
> 11179 5084 -478 288 147 0
> 12021 7256 -70 296 85 1
! 8477 16308 0 sims=319459 BLOCKER
! 18155 725 200 sims=319459 RUNNER
> 7954 6322 -163 182 105 2
> 11464 8156 141 198 -30 2
> 11179 5084 -478 288 147 0
> 12021 7256 -70 296 85 1
! -72688 59547 200
! 51094 99306 SHIELD
> 7791 6504 -138 154 87 2
> 11653 8399 6 557 -48 2
> 10533 5481 -548 337 147 0
> 11960 7533 -36 200 67 1
! 11375 15840 0 sims=304759 BLOCKER
! 15720 -736 0 sims=304759 RUNNER
> 7791 6504 -138 154 87 2
> 11653 8399 6 557 -48 2
> 10533 5481 -548 337 147 0
> 11960 7533 -36 200 67 1
! -73334 59944 200
! 51033 99583 0
> 7653 6658 -117 130 69 2
> 11659 8956 5 473 -66 2
> 9817 5927 -608 379 147 0
> 11924 7733 -30 170 67 1
! 13946 14429 0 sims=324863 BLOCKER
! 12704 -989 200 sims=324863 RUNNER
> 7653 6658 -117 130 69 2
> 11659 8956 5 473 -66 2
> 9817 5927 -608 379 147 0
> 11924 7733 -30 170 67 1
! -86775 31808 200
! 50997 99783 0
> 7536 6788 -99 110 51 2
> 11685 9230 22 232 -84 2
> 9016 6358 -681 366 165 0
> 11894 7903 -25 144 67 1
! 15923 12234 0 sims=312529 BLOCKER
! 9606 -551 200 sims=312529 RUNNER
> 7536 6788 -99 110 51 2
> 11685 9230 22 232 -84 2
> 9016 6358 -681 366 165 0
> 11894 7903 -25 144 67 1
! -87576 32239 200
! 20609 107522 0
> 7354 6914 -768 227 33 2
> 11665 9266 -16 30 -102 2
> 8225 6759 -59 220 165 0
> 11869 8047 -21 122 85 1
! 17013 9502 200 sims=292481 BLOCKER
! 12710 -679 200 sims=292481 RUNNER
> 7354 6914 -768 227 33 2
> 11665 9266 -16 30 -102 2
> 8225 6759 -59 220 165 0
> 11869 8047 -21 122 85 1
! -88367 32640 200
! -10626 105484 200
> 6779 7193 -488 236 15 2
> 11660 9151 -69 266 -84 2
> 7973 7031 -214 230 165 0
> 11813 8310 17 -141 103 1
! 16765 6670 200 sims=264152 BLOCKER
! 15727 16 200 sims=264152 RUNNER
> 6779 7193 -488 236 15 2
> 11660 9151 -69 266 -84 2
> 7973 7031 -214 230 165 0
> 11813 8310 17 -141 103 1
! -88619 32912 200
! -10682 105747 0
