@ 0 Neumann
@ 1 reCurse
CP 5
CP 3604 5272
CP 13848 5050
CP 10658 2253
CP 8703 7464
CP 7204 2133
> 3593 4772 0 0 -1 1
> 3615 5772 0 0 -1 1
> 3572 3772 0 0 -1 1
> 3636 6772 0 0 -1 1
! 41413 17794 BOOST
! 42426 15448 BOOST
> 3593 4772 0 0 -1 1
> 3615 5772 0 0 -1 1
> 3572 3772 0 0 -1 1
> 3636 6772 0 0 -1 1
! 102807 16113 200
! 102555 21429 200
> 4208 4984 522 179 19 1
> 4246 5929 536 133 14 1
> 3770 3797 168 20 7 1
> 3834 6801 168 24 8 1
! 44201 5682 200
! 44148 3138 200
> 4208 4984 522 179 19 1
> 4246 5929 536 133 14 1
> 3770 3797 168 20 7 1
> 3834 6801 168 24 8 1
! 94400 46058 200
! 102314 -10563 200
> 4930 5166 613 155 1 1
> 4982 6048 625 101 -4 1
> 4119 3902 296 88 25 1
> 4199 6792 310 -7 -10 1
! 43182 -6528 200
! 43793 15724 0
> 4930 5166 613 155 1 1
> 4982 6048 625 101 -4 1
> 4119 3902 296 88 25 1
> 4199 6792 310 -7 -10 1
! 94749 46163 200
! 92493 -40155 200
> 5734 5263 683 82 -17 1
> 5607 6149 531 85 14 1
> 4596 4075 405 146 25 1
> 4686 6692 414 -84 -28 1
! 45727 5961 200
! 45509 3358 200
> 5734 5263 683 82 -17 1
> 5607 6149 531 85 14 1
> 4596 4075 405 146 25 1
> 4686 6692 414 -84 -28 1
! 95226 46336 200
! 103166 -10672 200
> 6617 5348 750 72 1 1
> 6338 6220 620 60 -4 1
> 5182 4306 498 195 25 1
> 5297 6573 519 -100 -10 1
! 46610 6046 200
! 43425 -8764 200
> 6617 5348 750 72 1 1
> 6338 6220 620 60 -4 1
> 5182 4306 498 195 25 1
> 5297 6573 519 -100 -10 1
! 104436 16492 200
! 103777 -10791 200
> 7567 5423 807 64 1 1
> 7143 6205 684 -12 -22 1
> 5879 4525 592 186 7 1
> 6013 6438 608 -114 -10 1
! 45387 18445 200
! 44230 -8779 200
> 7567 5423 807 64 1 1
> 7143 6205 684 -12 -22 1
> 5879 4525 592 186 7 1
> 6013 6438 608 -114 -10 1
! 104041 -14555 200
! 104493 -10926 200
> 8578 5535 936 9 19 1
> 7997 6135 649 26 -22 1
> 6667 4673 670 125 -11 1
> 6818 6289 684 -126 -10 1
! 48571 6233 SHIELD
! 38638 -19576 200
> 8578 5535 936 9 19 1
> 7997 6135 649 26 -22 1
> 6667 4673 670 125 -11 1
> 6818 6289 684 -126 -10 1
! 105921 16859 200
! 105844 20206 200
> 9514 5544 795 7 1 1
> 8799 6032 681 -87 -40 1
> 7536 4822 738 126 7 1
> 7700 6191 749 -83 8 1
! 47766 -6150 SHIELD
! 29995 -27889 200
> 9514 5544 795 7 1 1
> 8799 6032 681 -87 -40 1
> 7536 4822 738 126 7 1
> 7700 6191 749 -83 8 1
! 105698 -14258 200
! 106180 -11173 200
> 10318 5546 692 -2 -17 1
> 9492 5821 502 -136 -58 1
> 8470 4910 794 74 -11 1
> 8646 6073 804 -100 -10 1
! 43084 -17397 SHIELD
! 40133 -19890 0
> 10318 5546 692 -2 -17 1
> 9492 5821 502 -136 -58 1
> 8470 4910 794 74 -11 1
> 8646 6073 804 -100 -10 1
! 107724 17096 0
! 107126 -11291 0
> 11010 5544 588 -1 -35 1
> 10175 5622 646 -191 -40 1
> 9264 4984 674 62 7 1
> 9269 6036 463 -8 -10 1
! 35082 -26401 0
! 47262 -9362 200
> 11010 5544 588 -1 -35 1
> 10175 5622 646 -191 -40 1
> 9264 4984 674 62 7 1
> 9269 6036 463 -8 -10 1
! 108518 17170 200
! 97563 -40911 0
> 11816 5532 717 -11 -53 1
> 10864 5405 806 -52 -22 1
> 10061 5032 424 -89 7 1
> 9732 6028 393 -6 -28 1
! 24838 -32288 0
! 41505 -20306 0
> 11816 5532 717 -11 -53 1
> 10864 5405 806 -52 -22 1
> 10061 5032 424 -89 7 1
> 9732 6028 393 -6 -28 1
! 109315 17218 200
! 79197 -65906 0
> 12533 5521 609 -9 -71 1
> 11670 5353 685 -44 -40 1
> 10684 4967 529 -54 7 1
> 10125 6022 334 -5 -46 1
! 13231 -34472 0
! 32866 -28568 0
> 12533 5521 609 -9 -71 1
> 11670 5353 685 -44 -40 1
> 10684 4967 529 -54 7 1
> 10125 6022 334 -5 -46 1
! 101314 47228 200
! 53962 -83857 0
> 13142 5512 517 -7 -89 1
> 12355 5309 582 -37 -58 1
> 11394 4998 603 25 25 1
> 10459 6017 283 -4 -64 1
! 1447 -32740 200
! 22031 -33502 200
> 13142 5512 517 -7 -89 1
> 12355 5309 582 -37 -58 1
> 11394 4998 603 25 25 1
> 10459 6017 283 -4 -64 1
! 110648 17184 0
! 24376 -93009 0
> 13777 5361 553 -125 -107 2
> 12809 5031 372 -239 -76 1
> 11997 5023 512 21 7 1
> 10742 6013 240 -3 -82 1
! -9166 -27405 200
! 10018 -34871 SHIELD
> 13777 5361 553 -125 -107 2
> 12809 5031 372 -239 -76 1
> 11997 5023 512 21 7 1
> 10742 6013 240 -3 -82 1
! 110159 -14057 0
! -6622 -92467 0
> 14215 5072 372 -245 -125 2
> 13203 4792 337 -203 -94 1
> 12284 5048 226 21 -11 1
> 10982 6010 204 -2 -100 1
! -17730 -19000 200
! -1781 -32295 0
> 14215 5072 372 -245 -125 2
> 13203 4792 337 -203 -94 1
> 12284 5048 226 21 -11 1
> 10982 6010 204 -2 -100 1
! 99745 -43433 200
! 24899 -93016 200
> 14427 4707 180 -310 -143 2
> 13540 4589 286 -172 -112 2
> 12685 4972 340 -64 -29 1
> 11214 5810 197 -170 -82 1
! -8516 -28059 200
! -12171 -26052 0
> 14427 4707 180 -310 -143 2
> 13540 4589 286 -172 -112 2
> 12685 4972 340 -64 -29 1
> 11214 5810 197 -170 -82 1
! 80884 -68163 SHIELD
! 55050 -84069 200
> 14632 4233 251 -402 -125 2
> 13687 4417 47 -145 -130 2
> 13025 4908 289 -54 -47 1
> 11499 5460 241 -297 -64 1
! -17313 -19839 200
! -20234 -16779 0
> 14632 4233 251 -402 -125 2
> 13687 4417 47 -145 -130 2
> 13025 4908 289 -54 -47 1
> 11499 5460 241 -297 -64 1
! 55286 -85722 SHIELD
! 80964 -66474 200
> 14723 3711 77 -444 -143 2
> 13885 4148 196 -251 -148 2
> 13299 4866 230 -33 -65 2
> 11879 5019 322 -374 -46 1
! -23097 -9311 200
! -24926 -5528 SHIELD
> 14723 3711 77 -444 -143 2
> 13885 4148 196 -251 -148 2
> 13299 4866 230 -33 -65 2
> 11879 5019 322 -374 -46 1
! 25485 -94388 0
! 81344 -66915 200
> 14611 3202 -95 -432 -161 2
> 14081 3897 166 -213 -166 2
> 13529 4833 195 -28 -83 2
> 12340 4501 391 -440 -46 1
! -23209 -9820 200
! -25821 6687 0
> 14611 3202 -95 -432 -161 2
> 14081 3897 166 -213 -166 2
> 13529 4833 195 -28 -83 2
> 12340 4501 391 -440 -46 1
! -5552 -93329 0
! 100634 -42446 200
> 14327 2705 -241 -422 -161 2
> 14247 3684 141 -181 176 2
> 13724 4805 165 -23 -101 2
> 12908 3967 482 -453 -28 1
! -25666 2006 200
! -22840 18668 SHIELD
> 14327 2705 -241 -422 -161 2
> 14247 3684 141 -181 176 2
> 13724 4805 165 -23 -101 2
> 12908 3967 482 -453 -28 1
! -34757 -82656 0
! 82373 -67967 200
> 13886 2280 -374 -361 -179 2
> 14388 3503 119 -153 158 2
> 13889 4782 140 -19 -119 2
> 13529 3370 527 -507 -46 1
! -24366 13974 200
! -25514 6293 0
> 13886 2280 -374 -361 -179 2
> 14388 3503 119 -153 158 2
> 13889 4782 140 -19 -119 2
> 13529 3370 527 -507 -46 1
! -59246 -63417 200
! 101823 -43577 200
> 13321 1977 -480 -257 -197 2
> 14886 3446 476 -34 176 2
> 13883 4627 -5 -132 -137 2
> 13854 2673 222 -606 -28 1
! -19445 24920 0
! -23925 -6230 SHIELD
> 13321 1977 -480 -257 -197 2
> 14886 3446 476 -34 176 2
> 13883 4627 -5 -132 -137 2
> 13854 2673 222 -606 -28 1
! -76747 -37634 200
! 112334 -14691 0
> 12841 1720 -408 -218 -215 2
> 15362 3412 404 -28 -166 2
> 13697 4410 -158 -184 -155 2
> 14076 2067 188 -515 -10 1
! -11231 33665 0
! -24540 6202 SHIELD
> 12841 1720 -408 -218 -215 2
> 15362 3412 404 -28 -166 2
> 13697 4410 -158 -184 -155 2
> 14076 2067 188 -515 -10 1
! -59438 -63789 200
! 113102 15984 200
> 12433 1502 -346 -185 -233 2
> 15766 3384 343 -23 176 2
> 13393 4090 -258 -272 -137 2
> 14462 1580 328 -414 8 1
! -589 39322 200
! -21321 18368 SHIELD
> 12433 1502 -346 -185 -233 2
> 15766 3384 343 -23 176 2
> 13393 4090 -258 -272 -137 2
> 14462 1580 328 -414 8 1
! -77237 -38171 200
! 104341 45417 200
> 12022 1506 -349 3 -251 2
> 16109 3361 291 -19 158 2
> 12954 3733 -373 -303 -155 2
> 14970 1254 431 -277 26 1
! 11323 41499 200
! -23793 6151 0
> 12022 1506 -349 3 -251 2
> 16109 3361 291 -19 158 2
> 12954 3733 -373 -303 -155 2
> 14970 1254 431 -277 26 1
! -86300 -8453 0
! 86903 70719 0
> 11670 1709 -299 172 91 2
> 16400 3342 247 -16 176 2
> 12581 3430 -317 -257 -173 2
> 15401 977 366 -235 44 1
! 23364 39961 200
! -22411 -6334 0
> 11670 1709 -299 172 91 2
> 16400 3342 247 -16 176 2
> 12581 3430 -317 -257 -173 2
> 15401 977 366 -235 44 1
! -78049 -38831 0
! 62348 89271 0
> 11429 2072 -204 308 73 2
> 16647 3326 209 -13 -166 2
> 12264 3173 -269 -218 -155 2
> 15767 742 311 -199 62 1
! 10730 42065 0
! -23255 6116 0
> 11429 2072 -204 308 73 2
> 16647 3326 209 -13 -166 2
> 12264 3173 -269 -218 -155 2
> 15767 742 311 -199 62 1
! -86990 -9013 0
! 33131 99222 200
> 11225 2380 -173 261 91 3
> 16856 3313 177 -11 176 2
> 11995 2955 -228 -185 -173 2
> 16113 740 293 -1 80 1
! -1797 40200 200
! -23046 6103 200
> 11225 2380 -173 261 91 3
> 16856 3313 177 -11 176 2
> 11995 2955 -228 -185 -173 2
> 16113 740 293 -1 80 1
! -87259 -9231 0
! 2195 99766 200
> 10912 2811 -360 342 109 3
> 16833 3316 -19 2 176 2
> 11842 2789 -35 -117 -173 2
> 16378 937 225 167 98 1
! -2110 40631 200
! -20254 18300 200
> 10912 2811 -360 342 109 3
> 16833 3316 -19 2 176 2
> 11842 2789 -35 -117 -173 2
> 16378 937 225 167 98 1
! -86320 21869 200
! -27459 90816 200
> 10487 3342 -361 451 109 3
> 16629 3393 -173 65 158 2
> 11611 2710 -196 -67 169 2
> 16515 1284 116 294 116 1
! 9788 43335 200
! -20458 18377 200
> 10487 3342 -361 451 109 3
> 16629 3393 -173 65 158 2
> 11611 2710 -196 -67 169 2
> 16515 1284 116 294 116 1
! -86551 21790 200
! -52950 73218 200
> 10123 3993 -309 553 91 3
> 16271 3533 -304 118 158 2
> 11219 2681 -333 -24 169 2
> 16492 1722 -19 372 134 1
! -2899 41813 200
! -20816 18517 200
> 10123 3993 -309 553 91 3
> 16271 3533 -304 118 158 2
> 11219 2681 -333 -24 169 2
> 16492 1722 -19 372 134 1
! -76242 51162 0
! -71802 48669 200
> 9749 4735 -317 630 109 3
> 15782 3726 -416 163 158 2
> 10886 2657 -283 -20 151 3
> 16296 2188 -166 396 152 1
! -14323 36680 SHIELD
! -24120 6516 200
> 9749 4735 -317 630 109 3
> 15782 3726 -416 163 158 2
> 10886 2657 -283 -20 151 3
> 16296 2188 -166 396 152 1
! -57313 75792 200
! -53169 74122 0
> 9432 5365 -269 535 127 3
> 15166 3903 -523 150 176 2
> 10467 2783 -356 107 133 3
> 16130 2584 -141 336 134 1
! -23334 28308 SHIELD
! -23645 -5773 200
> 9432 5365 -269 535 127 3
> 15166 3903 -523 150 176 2
> 10467 2783 -356 107 133 3
> 16130 2584 -141 336 134 1
! -31794 93413 200
! -27707 92463 0
> 9163 5900 -228 454 145 3
> 14449 4005 -609 86 -166 2
> 10026 3071 -374 245 115 3
> 15989 2920 -119 285 116 1
! -29089 17594 0
! -24362 -5671 200
> 9163 5900 -228 454 145 3
> 14449 4005 -609 86 -166 2
> 10026 3071 -374 245 115 3
> 15989 2920 -119 285 116 1
! -2160 102325 200
! -53476 74854 0
> 8935 6354 -193 385 163 3
> 13646 4043 -682 31 -166 2
> 9628 3515 -338 376 97 3
> 15870 3205 -101 242 134 1
! -31058 5655 0
! -25165 -5633 200
> 8935 6354 -193 385 163 3
> 13646 4043 -682 31 -166 2
> 9628 3515 -338 376 97 3
> 15870 3205 -101 242 134 1
! 28708 101677 200
! -72424 50152 200
> 8742 6739 -164 327 181 3
> 12770 4026 -744 -14 -166 2
> 9328 4087 -254 486 79 3
> 15592 3541 -235 285 152 1
! -29078 -6283 0
! -27132 6816 SHIELD
> 8742 6739 -164 327 181 3
> 12770 4026 -744 -14 -166 2
> 9328 4087 -254 486 79 3
> 15592 3541 -235 285 152 1
! 28408 102249 200
! -82888 20905 200
> 8578 7066 -139 277 -161 4
> 12026 4012 -632 -11 176 2
> 9112 4769 -183 579 79 3
> 15160 3861 -367 271 170 1
! -23367 -17006 200
! -25061 18996 SHIELD
> 8578 7066 -139 277 -161 4
> 12026 4012 -632 -11 176 2
> 9112 4769 -183 579 79 3
> 15160 3861 -367 271 170 1
! -3074 104023 200
! -83866 -10056 200
> 8279 7223 -253 133 -143 4
> 11394 4001 -537 -9 158 2
> 8905 5547 -176 660 97 3
> 14595 4104 -480 206 188 1
! -14664 -25543 200
! -19247 29712 SHIELD
> 8279 7223 -253 133 -143 4
> 11394 4001 -537 -9 158 2
> 8905 5547 -176 660 97 3
> 14595 4104 -480 206 188 1
! -33356 96177 200
! -75284 -39733 200
> 7911 7192 -312 -26 -125 4
> 10857 3992 -456 -7 140 2
> 8644 6388 -221 715 115 3
> 13935 4222 -560 100 206 1
! -3783 -31060 200
! -10339 37913 SHIELD
> 7911 7192 -312 -26 -125 4
> 10857 3992 -456 -7 140 2
> 8644 6388 -221 715 115 3
> 13935 4222 -560 100 206 1
! -59555 79523 200
! -57999 -65243 200
> 7341 7057 -629 -54 -107 4
> 10401 3985 -387 -5 122 2
> 8486 7167 10 601 133 4
> 13231 4183 -598 -33 -136 1
! 8039 -32936 200
! 724 42796 SHIELD
> 7341 7057 -629 -54 -107 4
> 10401 3985 -387 -5 122 2
> 8486 7167 10 601 133 4
> 13231 4183 -598 -33 -136 1
! -78975 55648 0
! -58703 -65282 200
> 6715 6803 -531 -215 -89 4
> 10014 3980 -328 -4 104 2
> 8496 7768 8 510 151 4
> 12489 4011 -630 -146 -136 1
! 19737 -31017 200
! 12804 43882 0
> 6715 6803 -531 -215 -89 4
> 10014 3980 -328 -4 104 2
> 8496 7768 8 510 151 4
> 12489 4011 -630 -146 -136 1
! -89666 26848 0
! -77390 -39826 200
> 6249 6399 -396 -343 -71 4
> 9686 3976 -278 -3 86 2
> 8504 8278 6 433 169 4
> 11679 3777 -688 -198 -154 1
! 30321 -25546 200
! 24670 41063 SHIELD
> 6249 6399 -396 -343 -71 4
> 9686 3976 -278 -3 86 2
> 8504 8278 6 433 169 4
> 11679 3777 -688 -198 -154 1
! -90750 -3908 0
! -87347 -10140 0
> 5973 5896 -234 -427 -53 4
> 9408 3973 -236 -2 68 2
> 8510 8711 5 368 -173 4
> 10991 3579 -584 -168 -172 1
! 38739 -17047 0
! 12198 43875 SHIELD
> 5973 5896 -234 -427 -53 4
> 9408 3973 -236 -2 68 2
> 8510 8711 5 368 -173 4
> 10991 3579 -584 -168 -172 1
! -82120 -33550 0
! -88035 -10338 200
> 5739 5469 -198 -362 -35 4
> 9172 3971 -200 -1 86 2
> 8515 9079 4 312 -155 4
> 10209 3383 -664 -166 -172 1
! 43991 -6225 0
! -504 42782 SHIELD
> 5739 5469 -198 -362 -35 4
> 9172 3971 -200 -1 86 2
> 8515 9079 4 312 -155 4
> 10209 3383 -664 -166 -172 1
! -64620 -59120 200
! -88271 20747 0
> 5541 5107 -168 -307 -17 4
> 8972 3970 -170 0 104 2
> 8373 9255 -120 149 -137 4
> 9545 3217 -564 -141 170 1
! 45534 5805 200
! -12224 37891 SHIELD
> 5541 5107 -168 -307 -17 4
> 8972 3970 -170 0 104 2
> 8373 9255 -120 149 -137 4
> 9545 3217 -564 -141 170 1
! -40108 -78206 200
! -78749 50164 0
> 5573 4803 27 -257 1 4
> 8802 3970 -144 0 122 2
> 8156 9229 -184 -22 -119 4
> 8981 3076 -479 -119 152 1
! 43825 -6891 200
! -21839 29681 SHIELD
> 5573 4803 27 -257 1 4
> 8802 3970 -144 0 122 2
> 8156 9229 -184 -22 -119 4
> 8981 3076 -479 -119 152 1
! -10924 -88933 200
! -60484 75010 200
> 5791 4488 185 -268 -17 4
> 8658 3970 -122 0 140 2
> 7934 9011 -188 -185 -101 4
> 8363 3101 -525 21 134 1
! 38557 -18455 200
! -28429 18954 SHIELD
> 5791 4488 185 -268 -17 4
> 8658 3970 -122 0 140 2
> 7934 9011 -188 -185 -101 4
> 8363 3101 -525 21 134 1
! 20120 -90243 200
! -61102 75035 200
> 6140 4105 296 -325 -35 4
> 8536 3970 -103 0 158 2
> 7770 8627 -139 -325 -83 4
> 7699 3266 -564 140 134 1
! 30212 -27840 SHIELD
! -31366 6760 0
> 6140 4105 296 -325 -35 4
> 8536 3970 -103 0 158 2
> 7770 8627 -139 -325 -83 4
> 7699 3266 -564 140 134 1
! 50031 -82003 200
! -80595 50213 SHIELD
> 6430 3783 -481 115 -53 4
> 8433 3970 -87 0 176 2
> 7716 8121 -46 -430 -65 4
> 7141 3403 253 -273 152 1
! 19452 -34037 0
! -28654 18954 0
> 6430 3783 -481 115 -53 4
> 8433 3970 -87 0 176 2
> 7716 8121 -46 -430 -65 4
> 7141 3403 253 -273 152 1
! 75915 -65014 200
! -91339 20767 0
> 5949 3898 -408 97 -71 4
> 8346 3970 -73 0 158 2
> 7806 7545 76 -489 -47 4
> 7394 3130 215 -232 170 1
! 30021 -28047 0
! -22295 29681 0
> 5949 3898 -408 97 -71 4
> 8346 3970 -73 0 158 2
> 7806 7545 76 -489 -47 4
> 7394 3130 215 -232 170 1
! 50067 -83085 200
! -91086 20494 0
> 5541 3995 -346 82 -53 4
> 8273 3970 -62 0 140 2
> 7967 6875 136 -569 -65 4
> 7609 2898 182 -197 170 1
! 38307 -18948 0
! -12923 37891 SHIELD
> 5541 3995 -346 82 -53 4
> 8273 3970 -62 0 140 2
> 7967 6875 136 -569 -65 4
> 7609 2898 182 -197 170 1
! 50228 -83755 200
! -90871 20262 0
> 5195 4077 -294 69 -35 4
> 8211 3970 -52 0 122 2
> 8188 6125 187 -637 -65 4
> 7791 2701 154 -167 170 1
! 43447 -7617 200
! -1465 42781 SHIELD
> 5195 4077 -294 69 -35 4
> 8211 3970 -52 0 122 2
> 8188 6125 187 -637 -65 4
> 7791 2701 154 -167 170 1
! 50449 -84505 200
! -80503 49648 200
> 5092 4088 -87 8 -17 4
> 8159 3970 -44 0 104 2
> 8460 5307 230 -695 -65 4
> 7768 2628 -19 -62 152 1
! 37858 -18855 200
! 10949 43872 SHIELD
> 5092 4088 -87 8 -17 4
> 8159 3970 -44 0 104 2
> 8460 5307 230 -695 -65 4
> 7768 2628 -19 -62 152 1
! 20646 -93947 0
! -90712 19992 200
> 5169 3981 65 -90 -35 4
> 8115 3970 -37 0 86 2
> 8690 4612 195 -590 -83 4
> 7552 2601 -183 -23 170 1
! 43421 -7713 200
! 23099 41057 SHIELD
> 5169 3981 65 -90 -35 4
> 8115 3970 -37 0 86 2
> 8690 4612 195 -590 -83 4
> 7552 2601 -183 -23 170 1
! -10391 -93550 0
! -80742 49548 200
> 5425 3833 217 -126 -17 4
> 8060 3956 -52 -16 68 2
> 9067 4160 377 -340 -101 4
> 7192 2672 -305 60 152 1
! 38191 -19110 200
! 33771 34597 SHIELD
> 5425 3833 217 -126 -17 4
> 8060 3956 -52 -16 68 2
> 9067 4160 377 -340 -101 4
> 7192 2672 -305 60 152 1
! -39414 -83301 0
! -62273 74606 200
> 5806 3592 323 -204 -35 4
> 8008 3940 -44 -13 50 2
> 9444 3820 320 -289 -119 4
> 6748 2876 -377 173 134 1
! 29878 -28353 SHIELD
! 22992 41027 SHIELD
> 5806 3592 323 -204 -35 4
> 8008 3940 -44 -13 50 2
> 9444 3820 320 -289 -119 4
> 6748 2876 -377 173 134 1
! -63691 -64379 200
! -37089 92755 SHIELD
> 5834 3649 -217 263 -53 4
> 7964 3927 -37 -11 68 2
> 9618 3395 147 -361 -137 4
> 6666 2788 171 -289 116 1
! 38600 -19294 0
! 10754 43829 0
> 5834 3649 -217 263 -53 4
> 7964 3927 -37 -11 68 2
> 9618 3395 147 -361 -137 4
> 6666 2788 171 -289 116 1
! -81012 -38866 200
! -62799 74722 0
> 5617 3912 -184 223 -35 4
> 7927 3916 -31 -9 86 2
> 9584 2949 -29 -378 -155 4
> 6837 2499 145 -245 134 1
! 29689 -28033 0
! -1749 42727 SHIELD
> 5617 3912 -184 223 -35 4
> 7927 3916 -31 -9 86 2
> 9584 2949 -29 -378 -155 4
> 6837 2499 145 -245 134 1
! -89670 -9237 200
! -37000 92378 200
> 5433 4135 -156 189 -53 4
> 7896 3907 -26 -7 104 2
> 9356 2547 -193 -342 -173 4
> 6982 2254 123 -208 116 1
! 18455 -33685 0
! -13300 37828 SHIELD
> 5433 4135 -156 189 -53 4
> 7896 3907 -26 -7 104 2
> 9356 2547 -193 -342 -173 4
> 6982 2254 123 -208 116 1
! -88806 21627 200
! -36855 92133 0
> 5277 4324 -132 160 -71 4
> 7870 3900 -22 -5 122 2
> 8967 2243 -330 -258 169 4
> 7105 2046 104 -176 116 1
! 29349 -27621 200
! -22771 29611 0
> 5277 4324 -132 160 -71 4
> 7870 3900 -22 -5 122 2
> 8967 2243 -330 -258 169 4
> 7105 2046 104 -176 116 1
! -78494 50724 0
! -62360 73980 200
> 5265 4324 -9 0 -53 4
> 7848 3895 -18 -4 140 2
> 8637 1985 -280 -219 151 4
> 7070 2014 -29 -27 134 1
! 38031 -18619 200
! -29239 18879 0
> 5265 4324 -9 0 -53 4
> 7848 3895 -18 -4 140 2
> 8637 1985 -280 -219 151 4
> 7070 2014 -29 -27 134 1
! -59562 75120 200
! -36767 91893 200
> 5420 4209 131 -97 -35 4
> 7830 3891 -15 -3 158 2
> 8221 1912 -353 -61 133 4
> 6953 2167 -99 129 116 1
! 29492 -27736 200
! -32072 6681 0
> 5420 4209 131 -97 -35 4
> 7830 3891 -15 -3 158 2
> 8221 1912 -353 -61 133 4
> 6953 2167 -99 129 116 1
! -59978 75047 200
! -6964 101193 0
> 5671 3952 213 -218 -53 4
> 7815 3888 -12 -2 176 2
> 7732 1997 -415 72 133 0
> 6854 2296 -84 109 98 1
! 29743 -27993 200
! -32087 6678 200
> 5671 3952 213 -218 -53 4
> 7815 3888 -12 -2 176 2
> 7732 1997 -415 72 133 0
> 6854 2296 -84 109 98 1
! -60467 75132 200
! 24218 100776 200
> 6004 3574 283 -321 -53 4
> 7603 3900 -179 10 176 2
> 7454 2094 -139 39 133 0
> 6531 2724 -370 406 80 1
! 38770 -19369 SHIELD
! -31208 -5776 SHIELD
> 6004 3574 283 -321 -53 4
> 7603 3900 -179 10 176 2
> 7454 2094 -139 39 133 0
> 6531 2724 -370 406 80 1
! -34807 92724 0
! 23895 101204 SHIELD
> 5919 3911 -155 434 -35 4
> 7424 3910 -152 8 -166 2
> 7315 2133 -118 33 115 0
> 6529 2472 81 -362 80 1
! 44171 -7783 0
! -26497 -17286 0
> 5919 3911 -155 434 -35 4
> 7424 3910 -152 8 -166 2
> 7315 2133 -118 33 115 0
> 6529 2472 81 -362 80 1
! -34946 92763 0
! 53476 90766 200
> 5764 4345 -131 368 -17 4
> 7272 3918 -129 6 -148 2
> 7448 2075 156 -64 115 0
> 6359 2201 -188 -214 62 1
! 38530 -18598 0
! -18439 -26723 0
> 5764 4345 -131 368 -17 4
> 7272 3918 -129 6 -148 2
> 7448 2075 156 -64 115 0
> 6359 2201 -188 -214 62 1
! -60751 75210 0
! 53306 90495 0
> 5633 4713 -111 312 -35 4
> 7143 3924 -109 5 -130 2
> 7604 2011 132 -54 133 0
> 6171 1987 -159 -181 62 1
! 29705 -27232 0
! -7841 -33163 0
> 5633 4713 -111 312 -35 4
> 7143 3924 -109 5 -130 2
> 7604 2011 132 -54 133 0
> 6171 1987 -159 -181 62 1
! -34657 92641 200
! 53118 90281 0
> 5522 5025 -94 265 -53 4
> 7034 3929 -92 4 -112 2
> 7651 2138 40 108 115 0
> 6012 1806 -135 -153 62 1
! 18544 -32795 200
! 4243 -35973 200
> 5522 5025 -94 265 -53 4
> 7034 3929 -92 4 -112 2
> 7651 2138 40 108 115 0
> 6012 1806 -135 -153 62 1
! -60548 75273 200
! 52959 90100 200
> 5493 5101 -24 64 -71 4
> 6928 3733 -90 -166 -94 2
> 7555 2392 -81 216 133 0
> 5971 1830 -34 20 62 1
! 29565 -26844 200
! 4137 -36169 200
> 5493 5101 -24 64 -71 4
> 6928 3733 -90 -166 -94 2
> 7555 2392 -81 216 133 0
> 5971 1830 -34 20 62 1
! -60644 75527 200
! 52918 90124 200
> 5589 5005 81 -81 -53 4
> 6824 3368 -432 100 -94 2
> 7338 2754 159 -103 133 0
> 6031 2027 50 167 62 1
! 38355 -17938 200
! 16500 -35443 SHIELD
> 5589 5005 81 -81 -53 4
> 6824 3368 -432 100 -94 2
> 7338 2754 159 -103 133 0
> 6031 2027 50 167 62 1
! -60861 75889 200
! 23395 100507 200
> 5834 4809 208 -166 -35 4
> 6392 3468 -367 85 -76 2
> 7361 2797 19 36 133 0
> 6116 2391 72 309 80 1
! 29906 -27136 200
! 27588 -30453 SHIELD
> 5834 4809 208 -166 -35 4
> 6392 3468 -367 85 -76 2
> 7361 2797 19 36 133 0
> 6116 2391 72 309 80 1
! -60838 75932 0
! 23480 100871 200
> 6162 4483 279 -276 -53 4
> 6024 3578 -314 133 -58 2
> 7380 2833 16 30 133 0
> 6234 2651 118 -185 80 1
! 19184 -33337 0
! 36665 -22133 SHIELD
> 6162 4483 279 -276 -53 4
> 6024 3578 -314 133 -58 2
> 7380 2833 16 30 133 0
> 6234 2651 118 -185 80 1
! -60819 75968 200
! -7683 101677 0
> 6441 4207 237 -234 -71 4
> 5710 3711 -266 113 -40 2
> 7260 3009 -102 149 133 0
> 6352 2466 100 -157 98 1
! 30513 -27738 0
! 42797 -11273 SHIELD
> 6441 4207 237 -234 -71 4
> 5710 3711 -266 113 -40 2
> 7260 3009 -102 149 133 0
> 6352 2466 100 -157 98 1
! -80201 51490 SHIELD
! 23716 100946 0
> 6678 3973 201 -198 -53 4
> 5444 3824 -226 96 -22 2
> 7158 3158 -86 126 151 0
> 6452 2309 85 -133 80 1
! 19700 -33847 SHIELD
! 36085 -21887 SHIELD
> 6678 3973 201 -198 -53 4
> 5444 3824 -226 96 -22 2
> 7158 3158 -86 126 151 0
> 6452 2309 85 -133 80 1
! -61041 76293 200
! 23816 100789 200
> 6855 3819 139 -111 -71 4
> 5218 3920 -192 81 -40 2
> 7311 2842 237 -465 133 0
> 6572 2373 101 54 80 1
! 7553 -36174 0
! 42305 -11064 SHIELD
> 6855 3819 139 -111 -71 4
> 5218 3920 -192 81 -40 2
> 7311 2842 237 -465 133 0
> 6572 2373 101 54 80 1
! -80150 51323 200
! 53519 90667 0
> 6994 3708 118 -94 -89 4
> 5026 4001 -163 68 -22 2
> 7548 2377 201 -395 151 0
> 6673 2427 85 45 62 1
! -4700 -34544 0
! 35667 -21710 SHIELD
> 6994 3708 118 -94 -89 4
> 5026 4001 -163 68 -22 2
> 7548 2377 201 -395 151 0
> 6673 2427 85 45 62 1
! -60651 75512 200
! 53620 90721 200
> 7112 3614 100 -79 -107 4
> 4863 4069 -138 57 -40 2
> 7749 1982 170 -335 133 0
> 6852 2649 152 188 62 1
! -15831 -29152 0
! 41950 -10915 SHIELD
> 7112 3614 100 -79 -107 4
> 4863 4069 -138 57 -40 2
> 7749 1982 170 -335 133 0
> 6852 2649 152 188 62 1
! -79712 50463 200
! 24216 101129 200
> 7287 3795 196 316 -125 4
> 4725 4126 -117 48 -22 2
> 7744 1744 -4 -202 151 0
> 6963 2774 47 -56 80 1
! -4407 -34457 200
! 35366 -21585 SHIELD
> 7287 3795 196 316 -125 4
> 4725 4126 -117 48 -22 2
> 7744 1744 -4 -202 151 0
> 6963 2774 47 -56 80 1
! -79717 50225 200
! 24327 101254 0
> 7425 3920 116 106 -107 4
> 4608 4174 -99 40 -40 2
> 7565 1639 -152 -89 151 0
> 7010 2718 39 -47 80 1
! 8123 -36073 200
! 25804 -29747 SHIELD
> 7425 3920 116 106 -107 4
> 4608 4174 -99 40 -40 2
> 7565 1639 -152 -89 151 0
> 7010 2718 39 -47 80 1
! -60634 74774 200
! 53957 91012 200
> 7544 3826 101 -79 -89 4
> 4509 4214 -84 34 -58 2
> 7277 1696 -245 48 133 0
> 7143 2848 112 110 62 1
! -4150 -34426 0
! 35150 -21497 SHIELD
> 7544 3826 101 -79 -89 4
> 4509 4214 -84 34 -58 2
> 7277 1696 -245 48 133 0
> 7143 2848 112 110 62 1
! -34984 92326 200
! 79077 72313 0
> 7645 3747 85 -67 -107 4
> 4425 4248 -71 28 -40 2
> 6947 1925 -280 194 115 0
> 7255 2958 95 93 44 1
! -15298 -29019 200
! 41512 -10736 SHIELD
> 7645 3747 85 -67 -107 4
> 4425 4248 -71 28 -40 2
> 6947 1925 -280 194 115 0
> 7255 2958 95 93 44 1
! -5239 101179 200
! 54202 91252 200
> 7823 3932 182 218 -125 4
> 4354 4276 -60 23 -22 2
> 6620 2295 -413 177 97 0
> 7258 2834 107 -29 62 1
! -24122 -20140 200
! 34995 -21435 0
> 7823 3932 182 218 -125 4
> 4354 4276 -60 23 -22 2
> 6620 2295 -413 177 97 0
> 7258 2834 107 -29 62 1
! -35641 92925 200
! 24622 101314 0
> 7845 4030 18 82 -143 4
> 4294 4299 -51 19 -40 2
> 6122 2653 -422 304 115 0
> 7365 2805 90 -24 80 1
! -15098 -28736 200
! 25490 -29622 0
> 7845 4030 18 82 -143 4
> 4294 4299 -51 19 -40 2
> 6122 2653 -422 304 115 0
> 7365 2805 90 -24 80 1
! -36139 93283 200
! -6552 101831 200
> 7748 3948 -82 -69 -125 4
> 4243 4318 -43 16 -58 2
> 5615 3138 -430 412 115 0
> 7427 2979 52 147 98 1
! -24197 -20124 SHIELD
! 34884 -21393 0
> 7748 3948 -82 -69 -125 4
> 4243 4318 -43 16 -58 2
> 5615 3138 -430 412 115 0
> 7427 2979 52 147 98 1
! -62584 76273 200
! 24791 101459 200
> 7678 3918 -49 6 -143 4
> 4200 4334 -36 13 -40 2
> 5049 3696 -481 474 133 0
> 7393 2934 -129 -363 80 1
! -15265 -28848 0
! 41287 -10650 SHIELD
> 7678 3918 -49 6 -143 4
> 4200 4334 -36 13 -40 2
> 5049 3696 -481 474 133 0
> 7393 2934 -129 -363 80 1
! -82412 52177 SHIELD
! 24757 101414 200
> 7629 3924 -41 5 -125 4
> 3860 4551 -472 308 -22 2
> 4872 3966 33 105 151 0
> 7299 2768 -80 -141 80 1
! -4065 -34328 0
! 43762 1760 0
> 7629 3924 -41 5 -125 4
> 3860 4551 -472 308 -22 2
> 4872 3966 33 105 151 0
> 7299 2768 -80 -141 80 1
! -93290 23046 0
! 24663 101248 0
> 7588 3929 -34 4 -107 4
> 3388 4859 -401 261 -4 2
> 4905 4071 28 89 169 0
> 7219 2627 -68 -119 80 1
! 8286 -36064 0
! 42199 14535 0
> 7588 3929 -34 4 -107 4
> 3388 4859 -401 261 -4 2
> 4905 4071 28 89 169 0
> 7219 2627 -68 -119 80 1
! -94349 -8115 0
! 24583 101107 200
> 7554 3933 -28 3 -89 4
> 2987 5120 -340 221 14 2
> 4933 4160 23 75 -173 0
> 7186 2705 -28 66 80 1
! 8252 -36060 200
! 36908 26316 0
> 7554 3933 -28 3 -89 4
> 2987 5120 -340 221 14 2
> 4933 4160 23 75 -173 0
> 7186 2705 -28 66 80 1
! -93229 23240 0
! 54133 90999 200
> 7529 3736 -20 -167 -89 4
> 2647 5341 -289 187 32 2
> 4956 4235 19 63 169 0
> 7252 2948 56 206 62 1
! -4165 -34516 SHIELD
! 41458 15017 200
> 7529 3736 -20 -167 -89 4
> 2647 5341 -289 187 32 2
> 4956 4235 19 63 169 0
> 7252 2948 56 206 62 1
! -82505 52716 200
! 54199 91242 200
> 7542 3661 12 -58 -107 4
> 2552 5576 -80 200 14 2
> 4800 4395 -132 135 151 0
> 7075 2406 -168 -512 62 1
! -15401 -29105 0
! 36473 26772 200
> 7542 3661 12 -58 -107 4
> 2552 5576 -80 200 14 2
> 4800 4395 -132 135 151 0
> 7075 2406 -168 -512 62 1
! -82661 52876 200
! 24439 100886 200
> 7554 3603 10 -49 -125 4
> 2642 5882 76 260 32 2
> 4493 4627 -260 197 151 0
> 6942 2091 -113 -267 80 1
! -4140 -34649 0
! 41453 15558 200
> 7554 3603 10 -49 -125 4
> 2642 5882 76 260 32 2
> 4493 4627 -260 197 151 0
> 6942 2091 -113 -267 80 1
! -63706 77762 200
! 53889 90385 200
> 7564 3554 8 -41 -107 4
> 2912 6190 229 262 14 2
> 4097 4970 -336 291 133 1
> 6923 2001 -16 -76 62 1
! 8262 -36439 0
! 42814 3399 200
> 7564 3554 8 -41 -107 4
> 2912 6190 229 262 14 2
> 4097 4970 -336 291 133 1
> 6923 2001 -16 -76 62 1
! -38164 95600 200
! 53870 90295 200
> 7572 3513 6 -34 -89 4
> 3341 6438 364 210 -4 2
> 3676 5442 -357 401 115 1
> 7001 2102 66 85 62 1
! -4122 -34739 200
! 43243 3647 200
> 7572 3513 6 -34 -89 4
> 3341 6438 364 210 -4 2
> 3676 5442 -357 401 115 1
> 7001 2102 66 85 62 1
! -8510 104696 200
! 53948 90396 200
> 7520 3288 -44 -191 -107 4
> 3926 6736 517 350 -4 2
> 3273 5939 -362 325 97 1
> 7161 2364 135 222 62 1
! 8218 -36705 SHIELD
! 41013 -8248 200
> 7520 3288 -44 -191 -107 4
> 3926 6736 517 350 -4 2
> 3273 5939 -362 325 97 1
> 7161 2364 135 222 62 1
! 22353 104101 0
! 54108 90658 SHIELD
> 7567 3339 97 195 -89 4
> 4628 7011 597 233 -22 2
> 2911 6264 -307 276 79 1
> 7205 2344 -20 -168 62 1
! -4127 -34913 0
! 35269 -18700 200
> 7567 3339 97 195 -89 4
> 4628 7011 597 233 -22 2
> 2911 6264 -307 276 79 1
> 7205 2344 -20 -168 62 1
! 51391 93725 200
! 79139 71809 200
> 7664 3534 82 165 -107 4
> 5378 7115 637 88 -40 2
> 2701 6715 -178 383 61 1
> 7185 2176 -17 -142 44 1
! -15279 -29232 0
! 42465 -7869 200
> 7664 3534 82 165 -107 4
> 5378 7115 637 88 -40 2
> 2701 6715 -178 383 61 1
> 7185 2176 -17 -142 44 1
! 75836 74914 200
! 54132 90470 0
> 7746 3699 69 140 -125 4
> 6200 7128 699 11 -22 2
> 2669 7234 -26 441 43 1
> 7168 2034 -14 -120 62 1
! -3948 -34553 0
! 43287 -7856 200
> 7746 3699 69 140 -125 4
> 6200 7128 699 11 -22 2
> 2669 7234 -26 441 43 1
> 7168 2034 -14 -120 62 1
! 93299 49495 200
! 24532 100514 0
> 7815 3839 58 119 -107 4
> 7084 7064 751 -54 -22 2
> 2824 7760 131 446 25 1
> 7154 1914 -11 -102 80 1
! -3879 -34413 200
! 46986 4273 0
> 7815 3839 58 119 -107 4
> 7084 7064 751 -54 -22 2
> 2824 7760 131 446 25 1
> 7154 1914 -11 -102 80 1
! 102078 19946 200
! 24518 100394 200
> 7815 3767 0 -61 -107 4
> 7835 7010 638 -45 -4 2
> 3154 8230 280 399 7 1
> 7178 2009 20 80 80 1
! -15128 -28999 200
! 44922 -7974 0
> 7815 3767 0 -61 -107 4
> 7835 7010 638 -45 -4 2
> 3154 8230 280 399 7 1
> 7178 2009 20 80 80 1
! 101316 -10850 200
! 54125 90303 200
> 7700 3542 -97 -191 -125 4
> 8473 6965 542 -38 -22 2
> 3630 8591 404 306 -11 1
> 7292 2266 96 218 62 1
! -3994 -34710 0
! 39114 -18746 200
> 7700 3542 -97 -191 -125 4
> 8473 6965 542 -38 -22 2
> 3630 8591 404 306 -11 1
> 7292 2266 96 218 62 1
! 101792 -10490 200
! 24656 100746 0
> 7603 3351 -82 -162 -107 4
> 9168 6798 590 -141 -40 2
> 4230 8859 510 227 -11 1
> 7388 2484 81 185 80 1
! 8301 -36642 SHIELD
! 46255 -8186 SHIELD
> 7603 3351 -82 -162 -107 4
> 9168 6798 590 -141 -40 2
> 4230 8859 510 227 -11 1
> 7388 2484 81 185 80 1
! 91691 -39622 200
! -6529 101510 SHIELD
> 7582 3463 0 172 -89 4
> 9758 6657 501 -119 -22 2
> 4915 8989 582 110 -29 1
> 7408 2395 0 -153 98 1
! -4112 -34789 0
! 49660 3866 SHIELD
> 7582 3463 0 172 -89 4
> 9758 6657 501 -119 -22 2
> 4915 8989 582 110 -29 1
> 7408 2395 0 -153 98 1
! 92376 -39492 200
! -6509 101421 0
> 7582 3635 0 146 -107 4
> 10259 6538 425 -101 -4 2
> 5672 9002 643 11 -29 1
> 7408 2242 0 -130 98 1
! -15361 -29131 0
! 47346 -8446 SHIELD
> 7582 3635 0 146 -107 4
> 10259 6538 425 -101 -4 2
> 5672 9002 643 11 -29 1
> 7408 2242 0 -130 98 1
! 73871 -64133 200
! -36429 92121 0
> 7582 3781 0 124 -125 4
> 10684 6437 361 -85 -22 2
> 6451 8867 662 -114 -47 1
> 7408 2112 0 -110 116 1
! -4112 -34471 0
! 41325 -19274 SHIELD
> 7582 3781 0 124 -125 4
> 10684 6437 361 -85 -22 2
> 6451 8867 662 -114 -47 1
> 7408 2112 0 -110 116 1
! 93912 -39614 200
! -6509 101138 0
> 7582 3905 0 105 -107 4
> 11045 6352 306 -72 -40 2
> 7288 8656 711 -179 -29 1
> 7408 2002 0 -93 98 1
! -4112 -34347 200
! 48132 -8632 SHIELD
> 7582 3905 0 105 -107 4
> 11045 6352 306 -72 -40 2
> 7288 8656 711 -179 -29 1
> 7408 2002 0 -93 98 1
! 94749 -39825 200
! -6509 101028 200
> 7524 3819 -49 -73 -107 4
> 11351 6280 260 -61 -22 2
> 8174 8380 753 -234 -29 1
> 7380 2107 -23 89 98 1
! 8222 -36174 200
! 51253 3489 SHIELD
> 7524 3819 -49 -73 -107 4
> 11351 6280 260 -61 -22 2
> 8174 8380 753 -234 -29 1
> 7380 2107 -23 89 98 1
! 76373 -64755 200
! -6537 101133 200
> 7478 3546 -38 -232 -89 4
> 11611 6219 221 -51 -4 2
> 9063 8000 755 -323 -47 1
> 7329 2394 -43 243 98 1
! -4216 -34706 SHIELD
! 48698 -8765 SHIELD
> 7478 3546 -38 -232 -89 4
> 11611 6219 221 -51 -4 2
> 9063 8000 755 -323 -47 1
> 7329 2394 -43 243 98 1
! 77262 -65135 200
! 24693 100874 SHIELD
> 7460 3418 43 191 -107 4
> 11832 6168 187 -43 -22 2
> 9954 7531 757 -398 -47 1
> 7266 2533 -112 -181 80 1
! -15483 -29348 0
! 42473 -19543 SHIELD
> 7460 3418 43 191 -107 4
> 11832 6168 187 -43 -22 2
> 9954 7531 757 -398 -47 1
> 7266 2533 -112 -181 80 1
! 97415 -40950 200
! 54213 90827 0
> 7503 3609 36 162 -125 4
> 12019 6125 158 -36 -40 2
> 10886 7036 792 -420 -29 1
> 7154 2352 -95 -153 62 1
! -4191 -34643 0
! 33215 -27796 SHIELD
> 7503 3609 36 162 -125 4
> 12019 6125 158 -36 -40 2
> 10886 7036 792 -420 -29 1
> 7154 2352 -95 -153 62 1
! 79085 -66099 SHIELD
! 79088 71817 200
> 7539 3771 30 137 -107 4
> 12230 6036 565 -463 -58 2
> 11625 6669 241 76 -47 1
> 7059 2199 -80 -130 44 1
! -15404 -28995 0
! 21906 -32775 SHIELD
> 7539 3771 30 137 -107 4
> 12230 6036 565 -463 -58 2
> 11625 6669 241 76 -47 1
> 7059 2199 -80 -130 44 1
! 53886 -83961 200
! 54006 90493 0
> 7569 3908 25 116 -125 4
> 12795 5573 480 -393 -76 2
> 11866 6745 204 64 -65 1
> 6979 2069 -68 -110 62 1
! -4125 -34344 200
! 10004 -34329 0
> 7569 3908 25 116 -125 4
> 12795 5573 480 -393 -76 2
> 11866 6745 204 64 -65 1
> 6979 2069 -68 -110 62 1
! 54127 -83885 0
! 24343 100549 200
> 7536 3833 -28 -63 -107 4
> 13275 5180 408 -334 -94 2
> 12070 6809 173 54 -65 1
> 6946 2156 -28 73 80 1
! -4158 -34419 200
! -1709 -31907 0
> 7536 3833 -28 -63 -107 4
> 13275 5180 408 -334 -94 2
> 12070 6809 173 54 -65 1
> 6946 2156 -28 73 80 1
! 24256 -92445 0
! 53893 90450 200
> 7450 3579 -73 -216 -107 4
> 13683 4846 346 -283 -112 2
> 12243 6863 147 45 -83 1
> 7012 2406 56 212 62 1
! -15493 -29187 0
! -12028 -25795 0
> 7450 3579 -73 -216 -107 4
> 13683 4846 346 -283 -112 2
> 12243 6863 147 45 -83 1
> 7012 2406 56 212 62 1
! 54504 -83767 200
! 53959 90700 200
> 7445 3543 130 329 -125 4
> 14029 4563 294 -240 -130 2
> 12475 6727 196 -115 -65 1
> 7094 2615 -65 -182 62 1
! -4249 -34709 200
! -19892 -16633 200
> 7445 3543 130 329 -125 4
> 14029 4563 294 -240 -130 2
> 12475 6727 196 -115 -65 1
> 7094 2615 -65 -182 62 1
! 54736 -83903 200
! 54041 90909 0
> 7517 3681 60 117 -107 4
> 14153 4217 105 -294 -148 2
> 12756 6431 238 -251 -65 1
> 7029 2433 -55 -154 62 1
! -4177 -34571 200
! -24658 -5459 0
> 7517 3681 60 117 -107 4
> 14153 4217 105 -294 -148 2
> 12756 6431 238 -251 -65 1
> 7029 2433 -55 -154 62 1
! 24942 -92823 200
! 53976 90727 200
> 7519 3607 1 -63 -107 4
> 14258 3923 89 -249 -166 2
> 13018 5981 223 -382 -83 1
> 7068 2456 33 19 62 1
! -4175 -34645 200
! -25644 6713 0
> 7519 3607 1 -63 -107 4
> 14258 3923 89 -249 -166 2
> 13018 5981 223 -382 -83 1
> 7068 2456 33 19 62 1
! -6063 -92181 0
! 54015 90750 200
> 7479 3399 98 169 -107 4
> 14347 3674 75 -211 176 2
> 13241 5599 189 -324 -101 1
> 7177 2605 -39 -219 62 1
! -4215 -34853 200
! -24464 -6002 0
> 7479 3399 98 169 -107 4
> 14347 3674 75 -211 176 2
> 13241 5599 189 -324 -101 1
> 7177 2605 -39 -219 62 1
! -35240 -81862 200
! 54124 90899 200
> 7519 3377 33 -18 -107 4
> 14422 3463 63 -179 -166 2
> 13333 5100 78 -424 -119 2
> 7232 2563 46 -36 62 1
! -15424 -29389 200
! -25480 6253 0
> 7519 3377 33 -18 -107 4
> 14422 3463 63 -179 -166 2
> 13333 5100 78 -424 -119 2
> 7232 2563 46 -36 62 1
! -59802 -63099 200
! 54179 90857 200
> 7535 3492 30 148 -125 4
> 14485 3284 53 -152 176 2
> 13265 4540 -58 -476 -137 2
> 7274 2407 19 -183 62 1
! -4159 -34760 200
! -24326 -6392 0
> 7535 3492 30 148 -125 4
> 14485 3284 53 -152 176 2
> 13265 4540 -58 -476 -137 2
> 7274 2407 19 -183 62 1
! -77365 -37721 200
! 24638 100887 200
> 7507 3449 -24 -36 -107 4
> 14538 3132 45 -129 -166 2
> 13026 3979 -203 -476 -155 2
> 7328 2421 45 11 80 1
! -4187 -34803 200
! -25364 5922 0
> 7507 3449 -24 -36 -107 4
> 14538 3132 45 -129 -166 2
> 13026 3979 -203 -476 -155 2
> 7328 2421 45 11 80 1
! -86228 -8207 200
! 24692 100901 200
> 7449 3430 -25 187 -107 4
> 14583 3003 38 -109 176 2
> 12624 3479 -341 -425 -173 2
> 7384 2421 23 -204 80 1
! -4245 -34822 200
! -22504 17987 0
> 7449 3430 -25 187 -107 4
> 14583 3003 38 -109 176 2
> 12624 3479 -341 -425 -173 2
> 7384 2421 23 -204 80 1
! -85538 22559 200
! -6533 101447 200
> 7366 3426 -70 -3 -107 4
> 14621 2894 32 -92 158 2
> 12087 3092 -456 -328 169 2
> 7379 2415 -4 -5 98 1
! 8064 -36567 200
! -25281 5684 0
> 7366 3426 -70 -3 -107 4
> 14621 2894 32 -92 158 2
> 12087 3092 -456 -328 169 2
> 7379 2415 -4 -5 98 1
! -75374 51573 200
! -6538 101441 200
> 7292 3407 -69 162 -89 4
> 14653 2802 27 -78 176 2
> 11456 2861 -536 -196 151 2
> 7354 2425 -13 -170 98 1
! 7990 -36586 200
! -22434 17786 0
> 7292 3407 -69 162 -89 4
> 14653 2802 27 -78 176 2
> 11456 2861 -536 -196 151 2
> 7354 2425 -13 -170 98 1
! -56743 75996 200
! -6563 101451 200
> 7226 3369 -55 -32 -89 4
> 14680 2724 22 -66 158 2
> 10784 2811 -571 -42 133 3
> 7313 2453 -34 23 98 1
! 20248 -34451 200
! -25222 5514 0
> 7226 3369 -55 -32 -89 4
> 14680 2724 22 -66 158 2
> 10784 2811 -571 -42 133 3
> 7313 2453 -34 23 98 1
! -31477 93441 0
! -6604 101479 200
> 7208 3473 -23 190 -71 4
> 14702 2658 18 -56 176 2
> 10213 2769 -485 -35 115 3
> 7279 2349 -20 -190 98 1
! 7906 -36520 200
! -24109 -7018 0
> 7208 3473 -23 190 -71 4
> 14702 2658 18 -56 176 2
> 10213 2769 -485 -35 115 3
> 7279 2349 -20 -190 98 1
! -1973 102023 200
! 24643 100829 200
> 7188 3463 -16 -8 -89 4
> 14720 2602 15 -47 -166 2
> 9704 2933 -432 138 97 3
> 7294 2356 12 5 80 1
! 20210 -34357 200
! -25182 5392 0
> 7188 3463 -16 -8 -89 4
> 14720 2602 15 -47 -166 2
> 9704 2933 -432 138 97 3
> 7294 2356 12 5 80 1
! 28784 101095 200
! -6623 101382 200
> 7231 3358 17 174 -71 4
> 14735 2555 12 -39 176 2
> 9310 3267 -334 284 79 3
> 7285 2467 10 -169 98 1
! 7929 -36635 200
! -24076 -7121 0
> 7231 3358 17 174 -71 4
> 14735 2555 12 -39 176 2
> 9310 3267 -334 284 79 3
> 7285 2467 10 -169 98 1
! 28390 101429 200
! -6632 101493 200
> 7251 3332 17 -22 -89 4
> 14747 2516 10 -33 -166 2
> 9014 3747 -251 408 79 3
> 7267 2496 -15 24 98 1
! 20273 -34488 200
! -25155 5306 200
> 7251 3332 17 -22 -89 4
> 14747 2516 10 -33 -166 2
> 9014 3747 -251 408 79 3
> 7267 2496 -15 24 98 1
! 28094 101909 200
! -6650 101522 200
> 7330 3519 67 189 -71 4
> 14557 2497 -161 -16 176 2
> 8801 4351 -180 513 79 3
> 7227 2320 -33 -180 98 1
! 8028 -36474 200
! -25345 5287 200
> 7330 3519 67 189 -71 4
> 14557 2497 -161 -16 176 2
> 8801 4351 -180 513 79 3
> 7227 2320 -33 -180 98 1
! 57281 91812 200
! 24591 100800 200
> 7400 3508 59 -9 -89 4
> 14196 2495 -306 -1 176 2
> 8718 5039 -70 584 61 3
> 7229 2337 1 14 80 1
! -4294 -34744 200
! -25706 5285 200
> 7400 3508 59 -9 -89 4
> 14196 2495 -306 -1 176 2
> 8718 5039 -70 584 61 3
> 7229 2337 1 14 80 1
! 57198 92500 200
! 24593 100817 200
> 7405 3336 60 173 -107 4
> 13690 2508 -429 11 176 2
> 8745 5798 22 645 61 3
> 7260 2520 -30 -164 80 1
! -4289 -34916 200
! -25121 -7168 200
> 7405 3336 60 173 -107 4
> 13690 2508 -429 11 176 2
> 8745 5798 22 645 61 3
> 7260 2520 -30 -164 80 1
! 81880 73997 0
! 24624 101000 200
> 7418 3380 23 106 -107 4
> 13067 2471 -529 -31 -166 2
> 8767 6443 18 548 43 3
> 7253 2491 -18 -93 80 1
! -4276 -34872 200
! -26835 5261 0
> 7418 3380 23 106 -107 4
> 13067 2471 -529 -31 -166 2
> 8767 6443 18 548 43 3
> 7253 2491 -18 -93 80 1
! 99397 48704 200
! 54200 90785 200
> 7394 3386 -7 105 -107 4
> 12538 2440 -449 -26 176 2
> 8966 7076 169 537 25 4
> 7317 2484 41 -106 62 1
! -4300 -34866 200
! -24549 17424 200
> 7394 3386 -7 105 -107 4
> 12538 2440 -449 -26 176 2
> 8966 7076 169 537 25 4
> 7317 2484 41 -106 62 1
! 108220 19262 0
! 24681 100964 200
> 7328 3388 -56 103 -107 4
> 11904 2489 -539 41 158 2
> 9135 7613 143 456 7 4
> 7393 2487 65 -99 80 1
! 8026 -36605 200
! -27998 5279 200
> 7328 3388 -56 103 -107 4
> 11904 2489 -539 41 158 2
> 9135 7613 143 456 7 4
> 7393 2487 65 -99 80 1
! 107297 -11467 0
! -6524 101513 200
> 7262 3383 -70 94 -89 4
> 11165 2544 -627 46 176 3
> 9278 8069 121 387 -11 4
> 7444 2494 57 -92 98 1
! 20284 -34437 200
! -25922 17528 SHIELD
> 7262 3383 -70 94 -89 4
> 11165 2544 -627 46 176 3
> 9278 8069 121 387 -11 4
> 7444 2494 57 -92 98 1
! 96739 -40412 0
! -6473 101520 200
> 7234 3376 -49 94 -71 4
> 10538 2590 -532 39 158 3
> 9399 8456 102 328 -29 4
> 7496 2512 70 -85 98 1
! 7932 -36617 200
! -20103 28301 SHIELD
> 7234 3376 -49 94 -71 4
> 10538 2590 -532 39 158 3
> 9399 8456 102 328 -29 4
> 7496 2512 70 -85 98 1
! 77598 -64679 200
! -36341 92391 200
> 7157 3355 -100 76 -89 4
> 10006 2629 -452 33 140 3
> 9637 8638 202 154 -47 4
> 7510 2522 46 -86 116 1
! 20179 -34465 200
! -11190 36550 SHIELD
> 7157 3355 -100 76 -89 4
> 10006 2629 -452 33 140 3
> 9637 8638 202 154 -47 4
> 7510 2522 46 -86 116 1
! 51898 -81992 200
! -36327 92401 200
> 7080 3329 -109 67 -71 4
> 9554 2662 -384 28 122 3
> 9924 8611 243 -23 -65 4
> 7511 2528 44 -84 116 1
! 31152 -28616 200
! -122 41473 0
> 7080 3329 -109 67 -71 4
> 9554 2662 -384 28 122 3
> 9924 8611 243 -23 -65 4
> 7511 2528 44 -84 116 1
! 52185 -82019 200
! -61954 74462 200
> 7052 3313 -73 81 -53 4
> 9170 2690 -326 23 104 3
> 10252 8407 278 -173 -65 4
> 7456 2511 2 -109 134 1
! 20074 -34507 200
! 11960 42592 SHIELD
> 7052 3313 -73 81 -53 4
> 9170 2690 -326 23 104 3
> 10252 8407 278 -173 -65 4
> 7456 2511 2 -109 134 1
! 22438 -90847 200
! -36381 92390 200
> 6995 3301 -90 72 -71 4
> 8844 2713 -277 19 86 3
> 10554 8035 257 -315 -83 4
> 7420 2486 11 -104 116 1
! 31067 -28644 200
! 23828 39800 0
> 6995 3301 -90 72 -71 4
> 8844 2713 -277 19 86 3
> 10554 8035 257 -315 -83 4
> 7420 2486 11 -104 116 1
! -8527 -90127 200
! -36417 92365 200
> 6988 3288 -57 90 -53 4
> 8567 2732 -235 16 68 3
> 10773 7524 186 -434 -101 4
> 7381 2487 17 -100 116 1
! 20010 -34532 200
! 34278 33373 SHIELD
> 6988 3288 -57 90 -53 4
> 8567 2732 -235 16 68 3
> 10773 7524 186 -434 -101 4
> 7381 2487 17 -100 116 1
! -37708 -79937 200
! -36456 92366 200
> 6945 3292 -75 81 -71 4
> 8332 2748 -199 13 50 3
> 10862 6915 75 -517 -119 4
> 7361 2464 22 -97 116 1
! 31017 -28653 200
! 42253 23944 0
> 6945 3292 -75 81 -71 4
> 8332 2748 -199 13 50 3
> 10862 6915 75 -517 -119 4
> 7361 2464 22 -97 116 1
! -62273 -61284 200
! -36476 92343 200
> 6958 3281 -40 99 -53 4
> 8133 2761 -169 11 32 3
> 10791 6262 -60 -555 -137 4
> 7328 2479 23 -96 116 1
! 19980 -34539 200
! 46944 12437 SHIELD
> 6958 3281 -40 99 -53 4
> 8133 2761 -169 11 32 3
> 10791 6262 -60 -555 -137 4
> 7328 2479 23 -96 116 1
! -79839 -35999 200
! -6589 101505 200
> 6931 3312 -54 101 -71 4
> 7987 2780 -116 18 14 3
> 10550 5622 -205 -543 -155 4
> 7148 2383 -198 -182 98 1
! 7629 -36681 200
! 41908 23976 0
> 6931 3312 -54 101 -71 4
> 7987 2780 -116 18 14 3
> 10550 5622 -205 -543 -155 4
> 7148 2383 -198 -182 98 1
! -80080 -36639 200
! 24512 100863 200
> 6880 3213 -42 -84 -89 4
> 7871 2798 -98 15 32 3
> 10164 4994 -328 -533 -155 4
> 6985 2398 -138 12 80 1
! 19902 -34607 200
! 46682 12474 0
> 6880 3213 -42 -84 -89 4
> 7871 2798 -98 15 32 3
> 10164 4994 -328 -533 -155 4
> 6985 2398 -138 12 80 1
! -80466 -37267 200
! 24349 100878 200
> 6844 3409 -32 184 -71 4
> 7773 2813 -83 12 14 3
> 9655 4376 -432 -524 -155 4
> 6940 2138 -35 -239 80 1
! 30916 -28536 200
! 41694 24009 0
> 6844 3409 -32 184 -71 4
> 7773 2813 -83 12 14 3
> 9655 4376 -432 -524 -155 4
> 6940 2138 -35 -239 80 1
! -80975 -37885 0
! -6977 101164 200
> 6932 3433 75 20 -53 4
> 7690 2825 -70 10 32 3
> 9223 3852 -367 -445 -155 4
> 6877 2097 -53 -34 98 1
! 31004 -28512 200
! 33401 33466 200
> 6932 3433 75 20 -53 4
> 7690 2825 -70 10 32 3
> 9223 3852 -367 -445 -155 4
> 6877 2097 -53 -34 98 1
! -63912 -64347 200
! 24241 100577 200
> 7033 3353 -33 7 -53 4
> 7843 2928 249 12 50 3
> 8710 3271 -436 -494 -137 4
> 6859 2260 -15 138 80 1
! 20055 -34467 0
! 41764 24124 SHIELD
> 7033 3353 -33 7 -53 4
> 7843 2928 249 12 50 3
> 8710 3271 -436 -494 -137 4
> 6859 2260 -15 138 80 1
! -81920 -38990 0
! 53806 90554 200
> 7001 3372 -5 273 -71 4
> 7975 2900 92 -30 32 3
> 9445 3181 816 -9 -155 4
> 6937 2562 44 0 62 1
! 7699 -36621 200
! 46786 12576 SHIELD
> 7001 3372 -5 273 -71 4
> 7975 2900 92 -30 32 3
> 9445 3181 816 -9 -155 4
> 6937 2562 44 0 62 1
! -89809 -9005 200
! 24301 101042 0
> 6999 3445 -1 62 -89 4
> 8067 2870 78 -25 14 3
> 10062 3148 524 -28 -173 4
> 6981 2562 37 0 80 1
! 7697 -36548 200
! 47969 79 SHIELD
> 6999 3445 -1 62 -89 4
> 8067 2870 78 -25 14 3
> 10062 3148 524 -28 -173 4
> 6981 2562 37 0 80 1
! -80568 -39113 200
! 24345 101042 200
> 7002 3559 2 167 -89 4
> 8145 2845 66 -21 -4 3
> 10405 3035 291 -95 -155 4
> 7052 2507 60 -117 80 1
! 20024 -34261 200
! 45232 -12139 0
> 7002 3559 2 167 -89 4
> 8145 2845 66 -21 -4 3
> 10405 3035 291 -95 -155 4
> 7052 2507 60 -117 80 1
! -88849 -9151 200
! -6865 101533 200
> 7069 3537 57 -18 -71 4
> 8211 2824 56 -17 -22 3
> 10497 2916 78 -101 -173 4
> 7084 2588 27 68 98 1
! 7767 -36456 200
! 38852 -22887 0
> 7069 3537 57 -18 -71 4
> 8211 2824 56 -17 -22 3
> 10497 2916 78 -101 -173 4
> 7084 2588 27 68 98 1
! -88757 -9270 0
! 24448 101068 200
> 7123 3653 43 225 -89 4
> 8267 2807 47 -14 -40 3
> 10575 2815 66 -85 -173 4
> 7152 2519 60 -185 80 1
! 7821 -36340 200
! 45354 -12177 0
> 7123 3653 43 225 -89 4
> 8267 2807 47 -14 -40 3
> 10575 2815 66 -85 -173 4
> 7152 2519 60 -185 80 1
! -88679 -9371 0
! -6765 101545 200
> 7169 3678 39 21 -89 4
> 8314 2793 39 -11 -22 3
> 10641 2730 56 -72 -173 4
> 7184 2532 27 11 98 1
! -4525 -34574 200
! 45401 -12191 200
> 7169 3678 39 21 -89 4
> 8314 2793 39 -11 -22 3
> 10641 2730 56 -72 -173 4
> 7184 2532 27 11 98 1
! -79989 -39531 0
! -6733 101558 200
> 7148 3540 -29 176 -107 4
> 8538 2707 190 -73 -22 3
> 10697 2658 47 -61 -155 4
> 7184 2708 12 -143 98 1
! 7846 -36453 200
! 48440 -83 200
> 7148 3540 -29 176 -107 4
> 8538 2707 190 -73 -22 3
> 10697 2658 47 -61 -155 4
> 7184 2708 12 -143 98 1
! -88557 -9528 0
! -6733 101734 200
> 7118 3609 -28 114 -89 4
> 8928 2620 331 -73 -4 3
> 10744 2597 39 -51 -173 4
> 7173 2670 -6 -88 98 1
! 7816 -36384 200
! 48830 -170 200
> 7118 3609 -28 114 -89 4
> 8928 2620 331 -73 -4 3
> 10744 2597 39 -51 -173 4
> 7173 2670 -6 -88 98 1
! -79886 -39664 0
! -6744 101696 200
> 7090 3585 -32 111 -89 4
> 9459 2533 450 -73 -4 3
> 10783 2546 33 -43 -155 4
> 7143 2718 -17 -91 98 1
! 20112 -34235 200
! 46546 -12451 SHIELD
> 7090 3585 -32 111 -89 4
> 9459 2533 450 -73 -4 3
> 10783 2546 33 -43 -155 4
> 7143 2718 -17 -91 98 1
! -88471 -9640 0
! -6774 101744 200
> 7119 3643 22 115 -71 4
> 9909 2460 382 -62 -22 3
> 10816 2503 28 -36 -173 4
> 7102 2689 -32 -90 98 1
! 7817 -36350 200
! 49811 -330 0
> 7119 3643 22 115 -71 4
> 9909 2460 382 -62 -22 3
> 10816 2503 28 -36 -173 4
> 7102 2689 -32 -90 98 1
! -87346 21583 0
! 24466 101169 200
> 7146 3600 29 110 -89 4
> 10048 2382 26 -71 -4 3
> 11087 2483 322 -11 169 4
> 7103 2754 -5 -91 80 1
! 20168 -34220 200
! 48859 12058 0
> 7146 3600 29 110 -89 4
> 10048 2382 26 -71 -4 3
> 11087 2483 322 -11 169 4
> 7103 2754 -5 -91 80 1
! -76374 50964 200
! 24467 101234 200
> 7252 3676 93 110 -71 4
> 10074 2311 22 -60 14 3
> 11234 2569 125 73 151 4
> 7121 2705 11 -87 80 1
! 7950 -36317 200
! 43995 23507 SHIELD
> 7252 3676 93 110 -71 4
> 10074 2311 22 -60 14 3
> 11234 2569 125 73 151 4
> 7121 2705 11 -87 80 1
! -56965 75704 200
! 54068 90999 200
> 7348 3586 82 -76 -89 4
> 10096 2251 18 -51 32 3
> 11223 2788 -9 186 133 4
> 7226 2795 89 76 62 1
! -4346 -34666 0
! 35807 32892 SHIELD
> 7348 3586 82 -76 -89 4
> 10096 2251 18 -51 32 3
> 11223 2788 -9 186 133 4
> 7226 2795 89 76 62 1
! -76238 51269 200
! 24590 101275 200
> 7483 3857 115 230 -107 4
> 10114 2200 15 -43 50 3
> 11039 3071 -156 240 151 4
> 7296 2721 59 -63 80 1
! 8181 -36136 200
! 25098 39287 SHIELD
> 7483 3857 115 230 -107 4
> 10114 2200 15 -43 50 3
> 11039 3071 -156 240 151 4
> 7296 2721 59 -63 80 1
! -87123 22151 200
! 54243 91015 200
> 7601 3887 100 25 -89 4
> 10129 2157 12 -36 68 3
> 10687 3349 -299 236 169 4
> 7449 2835 129 96 62 1
! 20623 -33933 200
! 12919 42059 SHIELD
> 7601 3887 100 25 -89 4
> 10129 2157 12 -36 68 3
> 10687 3349 -299 236 169 4
> 7449 2835 129 96 62 1
! -88567 -8837 200
! 24813 101315 200
> 7802 3906 213 234 -71 4
> 10141 2121 10 -30 86 3
> 10189 3561 -422 179 -173 4
> 7577 2945 66 -125 80 1
! 31874 -28039 200
! 464 40932 SHIELD
> 7802 3906 213 234 -71 4
> 10141 2121 10 -30 86 3
> 10189 3561 -422 179 -173 4
> 7577 2945 66 -125 80 1
! -80441 -38700 200
! 54524 91239 0
> 8135 3980 283 63 -53 4
> 10151 2091 8 -25 104 3
> 9586 3655 -512 80 -155 4
> 7643 2820 56 -106 62 1
! 21157 -33840 200
! 12941 41993 SHIELD
> 8135 3980 283 63 -53 4
> 10151 2091 8 -25 104 3
> 9586 3655 -512 80 -155 4
> 7643 2820 56 -106 62 1
! -63549 -64544 200
! 25007 101300 0
> 8207 3956 -476 177 -71 4
> 10159 2066 6 -21 86 3
> 9204 3497 212 -332 -137 4
> 7699 2714 47 -90 80 1
! 21229 -33864 200
! 482 40877 0
> 8207 3956 -476 177 -71 4
> 10159 2066 6 -21 86 3
> 9204 3497 212 -332 -137 4
> 7699 2714 47 -90 80 1
! -81426 -38764 200
! -6218 101740 200
> 7796 3944 -349 -10 -71 4
> 10165 2045 5 -17 104 3
> 9235 3080 26 -354 -155 4
> 7718 2822 16 91 98 1
! 8494 -36049 200
! -11031 35966 0
> 7796 3944 -349 -10 -71 4
> 10165 2045 5 -17 104 3
> 9235 3080 26 -354 -155 4
> 7718 2822 16 91 98 1
! -90019 -9106 200
! -36119 92701 200
> 7432 3871 -344 190 -89 4
> 10170 2028 4 -14 122 3
> 9062 2702 -146 -321 -173 4
> 7665 2956 -9 -139 116 1
! 20454 -33949 200
! -20471 27739 0
> 7432 3871 -344 190 -89 4
> 10170 2028 4 -14 122 3
> 9062 2702 -146 -321 -173 4
> 7665 2956 -9 -139 116 1
! -89100 21782 200
! -61800 74890 200
> 7153 3872 -237 0 -71 4
> 10174 2014 3 -11 140 3
> 8720 2419 -290 -240 169 4
> 7517 2961 -125 4 134 1
! 31225 -28073 200
! -26913 16998 200
> 7153 3872 -237 0 -71 4
> 10174 2014 3 -11 140 3
> 8720 2419 -290 -240 169 4
> 7517 2961 -125 4 134 1
! -89442 21499 200
! -36320 92840 200
> 6968 3871 -217 140 -53 4
> 9992 2078 -155 54 158 3
> 8234 2217 -413 -171 169 4
> 7372 2986 -62 -120 116 1
! 19990 -33949 200
! -27095 17062 200
> 6968 3871 -217 140 -53 4
> 9992 2078 -155 54 158 3
> 8234 2217 -413 -171 169 4
> 7372 2986 -62 -120 116 1
! -79227 50698 200
! -36465 92865 200
> 6816 3822 -129 -41 -71 4
> 9652 2207 -289 109 158 3
> 7646 2143 -499 -62 151 0
> 7222 3046 -127 50 116 1
! 7514 -36171 200
! -30250 4997 200
> 6816 3822 -129 -41 -71 4
> 9652 2207 -289 109 158 3
> 7646 2143 -499 -62 151 0
> 7222 3046 -127 50 116 1
! -79815 50624 200
! -62243 74980 0
> 6601 3733 -215 -20 -89 4
> 9163 2330 -415 104 176 3
> 6969 2160 -596 -105 151 0
> 7188 2961 24 -6 134 1
! -5093 -34519 200
! -30739 5120 200
> 6601 3733 -215 -20 -89 4
> 9163 2330 -415 104 176 3
> 6969 2160 -596 -105 151 0
> 7188 2961 24 -6 134 1
! -61230 75295 200
! -81106 49908 200
> 6328 3522 -232 -179 -107 4
> 8548 2448 -522 100 176 3
> 6237 2201 -622 35 133 0
> 7035 3049 -129 74 152 1
! -16615 -29244 200
! -28539 17432 0
> 6328 3522 -232 -179 -107 4
> 8548 2448 -522 100 176 3
> 6237 2201 -622 35 133 0
> 7035 3049 -129 74 152 1
! -36024 92831 200
! -91445 20413 200
> 5837 3253 -456 -208 -125 4
> 8026 2548 -443 85 158 3
> 5530 2417 -600 183 115 0
> 6854 3084 -115 9 170 1
! -26108 -20819 200
! -22615 28259 0
> 5837 3253 -456 -208 -125 4
> 8026 2548 -443 85 158 3
> 5530 2417 -600 183 115 0
> 6854 3084 -115 9 170 1
! -6656 101671 0
! -92172 -10833 200
> 5369 3284 -368 97 -143 4
> 7583 2633 -376 72 140 3
> 4782 2240 -664 -221 97 0
> 6541 3065 -266 -16 188 1
! -26576 -20788 200
! -23058 28344 200
> 5369 3284 -368 97 -143 4
> 7583 2633 -376 72 140 3
> 4782 2240 -664 -221 97 0
> 6541 3065 -266 -16 188 1
! -7404 101494 200
! -92485 -10852 0
> 4841 3261 -448 -19 -143 4
> 7054 2834 -449 170 140 3
> 4094 2218 -585 -19 97 0
> 6275 3049 -226 -13 -172 1
! -18102 -29505 200
! -14142 36755 SHIELD
> 4841 3261 -448 -19 -143 4
> 7054 2834 -449 170 140 3
> 4094 2218 -585 -19 97 0
> 6275 3049 -226 -13 -172 1
! -8092 101472 200
! -83604 -40788 SHIELD
> 4278 3078 -478 -155 -125 4
> 6851 2937 -165 85 122 3
> 3485 2398 -517 152 97 0
> 5803 3103 -407 47 -154 1
! -27667 -20994 0
! -2825 41748 0
> 4278 3078 -478 -155 -125 4
> 6851 2937 -165 85 122 3
> 3485 2398 -517 152 97 0
> 5803 3103 -407 47 -154 1
! 22565 100560 200
! -66131 -66362 0
> 3800 2923 -406 -131 -143 4
> 6686 3022 -140 72 104 3
> 3006 2746 -407 296 79 0
> 5396 3150 -345 39 -136 1
! -19143 -29843 SHIELD
! 9476 42924 0
> 3800 2923 -406 -131 -143 4
> 6686 3022 -140 72 104 3
> 3006 2746 -407 296 79 0
> 5396 3150 -345 39 -136 1
! 51486 90207 0
! -66538 -66315 0
> 3407 2794 -331 -109 -125 4
> 6546 3094 -119 61 86 3
> 2466 3026 -485 234 61 0
> 5051 3189 -293 33 -136 1
! -8287 -35458 SHIELD
! 21530 40181 0
> 3407 2794 -331 -109 -125 4
> 6546 3094 -119 61 86 3
> 2466 3026 -485 234 61 0
> 5051 3189 -293 33 -136 1
! 75601 71225 200
! -41896 -85105 0
> 3076 2685 -281 -92 -107 4
> 6427 3155 -101 51 68 3
> 2127 3396 -287 314 43 0
> 4758 3222 -249 28 -118 1
! 3774 -37308 0
! 32138 33796 200
> 3076 2685 -281 -92 -107 4
> 6427 3155 -101 51 68 3
> 2127 3396 -287 314 43 0
> 4758 3222 -249 28 -118 1
! 92757 45657 200
! -12606 -95258 0
> 2795 2593 -238 -78 -89 4
> 6455 3359 23 173 50 3
> 2021 3795 -89 338 25 0
> 4509 3250 -211 23 -100 1
! 15817 -35227 0
! 32166 34000 200
> 2795 2593 -238 -78 -89 4
> 6455 3359 23 173 50 3
> 2021 3795 -89 338 25 0
> 4509 3250 -211 23 -100 1
! 101275 15981 200
! -12855 -95230 0
> 2557 2515 -202 -66 -71 4
> 6607 3685 128 277 50 3
> 2131 4157 93 308 7 0
> 4298 3273 -179 19 -100 1
! 26629 -29430 0
! 40528 24881 0
> 2557 2515 -202 -66 -71 4
> 6607 3685 128 277 50 3
> 2131 4157 93 308 7 0
> 4298 3273 -179 19 -100 1
! 100293 -14923 200
! 18215 -95753 0
> 2355 2449 -171 -56 -53 4
> 6735 3962 108 235 32 3
> 2420 4427 245 229 -11 0
> 4119 3292 -152 16 -82 1
! 35121 -20494 200
! 45546 13638 200
> 2355 2449 -171 -56 -53 4
> 6735 3962 108 235 32 3
> 2420 4427 245 229 -11 0
> 4119 3292 -152 16 -82 1
! 101674 16613 200
! 47955 -86587 0
> 2348 2278 -6 -145 -35 4
> 7037 4245 256 240 14 3
> 2864 4680 376 215 7 0
> 3967 3308 -129 13 -64 1
! 40600 -9416 200
! 46939 1454 200
> 2348 2278 -6 -145 -35 4
> 7037 4245 256 240 14 3
> 2864 4680 376 215 7 0
> 3967 3308 -129 13 -64 1
! 101026 -14400 200
! 73432 -68626 200
> 2533 2075 157 -172 -17 4
> 7493 4471 387 192 -4 3
> 3436 4857 486 150 -11 1
> 3977 3177 8 -111 -46 1
! 42526 2773 200
! 47395 1680 200
> 2533 2075 157 -172 -17 4
> 7493 4471 387 192 -4 3
> 3436 4857 486 150 -11 1
> 3977 3177 8 -111 -46 1
! 102690 17043 200
! 47814 -86702 0
> 2890 1906 303 -143 1 4
> 8080 4649 498 151 -4 3
> 4121 5031 581 148 7 1
> 3985 3066 6 -94 -64 1
! 42883 2604 200
! 46891 14325 0
> 2890 1906 303 -143 1 4
> 8080 4649 498 151 -4 3
> 4121 5031 581 148 7 1
> 3985 3066 6 -94 -64 1
! 102283 -14049 200
! 47822 -86813 200
> 3393 1766 427 -118 1 4
> 8578 4800 423 128 14 3
> 4898 5141 660 93 -11 1
> 4079 2792 79 -232 -64 1
! 41213 14788 200
! 48480 2009 0
> 3393 1766 427 -118 1 4
> 8578 4800 423 128 14 3
> 4898 5141 660 93 -11 1
> 4079 2792 79 -232 -64 1
! 104152 17327 200
! 47916 -87087 200
> 3972 1627 351 -441 19 4
> 9001 4928 359 108 -4 3
> 5757 5258 729 99 7 1
> 4283 2466 314 46 -64 1
! 35917 25699 200
! 47812 14604 SHIELD
> 3972 1627 351 -441 19 4
> 9001 4928 359 108 -4 3
> 5757 5258 729 99 7 1
> 4283 2466 314 46 -64 1
! 103919 -13822 200
! 48120 -87413 200
> 4483 1306 434 -272 37 4
> 9360 5036 305 91 14 3
> 6682 5319 786 51 -11 1
> 4685 2332 341 -113 -64 1
! 27426 34072 200
! 49262 2245 SHIELD
> 4483 1306 434 -272 37 4
> 9360 5036 305 91 14 3
> 6682 5319 786 51 -11 1
> 4685 2332 341 -113 -64 1
! 104844 -13762 200
! 48522 -87547 200
> 5032 1198 466 -91 55 4
> 9665 5127 259 77 -4 3
> 7664 5332 834 10 -11 1
> 5114 2039 364 -248 -64 1
! 16726 39450 200
! 46752 -9857 SHIELD
> 5032 1198 466 -91 55 4
> 9665 5127 259 77 -4 3
> 7664 5332 834 10 -11 1
> 5114 2039 364 -248 -64 1
! 105826 -13749 0
! 74579 -69895 SHIELD
> 5512 728 402 -468 73 4
> 9924 5204 220 65 -22 3
> 8498 5342 708 8 -11 1
> 5482 1848 313 -155 -46 1
! 4813 40721 200
! 40565 -20507 SHIELD
> 5512 728 402 -468 73 4
> 9924 5204 220 65 -22 3
> 8498 5342 708 8 -11 1
> 5482 1848 313 -155 -46 1
! 106660 -13739 0
! 74947 -70086 0
> 5911 460 338 -227 91 4
> 10144 5269 187 55 -40 3
> 9206 5350 601 6 -11 1
> 5795 1693 266 -131 -46 1
! -7111 38280 200
! 31340 -28652 SHIELD
> 5911 460 338 -227 91 4
> 10144 5269 187 55 -40 3
> 9206 5350 601 6 -11 1
> 5795 1693 266 -131 -46 1
! 108460 17536 0
! 49632 -88186 0
> 6184 422 231 -32 109 4
> 10381 5320 223 41 -58 3
> 9308 5396 -130 56 7 1
> 6061 1562 226 -111 -64 1
! 5485 40415 200
! 41022 -20391 SHIELD
> 6184 422 231 -32 109 4
> 10381 5320 223 41 -58 3
> 9308 5396 -130 56 7 1
> 6061 1562 226 -111 -64 1
! 107470 -13684 200
! 19978 -97464 0
> 6412 590 193 142 91 4
> 10604 5361 189 34 -40 3
> 9374 5414 56 15 -11 1
> 6287 1451 192 -94 -82 1
! -6610 38410 0
! 47691 -9623 0
> 6412 590 193 142 91 4
> 10604 5361 189 34 -40 3
> 9374 5414 56 15 -11 1
> 6287 1451 192 -94 -82 1
! 108628 17600 200
! 20204 -97575 200
> 6660 373 219 -243 109 4
> 10793 5395 160 28 -22 3
> 9629 5453 216 33 7 1
> 6452 1518 131 115 -82 1
! 5961 40366 200
! 41434 -20316 SHIELD
> 6660 373 219 -243 109 4
> 10793 5395 160 28 -22 3
> 9629 5453 216 33 7 1
> 6452 1518 131 115 -82 1
! 108883 17639 200
! -10912 -96962 0
> 6876 330 183 -36 91 4
> 10953 5423 136 23 -40 3
> 10044 5510 352 48 7 1
> 6583 1633 111 97 -100 1
! 18570 38582 200
! 48040 -9561 SHIELD
> 6876 330 183 -36 91 4
> 10953 5423 136 23 -40 3
> 10044 5510 352 48 7 1
> 6583 1633 111 97 -100 1
! 108206 -13570 0
! 20500 -97393 0
> 7117 485 205 131 73 4
> 11107 5444 147 15 -22 3
> 10218 5580 -24 81 -11 1
> 6694 1730 94 82 -82 1
! 6418 40478 0
! 41748 -20267 SHIELD
> 7117 485 205 131 73 4
> 11107 5444 147 15 -22 3
> 10218 5580 -24 81 -11 1
> 6694 1730 94 82 -82 1
! 108380 -13501 200
! 50530 -88149 200
> 7322 616 174 111 91 4
> 11254 5459 124 12 -40 3
> 10390 5623 146 36 -11 1
> 6876 1632 154 -83 -64 1
! -5700 38436 0
! 32450 -28462 SHIELD
> 7322 616 174 111 91 4
> 11254 5459 124 12 -40 3
> 10390 5623 146 36 -11 1
> 6876 1632 154 -83 -64 1
! 108552 -13458 200
! 76341 -70302 200
> 7516 684 277 -179 109 4
> 11402 5466 138 3 -58 3
> 10487 5670 -37 64 -11 1
> 7149 1448 119 80 -46 1
! -16556 32629 200
! 42043 -20245 SHIELD
> 7516 684 277 -179 109 4
> 11402 5466 138 3 -58 3
> 10487 5670 -37 64 -11 1
> 7149 1448 119 80 -46 1
! 109741 17856 200
! 76614 -70486 0
> 7673 665 133 -16 127 4
> 11540 5469 117 2 -40 3
> 10649 5758 137 75 7 1
> 7268 1528 101 68 -46 1
! -5349 38485 200
! 48627 -9515 SHIELD
> 7673 665 133 -16 127 4
> 11540 5469 117 2 -40 3
> 10649 5758 137 75 7 1
> 7268 1528 101 68 -46 1
! 108811 -13322 200
! 51105 -88351 0
> 7741 838 57 147 109 4
> 11666 5467 125 -9 -22 3
> 10895 5832 19 143 -11 1
> 7369 1596 85 57 -64 1
! -16331 32783 0
! 51568 2676 SHIELD
> 7741 838 57 147 109 4
> 11666 5467 125 -9 -22 3
> 10895 5832 19 143 -11 1
> 7369 1596 85 57 -64 1
! 109057 -13249 200
! 51206 -88283 200
> 7908 762 158 -98 127 4
> 11791 5458 106 -7 -4 3
> 11110 5937 183 89 -11 1
> 7431 1696 36 118 -64 1
! -5114 38582 200
! 50602 15134 SHIELD
> 7908 762 158 -98 127 4
> 11791 5458 106 -7 -4 3
> 11110 5937 183 89 -11 1
> 7431 1696 36 118 -64 1
! 98571 -42544 200
! 51268 -88183 200
> 8001 853 78 77 109 4
> 11922 5432 115 -24 14 3
> 11220 6114 53 180 -29 1
> 7555 1634 105 -52 -64 1
! -16071 32798 200
! 45843 26628 0
> 8001 853 78 77 109 4
> 11922 5432 115 -24 14 3
> 11220 6114 53 180 -29 1
> 7555 1634 105 -52 -64 1
! 79419 -67021 200
! 77020 -70300 200
> 8163 725 178 -182 127 4
> 12037 5408 97 -20 32 3
> 11409 6148 160 28 -47 1
> 7595 1803 -7 217 -46 1
! -15909 32670 200
! 37748 36049 0
> 8163 725 178 -182 127 4
> 12037 5408 97 -20 32 3
> 11409 6148 160 28 -47 1
> 7595 1803 -7 217 -46 1
! 53670 -84482 200
! 51432 -88076 0
> 8221 703 48 -18 127 4
> 12152 5365 198 -161 50 3
> 11635 6017 91 14 -65 1
> 7588 2020 -5 184 -64 1
! -4801 38523 200
! 27136 42452 0
> 8221 703 48 -18 127 4
> 12152 5365 198 -161 50 3
> 11635 6017 91 14 -65 1
> 7588 2020 -5 184 -64 1
! 79834 -67118 200
! 21505 -97006 200
> 8204 874 -14 145 109 4
> 12350 5204 168 -136 68 3
> 11862 5885 193 -112 -47 1
> 7611 2006 19 -11 -82 1
! -15868 32819 200
! 15140 45106 200
> 8204 874 -14 145 109 4
> 12350 5204 168 -136 68 3
> 11862 5885 193 -112 -47 1
> 7611 2006 19 -11 -82 1
! 80061 -67250 200
! 51447 -87873 200
> 8104 1115 110 -151 127 4
> 12714 5018 328 -184 86 3
> 12009 5876 106 18 -47 1
> 7683 1879 -133 248 -64 1
! -15968 33060 200
! 3037 43829 200
> 8104 1115 110 -151 127 4
> 12714 5018 328 -184 86 3
> 12009 5876 106 18 -47 1
> 7683 1879 -133 248 -64 1
! 99470 -42605 200
! 51520 -88000 200
> 8094 1124 -8 7 127 4
> 12994 5028 237 8 104 3
> 12290 5797 238 -67 -29 1
> 7638 1947 -38 58 -64 1
! -4928 38944 200
! -8202 38949 200
> 8094 1124 -8 7 127 4
> 12994 5028 237 8 104 3
> 12290 5797 238 -67 -29 1
> 7638 1947 -38 58 -64 1
! 80489 -67338 200
! 51475 -87932 200
> 8120 1151 82 -79 109 4
> 13273 5062 383 -114 122 3
> 12517 5728 46 83 -47 1
> 7589 1994 -102 143 -64 1
! -15952 33096 200
! -17368 30773 200
> 8120 1151 82 -79 109 4
> 13273 5062 383 -114 122 3
> 12517 5728 46 83 -47 1
> 7589 1994 -102 143 -64 1
! 80716 -67407 200
! 51426 -87885 200
> 8082 1232 -32 68 127 4
> 13503 5077 195 12 140 3
> 12699 5665 155 -53 -47 1
> 7575 1957 -12 -31 -64 1
! -15990 33177 200
! -23584 20061 200
> 8082 1232 -32 68 127 4
> 13503 5077 195 12 140 3
> 12699 5665 155 -53 -47 1
> 7575 1957 -12 -31 -64 1
! 100160 -42816 200
! 77040 -69977 200
> 8162 1128 109 -147 127 4
> 13676 5045 281 -125 158 3
> 12865 5634 6 72 -29 1
> 7470 2114 -130 192 -46 1
! -15910 33073 200
! -26226 7835 200
> 8162 1128 109 -147 127 4
> 13676 5045 281 -125 158 3
> 12865 5634 6 72 -29 1
> 7470 2114 -130 192 -46 1
! 100326 -42847 200
! 76935 -69820 200
> 8151 1141 -9 10 127 4
> 13757 4934 69 -94 176 3
> 13046 5609 153 -21 -29 1
> 7479 2162 7 40 -46 1
! -15921 33086 200
! -26145 7724 200
> 8151 1141 -9 10 127 4
> 13757 4934 69 -94 176 3
> 13046 5609 153 -21 -29 1
> 7479 2162 7 40 -46 1
! 81245 -67526 200
! 51316 -87717 200
> 8022 1311 -109 144 127 4
> 13724 4730 60 -287 176 3
> 13238 5566 74 77 -47 1
> 7574 2022 80 -118 -64 1
! -24744 24254 SHIELD
! -23363 19714 200
> 8022 1311 -109 144 127 4
> 13724 4730 60 -287 176 3
> 13238 5566 74 77 -47 1
> 7574 2022 80 -118 -64 1
! 81437 -67569 200
! 77039 -69912 SHIELD
> 8063 1216 52 -109 145 4
> 13599 4518 -106 -180 158 3
> 13448 5497 178 -58 -47 2
> 7504 2143 -77 131 -46 1
! -16009 33161 0
! -17042 30229 200
> 8063 1216 52 -109 145 4
> 13599 4518 -106 -180 158 3
> 13448 5497 178 -58 -47 2
> 7504 2143 -77 131 -46 1
! 55709 -85133 0
! 76969 -69791 0
> 8115 1107 44 -92 127 4
> 13340 4467 -220 -43 140 3
> 13626 5439 151 -49 -65 2
> 7427 2274 -65 111 -46 1
! -24651 24050 0
! -17301 30178 200
> 8115 1107 44 -92 127 4
> 13340 4467 -220 -43 140 3
> 13626 5439 151 -49 -65 2
> 7427 2274 -65 111 -46 1
! 25812 -93815 0
! 51264 -87605 0
> 8159 1015 37 -78 145 4
> 12967 4553 -317 72 140 3
> 13777 5390 128 -41 -83 2
> 7362 2385 -55 94 -64 1
! -15913 32960 0
! -8229 38474 0
> 8159 1015 37 -78 145 4
> 12967 4553 -317 72 140 3
> 13777 5390 128 -41 -83 2
> 7362 2385 -55 94 -64 1
! -5304 -92772 200
! 21279 -96641 200
> 8196 937 31 -66 127 4
> 12650 4625 -269 61 122 3
> 13867 5153 76 -201 -101 2
> 7307 2479 -46 79 -82 1
! -15876 32882 200
! -17991 30336 0
> 8196 937 31 -66 127 4
> 12650 4625 -269 61 122 3
> 13867 5153 76 -201 -101 2
> 7307 2479 -46 79 -82 1
! -34614 -82308 200
! 51143 -87400 200
> 8107 1031 -75 79 127 4
> 12381 4686 -228 51 140 3
> 13846 4777 -17 -319 -119 2
> 7349 2378 35 -85 -64 1
! -15965 32976 200
! -8815 38607 0
> 8107 1031 -75 79 127 4
> 12381 4686 -228 51 140 3
> 13846 4777 -17 -319 -119 2
> 7349 2378 35 -85 -64 1
! -59289 -63422 200
! 51186 -87501 200
> 7912 1270 -166 202 127 4
> 12153 4737 -193 43 122 3
> 13683 4322 -138 -387 -137 2
> 7472 2113 104 -225 -64 1
! -5110 39090 SHIELD
! -18488 30448 0
> 7912 1270 -166 202 127 4
> 12153 4737 -193 43 122 3
> 13683 4322 -138 -387 -137 2
> 7472 2113 104 -225 -64 1
! -76947 -37939 200
! 21389 -96913 SHIELD
> 7904 1157 50 -210 109 4
> 11960 4780 -164 36 140 3
> 13364 3850 -271 -400 -155 2
> 7418 2203 -103 190 -82 1
! -16168 33102 0
! -9236 38701 SHIELD
> 7904 1157 50 -210 109 4
> 11960 4780 -164 36 140 3
> 13364 3850 -271 -400 -155 2
> 7418 2203 -103 190 -82 1
! -85890 -8336 200
! 51254 -87676 0
> 7954 947 42 -178 127 4
> 11796 4816 -139 30 122 3
> 12894 3426 -399 -360 -173 2
> 7315 2393 -87 161 -64 1
! -5068 38767 0
! 2119 43627 0
> 7954 947 42 -178 127 4
> 11796 4816 -139 30 122 3
> 12894 3426 -399 -360 -173 2
> 7315 2393 -87 161 -64 1
! -86360 -8760 200
! 21232 -96633 0
> 7996 769 35 -151 109 4
> 11657 4846 -118 25 104 3
> 12296 3042 -507 -326 -173 2
> 7228 2554 -73 136 -82 1
! 7297 40762 0
! -9539 38767 0
> 7996 769 35 -151 109 4
> 11657 4846 -118 25 104 3
> 12296 3042 -507 -326 -173 2
> 7228 2554 -73 136 -82 1
! -85866 22122 200
! 51064 -87325 0
> 8031 618 29 -128 91 4
> 11539 4871 -100 21 122 3
> 11593 2754 -597 -244 169 2
> 7155 2690 -62 115 -64 1
! -4991 38438 200
! -19102 30582 SHIELD
> 8031 618 29 -128 91 4
> 11539 4871 -100 21 122 3
> 11593 2754 -597 -244 169 2
> 7155 2690 -62 115 -64 1
! -75868 51235 200
! 50992 -87189 200
> 7995 679 -30 51 109 4
> 11439 4892 -85 17 140 3
> 10821 2607 -656 -124 151 3
> 7181 2625 21 -55 -64 1
! -5027 38499 200
! -9757 38813 0
> 7995 679 -30 51 109 4
> 11439 4892 -85 17 140 3
> 10821 2607 -656 -124 151 3
> 7181 2625 21 -55 -64 1
! -57378 75742 0
! 51018 -87254 200
> 7900 919 -80 204 109 4
> 11354 4909 -72 14 122 3
> 10165 2483 -557 -105 133 3
> 7290 2390 92 -199 -64 1
! -5122 38739 200
! -19287 30620 0
> 7900 919 -80 204 109 4
> 11354 4909 -72 14 122 3
> 10165 2483 -557 -105 133 3
> 7290 2390 92 -199 -64 1
! -32096 93113 0
! 51127 -87489 200
> 7772 1271 145 -324 109 4
> 11282 4923 -61 11 140 3
> 9608 2378 -473 -89 115 3
> 7453 2053 -116 336 -64 1
! -16300 33216 0
! -9914 38844 0
> 7772 1271 145 -324 109 4
> 11282 4923 -61 11 140 3
> 9608 2378 -473 -89 115 3
> 7453 2053 -116 336 -64 1
! -2578 101632 200
! 21370 -96973 200
> 7917 947 123 -275 127 4
> 11221 4934 -51 9 122 3
> 9111 2488 -422 93 97 3
> 7365 2191 -74 117 -82 1
! -5105 38767 200
! -19420 30645 200
> 7917 947 123 -275 127 4
> 11221 4934 -51 9 122 3
> 9111 2488 -422 93 97 3
> 7365 2191 -74 117 -82 1
! 28191 100650 200
! 51201 -87688 200
> 7975 861 49 -73 109 4
> 11017 5072 -173 116 140 3
> 8727 2777 -326 245 79 3
> 7379 2128 11 -53 -64 1
! -16097 32806 200
! -19624 30783 200
> 7975 861 49 -73 109 4
> 11017 5072 -173 116 140 3
> 8727 2777 -326 245 79 3
> 7379 2128 11 -53 -64 1
! 27807 100939 200
! 51216 -87751 200
> 7904 948 -60 73 127 4
> 10691 5317 -277 207 140 3
> 8439 3218 -244 375 79 3
> 7478 1895 83 -197 -64 1
! -5118 38768 SHIELD
! -10505 39238 200
> 7904 948 -60 73 127 4
> 10691 5317 -277 207 140 3
> 8439 3218 -244 375 79 3
> 7478 1895 83 -197 -64 1
! 56919 90679 200
! 21395 -97131 200
> 7864 979 -18 -7 109 4
> 10308 5694 -325 320 122 3
> 8292 3768 -124 467 61 3
> 7387 1923 -235 356 -82 1
! -16208 32924 0
! -20333 31405 0
> 7864 979 -18 -7 109 4
> 10308 5694 -325 320 122 3
> 8292 3768 -124 467 61 3
> 7387 1923 -235 356 -82 1
! 56772 91229 200
! 51223 -87956 200
> 7846 972 -15 -5 127 4
> 9983 6014 -276 272 140 3
> 8265 4410 -22 545 61 3
> 7240 2099 -125 149 -64 1
! -24920 23915 0
! -27104 20998 200
> 7846 972 -15 -5 127 4
> 9983 6014 -276 272 140 3
> 8265 4410 -22 545 61 3
> 7240 2099 -125 149 -64 1
! 81400 72609 0
! 51077 -87780 200
> 7831 967 -12 -4 145 4
> 9522 6361 -392 294 158 3
> 8243 4955 -18 463 43 3
> 7203 2068 -31 -26 -64 1
! -16241 32912 0
! -30380 9151 SHIELD
> 7831 967 -12 -4 145 4
> 9522 6361 -392 294 158 3
> 8243 4955 -18 463 43 3
> 7203 2068 -31 -26 -64 1
! 81378 73154 0
! 76668 -69866 200
> 7819 963 -10 -3 127 4
> 9130 6655 -333 249 176 3
> 8225 5418 -15 393 43 3
> 7311 1898 91 -144 -46 1
! -24947 23906 200
! -29681 -3021 0
> 7819 963 -10 -3 127 4
> 9130 6655 -333 249 176 3
> 8225 5418 -15 393 43 3
> 7311 1898 91 -144 -46 1
! 98855 47679 200
! 51148 -87981 200
> 7764 820 47 -323 145 4
> 8797 6904 -283 211 -166 4
> 8391 5896 141 405 25 3
> 7371 1829 -43 143 -64 1
! -16308 32765 200
! -25124 -14292 0
> 7764 820 47 -323 145 4
> 8797 6904 -283 211 -166 4
> 8391 5896 141 405 25 3
> 7371 1829 -43 143 -64 1
! 81526 74095 0
! 21288 -97197 200
> 7691 657 -62 -138 127 4
> 8514 7115 -240 179 -148 4
> 8532 6301 119 344 43 3
> 7356 1774 -12 -46 -82 1
! -5331 38477 200
! -17197 -23526 0
> 7691 657 -62 -138 127 4
> 8514 7115 -240 179 -148 4
> 8532 6301 119 344 43 3
> 7356 1774 -12 -46 -82 1
! 99162 48562 SHIELD
! -10008 -96706 0
> 7564 708 -108 43 109 4
> 8259 7526 -218 369 -130 4
> 8653 6622 102 270 25 3
> 7344 1728 -10 -39 -100 1
! 6865 40701 200
! -6725 -29561 200
> 7564 708 -108 43 109 4
> 8259 7526 -218 369 -130 4
> 8653 6622 102 270 25 3
> 7344 1728 -10 -39 -100 1
! 107907 18808 0
! 21261 -97298 200
> 7502 703 -12 -206 91 4
> 7966 7710 -248 156 -112 4
> 8755 6892 86 229 7 4
> 7312 1739 -67 211 -82 1
! 19196 38955 200
! 5175 -32192 200
> 7502 703 -12 -206 91 4
> 7966 7710 -248 156 -112 4
> 8755 6892 86 229 7 4
> 7312 1739 -67 211 -82 1
! 106917 -12188 0
! 21229 -97287 200
> 7548 688 39 -12 73 4
> 7704 7666 -222 -36 -94 4
> 8841 7121 73 194 -11 4
> 7273 1752 -33 11 -82 1
! 6849 40681 200
! 17380 -31145 200
> 7548 688 39 -12 73 4
> 7704 7666 -222 -36 -94 4
> 8841 7121 73 194 -11 4
> 7273 1752 -33 11 -82 1
! 96302 -41360 0
! 51109 -88127 200
> 7599 831 124 -116 91 4
> 7530 7436 -147 -195 -76 4
> 8914 7315 62 164 -29 4
> 7312 1629 -47 133 -64 1
! 6900 40824 200
! 17206 -31375 200
> 7599 831 124 -116 91 4
> 7530 7436 -147 -195 -76 4
> 8914 7315 62 164 -29 4
> 7312 1629 -47 133 -64 1
! 77113 -65820 0
! 51149 -88250 200
> 7751 844 159 -55 91 4
> 7431 7047 -83 -330 -76 4
> 8976 7479 52 139 -47 4
> 7321 1653 -22 86 -64 1
! -5271 38664 200
! 4640 -32855 200
> 7751 844 159 -55 91 4
> 7431 7047 -83 -330 -76 4
> 8976 7479 52 139 -47 4
> 7321 1653 -22 86 -64 1
! 51237 -83151 0
! 76786 -70281 200
> 7883 916 171 -37 109 4
> 7334 6517 -82 -450 -94 4
> 9028 7618 44 118 -65 4
> 7400 1657 7 101 -46 1
! -16189 32861 200
! 4543 -33385 200
> 7883 916 171 -37 109 4
> 7334 6517 -82 -450 -94 4
> 9028 7618 44 118 -65 4
> 7400 1657 7 101 -46 1
! 21214 -91636 200
! 76865 -70277 200
> 8000 939 143 -48 127 4
> 7238 5867 -81 -552 -94 4
> 9096 7537 58 -68 -83 4
> 7480 1714 23 116 -46 1
! -24766 23882 SHIELD
! 4447 -34035 200
> 8000 939 143 -48 127 4
> 7238 5867 -81 -552 -94 4
> 9096 7537 58 -68 -83 4
> 7480 1714 23 116 -46 1
! -9985 -90625 200
! 51317 -88165 200
> 8143 891 121 -40 145 4
> 7143 5115 -80 -638 -94 4
> 9116 7273 16 -224 -101 4
> 7591 1650 94 -54 -64 1
! -15929 32836 0
! 16819 -33696 SHIELD
> 8143 891 121 -40 145 4
> 7143 5115 -80 -638 -94 4
> 9116 7273 16 -224 -101 4
> 7591 1650 94 -54 -64 1
! -39365 -80188 200
! 51428 -88229 200
> 8301 806 218 -174 127 4
> 7063 4477 -68 -542 -76 4
> 9035 6874 -68 -339 -119 4
> 7736 1461 38 -58 -64 1
! -24465 23749 0
! 28259 -29444 SHIELD
> 8301 806 218 -174 127 4
> 7063 4477 -68 -542 -76 4
> 9035 6874 -68 -339 -119 4
> 7736 1461 38 -58 -64 1
! -39446 -80587 200
! 77201 -70473 200
> 8519 632 185 -147 145 4
> 6995 3935 -57 -460 -58 4
> 8870 6360 -140 -436 -119 4
> 7913 1259 150 -171 -46 1
! -29733 12326 0
! 37636 -21776 0
> 8519 632 185 -147 145 4
> 6995 3935 -57 -460 -58 4
> 8870 6360 -140 -436 -119 4
> 7913 1259 150 -171 -46 1
! -39611 -81101 200
! 51750 -88620 0
> 8704 485 157 -124 163 4
> 6938 3475 -48 -391 -40 4
> 8633 5749 -201 -519 -119 4
> 8063 1088 127 -145 -64 1
! -24062 23428 0
! 44025 -11509 SHIELD
> 8704 485 157 -124 163 4
> 6938 3475 -48 -391 -40 4
> 8633 5749 -201 -519 -119 4
> 8063 1088 127 -145 -64 1
! -39848 -81712 200
! 77528 -70846 200
> 8954 277 269 -227 145 4
> 6890 3084 -40 -332 -22 4
> 8335 5055 -253 -589 -119 4
> 8235 883 89 -123 -46 1
! -15118 32222 200
! 46792 293 0
> 8954 277 269 -227 145 4
> 6890 3084 -40 -332 -22 4
> 8335 5055 -253 -589 -119 4
> 8235 883 89 -123 -46 1
! -40146 -82406 200
! 96529 -46064 SHIELD
> 9103 210 126 -57 127 4
> 6850 2752 -34 -282 -4 4
> 7985 4291 -297 -649 -119 4
> 8324 760 75 -104 -28 1
! -3919 38030 200
! 45661 12428 0
> 9103 210 126 -57 127 4
> 6850 2752 -34 -282 -4 4
> 7985 4291 -297 -649 -119 4
> 8324 760 75 -104 -28 1
! -11095 -93871 200
! 77789 -71174 0
> 9164 342 51 112 109 4
> 6816 2470 -28 -239 14 0
> 7650 3446 -284 -718 -101 4
> 8399 656 63 -88 -46 1
! -14908 32287 0
! 40737 23666 0
> 9164 342 51 112 109 4
> 6816 2470 -28 -239 14 0
> 7650 3446 -284 -718 -101 4
> 8399 656 63 -88 -46 1
! 19836 -95808 200
! 96693 -46291 200
> 9314 422 169 54 127 4
> 6677 2154 -426 -483 32 0
> 7501 2607 181 -498 -83 0
> 8363 600 -73 -33 -28 1
! -14758 32367 200
! 32388 32795 200
> 9314 422 169 54 127 4
> 6677 2154 -426 -483 32 0
> 7501 2607 181 -498 -83 0
> 8363 600 -73 -33 -28 1
! 49762 -88023 200
! 106843 -16764 0
> 9363 636 41 181 127 4
> 6380 1824 -252 -280 50 0
> 7767 1928 225 -577 -65 0
> 8290 567 -62 -28 -10 1
! -23403 23579 200
! 21364 38911 200
> 9363 636 41 181 127 4
> 6380 1824 -252 -280 50 0
> 7767 1928 225 -577 -65 0
> 8290 567 -62 -28 -10 1
! 19953 -97326 200
! 106770 -16797 SHIELD
> 9240 932 -104 251 145 4
> 6203 1729 -150 -80 68 0
> 7924 1411 -209 517 -83 0
> 8237 513 -10 -141 -10 1
! -29012 12626 200
! 8993 41631 200
> 9240 932 -104 251 145 4
> 6203 1729 -150 -80 68 0
> 7924 1411 -209 517 -83 0
> 8237 513 -10 -141 -10 1
! -11157 -96751 0
! 107263 14430 0
> 8945 1241 -250 263 163 4
> 6067 1849 -115 101 86 0
> 7715 1928 -177 439 -101 0
> 8227 372 -8 -119 8 1
! -29307 12935 200
! -3609 40660 200
> 8945 1241 -250 263 163 4
> 6067 1849 -115 101 86 0
> 7715 1928 -177 439 -101 0
> 8227 372 -8 -119 8 1
! -40766 -85533 0
! 98106 44209 0
> 8504 1562 -375 273 163 4
> 5904 2144 -138 250 104 0
> 7538 2367 -150 373 -119 0
> 8219 253 -6 -101 26 1
! -29748 13256 200
! -15292 36065 200
> 8504 1562 -375 273 163 4
> 5904 2144 -138 250 104 0
> 7538 2367 -150 373 -119 0
> 8219 253 -6 -101 26 1
! -65597 -65832 0
! 80152 69718 0
> 7938 1893 -481 281 163 4
> 5660 2564 -207 356 122 0
> 7388 2740 -127 317 -137 0
> 8213 152 -5 -85 44 1
! -32055 1194 0
! -24981 28275 SHIELD
> 7938 1893 -481 281 163 4
> 5660 2564 -207 356 122 0
> 7388 2740 -127 317 -137 0
> 8213 152 -5 -85 44 1
! -83242 -39521 200
! 55160 88446 0
> 7457 2174 -408 238 181 0
> 5453 2920 -175 302 140 0
> 7080 2972 -262 197 -155 0
> 8208 67 -4 -72 62 1
! -30795 13868 200
! -15743 36841 0
> 7457 2174 -408 238 181 0
> 5453 2920 -175 302 140 0
> 7080 2972 -262 197 -155 0
> 8208 67 -4 -72 62 1
! -92174 -9214 0
! 25572 98547 0
> 6900 2341 -451 74 163 0
> 5278 3222 -148 256 122 0
> 6776 3299 -280 344 -173 0
> 8204 -5 -3 -61 80 1
! -25866 25284 200
! -4398 42033 0
> 6900 2341 -451 74 163 0
> 5278 3222 -148 256 122 0
> 6776 3299 -280 344 -173 0
> 8204 -5 -3 -61 80 1
! -92478 -8887 0
! -5713 99021 200
> 6285 2530 -522 160 145 0
> 5130 3478 -125 217 104 0
> 6496 3643 -238 292 -173 0
> 8173 132 -26 116 98 1
! -17787 34475 0
! 7920 43380 0
> 6285 2530 -522 160 145 0
> 5130 3478 -125 217 104 0
> 6496 3643 -238 292 -173 0
> 8173 132 -26 116 98 1
! -92758 -8543 0
! -35664 90011 200
> 5763 2690 -443 136 127 0
> 5005 3695 -106 184 86 0
> 6258 3935 -202 248 -173 0
> 8059 428 -96 251 116 1
! -7259 40510 200
! 19989 40782 0
> 5763 2690 -443 136 127 0
> 5005 3695 -106 184 86 0
> 6258 3935 -202 248 -173 0
> 8059 428 -96 251 116 1
! -84372 -38326 200
! -61406 72362 0
> 5255 3015 -431 276 109 0
> 4899 3879 -90 156 68 0
> 5875 4098 -325 138 -155 0
> 7963 679 -81 213 134 1
! 4556 43008 0
! 30610 34520 SHIELD
> 5255 3015 -431 276 109 0
> 4899 3879 -90 156 68 0
> 5875 4098 -325 138 -155 0
> 7963 679 -81 213 134 1
! -84755 -38163 200
! -35874 90558 0
> 4848 3170 -311 -45 91 0
> 4766 4038 -146 146 50 0
> 5774 4240 216 187 -155 0
> 7882 892 -68 181 116 1
! 4149 43163 200
! 38687 25234 0
> 4848 3170 -311 -45 91 0
> 4766 4038 -146 146 50 0
> 5774 4240 216 187 -155 0
> 7882 892 -68 181 116 1
! -93480 -7946 200
! -61583 72826 200
> 4534 3325 -267 131 91 0
> 4620 4184 -124 124 32 0
> 5791 4403 14 138 -173 0
> 7675 1217 -175 276 134 1
! 16228 41577 0
! 43431 13860 0
> 4534 3325 -267 131 91 0
> 4620 4184 -124 124 32 0
> 5791 4403 14 138 -173 0
> 7675 1217 -175 276 134 1
! -84839 -37858 200
! -36162 91096 0
> 4267 3456 -226 111 73 0
> 4496 4308 -105 105 14 0
> 5624 4456 -142 45 -155 0
> 7500 1493 -148 234 116 1
! 27210 36222 200
! 44398 1517 0
> 4267 3456 -226 111 73 0
> 4496 4308 -105 105 14 0
> 5624 4456 -142 45 -155 0
> 7500 1493 -148 234 116 1
! -93630 -7730 200
! -6417 100519 0
> 4127 3637 -144 70 55 0
> 4420 4507 -39 252 -4 0
> 5283 4477 -289 17 -173 0
> 7352 1727 -125 198 98 1
! 36072 27709 200
! 41507 -10477 SHIELD
> 4127 3637 -144 70 55 0
> 4420 4507 -39 252 -4 0
> 5283 4477 -289 17 -173 0
> 7352 1727 -125 198 98 1
! -85347 -37784 200
! -36485 91606 200
> 4143 3827 13 161 37 0
> 4320 4765 -94 220 -22 0
> 5420 4349 211 -118 -155 0
> 7139 2105 -180 321 116 1
! 41963 16849 200
! 44222 1974 0
> 4143 3827 13 161 37 0
> 4320 4765 -94 220 -22 0
> 5420 4349 211 -118 -155 0
> 7139 2105 -180 321 116 1
! -85210 -37912 200
! -6778 101131 0
> 4345 4053 171 192 19 0
> 4226 4985 -79 187 -4 0
> 5450 4146 25 -172 -155 0
> 6959 2426 -153 272 98 1
! 36290 28125 0
! 41313 -9999 0
> 4345 4053 171 192 19 0
> 4226 4985 -79 187 -4 0
> 5450 4146 25 -172 -155 0
> 6959 2426 -153 272 98 1
! -93804 -8040 0
! -36878 92305 0
> 4516 4245 145 163 37 0
> 4147 5172 -67 158 -22 1
> 5475 3974 21 -146 -173 0
> 6806 2698 -130 231 116 1
! 42336 17267 0
! 34788 -20539 0
> 4516 4245 145 163 37 0
> 4147 5172 -67 158 -22 1
> 5475 3974 21 -146 -173 0
> 6806 2698 -130 231 116 1
! -92687 23054 200
! -62659 74632 200
> 4661 4408 123 138 19 0
> 4080 5330 -56 134 -40 1
> 5300 3866 -149 -91 169 0
> 6537 3073 -228 318 134 1
! 44654 5106 200
! 25276 -28591 200
> 4661 4408 123 138 19 0
> 4080 5330 -56 134 -40 1
> 5300 3866 -149 -91 169 0
> 6537 3073 -228 318 134 1
! -82161 52347 0
! -81757 50020 200
> 4882 4662 164 241 1 0
> 4130 5294 42 -30 -58 1
> 5253 3663 -16 -198 151 0
> 6132 3485 -343 350 152 1
! 42702 17684 SHIELD
! 13806 -33517 0
> 4882 4662 164 241 1 0
> 4130 5294 42 -30 -58 1
> 5253 3663 -16 -198 151 0
> 6132 3485 -343 350 152 1
! -62946 76798 0
! -92348 20849 200
> 5046 4903 139 204 19 0
> 4172 5264 35 -25 -76 1
> 4750 3517 -506 -115 133 0
> 6079 3818 33 274 170 1
! 36991 28975 0
! 1381 -34638 0
> 5046 4903 139 204 19 0
> 4172 5264 35 -25 -76 1
> 4750 3517 -506 -115 133 0
> 6079 3818 33 274 170 1
! -37511 94147 200
! -92947 -10099 200
> 5185 5107 118 173 37 0
> 4207 5239 29 -21 -94 1
> 4159 3583 -501 56 115 0
> 5914 4064 -140 209 188 1
! 28128 37873 SHIELD
! -10777 -31848 0
> 5185 5107 118 173 37 0
> 4207 5239 29 -21 -94 1
> 4159 3583 -501 56 115 0
> 5914 4064 -140 209 188 1
! -8027 102837 200
! -93112 -9853 0
> 5303 5280 100 147 55 0
> 4236 5218 24 -17 -112 1
> 3634 3838 -446 216 97 0
> 5774 4273 -119 177 -172 1
! 37248 29352 0
! -21475 -25423 200
> 5303 5280 100 147 55 0
> 4236 5218 24 -17 -112 1
> 3634 3838 -446 216 97 0
> 5774 4273 -119 177 -172 1
! 22714 102000 0
! -92706 21637 0
> 5403 5427 85 124 37 0
> 4131 5048 -88 -144 -130 1
> 3188 4054 -379 183 79 0
> 5655 4450 -101 150 170 1
! 43223 18449 SHIELD
! -29790 -16148 200
> 5403 5427 85 124 37 0
> 4131 5048 -88 -144 -130 1
> 3188 4054 -379 183 79 0
> 5655 4450 -101 150 170 1
! 51668 91515 0
! -93371 -9467 200
> 5488 5551 72 105 19 0
> 3873 4798 -218 -212 -148 1
> 2809 4237 -322 155 61 0
> 5356 4572 -254 103 -172 1
! 37433 29623 SHIELD
! -34938 -4878 200
> 5488 5551 72 105 19 0
> 3873 4798 -218 -212 -148 1
> 2809 4237 -322 155 61 0
> 5356 4572 -254 103 -172 1
! 75944 72436 200
! -93670 -9345 200
> 5560 5656 61 89 37 0
> 3461 4538 -350 -221 -166 1
> 2633 4528 -149 247 43 0
> 4904 4647 -384 63 -172 1
! 43380 18678 0
! -36441 7328 200
> 5560 5656 61 89 37 0
> 3461 4538 -350 -221 -166 1
> 2633 4528 -149 247 43 0
> 4904 4647 -384 63 -172 1
! 93263 46789 0
! -84975 -39190 200
> 5621 5745 51 75 19 0
> 3272 4321 -137 -185 176 1
> 2124 4785 -456 219 25 0
> 4340 4622 -479 -20 -154 1
! 45614 6443 SHIELD
! -33815 19305 SHIELD
> 5621 5745 51 75 19 0
> 3272 4321 -137 -185 176 1
> 2124 4785 -456 219 25 0
> 4340 4622 -479 -20 -154 1
! 101378 16971 200
! -67594 -64843 200
> 5672 5820 43 63 1 0
> 3112 4126 -178 -184 158 1
> 1867 5028 -218 206 7 0
> 3943 4561 87 133 -136 1
! 43924 -5874 SHIELD
! -27529 29837 SHIELD
> 5672 5820 43 63 1 0
> 3112 4126 -178 -184 158 1
> 1867 5028 -218 206 7 0
> 3943 4561 87 133 -136 1
! 100029 -14052 200
! -43004 -83733 0
> 5715 5883 36 53 -17 0
> 2934 3942 -151 -156 140 1
> 1845 5196 -18 142 -11 0
> 4030 4694 73 113 -118 1
! 38481 -17060 0
! -18262 37863 SHIELD
> 5715 5883 36 53 -17 0
> 2934 3942 -151 -156 140 1
> 1845 5196 -18 142 -11 0
> 4030 4694 73 113 -118 1
! 100007 -13885 200
! -13334 -93786 0
> 5751 5936 30 45 -35 0
> 2783 3786 -128 -132 122 1
> 2023 5300 151 88 -11 0
> 4103 4807 62 96 -100 1
! 29823 -26009 SHIELD
! -6893 42597 0
> 5751 5936 30 45 -35 0
> 2783 3786 -128 -132 122 1
> 2023 5300 151 88 -11 0
> 4103 4807 62 96 -100 1
! 100185 -13781 200
! 18020 -94219 0
> 5781 5981 25 38 -53 0
> 2655 3654 -108 -112 104 1
> 2370 5350 295 42 -11 0
> 4165 4903 52 81 -82 1
! 38547 -16962 SHIELD
! 5445 43556 0
> 5781 5981 25 38 -53 0
> 2655 3654 -108 -112 104 1
> 2370 5350 295 42 -11 0
> 4165 4903 52 81 -82 1
! 101624 17536 200
! 48001 -84976 0
> 5806 6019 21 32 -35 0
> 2547 3542 -91 -95 86 1
> 2864 5416 419 56 7 0
> 4217 4984 44 68 -64 1
! 29878 -25926 SHIELD
! 17531 40629 0
> 5806 6019 21 32 -35 0
> 2547 3542 -91 -95 86 1
> 2864 5416 419 56 7 0
> 4217 4984 44 68 -64 1
! 93494 47677 200
! 73682 -66950 200
