@ 0 Neumann
@ 1 reCurse
CP 5
CP 12685 7118
CP 4046 4636
CP 13034 1874
CP 6576 7812
CP 7461 1388
> 12547 7599 0 0 -1 1
> 12823 6637 0 0 -1 1
> 12271 8560 0 0 -1 1
> 13099 5676 0 0 -1 1
! -18973 -17027 BOOST
! -21463 -13964 BOOST
> 12547 7599 0 0 -1 1
> 12823 6637 0 0 -1 1
> 12271 8560 0 0 -1 1
> 13099 5676 0 0 -1 1
! -77983 -34498 200
! -86247 -5736 200
> 12035 7199 -435 -340 -142 1
> 12266 6302 -473 -284 -149 1
> 12090 8474 -153 -73 -154 1
> 12900 5653 -168 -19 -173 1
! -25552 -6481 200
! -26708 -2696 200
> 12035 7199 -435 -340 -142 1
> 12266 6302 -473 -284 -149 1
> 12090 8474 -153 -73 -154 1
> 12900 5653 -168 -19 -173 1
! -59844 -60991 200
! -86354 -6533 200
> 11412 6791 -529 -347 -160 1
> 11598 5973 -567 -279 -167 1
> 11792 8263 -253 -179 -136 1
> 12533 5610 -311 -36 -173 1
! -26175 -6889 200
! -27376 -3025 200
> 11412 6791 -529 -347 -160 1
> 11598 5973 -567 -279 -167 1
> 11792 8263 -253 -179 -136 1
> 12533 5610 -311 -36 -173 1
! -60142 -61202 200
! -85629 24690 200
> 10673 6476 -639 -212 -160 1
> 10858 5548 -617 -416 -167 1
> 11395 7945 -337 -270 -136 1
> 12026 5612 -431 1 169 1
! -26914 -7204 200
! -28989 9034 200
> 10673 6476 -639 -212 -160 1
> 10858 5548 -617 -416 -167 1
> 11395 7945 -337 -270 -136 1
> 12026 5612 -431 1 169 1
! -60539 -61520 200
! -87228 -6574 200
> 9846 6196 -702 -238 -160 1
> 10042 5149 -693 -338 175 1
> 10914 7536 -408 -347 -136 1
> 11396 5589 -535 -19 -173 1
! -21674 -18430 200
! -26778 20778 200
> 9846 6196 -702 -238 -160 1
> 10042 5149 -693 -338 175 1
> 10914 7536 -408 -347 -136 1
> 11396 5589 -535 -19 -173 1
! -78965 -36301 200
! -87858 -6597 200
> 8986 5835 -730 -306 -142 1
> 9165 4889 -745 -220 157 1
> 10326 7101 -499 -369 -154 1
> 10662 5546 -623 -36 -173 1
! -13381 -27326 SHIELD
! -21023 31131 200
> 8986 5835 -730 -306 -142 1
> 9165 4889 -745 -220 157 1
> 10326 7101 -499 -369 -154 1
> 10662 5546 -623 -36 -173 1
! -79553 -36736 200
! -79968 -36715 200
> 8255 5542 -623 -224 -124 1
> 8280 4669 -732 -429 139 1
> 9647 6644 -576 -388 -154 1
> 9858 5425 -683 -102 -155 1
! -2770 -32908 0
! -12321 38955 200
> 8255 5542 -623 -224 -124 1
> 8280 4669 -732 -429 139 1
> 9647 6644 -576 -388 -154 1
> 9858 5425 -683 -102 -155 1
! -89379 -7273 200
! -89396 -6761 0
> 7632 5318 -529 -190 -106 1
> 7445 4411 -709 -218 121 1
> 8873 6228 -657 -353 -172 1
> 9175 5323 -580 -86 -173 1
! -14735 -27843 0
! -1553 43385 200
> 7632 5318 -529 -190 -106 1
> 7445 4411 -709 -218 121 1
> 8873 6228 -657 -353 -172 1
> 9175 5323 -580 -86 -173 1
! -90153 -7689 200
! -88987 24403 0
> 7103 5128 -449 -161 -124 1
> 6691 4388 -640 -19 103 1
> 8018 5847 -726 -323 -172 1
> 8595 5237 -493 -73 169 1
! -24417 -19498 0
! -13910 38674 200
> 7103 5128 -449 -161 -124 1
> 6691 4388 -640 -19 103 1
> 8018 5847 -726 -323 -172 1
> 8595 5237 -493 -73 169 1
! -81861 -37990 200
! -78866 53718 SHIELD
> 6646 4950 -385 -172 -142 1
> 5849 4460 -944 -125 121 1
> 7219 5534 -453 -58 -154 1
> 8102 5164 -419 -62 151 1
! -30941 -8730 SHIELD
! -3149 43434 SHIELD
> 6646 4950 -385 -172 -142 1
> 5849 4460 -944 -125 121 1
> 7219 5534 -453 -58 -154 1
> 8102 5164 -419 -62 151 1
! -82660 -38303 200
! -79359 53645 0
> 6245 4760 -342 -163 -160 1
> 4905 4335 -802 -106 103 1
> 6748 5563 -381 45 -154 1
> 7683 5102 -356 -52 151 1
! -33730 3364 0
! 8391 44182 0
> 6245 4760 -342 -163 -160 1
> 4905 4335 -802 -106 103 1
> 6748 5563 -381 45 -154 1
> 7683 5102 -356 -52 151 1
! -65186 -63902 200
! -60516 78237 0
> 5903 4597 -290 -138 -178 1
> 4103 4229 -681 -90 85 2
> 6223 5469 -446 -79 -136 1
> 7327 5050 -302 -44 133 1
! -32547 15622 SHIELD
! 19732 41049 SHIELD
> 5903 4597 -290 -138 -178 1
> 4103 4229 -681 -90 85 2
> 6223 5469 -446 -79 -136 1
> 7327 5050 -302 -44 133 1
! -65711 -63996 200
! -80134 53531 0
> 5613 4457 -247 -134 164 1
> 3422 4139 -578 -76 67 2
> 5634 5268 -491 -8 -136 1
> 7025 5006 -256 -37 151 1
! -27548 26824 0
! 29664 34327 0
> 5613 4457 -247 -134 164 1
> 3422 4139 -578 -76 67 2
> 5634 5268 -491 -8 -136 1
> 7025 5006 -256 -37 151 1
! -41313 -83026 200
! -91137 24086 0
> 5375 4232 -199 -222 146 1
> 2844 4063 -491 -64 49 2
> 5040 5174 -507 -47 -118 1
> 6769 4969 -217 -31 169 1
! -19251 35752 0
! 37130 24664 0
> 5375 4232 -199 -222 146 1
> 2844 4063 -491 -64 49 2
> 5040 5174 -507 -47 -118 1
> 6769 4969 -217 -31 169 1
! -12324 -93306 200
! -92485 -7217 0
> 5176 4010 -169 -188 128 1
> 2353 3999 -417 -54 31 2
> 4498 4930 -460 -207 -100 2
> 6552 4938 -184 -26 -173 1
! -8504 41597 0
! 41327 12997 0
> 5176 4010 -169 -188 128 1
> 2353 3999 -417 -54 31 2
> 4498 4930 -460 -207 -100 2
> 6552 4938 -184 -26 -173 1
! 18415 -94096 200
! -84078 -37323 0
> 5007 3822 -143 -159 110 1
> 1936 3945 -354 -45 13 2
> 4066 4525 -367 -344 -82 2
> 6368 4912 -156 -22 -155 1
! 3611 43797 200
! 40910 12943 200
> 5007 3822 -143 -159 110 1
> 1936 3945 -354 -45 13 2
> 4066 4525 -367 -344 -82 2
> 6368 4912 -156 -22 -155 1
! 47902 -85354 200
! -66767 -63287 0
> 4857 3863 -127 34 92 1
> 1777 3945 -135 0 13 2
> 3787 4001 -237 -445 -64 2
> 6212 4890 -132 -18 -137 1
! 3461 43838 200
! 36063 24546 200
> 4857 3863 -127 34 92 1
> 1777 3945 -135 0 13 2
> 3787 4001 -237 -445 -64 2
> 6212 4890 -132 -18 -137 1
! 73252 -67933 200
! -42269 -82571 0
> 4723 4097 -113 198 92 1
> 1813 4048 30 87 31 2
> 3689 3412 -83 -500 -46 2
> 6080 4872 -112 -15 -119 1
! 15748 42547 SHIELD
! 40787 13046 SHIELD
> 4723 4097 -113 198 92 1
> 1813 4048 30 87 31 2
> 3689 3412 -83 -500 -46 2
> 6080 4872 -112 -15 -119 1
! 91983 -43535 200
! -13000 -93290 0
> 4610 4295 -96 168 74 1
> 1843 4135 25 73 13 2
> 3783 2818 79 -504 -28 2
> 5968 4857 -95 -12 -101 1
! 26977 37456 0
! 41690 648 SHIELD
> 4610 4295 -96 168 74 1
> 1843 4135 25 73 13 2
> 3783 2818 79 -504 -28 2
> 5968 4857 -95 -12 -101 1
! 102263 -14546 200
! 18154 -94397 0
> 4514 4463 -81 142 56 2
> 1868 4208 21 62 -5 2
> 4059 2279 234 -457 -10 2
> 5873 4845 -80 -10 -83 1
! 36034 29089 0
! 38688 -11421 0
> 4514 4463 -81 142 56 2
> 1868 4208 21 62 -5 2
> 4059 2279 234 -457 -10 2
> 5873 4845 -80 -10 -83 1
! 103085 16196 200
! 48134 -85785 0
> 4433 4605 -68 120 38 2
> 1889 4270 17 52 -23 2
> 4491 1850 367 -364 8 2
> 5793 4835 -68 -8 -65 1
! 42020 18285 0
! 32077 -21972 0
> 4433 4605 -68 120 38 2
> 1889 4270 17 52 -23 2
> 4491 1850 367 -364 8 2
> 5793 4835 -68 -8 -65 1
! 103517 15767 200
! 73992 -68300 200
> 4365 4725 -57 102 20 2
> 1906 4322 14 44 -41 2
> 5056 1514 480 -285 8 2
> 5861 4681 58 -131 -47 1
! 44340 6120 200
! 38726 -11307 0
> 4365 4725 -57 102 20 2
> 1906 4322 14 44 -41 2
> 5056 1514 480 -285 8 2
> 5861 4681 58 -131 -47 1
! 104082 15431 200
! 93322 -43800 200
> 4508 4834 121 92 2 2
> 1920 4366 11 37 -23 2
> 5734 1257 576 -218 8 2
> 6094 4453 197 -193 -29 1
! 42958 -6191 200
! 41767 879 200
> 4508 4834 121 92 2 2
> 1920 4366 11 37 -23 2
> 5734 1257 576 -218 8 2
> 6094 4453 197 -193 -29 1
! 95613 45094 200
! 104256 -14628 0
> 4821 4871 266 31 -16 2
> 2130 4386 178 16 -5 2
> 6490 1127 642 -110 26 2
> 6291 4260 167 -164 -11 1
! 43271 -6154 200
! 41104 13384 200
> 4821 4871 266 31 -16 2
> 2130 4386 178 16 -5 2
> 6490 1127 642 -110 26 2
> 6291 4260 167 -164 -11 1
! 96369 44964 200
! 105545 16446 0
> 5279 4847 389 -20 -16 2
> 2503 4447 316 51 13 2
> 7312 1105 698 -18 26 2
> 6458 4096 141 -139 7 1
! 43729 -6178 200
! 36789 25048 200
> 5279 4847 389 -20 -16 2
> 2503 4447 316 51 13 2
> 7312 1105 698 -18 26 2
> 6458 4096 141 -139 7 1
! 106338 15022 200
! 105712 16282 200
> 5860 4772 494 -63 -16 2
> 2990 4601 414 130 31 2
> 8208 1115 761 8 8 2
> 6798 3981 288 -97 7 1
! 39021 -17595 0
! 29232 34789 200
> 5860 4772 494 -63 -16 2
> 2990 4601 414 130 31 2
> 8208 1115 761 8 8 2
> 6798 3981 288 -97 7 1
! 98087 44952 200
! 106052 16167 0
> 6354 4709 419 -53 -34 2
> 3535 4882 463 238 49 2
> 9149 1211 799 81 26 2
> 7086 3884 244 -82 7 1
! 44804 -6316 200
! 37821 25483 0
> 6354 4709 419 -53 -34 2
> 3535 4882 463 238 49 2
> 9149 1211 799 81 26 2
> 7086 3884 244 -82 7 1
! 99028 45048 200
! 97716 46145 0
> 6965 4601 519 -91 -16 2
> 3998 5120 393 202 31 2
> 10128 1380 831 143 26 2
> 7330 3802 207 -69 25 1
! 45415 -6424 200
! 42972 14118 SHIELD
> 6965 4601 519 -91 -16 2
> 3998 5120 393 202 31 2
> 10128 1380 831 143 26 2
> 7330 3802 207 -69 25 1
! 100007 45217 200
! 80465 72001 200
> 7589 4688 507 134 -16 2
> 4391 5322 334 171 13 2
> 11139 1611 859 196 26 2
> 7771 3636 397 -201 43 1
! 40750 -17679 200
! 38677 25923 0
> 7589 4688 507 134 -16 2
> 4391 5322 334 171 13 2
> 11139 1611 859 196 26 2
> 7771 3636 397 -201 43 1
! 83072 71076 0
! 98401 45897 200
> 8262 4710 571 18 -34 2
> 4725 5493 283 145 31 2
> 11998 1807 730 166 44 2
> 8349 3520 491 -99 25 1
! 32888 -26810 200
! 30967 35681 SHIELD
> 8262 4710 571 18 -34 2
> 4725 5493 283 145 31 2
> 11998 1807 730 166 44 2
> 8349 3520 491 -99 25 1
! 58945 90101 0
! 81484 71719 200
> 8956 4570 590 -118 -52 2
> 5008 5638 240 123 49 2
> 12728 1973 620 141 62 3
> 8986 3557 541 31 43 1
! 33582 -26950 200
! 39294 26239 0
> 8956 4570 590 -118 -52 2
> 5008 5638 240 123 49 2
> 12728 1973 620 141 62 3
> 8986 3557 541 31 43 1
! 30092 100453 0
! 57466 91018 200
> 9670 4563 607 174 -52 2
> 5248 5761 204 104 31 2
> 13348 2114 527 119 80 3
> 9623 3495 540 -233 61 1
! 23350 -33024 200
! 31490 35949 SHIELD
> 9670 4563 607 174 -52 2
> 5248 5761 204 104 31 2
> 13348 2114 527 119 80 3
> 9623 3495 540 -233 61 1
! -569 101140 0
! 58103 90956 0
> 10345 4549 574 -11 -70 2
> 5452 5865 173 88 49 2
> 13875 2233 447 101 98 3
> 10163 3262 459 -198 61 1
! 11740 -35426 200
! 39738 26466 0
> 10345 4549 574 -11 -70 2
> 5452 5865 173 88 49 2
> 13875 2233 447 101 98 3
> 10163 3262 459 -198 61 1
! -29962 92112 200
! 58643 90723 200
> 10926 4338 493 -179 -88 2
> 5625 5953 147 74 31 2
> 14234 2514 305 238 116 3
> 10719 3239 472 -19 61 1
! 24606 -33249 200
! 31867 36141 SHIELD
> 10926 4338 493 -179 -88 2
> 5625 5953 147 74 31 2
> 14234 2514 305 238 116 3
> 10719 3239 472 -19 61 1
! -29603 92393 0
! 29799 101401 200
> 11545 4156 605 97 -70 2
> 5772 6027 124 62 49 2
> 14539 2752 259 202 116 3
> 11171 3232 305 -258 79 1
! 12940 -35819 200
! 40058 26628 0
> 11545 4156 605 97 -70 2
> 5772 6027 124 62 49 2
> 14539 2752 259 202 116 3
> 11171 3232 305 -258 79 1
! -54926 74686 0
! 59651 90693 0
> 12157 4053 520 -87 -88 2
> 5896 6089 105 52 31 2
> 14798 2954 220 171 134 3
> 11476 2974 259 -219 61 1
! 1131 -34397 200
! 32138 36277 SHIELD
> 12157 4053 520 -87 -88 2
> 5896 6089 105 52 31 2
> 14798 2954 220 171 134 3
> 11476 2974 259 -219 61 1
! -54667 74888 200
! 84611 71173 0
> 12622 3774 395 -237 -106 2
> 6001 6141 89 44 49 2
> 14879 3269 68 267 134 3
> 11735 2755 220 -186 43 1
! -9745 -29387 200
! 21630 42961 0
> 12622 3774 395 -237 -106 2
> 6001 6141 89 44 49 2
> 14879 3269 68 267 134 3
> 11735 2755 220 -186 43 1
! -73415 50216 200
! 102365 45016 200
> 12905 3371 240 -342 -124 2
> 6090 6185 75 37 67 2
> 14770 3630 -92 306 152 3
> 12136 2654 341 -86 25 1
! -18615 -21255 200
! 32332 36373 SHIELD
> 12905 3371 240 -342 -124 2
> 6090 6185 75 37 67 2
> 14770 3630 -92 306 152 3
> 12136 2654 341 -86 25 1
! -83710 20994 200
! 85271 70853 200
> 13287 3159 486 -43 -142 2
> 6165 6222 63 31 49 2
> 14481 3971 -245 289 170 3
> 12324 2452 -2 -309 43 1
! -24300 -10521 200
! 40451 26823 SHIELD
> 13287 3159 486 -43 -142 2
> 6165 6222 63 31 49 2
> 14481 3971 -245 289 170 3
> 12324 2452 -2 -309 43 1
! -84545 -9946 200
! 85459 70651 200
> 13585 3048 253 -94 -160 2
> 6228 6253 53 26 31 2
> 14038 4232 -376 221 188 3
> 12468 2279 122 -146 43 1
! -17935 -21578 200
! 32470 36441 SHIELD
> 13585 3048 253 -94 -160 2
> 6228 6253 53 26 31 2
> 14038 4232 -376 221 188 3
> 12468 2279 122 -146 43 1
! -84442 21596 200
! 85603 70478 200
> 13680 2831 81 -184 -142 2
> 6281 6279 45 22 49 2
> 13465 4488 -487 217 170 3
> 12736 2269 228 -8 43 1
! -23907 -10849 200
! 40567 26880 0
> 13680 2831 81 -184 -142 2
> 6281 6279 45 22 49 2
> 13465 4488 -487 217 170 3
> 12736 2269 228 -8 43 1
! -85561 -9429 200
! 103366 44530 200
> 13844 2736 358 46 -160 2
> 6326 6301 38 18 31 2
> 12780 4677 -582 160 -172 3
> 12875 2188 -101 -195 25 1
! -23743 -10944 200
! 45300 15299 0
> 13844 2736 358 46 -160 2
> 6326 6301 38 18 31 2
> 12780 4677 -582 160 -172 3
> 12875 2188 -101 -195 25 1
! -86246 -9240 200
! 86010 70387 200
> 14014 2714 144 -19 -160 2
> 6364 6319 32 15 13 2
> 12000 4809 -663 112 -172 3
> 12920 2129 38 -49 43 1
! -23573 -10966 200
! 46211 2832 0
> 14014 2714 144 -19 -160 2
> 6364 6319 32 15 13 2
> 12000 4809 -663 112 -172 3
> 12920 2129 38 -49 43 1
! -86480 22173 200
! 103550 44390 200
> 13970 2627 -37 -74 -160 2
> 6396 6334 27 12 -5 2
> 11140 4956 -730 124 170 3
> 13139 2165 186 30 25 1
! -26005 1231 0
! 46243 2847 200
> 13970 2627 -37 -74 -160 2
> 6396 6334 27 12 -5 2
> 11140 4956 -730 124 170 3
> 13139 2165 186 30 25 1
! -77154 51903 0
! 86274 70364 200
> 14187 2690 297 114 -178 2
> 6622 6329 192 -4 -5 2
> 10410 5080 -620 105 152 3
> 13217 2195 -46 -35 43 1
! -23400 -10990 200
! 43442 -9300 200
> 14187 2690 297 114 -178 2
> 6622 6329 192 -4 -5 2
> 10410 5080 -620 105 152 3
> 13217 2195 -46 -35 43 1
! -59055 77014 200
! 86352 70394 0
> 14296 2736 92 38 -160 2
> 6998 6247 319 -69 -23 2
> 9651 5329 -645 211 134 3
> 13171 2160 -39 -29 43 1
! -17224 -21890 200
! 46845 2760 200
> 14296 2736 92 38 -160 2
> 6998 6247 319 -69 -23 2
> 9651 5329 -645 211 134 3
> 13171 2160 -39 -29 43 1
! -59814 77263 0
! 103801 44421 200
> 14230 2651 -55 -72 -142 2
> 7516 6161 440 -73 -5 2
> 9006 5540 -548 179 134 3
> 13313 2216 120 47 25 1
! -23357 -11029 0
! 44336 -9468 SHIELD
> 14230 2651 -55 -72 -142 2
> 7516 6161 440 -73 -5 2
> 9006 5540 -548 179 134 3
> 13313 2216 120 47 25 1
! -60459 77474 0
! 103943 44477 200
> 14352 2658 269 81 -160 2
> 7928 6105 245 16 -23 2
> 8737 5550 822 -630 134 3
> 13438 2268 -60 -30 25 1
! -17168 -21968 200
! 38116 -20137 SHIELD
> 14352 2658 269 81 -160 2
> 7928 6105 245 16 -23 2
> 8737 5550 822 -630 134 3
> 13438 2268 -60 -30 25 1
! -35100 95429 200
! 112692 14454 0
> 14463 2616 94 -35 -142 2
> 8173 6121 208 13 -41 2
> 9471 5100 624 -382 116 3
> 13378 2238 -51 -25 7 1
! -23124 -11064 200
! 44993 -9508 SHIELD
> 14463 2616 94 -35 -142 2
> 8173 6121 208 13 -41 2
> 9471 5100 624 -382 116 3
> 13378 2238 -51 -25 7 1
! -59994 77034 0
! 112632 14424 200
> 14369 2513 -79 -87 -160 2
> 8381 6134 176 11 -23 2
> 10095 4718 530 -324 134 3
> 13526 2237 125 0 7 1
! -25606 1117 0
! 38569 -20108 SHIELD
> 14369 2513 -79 -87 -160 2
> 8381 6134 176 11 -23 2
> 10095 4718 530 -324 134 3
> 13526 2237 125 0 7 1
! -59370 76652 200
! 104156 44498 SHIELD
> 14522 2499 258 29 -178 2
> 8557 6145 149 9 -41 2
> 10486 4538 332 -153 134 3
> 13628 2230 73 -10 25 1
! -23065 -11181 200
! 29158 -28141 SHIELD
> 14522 2499 258 29 -178 2
> 8557 6145 149 9 -41 2
> 10486 4538 332 -153 134 3
> 13628 2230 73 -10 25 1
! -33351 94417 200
! 86763 70429 0
> 14592 2460 59 -33 -160 2
> 8706 6154 126 7 -59 2
> 10730 4565 207 22 116 3
> 13701 2220 62 -8 43 1
! -16928 -22166 200
! 38894 -20088 SHIELD
> 14592 2460 59 -33 -160 2
> 8706 6154 126 7 -59 2
> 10730 4565 207 22 116 3
> 13701 2220 62 -8 43 1
! -3187 103591 200
! 104331 44481 SHIELD
> 14610 2325 196 -81 -142 2
> 8832 6161 107 5 -41 2
> 10909 4785 152 187 98 3
> 13751 2210 24 -11 25 1
! -16910 -22301 200
! 45652 -9468 0
> 14610 2325 196 -81 -142 2
> 8832 6161 107 5 -41 2
> 10909 4785 152 187 98 3
> 13751 2210 24 -11 25 1
! -3008 103811 200
! 113005 14396 0
> 14648 2121 32 -173 -142 2
> 8939 6166 90 4 -23 2
> 11033 5170 105 327 98 3
> 13775 2199 20 -9 7 1
! -22939 -11559 0
! 48786 2679 SHIELD
> 14648 2121 32 -173 -142 2
> 8939 6166 90 4 -23 2
> 11033 5170 105 327 98 3
> 13775 2199 20 -9 7 1
! -32804 95049 200
! 111937 -16881 SHIELD
> 14680 1948 27 -147 -160 2
> 9029 6170 76 3 -5 2
> 11050 5677 14 430 116 3
> 13795 2190 17 -7 -11 1
! -25295 552 200
! 48003 15168 SHIELD
> 14680 1948 27 -147 -160 2
> 9029 6170 76 3 -5 2
> 11050 5677 14 430 116 3
> 13795 2190 17 -7 -11 1
! -58415 77611 200
! 111957 -16891 0
> 14512 1791 -21 -199 -178 2
> 9105 6173 64 2 13 2
> 10925 6251 -106 487 134 3
> 13807 2186 -110 62 -11 1
! -23938 12816 200
! 43391 26774 SHIELD
> 14512 1791 -21 -199 -178 2
> 9105 6173 64 2 13 2
> 10925 6251 -106 487 134 3
> 13807 2186 -110 62 -11 1
! -77369 53198 200
! 101268 -46295 0
> 14299 1647 -181 -122 164 2
> 9169 6175 54 1 31 2
> 10642 6832 -240 493 152 3
> 13697 2248 -93 52 -29 1
! -18862 24014 200
! 35411 36363 SHIELD
> 14299 1647 -181 -122 164 2
> 9169 6175 54 1 31 2
> 10642 6832 -240 493 152 3
> 13697 2248 -93 52 -29 1
! -87838 24196 200
! 81896 -70887 200
> 14016 1557 -202 -124 146 2
> 9223 6176 45 0 49 2
> 10205 7360 -371 448 170 3
> 13540 2380 -171 160 -47 1
! -24434 12582 200
! 24852 42996 SHIELD
> 14016 1557 -202 -124 146 2
> 9223 6176 45 0 49 2
> 10205 7360 -371 448 170 3
> 13540 2380 -171 160 -47 1
! -88821 -6557 200
! 55801 -88250 BOOST
> 13787 1135 -141 -472 164 2
> 9268 6176 38 0 67 2
> 9636 7780 -483 357 188 3
> 13478 2304 -105 48 -65 1
! -19374 23502 0
! 12754 46023 SHIELD
> 13787 1135 -141 -472 164 2
> 9268 6176 38 0 67 2
> 9636 7780 -483 357 188 3
> 13478 2304 -105 48 -65 1
! -80243 -36057 200
! 25664 -96950 0
> 13646 663 -119 -401 146 2
> 9306 6176 32 0 85 2
> 8973 8049 -563 228 206 3
> 13373 2352 -89 40 -83 1
! -10980 32183 200
! 307 45150 SHIELD
> 13646 663 -119 -401 146 2
> 9306 6176 32 0 85 2
> 8973 8049 -563 228 206 3
> 13373 2352 -89 40 -83 1
! -62961 -61416 200
! -5708 -95810 0
> 13404 420 -205 -206 128 2
> 9338 6176 27 0 103 2
> 8266 8138 -600 75 -136 3
> 13284 2392 -75 34 -101 1
! -276 38007 200
! -11263 40462 0
> 13404 420 -205 -206 128 2
> 9338 6176 27 0 103 2
> 8266 8138 -600 75 -136 3
> 13284 2392 -75 34 -101 1
! -38681 -80156 200
! -5796 -95770 0
> 13131 402 -232 -15 110 2
> 9365 6176 22 0 121 2
> 7572 8036 -589 -86 -118 3
> 13209 2426 -63 28 -101 1
! 11735 40377 200
! -20823 32418 SHIELD
> 13131 402 -232 -15 110 2
> 9365 6176 22 0 121 2
> 7572 8036 -589 -86 -118 3
> 13209 2426 -63 28 -101 1
! -9792 -90444 200
! -5871 -95736 200
> 12892 587 -203 157 92 2
> 9387 6176 18 0 139 2
> 6948 7753 -530 -240 -100 4
> 13108 2258 -85 -143 -101 1
! 23917 39037 200
! -27433 21805 0
> 12892 587 -203 157 92 2
> 9387 6176 18 0 139 2
> 6948 7753 -530 -240 -100 4
> 13108 2258 -85 -143 -101 1
! 20865 -91273 200
! -35373 -85203 0
> 12744 936 -125 296 74 2
> 9405 6176 15 0 157 2
> 6446 7315 -426 -372 -82 4
> 13023 2115 -72 -121 -119 1
! 35111 34097 200
! -30442 9662 SHIELD
> 12744 936 -125 296 74 2
> 9405 6176 15 0 157 2
> 6446 7315 -426 -372 -82 4
> 13023 2115 -72 -121 -119 1
! 50282 -82564 200
! -6057 -96047 200
> 12627 1048 -198 -238 56 2
> 9420 6176 12 0 175 2
> 6108 6763 -287 -468 -64 4
> 13017 2147 93 361 -101 1
! 34994 34209 200
! -29554 -2822 SHIELD
> 12627 1048 -198 -238 56 2
> 9420 6176 12 0 175 2
> 6108 6763 -287 -468 -64 4
> 13017 2147 93 361 -101 1
! 75573 -65171 200
! -6063 -96015 200
> 12541 976 -73 -61 56 2
> 9432 6176 10 0 193 2
> 5960 6151 -125 -520 -46 4
> 13072 2312 46 139 -101 1
! 34908 34137 200
! -24854 -14425 SHIELD
> 12541 976 -73 -61 56 2
> 9432 6176 10 0 193 2
> 5960 6151 -125 -520 -46 4
> 13072 2312 46 139 -101 1
! 75425 -65783 200
! 25258 -96942 200
> 12580 1081 33 89 56 2
> 9442 6176 8 0 211 2
> 5974 5487 11 -564 -46 4
> 13142 2252 59 -50 -83 1
! 34947 34242 200
! -16800 -24012 SHIELD
> 12580 1081 33 89 56 2
> 9442 6176 8 0 211 2
> 5974 5487 11 -564 -46 4
> 13142 2252 59 -50 -83 1
! 75439 -66447 200
! -5939 -95910 200
> 12725 1336 123 216 56 2
> 9450 6176 6 0 229 2
> 6124 4779 127 -601 -46 4
> 13163 2006 17 -209 -101 1
! 23750 39786 SHIELD
! -6179 -30644 0
> 12725 1336 123 216 56 2
> 9450 6176 6 0 229 2
> 6124 4779 127 -601 -46 4
> 13163 2006 17 -209 -101 1
! 75589 -67155 200
! 25349 -97248 SHIELD
> 12622 1206 -87 -110 74 2
> 9456 6176 5 0 247 2
> 6390 4034 226 -633 -46 4
> 13406 2143 206 116 -83 1
! 34989 34367 0
! 5969 -33671 SHIELD
> 12622 1206 -87 -110 74 2
> 9456 6176 5 0 247 2
> 6390 4034 226 -633 -46 4
> 13406 2143 206 116 -83 1
! 75855 -67900 200
! -5675 -96019 0
> 12535 1096 -73 -93 56 2
> 9461 6176 4 0 -95 2
> 6755 3257 310 -660 -46 4
> 13612 2259 175 98 -101 1
! 23560 39546 0
! 18459 -32798 0
> 12535 1096 -73 -93 56 2
> 9461 6176 4 0 -95 2
> 6755 3257 310 -660 -46 4
> 13612 2259 175 98 -101 1
! 95049 -43690 200
! -34869 -85202 0
> 12462 1003 -62 -79 74 2
> 9465 6176 3 0 -77 2
> 7242 2503 413 -640 -28 4
> 13787 2357 148 83 -119 1
! 34829 34164 0
! 30066 -28110 0
> 12462 1003 -62 -79 74 2
> 9465 6176 3 0 -77 2
> 7242 2503 413 -640 -28 4
> 13787 2357 148 83 -119 1
! 105722 -14861 200
! -59348 -65842 0
> 12400 924 -52 -67 56 2
> 9468 6176 2 0 -59 2
> 7852 1828 518 -573 -10 0
> 13935 2440 125 70 -137 1
! 23425 39374 200
! 39656 -20066 0
> 12400 924 -52 -67 56 2
> 9468 6176 2 0 -59 2
> 7852 1828 518 -573 -10 0
> 13935 2440 125 70 -137 1
! 106878 15745 200
! -76695 -39821 0
> 12403 1049 2 106 74 2
> 9470 6176 1 0 -41 2
> 8568 1283 608 -463 8 0
> 14060 2510 106 59 -155 1
! 23428 39499 200
! 46290 -9453 200
> 12403 1049 2 106 74 2
> 9470 6176 1 0 -41 2
> 8568 1283 608 -463 8 0
> 14060 2510 106 59 -155 1
! 98447 45120 0
! -85194 -9676 200
> 12460 1347 48 253 74 2
> 9655 6098 157 -66 -23 2
> 9176 820 516 -393 26 0
> 13967 2545 -78 29 -173 1
! 11064 41322 200
! 46475 -9531 200
> 12460 1347 48 253 74 2
> 9655 6098 157 -66 -23 2
> 9176 820 516 -393 26 0
> 13967 2545 -78 29 -173 1
! 81109 70285 200
! -84195 21625 0
> 12501 1800 34 384 92 3
> 9996 5954 289 -122 -23 2
> 9836 566 560 -215 44 0
> 13889 2574 -66 24 169 1
! -1179 39387 0
! 40184 -20288 200
> 12501 1800 34 384 92 3
> 9996 5954 289 -122 -23 2
> 9836 566 560 -215 44 0
> 13889 2574 -66 24 169 1
! 56783 88860 200
! -73572 51055 200
> 12535 2184 28 326 110 3
> 10436 5701 373 -215 -41 2
> 10490 528 555 -32 62 0
> 13648 2695 -204 102 151 1
! -12091 33704 0
! 31037 -28585 200
> 12535 2184 28 326 110 3
> 10436 5701 373 -215 -41 2
> 10490 528 555 -32 62 0
> 13648 2695 -204 102 151 1
! 27854 99008 200
! -54551 75830 200
> 12563 2510 23 277 128 3
> 10912 5315 404 -328 -59 2
> 11080 693 501 140 80 0
> 13308 2943 -289 211 133 1
! -20598 24877 200
! 41100 -20927 200
> 12563 2510 23 277 128 3
> 10912 5315 404 -328 -59 2
> 11080 693 501 140 80 0
> 13308 2943 -289 211 133 1
! 28444 99173 200
! -28953 93573 200
> 12296 2819 -275 230 146 3
> 11467 4856 471 -390 -41 2
> 11616 1030 455 286 80 0
> 13058 3415 -163 433 115 1
! -12330 34339 200
! 48287 -10773 200
> 12296 2819 -275 230 146 3
> 11467 4856 471 -390 -41 2
> 11616 1030 455 286 80 0
> 13058 3415 -163 433 115 1
! 28980 99510 200
! 871 102669 200
> 11898 3207 -338 329 128 3
> 12122 4388 556 -397 -23 2
> 12106 1513 416 410 80 0
> 12871 4047 -159 536 97 1
! -12728 34727 200
! 51969 901 200
> 11898 3207 -338 329 128 3
> 12122 4388 556 -397 -23 2
> 12106 1513 416 410 80 0
> 12871 4047 -159 536 97 1
! -1811 100539 200
! -29390 94677 SHIELD
> 11437 3694 -391 413 128 3
> 10886 4853 -1083 409 -5 2
> 12494 2121 329 516 98 0
> 12911 4495 37 379 115 1
! -21724 26061 200
! 49860 13851 SHIELD
> 11437 3694 -391 413 128 3
> 10886 4853 -1083 409 -5 2
> 12494 2121 329 516 98 0
> 12911 4495 37 379 115 1
! -31343 92000 200
! 724 103749 200
> 10880 4219 -473 446 146 3
> 9803 5262 -920 347 13 2
> 12735 2817 205 591 116 0
> 12948 4874 31 322 97 1
! -22281 26586 200
! 44089 25863 SHIELD
> 10880 4219 -473 446 146 3
> 9803 5262 -920 347 13 2
> 12735 2817 205 591 116 0
> 12948 4874 31 322 97 1
! -31102 92696 0
! -29313 95504 0
> 10241 4777 -542 474 146 3
> 8883 5609 -782 294 31 2
> 12940 3408 174 502 116 0
> 12979 5196 26 273 115 1
! -28209 15802 200
! 47857 14607 SHIELD
> 10241 4777 -542 474 146 3
> 8883 5609 -782 294 31 2
> 12940 3408 174 502 116 0
> 12979 5196 26 273 115 1
! -30897 93287 200
! -55220 78331 0
> 9507 5306 -624 449 164 3
> 8101 5903 -664 249 13 2
> 13026 4090 73 579 116 0
> 13005 5469 22 232 133 1
! -23654 27673 SHIELD
! 47948 2416 SHIELD
> 9507 5306 -624 449 164 3
> 8101 5903 -664 249 13 2
> 13026 4090 73 579 116 0
> 13005 5469 22 232 133 1
! -891 103116 0
! -74456 53950 200
> 8883 5755 -530 381 146 3
> 7437 6152 -564 211 -5 2
> 13099 4669 62 492 98 0
> 12852 5798 -129 279 151 1
! -29567 16780 SHIELD
! 44257 -9477 SHIELD
> 8883 5755 -530 381 146 3
> 7437 6152 -564 211 -5 2
> 13099 4669 62 492 98 0
> 12852 5798 -129 279 151 1
! -30738 94548 200
! -85310 24878 200
> 8353 6136 -450 323 164 3
> 6873 6363 -479 179 -23 2
> 13073 5341 -21 570 116 0
> 12527 6115 -276 269 169 1
! -31622 4740 SHIELD
! 37061 -19879 SHIELD
> 8353 6136 -450 323 164 3
> 6873 6363 -479 179 -23 2
> 13073 5341 -21 570 116 0
> 12527 6115 -276 269 169 1
! -56392 77275 200
! -86727 -6071 200
> 7903 6459 -382 274 -178 3
> 6394 6542 -407 152 -41 2
> 12913 6055 -135 606 134 0
> 12052 6360 -403 207 -173 1
! -29684 -7221 SHIELD
! 26995 -27744 SHIELD
> 7903 6459 -382 274 -178 3
> 6394 6542 -407 152 -41 2
> 12913 6055 -135 606 134 0
> 12052 6360 -403 207 -173 1
! -75381 53002 200
! -87202 -5826 200
> 7521 6733 -324 232 -160 3
> 5987 6694 -345 129 -59 2
> 12601 6755 -264 594 152 1
> 11450 6543 -511 155 -173 1
! -23999 -17893 0
! 36175 -19548 0
> 7521 6733 -324 232 -160 3
> 5987 6694 -345 129 -59 2
> 12601 6755 -264 594 152 1
> 11450 6543 -511 155 -173 1
! -85879 24119 200
! -79180 -35718 200
> 7197 6965 -275 197 -142 3
> 5642 6823 -293 109 -41 2
> 12140 7384 -391 534 170 1
> 10758 6613 -588 59 -155 1
! -15170 -26196 0
! 26243 -27463 0
> 7197 6965 -275 197 -142 3
> 5642 6823 -293 109 -41 2
> 12140 7384 -391 534 170 1
> 10758 6613 -588 59 -155 1
! -86886 -6533 200
! -79872 -35648 200
> 6922 7162 -233 167 -124 3
> 5349 6932 -249 92 -59 2
> 11551 7890 -500 430 188 1
> 9989 6587 -653 -21 -155 1
! -4103 -31288 0
! 35537 -19310 SHIELD
> 6922 7162 -233 167 -124 3
> 5349 6932 -249 92 -59 2
> 11551 7890 -500 430 188 1
> 9989 6587 -653 -21 -155 1
! -78328 -35947 200
! -89265 -5599 200
> 6689 7329 -198 141 -106 4
> 5100 7024 -211 78 -41 2
> 10871 8232 -577 290 206 1
> 9137 6542 -723 -38 -173 1
! 8084 -32646 0
! 25701 -27262 0
> 6689 7329 -198 141 -106 4
> 5100 7024 -211 78 -41 2
> 10871 8232 -577 290 206 1
> 9137 6542 -723 -38 -173 1
! -61063 -61233 200
! -89025 25622 0
> 6491 7470 -168 119 -88 4
> 4889 7102 -179 66 -59 2
> 10150 8383 -612 128 -136 1
> 8414 6504 -614 -32 169 1
! 20171 -30117 0
! 35077 -19140 0
> 6491 7470 -168 119 -88 4
> 4889 7102 -179 66 -59 2
> 10150 8383 -612 128 -136 1
> 8414 6504 -614 -32 169 1
! -36797 -79911 200
! -79047 54985 200
> 6323 7589 -142 101 -70 4
> 4710 7168 -152 56 -41 2
> 9444 8334 -600 -41 -118 1
> 7625 6569 -670 55 151 1
! 30949 -23931 200
! 41530 -8461 0
> 6323 7589 -142 101 -70 4
> 4710 7168 -152 56 -41 2
> 9444 8334 -600 -41 -118 1
> 7625 6569 -670 55 151 1
! -37503 -79960 200
! -60574 79704 200
> 6304 7532 -16 -48 -52 4
> 4558 7224 -129 47 -23 2
> 8750 8116 -589 -184 -118 1
> 6819 6770 -685 171 133 1
! 30930 -23988 200
! 41378 -8405 200
> 6304 7532 -16 -48 -52 4
> 4558 7224 -129 47 -23 2
> 8750 8116 -589 -184 -118 1
> 6819 6770 -685 171 133 1
! -8614 -90364 200
! -35442 97400 SHIELD
> 5888 8276 -440 789 -52 4
> 4613 7193 46 -26 -23 2
> 8126 7735 -530 -323 -100 1
> 6186 6846 -529 48 115 1
! 19568 -29311 200
! 34801 -19049 200
> 5888 8276 -440 789 -52 4
> 4613 7193 46 -26 -23 2
> 8126 7735 -530 -323 -100 1
> 6186 6846 -529 48 115 1
! -38821 -80559 0
! -36075 97476 0
> 5516 8877 -315 510 -70 4
> 4810 7036 167 -133 -41 2
> 7596 7412 -450 -274 -118 1
> 5657 6894 -449 40 115 1
! 30142 -22643 200
! 25411 -27250 SHIELD
> 5516 8877 -315 510 -70 4
> 4810 7036 167 -133 -41 2
> 7596 7412 -450 -274 -118 1
> 5657 6894 -449 40 115 1
! -64338 -62053 200
! -6529 106148 0
> 5324 9229 -163 299 -52 4
> 4873 6920 44 -97 -59 2
> 7009 7001 560 -28 -136 1
> 6237 6767 -476 -443 97 1
! 19004 -28358 200
! 13871 -32054 0
> 5324 9229 -163 299 -52 4
> 4873 6920 44 -97 -59 2
> 7009 7001 560 -28 -136 1
> 6237 6767 -476 -443 97 1
! -82870 -36836 200
! 25317 104929 0
> 5229 9340 -80 94 -70 4
> 4917 6823 37 -82 -77 2
> 7389 6885 323 -98 -154 1
> 5761 6324 -404 -376 79 1
! 6624 -30635 200
! 25518 -27463 0
> 5229 9340 -80 94 -70 4
> 4917 6823 37 -82 -77 2
> 7389 6885 323 -98 -154 1
> 5761 6324 -404 -376 79 1
! -82490 -36952 200
! 54241 93785 200
> 5156 9234 -62 -89 -88 4
> 4949 6747 -69 50 -59 2
> 7532 6699 121 -157 -154 1
> 5459 6117 -160 -291 61 1
! 6551 -30741 200
! 35137 -19495 0
> 5156 9234 -62 -89 -88 4
> 4949 6747 -69 50 -59 2
> 7532 6699 121 -157 -154 1
> 5459 6117 -160 -291 61 1
! -82347 -37138 200
! 24539 104279 200
> 5101 8945 -46 -245 -88 4
> 4880 6797 -58 42 -41 2
> 7473 6454 -49 -207 -154 1
> 5337 6022 -103 -80 79 1
! 6496 -31030 200
! 25481 -27489 200
> 5101 8945 -46 -245 -88 4
> 4880 6797 -58 42 -41 2
> 7473 6454 -49 -207 -154 1
> 5337 6022 -103 -80 79 1
! -91553 -7463 200
! -6849 105276 200
> 5062 8500 -33 -378 -88 4
> 4824 6842 -89 111 -59 2
> 7226 6219 -209 -199 -172 1
> 5310 5966 19 -120 97 1
! 6457 -31475 200
! 35012 -19400 200
> 5062 8500 -33 -378 -88 4
> 4824 6842 -89 111 -59 2
> 7226 6219 -209 -199 -172 1
> 5310 5966 19 -120 97 1
! -82653 -37618 200
! -36951 96596 200
> 5036 7922 -22 -491 -88 4
> 4886 6822 52 -17 -41 2
> 6837 5932 -330 -243 -154 1
> 5244 6027 -55 52 115 1
! 18716 -29665 200
! 25487 -27464 SHIELD
> 5036 7922 -22 -491 -88 4
> 4886 6822 52 -17 -41 2
> 6837 5932 -330 -243 -154 1
> 5244 6027 -55 52 115 1
! -92189 -7985 200
! -6942 105281 SHIELD
> 5197 7856 224 412 -70 4
> 4895 6823 -38 47 -59 2
> 6309 5661 -448 -230 -172 1
> 5221 6000 17 -116 97 1
! 18877 -29731 200
! 13893 -32151 0
> 5197 7856 224 412 -70 4
> 4895 6823 -38 47 -59 2
> 6309 5661 -448 -230 -172 1
> 5221 6000 17 -116 97 1
! -92171 23025 0
! 24301 104162 SHIELD
> 5489 8080 248 190 -70 4
> 4857 6870 -32 39 -77 2
> 5907 5400 36 -472 170 1
> 5233 5887 -27 -70 79 1
! 19169 -29507 200
! 25458 -27416 SHIELD
> 5489 8080 248 190 -70 4
> 4857 6870 -32 39 -77 2
> 5907 5400 36 -472 170 1
> 5233 5887 -27 -70 79 1
! -82387 52347 200
! 53713 93348 0
> 5805 8082 268 1 -70 4
> 4825 6909 -27 33 -59 2
> 5766 5022 -119 -321 152 1
> 5206 5817 -22 -59 61 1
! 19485 -29505 200
! 13823 -32065 0
> 5805 8082 268 1 -70 4
> 4825 6909 -27 33 -59 2
> 5766 5022 -119 -321 152 1
> 5206 5817 -22 -59 61 1
! -82528 51969 200
! 78341 74016 0
> 6141 7895 285 -158 -70 4
> 4798 6942 -22 28 -77 2
> 5470 4795 -251 -193 152 1
> 5184 5758 -18 -50 43 1
! 19821 -29692 200
! 25399 -27344 0
> 6141 7895 285 -158 -70 4
> 4798 6942 -22 28 -77 2
> 5470 4795 -251 -193 152 1
> 5184 5758 -18 -50 43 1
! -82824 51742 200
! 95814 48019 0
> 6494 7549 300 -294 -70 4
> 4776 6970 -18 23 -59 2
> 5042 4696 -363 -84 152 1
> 5166 5708 -15 -42 25 1
! 7889 -32426 200
! 13774 -32004 SHIELD
> 6494 7549 300 -294 -70 4
> 4776 6970 -18 23 -59 2
> 5042 4696 -363 -84 152 1
> 5166 5708 -15 -42 25 1
! -64423 76630 200
! 104420 17894 200
> 6801 7055 260 -419 -88 4
> 4758 6993 -15 19 -77 2
> 4540 4756 -426 50 134 2
> 5350 5690 155 -14 7 1
! 8196 -32920 200
! 25359 -27293 SHIELD
> 6801 7055 260 -419 -88 4
> 4758 6993 -15 19 -77 2
> 4540 4756 -426 50 134 2
> 5350 5690 155 -14 7 1
! -39297 94635 0
! 103512 -13390 200
> 7068 6436 226 -526 -88 4
> 4743 7012 -12 16 -59 2
> 4114 4806 -362 42 116 2
> 5701 5638 298 -44 -11 1
! 8463 -33539 200
! 34931 -19230 0
> 7068 6436 226 -526 -88 4
> 4743 7012 -12 16 -59 2
> 4114 4806 -362 42 116 2
> 5701 5638 298 -44 -11 1
! -9803 103832 0
! 93162 -42843 200
> 7301 5710 198 -616 -88 4
> 4731 7028 -10 13 -41 2
> 3752 4848 -307 35 98 2
> 6174 5497 401 -119 -29 1
! -3724 -32740 200
! 41551 -8601 0
> 7301 5710 198 -616 -88 4
> 4731 7028 -10 13 -41 2
> 3752 4848 -307 35 98 2
> 6174 5497 401 -119 -29 1
! 21116 103328 0
! 74373 -67638 200
> 7444 4902 121 -687 -106 4
> 4721 7041 -8 11 -23 2
> 3445 4883 -260 29 80 2
> 6711 5232 456 -225 -47 1
! -14923 -28259 SHIELD
! 34909 -19201 0
> 7444 4902 121 -687 -106 4
> 4721 7041 -8 11 -23 2
> 3445 4883 -260 29 80 2
> 6711 5232 456 -225 -47 1
! 50392 93177 0
! 94172 -43249 200
> 7616 4192 146 -604 -124 4
> 4713 7052 -6 9 -41 2
> 3185 4912 -221 24 62 2
> 6835 5143 100 -72 -29 1
! -23904 -20434 0
! 34901 -19190 200
> 7616 4192 146 -604 -124 4
> 4713 7052 -6 9 -41 2
> 3185 4912 -221 24 62 2
> 6835 5143 100 -72 -29 1
! 75119 74377 200
! 94296 -43338 0
> 7762 3588 124 -513 -142 4
> 4858 6930 123 -103 -41 2
> 3108 5075 -65 138 44 2
> 6935 5071 85 -61 -29 1
! -29825 -10092 SHIELD
! 41678 -8699 200
> 7762 3588 124 -513 -142 4
> 4858 6930 123 -103 -41 2
> 3108 5075 -65 138 44 2
> 6935 5071 85 -61 -29 1
! 92987 48912 200
! 105097 -14010 0
> 7886 3075 105 -436 -160 4
> 5165 6749 261 -153 -23 2
> 3223 5301 97 191 26 2
> 7020 5010 72 -51 -11 1
! -32089 1679 0
! 41985 -8880 200
> 7886 3075 105 -436 -160 4
> 5165 6749 261 -153 -23 2
> 3223 5301 97 191 26 2
> 7020 5010 72 -51 -11 1
! 102249 19218 200
! 106274 17196 0
> 7991 2639 89 -370 -178 4
> 5610 6518 378 -196 -23 2
> 3518 5520 250 186 8 2
> 7092 4959 61 -43 7 1
! -30459 13664 0
! 35798 -19724 200
> 7991 2639 89 -370 -178 4
> 5610 6518 378 -196 -23 2
> 3518 5520 250 186 8 2
> 7092 4959 61 -43 7 1
! 101998 -11844 200
! 106346 17145 0
> 8080 2269 75 -314 164 4
> 6139 6191 449 -278 -41 2
> 3965 5671 379 128 -10 2
> 7153 4916 51 -36 7 1
! -25081 24636 0
! 42959 -9438 200
> 8080 2269 75 -314 164 4
> 6139 6191 449 -278 -41 2
> 3965 5671 379 128 -10 2
> 7153 4916 51 -36 7 1
! 92259 -41276 200
! 97783 47177 0
> 8155 1955 63 -266 146 4
> 6772 5835 538 -302 -23 2
> 4521 5705 472 28 -28 2
> 7204 4880 43 -30 25 1
! -25006 24322 200
! 36960 -20407 SHIELD
> 8155 1955 63 -266 146 4
> 6772 5835 538 -302 -23 2
> 4521 5705 472 28 -28 2
> 7204 4880 43 -30 25 1
! 73986 -66229 200
! 80339 73079 200
> 8052 1801 -87 -131 146 4
> 7295 5577 431 -183 -41 2
> 5132 5589 519 -98 -46 2
> 7546 4546 413 -639 43 1
! -16574 33321 SHIELD
! 27896 -28709 0
> 8052 1801 -87 -131 146 4
> 7295 5577 431 -183 -41 2
> 5132 5589 519 -98 -46 2
> 7546 4546 413 -639 43 1
! 93426 -41358 200
! 56026 92007 200
> 7965 1670 -73 -111 128 0
> 7726 5394 366 -155 -59 2
> 5828 5397 591 -163 -28 2
> 8056 4082 433 -394 61 1
! -5715 39257 0
! 16724 -33580 0
> 7965 1670 -73 -111 128 0
> 7726 5394 366 -155 -59 2
> 5828 5397 591 -163 -28 2
> 8056 4082 433 -394 61 1
! 75293 -66537 200
! 56536 91543 200
> 7892 1559 -62 -94 110 0
> 8092 5239 311 -131 -77 2
> 6558 5090 620 -260 -46 2
> 8586 3863 450 -186 61 1
! 6496 41534 0
! 28693 -29047 SHIELD
> 7892 1559 -62 -94 110 0
> 8092 5239 311 -131 -77 2
> 6558 5090 620 -260 -46 2
> 8586 3863 450 -186 61 1
! 94852 -41857 200
! 27666 102025 200
> 7830 1465 -52 -79 92 0
> 8403 5108 264 -111 -59 2
> 7355 4736 677 -300 -28 2
> 9074 3873 414 8 79 1
! 18855 39915 0
! 38591 -21134 SHIELD
> 7830 1465 -52 -79 92 0
> 8403 5108 264 -111 -59 2
> 7355 4736 677 -300 -28 2
> 9074 3873 414 8 79 1
! 95649 -42211 200
! 28154 102035 200
> 7778 1386 -44 -67 74 0
> 8667 4997 235 -79 -41 2
> 8208 4341 617 -487 -28 2
> 9526 4077 384 173 79 1
! 30145 34547 200
! 45487 -10632 SHIELD
> 7778 1386 -44 -67 74 0
> 8667 4997 235 -79 -41 2
> 8208 4341 617 -487 -28 2
> 9526 4077 384 173 79 1
! 106688 -13023 200
! -2660 103331 0
> 7846 1485 57 83 56 0
> 8902 4918 199 -67 -23 2
> 9022 3819 691 -443 -10 2
> 9910 4250 326 147 97 1
! 39366 26111 200
! 39090 -21324 SHIELD
> 7846 1485 57 83 56 0
> 8902 4918 199 -67 -23 2
> 9022 3819 691 -443 -10 2
> 9910 4250 326 147 97 1
! 107502 -13545 200
! 28990 102412 0
> 8061 1691 182 175 38 0
> 9101 4851 169 -56 -41 2
> 9910 3341 754 -406 -10 2
> 10236 4397 277 124 79 1
! 39581 26317 200
! 45921 -10778 SHIELD
> 8061 1691 182 175 38 0
> 9101 4851 169 -56 -41 2
> 9910 3341 754 -406 -10 2
> 10236 4397 277 124 79 1
! 108390 -14023 200
! -1950 103651 0
> 8401 1989 288 253 38 0
> 9270 4795 143 -47 -23 2
> 10861 2900 808 -374 -10 2
> 10513 4521 235 105 97 1
! 30768 35150 200
! 39458 -21447 0
> 8401 1989 288 253 38 0
> 9270 4795 143 -47 -23 2
> 10861 2900 808 -374 -10 2
> 10513 4521 235 105 97 1
! 109887 16817 200
! 29593 102683 0
> 8801 2408 339 355 56 0
> 9413 4748 121 -39 -41 2
> 11867 2554 855 -294 8 2
> 10748 4626 199 89 79 1
! 40321 27034 200
! 46233 -10881 SHIELD
> 8801 2408 339 355 56 0
> 9413 4748 121 -39 -41 2
> 11867 2554 855 -294 8 2
> 10748 4626 199 89 79 1
! 101746 46391 0
! 29828 102788 0
> 9298 2886 422 406 38 0
> 9534 4709 102 -33 -23 2
> 12722 2260 726 -249 26 3
> 10947 4715 169 75 79 1
! 31665 36047 200
! 39722 -21533 0
> 9298 2886 422 406 38 0
> 9534 4709 102 -33 -23 2
> 12722 2260 726 -249 26 3
> 10947 4715 169 75 79 1
! 84655 71725 0
! -1239 103969 0
> 9832 3458 453 486 56 0
> 9636 4676 86 -28 -41 2
> 13448 2011 617 -211 44 3
> 11116 4790 143 63 97 1
! 32199 36619 200
! 46456 -10953 0
> 9832 3458 453 486 56 0
> 9636 4676 86 -28 -41 2
> 13448 2011 617 -211 44 3
> 11116 4790 143 63 97 1
! 60395 90305 0
! -1070 104044 0
> 10397 4110 480 554 56 0
> 9722 4648 73 -23 -23 2
> 14065 1800 524 -179 62 3
> 11259 4853 121 53 97 1
! 41917 28736 SHIELD
! 49569 1161 0
> 10397 4110 480 554 56 0
> 9722 4648 73 -23 -23 2
> 14065 1800 524 -179 62 3
> 11259 4853 121 53 97 1
! 31429 100280 200
! -31002 95483 SHIELD
> 10673 4522 2 189 38 0
> 9795 4625 62 -19 -5 2
> 14624 1818 474 15 80 3
> 11584 5048 508 326 115 1
! 33040 37683 0
! 48769 13623 0
> 10673 4522 2 189 38 0
> 9795 4625 62 -19 -5 2
> 14624 1818 474 15 80 3
> 11584 5048 508 326 115 1
! 706 100844 200
! -30677 95678 0
> 10675 4711 1 160 56 0
> 9857 4606 52 -16 13 2
> 15070 2031 379 181 98 3
> 12092 5374 431 277 115 1
! 42195 29337 0
! 44143 25207 200
> 10675 4711 1 160 56 0
> 9857 4606 52 -16 13 2
> 15070 2031 379 181 98 3
> 12092 5374 431 277 115 1
! -28767 91910 200
! -30169 96004 0
> 10873 4899 190 163 38 0
> 9884 4665 0 46 31 2
> 15361 2392 247 306 116 3
> 12523 5651 366 235 115 1
! 48460 18579 0
! 44170 25266 200
> 10873 4899 190 163 38 0
> 9884 4665 0 46 31 2
> 15361 2392 247 306 116 3
> 12523 5651 366 235 115 1
! -54104 74326 200
! -55676 78786 0
> 11063 5062 161 138 20 0
> 10055 4814 145 126 31 2
> 15469 2842 91 382 134 3
> 12889 5886 311 199 133 1
! 42583 29688 200
! 44341 25415 200
> 11063 5062 161 138 20 0
> 10055 4814 145 126 31 2
> 15469 2842 91 382 134 3
> 12889 5886 311 199 133 1
! -72825 49789 200
! -74572 54367 0
> 11382 5323 270 221 38 0
> 10371 5043 268 194 31 2
> 15383 3318 -72 404 152 3
> 13200 6085 264 169 151 1
! 33749 38484 200
! 44657 25644 200
> 11382 5323 270 221 38 0
> 10371 5043 268 194 31 2
> 15383 3318 -72 404 152 3
> 13200 6085 264 169 151 1
! -83097 20682 200
! -84962 25165 200
> 11764 5710 324 328 56 0
> 10810 5340 373 252 31 2
> 15114 3757 -228 372 170 3
> 13268 6292 57 176 169 1
! 22789 44160 SHIELD
! 49784 14338 0
> 11764 5710 324 328 56 0
> 10810 5340 373 252 31 2
> 15114 3757 -228 372 170 3
> 13268 6292 57 176 169 1
! -83912 -10160 200
! -74193 54773 200
> 12088 6038 275 278 74 0
> 11183 5592 317 214 13 2
> 14688 4101 -362 292 188 3
> 13150 6565 -100 232 151 1
! 10692 46013 0
! 45469 26193 SHIELD
> 12088 6038 275 278 74 0
> 11183 5592 317 214 13 2
> 14688 4101 -362 292 188 3
> 13150 6565 -100 232 151 1
! -75191 -39736 200
! -55049 79700 200
> 12363 6316 233 236 92 0
> 11500 5806 269 181 31 2
> 14146 4305 -460 173 206 3
> 12914 6943 -200 321 133 1
! -1317 43903 SHIELD
! 37742 35994 SHIELD
> 12363 6316 233 236 92 0
> 11500 5806 269 181 31 2
> 14146 4305 -460 173 206 3
> 12914 6943 -200 321 133 1
! -75733 -39532 200
! -74547 55424 200
> 12578 6527 180 175 110 0
> 11769 5987 228 153 49 2
> 13506 4390 -543 72 -154 3
> 12719 7616 -139 609 151 1
! -12048 38047 0
! 27398 42807 0
> 12578 6527 180 175 110 0
> 11769 5987 228 153 49 2
> 13506 4390 -543 72 -154 3
> 12719 7616 -139 609 151 1
! -85520 -9527 200
! -85443 26696 200
> 12758 6702 153 148 128 1
> 11997 6140 193 130 67 2
> 12765 4434 -629 37 -172 3
> 12384 8263 -285 550 169 1
! -20403 29069 0
! 15483 45987 SHIELD
> 12758 6702 153 148 128 1
> 11997 6140 193 130 67 2
> 12765 4434 -629 37 -172 3
> 12384 8263 -285 550 169 1
! -85715 21798 200
! -86870 -3923 200
> 12911 6850 130 125 146 1
> 12190 6270 164 110 85 2
> 11939 4506 -702 60 170 3
> 11900 8789 -410 446 -173 1
! -25539 17875 0
! 3191 45244 SHIELD
> 12911 6850 130 125 146 1
> 12190 6270 164 110 85 2
> 11939 4506 -702 60 170 3
> 11900 8789 -410 446 -173 1
! -76355 51453 200
! -78730 -33472 200
> 13041 6975 110 106 164 1
> 12354 6380 139 93 103 2
> 11060 4660 -746 130 152 3
> 11309 9150 -502 307 -155 1
! -26934 5579 200
! -8247 40666 0
> 13041 6975 110 106 164 1
> 12354 6380 139 93 103 2
> 11060 4660 -746 130 152 3
> 11309 9150 -502 307 -155 1
! -58405 76594 200
! -61826 -59049 200
> 12991 7120 32 207 182 1
> 12453 6427 9 -44 121 2
> 10175 4934 -752 232 134 3
> 10661 9321 -551 145 -137 1
! -24596 -6560 200
! -17735 32669 0
> 12991 7120 32 207 182 1
> 12453 6427 9 -44 121 2
> 10175 4934 -752 232 134 3
> 10661 9321 -551 145 -137 1
! -33662 94813 200
! -37820 -78140 200
> 12835 7259 -132 117 -160 1
> 12462 6383 7 -37 139 2
> 9335 5346 -713 349 116 3
> 10013 9291 -550 -25 -119 1
! -24752 -6421 200
! -24358 22012 0
> 12835 7259 -132 117 -160 1
> 12462 6383 7 -37 139 2
> 9335 5346 -713 349 116 3
> 10013 9291 -550 -25 -119 1
! -34502 95225 200
! -9067 -88871 0
> 12515 7308 -271 41 -160 1
> 12469 6346 5 -31 157 2
> 8534 5875 -680 449 116 3
> 9463 9266 -467 -21 -101 1
! -25072 -6372 200
! -27378 9832 200
> 12515 7308 -271 41 -160 1
> 12469 6346 5 -31 157 2
> 8534 5875 -680 449 116 3
> 9463 9266 -467 -21 -101 1
! -5383 104901 200
! 21649 -89988 200
> 12056 7281 -390 -23 -160 1
> 12275 6332 -165 -11 175 2
> 7826 6522 -601 549 98 3
> 9020 9046 -376 -186 -83 1
! -19464 -17345 200
! -26699 -2666 200
> 12056 7281 -390 -23 -160 1
> 12275 6332 -165 -11 175 2
> 7826 6522 -601 549 98 3
> 9020 9046 -376 -186 -83 1
! 25190 105002 0
! 51281 -81584 200
> 11508 7135 -465 -124 -142 1
> 11915 6276 -305 -47 193 2
> 7225 7071 -510 466 80 3
> 8729 8679 -247 -312 -65 1
! -26079 -6545 200
! -22371 -14325 200
> 11508 7135 -465 -124 -142 1
> 11915 6276 -305 -47 193 2
> 7225 7071 -510 466 80 3
> 8729 8679 -247 -312 -65 1
! 54172 95365 0
! 50990 -81951 200
> 10855 6943 -554 -163 -160 1
> 11439 6126 -404 -127 -149 2
> 6715 7537 -433 396 62 4
> 8567 8186 -138 -419 -65 1
! -20665 -17683 200
! -27535 -2872 200
> 10855 6943 -554 -163 -160 1
> 11439 6126 -404 -127 -149 2
> 6715 7537 -433 396 62 4
> 8567 8186 -138 -419 -65 1
! 78649 77002 0
! 50828 -82444 200
> 10143 6657 -604 -243 -142 1
> 10840 5954 -509 -146 -167 2
> 6282 7933 -368 336 44 4
> 8514 7586 -45 -510 -65 1
! -27444 -7023 200
! -29007 9440 200
> 10143 6657 -604 -243 -142 1
> 10840 5954 -509 -146 -167 2
> 6282 7933 -368 336 44 4
> 8514 7586 -45 -510 -65 1
! 96161 51770 0
! 50775 -83044 200
> 9351 6346 -673 -264 -160 1
> 10132 5825 -602 -109 175 2
> 5914 8269 -312 285 26 4
> 8554 6895 33 -587 -65 1
! -30624 4950 SHIELD
! -28842 -3173 SHIELD
> 9351 6346 -673 -264 -160 1
> 10132 5825 -602 -109 175 2
> 5914 8269 -312 285 26 4
> 8554 6895 33 -587 -65 1
! 104940 22186 200
! 20740 -92359 SHIELD
> 8746 5949 -624 -300 -178 1
> 9937 5496 58 -401 -167 2
> 5800 8582 -96 265 8 4
> 8112 6662 -489 -113 -83 1
! -29704 16974 0
! -24349 -15105 0
> 8746 5949 -624 -300 -178 1
> 9937 5496 58 -401 -167 2
> 5800 8582 -96 265 8 4
> 8112 6662 -489 -113 -83 1
! 104280 -8782 200
! -10969 -91500 0
> 8122 5649 -530 -255 164 1
> 9995 5095 49 -340 -149 2
> 5901 8812 85 195 -10 4
> 7623 6549 -415 -96 -101 1
! -25039 28016 0
! -28979 -3903 0
> 8122 5649 -530 -255 164 1
> 9995 5095 49 -340 -149 2
> 5901 8812 85 195 -10 4
> 7623 6549 -415 -96 -101 1
! 94195 -38135 200
! -40858 -80912 200
> 7592 5394 -450 -216 146 1
> 10044 4755 41 -289 -167 2
> 6163 8913 222 85 -28 4
> 7208 6453 -352 -81 -119 1
! -30858 16419 0
! -24242 -15846 0
> 7592 5394 -450 -216 146 1
> 10044 4755 41 -289 -167 2
> 6163 8913 222 85 -28 4
> 7208 6453 -352 -81 -119 1
! 75628 -63021 0
! -11872 -91709 0
> 7142 5178 -382 -183 164 1
> 10085 4466 34 -245 -149 2
> 6385 8998 188 72 -46 4
> 6856 6372 -299 -68 -101 1
! -31308 16203 200
! -28889 -4532 0
> 7142 5178 -382 -183 164 1
> 10085 4466 34 -245 -149 2
> 6385 8998 188 72 -46 4
> 6856 6372 -299 -68 -101 1
! 50222 -80881 200
! 19042 -92882 200
> 6568 5050 -488 -108 164 1
> 10119 4221 28 -208 -167 2
> 6661 8890 234 -91 -64 4
> 6581 6105 -233 -226 -83 1
! -26593 27417 SHIELD
! -28855 -4777 200
> 6568 5050 -488 -108 164 1
> 10119 4221 28 -208 -167 2
> 6661 8890 234 -91 -64 4
> 6581 6105 -233 -226 -83 1
! 20578 -90136 200
! 48842 -84525 200
> 6080 4942 -414 -91 146 1
> 9952 3968 -141 -215 -167 2
> 6923 8601 222 -245 -82 4
> 6433 5698 -126 -346 -65 1
! -18546 36462 SHIELD
! -29895 7454 200
> 6080 4942 -414 -91 146 1
> 9952 3968 -141 -215 -167 2
> 6923 8601 222 -245 -82 4
> 6433 5698 -126 -346 -65 1
! -10441 -89879 200
! 74632 -67437 200
> 5658 4839 -361 -90 128 1
> 9612 3770 -289 -167 175 2
> 7110 8159 159 -375 -100 4
> 6527 5325 104 -282 -47 1
! -8022 42426 SHIELD
! -29362 -5228 200
> 5658 4839 -361 -90 128 1
> 9612 3770 -289 -167 175 2
> 7110 8159 159 -375 -100 4
> 6527 5325 104 -282 -47 1
! -10254 -90321 200
! 74726 -67810 0
> 5297 4749 -306 -76 110 1
> 9128 3558 -411 -180 -167 2
> 7234 7587 105 -486 -100 4
> 6631 5043 88 -239 -47 1
! 3901 44724 SHIELD
! -30719 7044 0
> 5297 4749 -306 -76 110 1
> 9128 3558 -411 -180 -167 2
> 7234 7587 105 -486 -100 4
> 6631 5043 88 -239 -47 1
! 21151 -91439 200
! 48892 -85587 200
> 4991 4673 -260 -64 92 1
> 8717 3378 -349 -153 175 2
> 7367 6903 112 -581 -82 4
> 6804 4623 146 -357 -65 1
! 16016 43123 SHIELD
! -28103 19007 200
> 4991 4673 -260 -64 92 1
> 8717 3378 -349 -153 175 2
> 7367 6903 112 -581 -82 4
> 6804 4623 146 -357 -65 1
! 21284 -92123 200
! 75003 -68512 200
> 4731 4609 -221 -54 74 1
> 8184 3303 -453 -63 157 2
> 7507 6124 118 -662 -82 4
> 7086 4120 240 -427 -47 1
! 27098 37770 SHIELD
! -22004 29545 200
> 4731 4609 -221 -54 74 1
> 8184 3303 -453 -63 157 2
> 7507 6124 118 -662 -82 4
> 7086 4120 240 -427 -47 1
! -9857 -92356 0
! 94547 -44361 SHIELD
> 4510 4555 -187 -45 56 2
> 8124 2896 605 -919 139 2
> 7625 5462 100 -562 -100 4
> 7272 3740 92 -265 -29 1
! 36030 29181 0
! -12477 37182 200
> 4510 4555 -187 -45 56 2
> 8124 2896 605 -919 139 2
> 7625 5462 100 -562 -100 4
> 7272 3740 92 -265 -29 1
! -39322 -82832 0
! 105434 -15341 0
> 4323 4510 -158 -38 38 2
> 8626 2148 426 -635 121 2
> 7725 4900 85 -477 -118 4
> 7364 3475 78 -225 -11 1
! 41910 18190 0
! -372 41122 200
> 4323 4510 -158 -38 38 2
> 8626 2148 426 -635 121 2
> 7725 4900 85 -477 -118 4
> 7364 3475 78 -225 -11 1
! -39222 -83394 200
! 106618 15661 0
> 4165 4472 -134 -32 20 2
> 9007 1708 323 -374 103 2
> 7716 4246 -7 -555 -118 4
> 7442 3250 66 -191 7 1
! 44140 5867 0
! -11594 35994 200
> 4165 4472 -134 -32 20 2
> 9007 1708 323 -374 103 2
> 7716 4246 -7 -555 -118 4
> 7442 3250 66 -191 7 1
! -39231 -84048 0
! 105604 -15830 200
> 4031 4440 -113 -27 2 2
> 9227 1505 186 -172 121 2
> 7748 3822 83 -170 -118 4
> 7469 2928 -33 -463 -11 1
! 44006 5835 200
! -20961 27747 200
> 4031 4440 -113 -27 2 2
> 9227 1505 186 -172 121 2
> 7748 3822 83 -170 -118 4
> 7469 2928 -33 -463 -11 1
! -39199 -84472 200
! 105631 -16153 200
> 4118 4420 73 -17 2 2
> 9262 1464 29 -34 139 2
> 7737 3475 -9 -294 -118 4
> 7632 2427 138 -425 -11 1
! 42568 -6605 200
! -27558 17093 200
> 4118 4420 73 -17 2 2
> 9262 1464 29 -34 139 2
> 7737 3475 -9 -294 -118 4
> 7632 2427 138 -425 -11 1
! -9627 -95005 200
! 106886 14613 200
> 4383 4348 225 -61 -16 2
> 9107 1508 -131 37 157 2
> 7693 2984 -37 -417 -100 4
> 7969 2026 286 -340 7 1
! 42833 -6677 200
! -21081 27750 200
> 4383 4348 225 -61 -16 2
> 9107 1508 -131 37 157 2
> 7693 2984 -37 -417 -100 4
> 7969 2026 286 -340 7 1
! -39254 -85310 200
! 98599 44287 SHIELD
> 4800 4232 354 -98 -16 2
> 9257 1568 771 -109 139 2
> 7562 2390 -111 -504 -118 4
> 8212 1697 142 -263 25 1
! 37961 -18135 200
! -11344 35854 200
> 4800 4232 354 -98 -16 2
> 9257 1568 771 -109 139 2
> 7562 2390 -111 -504 -118 4
> 8212 1697 142 -263 25 1
! -9802 -96090 0
! 81347 69896 0
> 5320 4022 441 -178 -34 2
> 9925 1630 567 53 121 2
> 7451 1886 -94 -428 -100 0
> 8354 1434 120 -223 43 1
! 43770 -7003 200
! 926 40604 200
> 5320 4022 441 -178 -34 2
> 9925 1630 567 53 121 2
> 7451 1886 -94 -428 -100 0
> 8354 1434 120 -223 43 1
! 21368 -97140 0
! 98984 43695 0
> 5953 3789 538 -198 -16 2
> 10447 1878 443 210 103 2
> 7357 1458 -79 -363 -82 0
> 8474 1211 102 -189 25 1
! 45928 5184 200
! 13933 41725 200
> 5953 3789 538 -198 -16 2
> 10447 1878 443 210 103 2
> 7357 1458 -79 -363 -82 0
> 8474 1211 102 -189 25 1
! 51193 -88421 0
! 107728 13397 0
> 6691 3598 627 -162 2 2
> 10907 2287 391 347 85 2
> 7278 1095 -67 -308 -64 0
> 8576 1022 86 -160 7 1
! 45141 -7427 200
! 1908 41261 200
> 6691 3598 627 -162 2 2
> 10907 2287 391 347 85 2
> 7278 1095 -67 -308 -64 0
> 8576 1022 86 -160 7 1
! 76743 -70839 0
! 99206 43283 200
> 7510 3381 696 -184 -16 2
> 11253 2829 294 460 103 2
> 7211 787 -56 -261 -46 0
> 8843 947 227 -64 25 1
! 45960 -7644 200
! -9348 37115 SHIELD
> 7510 3381 696 -184 -16 2
> 11253 2829 294 460 103 2
> 7211 787 -56 -261 -46 0
> 8843 947 227 -64 25 1
! 95505 -46160 0
! 81978 69146 200
> 8398 3142 755 -203 -16 2
> 11547 3289 249 391 121 2
> 7155 526 -47 -221 -28 0
> 9216 1019 317 61 43 1
! 48373 4537 200
! -18641 29531 SHIELD
> 8398 3142 755 -203 -16 2
> 11547 3289 249 391 121 2
> 7155 526 -47 -221 -28 0
> 9216 1019 317 61 43 1
! 105635 -16838 200
! 82351 69218 200
> 9353 2946 811 -166 2 2
> 11796 3680 211 332 139 2
> 7305 270 127 -217 -10 0
> 9679 1216 393 167 43 1
! 47803 -8079 200
! -25024 19309 SHIELD
> 9353 2946 811 -166 2 2
> 11796 3680 211 332 139 2
> 7305 270 127 -217 -10 0
> 9679 1216 393 167 43 1
! 106331 14187 200
! 58159 88677 0
> 10356 2725 852 -187 -16 2
> 12007 4012 179 282 157 2
> 7630 81 276 -160 8 0
> 10072 1383 334 141 61 1
! 50331 4120 SHIELD
! -27840 7498 SHIELD
> 10356 2725 852 -187 -16 2
> 12007 4012 179 282 157 2
> 7630 81 276 -160 8 0
> 10072 1383 334 141 61 1
! 97509 43918 200
! 29152 99545 200
> 11208 2538 724 -158 2 2
> 12186 4294 152 239 175 2
> 8086 9 387 -61 26 0
> 10444 1720 316 286 79 1
! 48795 16218 SHIELD
! -26788 -4704 SHIELD
> 11208 2538 724 -158 2 2
> 12186 4294 152 239 175 2
> 8086 9 387 -61 26 0
> 10444 1720 316 286 79 1
! 80019 69474 200
! 29524 99882 200
> 11932 2380 615 -134 20 2
> 12338 4533 129 203 193 2
> 8617 87 451 66 44 0
> 10798 2202 301 409 79 1
! 43452 27006 SHIELD
! -21948 -16068 SHIELD
> 11932 2380 615 -134 20 2
> 12338 4533 129 203 193 2
> 8617 87 451 66 44 0
> 10798 2202 301 409 79 1
! 55564 88381 200
! 59278 89663 0
> 12547 2246 522 -113 38 2
> 12467 4736 109 172 -149 2
> 9162 330 463 206 62 0
> 11099 2611 255 347 61 1
! 34914 35407 SHIELD
! -13775 -25452 SHIELD
> 12547 2246 522 -113 38 2
> 12467 4736 109 172 -149 2
> 9162 330 463 206 62 0
> 11099 2611 255 347 61 1
! 56109 88624 200
! 30179 100773 200
> 13069 2133 443 -96 56 3
> 12576 4908 92 146 -131 2
> 9719 713 473 325 62 0
> 11392 3154 249 461 79 1
! 24094 40583 0
! -21710 -15693 0
> 13069 2133 443 -96 56 3
> 12576 4908 92 146 -131 2
> 9719 713 473 325 62 0
> 11392 3154 249 461 79 1
! 27083 99193 200
! 59872 90615 200
> 13512 2037 376 -81 74 3
> 12668 5054 78 124 -149 2
> 10227 1235 431 443 80 0
> 11738 3790 294 540 61 1
! 35879 35198 0
! -26306 -3944 0
> 13512 2037 376 -81 74 3
> 12668 5054 78 124 -149 2
> 10227 1235 431 443 80 0
> 11738 3790 294 540 61 1
! -3690 100261 200
! 60218 91251 200
> 13888 1956 319 -68 56 3
> 12746 5178 66 105 -167 2
> 10630 1876 342 544 98 0
> 12129 4505 332 607 61 1
! 24913 40406 0
! -21540 -15423 0
> 13888 1956 319 -68 56 3
> 12746 5178 66 105 -167 2
> 10630 1876 342 544 98 0
> 12129 4505 332 607 61 1
! -3287 100902 200
! 31209 102667 SHIELD
> 14207 1888 271 -57 74 3
> 13363 5842 646 687 -149 2
> 10944 2618 267 630 98 0
> 12406 5056 223 456 79 1
! 12811 41863 200
! -20923 -14759 200
> 14207 1888 271 -57 74 3
> 13363 5842 646 687 -149 2
> 10944 2618 267 630 98 0
> 12406 5056 223 456 79 1
! 28308 101098 200
! 219 104310 0
> 14471 2031 224 121 92 3
> 13838 6426 403 496 -149 2
> 11246 3445 256 702 80 0
> 12629 5512 189 387 97 1
! 790 39618 200
! -20448 -14175 200
> 14471 2031 224 121 92 3
> 13838 6426 403 496 -149 2
> 11246 3445 256 702 80 0
> 12629 5512 189 387 97 1
! 28610 101925 200
! -29632 96142 0
> 14627 2340 132 262 110 3
> 14070 6819 196 334 -149 2
> 11537 4344 247 764 80 0
> 12818 5899 160 328 115 1
! -9999 33860 200
! -20216 -13782 200
> 14627 2340 132 262 110 3
> 14070 6819 196 334 -149 2
> 11537 4344 247 764 80 0
> 12818 5899 160 328 115 1
! 28901 102824 200
! -55381 79034 0
> 14636 2760 7 356 128 3
> 14095 7050 20 196 -149 2
> 11819 5305 239 816 80 0
> 12978 6227 136 278 133 1
! -18525 25127 200
! -20191 -13551 200
> 14636 2760 7 356 128 3
> 14095 7050 20 196 -149 2
> 11819 5305 239 816 80 0
> 12978 6227 136 278 133 1
! -2098 104331 200
! -74483 54708 0
> 14477 3228 -134 397 146 3
> 13944 7143 -128 79 -149 2
> 12030 6319 179 861 98 0
> 13114 6505 115 236 151 1
! -23973 14253 200
! -25030 -1855 200
> 14477 3228 -134 397 146 3
> 13944 7143 -128 79 -149 2
> 12030 6319 179 861 98 0
> 13114 6505 115 236 151 1
! -31807 96198 0
! -85048 25585 0
> 14151 3680 -277 384 164 3
> 13784 7321 18 289 -167 2
> 12209 7180 152 731 116 1
> 13066 6597 -195 -59 169 1
! -24299 14705 200
! -20502 -13280 200
> 14151 3680 -277 384 164 3
> 13784 7321 18 289 -167 2
> 12209 7180 152 731 116 1
> 13066 6597 -195 -59 169 1
! -57256 79114 0
! -86188 -5589 200
> 13682 4119 -398 373 164 3
> 13631 7507 -130 158 -149 2
> 12361 7911 129 621 134 1
> 12672 6514 -334 -70 -173 1
! -24768 15144 200
! -25343 -1491 200
> 13682 4119 -398 373 164 3
> 13631 7507 -130 158 -149 2
> 12361 7911 129 621 134 1
> 12672 6514 -334 -70 -173 1
! -75933 54858 0
! -77958 -35747 0
> 13092 4547 -501 363 164 3
> 13306 7620 -276 96 -167 2
> 12490 8532 109 527 152 1
> 12338 6444 -283 -59 -155 1
! -20069 26914 SHIELD
! -25668 -1378 200
> 13092 4547 -501 363 164 3
> 13306 7620 -276 96 -167 2
> 12490 8532 109 527 152 1
> 12338 6444 -283 -59 -155 1
! -85990 25896 200
! -60797 -61755 200
> 12591 4910 -425 308 146 3
> 12835 7671 -400 43 -167 2
> 12402 9094 -74 477 170 1
> 11909 6249 -364 -166 -137 1
! -25859 15935 0
! -26139 -1327 200
> 12591 4910 -425 308 146 3
> 12835 7671 -400 43 -167 2
> 12402 9094 -74 477 170 1
> 11909 6249 -364 -166 -137 1
! -86624 -4823 200
! -78721 -36012 0
> 12166 5218 -361 261 164 3
> 12240 7669 -505 -1 -167 2
> 12130 9543 -231 381 188 1
> 11545 6083 -309 -141 -155 1
! -20995 27585 0
! -22046 -12932 200
> 12166 5218 -361 261 164 3
> 12240 7669 -505 -1 -167 2
> 12130 9543 -231 381 188 1
> 11545 6083 -309 -141 -155 1
! -77749 -34294 200
! -87709 -6103 SHIELD
> 11895 5393 45 -112 146 3
> 11564 7565 -574 -88 -149 2
> 11719 9836 -349 249 206 1
> 11227 5951 -297 -86 -173 1
! -26555 16418 0
! -22722 -13036 200
> 11895 5393 45 -112 146 3
> 11564 7565 -574 -88 -149 2
> 11719 9836 -349 249 206 1
> 11227 5951 -297 -86 -173 1
! -60215 -59629 200
! -86935 25031 0
> 11940 5281 38 -95 164 3
> 10819 7374 -633 -162 -149 2
> 11226 9946 -418 93 -136 1
> 10930 5865 -252 -73 169 1
! -21221 27648 200
! -28155 -1624 0
> 11940 5281 38 -95 164 3
> 10819 7374 -633 -162 -149 2
> 11226 9946 -418 93 -136 1
> 10930 5865 -252 -73 169 1
! -35721 -78348 200
! -76531 54346 200
> 11812 5298 -108 14 146 3
> 10186 7212 -538 -137 -167 2
> 10714 9862 -435 -71 -118 1
> 10678 5792 -214 -62 151 1
! -21349 27665 200
! -24100 -13389 200
> 11812 5298 -108 14 146 3
> 10186 7212 -538 -137 -167 2
> 10714 9862 -435 -71 -118 1
> 10678 5792 -214 -62 151 1
! -6650 -88618 200
! -57521 78927 0
> 11538 5424 -232 106 146 3
> 9477 6972 -603 -204 -149 2
> 10244 9594 -399 -227 -100 1
> 10464 5730 -181 -52 133 1
! -13088 36944 200
! -29497 -2026 SHIELD
> 11538 5424 -232 106 146 3
> 9477 6972 -603 -204 -149 2
> 10244 9594 -399 -227 -100 1
> 10464 5730 -181 -52 133 1
! -7120 -88886 200
! -31797 96360 0
> 11183 5688 -301 224 128 3
> 8874 6768 -512 -173 -167 2
> 9810 9170 -368 -360 -100 1
> 10283 5678 -153 -44 115 1
! -21978 28055 200
! -30973 10254 0
> 11183 5688 -301 224 128 3
> 8874 6768 -512 -173 -167 2
> 9810 9170 -368 -360 -100 1
> 10283 5678 -153 -44 115 1
! -37137 -79124 200
! -1903 104932 200
> 10890 6040 -167 307 146 3
> 8362 6595 -435 -147 175 2
> 9348 8633 -392 -456 -118 1
> 9932 5816 -380 109 97 1
! -27560 17065 200
! -30612 -2403 SHIELD
> 10890 6040 -167 307 146 3
> 8362 6595 -435 -147 175 2
> 9348 8633 -392 -456 -118 1
> 9932 5816 -380 109 97 1
! -37599 -79661 200
! -2254 105070 0
> 10531 6402 -305 307 164 3
> 7927 6448 -369 -124 -167 2
> 8862 8000 -413 -537 -118 1
> 9552 5925 -323 92 97 1
! -29444 5006 200
! -31920 9934 SHIELD
> 10531 6402 -305 307 164 3
> 7927 6448 -369 -124 -167 2
> 8862 8000 -413 -537 -118 1
> 9552 5925 -323 92 97 1
! -8502 -90480 200
! -32709 96555 200
> 10026 6702 -429 255 -178 3
> 7558 6324 -313 -105 175 2
> 8414 7266 -380 -623 -100 1
> 9144 6198 -346 232 115 1
! -27561 -6978 200
! -29262 21953 SHIELD
> 10026 6702 -429 255 -178 3
> 7558 6324 -313 -105 175 2
> 8414 7266 -380 -623 -100 1
> 9144 6198 -346 232 115 1
! -38533 -81028 200
! -3042 105452 200
> 9557 6962 123 489 -160 3
> 7220 6205 -373 -149 157 2
> 7984 6641 -226 69 -118 1
> 8829 6519 -64 -114 97 1
! -21963 -17664 200
! -22968 32447 SHIELD
> 9557 6962 123 489 -160 3
> 7220 6205 -373 -149 157 2
> 7984 6641 -226 69 -118 1
> 8829 6519 -64 -114 97 1
! -38963 -81653 200
! -3357 105773 200
> 9522 7328 -29 310 -142 3
> 6847 6056 -317 -126 139 2
> 7664 6533 -271 -91 -118 1
> 8741 6604 -75 71 97 1
! -28065 -6352 200
! -13754 40342 SHIELD
> 9522 7328 -29 310 -142 3
> 6847 6056 -317 -126 139 2
> 7664 6533 -271 -91 -118 1
> 8741 6604 -75 71 97 1
! -64270 -62932 200
! 27821 104766 200
> 9305 7570 -184 205 -160 3
> 6530 5930 -269 -107 121 2
> 7249 6303 -352 -195 -136 1
> 8704 6871 -31 227 79 1
! -22215 -17056 200
! -2468 44904 SHIELD
> 9305 7570 -184 205 -160 3
> 6530 5930 -269 -107 121 2
> 7249 6303 -352 -195 -136 1
> 8704 6871 -31 227 79 1
! -64685 -63162 200
! 27784 105033 200
> 9197 7931 -25 386 -142 3
> 6213 5798 -270 -112 103 2
> 7231 6215 -1 -68 -136 1
> 8478 7015 -258 43 79 1
! -28390 -5749 200
! 9699 45645 SHIELD
> 9197 7931 -25 386 -142 3
> 6213 5798 -270 -112 103 2
> 7231 6215 -1 -68 -136 1
> 8478 7015 -258 43 79 1
! -64703 -63250 200
! 56958 94476 200
> 8984 8249 -180 269 -160 3
> 5943 5686 -229 -95 85 2
> 7086 6008 -123 -175 -136 1
> 8317 7233 -136 185 61 1
! -28603 -5431 200
! 21572 42506 0
> 8984 8249 -180 269 -160 3
> 5943 5686 -229 -95 85 2
> 7086 6008 -123 -175 -136 1
> 8317 7233 -136 185 61 1
! -64848 -63457 200
! 27397 105395 200
> 8616 8450 -312 170 -160 3
> 5714 5591 -194 -80 67 2
> 6819 5694 -226 -266 -136 1
> 8219 7614 -83 324 79 1
! -22904 -16176 0
! 31956 35779 0
> 8616 8450 -312 170 -160 3
> 5714 5591 -194 -80 67 2
> 6819 5694 -226 -266 -136 1
> 8219 7614 -83 324 79 1
! -83060 -38143 0
! -3967 106868 200
> 8421 8875 -121 457 -142 3
> 5520 5511 -164 -68 49 2
> 6593 5428 -192 -226 -154 1
> 7995 7882 -235 130 97 1
! -13946 -24286 200
! 39806 26112 0
> 8421 8875 -121 457 -142 3
> 5520 5511 -164 -68 49 2
> 6593 5428 -192 -226 -154 1
> 7995 7882 -235 130 97 1
! -92433 -8489 200
! -4191 107136 0
> 8188 9166 -197 247 -124 3
> 5356 5443 -139 -57 31 2
> 6203 5174 -331 -215 -172 1
> 7760 8012 -199 110 97 1
! -2837 -29284 200
! 44330 14441 0
> 8188 9166 -197 247 -124 3
> 5356 5443 -139 -57 31 2
> 6203 5174 -331 -215 -172 1
> 7760 8012 -199 110 97 1
! -92277 22538 200
! 26840 106174 200
> 7936 9221 -214 46 -106 3
> 5006 5472 -364 52 13 2
> 5886 4908 -202 -254 170 1
> 7599 8318 -136 260 79 1
! 9331 -30754 200
! 44853 1985 200
> 7936 9221 -214 46 -106 3
> 5006 5472 -364 52 13 2
> 5886 4908 -202 -254 170 1
> 7599 8318 -136 260 79 1
! -82408 51855 200
! 56079 95779 200
> 7892 9482 13 351 -88 3
> 4841 5507 -140 29 -5 2
> 5507 4748 -321 -136 152 1
> 7397 8338 -222 -112 61 1
! -3133 -28968 200
! 41661 -10122 200
> 7892 9482 13 351 -88 3
> 4841 5507 -140 29 -5 2
> 5507 4748 -321 -136 152 1
> 7397 8338 -222 -112 61 1
! -82787 51695 200
! 80532 76537 0
> 7850 9641 -35 134 -106 3
> 4866 5511 -23 129 -23 2
> 5028 4652 -362 -207 152 1
> 7175 8226 -188 -95 43 1
! -3175 -28809 200
! 41686 -10118 200
> 7850 9641 -35 134 -106 3
> 4866 5511 -23 129 -23 2
> 5028 4652 -362 -207 152 1
> 7175 8226 -188 -95 43 1
! -64437 76586 200
! 55655 95687 200
> 7760 9583 -76 -49 -106 3
> 5027 5562 136 43 -23 2
> 4527 4589 -425 -53 134 2
> 7084 8306 -77 67 61 1
! -14607 -23578 200
! 41847 -10067 200
> 7760 9583 -76 -49 -106 3
> 5027 5562 136 43 -23 2
> 4527 4589 -425 -53 134 2
> 7084 8306 -77 67 61 1
! -39310 94468 0
! 80219 76505 200
> 7572 9368 -159 -182 -124 3
> 5347 5527 272 -29 -23 2
> 4102 4536 -361 -45 116 2
> 7153 8509 58 172 43 1
! -3453 -29082 SHIELD
! 35535 -20715 200
> 7572 9368 -159 -182 -124 3
> 5347 5527 272 -29 -23 2
> 4102 4536 -361 -45 116 2
> 7153 8509 58 172 43 1
! -9815 103562 0
! 55633 95970 0
> 7433 9228 -108 -96 -106 3
> 5770 5367 359 -136 -41 2
> 3741 4491 -306 -38 98 2
> 7014 8257 -219 -431 61 1
! -14934 -23933 0
! 42590 -10262 200
> 7433 9228 -108 -96 -106 3
> 5770 5367 359 -136 -41 2
> 3741 4491 -306 -38 98 2
> 7014 8257 -219 -431 61 1
! 21105 102971 0
! 55494 95718 200
> 7325 9132 -91 -81 -124 3
> 6313 5153 461 -182 -23 2
> 3435 4453 -260 -32 80 2
> 6892 8001 -103 -217 61 1
! -24195 -15494 0
! 43133 -10476 200
> 7325 9132 -91 -81 -124 3
> 6313 5153 461 -182 -23 2
> 3435 4453 -260 -32 80 2
> 6892 8001 -103 -217 61 1
! 50382 92747 200
! 25972 106163 200
> 7234 9051 -77 -68 -142 3
> 6958 4893 548 -221 -23 2
> 3269 4598 -141 122 62 2
> 6827 7980 -55 -17 79 1
! -15133 -24110 0
! 37146 -21349 0
> 7234 9051 -77 -68 -142 3
> 6958 4893 548 -221 -23 2
> 3269 4598 -141 122 62 2
> 6827 7980 -55 -17 79 1
! 75203 74063 200
! 25907 106142 200
> 7157 8983 -65 -57 -124 3
> 7506 4672 465 -187 -41 2
> 3272 4859 2 221 44 2
> 6810 8159 -14 152 79 1
! -3868 -29467 0
! 44326 -10957 0
> 7157 8983 -65 -57 -124 3
> 7506 4672 465 -187 -41 2
> 3272 4859 2 221 44 2
> 6810 8159 -14 152 79 1
! 93151 48696 200
! 55290 95620 200
> 7216 9218 81 273 -106 3
> 7971 4485 395 -158 -23 2
> 3454 5168 154 262 26 2
> 6769 8194 -66 -43 61 1
! -3809 -29232 200
! 38159 -21757 200
> 7216 9218 81 273 -106 3
> 7971 4485 395 -158 -23 2
> 3454 5168 154 262 26 2
> 6769 8194 -66 -43 61 1
! 102480 19085 200
! 55249 95655 200
> 7242 9299 21 68 -106 3
> 8517 4196 464 -245 -41 2
> 3806 5458 299 246 8 2
> 6800 8326 26 112 61 1
! -3783 -29151 200
! 45337 -11433 SHIELD
> 7242 9299 21 68 -106 3
> 8517 4196 464 -245 -41 2
> 3806 5458 299 246 8 2
> 6800 8326 26 112 61 1
! 102286 -11906 200
! 55280 95787 0
> 7208 9175 -29 -105 -106 3
> 8981 3951 394 -208 -23 2
> 4302 5669 421 179 -10 2
> 6826 8438 22 95 61 1
! -15159 -23986 0
! 48828 464 SHIELD
> 7208 9175 -29 -105 -106 3
> 8981 3951 394 -208 -23 2
> 4302 5669 421 179 -10 2
> 6826 8438 22 95 61 1
! 92596 -41278 200
! 55306 95899 200
> 7351 9398 133 212 -124 3
> 9375 3743 334 -176 -5 2
> 4900 5754 507 72 -28 2
> 6773 8379 -56 -72 61 1
! -15016 -23763 200
! 48349 12741 SHIELD
> 7351 9398 133 212 -124 3
> 9375 3743 334 -176 -5 2
> 4900 5754 507 72 -28 2
> 6773 8379 -56 -72 61 1
! 74365 -66180 200
! 55253 95840 0
> 7372 9444 17 39 -124 3
> 9709 3567 283 -149 13 2
> 5546 5682 549 -61 -46 2
> 6717 8307 -47 -61 61 1
! -3653 -29006 200
! 43995 24168 SHIELD
> 7372 9444 17 39 -124 3
> 9709 3567 283 -149 13 2
> 5546 5682 549 -61 -46 2
> 6717 8307 -47 -61 61 1
! 75011 -66252 200
! 55197 95768 200
> 7334 9291 -32 -130 -106 3
> 9992 3418 240 -126 31 2
> 6234 5477 584 -174 -46 2
> 6767 8421 42 96 61 1
! -15033 -23870 0
! 48966 12416 SHIELD
> 7334 9291 -32 -130 -106 3
> 9992 3418 240 -126 31 2
> 6234 5477 584 -174 -46 2
> 6767 8421 42 96 61 1
! 75699 -66457 200
! 79902 76620 200
> 7405 9315 172 189 -124 3
> 10232 3292 204 -107 13 2
> 6957 5159 614 -270 -46 2
> 6853 8499 -39 -102 43 1
! -24115 -15311 200
! 44518 23893 SHIELD
> 7405 9315 172 189 -124 3
> 10232 3292 204 -107 13 2
> 6957 5159 614 -270 -46 2
> 6853 8499 -39 -102 43 1
! 76422 -66775 200
! 55333 95960 0
> 7419 9381 12 55 -142 3
> 10436 3185 173 -90 31 2
> 7710 4745 639 -351 -46 2
> 6814 8397 -33 -86 61 1
! -14948 -23780 200
! 36678 33373 SHIELD
> 7419 9381 12 55 -142 3
> 10436 3185 173 -90 31 2
> 7710 4745 639 -351 -46 2
> 6814 8397 -33 -86 61 1
! 77175 -67189 200
! 55294 95858 200
> 7319 9270 -84 -94 -124 3
> 10609 3095 147 -76 49 2
> 8488 4250 661 -420 -46 2
> 6878 8486 54 75 61 1
! -3706 -29180 0
! 26238 39915 SHIELD
> 7319 9270 -84 -94 -124 3
> 10609 3095 147 -76 49 2
> 8488 4250 661 -420 -46 2
> 6878 8486 54 75 61 1
! 77953 -67684 200
! 25958 106648 SHIELD
> 7333 9360 84 211 -106 3
> 10756 3019 124 -64 67 2
> 9288 3686 679 -479 -46 2
> 6922 8543 30 34 79 1
! -15034 -23801 200
! 14242 42866 SHIELD
> 7333 9360 84 211 -106 3
> 10756 3019 124 -64 67 2
> 9288 3686 679 -479 -46 2
> 6922 8543 30 34 79 1
! 97582 -43261 200
! 55402 96004 0
> 7305 9405 -23 38 -124 3
> 10888 2953 230 -84 85 2
> 10060 3133 -520 -187 -28 2
> 6952 8577 25 28 61 1
! -3720 -29045 200
! 26517 39773 SHIELD
> 7305 9405 -23 38 -124 3
> 10888 2953 230 -84 85 2
> 10060 3133 -520 -187 -28 2
> 6952 8577 25 28 61 1
! 98354 -43814 200
! 26032 106739 200
> 7271 9358 5 44 -106 3
> 11118 2869 195 -71 67 2
> 9717 2852 -291 -238 -28 2
> 6933 8498 -50 -152 79 1
! -3754 -29092 200
! 37360 33057 SHIELD
> 7271 9358 5 44 -106 3
> 11118 2869 195 -71 67 2
> 9717 2852 -291 -238 -28 2
> 6933 8498 -50 -152 79 1
! 108197 -14512 200
! 55413 95959 0
> 7221 9210 -42 -126 -106 3
> 11313 2798 165 -60 49 2
> 9623 2579 -79 -231 -10 2
> 6883 8346 -42 -129 61 1
! -3804 -29240 200
! 45599 23399 SHIELD
> 7221 9210 -42 -126 -106 3
> 11313 2798 165 -60 49 2
> 9623 2579 -79 -231 -10 2
> 6883 8346 -42 -129 61 1
! 108649 16496 200
! 25963 106508 200
> 7225 9136 45 36 -106 3
> 11478 2738 140 -51 31 2
> 9742 2376 101 -172 8 2
> 6778 8169 -131 -250 79 1
! -3800 -29314 200
! 50452 11736 SHIELD
> 7225 9136 45 36 -106 3
> 11478 2738 140 -51 31 2
> 9742 2376 101 -172 8 2
> 6778 8169 -131 -250 79 1
! 108768 16293 200
! 55258 95630 200
> 7215 8980 -8 -132 -106 3
> 11618 2687 119 -43 13 2
> 10041 2232 254 -122 8 2
> 6744 8094 -28 -63 61 1
! -15152 -24181 200
! 51465 -799 SHIELD
> 7215 8980 -8 -132 -106 3
> 11618 2687 119 -43 13 2
> 10041 2232 254 -122 8 2
> 6744 8094 -28 -63 61 1
! 109067 16149 200
! 55224 95555 200
> 7214 8898 82 81 -124 3
> 11737 2644 101 -36 -5 2
> 10493 2138 384 -80 8 2
> 6694 7990 -125 -239 61 1
! -15153 -24263 200
! 48557 -12985 SHIELD
> 7214 8898 82 81 -124 3
> 11737 2644 101 -36 -5 2
> 10493 2138 384 -80 8 2
> 6694 7990 -125 -239 61 1
! 100372 45975 0
! 55174 95451 200
> 7184 8813 -25 -72 -124 3
> 11838 2608 85 -30 -23 2
> 10877 2058 326 -68 26 2
> 6666 7926 -23 -54 61 1
! -3841 -29637 200
! 42026 -23634 0
> 7184 8813 -25 -72 -124 3
> 11838 2608 85 -30 -23 2
> 10877 2058 326 -68 26 2
> 6666 7926 -23 -54 61 1
! 100756 45895 200
! 55146 95387 200
> 7202 8701 119 66 -106 3
> 11973 2619 305 167 -41 2
> 11333 2036 196 -175 26 2
> 6642 7895 -124 -188 61 1
! -15165 -24460 200
! 32574 -31667 SHIELD
> 7202 8701 119 66 -106 3
> 11973 2619 305 167 -41 2
> 11333 2036 196 -175 26 2
> 6642 7895 -124 -188 61 1
! 101212 45873 200
! 55122 95356 200
> 7209 8601 6 -84 -124 3
> 12278 2786 259 141 -59 2
> 11709 1949 319 -74 26 2
> 6615 7882 -22 -11 61 1
! -15158 -24560 200
! 21276 -36188 0
> 7209 8601 6 -84 -124 3
> 12278 2786 259 141 -59 2
> 11709 1949 319 -74 26 2
> 6615 7882 -22 -11 61 1
! 83642 71414 200
! 79750 76081 200
> 7301 8579 151 66 -124 3
> 12537 2927 220 119 -77 2
> 12172 2014 393 55 44 2
> 6542 7779 -136 -172 43 1
! -24219 -16047 200
! 33138 -31359 SHIELD
> 7301 8579 151 66 -124 3
> 12537 2927 220 119 -77 2
> 12172 2014 393 55 44 2
> 6542 7779 -136 -172 43 1
! 59119 90308 0
! 79677 75978 200
> 7294 8522 -5 -48 -142 3
> 12757 3046 187 101 -59 2
> 12565 2069 334 46 62 3
> 6552 7743 8 -30 43 1
! -24226 -16104 200
! 21755 -35928 SHIELD
> 7294 8522 -5 -48 -142 3
> 12757 3046 187 101 -59 2
> 12565 2069 334 46 62 3
> 6552 7743 8 -30 43 1
! 29929 100549 0
! 79687 75942 200
> 7227 8457 98 119 -142 3
> 12944 3147 158 85 -77 2
> 12899 2115 283 39 80 3
> 6611 7743 -105 -174 43 1
! -24293 -16169 200
! 9457 -36700 0
> 7227 8457 98 119 -142 3
> 12944 3147 158 85 -77 2
> 12899 2115 283 39 80 3
> 6611 7743 -105 -174 43 1
! -1018 101141 200
! 55091 95204 200
> 7167 8453 -50 -3 -142 3
> 13102 3232 134 72 -95 2
> 13154 2352 216 201 98 3
> 6603 7744 -6 0 61 1
! -24353 -16173 200
! -2527 -33588 0
> 7167 8453 -50 -3 -142 3
> 13102 3232 134 72 -95 2
> 13154 2352 216 201 98 3
> 6603 7744 -6 0 61 1
! -30683 92231 200
! 55083 95205 200
> 7152 8576 42 175 -142 3
> 13222 3531 97 322 -113 2
> 13297 2506 125 61 116 3
> 6502 7670 -141 -134 61 1
! -15215 -24585 200
! -13020 -26657 0
> 7152 8576 42 175 -142 3
> 13222 3531 97 322 -113 2
> 13297 2506 125 61 116 3
> 6502 7670 -141 -134 61 1
! -56168 74440 200
! 79637 75869 200
> 7082 8585 -59 7 -124 3
> 13319 3853 82 273 -131 2
> 13283 2711 -11 174 134 3
> 6507 7672 4 2 43 1
! -3943 -29865 200
! -20967 -16748 200
> 7082 8585 -59 7 -124 3
> 13319 3853 82 273 -131 2
> 13283 2711 -11 174 134 3
> 6507 7672 4 2 43 1
! -75011 49658 200
! 54987 95133 200
> 7045 8519 96 143 -106 3
> 13230 4023 -76 144 -149 2
> 13095 2979 -159 227 152 3
> 6531 7729 -107 -150 61 1
! -3980 -29931 200
! -25744 -4975 200
> 7045 8519 96 143 -106 3
> 13230 4023 -76 144 -149 2
> 13095 2979 -159 227 152 3
> 6531 7729 -107 -150 61 1
! -85385 20343 200
! 79666 75928 200
> 7086 8470 34 -41 -106 3
> 12959 4122 -230 84 -167 2
> 12739 3241 -302 222 170 3
> 6570 7715 33 -11 43 1
! -15281 -24691 200
! -26015 -4876 200
> 7086 8470 34 -41 -106 3
> 12959 4122 -230 84 -167 2
> 12739 3241 -302 222 170 3
> 6570 7715 33 -11 43 1
! -75555 50188 200
! 55050 95176 200
> 7185 8516 140 118 -124 3
> 12577 4296 -297 233 -167 2
> 12217 3422 -470 68 152 3
> 6523 7627 -96 -154 61 1
! -3840 -29934 200
! -27270 7782 200
> 7185 8516 140 118 -124 3
> 12577 4296 -297 233 -167 2
> 12217 3422 -470 68 152 3
> 6523 7627 -96 -154 61 1
! -57248 75356 200
! 55003 95088 200
> 7270 8442 72 -63 -106 3
> 12081 4546 -421 212 175 2
> 11608 3634 -517 180 134 3
> 6524 7648 0 17 61 1
! -15097 -24719 200
! -27766 8032 200
> 7270 8442 72 -63 -106 3
> 12081 4546 -421 212 175 2
> 11608 3634 -517 180 134 3
> 6524 7648 0 17 61 1
! -32229 93513 200
! 79659 75847 200
> 7312 8282 218 18 -124 3
> 11461 4775 -527 195 175 2
> 11003 3994 -513 305 116 3
> 6589 7733 -128 -83 43 1
! -24208 -16344 200
! -28386 8261 200
> 7312 8282 218 18 -124 3
> 11461 4775 -527 195 175 2
> 11003 3994 -513 305 116 3
> 6589 7733 -128 -83 43 1
! -2914 103020 200
! 97219 49994 200
> 7372 8177 51 -89 -142 3
> 10855 5194 -470 433 175 2
> 10342 4290 -606 174 98 3
> 6642 7735 45 1 25 1
! -30215 -5503 200
! -28119 -3804 200
> 7372 8177 51 -89 -142 3
> 10855 5194 -470 433 175 2
> 10342 4290 -606 174 98 3
> 6642 7735 45 1 25 1
! -33495 94169 200
! 97272 49996 200
> 7563 8217 201 57 -160 3
> 10190 5582 -565 329 -167 2
> 9648 4644 -589 300 116 3
> 6540 7623 -125 -118 25 1
! -30024 -5463 200
! -24096 -15019 200
> 7563 8217 201 57 -160 3
> 10190 5582 -565 329 -167 2
> 9648 4644 -589 300 116 3
> 6540 7623 -125 -118 25 1
! -4269 103670 200
! 79675 75822 200
> 7576 8206 11 -9 -160 3
> 9460 5818 -492 403 -149 2
> 9025 5132 -657 212 98 3
> 6561 7641 18 15 43 1
! -30011 -5474 200
! -24826 -14783 200
> 7576 8206 11 -9 -160 3
> 9460 5818 -492 403 -149 2
> 9025 5132 -657 212 98 3
> 6561 7641 18 15 43 1
! 26389 103612 200
! 97191 49902 200
> 7444 8156 151 114 -160 3
> 8882 6251 -482 381 -149 2
> 8318 5408 -609 220 80 3
> 6715 7714 -132 -95 25 1
! -30143 -5524 200
! -17360 -23937 200
> 7444 8156 151 114 -160 3
> 8882 6251 -482 381 -149 2
> 8318 5408 -609 220 80 3
> 6715 7714 -132 -95 25 1
! 25682 103888 200
! 79850 75913 200
> 7407 8202 -31 38 -160 3
> 8269 6481 -521 195 -131 2
> 7744 5825 -488 354 80 3
> 6729 7755 12 35 43 1
! -24113 -16424 200
! -17973 -23707 200
> 7407 8202 -31 38 -160 3
> 8269 6481 -521 195 -131 2
> 7744 5825 -488 354 80 3
> 6729 7755 12 35 43 1
! 54691 94119 200
! 55209 95216 0
> 7406 8241 7 38 -142 3
> 7933 6912 -264 393 -131 2
> 7034 5968 -625 95 62 3
> 6554 7666 -157 -81 61 1
! -24114 -16385 200
! -26353 -13689 200
> 7406 8241 7 38 -142 3
> 7933 6912 -264 393 -131 2
> 7034 5968 -625 95 62 3
> 6554 7666 -157 -81 61 1
! 78968 75433 200
! 79689 75865 200
> 7255 8156 -128 -72 -142 3
> 7498 7202 -370 246 -149 2
> 6553 6202 -408 198 44 3
> 6543 7721 -9 47 43 1
! -30332 -5524 SHIELD
! -31476 -1796 0
> 7255 8156 -128 -72 -142 3
> 7498 7202 -370 246 -149 2
> 6553 6202 -408 198 44 3
> 6543 7721 -9 47 43 1
! 78486 75667 200
! 97173 49982 SHIELD
> 7236 8169 7 49 -160 3
> 7139 7256 -290 -187 -167 2
> 6289 6539 -224 286 44 3
> 6423 7702 -126 -31 25 1
! -24284 -16457 0
! -27147 -13345 200
> 7236 8169 7 49 -160 3
> 7139 7256 -290 -187 -167 2
> 6289 6539 -224 286 44 3
> 6423 7702 -126 -31 25 1
! 96168 50376 200
! 105677 19888 0
> 7243 8218 5 41 -142 3
> 7068 7111 183 -27 -149 2
> 5920 6705 -519 9 26 3
> 6231 7733 -200 62 7 1
! -15124 -24943 0
! -19174 -23077 SHIELD
> 7243 8218 5 41 -142 3
> 7068 7111 183 -27 -149 2
> 5920 6705 -519 9 26 3
> 6231 7733 -200 62 7 1
! 95799 50542 200
! 96861 49994 0
> 7248 8259 4 34 -124 3
> 7251 7084 155 -22 -131 2
> 5581 6802 -288 82 26 3
> 6031 7795 -170 52 25 1
! -24272 -16367 0
! -8378 -29736 0
> 7248 8259 4 34 -124 3
> 7251 7084 155 -22 -131 2
> 5581 6802 -288 82 26 3
> 6031 7795 -170 52 25 1
! 77514 76267 200
! 105285 19981 0
> 7252 8293 3 28 -142 3
> 7406 7062 131 -18 -113 2
> 5437 7023 -122 187 44 3
> 5861 7847 -144 44 7 1
! -15115 -24868 200
! 3919 -32785 0
> 7252 8293 3 28 -142 3
> 7406 7062 131 -18 -113 2
> 5437 7023 -122 187 44 3
> 5861 7847 -144 44 7 1
! 95316 50860 200
! 104023 -11233 200
> 7143 8155 -92 -117 -124 3
> 7537 7044 111 -15 -95 2
> 5437 7204 -56 63 26 3
> 5971 7946 149 175 -11 1
! -3882 -30295 200
! -8092 -29776 0
> 7143 8155 -92 -117 -124 3
> 7537 7044 111 -15 -95 2
> 5437 7204 -56 63 26 3
> 5971 7946 149 175 -11 1
! 95316 51041 200
! 105225 20132 200
> 7063 7828 164 -337 -106 4
> 7648 7029 94 -12 -113 2
> 5561 7355 105 128 26 3
> 6251 8163 5 244 7 1
! -3962 -30622 200
! -7981 -29791 200
> 7063 7828 164 -337 -106 4
> 7648 7029 94 -12 -113 2
> 5561 7355 105 128 26 3
> 6251 8163 5 244 7 1
! 95440 51192 200
! 104413 -10917 0
> 7089 7393 -82 -251 -106 4
> 7747 6739 188 -365 -113 2
> 5846 7571 242 183 26 3
> 6256 8407 4 207 -11 1
! -3936 -31057 200
! -18495 -23449 0
> 7089 7393 -82 -251 -106 4
> 7747 6739 188 -365 -113 2
> 5846 7571 242 183 26 3
> 6256 8407 4 207 -11 1
! 104872 21488 SHIELD
! 93717 -40074 200
> 6952 6950 -116 -376 -106 4
> 7935 6374 159 -310 -131 2
> 6088 7754 205 155 8 4
> 6435 8517 152 93 -29 1
! 8347 -33025 200
! -7694 -30446 200
> 6952 6950 -116 -376 -106 4
> 7935 6374 159 -310 -131 2
> 6088 7754 205 155 8 4
> 6435 8517 152 93 -29 1
! 104568 -9610 SHIELD
! 74634 -64618 200
> 6843 6374 -92 -489 -88 4
> 8016 5880 68 -419 -113 2
> 6284 7891 163 111 -10 4
> 6815 8640 349 155 -47 1
! 8238 -33601 200
! -18226 -24308 SHIELD
> 6843 6374 -92 -489 -88 4
> 8016 5880 68 -419 -113 2
> 6284 7891 163 111 -10 4
> 6815 8640 349 155 -47 1
! 94578 -39056 0
! 49076 -81990 200
> 6758 5685 -72 -585 -88 4
> 8084 5461 57 -356 -131 2
> 6447 8002 138 94 -28 4
> 7249 8614 368 -22 -65 1
! 20438 -31902 200
! -26202 -15140 SHIELD
> 6758 5685 -72 -585 -88 4
> 8084 5461 57 -356 -131 2
> 6447 8002 138 94 -28 4
> 7249 8614 368 -22 -65 1
! 75912 -63932 0
! 19435 -90640 200
> 6754 4912 -3 -656 -70 4
> 8141 5105 48 -302 -149 2
> 6585 8096 117 79 -46 4
> 7641 8393 333 -187 -83 1
! 31380 -26608 SHIELD
! -30833 -3893 SHIELD
> 6754 4912 -3 -656 -70 4
> 8141 5105 48 -302 -149 2
> 6585 8096 117 79 -46 4
> 7641 8393 333 -187 -83 1
! 50422 -81783 0
! -11440 -89769 200
> 6751 4256 -2 -557 -52 4
> 8189 4803 40 -256 -167 2
> 6702 8175 99 67 -64 4
> 7936 8010 250 -325 -101 1
! 39912 -18111 0
! -31658 8289 SHIELD
> 6751 4256 -2 -557 -52 4
> 8189 4803 40 -256 -167 2
> 6702 8175 99 67 -64 4
> 7936 8010 250 -325 -101 1
! 50539 -81704 200
! -11144 -90152 200
> 6749 3699 -1 -473 -34 4
> 8229 4547 34 -217 175 2
> 6889 8062 158 -95 -64 4
> 8148 7489 180 -443 -101 1
! 45199 -7326 0
! -28591 20176 SHIELD
> 6749 3699 -1 -473 -34 4
> 8229 4547 34 -217 175 2
> 6889 8062 158 -95 -64 4
> 8148 7489 180 -443 -101 1
! 50726 -81817 200
! -10932 -90673 200
> 6748 3226 0 -402 -16 4
> 8263 4330 28 -184 157 2
> 7135 7787 208 -233 -64 4
> 8290 6850 120 -543 -101 1
! 46723 4621 0
! -21925 30572 SHIELD
> 6748 3226 0 -402 -16 4
> 8263 4330 28 -184 157 2
> 7135 7787 208 -233 -64 4
> 8290 6850 120 -543 -101 1
! 50972 -82092 200
! 20476 -92404 0
> 6748 2824 0 -341 2 4
> 8291 4146 23 -156 139 2
> 7431 7374 251 -350 -64 4
> 8410 6307 102 -461 -83 1
! 45198 -8201 200
! -12310 38432 0
> 6748 2824 0 -341 2 4
> 8291 4146 23 -156 139 2
> 7431 7374 251 -350 -64 4
> 8410 6307 102 -461 -83 1
! 21348 -91652 200
! 20596 -92947 200
> 6940 2428 163 -336 -16 4
> 8314 3990 19 -132 121 2
> 7710 6826 237 -465 -82 4
> 8536 5647 107 -560 -83 1
! 46915 3823 200
! -684 42964 0
> 6940 2428 163 -336 -16 4
> 8314 3990 19 -132 121 2
> 7710 6826 237 -465 -82 4
> 8536 5647 107 -560 -83 1
! -9654 -91654 200
! -10545 -92515 200
> 7303 2099 308 -279 2 4
> 8333 3858 16 -112 103 2
> 7912 6164 171 -562 -100 4
> 8605 4891 58 -642 -101 1
! 44890 15779 SHIELD
! 11819 43705 0
> 7303 2099 308 -279 2 4
> 8333 3858 16 -112 103 2
> 7912 6164 171 -562 -100 4
> 8605 4891 58 -642 -101 1
! -39035 -82130 200
! 20791 -94363 200
> 7611 1820 261 -237 20 0
> 8203 3383 -192 -608 85 2
> 7989 5425 65 -627 -118 4
> 8833 4413 276 -200 -83 1
! 39131 26446 0
! 23832 40203 200
> 7611 1820 261 -237 20 0
> 8203 3383 -192 -608 85 2
> 7989 5425 65 -627 -118 4
> 8833 4413 276 -200 -83 1
! -9375 -93055 200
! 21019 -94841 0
> 7872 1583 221 -201 38 0
> 8089 2959 -96 -360 67 2
> 8019 4601 25 -700 -100 4
> 9109 4213 234 -170 -83 1
! 30239 34744 0
! 11575 42806 200
> 7872 1583 221 -201 38 0
> 8089 2959 -96 -360 67 2
> 8019 4601 25 -700 -100 4
> 9109 4213 234 -170 -83 1
! 21936 -94425 200
! -9972 -93949 200
> 8093 1382 187 -170 56 0
> 8010 2798 -66 -136 85 2
> 8072 3703 44 -763 -82 4
> 9305 3847 166 -311 -101 1
! 19118 39832 0
! -988 41772 SHIELD
> 8093 1382 187 -170 56 0
> 8010 2798 -66 -136 85 2
> 8072 3703 44 -763 -82 4
> 9305 3847 166 -311 -101 1
! -9292 -94777 SHIELD
! -9775 -94315 200
> 8280 1212 158 -144 74 0
> 7893 2159 -108 -633 103 2
> 8167 3443 90 -130 -100 4
> 9433 3340 108 -431 -101 1
! 6884 41187 200
! 11379 42006 SHIELD
> 8280 1212 158 -144 74 0
> 7893 2159 -108 -633 103 2
> 8167 3443 90 -130 -100 4
> 9433 3340 108 -431 -101 1
! -38780 -84851 200
! -39048 -84121 200
> 8650 1005 487 -384 92 0
> 7763 1552 -127 -494 85 2
> 8257 3313 76 -110 -118 4
> 9444 2734 9 -515 -119 1
! 19675 39455 0
! 23392 38372 0
> 8650 1005 487 -384 92 0
> 7763 1552 -127 -494 85 2
> 8257 3313 76 -110 -118 4
> 9444 2734 9 -515 -119 1
! -38690 -84981 0
! -9636 -95428 200
> 9137 621 413 -326 74 0
> 7636 1058 -107 -419 67 2
> 8333 3203 64 -93 -118 4
> 9415 2023 -24 -604 -101 1
! 31504 33782 200
! 33878 31246 0
> 9137 621 413 -326 74 0
> 7636 1058 -107 -419 67 2
> 8333 3203 64 -93 -118 4
> 9415 2023 -24 -604 -101 1
! -63601 -66262 200
! 21601 -97231 200
> 9662 460 563 -501 56 0
> 7529 639 -90 -356 49 2
> 8397 3110 54 -79 -136 4
> 9415 1222 -117 -317 -83 1
! 20687 38910 200
! 41815 21240 0
> 9662 460 563 -501 56 0
> 7529 639 -90 -356 49 2
> 8397 3110 54 -79 -136 4
> 9415 1222 -117 -317 -83 1
! -63537 -66355 200
! 51676 -89408 0
> 10280 151 525 -262 74 0
> 7439 283 -76 -302 31 2
> 8307 2892 -76 -185 -136 4
> 9298 905 -99 -269 -65 1
! 8884 40126 200
! 33681 30471 200
> 10280 151 525 -262 74 0
> 7439 283 -76 -302 31 2
> 8307 2892 -76 -185 -136 4
> 9298 905 -99 -269 -65 1
! -38640 -85402 200
! 77497 -72230 0
> 10798 89 440 -52 92 0
> 7494 132 46 -128 49 2
> 8137 2530 -144 -307 -118 4
> 9199 636 -84 -228 -47 1
! -2882 37676 200
! 41780 20733 200
> 10798 89 440 -52 92 0
> 7494 132 46 -128 49 2
> 8137 2530 -144 -307 -118 4
> 9199 636 -84 -228 -47 1
! -9227 -95950 200
! 96660 -47845 0
> 11170 225 315 115 110 0
> 7711 107 184 -21 31 2
> 7958 2026 -151 -428 -100 4
> 9115 408 -71 -193 -29 1
! 9774 40200 200
! 33953 30295 200
> 11170 225 315 115 110 0
> 7711 107 184 -21 31 2
> 7958 2026 -151 -428 -100 4
> 9115 408 -71 -193 -29 1
! 21875 -97000 200
! 96576 -48073 0
> 11478 540 261 267 92 0
> 8026 237 267 110 49 2
> 7835 1400 -104 -532 -82 0
> 9044 215 -60 -164 -29 1
! 22503 38990 200
! 42312 20838 SHIELD
> 11478 540 261 267 92 0
> 8026 237 267 110 49 2
> 7835 1400 -104 -532 -82 0
> 9044 215 -60 -164 -29 1
! 51671 -88479 200
! 107206 -18866 SHIELD
> 11794 999 268 390 74 0
> 8228 322 4 74 31 2
> 7594 1162 -425 262 -64 0
> 9072 28 212 -207 -11 1
! 10398 40974 200
! 47202 9320 SHIELD
> 11794 999 268 390 74 0
> 8228 322 4 74 31 2
> 7594 1162 -425 262 -64 0
> 9072 28 212 -207 -11 1
! 77059 -70772 200
! 107234 -19053 0
> 12055 1589 221 501 92 0
> 8232 396 3 62 13 2
> 7308 1280 -243 100 -46 0
> 9284 -179 180 -175 -11 1
! 23080 40039 200
! 48079 -3090 0
> 12055 1589 221 501 92 0
> 8232 396 3 62 13 2
> 7308 1280 -243 100 -46 0
> 9284 -179 180 -175 -11 1
! 95602 -45667 200
! 108538 12007 0
> 12331 2282 234 589 74 0
> 8235 458 2 52 -5 2
> 7242 1286 -56 5 -28 0
> 9464 -354 153 -148 7 1
! 10935 42257 200
! 47209 9456 0
> 12331 2282 234 589 74 0
> 8235 458 2 52 -5 2
> 7242 1286 -56 5 -28 0
> 9464 -354 153 -148 7 1
! 105722 -16078 200
! 100094 41907 0
> 12558 3071 192 670 92 0
> 8237 510 1 44 13 2
> 7383 1256 119 -25 -10 0
> 9617 -502 130 -125 25 1
! -1122 40658 200
! 42523 21111 0
> 12558 3071 192 670 92 0
> 8237 510 1 44 13 2
> 7383 1256 119 -25 -10 0
> 9617 -502 130 -125 25 1
! 106409 15173 200
! 82752 67697 200
> 12682 3929 105 729 110 0
> 8238 554 0 37 31 2
> 7700 1259 269 2 8 0
> 9893 -491 234 9 43 1
! -11944 35449 200
! 34480 30742 200
> 12682 3929 105 729 110 0
> 8238 554 0 37 31 2
> 7700 1259 269 2 8 0
> 9893 -491 234 9 43 1
! 97579 45096 200
! 58373 86970 0
> 12664 4816 -15 753 128 0
> 8462 599 228 -22 49 2
> 8056 1492 264 258 26 0
> 10127 -482 198 7 61 1
! -20497 27183 0
! 24091 37419 200
> 12664 4816 -15 753 128 0
> 8462 599 228 -22 49 2
> 8056 1492 264 258 26 0
> 10127 -482 198 7 61 1
! 79989 70957 200
! 29207 97680 200
> 12649 5569 -12 640 146 0
> 8768 761 260 137 67 2
> 8464 1889 346 337 44 0
> 10363 -279 200 172 79 1
! -25801 16594 0
! 12254 40608 SHIELD
> 12649 5569 -12 640 146 0
> 8768 761 260 137 67 2
> 8464 1889 346 337 44 0
> 10363 -279 200 172 79 1
! 80397 71354 200
! -1823 98975 200
> 12637 6209 -10 544 164 0
> 9028 898 221 116 85 2
> 8954 2365 416 404 44 0
> 10539 92 149 314 97 1
! -27338 4813 200
! 29 39872 SHIELD
> 12637 6209 -10 544 164 0
> 9028 898 221 116 85 2
> 8954 2365 416 404 44 0
> 10539 92 149 314 97 1
! 55901 90659 200
! -31722 90722 0
> 12427 6746 -178 456 182 1
> 9249 1014 187 98 103 2
> 9464 2946 433 493 62 0
> 10688 406 126 266 115 1
! -25160 -6934 200
! 12735 40861 SHIELD
> 12427 6746 -178 456 182 1
> 9249 1014 187 98 103 2
> 9464 2946 433 493 62 0
> 10688 406 126 266 115 1
! 81398 72411 200
! -31573 91036 200
> 12061 7134 -311 329 -160 1
> 9436 1112 158 83 85 2
> 10041 3578 490 537 44 0
> 10729 853 35 380 115 1
! -19459 -17492 200
! 437 40086 SHIELD
> 12061 7134 -311 329 -160 1
> 9436 1112 158 83 85 2
> 10041 3578 490 537 44 0
> 10729 853 35 380 115 1
! 56988 91872 200
! -31532 91483 200
> 11592 7340 -398 174 -142 1
> 9594 1195 134 70 103 2
> 10625 4292 496 606 62 0
> 10679 1414 -42 477 115 1
! -19928 -17286 200
! -11007 35481 0
> 11592 7340 -398 174 -142 1
> 9594 1195 134 70 103 2
> 10625 4292 496 606 62 0
> 10679 1414 -42 477 115 1
! 57572 92586 200
! -57520 74549 200
> 11036 7391 -472 43 -142 1
> 9728 1265 113 59 121 2
> 11215 5075 501 665 62 0
> 10501 2037 -151 529 133 1
! -26551 -6289 200
! -20460 27507 0
> 11036 7391 -472 43 -142 1
> 9728 1265 113 59 121 2
> 11215 5075 501 665 62 0
> 10501 2037 -151 529 133 1
! 83149 74540 200
! -76960 50518 200
> 10376 7366 -560 -21 -160 1
> 9841 1324 96 50 139 2
> 11860 5879 548 683 44 0
> 10175 2663 -277 532 151 1
! -21144 -17260 200
! -26979 16953 0
> 10376 7366 -560 -21 -160 1
> 9841 1324 96 50 139 2
> 11860 5879 548 683 44 0
> 10175 2663 -277 532 151 1
! 101739 49716 200
! -87987 21743 200
