@ 0 Neumann
@ 1 reCurse
CP 5
CP 4084 4656
CP 13015 1877
CP 6589 7841
CP 7507 1375
CP 12714 7102
> 3935 4179 0 0 -1 1
> 4233 5133 0 0 -1 1
> 3638 3224 0 0 -1 1
> 4530 6088 0 0 -1 1
! 43837 6969 BOOST
! 44208 3737 BOOST
> 3935 4179 0 0 -1 1
> 4233 5133 0 0 -1 1
> 3638 3224 0 0 -1 1
> 4530 6088 0 0 -1 1
! 93383 -40886 200
! 103458 -8511 200
> 4583 4224 551 38 4 1
> 4883 5110 552 -19 -2 1
> 3817 3136 152 -74 -26 1
> 4728 6059 168 -24 -8 1
! 43394 -5452 200
! 42470 -8570 200
> 4583 4224 551 38 4 1
> 4883 5110 552 -19 -2 1
> 3817 3136 152 -74 -26 1
> 4728 6059 168 -24 -8 1
! 102843 -10781 200
! 94607 -37778 200
> 5328 4214 633 -8 -14 1
> 5623 5023 628 -74 -20 1
> 4167 3034 297 -87 -8 1
> 5076 5947 295 -94 -26 1
! 44139 -5462 200
! 43210 -8657 200
> 5328 4214 633 -8 -14 1
> 5623 5023 628 -74 -20 1
> 4167 3034 297 -87 -8 1
> 5076 5947 295 -94 -26 1
! 102647 20398 200
! 77009 -63518 200
> 6139 4116 653 -176 -14 1
> 6455 4922 742 7 -20 1
> 4661 2981 419 -44 10 1
> 5515 5714 373 -197 -44 1
! 44950 -5560 200
! 37975 -19704 200
> 6139 4116 653 -176 -14 1
> 6455 4922 742 7 -20 1
> 4661 2981 419 -44 10 1
> 5515 5714 373 -197 -44 1
! 103141 20345 200
! 77448 -63751 200
> 6986 3892 720 -190 -14 1
> 7355 4806 764 -98 -38 1
> 5277 2972 523 -7 10 1
> 6032 5378 439 -285 -44 1
! 46888 6682 200
! 29722 -28355 200
> 6986 3892 720 -190 -14 1
> 7355 4806 764 -98 -38 1
> 5277 2972 523 -7 10 1
> 6032 5378 439 -285 -44 1
! 104303 -10945 200
! 95911 -38459 200
> 7906 3716 781 -149 4 1
> 8231 4542 744 -224 -56 1
> 5998 2937 612 -29 -8 1
> 6651 5005 525 -316 -26 1
! 46717 -5960 0
! 19256 -33908 200
> 7906 3716 781 -149 4 1
> 8231 4542 744 -224 -56 1
> 5998 2937 612 -29 -8 1
> 6651 5005 525 -316 -26 1
! 105024 -10980 200
! 96530 -38832 200
> 8625 3430 580 -310 -14 1
> 9093 4263 763 -169 -74 1
> 6808 2880 688 -48 -8 1
> 7356 4601 599 -343 -26 1
! 48527 6220 0
! 7697 -35712 200
> 8625 3430 580 -310 -14 1
> 9093 4263 763 -169 -74 1
> 6808 2880 688 -48 -8 1
> 7356 4601 599 -343 -26 1
! 96687 -40957 200
! 97235 -39236 200
> 9205 3120 493 -263 4 1
> 9849 3894 642 -313 -92 1
> 7676 2744 737 -115 -26 1
> 8135 4170 661 -366 -26 1
! 46292 18104 200
! -3831 -33693 200
> 9205 3120 493 -263 4 1
> 9849 3894 642 -313 -92 1
> 7676 2744 737 -115 -26 1
> 8135 4170 661 -366 -26 1
! 79609 -66721 0
! 98014 -39667 200
> 9818 2868 398 -334 22 1
> 10488 3457 666 -251 -110 1
> 8413 2629 626 -97 -44 1
> 8976 3716 714 -385 -26 1
! 40459 28579 200
! -14138 -28063 200
> 9818 2868 398 -334 22 1
> 10488 3457 666 -251 -110 1
> 8413 2629 626 -97 -44 1
> 8976 3716 714 -385 -26 1
! 98292 -41208 0
! 98855 -40121 200
> 10349 2602 573 -550 40 1
> 11075 3078 588 -261 -128 1
> 9039 2532 532 -82 -26 1
> 9845 3274 527 -111 -26 1
! 31545 36523 200
! -22086 -19289 200
> 10349 2602 573 -550 40 1
> 11075 3078 588 -261 -128 1
> 9039 2532 532 -82 -26 1
> 9845 3274 527 -111 -26 1
! 108065 -11385 200
! 99724 -40563 200
> 10910 2133 426 -435 58 1
> 11616 2794 509 -204 -146 1
> 9769 2422 620 -93 -8 1
> 10552 3075 600 -168 -26 1
! 20586 40944 200
! -13010 -28726 200
> 10910 2133 426 -435 58 1
> 11616 2794 509 -204 -146 1
> 9769 2422 620 -93 -8 1
> 10552 3075 600 -168 -26 1
! 108249 19786 200
! 82485 -66390 0
> 11384 1892 403 -204 76 1
> 12002 2432 327 -307 -128 1
> 10575 2353 548 -187 10 1
> 11163 2918 655 -4 -44 1
! 8593 41794 0
! -21159 -19935 200
> 11384 1892 403 -204 76 1
> 12002 2432 327 -307 -128 1
> 10575 2353 548 -187 10 1
> 11163 2918 655 -4 -44 1
! 109601 -11564 200
! 58110 -85376 0
> 11707 1361 336 -527 94 1
> 12391 2212 344 -175 -146 1
> 11173 2266 433 -9 -8 1
> 11818 2914 556 -3 -62 1
! 8916 41263 200
! -26059 -8813 200
> 11707 1361 336 -527 94 1
> 12391 2212 344 -175 -146 1
> 11173 2266 433 -9 -8 1
> 11818 2914 556 -3 -62 1
! 110199 -11651 0
! 29182 -95566 200
> 12029 1034 273 -278 94 1
> 12588 1890 205 -350 -164 2
> 11606 2257 368 -7 -8 1
> 12363 2806 425 -14 -80 1
! 9238 40936 200
! -27387 3285 200
> 12029 1034 273 -278 94 1
> 12588 1890 205 -350 -164 2
> 11606 2257 368 -7 -8 1
> 12363 2806 425 -14 -80 1
! 101485 -41580 200
! -1554 -96220 0
> 12220 838 68 -328 94 1
> 12731 1605 362 -203 178 2
> 12084 2221 259 93 -26 1
> 12788 2792 361 -11 -98 1
! 9429 40740 200
! -24856 15285 200
> 12220 838 68 -328 94 1
> 12731 1605 362 -203 178 2
> 12084 2221 259 93 -26 1
> 12788 2792 361 -11 -98 1
! 84017 -67244 200
! -31049 -87087 200
> 12274 710 45 -109 94 1
> 12905 1470 147 -114 160 2
> 12411 2116 197 -151 -44 1
> 13137 2660 377 -49 -116 1
! 21950 39521 200
! -24682 15150 200
> 12274 710 45 -109 94 1
> 12905 1470 147 -114 160 2
> 12411 2116 197 -151 -44 1
> 13137 2660 377 -49 -116 1
! 59358 -86178 SHIELD
! -56328 -69273 200
> 12361 792 -48 12 76 1
> 13104 1116 303 -260 160 2
> 12585 1996 146 -100 -62 2
> 13375 2467 202 -163 -134 1
! 33557 34713 0
! -18416 25742 200
> 12361 792 -48 12 76 1
> 13104 1116 303 -260 160 2
> 12585 1996 146 -100 -62 2
> 13375 2467 202 -163 -134 1
! 29949 -96484 SHIELD
! -74919 -44480 200
> 12313 804 -40 10 58 1
> 13249 979 123 -116 142 2
> 12721 1891 99 -97 -80 2
> 13499 2261 267 -91 -152 2
! 21989 39615 200
! -9118 34140 200
> 12313 804 -40 10 58 1
> 13249 979 123 -116 142 2
> 12721 1891 99 -97 -80 2
> 13499 2261 267 -91 -152 2
! -1196 -97135 0
! -84981 -15103 200
> 12321 1008 7 173 76 1
> 13260 1029 9 42 124 2
> 12820 1794 84 -82 -98 2
> 13569 2135 59 -106 -170 2
! 33517 34929 0
! -9107 34190 200
> 12321 1008 7 173 76 1
> 13260 1029 9 42 124 2
> 12820 1794 84 -82 -98 2
> 13569 2135 59 -106 -170 2
! -31017 -88085 SHIELD
! -85457 16052 200
> 12286 1132 -150 -36 58 1
> 13392 828 175 -280 124 2
> 12856 1744 32 -18 -116 2
> 13721 2194 161 65 -188 2
! 33482 35053 200
! 2366 39278 200
> 12286 1132 -150 -36 58 1
> 13392 828 175 -280 124 2
> 12856 1744 32 -18 -116 2
> 13721 2194 161 65 -188 2
! -56609 -70189 SHIELD
! -76158 46031 200
> 12215 1245 -138 34 58 1
> 13512 740 101 -74 106 2
> 12891 1728 37 -7 -134 2
> 13702 2347 -15 129 -206 2
! 42856 26956 200
! 2486 39190 200
> 12215 1245 -138 34 58 1
> 13512 740 101 -74 106 2
> 12891 1728 37 -7 -134 2
> 13702 2347 -15 129 -206 2
! -56574 -70205 SHIELD
! -76177 46184 200
> 12138 1352 -120 57 40 1
> 13558 858 38 100 106 2
> 12937 1727 44 2 -134 2
> 13507 2564 -165 184 154 2
! 49225 16336 200
! -8809 34019 SHIELD
> 12138 1352 -120 57 40 1
> 13558 858 38 100 106 2
> 12937 1727 44 2 -134 2
> 13507 2564 -165 184 154 2
! -75357 -45220 0
! -85519 16481 0
> 12203 1484 55 112 22 1
> 13596 958 32 85 124 2
> 12981 1729 37 1 -152 2
> 13342 2748 -140 156 172 2
! 49290 16468 200
! -17924 25584 SHIELD
> 12203 1484 55 112 22 1
> 13596 958 32 85 124 2
> 12981 1729 37 1 -152 2
> 13342 2748 -140 156 172 2
! -85499 -15635 200
! -76537 46585 0
> 12220 1603 2 97 22 1
> 13628 1043 27 72 142 2
> 13241 1798 233 62 -170 2
> 13202 2904 -119 132 154 2
! 42861 27314 200
! -23959 14723 0
> 12220 1603 2 97 22 1
> 13628 1043 27 72 142 2
> 13241 1798 233 62 -170 2
> 13202 2904 -119 132 154 2
! -85785 15715 200
! -76677 46741 0
> 12375 1829 131 191 40 1
> 13682 1043 70 -66 160 2
> 13447 1932 150 180 -188 2
> 13083 3036 -101 112 154 2
! 33571 35750 SHIELD
! -17838 25669 0
> 12375 1829 131 191 40 1
> 13682 1043 70 -66 160 2
> 13447 1932 150 180 -188 2
> 13083 3036 -101 112 154 2
! -76432 45769 200
! -85943 16953 200
> 12506 2020 111 162 58 2
> 13752 977 59 -56 142 2
> 13417 2200 -25 227 -206 2
> 12784 3176 -254 118 172 2
! 22182 40831 0
! -23835 14657 0
> 12506 2020 111 162 58 2
> 13752 977 59 -56 142 2
> 13417 2200 -25 227 -206 2
> 12784 3176 -254 118 172 2
! -58516 71665 200
! -86242 17093 0
> 12542 2151 -71 69 76 2
> 13811 921 50 -47 160 2
> 13324 2597 21 379 -224 2
> 12530 3294 -215 100 172 2
! 9751 42053 0
! -17709 25547 200
> 12542 2151 -71 69 76 2
> 13811 921 50 -47 160 2
> 13324 2597 21 379 -224 2
> 12530 3294 -215 100 172 2
! -58609 72062 200
! -86496 17211 0
> 12471 2220 -60 58 94 2
> 13703 997 -91 64 142 2
> 13201 3115 -104 440 136 2
> 12315 3394 -182 85 172 2
! -2513 39307 0
! -17817 25623 200
> 12471 2220 -60 58 94 2
> 13703 997 -91 64 142 2
> 13201 3115 -104 440 136 2
> 12315 3394 -182 85 172 2
! -58732 72580 200
! -86165 -13970 0
> 12411 2278 -51 49 112 2
> 13454 1184 -211 159 142 2
> 12953 3694 -210 492 136 2
> 12133 3479 -154 72 -170 2
! -13300 32919 200
! -24133 14864 200
> 12411 2278 -51 49 112 2
> 13454 1184 -211 159 142 2
> 12953 3694 -210 492 136 2
> 12133 3479 -154 72 -170 2
! -76926 47531 200
! -86893 17396 0
> 12231 2480 -152 171 130 2
> 13055 1411 -339 193 160 2
> 12563 4274 -331 492 154 2
> 11979 3551 -130 61 172 2
! -21690 23676 200
! -26920 2806 200
> 12231 2480 -152 171 130 2
> 13055 1411 -339 193 160 2
> 12563 4274 -331 492 154 2
> 11979 3551 -130 61 172 2
! -77316 48111 200
! -86501 -13813 0
> 11909 2757 -273 235 148 2
> 12516 1611 -458 169 178 2
> 12052 4854 -434 492 154 2
> 11849 3612 -110 51 -170 2
! -22012 23953 200
! -27459 3006 200
> 11909 2757 -273 235 148 2
> 12516 1611 -458 169 178 2
> 12052 4854 -434 492 154 2
> 11849 3612 -110 51 -170 2
! -77827 48691 200
! -76445 -43335 200
> 11482 2764 -360 -41 148 2
> 11858 1787 -559 149 178 2
> 11438 5434 -521 492 154 2
> 11547 3903 -259 295 -152 2
! -14229 33405 200
! -25729 15467 0
> 11482 2764 -360 -41 148 2
> 11858 1787 -559 149 178 2
> 11438 5434 -521 492 154 2
> 11547 3903 -259 295 -152 2
! -87588 19351 200
! -86933 -13461 0
> 10993 2876 -415 95 130 2
> 11299 1936 -475 126 160 2
> 10719 5954 -611 441 172 2
> 11288 4198 -220 250 -170 2
! -3991 39963 200
! -20221 26562 200
> 10993 2876 -415 95 130 2
> 11299 1936 -475 126 160 2
> 10719 5954 -611 441 172 2
> 11288 4198 -220 250 -170 2
! -88307 19871 200
! -87192 -13166 200
> 10503 3156 -416 238 112 2
> 10666 2185 -537 211 142 2
> 9910 6423 -687 398 172 2
> 10871 4413 -354 182 -170 2
! -4481 40243 200
! -11701 35346 200
> 10503 3156 -416 238 112 2
> 10666 2185 -537 211 142 2
> 9910 6423 -687 398 172 2
> 10871 4413 -354 182 -170 2
! -89116 20340 200
! -77423 -42534 200
> 10012 3579 -417 359 112 2
> 10017 2562 -551 320 124 2
> 9025 6849 -752 361 172 2
> 10340 4501 -451 74 -152 2
! -4972 40666 200
! -1008 41012 200
> 10012 3579 -417 359 112 2
> 10017 2562 -551 320 124 2
> 9025 6849 -752 361 172 2
> 10340 4501 -451 74 -152 2
! -90001 20766 200
! -77954 -42446 200
> 9376 3874 -598 434 112 2
> 9412 2953 -509 7 106 2
> 8075 7238 -807 330 172 2
> 9854 4852 -358 439 -152 2
! -5608 40961 200
! 10807 42928 200
> 9376 3874 -598 434 112 2
> 9412 2953 -509 7 106 2
> 8075 7238 -807 330 172 2
> 9854 4852 -358 439 -152 2
! -90405 -10126 200
! -88626 -12512 200
> 8703 4493 -571 526 112 2
> 8910 3160 -426 175 88 2
> 7071 7533 -853 250 -170 3
> 9299 5256 -471 343 -170 2
! 5912 44395 200
! 10305 43135 200
> 8703 4493 -571 526 112 2
> 8910 3160 -426 175 88 2
> 7071 7533 -853 250 -170 3
> 9299 5256 -471 343 -170 2
! -81223 -39414 0
! -89181 -12108 200
> 7982 5079 -708 399 94 2
> 8491 3535 -356 318 88 2
> 6218 7783 -725 212 -152 3
> 8767 5704 -356 479 -170 2
! 17658 43890 200
! -2534 41985 200
> 7982 5079 -708 399 94 2
> 8491 3535 -356 318 88 2
> 6218 7783 -725 212 -152 3
> 8767 5704 -356 479 -170 2
! -63247 -64150 200
! -89713 -11660 200
> 7322 5672 -560 504 76 2
> 8080 4045 -349 433 106 2
> 5354 7851 -734 57 -134 3
> 8214 6148 -470 377 -170 2
! 28518 39593 200
! 9475 44020 200
> 7322 5672 -560 504 76 2
> 8080 4045 -349 433 106 2
> 5354 7851 -734 57 -134 3
> 8214 6148 -470 377 -170 2
! -38483 -82028 0
! -90266 -11216 200
> 6763 6309 -634 485 58 2
> 7738 4678 -290 537 88 2
> 4620 7908 -623 48 -116 3
> 7652 6527 -317 377 -170 2
! 37404 32020 200
! 9133 44653 200
> 6763 6309 -634 485 58 2
> 7738 4678 -290 537 88 2
> 4620 7908 -623 48 -116 3
> 7652 6527 -317 377 -170 2
! -9297 -91118 200
! -91374 20444 200
> 6282 6923 -408 521 40 2
> 7455 5415 -240 626 88 2
> 3969 7758 -553 -127 -98 3
> 7137 6932 -437 344 172 2
! 27478 40844 200
! -3570 43865 200
> 6282 6923 -408 521 40 2
> 7455 5415 -240 626 88 2
> 3969 7758 -553 -127 -98 3
> 7137 6932 -437 344 172 2
! 21333 -90722 200
! -82742 50769 0
> 5922 7628 -375 616 58 2
> 7160 6233 -250 695 106 2
> 3451 7434 -440 -275 -80 3
> 6758 7262 -252 262 154 2
! 36563 33339 SHIELD
! -15207 39394 SHIELD
> 5922 7628 -375 616 58 2
> 7160 6233 -250 695 106 2
> 3451 7434 -440 -275 -80 3
> 6758 7262 -252 262 154 2
! 50398 -80860 200
! -65175 76727 SHIELD
> 5547 8244 -318 523 40 2
> 6951 6858 -52 317 124 2
> 3105 6982 -294 -383 -62 3
> 6465 7594 -374 496 136 3
! 42634 23228 SHIELD
! -24569 31484 SHIELD
> 5547 8244 -318 523 40 2
> 6951 6858 -52 317 124 2
> 3105 6982 -294 -383 -62 3
> 6465 7594 -374 496 136 3
! 75038 -62483 200
! -65468 77059 0
> 5229 8767 -270 444 22 2
> 6899 7175 -44 269 142 2
> 2955 6460 -127 -443 -44 3
> 6091 8090 -317 421 136 3
! 45131 11557 0
! -30688 20855 SHIELD
> 5229 8767 -270 444 22 2
> 6899 7175 -44 269 142 2
> 2955 6460 -127 -443 -44 3
> 6091 8090 -317 421 136 3
! 92834 -37377 200
! -83788 51927 0
> 4959 9211 -229 377 4 2
> 6855 7444 -37 228 160 3
> 3008 5929 44 -451 -26 3
> 5774 8511 -269 357 154 3
! 43770 -465 0
! -33120 8839 0
> 4959 9211 -229 377 4 2
> 6855 7444 -37 228 160 3
> 3008 5929 44 -451 -26 3
> 5774 8511 -269 357 154 3
! 92887 -37908 200
! -93252 22428 0
> 4730 9588 -194 320 -14 2
> 6818 7672 -31 193 178 3
> 3232 5390 190 -457 -26 3
> 5505 8868 -228 303 172 3
! 38651 -11608 0
! -31632 -3353 0
> 4730 9588 -194 320 -14 2
> 6818 7672 -31 193 178 3
> 3232 5390 190 -457 -26 3
> 5505 8868 -228 303 172 3
! 93111 -38447 200
! -84374 52705 200
> 4536 9908 -164 272 -32 2
> 6787 7865 -26 164 -164 3
> 3602 4845 314 -462 -26 3
> 5097 9259 -346 332 154 3
! 43347 231 0
! -26374 -14502 0
> 4536 9908 -164 272 -32 2
> 6787 7865 -26 164 -164 3
> 3602 4845 314 -462 -26 3
> 5097 9259 -346 332 154 3
! 93481 -38992 200
! -66836 78724 200
> 4179 10414 -334 467 -14 2
> 6761 8029 -22 139 -146 3
> 4096 4295 419 -467 -26 3
> 4800 9496 -221 163 136 3
! 42990 737 200
! -17865 -23491 200
> 4179 10414 -334 467 -14 2
> 6761 8029 -22 139 -146 3
> 4096 4295 419 -467 -26 3
> 4800 9496 -221 163 136 3
! 93975 -39542 200
! -85079 53333 200
> 4039 10833 -118 355 -14 2
> 6616 8010 -123 -15 -128 3
> 4695 3740 508 -471 -26 3
> 4399 9747 -340 213 154 3
! 37960 -10363 200
! -7064 -29577 200
> 4039 10833 -118 355 -14 2
> 6616 8010 -123 -15 -128 3
> 4695 3740 508 -471 -26 3
> 4399 9747 -340 213 154 3
! 94574 -40097 200
! -67534 79212 200
> 4091 11082 43 211 -32 2
> 6425 7807 -162 -172 -110 3
> 5383 3181 584 -474 -26 3
> 3915 10099 -411 299 136 3
! 38012 -10114 200
! 5029 -32168 200
> 4091 11082 43 211 -32 2
> 6425 7807 -162 -172 -110 3
> 5383 3181 584 -474 -26 3
> 3915 10099 -411 299 136 3
! 104409 -10736 0
! -43032 98393 200
> 4304 11187 180 89 -32 2
> 6256 7435 -143 -316 -92 3
> 5967 2707 496 -402 -8 3
> 3410 10575 -429 404 118 3
! 38225 -10009 200
! 17281 -31015 200
> 4304 11187 180 89 -32 2
> 6256 7435 -143 -316 -92 3
> 5967 2707 496 -402 -8 3
> 3410 10575 -429 404 118 3
! 104993 -11210 200
! -13954 109055 0
> 4654 11170 297 -14 -32 2
> 6168 6927 -74 -432 -74 3
> 6661 2277 589 -365 -8 3
> 2981 10979 -364 343 100 3
! 30365 -19471 0
! 17193 -31523 200
> 4654 11170 297 -14 -32 2
> 6168 6927 -74 -432 -74 3
> 6661 2277 589 -365 -8 3
> 2981 10979 -364 343 100 3
! 105141 19641 200
! 16898 110005 0
> 4951 11156 252 -11 -50 2
> 6149 6303 -16 -530 -74 3
> 7447 1947 668 -280 10 4
> 2617 11322 -309 291 82 3
! 30662 -19485 200
! 28516 -26858 200
> 4951 11156 252 -11 -50 2
> 6149 6303 -16 -530 -74 3
> 7447 1947 668 -280 10 4
> 2617 11322 -309 291 82 3
! 95741 48894 200
! 46454 101201 0
> 5332 10992 323 -139 -50 2
> 6245 5607 81 -591 -56 3
> 8292 1761 717 -158 28 4
> 2308 11613 -262 247 64 3
! 39253 -10204 200
! 17270 -32843 200
> 5332 10992 323 -139 -50 2
> 6245 5607 81 -591 -56 3
> 8292 1761 717 -158 28 4
> 2308 11613 -262 247 64 3
! 77757 73694 200
! 71773 83546 0
> 5825 10747 418 -208 -32 2
> 6381 4824 115 -665 -74 3
> 9148 1747 727 -12 46 4
> 2046 11860 -222 209 46 3
! 31536 -19894 200
! 28748 -28337 200
> 5825 10747 418 -208 -32 2
> 6381 4824 115 -665 -74 3
> 9148 1747 727 -12 46 4
> 2046 11860 -222 209 46 3
! 52985 91626 200
! 90340 58807 200
> 6372 10386 464 -307 -50 2
> 6608 3993 192 -706 -56 3
> 9963 1915 692 142 64 4
> 2001 12163 -38 257 28 3
! 40293 -10810 200
! 38128 -20633 SHIELD
> 6372 10386 464 -307 -50 2
> 6608 3993 192 -706 -56 3
> 9963 1915 692 142 64 4
> 2001 12163 -38 257 28 3
! 23880 100941 200
! 100481 29527 200
> 7006 9973 538 -351 -32 2
> 6800 3287 163 -600 -38 3
> 10683 2255 611 289 82 4
> 2160 12455 135 247 10 3
! 40927 -11223 200
! 44387 -10393 0
> 7006 9973 538 -351 -32 2
> 6800 3287 163 -600 -38 3
> 10683 2255 611 289 82 4
> 2160 12455 135 247 10 3
! -6681 100735 200
! 101186 -1462 200
> 7714 9516 601 -388 -32 2
> 6963 2687 138 -510 -20 3
> 11259 2741 489 413 100 4
> 2493 12674 283 186 -8 3
! 41635 -11680 200
! 46938 1291 0
> 7714 9516 601 -388 -32 2
> 6963 2687 138 -510 -20 3
> 11259 2741 489 413 100 4
> 2493 12674 283 186 -8 3
! -6105 101221 200
! 92372 -31163 200
> 8485 9022 655 -419 -32 2
> 7101 2177 117 -433 -2 3
> 11713 3351 386 518 100 4
> 2956 12772 393 83 -26 3
! 42406 -12174 200
! 45551 13202 0
> 8485 9022 655 -419 -32 2
> 7101 2177 117 -433 -2 3
> 11713 3351 386 518 100 4
> 2956 12772 393 83 -26 3
! -5651 101831 200
! 74889 -56693 200
> 9310 8497 700 -446 -32 2
> 7218 1744 99 -368 16 4
> 12064 4066 298 607 100 4
> 3493 12716 456 -47 -44 3
! 48121 -1179 200
! 40379 24111 200
> 9310 8497 700 -446 -32 2
> 7218 1744 99 -368 16 4
> 12064 4066 298 607 100 4
> 3493 12716 456 -47 -44 3
! 25981 103092 200
! 93372 -31121 200
> 10204 8003 759 -420 -14 2
> 7483 1488 225 -217 34 4
> 12390 4871 276 684 82 4
> 4129 12581 540 -114 -26 3
! 49015 -1673 200
! 32109 33008 200
> 10204 8003 759 -420 -14 2
> 7483 1488 225 -217 34 4
> 12390 4871 276 684 82 4
> 4129 12581 540 -114 -26 3
! 26307 103897 200
! 76062 -56884 200
> 11157 7535 810 -398 -14 2
> 7831 1429 295 -50 52 4
> 12694 5753 258 749 82 4
> 4813 12328 581 -214 -44 3
! 45078 -13661 200
! 21511 39016 200
> 11157 7535 810 -398 -14 2
> 7831 1429 295 -50 52 4
> 12694 5753 258 749 82 4
> 4813 12328 581 -214 -44 3
! -4670 104233 200
! 76746 -57137 200
> 12137 7031 832 -428 -32 2
> 8194 1567 308 117 70 4
> 12917 6699 189 804 100 0
> 5538 11975 616 -299 -44 3
! 50948 -2645 SHIELD
! 32820 33087 200
> 12137 7031 832 -428 -32 2
> 8194 1567 308 117 70 4
> 12917 6699 189 804 100 0
> 5538 11975 616 -299 -44 3
! -34030 94993 0
! 77471 -57490 200
> 12801 6665 557 -308 -14 2
> 8625 1842 366 233 52 4
> 14782 6887 1652 134 118 0
> 6298 11537 645 -372 -44 3
! 46722 -14531 SHIELD
! 22305 39429 200
> 12801 6665 557 -308 -14 2
> 8625 1842 366 233 52 4
> 14782 6887 1652 134 118 0
> 6298 11537 645 -372 -44 3
! -57151 76352 200
! 78231 -57928 200
> 13358 6357 473 -261 -32 2
> 9059 2263 369 357 70 4
> 16290 7160 1281 231 136 0
> 7087 11026 670 -434 -44 3
! 52169 -3319 0
! 22739 39850 200
> 13358 6357 473 -261 -32 2
> 9059 2263 369 357 70 4
> 16290 7160 1281 231 136 0
> 7087 11026 670 -434 -44 3
! -73589 50997 200
! 79020 -58439 200
> 13831 6096 402 -221 -14 2
> 9496 2808 371 463 70 4
> 17391 7479 936 270 154 0
> 7901 10453 691 -486 -44 3
! 53733 8886 SHIELD
! 23176 40395 200
> 13831 6096 402 -221 -14 2
> 9496 2808 371 463 70 4
> 17391 7479 936 270 154 0
> 7901 10453 691 -486 -44 3
! -81635 21396 200
! 54848 -77841 200
> 14233 5875 341 -187 4 2
> 9935 3459 373 553 70 4
> 18129 7777 627 253 172 0
> 8686 9790 667 -563 -62 3
! 51320 20859 SHIELD
! 34561 34979 200
> 14233 5875 341 -187 4 2
> 9935 3459 373 553 70 4
> 18129 7777 627 253 172 0
> 8686 9790 667 -563 -62 3
! -80351 -9587 200
! 80619 -59675 200
> 14574 5688 289 -158 22 2
> 10431 4170 421 604 52 4
> 18559 7995 365 185 -170 0
> 9497 9088 689 -596 -44 3
! 45215 31399 SHIELD
! 24111 41757 SHIELD
> 14574 5688 289 -158 22 2
> 10431 4170 421 604 52 4
> 18559 7995 365 185 -170 0
> 9497 9088 689 -596 -44 3
! -80467 21912 200
! 81430 -60377 200
> 14863 5530 245 -134 40 2
> 10852 4774 357 513 70 4
> 18726 8208 141 180 172 0
> 10330 8353 707 -624 -44 3
! 36059 39451 SHIELD
! 12247 44749 0
> 14863 5530 245 -134 40 2
> 10852 4774 357 513 70 4
> 18726 8208 141 180 172 0
> 10330 8353 707 -624 -44 3
! -79754 -9156 200
! 57277 -79941 0
> 15108 5396 208 -113 58 2
> 11209 5287 303 436 88 4
> 18670 8353 -47 123 -170 0
> 11037 7729 600 -530 -62 3
! 24784 44207 SHIELD
! 24889 42874 0
> 15108 5396 208 -113 58 2
> 11209 5287 303 436 88 4
> 18670 8353 -47 123 -170 0
> 11037 7729 600 -530 -62 3
! -80356 22270 200
! 28401 -90751 200
> 15316 5283 176 -96 76 2
> 11512 5723 257 370 70 4
> 18425 8504 -208 128 172 0
> 11672 7002 539 -617 -80 3
! 12525 45185 0
! 12907 45698 SHIELD
> 15316 5283 176 -96 76 2
> 11512 5723 257 370 70 4
> 18425 8504 -208 128 172 0
> 11672 7002 539 -617 -80 3
! -80055 -8860 200
! -2245 -92024 SHIELD
> 15492 5187 149 -81 94 2
> 11628 5765 -48 -307 88 4
> 18020 8597 -344 79 -170 0
> 12352 6713 724 97 -98 3
! 507 42274 0
! 25308 43352 0
> 15492 5187 149 -81 94 2
> 11628 5765 -48 -307 88 4
> 18020 8597 -344 79 -170 0
> 12352 6713 724 97 -98 3
! -80460 -8767 200
! -31485 -83166 200
> 15641 5106 126 -68 112 2
> 11580 5458 -40 -260 70 4
> 17479 8641 -459 37 -170 0
> 13076 6810 615 82 -116 3
! -10070 35747 SHIELD
! 12975 45433 0
> 15641 5106 126 -68 112 2
> 11580 5458 -40 -260 70 4
> 17479 8641 -459 37 -170 0
> 13076 6810 615 82 -116 3
! -70815 -38306 200
! -56389 -65123 0
> 15767 5038 107 -57 130 2
> 11540 5198 -34 -221 88 4
> 16843 8584 -540 -48 -152 0
> 13691 6892 522 69 -134 3
! -18154 26234 0
! 25220 42785 0
> 15767 5038 107 -57 130 2
> 11540 5198 -34 -221 88 4
> 16843 8584 -540 -48 -152 0
> 13691 6892 522 69 -134 3
! -71451 -38363 200
! -74603 -40055 0
> 15874 4981 90 -48 148 2
> 11506 4977 -28 -187 70 4
> 16126 8442 -609 -120 -152 0
> 14213 6961 443 58 -152 3
! -22937 14657 0
! 36132 36497 200
> 15874 4981 90 -48 148 2
> 11506 4977 -28 -187 70 4
> 16126 8442 -609 -120 -152 0
> 14213 6961 443 58 -152 3
! -72168 -38505 200
! -74081 -39986 200
> 15964 4933 76 -40 166 2
> 11601 4948 80 -24 52 4
> 15340 8228 -667 -181 -152 0
> 14479 6925 226 -30 -152 3
! -23938 2142 0
! 44762 27315 200
> 15964 4933 76 -40 166 2
> 11601 4948 80 -24 52 4
> 15340 8228 -667 -181 -152 0
> 14479 6925 226 -30 -152 3
! -54125 -63705 200
! -84001 -10439 200
> 16040 4893 64 -34 184 2
> 11847 5036 208 74 34 4
> 14534 7903 -685 -276 -134 0
> 14508 6860 24 -55 -170 3
! -21047 -10091 200
! 36473 36556 200
> 16040 4893 64 -34 184 2
> 11847 5036 208 74 34 4
> 14534 7903 -685 -276 -134 0
> 14508 6860 24 -55 -170 3
! -73760 -39044 200
! -84518 20777 200
> 15919 4784 -103 -92 202 2
> 12178 5268 281 196 52 4
> 13672 7533 -732 -314 -152 0
> 14334 6833 -147 -23 -188 3
! -23983 1993 200
! 25858 42855 200
> 15919 4784 -103 -92 202 2
> 12178 5268 281 196 52 4
> 13672 7533 -732 -314 -152 0
> 14334 6833 -147 -23 -188 3
! -84808 -9831 200
! -84146 -10531 200
> 15616 4678 -257 -90 -176 2
> 12527 5652 296 326 70 4
> 12743 7184 -789 -296 -170 0
> 13990 6775 -292 -49 -170 3
! -23195 14354 200
! 37153 37172 200
> 15616 4678 -257 -90 -176 2
> 12527 5652 296 326 70 4
> 12743 7184 -789 -296 -170 0
> 13990 6775 -292 -49 -170 3
! -85737 -10180 200
! -85036 20692 200
> 15165 4636 -383 -35 -194 2
> 12946 6136 356 411 52 4
> 11757 6853 -838 -281 -170 0
> 13500 6754 -416 -17 172 3
! -23646 14312 200
! 26626 43723 SHIELD
> 15165 4636 -383 -35 -194 2
> 12946 6136 356 411 52 4
> 11757 6853 -838 -281 -170 0
> 13500 6754 -416 -17 172 3
! -86723 -10511 200
! -84980 -10610 SHIELD
> 14588 4649 -490 11 166 2
> 12776 5944 -161 -182 70 4
> 10722 6537 -879 -268 -170 0
> 13610 7340 110 517 -170 3
! -19333 25845 SHIELD
! 14171 45919 0
> 14588 4649 -490 11 166 2
> 12776 5944 -161 -182 70 4
> 10722 6537 -879 -268 -170 0
> 13610 7340 110 517 -170 3
! -87758 -10827 200
! -85416 21257 0
> 14098 4660 -416 9 148 2
> 12615 5762 -136 -154 88 4
> 9646 6234 -914 -257 -170 0
> 13720 7857 93 439 172 3
! -24713 14336 SHIELD
! 1589 44212 0
> 14098 4660 -416 9 148 2
> 12615 5762 -136 -154 88 4
> 9646 6234 -914 -257 -170 0
> 13720 7857 93 439 172 3
! -88834 -11130 200
! -85306 21774 0
> 13682 4669 -353 7 166 2
> 12479 5608 -115 -130 106 4
> 8535 5942 -944 -247 -170 0
> 13813 8296 79 373 172 3
! -26220 1878 SHIELD
! 13874 45583 0
> 13682 4669 -353 7 166 2
> 12479 5608 -115 -130 106 4
> 8535 5942 -944 -247 -170 0
> 13813 8296 79 373 172 3
! -89945 -11422 200
! -76066 52133 0
> 13329 4676 -300 5 184 2
> 12364 5478 -97 -110 88 4
> 7394 5660 -969 -239 -170 0
> 13892 8669 67 317 154 3
! -23758 -10308 SHIELD
! 26044 43065 200
> 13329 4676 -300 5 184 2
> 12364 5478 -97 -110 88 4
> 7394 5660 -969 -239 -170 0
> 13892 8669 67 317 154 3
! -91086 -11704 200
! -85134 22586 200
> 13029 4681 -255 4 -158 2
> 12335 5556 -24 66 70 4
> 6228 5386 -991 -232 -170 0
> 13761 9014 -111 293 172 3
! -17612 -21030 0
! 26015 43143 200
> 13029 4681 -255 4 -158 2
> 12335 5556 -24 66 70 4
> 6228 5386 -991 -232 -170 0
> 13761 9014 -111 293 172 3
! -92252 -11978 0
! -84719 -8350 200
> 12774 4685 -216 3 -140 2
> 12379 5810 37 215 70 4
> 5237 5154 -842 -197 -170 0
> 13453 9272 -261 219 -170 3
! -8422 -29236 0
! 13774 45785 SHIELD
> 12774 4685 -216 3 -140 2
> 12379 5810 37 215 70 4
> 5237 5154 -842 -197 -170 0
> 13453 9272 -261 219 -170 3
! -83057 -41793 0
! -74841 -37675 200
> 12558 4688 -183 2 -122 2
> 12416 6025 31 182 88 4
> 4395 4957 -715 -167 -152 1
> 13015 9397 -371 106 -152 3
! 2881 -34123 0
! 1390 44475 0
> 12558 4688 -183 2 -122 2
> 12416 6025 31 182 88 4
> 4395 4957 -715 -167 -152 1
> 13015 9397 -371 106 -152 3
! -83899 -41990 0
! -75279 -37550 200
> 12375 4690 -155 1 -104 2
> 12447 6207 26 154 106 4
> 3680 4790 -607 -141 -152 1
> 12467 9409 -465 10 -152 3
! 15165 -35212 0
! -9920 39368 0
> 12375 4690 -155 1 -104 2
> 12447 6207 26 154 106 4
> 3680 4790 -607 -141 -152 1
> 12467 9409 -465 10 -152 3
! -94800 -12574 0
! -75827 -37538 200
> 12220 4691 -131 0 -86 2
> 12473 6361 22 130 124 4
> 3073 4649 -515 -119 -170 1
> 11825 9325 -545 -71 -152 3
! 15010 -35211 200
! -19047 30987 0
> 12220 4691 -131 0 -86 2
> 12473 6361 22 130 124 4
> 3073 4649 -515 -119 -170 1
> 11825 9325 -545 -71 -152 3
! -95953 18566 0
! -57640 -62608 0
> 12103 4491 -99 -169 -86 2
> 12495 6491 18 110 142 4
> 2558 4530 -437 -101 -188 1
> 11280 9254 -463 -60 -134 3
! 2426 -34320 SHIELD
! -25092 20171 200
> 12103 4491 -99 -169 -86 2
> 12495 6491 18 110 142 4
> 2558 4530 -437 -101 -188 1
> 11280 9254 -463 -60 -134 3
! -96468 18447 0
! -32557 -80625 200
> 12004 4322 -84 -143 -104 2
> 12325 6669 -144 151 160 0
> 2121 4429 -371 -85 172 1
> 10729 9014 -468 -203 -116 3
! 14794 -35580 0
! -27650 8064 200
> 12004 4322 -84 -143 -104 2
> 12325 6669 -144 151 160 0
> 2121 4429 -371 -85 172 1
> 10729 9014 -468 -203 -116 3
! -96905 18346 0
! -3188 -90012 0
> 11920 4179 -71 -121 -86 2
> 11981 6827 -292 134 178 0
> 1750 4344 -315 -72 172 1
> 10261 8811 -397 -172 -98 3
! 2243 -34632 SHIELD
! -26469 -4198 200
> 11920 4179 -71 -121 -86 2
> 11981 6827 -292 134 178 0
> 1750 4344 -315 -72 172 1
> 10261 8811 -397 -172 -98 3
! -88129 48181 0
! -3656 -90215 0
> 11849 4058 -60 -102 -104 2
> 11497 6906 -411 67 -164 0
> 1435 4272 -267 -61 154 1
> 9864 8639 -337 -146 -98 3
! -9347 -29863 SHIELD
! -26953 -4119 200
> 11849 4058 -60 -102 -104 2
> 11497 6906 -411 67 -164 0
> 1435 4272 -267 -61 154 1
> 9864 8639 -337 -146 -98 3
! -70498 73737 0
! -4053 -90387 200
> 11789 3956 -51 -86 -122 2
> 10894 6918 -512 10 -164 0
> 1168 4211 -226 -51 136 1
> 9499 8295 -310 -292 -98 3
! 2112 -34855 SHIELD
! -22267 -15449 200
> 11789 3956 -51 -86 -122 2
> 10894 6918 -512 10 -164 0
> 1168 4211 -226 -51 136 1
> 9499 8295 -310 -292 -98 3
! -45779 92505 0
! 26863 -90185 200
> 11738 3870 -43 -73 -104 2
> 10216 6816 -576 -86 -146 0
> 942 4160 -192 -43 118 1
> 9224 7806 -233 -415 -80 3
! 14528 -36032 SHIELD
! -28234 -4209 200
> 11738 3870 -43 -73 -104 2
> 10216 6816 -576 -86 -146 0
> 942 4160 -192 -43 118 1
> 9224 7806 -233 -415 -80 3
! -16422 102640 0
! 26588 -90674 200
> 11695 3797 -36 -62 -86 2
> 9534 6576 -246 -587 -164 0
> 750 4117 -163 -36 100 1
> 8940 7293 -575 -52 -80 3
! 2018 -35014 0
! -30441 7971 200
> 11695 3797 -36 -62 -86 2
> 9534 6576 -246 -587 -164 0
> 750 4117 -163 -36 100 1
> 8940 7293 -575 -52 -80 3
! 14667 103143 200
! -4977 -91733 200
> 11659 3735 -30 -52 -104 2
> 9088 5996 -378 -493 178 0
> 615 4279 -114 137 82 1
> 8337 7043 -512 -212 -98 3
! -9537 -30186 SHIELD
! -28499 19676 200
> 11659 3735 -30 -52 -104 2
> 9088 5996 -378 -493 178 0
> 615 4279 -114 137 82 1
> 8337 7043 -512 -212 -98 3
! 44452 94158 200
! -5580 -91983 200
> 11629 3683 -25 -44 -122 2
> 8522 5571 -481 -360 160 0
> 589 4596 -22 269 64 1
> 7797 6633 -458 -348 -98 3
! -19012 -22028 SHIELD
! -29065 19251 200
> 11629 3683 -25 -44 -122 2
> 8522 5571 -481 -360 160 0
> 589 4596 -22 269 64 1
> 7797 6633 -458 -348 -98 3
! 70054 76529 200
! 25161 -91847 200
> 11604 3639 -21 -37 -140 2
> 7853 5279 -568 -247 160 0
> 706 5009 99 350 46 1
> 7374 6088 -359 -463 -80 3
! -25483 -11345 SHIELD
! -29734 18959 200
> 11604 3639 -21 -37 -140 2
> 7853 5279 -568 -247 160 0
> 706 5009 99 350 46 1
> 7374 6088 -359 -463 -80 3
! 89000 51956 200
! 24738 -92392 200
> 11583 3602 -17 -31 -158 2
> 7332 4671 -386 -621 160 0
> 982 5453 234 377 28 1
> 6815 5858 -531 -91 -80 3
! -19058 -22109 0
! -24188 29297 200
> 11583 3602 -17 -31 -158 2
> 7332 4671 -386 -621 160 0
> 982 5453 234 377 28 1
> 6815 5858 -531 -91 -80 3
! 99462 22817 200
! -7102 -93168 200
> 11566 3571 -14 -26 -140 2
> 6788 4173 -462 -423 142 0
> 1413 5865 366 349 10 1
> 6256 5569 -475 -245 -98 3
! -25521 -11413 SHIELD
! -15579 37334 200
> 11566 3571 -14 -26 -140 2
> 6788 4173 -462 -423 142 0
> 1413 5865 366 349 10 1
> 6256 5569 -475 -245 -98 3
! 100439 -8052 200
! 23620 -92911 200
> 11552 3545 -11 -22 -158 2
> 6214 3916 -487 -218 124 0
> 1977 6186 479 272 -8 1
> 5816 5127 -374 -375 -80 3
! -28350 754 SHIELD
! -4811 42366 200
> 11552 3545 -11 -22 -158 2
> 6214 3916 -487 -218 124 0
> 1977 6186 479 272 -8 1
> 5816 5127 -374 -375 -80 3
! 91856 -37651 200
! 23180 -93353 200
> 11541 3523 -9 -18 -176 2
> 5703 3788 -317 -494 106 0
> 2636 6370 559 156 -26 1
> 5446 4658 -432 -13 -80 3
! -25546 -11461 SHIELD
! 7098 43763 200
> 11541 3523 -9 -18 -176 2
> 5703 3788 -317 -494 106 0
> 2636 6370 559 156 -26 1
> 5446 4658 -432 -13 -80 3
! 92515 -37467 0
! 52393 -83636 0
> 11532 3505 -7 -15 -158 2
> 5393 3494 -263 -250 88 0
> 3195 6526 475 132 -26 1
> 5014 4645 -367 -11 -62 3
! -28370 714 SHIELD
! -5632 41944 200
> 11532 3505 -7 -15 -158 2
> 5393 3494 -263 -250 88 0
> 3195 6526 475 132 -26 1
> 5014 4645 -367 -11 -62 3
! 75128 -62939 200
! 51961 -83649 200
> 11525 3490 -5 -12 -176 2
> 5075 3436 -270 -49 106 0
> 3814 6519 526 -5 -44 1
> 4741 4457 -232 -159 -62 3
! -25562 -11494 SHIELD
! 6470 43411 200
> 11525 3490 -5 -12 -176 2
> 5075 3436 -270 -49 106 0
> 3814 6519 526 -5 -44 1
> 4741 4457 -232 -159 -62 3
! 75747 -62946 200
! 51688 -83837 200
> 11520 3478 -4 -10 -158 2
> 4887 3373 -82 -272 88 0
> 4484 6375 569 -122 -44 1
> 4528 4335 -258 115 -62 3
! -28382 687 SHIELD
! -6138 41823 200
> 11520 3478 -4 -10 -158 2
> 4887 3373 -82 -272 88 0
> 4484 6375 569 -122 -44 1
> 4528 4335 -258 115 -62 3
! 94363 -37462 0
! 76461 -65130 200
> 11516 3468 -3 -8 -176 2
> 4750 3293 -116 -67 106 0
> 5053 6253 483 -103 -26 1
> 4414 4311 -97 -20 -44 3
! -25571 -11516 SHIELD
! -17617 36454 200
> 11516 3468 -3 -8 -176 2
> 4750 3293 -116 -67 106 0
> 5053 6253 483 -103 -26 1
> 4414 4311 -97 -20 -44 3
! 94932 -37584 0
! 51361 -83983 200
> 11513 3460 -2 -6 -158 2
> 4536 3324 -137 -194 124 0
> 5536 6150 410 -87 -26 1
> 4397 4183 -58 111 -62 3
! -28389 669 SHIELD
! -6489 41774 200
> 11513 3460 -2 -6 -158 2
> 4536 3324 -137 -194 124 0
> 5536 6150 410 -87 -26 1
> 4397 4183 -58 111 -62 3
! 104562 -7767 200
! 21761 -94297 0
> 11511 3454 -1 -5 -176 2
> 4344 3322 -163 -1 106 0
> 6144 6035 516 -97 -8 1
> 4339 4294 -49 94 -80 3
! -27300 13130 0
! 5739 43297 200
> 11511 3454 -1 -5 -176 2
> 4344 3322 -163 -1 106 0
> 6144 6035 516 -97 -8 1
> 4339 4294 -49 94 -80 3
! 105170 -7882 200
! -9578 -94732 200
> 11510 3449 0 -4 -194 2
> 4182 3393 -145 -84 88 0
> 6858 5910 606 -106 -8 1
> 4269 4318 -52 165 -98 3
! -22411 24645 SHIELD
! -6843 41843 200
> 11510 3449 0 -4 -194 2
> 4182 3393 -145 -84 88 0
> 6858 5910 606 -106 -8 1
> 4269 4318 -52 165 -98 3
! 105338 23274 200
! -9648 -94708 200
> 11510 3445 0 -3 -212 2
> 3982 3501 -170 92 106 0
> 7661 5839 682 -60 10 1
> 4189 4285 -67 -28 -98 3
! -14201 34086 SHIELD
! 5377 43476 200
> 11510 3445 0 -3 -212 2
> 3982 3501 -170 92 106 0
> 7661 5839 682 -60 10 1
> 4189 4285 -67 -28 -98 3
! 106141 23203 200
! -39648 -85594 200
> 11510 3442 0 -2 -230 2
> 3697 3339 -244 -146 88 0
> 8540 5814 747 -21 10 1
> 4156 4531 -25 217 -116 3
! -3474 40529 0
! 17377 40926 200
> 11510 3442 0 -2 -230 2
> 3697 3339 -244 -146 88 0
> 8540 5814 747 -21 10 1
> 4156 4531 -25 217 -116 3
! 107566 -8103 200
! -39681 -85348 200
> 11510 3440 0 -1 -248 2
> 3521 3381 -149 35 70 0
> 9485 5765 803 -41 -8 1
> 4043 4568 -95 31 -116 3
! 8719 43342 SHIELD
! 28147 34901 200
> 11510 3440 0 -1 -248 2
> 3521 3381 -149 35 70 0
> 9485 5765 803 -41 -8 1
> 4043 4568 -95 31 -116 3
! 99364 -38072 200
! -39794 -85311 200
> 11510 3439 0 0 -266 2
> 3495 3574 -21 163 52 0
> 10468 5636 835 -109 -26 1
> 3860 4419 -155 -126 -116 3
! 21186 42250 SHIELD
! 17175 41161 0
> 11510 3439 0 0 -266 2
> 3495 3574 -21 163 52 0
> 10468 5636 835 -109 -26 1
> 3860 4419 -155 -126 -116 3
! 82401 -63829 0
! -10057 -94607 200
> 11510 3439 0 0 -284 2
> 3315 3381 -195 -257 70 0
> 11303 5527 709 -92 -44 1
> 3837 4451 21 120 -98 3
! 32706 37360 SHIELD
! 16995 40968 200
> 11510 3439 0 0 -284 2
> 3315 3381 -195 -257 70 0
> 11303 5527 709 -92 -44 1
> 3837 4451 21 120 -98 3
! 58250 -82767 0
! -40000 -85428 200
> 11510 3439 0 0 -302 2
> 3188 3312 -107 -58 70 0
> 12012 5435 602 -78 -62 1
> 3770 4391 -56 -50 -116 3
! 21186 42250 SHIELD
! 27814 34832 200
> 11510 3439 0 0 -302 2
> 3188 3312 -107 -58 70 0
> 12012 5435 602 -78 -62 1
> 3770 4391 -56 -50 -116 3
! 29376 -93045 200
! -65695 -67542 0
> 11510 3439 0 0 76 2
> 3204 3412 13 84 52 0
> 12649 5160 541 -233 -80 1
> 3714 4341 -47 -42 -134 3
! 8719 43341 0
! 36365 25779 200
> 11510 3439 0 0 76 2
> 3204 3412 13 84 52 0
> 12649 5160 541 -233 -80 1
> 3714 4341 -47 -42 -134 3
! -1268 -93866 200
! -40123 -85538 200
> 11510 3439 0 0 94 2
> 3271 3379 -39 -225 34 0
> 13162 4729 436 -366 -98 1
> 3691 4348 77 203 -116 3
! -3474 40526 0
! 27897 34899 200
> 11510 3439 0 0 94 2
> 3271 3379 -39 -225 34 0
> 13162 4729 436 -366 -98 1
> 3691 4348 77 203 -116 3
! -30675 -85150 0
! -10226 -94678 0
> 11510 3439 0 0 112 2
> 3355 3312 71 -57 52 0
> 13598 4363 370 -311 -116 1
> 3768 4551 65 172 -98 3
! -14201 34080 0
! 17035 40899 200
> 11510 3439 0 0 112 2
> 3355 3312 71 -57 52 0
> 13598 4363 370 -311 -116 1
> 3768 4551 65 172 -98 3
! -55867 -67570 200
! -10149 -94475 200
> 11510 3439 0 0 130 2
> 3494 3443 118 111 70 0
> 13829 3908 196 -386 -134 1
> 3805 4525 31 -22 -98 3
! -22411 24635 200
! 4889 43418 200
> 11510 3439 0 0 130 2
> 3494 3443 118 111 70 0
> 13829 3908 196 -386 -134 1
> 3805 4525 31 -22 -98 3
! -74465 -43039 200
! -10112 -94501 200
> 11340 3545 -144 90 148 2
> 3554 3546 -31 -176 88 0
> 13848 3428 16 -407 -152 1
> 3873 4513 140 253 -98 3
! -14371 34186 200
! 17234 41133 200
> 11340 3545 -144 90 148 2
> 3554 3546 -31 -176 88 0
> 13848 3428 16 -407 -152 1
> 3873 4513 140 253 -98 3
! -84632 -13936 200
! -39964 -85366 200
> 11067 3788 -231 206 130 2
> 3591 3558 31 10 70 0
> 13667 2986 -153 -375 -170 1
> 3925 4586 44 62 -116 3
! -22854 24984 200
! 4986 43533 200
> 11067 3788 -231 206 130 2
> 3591 3558 31 10 70 0
> 13667 2986 -153 -375 -170 1
> 3925 4586 44 62 -116 3
! -85359 16903 0
! -9992 -94440 200
> 10666 4100 -340 265 148 2
> 3609 3722 -77 -76 88 0
> 13514 2611 -130 -318 -188 1
> 3961 4496 123 139 -98 3
! -28145 13776 0
! 17289 41309 200
> 10666 4100 -340 265 148 2
> 3609 3722 -77 -76 88 0
> 13514 2611 -130 -318 -188 1
> 3961 4496 123 139 -98 3
! -76365 46448 200
! -39876 -85383 200
> 10326 4365 -289 225 166 2
> 3553 3744 -77 -38 70 0
> 13204 2381 -263 -195 -206 2
> 4044 4545 99 99 -116 3
! -23595 25561 0
! 28179 35264 200
> 10326 4365 -289 225 166 2
> 3553 3744 -77 -38 70 0
> 13204 2381 -263 -195 -206 2
> 4044 4545 99 99 -116 3
! -58729 71846 200
! -65421 -67388 200
> 10037 4590 -245 191 148 2
> 3571 3819 -57 -51 52 0
> 12797 2325 -345 -47 -224 2
> 4032 4544 62 114 -134 3
! -23884 25786 200
! 28197 35339 200
> 10037 4590 -245 191 148 2
> 3571 3819 -57 -51 52 0
> 12797 2325 -345 -47 -224 2
> 4032 4544 62 114 -134 3
! -34150 90619 200
! -39805 -85335 200
> 9622 4887 -352 252 148 2
> 3555 3798 -43 -64 52 0
> 12358 2455 -373 110 118 2
> 4088 4605 78 99 -116 3
! -16089 35528 SHIELD
! 28181 35318 200
> 9622 4887 -352 252 148 2
> 3555 3798 -43 -64 52 0
> 12358 2455 -373 110 118 2
> 4088 4605 78 99 -116 3
! -34589 90749 200
! -65377 -67328 200
> 9270 5139 -299 214 130 2
> 3621 3867 -25 -77 52 0
> 11891 2742 -396 243 118 2
> 4042 4584 42 119 -134 3
! -5714 42226 SHIELD
! 28247 35387 200
> 9270 5139 -299 214 130 2
> 3621 3867 -25 -77 52 0
> 11891 2742 -396 243 118 2
> 4042 4584 42 119 -134 3
! -60042 72207 200
! -39795 -85295 200
> 8971 5353 -254 181 112 2
> 3629 3790 -8 -91 52 0
> 11351 3124 -458 324 136 2
> 4087 4681 52 108 -116 3
! 6180 45255 SHIELD
! 17309 41377 200
> 8971 5353 -254 181 112 2
> 3629 3790 -8 -91 52 0
> 11351 3124 -458 324 136 2
> 4087 4681 52 108 -116 3
! -60582 72589 200
! -39750 -85198 200
> 8717 5534 -215 153 94 2
> 3689 3887 51 82 70 0
> 10749 3587 -511 393 136 2
> 4051 4609 -30 -60 -116 3
! 18393 44345 SHIELD
! 5084 43862 200
> 8717 5534 -215 153 94 2
> 3689 3887 51 82 70 0
> 10749 3587 -511 393 136 2
> 4051 4609 -30 -60 -116 3
! -79130 47424 200
! -39786 -85270 200
> 8502 5687 -182 130 76 2
> 3506 3689 -158 -174 88 0
> 10058 4068 -587 408 154 2
> 4175 4849 108 209 -116 3
! 5711 45589 SHIELD
! 17186 41276 200
> 8502 5687 -182 130 76 2
> 3506 3689 -158 -174 88 0
> 10058 4068 -587 408 154 2
> 4175 4849 108 209 -116 3
! -61875 73533 200
! -65290 -67084 200
> 8320 5817 -154 110 94 2
> 3416 3703 -76 11 70 0
> 9327 4615 -621 464 136 2
> 4144 4914 -26 55 -134 3
! 17996 44628 SHIELD
! 28042 35223 200
> 8320 5817 -154 110 94 2
> 3416 3703 -76 11 70 0
> 9327 4615 -621 464 136 2
> 4144 4914 -26 55 -134 3
! -37620 92909 200
! -39693 -84965 200
> 8166 5927 -130 93 76 2
> 3463 3872 40 143 52 0
> 8612 5256 -607 544 118 2
> 4030 4789 -96 -106 -116 3
! 29362 39848 SHIELD
! 17143 41459 0
> 8166 5927 -130 93 76 2
> 3463 3872 40 143 52 0
> 8612 5256 -607 544 118 2
> 4030 4789 -96 -106 -116 3
! -38335 93550 SHIELD
! -39807 -85090 200
> 7686 6548 -410 532 58 2
> 3392 3845 -189 -220 70 0
> 8355 5272 -215 9 118 2
> 3958 4674 67 99 -116 3
! 38327 32259 SHIELD
! 28018 35365 200
> 7686 6548 -410 532 58 2
> 3392 3845 -189 -220 70 0
> 8355 5272 -215 9 118 2
> 3958 4674 67 99 -116 3
! -9009 103752 200
! -65507 -67259 200
> 7276 7080 -348 452 40 2
> 3326 3783 -55 -53 52 0
> 8140 5281 -182 7 100 2
> 3886 4629 -61 -38 -134 3
! 44363 22064 SHIELD
! 36487 26150 200
> 7276 7080 -348 452 40 2
> 3326 3783 -55 -53 52 0
> 8140 5281 -182 7 100 2
> 3886 4629 -61 -38 -134 3
! -38807 93575 0
! -39951 -85250 200
> 6928 7532 -295 384 22 3
> 3356 3707 -67 -220 34 0
> 7958 5288 -154 5 118 2
> 3818 4546 35 85 -116 3
! 46830 10322 SHIELD
! 27982 35227 200
> 6928 7532 -295 384 22 3
> 3356 3707 -67 -220 34 0
> 7958 5288 -154 5 118 2
> 3818 4546 35 85 -116 3
! -9406 103768 0
! -10099 -94480 200
> 6633 7916 -250 326 4 3
> 3412 3645 47 -53 52 0
> 7804 5293 -130 4 100 2
> 3825 4433 6 -96 -98 3
! 45444 -1760 SHIELD
! 17092 41232 200
> 6633 7916 -250 326 4 3
> 3412 3645 47 -53 52 0
> 7804 5293 -130 4 100 2
> 3825 4433 6 -96 -98 3
! -9560 103773 200
! -40012 -85446 200
> 6383 8242 -212 277 -14 3
> 3356 3457 -82 -227 70 0
> 7639 5494 -140 170 100 2
> 3914 4480 111 107 -116 3
! 40304 -12954 0
! 17036 41044 200
> 6383 8242 -212 277 -14 3
> 3356 3457 -82 -227 70 0
> 7639 5494 -140 170 100 2
> 3914 4480 111 107 -116 3
! -39308 93788 200
! -39923 -85399 0
> 6171 8519 -180 235 -32 3
> 3342 3418 -11 -33 70 0
> 7405 5841 -198 294 118 2
> 4025 4587 94 90 -116 3
! 31882 -22122 0
! 17022 41005 200
> 6171 8519 -180 235 -32 3
> 3342 3418 -11 -33 70 0
> 7405 5841 -198 294 118 2
> 4025 4587 94 90 -116 3
! -9959 104321 200
! -65440 -67346 200
> 5991 8754 -153 199 -50 3
> 3399 3573 48 131 70 0
> 7172 6332 -197 417 100 2
> 3980 4533 -38 -45 -134 3
! 20975 -28333 SHIELD
! 28025 35093 200
> 5991 8754 -153 199 -50 3
> 3399 3573 48 131 70 0
> 7172 6332 -197 417 100 2
> 3980 4533 -38 -45 -134 3
! -39775 94626 200
! -39857 -85346 200
> 5838 8953 -130 169 -68 3
> 3428 3631 -118 -183 52 0
> 6881 6926 -247 504 118 2
> 3996 4539 157 237 -116 3
! 8628 -30949 SHIELD
! 17108 41218 200
> 5838 8953 -130 169 -68 3
> 3428 3631 -118 -183 52 0
> 6881 6926 -247 504 118 2
> 3996 4539 157 237 -116 3
! -65052 76391 200
! -65469 -67394 200
> 5708 9122 -110 143 -86 3
> 3378 3636 -42 4 70 0
> 6490 7569 -332 546 136 3
> 4014 4632 15 79 -134 3
! -3968 -29689 0
! 28004 35156 200
> 5708 9122 -110 143 -86 3
> 3378 3636 -42 4 70 0
> 6490 7569 -332 546 136 3
> 4014 4632 15 79 -134 3
! -83389 51406 0
! -39823 -85247 200
> 5598 9265 -93 121 -104 3
> 3459 3798 68 137 52 0
> 6158 8115 -282 464 154 3
> 3941 4531 -61 -85 -116 3
! 8388 -30637 SHIELD
! 17139 41385 0
> 5598 9265 -93 121 -104 3
> 3459 3798 68 137 52 0
> 6158 8115 -282 464 154 3
> 3941 4531 -61 -85 -116 3
! -92868 22032 0
! -65524 -67402 200
> 5505 9386 -79 102 -86 3
> 3322 3620 -152 -206 70 0
> 5876 8579 -239 394 172 3
> 3946 4617 39 128 -134 3
! 20489 -27701 0
! 27948 35140 200
> 5505 9386 -79 102 -86 3
> 3322 3620 -152 -206 70 0
> 5876 8579 -239 394 172 3
> 3946 4617 39 128 -134 3
! -92604 -8785 0
! -39891 -85262 200
> 5326 9710 -183 343 -68 3
> 3293 3572 -24 -41 52 0
> 5737 8751 -87 77 -170 3
> 3897 4565 -41 -43 -116 3
! 8116 -30192 0
! 16973 41159 200
> 5326 9710 -183 343 -68 3
> 3293 3572 -24 -41 52 0
> 5737 8751 -87 77 -170 3
> 3897 4565 -41 -43 -116 3
! -82557 -38196 0
! -39940 -85314 200
> 5143 10053 -155 291 -86 3
> 3314 3684 -154 -158 70 0
> 5650 8828 -73 65 -152 3
> 3792 4377 82 94 -116 3
! 20127 -27034 0
! 27940 35204 200
> 5143 10053 -155 291 -86 3
> 3314 3684 -154 -158 70 0
> 5650 8828 -73 65 -152 3
> 3792 4377 82 94 -116 3
! -63815 -63105 0
! -65673 -67556 200
> 4988 10344 -131 247 -68 3
> 3262 3654 -98 -103 52 0
> 5577 8893 -62 55 -134 3
> 3756 4357 23 60 -134 3
! 7778 -29558 200
! 16942 41241 200
> 4988 10344 -131 247 -68 3
> 3262 3654 -98 -103 52 0
> 5577 8893 -62 55 -134 3
> 3756 4357 23 60 -134 3
! -38260 -80986 200
! -40081 -85522 200
> 4871 10391 -99 40 -86 3
> 3145 3624 -134 -71 70 0
> 5427 8768 -127 -106 -116 3
> 3779 4353 53 42 -116 3
! 7661 -29511 200
! 27771 35144 200
> 4871 10391 -99 40 -86 3
> 3145 3624 -134 -71 70 0
> 5427 8768 -127 -106 -116 3
> 3779 4353 53 42 -116 3
! -8490 -90258 200
! -65686 -67580 200
> 4786 10231 -72 -135 -86 3
> 3116 3692 -137 -53 52 0
> 5272 8464 -131 -258 -98 3
> 3711 4269 55 40 -134 3
! 19770 -26856 200
! 36277 26059 200
> 4786 10231 -72 -135 -86 3
> 3116 3692 -137 -53 52 0
> 5272 8464 -131 -258 -98 3
> 3711 4269 55 40 -134 3
! 22636 -90016 200
! -84583 -42678 200
> 4789 9911 2 -272 -68 3
> 3016 3625 -105 -76 34 0
> 5176 8009 -81 -386 -80 3
> 3718 4341 26 80 -152 3
! 19773 -27176 200
! 27642 35145 200
> 4789 9911 2 -272 -68 3
> 3016 3625 -105 -76 34 0
> 5176 8009 -81 -386 -80 3
> 3718 4341 26 80 -152 3
! 52123 -80285 200
! -65747 -67592 200
> 4866 9454 65 -388 -68 3
> 3034 3707 15 69 52 0
> 5189 7446 10 -478 -62 3
> 3605 4277 -95 -54 -134 3
! 30577 -21187 200
! 36195 26074 0
> 4866 9454 65 -388 -68 3
> 3034 3707 15 69 52 0
> 5189 7446 10 -478 -62 3
> 3605 4277 -95 -54 -134 3
! 52136 -80848 200
! -65860 -67656 200
> 5060 8913 164 -460 -50 3
> 2796 3523 -206 -160 34 0
> 5293 6791 88 -556 -62 3
> 3624 4332 20 50 -134 3
! 38981 -12283 200
! 35957 25890 200
> 5060 8913 164 -460 -50 3
> 2796 3523 -206 -160 34 0
> 5293 6791 88 -556 -62 3
> 3624 4332 20 50 -134 3
! 52240 -81503 200
! -65841 -67601 0
> 5394 8347 283 -481 -32 3
> 2756 3475 -34 -40 34 0
> 5475 6058 154 -622 -62 3
> 3644 4382 17 42 -134 3
! 44205 -1329 200
! 27382 34995 200
> 5394 8347 283 -481 -32 3
> 2756 3475 -34 -40 34 0
> 5475 6058 154 -622 -62 3
> 3644 4382 17 42 -134 3
! 52422 -82236 200
! -65821 -67551 200
> 5871 7818 405 -449 -14 3
> 2845 3593 75 99 52 0
> 5723 5259 210 -678 -62 3
> 3522 4280 -103 -86 -134 3
! 45773 10608 200
! 36006 25960 SHIELD
> 5871 7818 405 -449 -14 3
> 2845 3593 75 99 52 0
> 5723 5259 210 -678 -62 3
> 3522 4280 -103 -86 -134 3
! 52670 -83035 200
! -65943 -67653 200
> 6476 7383 513 -369 4 3
> 2883 3654 14 33 34 0
> 6027 4404 258 -726 -62 3
> 3654 4428 290 306 -134 3
! 43563 22367 200
! 41333 14679 0
> 6476 7383 513 -369 4 3
> 2883 3654 14 33 34 0
> 6027 4404 258 -726 -62 3
> 3654 4428 290 306 -134 3
! 77960 -65061 200
! -65811 -67505 200
> 7174 7089 593 -249 22 3
> 2897 3687 11 28 16 0
> 6429 3539 341 -735 -44 3
> 3805 4590 128 137 -134 3
! 47076 9879 0
! 42872 2291 0
> 7174 7089 593 -249 22 3
> 2897 3687 11 28 16 0
> 6429 3539 341 -735 -44 3
> 3805 4590 128 137 -134 3
! 53376 -84755 200
! -65660 -67343 200
> 7767 6840 504 -211 4 3
> 2908 3715 9 23 -2 0
> 6864 2627 369 -774 -62 3
> 3794 4583 -9 -5 -134 3
! 47669 9630 200
! 41358 14740 0
> 7767 6840 504 -211 4 3
> 2908 3715 9 23 -2 0
> 6864 2627 369 -774 -62 3
> 3794 4583 -9 -5 -134 3
! 78797 -66838 0
! -65671 -67350 200
> 8471 6643 597 -167 4 3
> 2917 3738 7 19 16 0
> 7233 1853 313 -657 -44 4
> 3646 4434 -125 -126 -134 3
! 47282 -3033 SHIELD
! 36078 26105 0
> 8471 6643 597 -167 4 3
> 2917 3738 7 19 16 0
> 7233 1853 313 -657 -44 4
> 3646 4434 -125 -126 -134 3
! 97112 -41984 0
! -65819 -67499 200
> 9068 6476 507 -141 -14 3
> 2787 3630 -240 -212 34 0
> 7546 1196 266 -558 -26 4
> 3519 4292 21 0 -134 3
! 42989 -14720 SHIELD
! 27413 35150 200
> 9068 6476 507 -141 -14 3
> 2787 3630 -240 -212 34 0
> 7546 1196 266 -558 -26 4
> 3519 4292 21 0 -134 3
! 106572 -12721 0
! -65946 -67641 0
> 9575 6335 430 -119 -32 3
> 2670 3576 -99 -46 52 0
> 7812 638 226 -474 -8 4
> 3540 4292 17 0 -134 3
! 48386 -3341 SHIELD
! 35831 25943 200
> 9575 6335 430 -119 -32 3
> 2670 3576 -99 -46 52 0
> 7812 638 226 -474 -8 4
> 3540 4292 17 0 -134 3
! 106292 18002 0
! -84754 -42655 200
> 10005 6216 365 -101 -14 3
> 2737 3642 56 55 34 0
> 8038 164 192 -402 10 4
> 3380 4198 -135 -79 -152 3
! 43926 -14980 SHIELD
! 41187 14667 0
> 10005 6216 365 -101 -14 3
> 2737 3642 56 55 34 0
> 8038 164 192 -402 10 4
> 3380 4198 -135 -79 -152 3
! 96332 47111 0
! -66085 -67735 200
> 10370 6115 310 -85 -32 3
> 2505 3447 -229 -193 16 0
> 8230 -238 163 -341 28 4
> 3394 4225 44 50 -134 3
! 36081 -24526 SHIELD
! 35666 25814 200
> 10370 6115 310 -85 -32 3
> 2505 3447 -229 -193 16 0
> 8230 -238 163 -341 28 4
> 3394 4225 44 50 -134 3
! 77695 71695 200
! -40443 -85654 0
> 10680 6030 263 -72 -50 3
> 2442 3366 -53 -68 34 0
> 8532 -435 256 -167 46 4
> 3438 4275 37 42 -116 3
! 44601 -15166 SHIELD
! 27068 34886 200
> 10680 6030 263 -72 -50 3
> 2442 3366 -53 -68 34 0
> 8532 -435 256 -167 46 4
> 3438 4275 37 42 -116 3
! 52369 89444 200
! -66027 -67658 0
> 10943 5958 223 -61 -32 3
> 2512 3456 59 76 52 0
> 8876 -422 292 10 64 4
> 3475 4317 31 35 -134 3
! 36654 -24683 SHIELD
! 35673 25823 200
> 10943 5958 223 -61 -32 3
> 2512 3456 59 76 52 0
> 8876 -422 292 10 64 4
> 3475 4317 31 35 -134 3
! 22793 98604 200
! -65990 -67616 200
> 11166 5897 189 -51 -50 3
> 2737 3644 191 159 34 0
> 9196 -214 271 176 82 4
> 3367 4208 -91 -92 -134 3
! 26150 -31190 SHIELD
! 41187 14669 SHIELD
> 11166 5897 189 -51 -50 3
> 2737 3644 191 159 34 0
> 9196 -214 271 176 82 4
> 3367 4208 -91 -92 -134 3
! -8168 98266 200
! -66098 -67725 SHIELD
> 11355 5846 160 -43 -68 3
> 2681 3582 -76 -78 16 0
> 9432 159 200 317 100 4
> 3523 4337 161 135 -134 3
! 14145 -34056 SHIELD
! 35842 25949 0
> 11355 5846 160 -43 -68 3
> 2681 3582 -76 -78 16 0
> 9432 159 200 317 100 4
> 3523 4337 161 135 -134 3
! -7932 98639 200
! -40314 -85542 0
> 11515 5803 136 -36 -86 3
> 2605 3504 -64 -66 34 0
> 9597 673 140 436 100 4
> 3684 4472 136 114 -116 3
! 1838 -33008 SHIELD
! 27231 35024 0
> 11515 5803 136 -36 -86 3
> 2605 3504 -64 -66 34 0
> 9597 673 140 436 100 4
> 3684 4472 136 114 -116 3
! -7767 99153 200
! -40153 -85407 0
> 11651 5767 115 -30 -104 3
> 2541 3438 -54 -56 52 0
> 9702 1306 89 538 100 4
> 3820 4586 115 96 -116 3
! -9545 -28154 0
! 35702 25805 0
> 11651 5767 115 -30 -104 3
> 2541 3438 -54 -56 52 0
> 9702 1306 89 538 100 4
> 3820 4586 115 96 -116 3
! -7662 99786 200
! -40017 -85293 0
> 11766 5737 97 -25 -122 3
> 2487 3382 -45 -47 34 0
> 9756 2041 46 624 100 4
> 3935 4682 97 81 -116 3
! -18875 -19974 0
! 35648 25749 200
> 11766 5737 97 -25 -122 3
> 2487 3382 -45 -47 34 0
> 9756 2041 46 624 100 4
> 3935 4682 97 81 -116 3
! -7608 100521 200
! -65530 -67251 200
> 11863 5712 82 -21 -140 3
> 2608 3447 102 55 34 0
> 9767 2862 9 697 100 4
> 3893 4619 -35 -53 -134 3
! -25224 -9272 SHIELD
! 27234 34967 200
> 11863 5712 82 -21 -140 3
> 2608 3447 102 55 34 0
> 9767 2862 9 697 100 4
> 3893 4619 -35 -53 -134 3
! 23684 101888 200
! -65572 -67314 200
> 11945 5691 69 -17 -158 3
> 2833 3660 191 180 52 0
> 9804 3757 31 760 82 4
> 3719 4422 -147 -167 -134 3
! -27957 2900 0
! 35994 26027 SHIELD
> 11945 5691 69 -17 -158 3
> 2833 3660 191 180 52 0
> 9804 3757 31 760 82 4
> 3719 4422 -147 -167 -134 3
! 53641 93636 0
! -84575 -42525 SHIELD
> 12014 5674 58 -14 -176 3
> 2936 3770 -157 -100 34 0
> 9835 4517 26 646 64 4
> 3660 4325 195 111 -152 3
! -26797 15350 0
! 41386 14795 0
> 12014 5674 58 -14 -176 3
> 2936 3770 -157 -100 34 0
> 9835 4517 26 646 64 4
> 3660 4325 195 111 -152 3
! 79300 76450 200
! -65805 -67608 0
> 12072 5660 49 -11 -194 3
> 2779 3670 -133 -85 16 0
> 10000 5307 140 671 46 4
> 3855 4436 165 94 -134 3
! -21849 26856 0
! 35940 26037 0
> 12072 5660 49 -11 -194 3
> 2779 3670 -133 -85 16 0
> 10000 5307 140 671 46 4
> 3855 4436 165 94 -134 3
! 98294 52254 0
! -39982 -85443 0
> 12121 5649 41 -9 -212 3
> 2646 3585 -113 -72 34 0
> 10140 5978 119 570 28 4
> 4020 4530 140 79 -116 3
! -13590 36290 200
! 27272 35105 0
> 12121 5649 41 -9 -212 3
> 2646 3585 -113 -72 34 0
> 10140 5978 119 570 28 4
> 4020 4530 140 79 -116 3
! 108620 23342 BOOST
! -65445 -67403 200
> 12033 5793 -74 122 -230 3
> 2533 3513 -96 -61 52 0
> 10899 6661 645 580 10 4
> 4160 4609 119 67 -134 3
! -21888 26989 200
! 35694 25880 200
> 12033 5793 -74 122 -230 3
> 2533 3513 -96 -61 52 0
> 10899 6661 645 580 10 4
> 4160 4609 119 67 -134 3
! 109925 -7256 200
! -84134 -42338 0
> 11789 6021 -207 193 148 3
> 2603 3564 59 43 34 0
> 11742 7213 716 469 -8 4
> 4279 4676 101 56 -152 3
! -27022 15697 200
! 35764 25931 200
> 11789 6021 -207 193 148 3
> 2603 3564 59 43 34 0
> 11742 7213 716 469 -8 4
> 4279 4676 101 56 -152 3
! 101621 -36624 200
! -84015 -42271 200
> 11388 6262 -340 205 166 3
> 2828 3719 191 131 34 0
> 12638 7594 761 324 -26 0
> 4203 4638 -64 -32 -152 3
! -28514 3471 200
! 41278 14744 200
> 11388 6262 -340 205 166 3
> 2828 3719 191 131 34 0
> 12638 7594 761 324 -26 0
> 4203 4638 -64 -32 -152 3
! 84571 -61871 0
! -65262 -67295 200
> 10848 6453 -458 162 184 3
> 3211 3905 325 158 16 0
> 13399 7918 646 275 -44 0
> 4000 4462 -172 -149 -134 3
! -27963 16129 0
! 36372 26272 SHIELD
> 10848 6453 -458 162 184 3
> 3211 3905 325 158 16 0
> 13399 7918 646 275 -44 0
> 4000 4462 -172 -149 -134 3
! 60346 -80376 0
! -65465 -67471 SHIELD
> 10390 6615 -389 137 166 3
> 3199 3818 -124 -156 34 0
> 14045 8193 549 233 -62 0
> 4165 4558 254 164 -134 3
! -29512 3824 200
! 27825 35338 0
> 10390 6615 -389 137 166 3
> 3199 3818 -124 -156 34 0
> 14045 8193 549 233 -62 0
> 4165 4558 254 164 -134 3
! 31409 -90287 200
! -65300 -67375 0
> 9801 6738 -500 104 184 3
> 3075 3662 -105 -132 52 0
> 14629 8229 496 30 -80 0
> 4419 4722 215 139 -134 3
! -27286 -8246 200
! 36236 26029 0
> 9801 6738 -500 104 184 3
> 3075 3662 -105 -132 52 0
> 14629 8229 496 30 -80 0
> 4419 4722 215 139 -134 3
! 711 -90797 0
! -65046 -67211 0
> 9116 6767 -582 24 -158 3
> 2970 3530 -89 -112 34 0
> 15125 8259 421 25 -98 0
> 4634 4861 182 118 -134 3
! -21525 -18944 SHIELD
! 41420 14555 0
> 9116 6767 -582 24 -158 3
> 2970 3530 -89 -112 34 0
> 15125 8259 421 25 -98 0
> 4634 4861 182 118 -134 3
! -28712 -81620 200
! -83660 -42086 0
> 8534 6791 -494 20 -140 3
> 2881 3418 -75 -95 16 0
> 15458 8104 283 -131 -116 0
> 4816 4979 154 100 -152 3
! -12662 -27130 0
! 36042 25785 200
> 8534 6791 -494 20 -140 3
> 2881 3418 -75 -95 16 0
> 15458 8104 283 -131 -116 0
> 4816 4979 154 100 -152 3
! -54007 -63829 200
! -64649 -66954 200
> 8040 6811 -419 17 -122 3
> 2972 3435 77 14 34 0
> 15602 7829 122 -233 -134 0
> 4831 4935 12 -37 -134 3
! -1636 -32000 0
! 27598 34955 200
> 8040 6811 -419 17 -122 3
> 2972 3435 77 14 34 0
> 15602 7829 122 -233 -134 0
> 4831 4935 12 -37 -134 3
! -72692 -39118 200
! -64634 -66998 200
> 7621 6828 -356 14 -104 3
> 3172 3607 170 145 52 0
> 15547 7502 -46 -277 -152 0
> 4704 4754 -107 -153 -134 3
! 10411 -33074 0
! 36333 25974 200
> 7621 6828 -356 14 -104 3
> 3172 3607 170 145 52 0
> 15547 7502 -46 -277 -152 0
> 4704 4754 -107 -153 -134 3
! -82933 -9862 200
! -83590 -42193 200
> 7265 6842 -302 11 -86 3
> 3508 3864 285 218 34 0
> 15304 7190 -206 -264 -170 0
> 4420 4507 -241 -209 -152 3
! -2411 -31969 0
! 28134 35384 SHIELD
> 7265 6842 -302 11 -86 3
> 3508 3864 285 218 34 0
> 15304 7190 -206 -264 -170 0
> 4420 4507 -241 -209 -152 3
! -83722 21107 200
! -65045 -67426 SHIELD
> 6963 6853 -256 9 -104 3
> 3494 3883 -234 -132 52 0
> 14900 6954 -343 -200 -188 0
> 4478 4497 272 140 -134 3
! 9753 -33049 SHIELD
! 36655 26250 0
> 6963 6853 -256 9 -104 3
> 3494 3883 -234 -132 52 0
> 14900 6954 -343 -200 -188 0
> 4478 4497 272 140 -134 3
! -84126 20871 200
! -64987 -67436 0
> 6707 6862 -217 7 -86 3
> 3260 3751 -198 -112 34 0
> 14359 6782 -459 -146 172 0
> 4750 4637 231 119 -134 3
! 21691 -30225 0
! 41710 14776 0
> 6707 6862 -217 7 -86 3
> 3260 3751 -198 -112 34 0
> 14359 6782 -459 -146 172 0
> 4750 4637 231 119 -134 3
! -84667 20699 200
! -83544 -42310 200
> 6490 6869 -184 5 -68 3
> 3062 3639 -168 -95 16 0
> 13702 6664 -558 -100 172 0
> 4981 4756 196 101 -152 3
! 32201 -23772 SHIELD
! 36223 26006 0
> 6490 6869 -184 5 -68 3
> 3062 3639 -168 -95 16 0
> 13702 6664 -558 -100 172 0
> 4981 4756 196 101 -152 3
! -85324 20581 200
! -93499 -12608 0
> 6306 6874 -156 4 -50 3
> 2894 3544 -142 -80 34 0
> 12946 6592 -642 -61 172 0
> 5177 4857 166 85 -170 3
! 21290 -30213 0
! 36055 25911 200
> 6306 6874 -156 4 -50 3
> 2894 3544 -142 -80 34 0
> 12946 6592 -642 -61 172 0
> 5177 4857 166 85 -170 3
! -86080 20509 200
! -83117 -42090 200
> 6150 6878 -132 3 -68 3
> 2918 3576 20 27 34 0
> 12106 6559 -714 -28 172 0
> 5166 4848 -9 -7 -152 3
! 31861 -23763 0
! 36079 25943 200
> 6150 6878 -132 3 -68 3
> 2918 3576 20 27 34 0
> 12106 6559 -714 -28 172 0
> 5166 4848 -9 -7 -152 3
! -86920 20476 200
! -83128 -42099 200
> 6018 6881 -112 2 -50 3
> 3104 3715 157 118 34 0
> 11194 6559 -775 0 172 0
> 4980 4747 -157 -85 -152 3
! 39939 -14315 0
! 41554 14740 200
> 6018 6881 -112 2 -50 3
> 3104 3715 157 118 34 0
> 11194 6559 -775 0 172 0
> 4980 4747 -157 -85 -152 3
! -87286 -10805 200
! -83314 -42200 200
> 5906 6883 -95 1 -32 3
> 3453 3888 296 147 16 0
> 10222 6524 -826 -29 -170 0
> 4646 4568 -283 -152 -152 3
! 39827 -14313 200
! 36614 26255 SHIELD
> 5906 6883 -95 1 -32 3
> 3453 3888 296 147 16 0
> 10222 6524 -826 -29 -170 0
> 4646 4568 -283 -152 -152 3
! -78072 -40423 200
! -83648 -42379 SHIELD
> 5981 6778 63 -89 -32 3
> 3683 3995 -220 -162 34 0
> 9219 6401 -852 -104 -152 0
> 4429 4456 231 158 -152 3
! 31692 -23863 200
! 28309 35515 0
> 5981 6778 63 -89 -32 3
> 3683 3995 -220 -162 34 0
> 9219 6401 -852 -104 -152 0
> 4429 4456 231 158 -152 3
! -79075 -40546 200
! -65036 -67477 0
> 6173 6536 162 -205 -50 3
> 3463 3833 -187 -137 52 0
> 8190 6203 -874 -168 -152 0
> 4660 4614 196 134 -134 3
! 40094 -14660 0
! 36624 26200 0
> 6173 6536 162 -205 -50 3
> 3463 3833 -187 -137 52 0
> 8190 6203 -874 -168 -152 0
> 4660 4614 196 134 -134 3
! -80104 -40744 200
! -83634 -42333 0
> 6335 6331 137 -174 -32 3
> 3276 3696 -158 -116 34 0
> 7139 5941 -893 -222 -152 0
> 4856 4748 166 113 -152 3
! 32046 -24310 SHIELD
! 27902 35216 0
> 6335 6331 137 -174 -32 3
> 3276 3696 -158 -116 34 0
> 7139 5941 -893 -222 -152 0
> 4856 4748 166 113 -152 3
! -91341 -11423 SHIELD
! -83438 -42199 0
> 5794 6542 -528 218 -50 3
> 3118 3580 -134 -98 52 0
> 6924 5334 -114 -554 -170 0
> 5022 4861 141 96 -152 3
! 39715 -14654 SHIELD
! 36279 25947 200
> 5794 6542 -528 218 -50 3
> 3118 3580 -134 -98 52 0
> 6924 5334 -114 -554 -170 0
> 5022 4861 141 96 -152 3
! -92102 19251 0
! -83272 -42086 200
> 5266 6760 -448 185 -32 3
> 3150 3594 27 11 34 0
> 6810 4780 -96 -470 -188 0
> 4986 4863 -30 1 -152 3
! 30977 -23881 0
! 27776 35114 200
> 5266 6760 -448 185 -32 3
> 3150 3594 27 11 34 0
> 6810 4780 -96 -470 -188 0
> 4986 4863 -30 1 -152 3
! -83069 48617 0
! -83308 -42084 200
> 4818 6945 -380 157 -50 3
> 3300 3763 127 143 52 0
> 6714 4310 -81 -399 -206 0
> 4779 4770 -175 -78 -152 3
! 38739 -14251 0
! 36461 26130 200
> 4818 6945 -380 157 -50 3
> 3300 3763 127 143 52 0
> 6714 4310 -81 -399 -206 0
> 4779 4770 -175 -78 -152 3
! -65219 73775 0
! -83515 -42177 200
> 4438 7102 -323 133 -32 3
> 3593 4018 248 216 34 0
> 6633 3911 -68 -339 -224 0
> 4427 4598 -298 -146 -152 3
! 30149 -23539 0
! 42043 15043 SHIELD
> 4438 7102 -323 133 -32 3
> 3593 4018 248 216 34 0
> 6633 3911 -68 -339 -224 0
> 4427 4598 -298 -146 -152 3
! -65300 73376 200
! -65038 -67335 SHIELD
> 4115 7235 -274 113 -50 3
> 3482 3981 -244 -136 16 0
> 6421 3711 -180 -170 136 0
> 4488 4705 201 196 -134 3
! 38036 -13961 200
! 36643 26348 0
> 4115 7235 -274 113 -50 3
> 3482 3981 -244 -136 16 0
> 6421 3711 -180 -170 136 0
> 4488 4705 201 196 -134 3
! -65512 73176 200
! -64977 -67228 0
> 4011 7242 -88 5 -32 3
> 3238 3845 -207 -115 34 0
> 6097 3680 -275 -26 136 0
> 4689 4901 170 166 -134 3
! 37932 -13954 200
! 27864 35365 0
> 4011 7242 -88 5 -32 3
> 3238 3845 -207 -115 34 0
> 6097 3680 -275 -26 136 0
> 4689 4901 170 166 -134 3
! -65836 73145 200
! -39148 -84978 0
> 4093 7141 69 -85 -32 3
> 3031 3730 -175 -97 52 0
> 5678 3793 -356 95 136 0
> 4859 5067 144 141 -116 3
! 29804 -23500 200
! 36192 26097 0
> 4093 7141 69 -85 -32 3
> 3031 3730 -175 -97 52 0
> 5678 3793 -356 95 136 0
> 4859 5067 144 141 -116 3
! -84201 47630 200
! -38978 -84812 0
> 4291 6903 167 -202 -50 3
> 2856 3633 -148 -82 34 0
> 5142 3976 -455 155 154 0
> 5003 5208 122 119 -116 3
! 38212 -14293 200
! 41306 14658 200
> 4291 6903 167 -202 -50 3
> 2856 3633 -148 -82 34 0
> 5142 3976 -455 155 154 0
> 5003 5208 122 119 -116 3
! -66791 73441 200
! -64462 -66725 200
> 4628 6595 286 -261 -32 3
> 2900 3606 37 -22 16 0
> 4543 4270 -509 249 136 1
> 4986 5183 -14 -21 -134 3
! 38549 -14601 200
! 36061 25973 200
> 4628 6595 286 -261 -32 3
> 2900 3606 37 -22 16 0
> 4543 4270 -509 249 136 1
> 4986 5183 -14 -21 -134 3
! -42404 92564 0
! -83308 -41764 200
> 5084 6228 387 -311 -32 3
> 3103 3696 172 76 34 0
> 4034 4519 -432 211 118 1
> 4795 5068 -162 -97 -152 3
! 39005 -14968 200
! 36264 26063 200
> 5084 6228 387 -311 -32 3
> 3103 3696 172 76 34 0
> 4034 4519 -432 211 118 1
> 4795 5068 -162 -97 -152 3
! -13330 102999 0
! -64670 -66865 200
> 5641 5811 473 -354 -32 3
> 3441 3884 287 159 34 0
> 3602 4730 -367 179 100 1
> 4494 4827 -255 -204 -134 3
! 44452 -3865 0
! 28067 35404 SHIELD
> 5641 5811 473 -354 -32 3
> 3441 3884 287 159 34 0
> 3602 4730 -367 179 100 1
> 4494 4827 -255 -204 -134 3
! 17519 103756 0
! -39343 -85052 SHIELD
> 6114 5457 402 -300 -14 3
> 3710 4023 -114 -264 52 0
> 3235 4909 -311 152 82 1
> 4257 4643 142 226 -116 3
! 40035 -15739 200
! 17390 41610 0
> 6114 5457 402 -300 -14 3
> 3710 4023 -114 -264 52 0
> 3235 4909 -311 152 82 1
> 4257 4643 142 226 -116 3
! 47072 94788 0
! -65208 -67290 0
> 6686 5051 485 -345 -32 3
> 3596 3759 -96 -224 70 0
> 2924 5061 -264 129 64 1
> 4399 4869 120 192 -134 3
! 45497 -4625 200
! 4991 43734 0
> 6686 5051 485 -345 -32 3
> 3596 3759 -96 -224 70 0
> 2924 5061 -264 129 64 1
> 4399 4869 120 192 -134 3
! 72389 76994 200
! -39438 -85010 0
> 7365 4658 577 -334 -14 3
> 3500 3535 -81 -190 88 0
> 2799 5334 -106 231 46 1
> 4519 5061 102 163 -116 3
! 47267 7448 0
! 17180 41122 0
> 7365 4658 577 -334 -14 3
> 3500 3535 -81 -190 88 0
> 2799 5334 -106 231 46 1
> 4519 5061 102 163 -116 3
! 91093 52281 200
! -39318 -84818 0
> 7942 4324 490 -283 4 3
> 3419 3345 -68 -161 70 0
> 2870 5659 60 276 28 1
> 4621 5224 86 138 -116 3
! 46753 -5352 0
! 28045 34865 200
> 7942 4324 490 -283 4 3
> 3419 3345 -68 -161 70 0
> 2870 5659 60 276 28 1
> 4621 5224 86 138 -116 3
! 101350 23023 200
! -64844 -66709 200
> 8432 4041 416 -240 -14 3
> 3474 3342 46 -2 52 0
> 3127 5970 218 264 10 1
> 4568 5218 -44 -4 -134 3
! 48334 6831 SHIELD
! 17154 40929 200
> 8432 4041 416 -240 -14 3
> 3474 3342 46 -2 52 0
> 3127 5970 218 264 10 1
> 4568 5218 -44 -4 -134 3
! 102153 -7947 200
! -39269 -84661 200
> 8848 3801 353 -204 4 3
> 3588 3528 97 158 70 0
> 3543 6206 353 200 -8 1
> 4436 5034 -111 -156 -116 3
! 47659 -5875 0
! 17268 41115 200
> 8848 3801 353 -204 4 3
> 3588 3528 97 158 70 0
> 3543 6206 353 200 -8 1
> 4436 5034 -111 -156 -116 3
! 93422 -37631 200
! -39401 -84845 200
> 9201 3597 300 -173 -14 3
> 3753 3874 140 294 70 0
> 4076 6318 452 95 -26 1
> 4237 4698 -168 -285 -116 3
! 43122 -17599 SHIELD
! 28379 35394 SHIELD
> 9201 3597 300 -173 -14 3
> 3753 3874 140 294 70 0
> 4076 6318 452 95 -26 1
> 4237 4698 -168 -285 -116 3
! 93955 -37519 200
! -39600 -85181 SHIELD
> 9501 3424 255 -147 -32 3
> 3637 3739 -166 -227 52 0
> 4708 6325 536 6 -26 1
> 4325 4842 143 235 -116 3
! 35212 -27217 0
! 17317 41326 0
> 9501 3424 255 -147 -32 3
> 3637 3739 -166 -227 52 0
> 4708 6325 536 6 -26 1
> 4325 4842 143 235 -116 3
! 94587 -37512 200
! -65140 -67091 0
> 9756 3277 216 -124 -50 3
> 3471 3512 -141 -192 70 0
> 5424 6243 608 -69 -26 1
> 4468 5077 121 199 -134 3
! 24740 -33810 SHIELD
! 4866 43487 0
> 9756 3277 216 -124 -50 3
> 3471 3512 -141 -192 70 0
> 5424 6243 608 -69 -26 1
> 4468 5077 121 199 -134 3
! 95303 -37594 200
! -64997 -66856 0
> 9972 3153 183 -105 -68 3
> 3330 3320 -119 -163 88 0
> 6212 6086 669 -133 -26 1
> 4589 5276 102 169 -134 3
! 12762 -36749 0
! 17010 40907 0
> 9972 3153 183 -105 -68 3
> 3330 3320 -119 -163 88 0
> 6212 6086 669 -133 -26 1
> 4589 5276 102 169 -134 3
! 78145 -63379 200
! -64876 -66657 0
> 10155 3048 155 -89 -86 3
> 3211 3157 -101 -138 70 0
> 7025 5814 690 -231 -44 1
> 4691 5445 86 143 -134 3
! 478 -35763 0
! 27837 34677 200
> 10155 3048 155 -89 -86 3
> 3211 3157 -101 -138 70 0
> 7025 5814 690 -231 -44 1
> 4691 5445 86 143 -134 3
! 96904 -38023 200
! -39146 -84434 200
> 10310 2959 131 -75 -104 3
> 3233 3177 18 16 52 0
> 7895 5495 739 -270 -26 1
> 4689 5408 -1 -31 -116 3
! -10886 -30962 SHIELD
! 27859 34697 200
> 10310 2959 131 -75 -104 3
> 3233 3177 18 16 52 0
> 7895 5495 739 -270 -26 1
> 4689 5408 -1 -31 -116 3
! 79828 -63970 200
! -39148 -84471 200
> 10441 2884 111 -63 -122 3
> 3374 3351 119 147 52 0
> 8778 5086 750 -347 -44 1
> 4600 5197 -75 -179 -116 3
! -20200 -22827 0
! 17054 40938 200
> 10441 2884 111 -63 -122 3
> 3374 3351 119 147 52 0
> 8778 5086 750 -347 -44 1
> 4600 5197 -75 -179 -116 3
! 55725 -83208 200
! -64865 -66736 200
> 10552 2821 94 -53 -140 3
> 3561 3686 159 284 70 0
> 9622 4562 717 -445 -62 1
> 4386 4874 -181 -274 -134 3
! -10644 -31100 0
! 28187 35206 SHIELD
> 10552 2821 94 -53 -140 3
> 3561 3686 159 284 70 0
> 9622 4562 717 -445 -62 1
> 4386 4874 -181 -274 -134 3
! 81555 -64903 200
! -65079 -67059 SHIELD
> 10646 2768 79 -45 -122 3
> 3717 3966 -201 -196 52 0
> 10483 3978 731 -496 -44 1
> 4208 4604 182 204 -134 3
! -19995 -22943 0
! 17397 41553 0
> 10646 2768 79 -45 -122 3
> 3717 3966 -201 -196 52 0
> 10483 3978 731 -496 -44 1
> 4208 4604 182 204 -134 3
! 82416 -65487 200
! -65257 -67329 0
> 10725 2723 67 -38 -140 3
> 3516 3770 -170 -166 70 0
> 11358 3343 743 -539 -44 1
> 4390 4808 154 173 -134 3
! -26362 -12261 0
! 28142 35290 0
> 10725 2723 67 -38 -140 3
> 3516 3770 -170 -166 70 0
> 11358 3343 743 -539 -44 1
> 4390 4808 154 173 -134 3
! 101237 -40494 200
! -65075 -67125 0
> 10792 2685 56 -32 -158 3
> 3346 3604 -144 -141 52 0
> 12281 2716 784 -532 -26 1
> 4544 4981 130 147 -134 3
! -29110 -105 0
! 17026 41191 0
> 10792 2685 56 -32 -158 3
> 3346 3604 -144 -141 52 0
> 12281 2716 784 -532 -26 1
> 4544 4981 130 147 -134 3
! 111307 -11201 200
! -64921 -66952 0
> 10848 2653 47 -27 -176 3
> 3202 3463 -122 -119 70 0
> 13263 2156 834 -475 -8 2
> 4674 5128 110 124 -134 3
! -26239 -12331 200
! 27828 34983 200
> 10848 2653 47 -27 -176 3
> 3202 3463 -122 -119 70 0
> 13263 2156 834 -475 -8 2
> 4674 5128 110 124 -134 3
! 103142 -41681 0
! -64791 -66805 200
> 10710 2551 -117 -86 -158 3
> 3203 3502 0 32 52 0
> 14097 1681 708 -403 -26 2
> 4645 5108 -24 -16 -134 3
! -29192 -239 200
! 36364 25869 200
> 10710 2551 -117 -86 -158 3
> 3203 3502 0 32 52 0
> 14097 1681 708 -403 -26 2
> 4645 5108 -24 -16 -134 3
! 86030 -67784 0
! -64820 -66825 200
> 10393 2451 -269 -84 -176 3
> 3369 3646 140 122 34 0
> 14805 1278 601 -342 -44 2
> 4482 4948 -138 -135 -134 3
! -26694 -12533 200
! 27995 35166 200
> 10393 2451 -269 -84 -176 3
> 3369 3646 140 122 34 0
> 14805 1278 601 -342 -44 2
> 4482 4948 -138 -135 -134 3
! 61752 -87016 0
! -39355 -84931 200
> 9939 2292 -386 -135 -158 3
> 3632 3926 223 237 52 0
> 15406 936 510 -290 -62 2
> 4256 4633 -191 -267 -116 3
! -27148 -12692 200
! 36793 26293 SHIELD
> 9939 2292 -386 -135 -158 3
> 3632 3926 223 237 52 0
> 15406 936 510 -290 -62 2
> 4256 4633 -191 -267 -116 3
! 32770 -97544 0
! -65209 -67300 SHIELD
> 9368 2082 -485 -178 -158 3
> 3516 3784 -179 -211 34 0
> 15916 646 433 -246 -80 2
> 4404 4745 206 186 -134 3
! -30534 -708 SHIELD
! 41966 14809 0
> 9368 2082 -485 -178 -158 3
> 3516 3784 -179 -211 34 0
> 15916 646 433 -246 -80 2
> 4404 4745 206 186 -134 3
! 1998 -98380 0
! -65061 -67188 0
> 8883 1904 -412 -151 -176 3
> 3337 3573 -152 -179 16 0
> 16349 400 368 -209 -98 2
> 4610 4931 175 158 -134 3
! -29928 11580 0
! 36498 25940 0
> 8883 1904 -412 -151 -176 3
> 3337 3573 -152 -179 16 0
> 16349 400 368 -209 -98 2
> 4610 4931 175 158 -134 3
! -27488 -89479 0
! -39227 -84948 0
> 8471 1753 -350 -128 166 3
> 3185 3394 -129 -152 34 0
> 16717 191 312 -177 -116 2
> 4785 5089 148 134 -116 3
! -25450 22949 0
! 27811 34914 0
> 8471 1753 -350 -128 166 3
> 3185 3394 -129 -152 34 0
> 16717 191 312 -177 -116 2
> 4785 5089 148 134 -116 3
! -52748 -71742 0
! -39052 -84790 0
> 8121 1625 -297 -108 148 3
> 3056 3242 -109 -129 52 0
> 17029 14 265 -150 -134 2
> 4933 5223 125 113 -116 3
! -17590 32266 0
! 27682 34762 200
> 8121 1625 -297 -108 148 3
> 3056 3242 -109 -129 52 0
> 17029 14 265 -150 -134 2
> 4933 5223 125 113 -116 3
! -71265 -46933 200
! -64532 -66710 200
> 7824 1517 -252 -91 130 4
> 3070 3271 12 24 52 0
> 17117 -230 75 -207 -152 2
> 4919 5192 -11 -26 -134 3
! -7160 38604 200
! 36231 25638 200
> 7824 1517 -252 -91 130 4
> 3070 3271 12 24 52 0
> 17117 -230 75 -207 -152 2
> 4919 5192 -11 -26 -134 3
! -81363 -17594 200
! -64546 -66741 200
> 7497 1611 -277 80 112 4
> 3248 3407 151 115 34 0
> 16995 -472 -103 -205 -170 2
> 4769 5022 -127 -144 -134 3
! -7487 38698 200
! 27874 34927 200
> 7497 1611 -277 80 112 4
> 3248 3407 151 115 34 0
> 16995 -472 -103 -205 -170 2
> 4769 5022 -127 -144 -134 3
! -82031 13445 200
! -64696 -66911 200
> 7145 1876 -299 225 112 4
> 3522 3680 233 231 52 0
> 16694 -649 -255 -150 -188 2
> 4503 4734 -226 -244 -134 3
! 4354 41778 200
! 36683 26047 SHIELD
> 7145 1876 -299 225 112 4
> 3522 3680 233 231 52 0
> 16694 -649 -255 -150 -188 2
> 4503 4734 -226 -244 -134 3
! -73185 43188 200
! -83791 -42213 SHIELD
> 6832 2301 -266 360 94 4
> 3741 3896 -178 -220 34 0
> 16259 -711 -369 -52 -206 2
> 4291 4505 184 209 -152 3
! 16508 41112 200
! 42191 14921 0
> 6832 2301 -266 360 94 4
> 3741 3896 -178 -220 34 0
> 16259 -711 -369 -52 -206 2
> 4291 4505 184 209 -152 3
! -55674 68754 200
! -84003 -42442 0
> 6614 2855 -184 470 76 4
> 3563 3676 -151 -187 16 0
> 15746 -624 -435 73 -224 2
> 4475 4714 156 177 -152 3
! 27810 36776 200
! 36724 26043 0
> 6614 2855 -184 470 76 4
> 3563 3676 -151 -187 16 0
> 15746 -624 -435 73 -224 2
> 4475 4714 156 177 -152 3
! -31201 87670 200
! -64990 -67219 0
> 6536 3495 -66 543 58 4
> 3412 3489 -128 -158 34 0
> 15217 -374 -449 212 118 2
> 4631 4891 132 150 -134 3
! 37177 29206 SHIELD
! 28038 35009 0
> 6536 3495 -66 543 58 4
> 3412 3489 -128 -158 34 0
> 15217 -374 -449 212 118 2
> 4631 4891 132 150 -134 3
! -56716 69091 200
! -39206 -84988 0
> 6470 4038 -56 461 40 4
> 3284 3331 -108 -134 52 0
> 14624 -23 -503 298 136 2
> 4763 5041 112 127 -116 3
! 43557 19022 0
! 16964 40918 200
> 6470 4038 -56 461 40 4
> 3284 3331 -108 -134 52 0
> 14624 -23 -503 298 136 2
> 4763 5041 112 127 -116 3
! -75255 43814 200
! -64702 -66892 200
> 6414 4499 -47 391 22 4
> 3244 3385 -33 45 70 0
> 13941 363 -580 327 154 2
> 4736 5024 -22 -14 -134 3
! 46316 7289 0
! 27870 34905 200
> 6414 4499 -47 391 22 4
> 3244 3385 -33 45 70 0
> 13941 363 -580 327 154 2
> 4736 5024 -22 -14 -134 3
! -85085 14280 200
! -64729 -66909 200
> 6367 4890 -39 332 4 4
> 3334 3588 76 172 52 0
> 13163 718 -661 301 172 2
> 4575 4866 -136 -134 -134 3
! 43454 19874 SHIELD
! 27960 35108 200
> 6367 4890 -39 332 4 4
> 3334 3588 76 172 52 0
> 13163 718 -661 301 172 2
> 4575 4866 -136 -134 -134 3
! -76716 44555 200
! -64890 -67067 200
> 6328 5222 -33 282 22 4
> 3533 3918 169 280 52 0
> 12322 1107 -714 330 154 2
> 4300 4588 -233 -236 -134 3
! 46230 8012 0
! 17213 41505 SHIELD
> 6328 5222 -33 282 22 4
> 3533 3918 169 280 52 0
> 12322 1107 -714 330 154 2
> 4300 4588 -233 -236 -134 3
! -77557 44944 200
! -83994 -42359 SHIELD
> 6295 5504 -28 239 4 4
> 3373 3940 -280 -94 70 0
> 11428 1525 -759 355 154 2
> 4396 4610 226 132 -152 3
! 45106 -4172 SHIELD
! 27999 35460 0
> 6295 5504 -28 239 4 4
> 3373 3940 -280 -94 70 0
> 11428 1525 -759 355 154 2
> 4396 4610 226 132 -152 3
! -87598 15442 200
! -65069 -67323 0
> 6267 5743 -23 203 -14 4
> 3093 3846 -238 -79 52 0
> 10471 1908 -813 325 172 2
> 4622 4742 192 112 -134 3
! 40188 -15453 SHIELD
! 16773 41433 0
> 6267 5743 -23 203 -14 4
> 3093 3846 -238 -79 52 0
> 10471 1908 -813 325 172 2
> 4622 4742 192 112 -134 3
! -79408 45745 200
! -83672 -42205 0
> 6244 5946 -19 172 -32 4
> 2855 3767 -202 -67 70 0
> 9478 2321 -843 350 154 2
> 4814 4854 163 95 -152 3
! 45055 -3730 0
! 27481 35287 0
> 6244 5946 -19 172 -32 4
> 2855 3767 -202 -67 70 0
> 9478 2321 -843 350 154 2
> 4814 4854 163 95 -152 3
! -62455 71786 200
! -93666 -12510 0
> 6225 6118 -16 146 -14 4
> 2653 3700 -171 -56 52 0
> 8491 2810 -838 415 136 2
> 4977 4949 138 80 -170 3
! 40146 -15078 SHIELD
! 35814 26067 200
> 6225 6118 -16 146 -14 4
> 2653 3700 -171 -56 52 0
> 8491 2810 -838 415 136 2
> 4977 4949 138 80 -170 3
! -38456 91104 200
! -83317 -41998 200
> 6209 6264 -13 124 -32 4
> 2648 3756 -4 47 34 0
> 7559 3402 -792 502 118 2
> 4938 4935 -32 -11 -152 3
! 31920 -24377 SHIELD
! 41098 14781 200
> 6209 6264 -13 124 -32 4
> 2648 3756 -4 47 34 0
> 7559 3402 -792 502 118 2
> 4938 4935 -32 -11 -152 3
! -9805 101882 0
! -83356 -42012 200
> 6196 6388 -11 105 -50 4
> 2836 3858 160 86 16 0
> 6767 3904 -673 426 100 2
> 4729 4830 -177 -89 -152 3
! 21180 -30699 SHIELD
! 35997 26225 200
> 6196 6388 -11 105 -50 4
> 2836 3858 160 86 16 0
> 6767 3904 -673 426 100 2
> 4729 4830 -177 -89 -152 3
! 20684 102930 0
! -83565 -42117 200
> 6185 6493 -9 89 -68 4
> 3162 4056 276 168 34 0
> 6094 4330 -572 362 82 2
> 4375 4647 -300 -155 -152 3
! 8975 -33409 0
! 41612 15081 SHIELD
> 6185 6493 -9 89 -68 4
> 3162 4056 276 168 34 0
> 6094 4330 -572 362 82 2
> 4375 4647 -300 -155 -152 3
! 49931 94209 200
! -94105 -12717 SHIELD
> 6176 6582 -7 75 -86 4
> 3338 4180 -276 -81 16 0
> 5610 4872 -411 460 64 2
> 4175 4536 256 92 -170 3
! -3500 -32229 0
! 36499 26547 0
> 6176 6582 -7 75 -86 4
> 3338 4180 -276 -81 16 0
> 5610 4872 -411 460 64 2
> 4175 4536 256 92 -170 3
! 75075 76805 0
! -94305 -12828 0
> 6169 6657 -5 63 -104 4
> 3062 4099 -234 -68 34 0
> 5199 5332 -349 391 46 2
> 4431 4628 217 78 -170 3
! -15027 -27264 0
! 27688 35619 0
> 6169 6657 -5 63 -104 4
> 3062 4099 -234 -68 34 0
> 5199 5332 -349 391 46 2
> 4431 4628 217 78 -170 3
! 74664 77265 200
! -83863 -42319 0
> 6164 6720 -4 53 -122 4
> 2828 4031 -198 -57 52 0
> 4989 5867 -178 454 46 2
> 4648 4706 184 66 -152 3
! -24477 -18991 0
! 35989 26398 0
> 6164 6720 -4 53 -122 4
> 2828 4031 -198 -57 52 0
> 4989 5867 -178 454 46 2
> 4648 4706 184 66 -152 3
! 93283 52814 200
! -83646 -42241 0
> 6160 6773 -3 45 -140 4
> 2630 3974 -168 -48 34 0
> 4988 6415 -1 465 28 2
> 4832 4772 156 56 -152 3
! -30927 -8211 0
! 41080 14999 200
> 6160 6773 -3 45 -140 4
> 2630 3974 -168 -48 34 0
> 4988 6415 -1 465 28 2
> 4832 4772 156 56 -152 3
! 103468 23779 0
! -83462 -42175 200
> 6157 6818 -2 38 -158 4
> 2654 3981 20 6 16 0
> 4987 6880 0 395 10 2
> 4811 4734 -17 -32 -152 3
! -33745 4027 200
! 35815 26348 200
> 6157 6818 -2 38 -158 4
> 2654 3981 20 6 16 0
> 4987 6880 0 395 10 2
> 4811 4734 -17 -32 -152 3
! 103467 24244 200
! -93669 -12630 200
> 5955 6842 -171 20 -176 4
> 2840 4099 157 100 34 0
> 5184 7310 167 365 10 2
> 4597 4667 -181 -56 -170 3
! -32856 16518 200
! 41290 15124 200
> 5955 6842 -171 20 -176 4
> 2840 4099 157 100 34 0
> 5184 7310 167 365 10 2
> 4597 4667 -181 -56 -170 3
! 104210 -6607 0
! -93883 -12697 200
> 5652 6838 -210 -58 -194 4
> 3189 4254 296 131 16 0
> 5289 7747 42 426 -8 2
> 4219 4576 -321 -77 -170 3
! -34250 4047 0
! 36350 26621 SHIELD
> 5652 6838 -210 -58 -194 4
> 3189 4254 296 131 16 0
> 5289 7747 42 426 -8 2
> 4219 4576 -321 -77 -170 3
! 95168 -36090 200
! -84075 -42371 SHIELD
> 5442 6780 -178 -49 -176 4
> 3129 4277 -277 -49 34 0
> 5511 8085 188 287 -26 2
> 4254 4607 256 95 -152 3
! -31645 -8204 SHIELD
! 41579 15302 0
> 5442 6780 -178 -49 -176 4
> 3129 4277 -277 -49 34 0
> 5511 8085 188 287 -26 2
> 4254 4607 256 95 -152 3
! 77444 -61380 200
! -65211 -67326 0
> 5264 6731 -151 -41 -158 4
> 2852 4228 -235 -41 16 0
> 5843 8233 282 125 -44 2
> 4510 4702 217 80 -134 3
! -25377 -18980 SHIELD
! 36013 26595 0
> 5264 6731 -151 -41 -158 4
> 2852 4228 -235 -41 16 0
> 5843 8233 282 125 -44 2
> 4510 4702 217 80 -134 3
! 52790 -80061 200
! -83784 -42245 0
> 5113 6690 -128 -34 -140 4
> 2617 4187 -199 -34 34 0
> 6219 8181 319 -43 -62 3
> 4727 4782 184 68 -152 3
! -16083 -27231 0
! 41067 15212 0
> 5113 6690 -128 -34 -140 4
> 2617 4187 -199 -34 34 0
> 6219 8181 319 -43 -62 3
> 4727 4782 184 68 -152 3
! 23583 -90299 200
! -93753 -12582 200
> 4985 6656 -108 -28 -122 4
> 2418 4153 -169 -28 16 0
> 6573 7941 300 -203 -80 3
> 4911 4850 156 57 -170 3
! -4691 -32155 0
! 40868 15178 200
> 4985 6656 -108 -28 -122 4
> 2418 4153 -169 -28 16 0
> 6573 7941 300 -203 -80 3
> 4911 4850 156 57 -170 3
! 23937 -90539 200
! -94115 18767 200
> 4877 6628 -91 -23 -104 4
> 2441 4180 19 23 16 0
> 6908 7541 284 -339 -80 3
> 4869 4935 -35 72 -188 3
! 7667 -33274 0
! 40891 15205 200
> 4877 6628 -91 -23 -104 4
> 2441 4180 19 23 16 0
> 6908 7541 284 -339 -80 3
> 4869 4935 -35 72 -188 3
! -7009 -91485 200
! -93611 -12429 200
> 4786 6605 -77 -19 -86 4
> 2652 4258 179 66 16 0
> 7164 7004 217 -456 -98 3
> 4637 4972 -197 31 -170 3
! 19770 -30482 SHIELD
! 35813 26625 200
> 4786 6605 -77 -19 -86 4
> 2652 4258 179 66 16 0
> 7164 7004 217 -456 -98 3
> 4637 4972 -197 31 -170 3
! -6753 -92022 200
! -83657 -41975 200
> 4709 6586 -65 -16 -68 4
> 2997 4436 293 151 34 0
> 7353 6350 160 -555 -98 3
> 4263 4909 -317 -53 -152 3
! 30420 -24055 0
! 41447 15461 SHIELD
> 4709 6586 -65 -16 -68 4
> 2997 4436 293 151 34 0
> 7353 6350 160 -555 -98 3
> 4263 4909 -317 -53 -152 3
! -6564 -92676 200
! -94217 -12455 SHIELD
> 4644 6570 -55 -13 -50 4
> 3206 4553 -257 -74 16 0
> 7485 5597 112 -640 -98 3
> 4030 4890 237 158 -170 3
! 38565 -14626 0
! 43181 3157 0
> 4644 6570 -55 -13 -50 4
> 3206 4553 -257 -74 16 0
> 7485 5597 112 -640 -98 3
> 4030 4890 237 158 -170 3
! -6432 -93429 200
! -94450 -12474 0
> 4589 6557 -46 -11 -32 4
> 2949 4479 -218 -62 -2 0
> 7569 4759 71 -712 -98 3
> 4267 5048 201 134 -170 3
! 43400 -3119 0
! 41399 15504 0
> 4589 6557 -46 -11 -32 4
> 2949 4479 -218 -62 -2 0
> 7569 4759 71 -712 -98 3
> 4267 5048 201 134 -170 3
! -6348 -94267 200
! -84027 -41899 0
> 4543 6546 -39 -9 -14 4
> 2731 4417 -185 -52 16 0
> 7612 3849 36 -773 -98 3
> 4468 5182 170 113 -152 3
! 43354 -3130 200
! 42706 3021 0
> 4543 6546 -39 -9 -14 4
> 2731 4417 -185 -52 16 0
> 7612 3849 36 -773 -98 3
> 4468 5182 170 113 -152 3
! -36225 -86030 200
! -94012 -12182 0
> 4698 6489 131 -48 -14 4
> 2546 4365 -157 -44 -2 0
> 7560 2896 -43 -809 -116 3
> 4638 5295 144 96 -170 3
! 43509 -3187 200
! 40996 15390 200
> 4698 6489 131 -48 -14 4
> 2546 4365 -157 -44 -2 0
> 7560 2896 -43 -809 -116 3
> 4638 5295 144 96 -170 3
! -61905 -69037 200
! -83656 -41652 200
> 5023 6393 276 -81 -14 4
> 2581 4376 29 9 16 0
> 7378 1943 -154 -809 -134 4
> 4605 5297 -27 1 -152 3
! 44925 9183 200
! 41031 15401 200
> 5023 6393 276 -81 -14 4
> 2581 4376 29 9 16 0
> 7378 1943 -154 -809 -134 4
> 4605 5297 -27 1 -152 3
! -80916 -45004 0
! -64860 -66636 200
> 5499 6326 404 -56 4 4
> 2802 4440 188 54 16 0
> 7224 1134 -130 -687 -152 4
> 4439 5154 -141 -121 -134 3
! 45401 9116 200
! 41252 15465 200
> 5499 6326 404 -56 4 4
> 2802 4440 188 54 16 0
> 7224 1134 -130 -687 -152 4
> 4439 5154 -141 -121 -134 3
! -91256 -16230 0
! -83855 -41793 200
> 6103 6284 512 -35 4 4
> 3182 4549 323 92 16 0
> 7094 447 -110 -583 -170 4
> 4121 4939 -269 -182 -152 3
! 44914 -3392 200
! 43157 3153 SHIELD
> 6103 6284 512 -35 4 4
> 3182 4549 323 92 16 0
> 7094 447 -110 -583 -170 4
> 4121 4939 -269 -182 -152 3
! -91932 14364 0
! -94359 -12425 SHIELD
> 6809 6201 600 -70 -14 4
> 3102 4479 -239 -128 -2 0
> 6984 -136 -93 -495 -188 4
> 4255 4919 285 52 -170 3
! 40730 -14995 SHIELD
! 41552 15504 0
> 6809 6201 600 -70 -14 4
> 3102 4479 -239 -128 -2 0
> 6984 -136 -93 -495 -188 4
> 4255 4919 285 52 -170 3
! -82895 43701 0
! -84039 -42028 0
> 7409 6131 510 -59 -32 4
> 2863 4351 -203 -108 16 0
> 6891 -631 -79 -420 -206 4
> 4540 4971 242 44 -152 3
! 46220 -3545 0
! 42838 2955 0
> 7409 6131 510 -59 -32 4
> 2863 4351 -203 -108 16 0
> 6891 -631 -79 -420 -206 4
> 4540 4971 242 44 -152 3
! -65042 68834 200
! -83754 -41976 0
> 7919 6072 433 -50 -14 4
> 2660 4243 -172 -91 -2 0
> 6668 -912 -189 -238 -224 4
> 4782 5015 205 37 -152 3
! 47821 8862 0
! 41110 15268 0
> 7919 6072 433 -50 -14 4
> 2660 4243 -172 -91 -2 0
> 6668 -912 -189 -238 -224 4
> 4782 5015 205 37 -152 3
! -40279 87382 200
! -93698 -12349 0
> 8352 6022 368 -42 4 4
> 2488 4152 -146 -77 16 0
> 6385 -973 -240 -52 118 4
> 4987 5052 174 31 -170 3
! 47163 -3654 SHIELD
! 35649 26519 200
> 8352 6022 368 -42 4 4
> 2488 4152 -146 -77 16 0
> 6385 -973 -240 -52 118 4
> 4987 5052 174 31 -170 3
! -10979 97507 200
! -93493 -12312 200
> 8720 5980 312 -35 -14 4
> 2508 4187 16 29 34 0
> 6110 -828 -233 123 100 4
> 4964 5048 -19 -3 -170 3
! 48622 8770 SHIELD
! 40958 15212 200
> 8720 5980 312 -35 -14 4
> 2508 4187 16 29 34 0
> 6110 -828 -233 123 100 4
> 4964 5048 -19 -3 -170 3
! 20027 98198 200
! -83330 -41899 200
> 9032 5945 265 -29 4 4
> 2716 4271 177 71 16 0
> 5905 -507 -174 272 82 4
> 4768 4951 -166 -82 -152 3
! 47843 -3731 SHIELD
! 41166 15296 200
> 9032 5945 265 -29 4 4
> 2716 4271 177 71 16 0
> 5905 -507 -174 272 82 4
> 4768 4951 -166 -82 -152 3
! 49742 89372 200
! -93712 -12413 200
> 9297 5916 225 -24 -14 4
> 3085 4397 313 107 16 0
> 5819 -55 -73 383 64 4
> 4405 4834 -308 -99 -170 3
! 49199 8706 SHIELD
! 36246 26764 SHIELD
> 9297 5916 225 -24 -14 4
> 3085 4397 313 107 16 0
> 5819 -55 -73 383 64 4
> 4405 4834 -308 -99 -170 3
! 75284 71878 200
! -83889 -42113 SHIELD
> 9522 5892 191 -20 4 4
> 3337 4484 -261 -83 34 0
> 5885 472 56 447 46 4
> 4158 4755 266 90 -152 3
! 48333 -3784 SHIELD
! 41787 15509 0
> 9522 5892 191 -20 4 4
> 3337 4484 -261 -83 34 0
> 5885 472 56 447 46 4
> 4158 4755 266 90 -152 3
! 94179 47419 200
! -94322 -12609 0
> 9713 5872 162 -17 -14 4
> 3076 4401 -221 -70 16 0
> 6118 1013 197 459 28 4
> 4424 4845 226 76 -170 3
! 49615 8662 SHIELD
! 43051 3005 0
> 9713 5872 162 -17 -14 4
> 3076 4401 -221 -70 16 0
> 6118 1013 197 459 28 4
> 4424 4845 226 76 -170 3
! 75583 72946 200
! -83870 -42102 0
> 9875 5855 137 -14 4 4
> 2855 4331 -187 -59 -2 0
> 6454 1616 285 512 46 4
> 4650 4921 192 64 -152 3
! 48686 -3821 SHIELD
! 41305 15356 0
> 9875 5855 137 -14 4 4
> 2855 4331 -187 -59 -2 0
> 6454 1616 285 512 46 4
> 4650 4921 192 64 -152 3
! 94748 48563 200
! -93830 -12443 0
> 10012 5841 116 -11 -14 4
> 2668 4272 -158 -50 16 0
> 6916 2222 392 515 28 4
> 4842 4985 163 54 -170 3
! 43933 -15355 SHIELD
! 35829 26639 200
> 10012 5841 116 -11 -14 4
> 2668 4272 -158 -50 16 0
> 6916 2222 392 515 28 4
> 4842 4985 163 54 -170 3
! 76381 74155 200
! -93638 -12379 200
> 10128 5830 98 -9 -32 4
> 2676 4334 6 52 34 0
> 7447 2881 451 560 46 4
> 4808 5004 -28 16 -170 3
! 35839 -24811 SHIELD
! 41126 15359 200
> 10128 5830 98 -9 -32 4
> 2676 4334 6 52 34 0
> 7447 2881 451 560 46 4
> 4808 5004 -28 16 -170 3
! 76912 74814 200
! -83486 -41943 200
> 10226 5821 83 -7 -50 4
> 2874 4441 168 91 16 0
> 8037 3585 501 598 46 4
> 4603 4926 -173 -66 -152 3
! 25210 -31266 SHIELD
! 41324 15466 200
> 10226 5821 83 -7 -50 4
> 2874 4441 168 91 16 0
> 8037 3585 501 598 46 4
> 4603 4926 -173 -66 -152 3
! 51874 93464 200
! -93877 -12438 200
> 10309 5814 70 -5 -68 4
> 3234 4587 306 124 16 0
> 8626 4363 500 661 64 4
> 4233 4825 -314 -85 -170 3
! 36020 -24827 SHIELD
! 43209 3191 SHIELD
> 10309 5814 70 -5 -68 4
> 3234 4587 306 124 16 0
> 8626 4363 500 661 64 4
> 4233 4825 -314 -85 -170 3
! 78091 76296 0
! -94247 -12539 SHIELD
> 10379 5809 59 -4 -50 4
> 3126 4624 -280 -8 -2 0
> 9126 5024 425 561 46 4
> 4333 4827 273 41 -170 3
! 44300 -15387 SHIELD
! 41576 15649 0
> 10379 5809 59 -4 -50 4
> 3126 4624 -280 -8 -2 0
> 9126 5024 425 561 46 4
> 4333 4827 273 41 -170 3
! 97420 51971 0
! -83961 -42120 0
> 10438 5805 50 -3 -32 4
> 2846 4616 -238 -6 16 0
> 9551 5585 361 476 28 4
> 4606 4868 232 34 -152 3
! 49249 -3871 SHIELD
! 42821 3220 0
> 10438 5805 50 -3 -32 4
> 2846 4616 -238 -6 16 0
> 9551 5585 361 476 28 4
> 4606 4868 232 34 -152 3
! 97845 52532 0
! -93874 -12496 0
> 10534 5807 97 2 -14 4
> 2608 4610 -202 -5 -2 0
> 9455 6015 -242 349 28 4
> 4838 4902 197 28 -170 3
! 50436 8597 0
! 40195 -9070 0
> 10534 5807 97 2 -14 4
> 2608 4610 -202 -5 -2 0
> 9455 6015 -242 349 28 4
> 4838 4902 197 28 -170 3
! 107935 23379 200
! -83456 -42045 0
> 10631 5809 82 1 4 4
> 2406 4605 -171 -4 -20 0
> 9410 6399 -38 326 10 4
> 5035 4930 167 23 -152 3
! 47718 20793 0
! 42381 3209 200
> 10631 5809 82 1 4 4
> 2406 4605 -171 -4 -20 0
> 9410 6399 -38 326 10 4
> 5035 4930 167 23 -152 3
! 108436 -7518 200
! -83259 -42017 200
> 10713 5810 69 0 22 4
> 2435 4594 24 -9 -2 0
> 9570 6697 136 253 -8 4
> 5025 4859 -8 -60 -152 3
! 41354 31521 0
! 42410 3198 200
> 10713 5810 69 0 22 4
> 2435 4594 24 -9 -2 0
> 9570 6697 136 253 -8 4
> 5025 4859 -8 -60 -152 3
! 99449 -37140 200
! -93455 -12505 200
> 10782 5810 58 0 40 4
> 2659 4578 190 -13 -2 0
> 9886 6862 268 140 -26 4
> 4820 4764 -174 -80 -170 3
! 31978 39731 200
! 40246 -9102 200
> 10782 5810 58 0 40 4
> 2659 4578 190 -13 -2 0
> 9886 6862 268 140 -26 4
> 4820 4764 -174 -80 -170 3
! 81819 -62603 200
! -93660 -12600 200
> 10946 5980 139 144 58 4
> 3037 4497 321 -69 -20 0
> 10298 6863 350 0 -44 4
> 4449 4649 -315 -97 -170 3
! 20622 44791 200
! 43012 3101 SHIELD
> 10946 5980 139 144 58 4
> 3037 4497 321 -69 -20 0
> 10298 6863 350 0 -44 4
> 4449 4649 -315 -97 -170 3
! 82231 -62602 200
! -94031 -12715 SHIELD
> 11298 6104 452 -93 76 4
> 3344 4426 -258 -142 -2 0
> 10627 6938 126 262 -44 4
> 4148 4554 263 1 -170 3
! 8507 46006 200
! 41794 15451 0
> 11298 6104 452 -93 76 4
> 3344 4426 -258 -142 -2 0
> 10627 6938 126 262 -44 4
> 4148 4554 263 1 -170 3
! 82560 -62527 200
! -84146 -42393 0
> 11736 6211 372 90 94 4
> 3086 4284 -219 -120 16 0
> 10897 7061 229 104 -44 4
> 4411 4555 223 0 -152 3
! -3248 43298 200
! 36247 26651 0
> 11736 6211 372 90 94 4
> 3086 4284 -219 -120 16 0
> 10897 7061 229 104 -44 4
> 4411 4555 223 0 -152 3
! 82830 -62404 200
! -83883 -42392 0
> 12033 6486 252 234 112 4
> 2867 4164 -186 -102 34 0
> 11270 7026 316 -29 -44 4
> 4634 4555 189 0 -152 3
! -13678 37127 SHIELD
! 27493 35684 0
> 12033 6486 252 234 112 4
> 2867 4164 -186 -102 34 0
> 11270 7026 316 -29 -44 4
> 4634 4555 189 0 -152 3
! 101149 -36811 0
! -93846 -12809 0
> 12293 6716 238 187 130 0
> 2681 4062 -158 -86 52 0
> 11504 7038 27 93 -26 4
> 4823 4555 160 0 -170 3
! -21628 27912 0
! 35842 26429 200
> 12293 6716 238 187 130 0
> 2681 4062 -158 -86 52 0
> 11504 7038 27 93 -26 4
> 4823 4555 160 0 -170 3
! 101383 -36799 200
! -93657 -12809 200
> 12531 6903 202 158 148 0
> 2689 4088 6 21 34 0
> 11711 7043 175 4 -26 4
> 4786 4520 -31 -29 -170 3
! -26280 16579 0
! 41139 15113 200
> 12531 6903 202 158 148 0
> 2689 4088 6 21 34 0
> 11711 7043 175 4 -26 4
> 4786 4520 -31 -29 -170 3
! 110737 -6874 200
! -94240 18437 200
> 12913 7036 354 108 166 0
> 2887 4164 168 64 16 0
> 11904 7044 134 5 -8 4
> 4557 4519 -194 0 172 3
! -26989 4245 0
! 41337 15189 200
> 12913 7036 354 108 166 0
> 2887 4164 168 64 16 0
> 11904 7044 134 5 -8 4
> 4557 4519 -194 0 172 3
! 101783 -36793 200
! -93923 -12845 200
> 13267 7144 300 91 184 0
> 3247 4283 306 101 16 0
> 12218 6961 266 -70 -26 0
> 4166 4484 -332 -29 -170 3
! -25544 16820 200
! 43222 2887 SHIELD
> 13267 7144 300 91 184 0
> 3247 4283 306 101 16 0
> 12218 6961 266 -70 -26 0
> 4166 4484 -332 -29 -170 3
! 84151 -62504 SHIELD
! -94314 -12880 SHIELD
> 13373 7283 90 118 166 0
> 3055 4274 -280 -33 -2 0
> 12484 6891 226 -59 -44 0
> 4332 4565 258 94 -170 3
! -26529 4492 200
! 40642 -9406 0
> 13373 7283 90 118 166 0
> 3055 4274 -280 -33 -2 0
> 12484 6891 226 -59 -44 0
> 4332 4565 258 94 -170 3
! 59431 -81403 0
! -94148 -12799 0
> 13281 7403 27 196 184 0
> 2775 4241 -238 -28 -20 0
> 12693 6816 71 -158 -62 0
> 4590 4659 219 79 -170 3
! -23806 -7581 200
! 42750 2845 0
> 13281 7403 27 196 184 0
> 2775 4241 -238 -28 -20 0
> 12693 6816 71 -158 -62 0
> 4590 4659 219 79 -170 3
! 30057 -91664 0
! -83704 -42288 0
> 13123 7524 -134 102 -158 0
> 2537 4213 -202 -23 -2 0
> 12764 6658 60 -134 -80 0
> 4809 4738 186 67 -152 3
! -23964 -7460 200
! 40987 15238 0
> 13123 7524 -134 102 -158 0
> 2537 4213 -202 -23 -2 0
> 12764 6658 60 -134 -80 0
> 4809 4738 186 67 -152 3
! -1153 -92368 0
! -93671 -12626 0
> 12804 7551 -271 23 -158 0
> 2335 4190 -171 -19 16 0
> 12824 6524 51 -113 -98 0
> 4995 4805 158 56 -170 3
! -17837 -18160 200
! 40785 15215 200
> 12804 7551 -271 23 -158 0
> 2335 4190 -171 -19 16 0
> 12824 6524 51 -113 -98 0
> 4995 4805 158 56 -170 3
! -31013 -83355 0
! -93485 -12559 200
> 12380 7445 -360 -89 -140 0
> 2356 4226 18 30 16 0
> 12875 6411 43 -96 -116 0
> 4956 4826 -33 18 -170 3
! -24707 -7539 200
! 40806 15251 200
> 12380 7445 -360 -89 -140 0
> 2356 4226 18 30 16 0
> 12875 6411 43 -96 -116 0
> 4956 4826 -33 18 -170 3
! -56590 -65522 200
! -93524 -12538 200
> 11835 7281 -463 -139 -158 0
> 2566 4311 178 72 16 0
> 12779 6171 -81 -203 -134 0
> 4726 4809 -195 -14 -170 3
! -25252 -7703 200
! 41016 15336 200
> 11835 7281 -463 -139 -158 0
> 2566 4311 178 72 16 0
> 12779 6171 -81 -203 -134 0
> 4726 4809 -195 -14 -170 3
! -75515 -40776 200
! -93754 -12555 200
> 11187 7067 -551 -181 -158 0
> 2936 4438 314 108 16 0
> 12521 5874 -218 -252 -152 0
> 4334 4760 -333 -41 -170 3
! -25900 -7917 200
! 42911 3042 0
> 11187 7067 -551 -181 -158 0
> 2936 4438 314 108 16 0
> 12521 5874 -218 -252 -152 0
> 4334 4760 -333 -41 -170 3
! -85959 -11490 200
! -83960 -42187 SHIELD
> 10451 6811 -625 -217 -158 0
> 3198 4534 -732 -138 -2 0
> 12106 5587 -352 -243 -170 0
> 4006 4720 -183 -11 -152 3
! -26636 -8173 200
! 41648 15559 200
> 10451 6811 -625 -217 -158 0
> 3198 4534 -732 -138 -2 0
> 12106 5587 -352 -243 -170 0
> 4006 4720 -183 -11 -152 3
! -86920 19504 200
! -84288 -42227 0
> 9641 6519 -688 -248 -158 0
> 2658 4451 -458 -70 16 0
> 11556 5372 -467 -182 -188 0
> 3823 4709 -155 -9 -152 3
! -21000 -19192 0
! 42633 3055 SHIELD
> 9641 6519 -688 -248 -158 0
> 2658 4451 -458 -70 16 0
> 11556 5372 -467 -182 -188 0
> 3823 4709 -155 -9 -152 3
! -78323 49209 200
! -84471 -42238 0
> 8953 6271 -584 -210 -140 0
> 2200 4381 -389 -59 -2 0
> 10909 5278 -549 -80 -206 0
> 3668 4700 -131 -7 -152 3
! -12243 -27650 0
! 40650 15406 0
> 8953 6271 -584 -210 -140 0
> 2200 4381 -389 -59 -2 0
> 10909 5278 -549 -80 -206 0
> 3668 4700 -131 -7 -152 3
! -78970 49115 200
! -84626 -42247 0
> 8369 6061 -496 -178 -122 0
> 1811 4322 -330 -50 16 0
> 10180 5286 -619 6 154 0
> 3537 4693 -111 -5 -152 3
! -1307 -32750 0
! 34972 26689 0
> 8369 6061 -496 -178 -122 0
> 1811 4322 -330 -50 16 0
> 10180 5286 -619 6 154 0
> 3537 4693 -111 -5 -152 3
! -61753 74751 200
! -94943 -12671 0
> 7873 5883 -421 -151 -104 0
> 1481 4272 -280 -42 34 0
> 9417 5431 -648 123 136 0
> 3426 4688 -94 -4 -170 3
! -13323 -28038 SHIELD
! 39931 15297 0
> 7873 5883 -421 -151 -104 0
> 1481 4272 -280 -42 34 0
> 9417 5431 -648 123 136 0
> 3426 4688 -94 -4 -170 3
! -80462 49268 0
! -95600 18605 0
> 7452 5732 -357 -128 -122 0
> 1201 4230 -238 -35 16 0
> 8769 5554 -550 104 154 0
> 3332 4684 -79 -3 -188 3
! -2224 -33079 SHIELD
! 41176 2834 0
> 7452 5732 -357 -128 -122 0
> 1201 4230 -238 -35 16 0
> 8769 5554 -550 104 154 0
> 3332 4684 -79 -3 -188 3
! -90257 19471 0
! -95148 -12680 0
> 7095 5604 -303 -108 -104 0
> 963 4195 -202 -29 -2 0
> 8219 5658 -467 88 172 0
> 3253 4681 -67 -2 -170 3
! -14101 -28317 SHIELD
! 38550 -9485 200
> 7095 5604 -303 -108 -104 0
> 963 4195 -202 -29 -2 0
> 8219 5658 -467 88 172 0
> 3253 4681 -67 -2 -170 3
! -90261 -11706 200
! -85041 -42266 0
> 6791 5496 -303 -104 -122 0
> 949 4098 -11 -82 -20 0
> 7568 5715 -109 170 -170 0
> 3186 4679 -56 -1 -152 3
! -23850 -20215 0
! 40924 2702 200
> 6791 5496 -303 -104 -122 0
> 949 4098 -11 -82 -20 0
> 7568 5715 -109 170 -170 0
> 3186 4679 -56 -1 -152 3
! -90912 -11649 200
! -85108 -42268 0
> 6488 5392 -257 -88 -140 0
> 1138 4009 160 -75 -2 0
> 7262 5850 -260 114 -170 0
> 3130 4678 -47 0 -152 3
! -30599 -9592 SHIELD
! 38725 -9671 200
> 6488 5392 -257 -88 -140 0
> 1138 4009 160 -75 -2 0
> 7262 5850 -260 114 -170 0
> 3130 4678 -47 0 -152 3
! -81032 -41097 200
! -66335 -67255 0
> 6231 5304 -218 -74 -158 0
> 1486 3866 295 -121 -20 0
> 6825 5870 -371 17 -152 0
> 3083 4678 -39 0 -134 3
! -33671 2513 SHIELD
! 41461 2470 200
> 6231 5304 -218 -74 -158 0
> 1486 3866 295 -121 -20 0
> 6825 5870 -371 17 -152 0
> 3083 4678 -39 0 -134 3
! -62640 -66063 200
! -40754 -85201 200
> 5984 5201 -212 -89 -176 0
> 1981 3738 420 -108 -2 0
> 6606 6030 -163 157 -134 0
> 2956 4498 -107 -152 -116 3
! -32827 14877 0
! 39568 -9942 0
> 5984 5201 -212 -89 -176 0
> 1981 3738 420 -108 -2 0
> 6606 6030 -163 157 -134 0
> 2956 4498 -107 -152 -116 3
! -62859 -65903 200
! -66509 -67435 200
> 5772 5112 -180 -75 -194 0
> 2301 3505 59 -465 -20 0
> 6304 6043 -256 11 -134 0
> 2810 4327 88 122 -134 3
! -28149 26308 0
! 33821 -21121 SHIELD
> 5772 5112 -180 -75 -194 0
> 2301 3505 59 -465 -20 0
> 6304 6043 -256 11 -134 0
> 2810 4327 88 122 -134 3
! -63161 -65890 200
! -41027 -85552 0
> 5592 5037 -153 -63 -212 0
> 2360 3040 50 -395 -38 0
> 5909 5910 -335 -112 -134 0
> 2898 4449 74 103 -116 3
! -20119 35678 0
! 39947 -10640 SHIELD
> 5592 5037 -153 -63 -212 0
> 2360 3040 50 -395 -38 0
> 5909 5910 -335 -112 -134 0
> 2898 4449 74 103 -116 3
! -37928 -83969 200
! -11019 -94577 0
> 5398 4815 -191 -291 -230 0
> 2410 2645 42 -335 -20 0
> 5528 5777 -297 -10 -116 0
> 2972 4552 62 87 -98 3
! -9586 41902 200
! 42385 1249 0
> 5398 4815 -191 -291 -230 0
> 2410 2645 42 -335 -20 0
> 5528 5777 -297 -10 -116 0
> 2972 4552 62 87 -98 3
! -38309 -84102 200
! 20336 -93928 0
> 5132 4709 -226 -89 -248 0
> 2452 2310 35 -284 -2 0
> 5143 5587 -326 -161 -116 0
> 3034 4639 52 73 -80 3
! 2341 44611 SHIELD
! 40902 13335 SHIELD
> 5132 4709 -226 -89 -248 0
> 2452 2310 35 -284 -2 0
> 5143 5587 -326 -161 -116 0
> 3034 4639 52 73 -80 3
! -8774 -93439 200
! -10883 -94387 200
> 4907 4586 -190 -116 -266 0
> 2487 2026 29 -241 16 0
> 4778 5571 -314 105 -98 0
> 3058 4514 20 -106 -98 3
! 14583 43397 0
! 35648 24393 SHIELD
> 4907 4586 -190 -116 -266 0
> 2487 2026 29 -241 16 0
> 4778 5571 -314 105 -98 0
> 3058 4514 20 -106 -98 3
! 22142 -92909 200
! 20422 -93966 200
> 4717 4470 -161 -98 -284 0
> 2516 1785 24 -204 34 0
> 4499 5479 -237 -78 -80 0
> 3113 4211 46 -257 -80 3
! 25913 38391 0
! 27142 33305 SHIELD
> 4717 4470 -161 -98 -284 0
> 2516 1785 24 -204 34 0
> 4499 5479 -237 -78 -80 0
> 3113 4211 46 -257 -80 3
! 21863 -93001 200
! 50060 -84083 200
