@ 0 reCurse
@ 1 Neumann
CP 5
CP 3604 5272
CP 13848 5050
CP 10658 2253
CP 8703 7464
CP 7204 2133
> 3593 4772 0 0 -1 1
> 3615 5772 0 0 -1 1
> 3572 3772 0 0 -1 1
> 3636 6772 0 0 -1 1
! 97826 38239 200
! 103367 -1266 200
> 3593 4772 0 0 -1 1
> 3615 5772 0 0 -1 1
> 3572 3772 0 0 -1 1
> 3636 6772 0 0 -1 1
! 39824 20676 BOOST
! 43143 13029 BOOST
> 3781 4839 160 56 20 1
> 3815 5758 169 -11 -4 1
> 4161 4047 500 233 25 1
> 4278 6874 545 86 9 1
! 97750 39041 200
! 96533 -31702 200
> 3781 4839 160 56 20 1
> 3815 5758 169 -11 -4 1
> 4161 4047 500 233 25 1
> 4278 6874 545 86 9 1
! 43862 8921 200
! 43785 616 200
> 4124 4867 286 -85 20 1
> 4174 5769 310 117 -22 1
> 4860 4304 593 218 7 1
> 5021 6929 631 46 -9 1
! 104063 8356 200
! 103930 -1206 200
> 4124 4867 286 -85 20 1
> 4174 5769 310 117 -22 1
> 4860 4304 593 218 7 1
> 5021 6929 631 46 -9 1
! 44561 9178 200
! 40661 -11230 200
> 4610 4789 412 -66 2 1
> 4684 5872 433 87 -4 1
> 5652 4546 672 206 7 1
> 5830 6884 687 -38 -27 1
! 98579 38991 200
! 104440 -1103 200
> 4610 4789 412 -66 2 1
> 4684 5872 433 87 -4 1
> 5652 4546 672 206 7 1
> 5830 6884 687 -38 -27 1
! 44917 -3086 200
! 41470 -11275 200
> 5210 4791 509 2 20 1
> 5317 5945 537 62 -4 1
> 6520 4714 738 142 -11 1
> 6695 6755 735 -109 -27 1
! 105149 8280 200
! 105073 -1030 200
> 5210 4791 509 2 20 1
> 5317 5945 537 62 -4 1
> 6520 4714 738 142 -11 1
> 6695 6755 735 -109 -27 1
! 46221 9588 200
! 42335 -11404 200
> 5919 4800 602 7 2 1
> 6054 5993 626 40 -4 1
> 7457 4880 796 141 7 1
> 7608 6555 776 -169 -27 1
! 105858 8289 200
! 98772 -31467 200
> 5919 4800 602 7 2 1
> 6054 5993 626 40 -4 1
> 7457 4880 796 141 7 1
> 7608 6555 776 -169 -27 1
! 46722 -2752 0
! 47115 297 200
> 6721 4814 681 11 2 1
> 6865 5958 689 -29 -22 1
> 8253 5021 676 119 -11 1
> 8582 6355 827 -170 -9 1
! 106660 8303 200
! 99583 -31502 200
> 6721 4814 681 11 2 1
> 6865 5958 689 -29 -22 1
> 8253 5021 676 119 -11 1
> 8582 6355 827 -170 -9 1
! 47954 9895 SHIELD
! 44222 -11804 0
> 7602 4832 748 15 2 1
> 7739 5854 743 -88 -22 1
> 8929 5140 574 101 7 1
> 9409 6185 702 -144 -27 1
! 107541 8321 200
! 84343 -58424 200
> 7602 4832 748 15 2 1
> 7739 5854 743 -88 -22 1
> 8929 5140 574 101 7 1
> 9409 6185 702 -144 -27 1
! 45181 22044 SHIELD
! 37693 -22099 0
> 8549 4842 783 -186 2 1
> 8637 5649 784 21 -40 1
> 9503 5241 487 85 25 1
> 10111 6041 596 -122 -45 1
! 102518 39044 0
! 61628 -79155 0
> 8549 4842 783 -186 2 1
> 8637 5649 784 21 -40 1
> 9503 5241 487 85 25 1
> 10111 6041 596 -122 -45 1
! 38757 32520 0
! 28270 -29599 0
> 9332 4656 665 -158 20 1
> 9301 5734 446 134 -58 1
> 10110 5262 633 -43 43 1
> 10707 5919 506 -103 -63 1
! 88133 66222 200
! 33493 -91295 200
> 9332 4656 665 -158 20 1
> 9301 5734 446 134 -58 1
> 10110 5262 633 -43 43 1
> 10707 5919 506 -103 -63 1
! 29502 40246 0
! 16964 -33588 200
> 10062 4536 451 -256 38 1
> 9795 5674 420 -51 -76 1
> 10720 5188 635 39 61 1
> 11359 5734 606 -104 -81 1
! 88863 66102 0
! 62786 -79130 200
> 10062 4536 451 -256 38 1
> 9795 5674 420 -51 -76 1
> 10720 5188 635 39 61 1
> 11359 5734 606 -104 -81 1
! 39974 32467 SHIELD
! 5101 -33773 0
> 10513 4280 383 -217 38 1
> 10321 5453 447 -187 -58 1
> 11344 5218 524 21 43 1
> 12077 5718 662 27 -99 1
! 66432 87183 200
! 86925 -58825 200
> 10513 4280 383 -217 38 1
> 10321 5453 447 -187 -58 1
> 11344 5218 524 21 43 1
> 12077 5718 662 27 -99 1
! 47596 22122 SHIELD
! -6082 -29922 200
> 11008 4229 420 -43 56 1
> 10921 5137 510 -268 -40 1
> 11868 5239 445 17 25 1
> 12648 5567 485 -128 -117 1
! 66927 87132 200
! 87525 -59141 200
> 11008 4229 420 -43 56 1
> 10921 5137 510 -268 -40 1
> 11868 5239 445 17 25 1
> 12648 5567 485 -128 -117 1
! 51569 10113 SHIELD
! -15636 -22717 0
> 11571 3937 485 -342 56 1
> 11492 5146 233 64 -40 1
> 12319 5257 407 18 7 1
> 13133 5439 412 -108 -135 1
! 39134 100063 200
! 104210 -32314 200
> 11571 3937 485 -342 56 1
> 11492 5146 233 64 -40 1
> 12319 5257 407 18 7 1
> 13133 5439 412 -108 -135 1
! 51584 -2375 0
! -5026 -30201 200
> 12111 3787 459 -127 74 1
> 11787 5117 175 -36 -22 1
> 12713 5275 372 21 -11 1
> 13591 5171 427 -222 -117 2
! 8621 103726 200
! 88391 -59161 0
> 12111 3787 459 -127 74 1
> 11787 5117 175 -36 -22 1
> 12713 5275 372 21 -11 1
> 13591 5171 427 -222 -117 2
! 47697 -14117 SHIELD
! -14693 -23113 200
> 12563 3860 384 61 92 1
> 11962 5081 148 -30 -40 1
> 13085 5296 316 17 -29 1
> 13877 4808 242 -308 -135 2
! 9073 103799 200
! 64953 -79723 200
> 12563 3860 384 61 92 1
> 11962 5081 148 -30 -40 1
> 13085 5296 316 17 -29 1
> 13877 4808 242 -308 -135 2
! 40364 -23958 SHIELD
! -14407 -23476 200
> 12940 4121 320 221 92 1
> 12216 4881 215 -169 -58 1
> 13401 5313 268 14 -47 2
> 13978 4359 85 -382 -135 2
! 9450 104060 200
! 36408 -92148 200
> 12940 4121 320 221 92 1
> 12216 4881 215 -169 -58 1
> 13401 5313 268 14 -47 2
> 13978 4359 85 -382 -135 2
! 30305 -30939 0
! -14306 -23925 200
> 13331 4515 447 294 92 1
> 12401 4545 42 -245 -76 1
> 13669 5327 227 11 -65 2
> 13922 3836 -47 -444 -135 2
! -20870 98484 SHIELD
! 5425 -95211 200
> 13331 4515 447 294 92 1
> 12401 4545 42 -245 -76 1
> 13669 5327 227 11 -65 2
> 13922 3836 -47 -444 -135 2
! 18543 -34374 SHIELD
! -21718 -14323 200
> 13683 4563 275 -22 110 2
> 12429 4100 23 -377 -94 1
> 13991 5584 297 281 -83 2
> 13697 3301 -191 -454 -153 2
! -47883 83364 0
! 5453 -95656 0
> 13683 4563 275 -22 110 2
> 12429 4100 23 -377 -94 1
> 13991 5584 297 281 -83 2
> 13697 3301 -191 -454 -153 2
! 6358 -33681 0
! -25810 -2956 0
> 13958 4541 233 -18 128 2
> 12452 3723 19 -320 -94 1
> 14288 5865 252 238 -101 2
> 13506 2847 -162 -385 -171 2
! -68945 60460 0
! 36644 -93306 200
> 13958 4541 233 -18 128 2
> 12452 3723 19 -320 -94 1
> 14288 5865 252 238 -101 2
> 13506 2847 -162 -385 -171 2
! -5104 -29119 0
! -26001 9104 200
> 14191 4523 198 -15 146 2
> 12519 3209 57 -436 -76 1
> 14540 6103 214 202 -119 2
> 13146 2493 -305 -300 171 2
! -81935 32086 0
! 5543 -96547 0
> 14191 4523 198 -15 146 2
> 12519 3209 57 -436 -76 1
> 14540 6103 214 202 -119 2
> 13146 2493 -305 -300 171 2
! -14714 -21176 0
! -22494 20652 SHIELD
> 14389 4508 168 -12 164 2
> 12394 3030 -236 33 -94 1
> 14754 6305 181 171 -137 2
> 12859 2167 -230 -295 153 2
! -85550 1018 200
! 36586 -93999 200
> 14389 4508 168 -12 164 2
> 12394 3030 -236 33 -94 1
> 14754 6305 181 171 -137 2
> 12859 2167 -230 -295 153 2
! -21498 -10599 200
! -15425 30451 0
> 14357 4489 -27 -16 182 2
> 12206 2869 -159 -136 -76 1
> 14754 6391 0 73 -155 2
> 12629 1872 -195 -250 135 2
! -79612 -29712 200
! 5230 -96887 0
> 14357 4489 -27 -16 182 2
> 12206 2869 -159 -136 -76 1
> 14754 6391 0 73 -155 2
> 12629 1872 -195 -250 135 2
! -14500 -20888 200
! -5530 37512 0
> 14142 4405 -182 -71 -160 2
> 12047 2733 -135 -115 -94 1
> 14608 6328 -124 -53 -137 2
> 12434 1622 -165 -212 117 2
! -64659 -57161 200
! 36239 -94296 200
> 14142 4405 -182 -71 -160 2
> 12047 2733 -135 -115 -94 1
> 14608 6328 -124 -53 -137 2
> 12434 1622 -165 -212 117 2
! -21644 -10576 200
! 6176 41129 0
> 13802 4211 -288 -165 -142 2
> 11960 2424 -73 -262 -76 1
> 14303 6190 -259 -116 -155 2
> 12269 1410 -140 -180 99 2
! -64999 -57355 200
! 36152 -94605 200
> 13802 4211 -288 -165 -142 2
> 11960 2424 -73 -262 -76 1
> 14303 6190 -259 -116 -155 2
> 12269 1410 -140 -180 99 2
! -14951 -21089 200
! 18526 40917 200
> 13356 3923 -378 -244 -142 2
> 11864 2172 -153 -6 -76 1
> 13898 5938 -344 -214 -137 2
> 12231 1224 40 -366 81 2
! -65445 -57643 200
! 64855 -82632 200
> 13356 3923 -378 -244 -142 2
> 11864 2172 -153 -6 -76 1
> 13898 5938 -344 -214 -137 2
> 12231 1224 40 -366 81 2
! -5494 -29046 200
! 5973 40731 200
> 12820 3556 -455 -312 -142 2
> 11817 1996 -39 -149 -58 1
> 13457 5549 -374 -330 -119 2
> 12240 1056 7 -143 99 2
! -81149 -30645 200
! 64808 -82808 200
> 12820 3556 -455 -312 -142 2
> 11817 1996 -39 -149 -58 1
> 13457 5549 -374 -330 -119 2
> 12240 1056 7 -143 99 2
! -5935 -29435 200
! -5919 36696 200
> 12177 3176 -546 -323 -160 2
> 11820 1817 -78 26 -58 1
> 12986 5044 -400 -429 -119 2
> 12220 951 64 -267 117 2
! -87762 -313 0
! 36012 -95212 0
> 12177 3176 -546 -323 -160 2
> 11820 1817 -78 26 -58 1
> 12986 5044 -400 -429 -119 2
> 12220 951 64 -267 117 2
! -6406 -29940 200
! -16064 29235 200
> 11631 2853 -464 -274 -178 2
> 11742 1843 -66 22 -76 1
> 12489 4440 -422 -513 -119 2
> 12143 825 -65 -106 135 2
! -84495 30416 200
! 35934 -95186 200
> 11631 2853 -464 -274 -178 2
> 11742 1843 -66 22 -76 1
> 12489 4440 -422 -513 -119 2
> 12143 825 -65 -106 135 2
! -6903 -30544 200
! -16141 29109 200
> 10975 2634 -557 -186 164 3
> 11724 1671 -14 -146 -76 1
> 11970 3752 -441 -584 -119 2
> 11937 860 -175 30 135 2
! -71928 58553 200
! 4748 -98085 200
> 10975 2634 -557 -186 164 3
> 11724 1671 -14 -146 -76 1
> 11970 3752 -441 -584 -119 2
> 11937 860 -175 30 135 2
! -17284 -23527 SHIELD
! -16347 29144 200
> 10252 2560 -614 -63 146 3
> 11567 1843 -141 177 -94 1
> 11529 3168 -374 -496 -137 2
> 11750 514 -151 -325 135 2
! -51314 81361 200
! 4591 -97913 200
> 10252 2560 -614 -63 146 3
> 11567 1843 -141 177 -94 1
> 11529 3168 -374 -496 -137 2
> 11750 514 -151 -325 135 2
! -24723 -13736 SHIELD
! -16534 28798 200
> 9515 2655 -626 80 128 3
> 11412 1820 -131 -19 -94 1
> 11155 2672 -317 -421 -155 2
> 11458 330 -248 -156 135 2
! -24686 96624 200
! -26048 -90898 200
> 9515 2655 -626 80 128 3
> 11412 1820 -131 -19 -94 1
> 11155 2672 -317 -421 -155 2
> 11458 330 -248 -156 135 2
! -28546 -2202 0
! -24182 18489 200
> 8821 2923 -590 227 110 3
> 11242 1533 -108 -327 -112 1
> 10802 2334 -335 -203 -173 3
> 11032 265 -362 -55 153 2
! 5331 102862 200
! -53036 -75071 200
> 8821 2923 -590 227 110 3
> 11242 1533 -108 -327 -112 1
> 10802 2334 -335 -203 -173 3
> 11032 265 -362 -55 153 2
! -28463 9966 0
! -17252 28549 200
> 8224 3350 -507 362 92 3
> 11005 1053 -201 -408 -130 1
> 10467 2131 -284 -172 169 3
> 10529 351 -427 73 135 2
! 35787 99476 200
! -73799 -51938 200
> 8224 3350 -507 362 92 3
> 11005 1053 -201 -408 -130 1
> 10467 2131 -284 -172 169 3
> 10529 351 -427 73 135 2
! -24517 21523 0
! -7630 35991 0
> 7772 3904 -384 471 74 3
> 10868 848 -92 -142 -148 1
> 10183 1959 -241 -146 151 3
> 9869 115 -585 -232 117 2
! 63691 86807 200
! -86161 -23344 0
> 7772 3904 -384 471 74 3
> 10868 848 -92 -142 -148 1
> 10183 1959 -241 -146 151 3
> 9869 115 -585 -232 117 2
! -17096 31213 200
! 3611 39622 200
> 7500 4541 -231 541 56 3
> 10776 706 -78 -120 -166 1
> 9806 1959 -320 0 133 3
> 9253 81 -523 -29 99 2
! 86301 66107 200
! -88980 7681 0
> 7500 4541 -231 541 56 3
> 10776 706 -78 -120 -166 1
> 9806 1959 -320 0 133 3
> 9253 81 -523 -29 99 2
! -7098 38211 200
! -8906 35721 SHIELD
> 7427 5205 -62 564 38 3
> 10698 586 -66 -102 176 1
> 9401 2140 -343 154 115 3
> 8730 52 -444 -24 117 2
! 101396 39407 200
! -82020 38046 0
> 7427 5205 -62 564 38 3
> 10698 586 -66 -102 176 1
> 9401 2140 -343 154 115 3
> 8730 52 -444 -24 117 2
! 4526 41841 200
! 2472 39559 0
> 7553 5837 107 537 20 3
> 10632 484 -56 -86 158 1
> 9034 2493 -312 299 97 3
> 8286 28 -377 -20 99 2
! 86354 67403 200
! -65972 64762 0
> 7553 5837 107 537 20 3
> 10632 484 -56 -86 158 1
> 9034 2493 -312 299 97 3
> 8286 28 -377 -20 99 2
! 16666 41758 200
! 14543 39535 0
> 7818 6497 224 561 38 3
> 10576 398 -47 -73 140 1
> 8760 2988 -232 421 79 3
> 7909 8 -320 -17 81 2
! 101787 40699 200
! -66028 64676 200
> 7818 6497 224 561 38 3
> 10576 398 -47 -73 140 1
> 8760 2988 -232 421 79 3
> 7909 8 -320 -17 81 2
! 16392 42253 200
! 26068 35648 0
> 8230 7126 350 534 20 4
> 10376 454 -170 47 140 1
> 8566 3605 -164 524 79 3
> 7589 -9 -272 -14 63 2
! 108169 10615 0
! -82342 37914 0
> 8230 7126 350 534 20 4
> 10376 454 -170 47 140 1
> 8566 3605 -164 524 79 3
> 7589 -9 -272 -14 63 2
! 16198 42870 200
! 25748 35631 200
> 8580 7660 297 453 2 4
> 10206 501 -144 39 158 1
> 8440 4325 -106 612 79 3
> 7408 155 -154 139 63 2
! 104706 -19903 0
! -66398 64779 0
> 8580 7660 297 453 2 4
> 10206 501 -144 39 158 1
> 8440 4325 -106 612 79 3
> 7408 155 -154 139 63 2
! 27832 39309 200
! 35692 28439 200
> 8877 8113 252 385 -16 4
> 10062 540 -122 33 140 1
> 8431 5112 -7 668 61 3
> 7395 435 -10 238 45 2
! 91780 -47806 200
! -42929 85344 200
> 8877 8113 252 385 -16 4
> 10062 540 -122 33 140 1
> 8431 5112 -7 668 61 3
> 7395 435 -10 238 45 2
! 37685 32391 SHIELD
! 25554 36075 SHIELD
> 9295 8386 355 232 -34 4
> 9834 743 -193 172 122 1
> 8424 5780 -5 567 43 3
> 7385 673 -8 202 63 2
! 70861 -70415 200
! -14358 97772 200
> 9295 8386 355 232 -34 4
> 9834 743 -193 172 122 1
> 8424 5780 -5 567 43 3
> 7385 673 -8 202 63 2
! 44676 22684 SHIELD
! 35669 28957 0
> 9773 8460 406 63 -52 4
> 9593 1109 -205 311 104 1
> 8419 6347 -4 481 25 3
> 7377 875 -6 171 45 2
! 43974 -85509 200
! -43398 85913 0
> 9773 8460 406 63 -52 4
> 9593 1109 -205 311 104 1
> 8419 6347 -4 481 25 3
> 7377 875 -6 171 45 2
! 48120 11221 SHIELD
! 25536 36515 SHIELD
> 10247 8335 403 -106 -70 4
> 9388 1420 -174 264 122 1
> 8415 6828 -3 408 7 3
> 7371 1046 -5 145 63 2
! 13736 -91604 200
! -67216 65698 0
> 10247 8335 403 -106 -70 4
> 9388 1420 -174 264 122 1
> 8415 6828 -3 408 7 3
> 7371 1046 -5 145 63 2
! 47680 -804 0
! 35655 29330 0
> 10657 8029 348 -259 -88 4
> 9214 1684 -147 224 140 1
> 8412 7236 -2 346 -11 4
> 7366 1191 -4 123 45 2
! -16906 -88097 200
! -83504 39144 0
> 10657 8029 348 -259 -88 4
> 9214 1684 -147 224 140 1
> 8412 7236 -2 346 -11 4
> 7366 1191 -4 123 45 2
! 43396 -12156 0
! 25525 36831 0
> 10950 7578 248 -383 -106 4
> 9067 1908 -124 190 158 1
> 8410 7582 -1 294 -29 4
> 7362 1314 -3 104 63 2
! -44969 -75325 200
! -90689 8883 200
> 10950 7578 248 -383 -106 4
> 9067 1908 -124 190 158 1
> 8410 7582 -1 294 -29 4
> 7362 1314 -3 104 63 2
! 35689 -21672 0
! 35646 29598 0
> 11086 7029 115 -466 -124 4
> 8743 2112 -274 173 176 1
> 8409 7876 0 249 -47 4
> 7359 1418 -2 88 45 2
! -67715 -54537 200
! -88286 -22080 0
> 11086 7029 115 -466 -124 4
> 8743 2112 -274 173 176 1
> 8409 7876 0 249 -47 4
> 7359 1418 -2 88 45 2
! 25313 -28376 200
! 25518 37058 0
> 11043 6440 -36 -500 -142 4
> 8469 2285 -232 147 194 1
> 8494 7944 71 57 -65 4
> 7357 1506 -1 74 63 2
! -82926 -27761 200
! -76335 -50706 200
> 11043 6440 -36 -500 -142 4
> 8469 2285 -232 147 194 1
> 8494 7944 71 57 -65 4
> 7357 1506 -1 74 63 2
! 13368 -31757 200
! 25516 37146 200
> 10819 5872 -190 -483 -160 4
> 8067 2326 -341 34 -148 1
> 8589 7802 81 -120 -83 4
> 7447 1758 76 214 63 2
! -67982 -55694 200
! -88962 -21866 0
> 10819 5872 -190 -483 -160 4
> 8067 2326 -341 34 -148 1
> 8589 7802 81 -120 -83 4
> 7447 1758 76 214 63 2
! 956 -31463 0
! 35731 30042 0
> 10471 5266 -295 -515 -142 4
> 8006 2626 -27 278 -166 1
> 8670 7682 68 -102 -101 4
> 7243 1706 -198 -67 45 2
! -68330 -56300 200
! -76798 -50365 0
> 10471 5266 -295 -515 -142 4
> 8006 2626 -27 278 -166 1
> 8670 7682 68 -102 -101 4
> 7243 1706 -198 -67 45 2
! 1037 -31583 200
! 42883 19865 200
> 10018 4628 -384 -542 -142 4
> 7979 2904 -22 236 -148 1
> 8700 7384 25 -253 -101 4
> 7223 1730 -16 20 27 2
! -83951 -29573 0
! -56299 -73700 200
> 10018 4628 -384 -542 -142 4
> 7979 2904 -22 236 -148 1
> 8700 7384 25 -253 -101 4
> 7223 1730 -16 20 27 2
! -10692 -27600 200
! 35507 30014 200
> 9634 4086 -326 -460 -160 4
> 7828 2987 -127 70 -130 1
> 8628 6956 -61 -363 -119 4
> 7348 1891 106 137 45 2
! -90305 596 200
! -29632 -89731 200
> 9634 4086 -326 -460 -160 4
> 7828 2987 -127 70 -130 1
> 8628 6956 -61 -363 -119 4
> 7348 1891 106 137 45 2
! 995 -32309 200
! 25507 37531 200
> 9108 3619 -446 -396 -178 4
> 7657 3002 -70 324 -112 1
> 8529 6397 -84 -475 -101 4
> 7514 2076 66 -154 63 2
! -84861 -30582 200
! -29803 -89716 0
> 9108 3619 -446 -396 -178 4
> 7657 3002 -70 324 -112 1
> 8529 6397 -84 -475 -101 4
> 7514 2076 66 -154 63 2
! 13403 -33304 200
! 13771 41583 200
> 8474 3155 -538 -394 -160 4
> 7587 3326 -59 275 -112 1
> 8469 5723 -50 -572 -83 4
> 7611 2120 82 37 81 2
! -70327 -58411 SHIELD
! 611 -96430 0
> 8474 3155 -538 -394 -160 4
> 7587 3326 -59 275 -112 1
> 8469 5723 -50 -572 -83 4
> 7611 2120 82 37 81 2
! 836 -33542 200
! 1353 41627 SHIELD
> 8010 2896 -181 168 -142 4
> 7528 3601 -50 233 -94 1
> 8381 4955 -74 -653 -101 4
> 7619 2022 -205 -472 99 2
! -85959 -31305 200
! 31720 -93428 200
> 8010 2896 -181 168 -142 4
> 7528 3601 -50 233 -94 1
> 8381 4955 -74 -653 -101 4
> 7619 2022 -205 -472 99 2
! -11011 -30029 0
! -10540 37662 SHIELD
> 7919 2926 -50 -16 -160 4
> 7437 3778 -104 192 -76 1
> 8307 4302 -62 -555 -119 4
> 7414 1550 -174 -401 117 2
! -92020 -563 0
! 60428 -81026 200
> 7919 2926 -50 -16 -160 4
> 7437 3778 -104 192 -76 1
> 8307 4302 -62 -555 -119 4
> 7414 1550 -174 -401 117 2
! -20947 -22977 0
! 1156 41057 0
> 7869 2910 -42 -13 -178 4
> 7439 3800 1 19 -58 1
> 8245 3747 -52 -471 -137 4
> 7240 1149 -147 -340 99 2
! -88257 30473 200
! 84043 -60478 200
> 7869 2910 -42 -13 -178 4
> 7439 3800 1 19 -58 1
> 8245 3747 -52 -471 -137 4
> 7240 1149 -147 -340 99 2
! -28007 -13157 200
! -10919 36789 0
> 7673 2640 -213 -308 164 4
> 7251 3717 -166 -69 -40 1
> 8508 3422 277 -198 -155 4
> 7093 809 -124 -289 117 2
! -88453 30203 200
! 83855 -60561 200
> 7673 2640 -213 -308 164 4
> 7251 3717 -166 -69 -40 1
> 8508 3422 277 -198 -155 4
> 7093 809 -124 -289 117 2
! -27744 -13482 200
! 835 40316 SHIELD
> 7268 2387 -344 -214 164 0
> 7238 3519 -10 -167 -40 1
> 8604 3139 81 -240 -155 4
> 6969 520 -105 -245 99 2
! -75635 58306 200
! 83842 -60759 200
> 7268 2387 -344 -214 164 0
> 7238 3519 -10 -167 -40 1
> 8604 3139 81 -240 -155 4
> 6969 520 -105 -245 99 2
! -31097 -1735 200
! -11190 36160 0
> 6758 2285 -433 -86 146 0
> 7381 3223 121 -251 -40 1
> 8486 2875 -99 -224 -173 4
> 6864 275 -89 -208 117 2
! -54808 81086 200
! 83985 -61055 200
> 6758 2285 -433 -86 146 0
> 7381 3223 121 -251 -40 1
> 8486 2875 -99 -224 -173 4
> 6864 275 -89 -208 117 2
! -30779 10507 200
! 606 39782 0
> 6202 2357 -472 60 128 0
> 7423 2914 -255 -174 -40 1
> 8423 2619 237 -306 169 4
> 6775 67 -75 -176 99 2
! -27999 96326 200
! 100141 -34546 200
> 6202 2357 -472 60 128 0
> 7423 2914 -255 -174 -40 1
> 8423 2619 237 -306 169 4
> 6775 67 -75 -176 99 2
! -26561 22011 200
! 13032 39574 0
> 5662 2605 -459 210 110 0
> 7353 2665 -59 -211 -22 1
> 8485 2410 52 -177 151 4
> 6700 -109 -63 -149 81 2
! -28539 96574 200
! 107109 -4310 200
> 5662 2605 -459 210 110 0
> 7353 2665 -59 -211 -22 1
> 8485 2410 52 -177 151 4
> 6700 -109 -63 -149 81 2
! -30780 10042 200
! 24859 35531 200
> 5135 3003 -448 338 110 0
> 7494 2440 119 -191 -4 1
> 8341 2271 -122 -118 169 4
> 6728 -80 23 24 63 2
! -29066 96972 200
! 107250 -4535 SHIELD
> 5135 3003 -448 338 110 0
> 7494 2440 119 -191 -4 1
> 8341 2271 -122 -118 169 4
> 6728 -80 23 24 63 2
! -31360 -2603 SHIELD
! 12985 39427 200
> 4619 3529 -438 447 110 0
> 7430 2284 -107 -122 -4 1
> 8402 2118 105 -140 -173 4
> 6782 142 46 188 81 2
! 1129 103468 200
! 100148 -35176 0
> 4619 3529 -438 447 110 0
> 7430 2284 -107 -122 -4 1
> 8402 2118 105 -140 -173 4
> 6782 142 46 188 81 2
! -30863 9750 0
! 24941 35782 200
> 4174 4176 -378 549 92 0
> 7323 2162 -90 -103 -22 1
> 8507 1978 89 -119 169 4
> 6919 508 116 311 63 2
! 31737 100302 0
! 83927 -62116 0
> 4174 4176 -378 549 92 0
> 7323 2162 -90 -103 -22 1
> 8507 1978 89 -119 169 4
> 6919 508 116 311 63 2
! -26477 21370 0
! 25078 36148 200
> 3796 4725 -321 466 74 1
> 7233 2059 -76 -87 -40 1
> 8596 1859 75 -101 151 4
> 7126 997 175 415 63 2
! 59715 87628 0
! 60224 -82745 200
> 3796 4725 -321 466 74 1
> 7233 2059 -76 -87 -40 1
> 8596 1859 75 -101 151 4
> 7126 997 175 415 63 2
! -18683 31113 0
! 25285 36637 200
> 3475 5191 -272 396 56 1
> 7144 2383 -82 494 -58 1
> 8671 1758 63 -85 133 4
> 7405 1179 243 -64 63 2
! 82276 66757 200
! 31336 -94646 0
> 3475 5191 -272 396 56 1
> 7144 2383 -82 494 -58 1
> 8671 1758 63 -85 133 4
> 7405 1179 243 -64 63 2
! -26313 21150 200
! 13662 40686 SHIELD
> 3361 5710 -97 441 38 1
> 7062 2877 -69 419 -76 1
> 8559 1770 -95 10 151 4
> 7648 1115 206 -54 81 2
! 97330 39912 200
! 86 -96879 0
> 3361 5710 -97 441 38 1
> 7062 2877 -69 419 -76 1
> 8559 1770 -95 10 151 4
> 7648 1115 206 -54 81 2
! -30706 9402 200
! 25807 36755 0
> 3452 6219 77 432 20 1
> 6993 3296 -58 356 -94 1
> 8268 1818 -247 40 169 4
> 7854 1061 175 -45 63 2
! 103391 9708 200
! -30467 -89422 0
> 3452 6219 77 432 20 1
> 6993 3296 -58 356 -94 1
> 8268 1818 -247 40 169 4
> 7854 1061 175 -45 63 2
! -30997 9450 200
! 14111 40568 0
> 3729 6658 235 373 2 1
> 6935 3652 -49 302 -112 1
> 7825 1896 -376 66 169 4
> 8029 1016 148 -38 81 2
! 99855 -20905 200
! -57343 -72952 200
> 3729 6658 235 373 2 1
> 6935 3652 -49 302 -112 1
> 7825 1896 -376 66 169 4
> 8029 1016 148 -38 81 2
! -27159 21288 200
! 26188 36656 0
> 4156 6976 363 270 -16 1
> 6757 3801 -150 126 -130 1
> 7274 2059 -468 138 151 0
> 8177 978 125 -32 63 2
! 87059 -48943 200
! -78047 -49190 200
> 4156 6976 363 270 -16 1
> 6757 3801 -150 126 -130 1
> 7274 2059 -468 138 151 0
> 8177 978 125 -32 63 2
! -20005 31313 200
! 26336 36618 200
> 4685 7134 449 134 -34 1
> 6437 3821 -271 17 -148 1
> 6670 2343 -513 241 133 0
> 8393 1124 183 124 63 2
! 66251 -71667 200
! -57841 -72783 200
> 4685 7134 449 134 -34 1
> 6437 3821 -271 17 -148 1
> 6670 2343 -513 241 133 0
> 8393 1124 183 124 63 2
! -10234 38595 200
! 36677 29408 200
> 5257 7110 486 -20 -52 1
> 6037 3685 -339 -115 -130 1
> 6072 2765 -507 358 115 0
> 8717 1389 275 225 45 2
! 88160 -48809 200
! -58241 -72919 SHIELD
> 5257 7110 486 -20 -52 1
> 6037 3685 -339 -115 -130 1
> 6072 2765 -507 358 115 0
> 8717 1389 275 225 45 2
! 1197 42466 SHIELD
! 26876 37029 200
> 5909 6978 554 -112 -34 1
> 5701 3922 -284 302 -130 1
> 5562 2771 -434 -96 97 0
> 9083 1792 310 342 63 2
! 67475 -71823 200
! -31759 -88796 0
> 5909 6978 554 -112 -34 1
> 5701 3922 -284 302 -130 1
> 5562 2771 -434 -96 97 0
> 9083 1792 310 342 63 2
! 13194 42036 0
! 27242 37432 200
> 6586 6708 575 -229 -52 1
> 5417 4224 -241 256 -112 1
> 5128 2675 -368 -81 79 0
> 9484 2312 340 442 63 2
! 68152 -72093 200
! -58861 -72380 200
> 6586 6708 575 -229 -52 1
> 5417 4224 -241 256 -112 1
> 5128 2675 -368 -81 79 0
> 9484 2312 340 442 63 2
! 253 42376 0
! 15741 41819 0
> 7284 6321 593 -328 -52 1
> 5176 4480 -204 217 -130 1
> 4760 2594 -312 -68 97 0
> 9824 2754 289 375 81 2
! 41485 -87648 200
! -59102 -72124 0
> 7284 6321 593 -328 -52 1
> 5176 4480 -204 217 -130 1
> 4760 2594 -312 -68 97 0
> 9824 2754 289 375 81 2
! 12392 41859 0
! 3566 42261 0
> 7945 5805 562 -438 -70 1
> 4972 4697 -173 184 -130 1
> 4448 2526 -265 -57 79 0
> 10113 3129 245 318 99 2
! 42146 -88164 200
! -32488 -88021 200
> 7945 5805 562 -438 -70 1
> 4972 4697 -173 184 -130 1
> 4448 2526 -265 -57 79 0
> 10113 3129 245 318 99 2
! 23840 37510 200
! -8046 38769 0
> 8575 5179 535 -532 -70 1
> 4724 4696 -210 -1 -112 1
> 4280 2644 -142 100 61 0
> 10358 3447 208 270 117 2
! 70141 -73622 0
! -2251 -95060 200
> 8575 5179 535 -532 -70 1
> 4724 4696 -210 -1 -112 1
> 4280 2644 -142 100 61 0
> 10358 3447 208 270 117 2
! 11912 41909 200
! -17926 31731 200
> 9110 4647 454 -452 -52 1
> 4500 4495 -190 -170 -94 1
> 4176 2940 -88 251 79 0
> 10425 3858 56 349 135 2
! 92013 -51272 0
! -32960 -88223 200
> 9110 4647 454 -452 -52 1
> 4500 4495 -190 -170 -94 1
> 4176 2940 -88 251 79 0
> 10425 3858 56 349 135 2
! -698 42641 200
! -25215 22017 200
> 9504 4194 -96 -389 -34 1
> 4242 4169 -71 376 -112 1
> 4057 3360 -249 -296 97 0
> 10363 4298 378 378 153 2
! 105630 -23369 200
! -33218 -88549 200
> 9504 4194 -96 -389 -34 1
> 4242 4169 -71 376 -112 1
> 4057 3360 -249 -296 97 0
> 10363 4298 378 378 153 2
! -817 43061 200
! -29144 10555 SHIELD
> 9600 3750 81 -377 -16 1
> 4096 4360 -124 161 -112 1
> 3784 3263 -232 -82 97 0
> 10741 4676 321 321 171 2
! 109539 7239 200
! -33364 -88358 0
> 9600 3750 81 -377 -16 1
> 4096 4360 -124 161 -112 1
> 3784 3263 -232 -82 97 0
> 10741 4676 321 321 171 2
! 11416 42528 200
! -28766 -1581 0
> 9881 3380 238 -314 2 1
> 3972 4521 -105 136 -112 1
> 3590 3377 -164 97 79 0
> 11062 4997 272 272 189 2
! 103850 37582 200
! -33488 -88197 200
> 9881 3380 238 -314 2 1
> 3972 4521 -105 136 -112 1
> 3590 3377 -164 97 79 0
> 11062 4997 272 272 189 2
! 22982 38361 200
! -24578 -13162 0
> 10307 3134 362 -208 20 1
> 3792 4472 -152 -42 -112 1
> 3523 3649 -56 231 61 0
> 11334 5269 231 231 -153 2
! 89108 64700 200
! -3183 -95284 SHIELD
> 10307 3134 362 -208 20 1
> 3792 4472 -152 -42 -112 1
> 3523 3649 -56 231 61 0
> 11334 5269 231 231 -153 2
! 11155 42914 SHIELD
! -16950 -23015 0
> 10827 3049 441 -72 38 1
> 3709 4643 -53 198 -94 1
> 3398 3667 -123 -37 79 0
> 11565 5500 196 196 -135 2
! 66746 85952 200
! -33751 -88075 200
> 10827 3049 441 -72 38 1
> 3709 4643 -53 198 -94 1
> 3398 3667 -123 -37 79 0
> 11565 5500 196 196 -135 2
! 22790 38651 0
! -6594 -30140 200
> 11380 3143 469 79 56 1
> 3656 4841 -45 168 -112 1
> 3275 3630 -104 -31 61 0
> 11670 5518 89 15 -117 2
! 67299 86046 200
! -33804 -87877 0
> 11380 3143 469 79 56 1
> 3656 4841 -45 168 -112 1
> 3275 3630 -104 -31 61 0
> 11670 5518 89 15 -117 2
! 10907 42895 0
! -6489 -30122 200
> 11961 3388 493 208 56 1
> 3611 5009 -38 142 -112 1
> 3171 3599 -88 -26 79 0
> 11668 5355 -1 -138 -117 2
! 39524 99514 200
! -60667 -71595 200
> 11961 3388 493 208 56 1
> 3611 5009 -38 142 -112 1
> 3171 3599 -88 -26 79 0
> 11668 5355 -1 -138 -117 2
! 22563 38583 0
! 5410 -34152 SHIELD
> 12509 3788 465 340 74 1
> 3573 5151 -32 120 -130 1
> 3083 3573 -74 -22 61 0
> 11667 5217 0 -117 -99 2
! 9019 103727 200
! -33887 -87567 200
> 12509 3788 465 340 74 1
> 3573 5151 -32 120 -130 1
> 3083 3573 -74 -22 61 0
> 11667 5217 0 -117 -99 2
! 22475 38557 200
! 17924 -34290 SHIELD
> 12967 4328 389 458 92 1
> 3466 5086 -90 -55 -112 1
> 3106 3726 19 129 61 0
> 11667 5100 0 -99 -81 2
! -21234 98297 0
! -3509 -94670 200
> 12967 4328 389 458 92 1
> 3466 5086 -90 -55 -112 1
> 3106 3726 19 129 61 0
> 11667 5100 0 -99 -81 2
! 10738 42991 200
! 29826 -30540 0
> 13356 4786 330 389 110 2
> 3362 4831 -88 -216 -94 1
> 3163 4051 48 276 79 0
> 11667 5001 0 -84 -63 2
! -48210 83587 0
! -34098 -87887 SHIELD
> 13356 4786 330 389 110 2
> 3362 4831 -88 -216 -94 1
> 3163 4051 48 276 79 0
> 11667 5001 0 -84 -63 2
! 22555 39035 SHIELD
! 39951 -23283 SHIELD
> 13686 5175 280 330 128 2
> 3399 5105 32 236 -112 1
> 3086 3837 -66 -185 61 0
> 11667 4917 0 -71 -45 2
! -69217 61094 0
! -3576 -94651 0
> 13686 5175 280 330 128 2
> 3399 5105 32 236 -112 1
> 3086 3837 -66 -185 61 0
> 11667 4917 0 -71 -45 2
! 32340 31116 0
! 29826 -30723 0
> 13966 5505 238 280 146 2
> 3431 5341 27 200 -94 1
> 3020 3652 -56 -157 43 0
> 11667 4846 0 -60 -63 2
! -82160 33068 200
! 27623 -91688 0
> 13966 5505 238 280 146 2
> 3431 5341 27 200 -94 1
> 3020 3652 -56 -157 43 0
> 11667 4846 0 -60 -63 2
! 22412 38636 0
! 39951 -23438 SHIELD
> 14012 5840 38 284 164 2
> 3458 5541 22 170 -76 1
> 2964 3495 -47 -133 61 0
> 11667 4786 0 -51 -45 2
! -85927 2350 200
! 27650 -91488 0
> 14012 5840 38 284 164 2
> 3458 5541 22 170 -76 1
> 2964 3495 -47 -133 61 0
> 11667 4786 0 -51 -45 2
! 10596 42760 0
! 29826 -30854 SHIELD
> 13850 6117 -137 235 182 2
> 3480 5711 18 144 -76 1
> 2917 3362 -39 -113 79 0
> 11667 4735 0 -43 -63 2
! -80119 -28084 200
! -3495 -94045 200
> 13850 6117 -137 235 182 2
> 3480 5711 18 144 -76 1
> 2917 3362 -39 -113 79 0
> 11667 4735 0 -43 -63 2
! 10549 42627 200
! 17924 -34772 SHIELD
> 13525 6284 -276 141 -160 2
> 3484 5655 3 -47 -94 1
> 2916 3445 0 70 79 0
> 11667 4692 0 -36 -81 2
! -65276 -55282 200
! -33976 -87063 200
> 13525 6284 -276 141 -160 2
> 3484 5655 3 -47 -94 1
> 2916 3445 0 70 79 0
> 11667 4692 0 -36 -81 2
! 10548 42710 200
! 5409 -34815 SHIELD
> 13091 6302 -368 15 -142 2
> 3412 5423 -61 -197 -112 1
> 2954 3711 32 226 79 0
> 11667 4656 0 -30 -99 2
! -42828 -76601 200
! -3563 -94333 200
> 13091 6302 -368 15 -142 2
> 3412 5423 -61 -197 -112 1
> 2954 3711 32 226 79 0
> 11667 4656 0 -30 -99 2
! 10586 42976 200
! -6492 -30984 SHIELD
> 12611 6151 -407 -128 -124 2
> 3337 5026 -63 -337 -94 1
> 3024 4133 59 358 79 0
> 11667 4626 0 -25 -117 2
! -14952 -89975 200
! -34123 -87692 SHIELD
> 12611 6151 -407 -128 -124 2
> 3337 5026 -63 -337 -94 1
> 3024 4133 59 358 79 0
> 11667 4626 0 -25 -117 2
! 22416 39117 SHIELD
! -16617 -23658 SHIELD
> 12149 5831 -392 -272 -106 2
> 3470 5199 157 262 -112 1
> 2887 3981 -161 -245 61 0
> 11667 4601 0 -21 -135 2
! 15638 -94108 0
! -60808 -71405 0
> 12149 5831 -392 -272 -106 2
> 3470 5199 157 262 -112 1
> 2887 3981 -161 -245 61 0
> 11667 4601 0 -21 -135 2
! 32141 31260 0
! -23973 -13558 0
> 11757 5559 -333 -231 -88 2
> 3627 5461 133 222 -130 1
> 2726 3736 -136 -208 43 0
> 11667 4580 0 -17 -153 2
! 45958 -88410 200
! -60651 -71143 0
> 11757 5559 -333 -231 -88 2
> 3627 5461 133 222 -130 1
> 2726 3736 -136 -208 43 0
> 11667 4580 0 -17 -153 2
! 38978 20640 0
! -27840 -1677 0
> 11485 5357 -236 -22 -70 2
> 3760 5683 113 188 -130 1
> 2590 3528 -115 -176 25 0
> 11675 4346 11 -347 -171 2
! 45686 -88612 200
! -33700 -87035 0
> 11485 5357 -236 -22 -70 2
> 3760 5683 113 188 -130 1
> 2590 3528 -115 -176 25 0
> 11675 4346 11 -347 -171 2
! 31844 30807 0
! -27832 10603 0
> 11317 5147 -142 -178 -70 2
> 3873 5871 96 159 -112 1
> 2475 3352 -97 -149 43 0
> 11686 3999 9 -294 -189 2
! 45518 -88822 200
! -33587 -86847 200
> 11317 5147 -142 -178 -70 2
> 3873 5871 96 159 -112 1
> 2475 3352 -97 -149 43 0
> 11686 3999 9 -294 -189 2
! 21867 38336 200
! -23954 22158 0
> 11243 4781 -62 -311 -70 2
> 3894 5845 17 -22 -112 1
> 2475 3378 0 22 61 0
> 11695 3705 7 -249 153 2
! 14732 -95158 200
! -60384 -70759 200
> 11243 4781 -62 -311 -70 2
> 3894 5845 17 -22 -112 1
> 2475 3378 0 22 61 0
> 11695 3705 7 -249 153 2
! 10107 42643 200
! -23945 21864 200
> 11187 4272 -178 -149 -88 2
> 3782 5670 -94 -148 -130 1
> 2513 3596 32 185 79 0
> 11525 3545 -13 -418 153 2
! 45388 -89697 200
! -60496 -70934 200
> 11187 4272 -178 -149 -88 2
> 3782 5670 -94 -148 -130 1
> 2513 3596 32 185 79 0
> 11525 3545 -13 -418 153 2
! 21905 38580 200
! -16759 31829 200
> 11013 4074 -149 -165 -70 2
> 3559 5369 -189 -256 -130 1
> 2642 3956 109 305 61 0
> 11435 3130 -75 -355 135 2
! 45214 -89895 200
! -60719 -71235 200
> 11013 4074 -149 -165 -70 2
> 3559 5369 -189 -256 -130 1
> 2642 3956 109 305 61 0
> 11435 3130 -75 -355 135 2
! 22034 38940 200
! -6724 38770 200
> 10932 3721 -68 -299 -70 2
> 3326 5077 240 361 -130 1
> 2763 4318 -335 -300 61 0
> 11269 2953 -140 -150 117 2
! 45133 -90248 200
! -34134 -87641 200
> 10932 3721 -68 -299 -70 2
> 3326 5077 240 361 -130 1
> 2763 4318 -335 -300 61 0
> 11269 2953 -140 -150 117 2
! 32017 31597 200
! -6890 38593 200
> 10721 3716 -192 25 -70 2
> 3491 5253 140 149 -112 1
> 2574 4154 -160 -139 43 0
> 11249 2500 -3 -415 117 2
! 44922 -90253 200
! -60787 -71351 200
> 10721 3716 -192 25 -70 2
> 3491 5253 140 149 -112 1
> 2574 4154 -160 -139 43 0
> 11249 2500 -3 -415 117 2
! 21966 39138 200
! -17035 30784 200
> 10597 3553 -105 -138 -70 2
> 3502 5249 9 -3 -130 1
> 2511 4190 -53 30 61 0
> 11105 2226 -122 -232 135 3
! 72163 -75248 200
! -81302 -47742 200
> 10597 3553 -105 -138 -70 2
> 3502 5249 9 -3 -130 1
> 2511 4190 -53 30 61 0
> 11105 2226 -122 -232 135 3
! 31765 31469 200
! -7054 37866 200
> 10615 3257 15 -251 -52 2
> 3341 5140 -136 -92 -148 1
> 2604 4356 79 141 43 0
> 10892 2172 -180 -45 117 3
! 44816 -90712 200
! -60937 -71464 200
> 10615 3257 15 -251 -52 2
> 3341 5140 -136 -92 -148 1
> 2604 4356 79 141 43 0
> 10892 2172 -180 -45 117 3
! 38856 21260 0
! 4634 41679 0
> 10687 2929 33 -18 -70 2
> 3243 5069 78 108 -130 1
> 2517 4323 -236 -197 25 0
> 10724 2016 -115 -392 99 3
! 14176 -97010 200
! -61035 -71535 200
> 10687 2929 33 -18 -70 2
> 3243 5069 78 108 -130 1
> 2517 4323 -236 -197 25 0
> 10724 2016 -115 -392 99 3
! 31771 31602 200
! -7435 37656 200
> 10727 2711 33 -185 -88 3
> 3192 5024 -42 -38 -130 1
> 2427 4262 -76 -51 43 0
> 10518 1802 -174 -181 117 3
! -16836 -93415 200
! -61086 -71580 0
> 10727 2711 33 -185 -88 3
> 3192 5024 -42 -38 -130 1
> 2427 4262 -76 -51 43 0
> 10518 1802 -174 -181 117 3
! 38679 21166 200
! -7641 37442 200
> 10757 2451 65 -131 -106 3
> 3150 4986 -35 -32 -130 1
> 2532 4296 89 28 25 0
> 10201 1682 -309 -192 117 3
! -45162 -80452 0
! -34310 -87732 200
> 10757 2451 65 -131 -106 3
> 3150 4986 -35 -32 -130 1
> 2532 4296 89 28 25 0
> 10201 1682 -309 -192 117 3
! 31786 31575 200
! 3943 41189 200
> 10822 2320 55 -111 -124 3
> 3299 5058 198 141 -112 1
> 2508 4171 -91 -186 43 0
> 9861 1688 -289 4 99 3
! -67979 -59246 0
! -60979 -71546 200
> 10822 2320 55 -111 -124 3
> 3299 5058 198 141 -112 1
> 2508 4171 -91 -186 43 0
> 9861 1688 -289 4 99 3
! 21900 39155 200
! 16118 41195 200
> 10877 2209 46 -94 -142 3
> 3368 5046 59 -10 -130 1
> 2514 4160 5 -9 61 0
> 9603 1890 -219 171 81 3
! -83092 -31992 0
! -81436 -47945 200
> 10877 2209 46 -94 -142 3
> 3368 5046 59 -10 -130 1
> 2514 4160 5 -9 61 0
> 9603 1890 -219 171 81 3
! 21906 39144 200
! 3345 41397 200
> 10923 2115 39 -79 -160 3
> 3257 4930 -94 -98 -148 1
> 2616 4326 86 141 61 0
> 9353 2259 -212 313 99 3
! -89016 -1374 0
! -93772 -19262 SHIELD
> 10923 2115 39 -79 -160 3
> 3257 4930 -94 -98 -148 1
> 2616 4326 86 141 61 0
> 9353 2259 -212 313 99 3
! 31870 31605 SHIELD
! 15610 41766 200
> 10962 2036 33 -67 -178 3
> 3321 4976 104 84 -166 1
> 2544 4323 -111 -48 43 0
> 9172 2770 -153 433 81 3
! -85164 29599 200
! -81483 -48015 0
> 10962 2036 33 -67 -178 3
> 3321 4976 104 84 -166 1
> 2544 4323 -111 -48 43 0
> 9172 2770 -153 433 81 3
! 38796 21227 0
! 2914 42277 SHIELD
> 10803 2024 -135 -10 164 3
> 3425 5060 88 71 -148 1
> 2433 4275 -94 -40 25 0
> 9019 3203 -130 368 99 3
! -72100 57943 200
! -60853 -71544 0
> 10803 2024 -135 -10 164 3
> 3425 5060 88 71 -148 1
> 2433 4275 -94 -40 25 0
> 9019 3203 -130 368 99 3
! 31687 31554 0
! -9140 38843 SHIELD
> 10502 2126 -255 86 146 3
> 3513 5131 74 60 -130 1
> 2339 4235 -79 -34 43 0
> 8889 3571 -110 312 117 3
! -51064 80927 200
! -81291 -47860 0
> 10502 2126 -255 86 146 3
> 3513 5131 74 60 -130 1
> 2339 4235 -79 -34 43 0
> 8889 3571 -110 312 117 3
! 21731 39219 0
! 2631 43078 SHIELD
> 10124 2370 -321 207 128 3
> 3587 5191 62 51 -148 1
> 2260 4201 -67 -28 61 0
> 8779 3883 -93 265 99 3
! -24077 96339 200
! -81217 -47800 200
> 10124 2370 -321 207 128 3
> 3587 5191 62 51 -148 1
> 2260 4201 -67 -28 61 0
> 8779 3883 -93 265 99 3
! 31514 31480 200
! 15036 43390 0
> 9735 2765 -330 335 110 3
> 3479 5136 -91 -46 -148 1
> 2339 4309 67 92 43 0
> 8686 4148 -79 225 81 3
! -24466 96734 200
! -81325 -47855 200
> 9735 2765 -330 335 110 3
> 3479 5136 -91 -46 -148 1
> 2339 4309 67 92 43 0
> 8686 4148 -79 225 81 3
! 31593 31588 200
! 26845 39788 0
> 9337 3288 -338 444 110 3
> 3218 4984 -221 -129 -148 1
> 2552 4537 181 194 43 0
> 8607 4373 -67 191 63 3
! 5847 103227 0
! -81586 -48007 SHIELD
> 9337 3288 -338 444 110 3
> 3218 4984 -221 -129 -148 1
> 2552 4537 181 194 43 0
> 8607 4373 -67 191 63 3
! 38804 21441 SHIELD
! 36891 32657 0
> 8999 3732 -287 377 92 3
> 3422 5140 174 133 -148 1
> 2308 4446 -208 -78 25 0
> 8540 4564 -56 162 45 3
! -25202 97701 0
! -60856 -71464 0
> 8999 3732 -287 377 92 3
> 3422 5140 174 133 -148 1
> 2308 4446 -208 -78 25 0
> 8540 4564 -56 162 45 3
! 42009 9320 0
! 44180 22723 SHIELD
> 8825 3871 -50 -89 110 3
> 3596 5273 147 113 -130 1
> 2100 4368 -176 -66 7 0
> 8473 4750 -66 178 27 3
! -52741 82672 200
! -81208 -47718 0
> 8825 3871 -50 -89 110 3
> 3596 5273 147 113 -130 1
> 2100 4368 -176 -66 7 0
> 8473 4750 -66 178 27 3
! 38352 21272 0
! 36757 33034 0
> 8652 3940 -147 58 128 3
> 3743 5386 124 96 -148 1
> 1924 4302 -149 -56 25 0
> 8407 4928 -56 151 45 3
! -25549 97909 200
! -81061 -47605 0
> 8652 3940 -147 58 128 3
> 3743 5386 124 96 -148 1
> 1924 4302 -149 -56 25 0
> 8407 4928 -56 151 45 3
! 41625 9176 0
! 44047 23087 SHIELD
> 8437 4186 -183 209 110 3
> 3867 5482 105 81 -148 1
> 1775 4246 -126 -47 7 0
> 8351 5079 -47 128 27 3
! -25764 98155 200
! -80937 -47509 200
> 8437 4186 -183 209 110 3
> 3867 5482 105 81 -148 1
> 1775 4246 -126 -47 7 0
> 8351 5079 -47 128 27 3
! 38027 21150 200
! 47858 11336 SHIELD
> 8192 4259 -205 -84 110 3
> 3802 5457 -54 -21 -148 1
> 1830 4284 46 31 25 0
> 8303 5239 -40 150 9 3
! 4702 104198 200
! -81002 -47534 200
> 8192 4259 -205 -84 110 3
> 3802 5457 -54 -21 -148 1
> 1830 4284 46 31 25 0
> 8303 5239 -40 150 9 3
! 41531 9158 200
! 47810 -1018 SHIELD
> 7980 4375 -180 98 92 3
> 3578 5330 -190 -107 -148 1
> 2075 4339 207 47 7 0
> 8263 5389 -34 127 -9 3
! 4490 104314 200
! -60700 -71274 200
> 7980 4375 -180 98 92 3
> 3578 5330 -190 -107 -148 1
> 2075 4339 207 47 7 0
> 8263 5389 -34 127 -9 3
! 41776 9213 200
! 43903 -12770 SHIELD
> 7793 4673 -158 253 92 3
> 3259 5070 -270 -221 -130 1
> 2481 4410 344 60 7 0
> 8229 5516 -28 107 -27 3
! 35356 100799 200
! -34201 -87648 SHIELD
> 7793 4673 -158 253 92 3
> 3259 5070 -270 -221 -130 1
> 2481 4410 344 60 7 0
> 8229 5516 -28 107 -27 3
! 38733 21314 SHIELD
! 36513 -22768 SHIELD
> 7592 4988 -296 100 74 3
> 3285 5143 152 191 -112 1
> 2529 4176 -89 -328 25 0
> 8211 5636 -2 118 -45 3
! 63511 87891 200
! -34175 -87575 0
> 7592 4988 -296 100 74 3
> 3285 5143 152 191 -112 1
> 2529 4176 -89 -328 25 0
> 8211 5636 -2 118 -45 3
! 31783 31455 0
! 26370 -30004 0
> 7408 5254 -156 225 56 3
> 3437 5334 129 162 -112 1
> 2440 3848 -75 -278 43 0
> 8209 5754 -1 100 -63 3
! 86209 66820 200
! -60841 -71270 200
> 7408 5254 -156 225 56 3
> 3437 5334 129 162 -112 1
> 2440 3848 -75 -278 43 0
> 8209 5754 -1 100 -63 3
! 21832 38832 0
! 14466 -33753 0
> 7410 5602 1 295 38 3
> 3566 5496 109 137 -130 1
> 2365 3570 -63 -236 61 0
> 8208 5854 0 85 -81 3
! 101379 39804 200
! -33894 -87222 0
> 7410 5602 1 295 38 3
> 3566 5496 109 137 -130 1
> 2365 3570 -63 -236 61 0
> 8208 5854 0 85 -81 3
! 9997 42835 0
! 1950 -33653 0
> 7387 5907 -49 251 20 3
> 3675 5633 92 116 -112 1
> 2302 3334 -53 -200 79 0
> 8420 5997 209 130 -99 3
! 101356 40109 200
! -60603 -70971 200
> 7387 5907 -49 251 20 3
> 3675 5633 92 116 -112 1
> 2302 3334 -53 -200 79 0
> 8420 5997 209 130 -99 3
! 21694 38318 200
! -9739 -29643 200
> 7526 6226 118 271 20 3
> 3638 5596 -31 -31 -130 1
> 2346 3309 37 -21 61 0
> 8538 5949 100 -40 -117 3
! 101495 40428 200
! -33822 -87122 200
> 7526 6226 118 271 20 3
> 3638 5596 -31 -31 -130 1
> 2346 3309 37 -21 61 0
> 8538 5949 100 -40 -117 3
! 21738 38293 200
! -9621 -29691 200
> 7832 6565 260 288 20 3
> 3532 5380 -90 -183 -112 1
> 2480 3463 113 130 61 0
> 8547 5731 7 -185 -117 3
! 107771 10054 0
! -33928 -87338 200
> 7832 6565 260 288 20 3
> 3532 5380 -90 -183 -112 1
> 2480 3463 113 130 61 0
> 8547 5731 7 -185 -117 3
! 10112 42728 200
! 2289 -33776 0
> 8092 6853 221 244 2 3
> 3367 5012 -140 -313 -112 1
> 2631 3789 128 277 79 0
> 8554 5546 5 -157 -99 3
! 104218 -20710 0
! -60911 -71592 SHIELD
> 8092 6853 221 244 2 3
> 3367 5012 -140 -313 -112 1
> 2631 3789 128 277 79 0
> 8554 5546 5 -157 -99 3
! 22023 38773 SHIELD
! -9605 -30094 0
> 8313 7097 187 207 -16 4
> 3235 4709 199 168 -130 1
> 2751 4056 -210 -199 61 0
> 8559 5389 4 -133 -117 3
! 91216 -48822 0
! -61043 -71895 0
> 8313 7097 187 207 -16 4
> 3235 4709 199 168 -130 1
> 2751 4056 -210 -199 61 0
> 8559 5389 4 -133 -117 3
! 32005 31335 0
! -19725 -22895 0
> 8500 7304 158 175 -34 4
> 3434 4877 169 142 -130 1
> 2541 3857 -178 -169 43 0
> 8563 5256 3 -113 -135 3
! 70066 -71497 0
! -60844 -71727 0
> 8500 7304 158 175 -34 4
> 3434 4877 169 142 -130 1
> 2541 3857 -178 -169 43 0
> 8563 5256 3 -113 -135 3
! 21933 38841 0
! -9596 -30384 SHIELD
> 8658 7479 134 148 -52 4
> 3603 5019 143 120 -130 1
> 2363 3688 -151 -143 61 0
> 8566 5143 2 -96 -117 3
! 42859 -86490 200
! -81201 -47972 0
> 8658 7479 134 148 -52 4
> 3603 5019 143 120 -130 1
> 2363 3688 -151 -143 61 0
> 8566 5143 2 -96 -117 3
! 31617 30967 0
! 2308 -34364 SHIELD
> 8860 7439 172 -33 -70 4
> 3746 5139 121 102 -148 1
> 2212 3545 -128 -121 43 0
> 8568 5047 1 -81 -99 3
! 12349 -92500 200
! -60532 -71465 200
> 8860 7439 172 -33 -70 4
> 3746 5139 121 102 -148 1
> 2212 3545 -128 -121 43 0
> 8568 5047 1 -81 -99 3
! 31466 30824 200
! -9591 -30593 0
> 9039 7206 152 -197 -88 4
> 3738 5088 -6 -43 -130 1
> 2230 3560 15 13 43 0
> 8569 4966 0 -68 -117 3
! -18524 -88920 200
! -81066 -47903 200
> 9039 7206 152 -197 -88 4
> 3738 5088 -6 -43 -130 1
> 2230 3560 15 13 43 0
> 8569 4966 0 -68 -117 3
! 31484 30839 200
! 2311 -34541 SHIELD
> 9136 6817 82 -330 -106 4
> 3562 4939 -149 -126 -148 1
> 2391 3709 137 126 43 0
> 8569 4898 0 -57 -99 3
! -46783 -76086 200
! -60716 -71665 200
> 9136 6817 82 -330 -106 4
> 3562 4939 -149 -126 -148 1
> 2391 3709 137 126 43 0
> 8569 4898 0 -57 -99 3
! 31645 30988 200
! 14826 -34609 SHIELD
> 9106 6321 -25 -421 -124 4
> 3284 4660 -235 -237 -130 1
> 2674 3971 240 223 43 0
> 8569 4841 0 -48 -81 3
! -69695 -55245 0
! -34176 -88058 SHIELD
> 9106 6321 -25 -421 -124 4
> 3284 4660 -235 -237 -130 1
> 2674 3971 240 223 43 0
> 8569 4841 0 -48 -81 3
! 38926 20875 0
! 26728 -30799 SHIELD
> 9081 5900 -21 -357 -142 4
> 3113 4497 -133 -124 -112 1
> 2274 3453 -461 -580 25 0
> 8569 4793 0 -40 -63 3
! -84888 -28301 0
! -3862 -95259 0
> 9081 5900 -21 -357 -142 4
> 3113 4497 -133 -124 -112 1
> 2274 3453 -461 -580 25 0
> 8569 4793 0 -40 -63 3
! 31528 30732 200
! 14826 -34714 SHIELD
> 9060 5543 -17 -303 -160 4
> 2980 4373 -113 -105 -94 1
> 1959 3009 -267 -377 43 0
> 8569 4753 0 -34 -81 3
! -84909 -28658 0
! -34480 -88345 200
> 9060 5543 -17 -303 -160 4
> 2980 4373 -113 -105 -94 1
> 1959 3009 -267 -377 43 0
> 8569 4753 0 -34 -81 3
! 21351 37993 200
! 2311 -34754 SHIELD
> 9151 5383 194 20 -160 4
> 2867 4268 -96 -89 -112 1
> 1789 2807 -144 -171 61 0
> 8558 4705 -20 -56 -99 3
! -69650 -56183 200
! -61411 -72336 0
> 9151 5383 194 20 -160 4
> 2867 4268 -96 -89 -112 1
> 1789 2807 -144 -171 61 0
> 8558 4705 -20 -56 -99 3
! 9421 42072 200
! 14815 -34802 SHIELD
> 9187 5280 30 -87 -142 4
> 2771 4179 -81 -75 -130 1
> 1683 2832 -89 21 79 0
> 8538 4649 -17 -47 -81 3
! -84782 -28921 200
! -82033 -48812 200
> 9187 5280 30 -87 -142 4
> 2771 4179 -81 -75 -130 1
> 1683 2832 -89 21 79 0
> 8538 4649 -17 -47 -81 3
! 9315 42097 200
! 26697 -30991 SHIELD
> 9120 5216 58 60 -160 4
> 2520 3998 -213 -153 -148 1
> 1632 3049 -43 184 79 0
> 8512 4593 -33 -59 -63 3
! -84849 -28985 200
! -94509 -20194 0
> 9120 5216 58 60 -160 4
> 2520 3998 -213 -153 -148 1
> 1632 3049 -43 184 79 0
> 8512 4593 -33 -59 -63 3
! 21024 38033 200
! 14769 -34914 SHIELD
> 8990 5208 -110 -7 -160 4
> 2340 3869 173 133 -166 1
> 1653 3384 -308 41 61 0
> 8479 4534 -28 -50 -81 3
! -69811 -56358 200
! -97416 10844 0
> 8990 5208 -110 -7 -160 4
> 2340 3869 173 133 -166 1
> 1653 3384 -308 41 61 0
> 8479 4534 -28 -50 -81 3
! 30907 30663 200
! 2221 -34973 SHIELD
> 8886 5313 -48 146 -142 4
> 2513 4002 147 113 176 1
> 1491 3561 -137 150 43 0
> 8435 4460 -41 -68 -99 3
! -47033 -77590 200
! -97243 10977 200
> 8886 5313 -48 146 -142 4
> 2513 4002 147 113 176 1
> 1491 3561 -137 150 43 0
> 8435 4460 -41 -68 -99 3
! 37743 20465 200
! -9724 -31180 SHIELD
> 8726 5293 -135 -16 -124 4
> 2460 4129 -44 107 176 1
> 1535 3796 37 199 25 0
> 8394 4392 -34 -57 -117 3
! -18837 -90833 200
! -94569 -20063 200
> 8726 5293 -135 -16 -124 4
> 2460 4129 -44 107 176 1
> 1535 3796 37 199 25 0
> 8394 4392 -34 -57 -117 3
! 37787 20700 200
! -19890 -23892 SHIELD
> 8550 5138 -89 100 -106 4
> 2527 4289 204 184 -166 1
> 1448 3979 -221 106 25 0
> 8359 4330 -36 -76 -135 3
! 12039 -94801 200
! -94502 -19903 0
> 8550 5138 -89 100 -106 4
> 2527 4289 204 184 -166 1
> 1448 3979 -221 106 25 0
> 8359 4330 -36 -76 -135 3
! 37700 20883 200
! -27281 -13829 0
> 8470 5049 -48 28 -88 4
> 2731 4473 173 156 -166 1
> 1408 4170 -33 161 25 0
> 8321 4243 -52 -178 -153 3
! 42671 -88920 200
! -97025 11448 0
> 8470 5049 -48 28 -88 4
> 2731 4473 173 156 -166 1
> 1408 4170 -33 161 25 0
> 8321 4243 -52 -178 -153 3
! 41109 9044 200
! -31186 -2014 SHIELD
> 8490 4889 17 -135 -70 4
> 2904 4629 147 132 176 1
> 1574 4355 140 157 7 0
> 8269 4065 -44 -151 -171 3
! 11979 -95050 0
! -94125 -19563 200
> 8490 4889 17 -135 -70 4
> 2904 4629 147 132 176 1
> 1574 4355 140 157 7 0
> 8269 4065 -44 -151 -171 3
! 41275 9229 200
! -31238 10322 SHIELD
> 8507 4754 14 -114 -88 4
> 2857 4713 -40 71 -166 1
> 1913 4536 287 154 7 0
> 8225 3914 -37 -128 -189 3
! 11996 -95185 200
! -81947 -48278 SHIELD
> 8507 4754 14 -114 -88 4
> 2857 4713 -40 71 -166 1
> 1913 4536 287 154 7 0
> 8225 3914 -37 -128 -189 3
! 41178 -3096 SHIELD
! -27415 22073 SHIELD
> 8574 4549 107 -56 -88 4
> 2990 4814 247 109 -148 1
> 2027 4660 -37 81 -11 0
> 8183 3775 -40 -129 153 3
! -18989 -91577 200
! -81814 -48177 0
> 8574 4549 107 -56 -88 4
> 2990 4814 247 109 -148 1
> 2027 4660 -37 81 -11 0
> 8183 3775 -40 -129 153 3
! 37011 -14732 0
! -20101 32059 SHIELD
> 8626 4301 44 -211 -106 4
> 3237 4923 209 92 -148 1
> 1990 4741 -31 68 -29 0
> 8143 3646 -34 -109 135 3
! -47293 -78602 200
! -81567 -48068 0
> 8626 4301 44 -211 -106 4
> 3237 4923 209 92 -148 1
> 1990 4741 -31 68 -29 0
> 8143 3646 -34 -109 135 3
! 41255 -2891 0
! -10016 39286 SHIELD
> 8799 4245 160 -30 -124 4
> 3446 5015 177 78 -148 1
> 1959 4809 -26 57 -11 0
> 8085 3505 -50 -121 117 3
! -18764 -91881 200
! -93583 -19177 0
> 8799 4245 160 -30 -124 4
> 3446 5015 177 78 -148 1
> 1959 4809 -26 57 -11 0
> 8085 3505 -50 -121 117 3
! 41660 9683 0
! 1827 43012 SHIELD
> 8904 4023 89 -188 -106 4
> 3623 5093 150 66 -166 1
> 1933 4866 -22 48 7 0
> 8035 3384 -42 -102 99 3
! -47015 -78880 200
! -93406 -19099 200
> 8904 4023 89 -188 -106 4
> 3623 5093 150 66 -166 1
> 1933 4866 -22 48 7 0
> 8035 3384 -42 -102 99 3
! 41634 9740 200
! 14292 42891 0
> 8881 3669 -19 -300 -124 4
> 3579 5111 -37 14 -166 1
> 2110 4938 150 61 7 0
> 7993 3282 -35 -86 81 3
! -69920 -57897 0
! -93450 -19081 200
> 8881 3669 -19 -300 -124 4
> 3579 5111 -37 14 -166 1
> 2110 4938 150 61 7 0
> 7993 3282 -35 -86 81 3
! 38362 21842 200
! 26152 38922 0
> 8862 3369 -16 -255 -142 4
> 3348 5077 -196 -29 -166 1
> 2441 5084 281 123 25 0
> 7958 3196 -29 -73 63 3
! -85107 -30832 200
! -96408 12052 SHIELD
> 8862 3369 -16 -255 -142 4
> 3348 5077 -196 -29 -166 1
> 2441 5084 281 123 25 0
> 7958 3196 -29 -73 63 3
! 42142 9958 SHIELD
! 36242 31480 0
> 8743 3048 6 -269 -160 4
> 3514 5029 231 -45 176 1
> 2360 5226 -158 125 7 0
> 7844 3120 -204 -67 45 3
! -85226 -31153 200
! -89204 42489 0
> 8743 3048 6 -269 -160 4
> 3514 5029 231 -45 176 1
> 2360 5226 -158 125 7 0
> 7844 3120 -204 -67 45 3
! 38612 22130 0
! 26003 38760 SHIELD
> 8561 2711 -154 -286 -160 4
> 3745 4984 196 -38 158 1
> 2202 5351 -134 106 25 0
> 7640 3053 -173 -56 63 3
! -91378 -778 200
! -88973 42444 0
> 8561 2711 -154 -286 -160 4
> 3745 4984 196 -38 158 1
> 2202 5351 -134 106 25 0
> 7640 3053 -173 -56 63 3
! 41903 10225 0
! 13897 42560 0
> 8207 2418 -300 -249 -178 4
> 3941 4946 166 -32 158 1
> 2068 5457 -113 90 7 0
> 7467 2997 -147 -47 81 3
! -87919 29981 200
! -88777 42406 0
> 8207 2418 -300 -249 -178 4
> 3941 4946 166 -32 158 1
> 2068 5457 -113 90 7 0
> 7467 2997 -147 -47 81 3
! 41333 -2175 0
! 1209 42504 0
> 7715 2224 -418 -164 164 0
> 4107 4914 141 -27 158 1
> 1955 5547 -96 76 -11 0
> 7320 2950 -124 -39 99 3
! -75188 58143 0
! -88611 42374 200
> 7715 2224 -418 -164 164 0
> 4107 4914 141 -27 158 1
> 1955 5547 -96 76 -11 0
> 7320 2950 -124 -39 99 3
! 41220 -2085 200
! -10839 38590 0
> 7297 2060 -355 -139 146 0
> 4063 4962 -37 40 158 1
> 2055 5585 85 32 -11 0
> 7196 2911 -105 -33 117 3
! -54269 80861 200
! -88655 42422 200
> 7297 2060 -355 -139 146 0
> 4063 4962 -37 40 158 1
> 2055 5585 85 32 -11 0
> 7196 2911 -105 -33 117 3
! 37039 -13807 200
! -21088 31195 200
> 6819 2079 -406 15 128 0
> 3841 5077 -189 97 158 1
> 2315 5520 220 -55 -29 0
> 6950 3019 -209 92 135 3
! -27382 96048 200
! -95915 12052 200
> 6819 2079 -406 15 128 0
> 3841 5077 -189 97 158 1
> 2315 5520 220 -55 -29 0
> 6950 3019 -209 92 135 3
! 29594 -23734 200
! -28690 21178 200
> 6345 2282 -403 172 110 0
> 3460 5187 328 -17 176 1
> 2663 5320 -356 -59 -47 0
> 6563 3202 -329 155 153 3
! -55221 81083 200
! -96296 12162 200
> 6345 2282 -403 172 110 0
> 3460 5187 328 -17 176 1
> 2663 5320 -356 -59 -47 0
> 6563 3202 -329 155 153 3
! 37647 -14072 200
! -32944 9459 0
> 5819 2612 -447 280 128 0
> 3588 5184 109 -2 176 1
> 2482 5164 -153 -132 -29 0
> 6234 3357 -279 131 171 3
! -28382 96581 200
! -93441 -19008 200
> 5819 2612 -447 280 128 0
> 3588 5184 109 -2 176 1
> 2482 5164 -153 -132 -29 0
> 6234 3357 -279 131 171 3
! 41747 -2468 200
! -33273 9614 200
> 5204 2921 -545 225 110 0
> 3503 5134 -72 -42 -166 1
> 2525 4994 36 -144 -11 0
> 5857 3678 -297 310 171 3
! 1714 102860 BOOST
! -93526 -19058 200
> 5204 2921 -545 225 110 0
> 3503 5134 -72 -42 -166 1
> 2525 4994 36 -144 -11 0
> 5857 3678 -297 310 171 3
! 42226 9868 0
! -33650 -2579 200
> 4558 3752 -655 646 92 0
> 3333 5065 8 -24 -166 1
> 2465 4829 -204 -175 7 0
> 5441 4001 -247 334 -171 3
! 32121 99878 200
! -81471 -47926 200
> 4558 3752 -655 646 92 0
> 3333 5065 8 -24 -166 1
> 2465 4829 -204 -175 7 0
> 5441 4001 -247 334 -171 3
! 42166 9703 200
! -34066 10258 SHIELD
> 3958 4590 -509 712 74 0
> 3227 4953 16 -59 -148 1
> 2404 4660 -158 -178 7 0
> 5194 4335 -209 283 171 3
! 59877 87493 0
! -61051 -71651 200
> 3958 4590 -509 712 74 0
> 3227 4953 16 -59 -148 1
> 2404 4660 -158 -178 7 0
> 5194 4335 -209 283 171 3
! 38656 21564 0
! -30446 22494 SHIELD
> 4116 4985 146 329 56 1
> 2787 5216 -324 257 -130 1
> 1906 4324 -484 -314 25 0
> 4985 4618 -177 240 153 3
! 82917 66551 200
! -34673 -87502 0
> 4116 4985 146 329 56 1
> 2787 5216 -324 257 -130 1
> 1906 4324 -484 -314 25 0
> 4985 4618 -177 240 153 3
! 41607 9198 200
! -23299 32902 SHIELD
> 4200 5593 -81 625 38 1
> 2463 5473 -275 218 -112 1
> 1621 4034 -242 -246 7 0
> 4830 4842 -116 179 135 3
! 98169 39795 200
! -4512 -94283 200
> 4200 5593 -81 625 38 1
> 2463 5473 -275 218 -112 1
> 1621 4034 -242 -246 7 0
> 4830 4842 -116 179 135 3
! 41322 8908 200
! -30810 23001 SHIELD
> 4307 6286 90 589 20 1
> 2174 5491 -245 15 -94 1
> 1578 3812 -36 -188 7 0
> 4714 5021 -98 152 153 3
! 104246 9775 200
! 26366 -91538 200
> 4307 6286 90 589 20 1
> 2174 5491 -245 15 -94 1
> 1578 3812 -36 -188 7 0
> 4714 5021 -98 152 153 3
! 37830 20716 200
! -23570 33305 SHIELD
> 4597 6882 246 506 2 1
> 1977 5312 -167 -152 -76 1
> 1723 3709 123 -87 25 0
> 4616 5173 -83 129 135 3
! 104536 10371 200
! 54968 -79492 200
> 4597 6882 246 506 2 1
> 1977 5312 -167 -152 -76 1
> 1723 3709 123 -87 25 0
> 4616 5173 -83 129 135 3
! 30977 30988 200
! -13543 40813 SHIELD
> 5043 7395 378 436 2 1
> 1916 4990 -51 -273 -58 1
> 1992 3758 228 41 43 0
> 4533 5302 -70 109 117 3
! 104982 10884 200
! 78520 -59288 200
> 5043 7395 378 436 2 1
> 1916 4990 -51 -273 -58 1
> 1992 3758 228 41 43 0
> 4533 5302 -70 109 117 3
! 21384 38742 200
! -1724 44809 0
> 5621 7838 491 376 2 1
> 1980 4706 -48 78 -40 1
> 2355 3856 411 -236 61 0
> 4463 5411 -59 92 99 3
! 101747 -19725 200
! 94698 -32754 200
> 5621 7838 491 376 2 1
> 1980 4706 -48 78 -40 1
> 2355 3856 411 -236 61 0
> 4463 5411 -59 92 99 3
! 9987 43121 200
! 10720 44918 0
> 6304 8159 580 272 -16 1
> 2117 4709 116 2 -22 1
> 2804 3816 381 -33 79 0
> 4404 5503 -50 78 81 3
! 89207 -47760 200
! 101873 -2266 200
> 6304 8159 580 272 -16 1
> 2117 4709 116 2 -22 1
> 2804 3816 381 -33 79 0
> 4404 5503 -50 78 81 3
! -2070 43517 200
! 22563 41143 0
> 7050 8319 633 136 -34 1
> 2433 4697 268 -10 -4 1
> 3161 3982 303 140 97 0
> 4354 5581 -42 66 63 3
! 89953 -47600 200
! 95151 -32763 200
> 7050 8319 633 136 -34 1
> 2433 4697 268 -10 -4 1
> 3161 3982 303 140 97 0
> 4354 5581 -42 66 63 3
! -13743 40234 200
! 32638 33865 0
> 7849 8343 678 20 -34 1
> 2715 4756 98 169 -22 1
> 3551 4159 472 31 115 0
> 4312 5647 -35 56 45 3
! 69415 -70458 200
! 95433 -32704 200
> 7849 8343 678 20 -34 1
> 2715 4756 98 169 -22 1
> 3551 4159 472 31 115 0
> 4312 5647 -35 56 45 3
! -23728 33413 200
! 39952 23806 200
> 8650 8205 680 -116 -52 1
> 2998 4850 240 79 -22 1
> 3887 4336 285 150 133 0
> 4455 5794 121 124 27 3
! 70216 -70596 200
! 102754 -2125 0
> 8650 8205 680 -116 -52 1
> 2998 4850 240 79 -22 1
> 3887 4336 285 150 133 0
> 4455 5794 121 124 27 3
! -31097 23728 200
! 43962 12051 200
> 9453 7931 682 -232 -52 1
> 3238 4929 204 67 -4 1
> 3997 4583 93 209 151 0
> 4774 5949 270 131 9 3
! 71019 -70870 200
! 95956 -32531 200
> 9453 7931 682 -232 -52 1
> 3238 4929 204 67 -4 1
> 3997 4583 93 209 151 0
> 4774 5949 270 131 9 3
! -35268 12215 200
! 44281 -308 0
> 10258 7541 684 -331 -52 1
> 3154 5136 -97 187 -22 1
> 4367 4615 341 15 169 0
> 5044 6080 229 111 -9 3
! 71824 -71260 200
! 95872 -32324 200
> 10258 7541 684 -331 -52 1
> 3154 5136 -97 187 -22 1
> 4367 4615 341 15 169 0
> 5044 6080 229 111 -9 3
! -34898 12247 200
! 44551 12337 SHIELD
> 11065 7052 686 -415 -52 1
> 3242 5248 75 95 -22 1
> 4512 4668 122 45 169 0
> 5273 6191 194 94 9 3
! 72631 -71749 200
! 79846 -59030 200
> 11065 7052 686 -415 -52 1
> 3242 5248 75 95 -22 1
> 4512 4668 122 45 169 0
> 5273 6191 194 94 9 3
! -34753 12300 200
! 40913 24350 SHIELD
> 11874 6479 687 -486 -52 1
> 3470 5214 193 -28 -40 1
> 4438 4751 -63 70 169 0
> 5467 6285 164 79 27 3
! 46075 -87490 200
! 96188 -32246 200
> 11874 6479 687 -486 -52 1
> 3470 5214 193 -28 -40 1
> 4438 4751 -63 70 169 0
> 5467 6285 164 79 27 3
! -35263 -123 SHIELD
! 33751 34569 SHIELD
> 12629 5805 642 -572 -70 1
> 3526 5275 -328 243 -22 1
> 4407 4805 11 26 -173 0
> 5631 6364 139 67 45 3
! 16118 -94134 200
! 80130 -59003 200
> 12629 5805 642 -572 -70 1
> 3526 5275 -328 243 -22 1
> 4407 4805 11 26 -173 0
> 5631 6364 139 67 45 3
! -34858 12437 0
! 23790 42004 SHIELD
> 13278 5033 551 -656 -88 2
> 3351 5389 -148 97 -40 1
> 4418 4831 9 22 169 0
> 5770 6431 118 56 63 3
! -14285 -91093 0
! 96069 -32071 200
> 13278 5033 551 -656 -88 2
> 3351 5389 -148 97 -40 1
> 4418 4831 9 22 169 0
> 5770 6431 118 56 63 3
! -30566 24223 0
! 34054 34715 SHIELD
> 13829 4377 468 -557 -106 2
> 3388 5411 31 18 -22 1
> 4427 4853 7 18 151 0
> 5888 6487 100 47 45 3
! -42090 -78526 0
! 96106 -32049 200
> 13829 4377 468 -557 -106 2
> 3388 5411 31 18 -22 1
> 4427 4853 7 18 151 0
> 5888 6487 100 47 45 3
! -34838 12485 0
! 24047 42127 SHIELD
> 14297 3820 397 -473 -124 2
> 3604 5354 183 -48 -22 1
> 4434 4871 5 15 169 0
> 5988 6534 85 39 63 3
! -64504 -57746 0
! 80208 -58924 200
> 14297 3820 397 -473 -124 2
> 3604 5354 183 -48 -22 1
> 4434 4871 5 15 169 0
> 5988 6534 85 39 63 3
! -30550 24263 0
! 34272 34818 SHIELD
> 14694 3347 337 -402 -142 2
> 3748 5289 4 13 -40 1
> 4631 4774 285 -150 151 0
> 6073 6573 72 33 45 3
! -79275 -30854 200
! 80352 -58989 0
> 14694 3347 337 -402 -142 2
> 3748 5289 4 13 -40 1
> 4631 4774 285 -150 151 0
> 6073 6573 72 33 45 3
! -34634 12406 200
! 41713 24732 SHIELD
> 14843 2877 126 -399 -160 2
> 3752 5302 3 11 -40 1
> 4720 4662 75 -95 169 0
> 6145 6606 61 28 27 3
! -85096 -612 200
! 80356 -58976 200
> 14843 2877 126 -399 -160 2
> 3752 5302 3 11 -40 1
> 4720 4662 75 -95 169 0
> 6145 6606 61 28 27 3
! -30264 24054 200
! 45652 12863 SHIELD
> 14769 2471 -62 -345 -178 2
> 3908 5184 132 -99 -40 1
> 4620 4664 -84 1 151 0
> 6206 6634 51 23 9 3
! -81357 30034 200
! 80512 -59094 SHIELD
> 14769 2471 -62 -345 -178 2
> 3908 5184 132 -99 -40 1
> 4620 4664 -84 1 151 0
> 6206 6634 51 23 9 3
! -22659 33918 SHIELD
! 41846 24793 SHIELD
> 14515 2181 -216 -246 164 2
> 3920 5176 -44 35 -40 1
> 4656 4574 85 -118 133 0
> 6257 6657 43 19 27 3
! -81611 29744 200
! 96638 -32284 0
> 14515 2181 -216 -246 164 2
> 3920 5176 -44 35 -40 1
> 4656 4574 85 -118 133 0
> 6257 6657 43 19 27 3
! -30328 23966 0
! 34541 34941 SHIELD
> 14107 1990 -347 -162 164 2
> 3876 5211 -37 29 -22 1
> 4741 4456 72 -100 151 0
> 6300 6676 36 16 45 3
! -82019 29553 200
! 80480 -59067 0
> 14107 1990 -347 -162 164 2
> 3876 5211 -37 29 -22 1
> 4741 4456 72 -100 151 0
> 6300 6676 36 16 45 3
! -22538 33710 0
! 41940 24835 SHIELD
> 13568 1883 -458 -90 164 2
> 3839 5240 -31 24 -40 1
> 4813 4356 61 -85 133 0
> 6336 6692 30 13 27 3
! -82558 29446 200
! 56830 -79564 200
> 13568 1883 -458 -90 164 2
> 3839 5240 -31 24 -40 1
> 4813 4356 61 -85 133 0
> 6336 6692 30 13 27 3
! -30171 23748 0
! 45843 12949 SHIELD
> 12918 1848 -552 -29 164 2
> 3808 5264 -26 20 -58 1
> 4874 4271 51 -72 151 0
> 6366 6705 25 11 9 3
! -69985 57767 200
! 56799 -79540 200
> 12918 1848 -552 -29 164 2
> 3808 5264 -26 20 -58 1
> 4874 4271 51 -72 151 0
> 6366 6705 25 11 9 3
! -22405 33525 200
! 42006 24864 SHIELD
> 12200 1931 -610 70 146 2
> 3888 5114 67 -127 -58 1
> 4789 4345 -72 63 133 0
> 6391 6716 21 9 27 3
! -49366 80732 200
! 80492 -59164 200
> 12200 1931 -610 70 146 2
> 3888 5114 67 -127 -58 1
> 4789 4345 -72 63 133 0
> 6391 6716 21 9 27 3
! -30195 23737 0
! 45898 12973 SHIELD
> 11467 2159 -623 193 128 2
> 4074 4884 -101 0 -40 1
> 4751 4382 227 -164 151 0
> 6412 6725 17 7 9 3
! -22734 96128 200
! 96792 -32576 200
> 11467 2159 -623 193 128 2
> 4074 4884 -101 0 -40 1
> 4751 4382 227 -164 151 0
> 6412 6725 17 7 9 3
! -22528 33636 200
! 42052 24884 SHIELD
> 10776 2540 -587 323 110 3
> 4158 4809 71 -63 -22 1
> 4842 4364 77 -15 133 0
> 6429 6732 14 5 27 3
! 7286 102479 200
! 96876 -32651 0
> 10776 2540 -587 323 110 3
> 4158 4809 71 -63 -22 1
> 4842 4364 77 -15 133 0
> 6429 6732 14 5 27 3
! -22437 33618 200
! 45936 12989 0
> 10182 3063 -504 444 92 3
> 4052 4859 -102 50 -22 1
> 4960 4382 112 7 133 0
> 6443 6737 11 4 9 3
! 37745 99189 200
! 96770 -32601 200
> 10182 3063 -504 444 92 3
> 4052 4859 -102 50 -22 1
> 4960 4382 112 7 133 0
> 6443 6737 11 4 9 3
! -30024 23774 200
! 45950 479 0
> 9733 3699 -381 540 74 3
> 4135 4834 70 -21 -22 1
> 4897 4486 -53 88 151 0
> 6454 6741 9 3 -9 3
! 37296 99825 200
! 96853 -32626 200
> 9733 3699 -381 540 74 3
> 4135 4834 70 -21 -22 1
> 4897 4486 -53 88 151 0
> 6454 6741 9 3 -9 3
! -22382 33740 0
! 45961 12998 0
> 9407 4431 -276 622 74 3
> 4100 4869 -59 43 -22 1
> 5135 4443 231 -49 133 0
> 6463 6744 7 2 9 3
! 5917 104370 200
! 103856 -2106 0
> 9407 4431 -276 622 74 3
> 4100 4869 -59 43 -22 1
> 5135 4443 231 -49 133 0
> 6463 6744 7 2 9 3
! -29849 23835 200
! 42103 24903 0
> 9124 5253 -240 698 92 3
> 4041 4912 -50 36 -4 1
> 5191 4491 47 40 151 0
> 6470 6746 5 1 27 3
! 36687 101379 200
! 96759 -32548 200
> 9124 5253 -240 698 92 3
> 4041 4912 -50 36 -4 1
> 5191 4491 47 40 151 0
> 6470 6746 5 1 27 3
! -22088 33745 200
! 45977 13003 0
> 8939 6143 -157 756 74 3
> 4176 4873 115 -33 -22 1
> 5102 4677 -75 158 133 0
> 6475 6747 4 0 9 3
! 36502 102269 200
! 103932 -2102 200
> 8939 6143 -157 756 74 3
> 4176 4873 115 -33 -22 1
> 5102 4677 -75 158 133 0
> 6475 6747 4 0 9 3
! -29882 24069 0
! 45982 13004 200
> 8837 7091 -86 806 74 4
> 4222 4868 -82 15 -4 1
> 5295 4793 286 79 151 0
> 6677 6778 171 26 9 3
! 36400 103217 0
! 101251 29060 0
> 8837 7091 -86 806 74 4
> 4222 4868 -82 15 -4 1
> 5295 4793 286 79 151 0
> 6677 6778 171 26 9 3
! -33970 12425 200
! 42317 24937 200
> 8751 7897 -73 685 74 4
> 4140 4883 -69 12 14 1
> 5385 4910 76 99 169 0
> 7026 6895 296 99 27 3
! 36314 104023 0
! 101169 29075 200
> 8751 7897 -73 685 74 4
> 4140 4883 -69 12 14 1
> 5385 4910 76 99 169 0
> 7026 6895 296 99 27 3
! -34316 35 200
! 35310 35179 SHIELD
