@ 0 YurkovAS
@ 1 reCurse
CP 4
CP 5940 4231
CP 14631 1392
CP 3452 7195
CP 9405 7264
> 5785 3756 0 0 -1 1
> 6095 4706 0 0 -1 1
> 5474 2805 0 0 -1 1
> 6406 5657 0 0 -1 1
! 15566 1677 BOOST sims=258699 RUNNER
! 15550 1450 BOOST sims=258699 BLOCKER
> 5785 3756 0 0 -1 1
> 6095 4706 0 0 -1 1
> 5474 2805 0 0 -1 1
> 6406 5657 0 0 -1 1
! 104304 -12445 200
! 105060 -10690 200
> 6421 3621 540 -114 -12 1
> 6710 4494 522 -179 -19 1
> 5672 2774 168 -25 -9 1
> 6603 5624 167 -27 -9 1
! 16202 1542 200 sims=315203 RUNNER
! 14696 -1524 200 sims=315203 BLOCKER
> 6421 3621 540 -114 -12 1
> 6710 4494 522 -179 -19 1
> 5672 2774 168 -25 -9 1
> 6603 5624 167 -27 -9 1
! 104440 18417 200
! 95703 -39775 200
> 7143 3424 573 -291 -12 1
> 7405 4236 631 -95 -37 1
> 6038 2780 310 5 9 1
> 6948 5506 293 -100 -27 1
! 16924 1345 200 sims=356111 RUNNER
! 15391 -1782 200 sims=356111 BLOCKER
> 7143 3424 573 -291 -12 1
> 7405 4236 631 -95 -37 1
> 6038 2780 310 5 9 1
> 6948 5506 293 -100 -27 1
! 104806 18423 200
! 77658 -65204 200
> 7912 3091 653 -282 -12 1
> 8196 4021 672 -183 -37 1
> 6546 2816 431 30 9 1
> 7382 5265 369 -205 -45 1
! 17857 4136 200 sims=355313 RUNNER
! 17651 765 200 sims=355313 BLOCKER
> 7912 3091 653 -282 -12 1
> 8196 4021 672 -183 -37 1
> 6546 2816 431 30 9 1
> 7382 5265 369 -205 -45 1
! 105314 18459 200
! 78092 -65445 200
> 8764 2830 724 -221 6 1
> 9057 3773 731 -210 -19 1
> 7175 2877 534 52 9 1
> 7892 4919 433 -294 -45 1
! 18545 751 200 sims=335104 RUNNER
! 17043 -2245 0 sims=335104 BLOCKER
> 8764 2830 724 -221 6 1
> 9057 3773 731 -210 -19 1
> 7175 2877 534 52 9 1
> 7892 4919 433 -294 -45 1
! 105943 -12766 200
! 96992 -40480 200
> 9684 2567 781 -223 -12 1
> 9788 3563 621 -178 -37 1
> 7907 2898 621 17 -9 1
> 8503 4534 519 -327 -27 1
! 19629 3612 0 sims=283976 RUNNER
! 19243 307 0 sims=283976 BLOCKER
> 9684 2567 781 -223 -12 1
> 9788 3563 621 -178 -37 1
> 7907 2898 621 17 -9 1
> 8503 4534 519 -327 -27 1
! 106675 -12745 200
! 107271 -11109 200
> 10465 2344 663 -189 6 1
> 10409 3385 527 -151 -19 1
> 8726 2884 695 -12 -9 1
> 9220 4176 609 -304 -9 1
! 19600 6411 0 sims=278579 RUNNER
! 18395 -2633 0 sims=278579 BLOCKER
> 10465 2344 663 -189 6 1
> 10409 3385 527 -151 -19 1
> 8726 2884 695 -12 -9 1
> 9220 4176 609 -304 -9 1
! 97826 -42515 200
! 98320 -41223 200
> 11128 2155 563 -160 24 1
> 10936 3234 447 -128 -37 1
> 9599 2781 742 -87 -27 1
> 10007 3781 669 -335 -27 1
! 21073 3200 0 sims=321818 RUNNER
! 18922 -2784 SHIELD sims=321818 BLOCKER
> 11128 2155 563 -160 24 1
> 10936 3234 447 -128 -37 1
> 9599 2781 742 -87 -27 1
> 10007 3781 669 -335 -27 1
! 108367 -12862 200
! 108775 -11862 BOOST
> 11691 1995 478 -136 6 1
> 11475 3043 493 -186 -37 1
> 10539 2663 798 -100 -9 1
> 10399 3972 -18 402 -9 1
! 21472 -84 0 sims=329973 RUNNER
! 19461 -2975 SHIELD sims=329973 BLOCKER
> 11691 1995 478 -136 6 1
> 11475 3043 493 -186 -37 1
> 10539 2663 798 -100 -9 1
> 10399 3972 -18 402 -9 1
! 109307 18306 200
! 109167 -11671 200
> 12169 1859 406 -115 -12 1
> 12017 2879 490 -125 -37 1
> 11044 2371 134 -382 9 1
> 10579 4343 152 315 -9 1
! 22114 2904 0 sims=358750 RUNNER
! 17753 -5313 0 sims=358750 BLOCKER
> 12169 1859 406 -115 -12 1
> 12017 2879 490 -125 -37 1
> 11044 2371 134 -382 9 1
> 10579 4343 152 315 -9 1
! 100144 47770 200
! 109347 -11300 0
> 12575 1744 345 -97 6 1
> 12507 2754 416 -106 -55 1
> 11356 2080 265 -247 27 1
> 10731 4658 129 267 -9 1
! 21710 5811 0 sims=260134 RUNNER
! 15431 -6809 0 sims=260134 BLOCKER
> 12575 1744 345 -97 6 1
> 12507 2754 416 -106 -55 1
> 11356 2080 265 -247 27 1
> 10731 4658 129 267 -9 1
! 110124 17723 200
! 99831 -40741 0
> 12920 1647 293 -82 24 1
> 12923 2648 353 -90 -73 1
> 11819 1864 393 -183 9 1
> 10860 4925 109 226 -27 1
! 22055 5714 200 sims=301861 RUNNER
! 12748 -7350 0 sims=301861 BLOCKER
> 12920 1647 293 -82 24 1
> 12923 2648 353 -90 -73 1
> 11819 1864 393 -183 9 1
> 10860 4925 109 226 -27 1
! 100919 47263 200
! 99960 -40474 0
> 13396 1646 404 0 24 1
> 13276 2558 300 -76 -91 1
> 12390 1772 485 -78 27 1
> 10969 5151 92 192 -27 1
! 20827 8337 200 sims=300167 RUNNER
! 10020 -6897 0 sims=300167 BLOCKER
> 13396 1646 404 0 24 1
> 13276 2558 300 -76 -91 1
> 12390 1772 485 -78 27 1
> 10969 5151 92 192 -27 1
! 111158 17415 0
! 81679 -65559 0
> 13954 1770 529 -6 42 1
> 13571 2492 195 55 -109 1
> 12875 1694 412 -66 9 1
> 11061 5343 78 163 -45 1
! 18954 10430 0 sims=340704 RUNNER
! 7553 -5494 200 sims=340704 BLOCKER
> 13954 1770 529 -6 42 1
> 13571 2492 195 55 -109 1
> 12875 1694 412 -66 9 1
> 11061 5343 78 163 -45 1
! 111643 17337 200
! 100161 -40056 0
> 14483 1764 449 -5 60 2
> 13669 2446 143 116 -127 1
> 13461 1600 437 -235 9 1
> 11139 5506 66 138 -27 1
! 16562 11545 200 sims=366996 RUNNER
! 5477 -3290 200 sims=366996 BLOCKER
> 14483 1764 449 -5 60 2
> 13669 2446 143 116 -127 1
> 13461 1600 437 -235 9 1
> 11139 5506 66 138 -27 1
! 102561 46999 200
! 109907 -10137 0
> 14974 1955 416 162 78 2
> 13648 2447 -17 1 -145 1
> 14076 1456 522 -122 27 2
> 11205 5644 56 117 -9 1
! 13929 11900 200 sims=326011 RUNNER
! 4085 -477 200 sims=326011 BLOCKER
> 14974 1955 416 162 78 2
> 13648 2447 -17 1 -145 1
> 14076 1456 522 -122 27 2
> 11205 5644 56 117 -9 1
! 84786 72166 0
! 109973 21287 0
> 15369 2316 335 306 96 2
> 13440 2390 -177 -48 -163 1
> 14598 1334 443 -103 45 2
> 11261 5761 47 99 9 1
! 11302 11451 200 sims=400708 RUNNER
! 3442 2565 200 sims=400708 BLOCKER
> 15369 2316 335 306 96 2
> 13440 2390 -177 -48 -163 1
> 14598 1334 443 -103 45 2
> 11261 5761 47 99 9 1
! 59997 90434 0
! 100361 51160 0
> 15623 2805 215 415 114 2
> 13063 2345 -320 -37 -181 1
> 15041 1231 376 -87 63 2
> 11308 5860 39 84 27 1
! 8932 10236 200 sims=403088 RUNNER
! 3608 5601 200 sims=403088 BLOCKER
> 15623 2805 215 415 114 2
> 13063 2345 -320 -37 -181 1
> 15041 1231 376 -87 63 2
> 11308 5860 39 84 27 1
! 30684 99999 0
! 110076 21503 0
> 15704 3369 69 479 132 2
> 12554 2373 -432 23 -199 1
> 15417 1144 319 -73 81 2
> 11347 5944 33 71 9 1
! 7044 8369 200 sims=391321 RUNNER
! 4568 8391 200 sims=391321 BLOCKER
> 15704 3369 69 479 132 2
> 12554 2373 -432 23 -199 1
> 15417 1144 319 -73 81 2
> 11347 5944 33 71 9 1
! -226 99912 200
! 110115 21587 0
> 15600 3948 -88 492 150 2
> 11962 2516 -502 121 -217 1
> 15705 1269 244 105 99 2
> 11380 6015 28 60 9 1
! 5819 6027 200 sims=381542 RUNNER
! 3976 8534 200 sims=381542 BLOCKER
> 15600 3948 -88 492 150 2
> 11962 2516 -502 121 -217 1
> 15705 1269 244 105 99 2
> 11380 6015 28 60 9 1
! -29694 90369 200
! 110148 21658 0
> 15316 4482 -241 453 168 2
> 11300 2757 -562 205 143 1
> 15858 1552 130 240 117 2
> 11408 6075 23 51 9 1
! 5371 3437 200 sims=382676 RUNNER
! 3314 8775 200 sims=382676 BLOCKER
> 15316 4482 -241 453 168 2
> 11300 2757 -562 205 143 1
> 15858 1552 130 240 117 2
> 11408 6075 23 51 9 1
! -54852 72262 200
! 110176 -9568 200
> 14876 4914 -373 367 -174 2
> 10578 3082 -613 276 143 1
> 15847 1933 -9 324 135 2
> 11629 6095 187 16 -9 1
! 5741 847 200 sims=363944 RUNNER
! 2592 9100 200 sims=363944 BLOCKER
> 14876 4914 -373 367 -174 2
> 10578 3082 -613 276 143 1
> 15847 1933 -9 324 135 2
> 11629 6095 187 16 -9 1
! -73253 47332 200
! 100729 -39304 0
> 14320 5200 -472 242 -156 2
> 9805 3478 -656 336 143 1
> 15660 2348 -159 352 153 2
> 11816 6111 158 13 -27 1
! 6889 -1491 200 sims=362964 RUNNER
! 1819 9496 200 sims=362964 BLOCKER
> 14320 5200 -472 242 -156 2
> 9805 3478 -656 336 143 1
> 15660 2348 -159 352 153 2
> 11816 6111 158 13 -27 1
! -83108 17991 200
! 82526 -64599 200
> 13699 5308 -527 91 -138 2
> 8989 3934 -693 387 143 1
> 15303 2731 -303 325 171 2
> 12115 5983 254 -109 -45 1
! 8699 -3352 200 sims=350084 RUNNER
! 1003 9952 200 sims=350084 BLOCKER
> 13699 5308 -527 91 -138 2
> 8989 3934 -693 387 143 1
> 15303 2731 -303 325 171 2
> 12115 5983 254 -109 -45 1
! -83465 -12912 200
! 57513 -83117 200
> 13095 5209 83 -526 -120 2
> 8136 4441 -724 431 143 1
> 14802 3025 -425 249 -171 2
> 12437 5713 -323 212 -63 1
! 5664 -1482 200 sims=370531 RUNNER
! -1319 7697 0 sims=370531 BLOCKER
> 13095 5209 83 -526 -120 2
> 8136 4441 -724 431 143 1
> 14802 3025 -425 249 -171 2
> 12437 5713 -323 212 -63 1
! -83966 18668 0
! 28080 -93055 0
> 13029 4549 -55 -560 -138 2
> 7412 4872 -615 366 161 1
> 14377 3274 -361 211 171 2
> 12114 5925 -274 180 -81 1
! 3894 482 200 sims=372463 RUNNER
! -574 10890 0 sims=372463 BLOCKER
> 13029 4549 -55 -560 -138 2
> 7412 4872 -615 366 161 1
> 14377 3274 -361 211 171 2
> 12114 5925 -274 180 -81 1
! -74723 48673 0
! -3529 -92843 0
> 12791 3908 -202 -545 -156 2
> 6797 5238 -522 311 143 1
> 14016 3485 -306 179 153 2
> 11840 6105 -232 153 -99 1
! 2846 2863 200 sims=372428 RUNNER
! 1061 13430 0 sims=372428 BLOCKER
> 12791 3908 -202 -545 -156 2
> 6797 5238 -522 311 143 1
> 14016 3485 -306 179 153 2
> 11840 6105 -232 153 -99 1
! -84752 19128 200
! -33559 -82995 0
> 12390 3342 -340 -481 -174 2
> 6275 5549 -443 264 125 1
> 13512 3695 -428 178 171 2
> 11608 6258 -197 130 -117 1
! 2609 5421 200 sims=314139 RUNNER
! -1711 11567 0 sims=314139 BLOCKER
> 12390 3342 -340 -481 -174 2
> 6275 5549 -443 264 125 1
> 13512 3695 -428 178 171 2
> 11608 6258 -197 130 -117 1
! -85256 -11948 200
! -59102 -64452 200
> 11854 2903 -455 -373 -192 2
> 5832 5813 -376 224 143 1
> 12886 3842 -531 124 -171 2
> 11270 6247 -287 -9 -135 1
! 3194 7903 200 sims=383215 RUNNER
! -3623 9069 0 sims=383215 BLOCKER
> 11854 2903 -455 -373 -192 2
> 5832 5813 -376 224 143 1
> 12886 3842 -531 124 -171 2
> 11270 6247 -287 -9 -135 1
! -85882 19485 200
! -77830 -39151 200
> 11226 2630 -533 -232 -210 2
> 5456 6037 -319 190 161 1
> 12157 3997 -619 131 171 2
> 10805 6147 -395 -84 -153 1
! 4535 10061 200 sims=379386 RUNNER
! -2530 12055 0 sims=379386 BLOCKER
> 11226 2630 -533 -232 -210 2
> 5456 6037 -319 190 161 1
> 12157 3997 -619 131 171 2
> 10805 6147 -395 -84 -153 1
! -76943 49396 200
! -87963 -9496 200
> 10559 2547 -566 -70 132 2
> 5137 6227 -271 161 143 1
> 11360 4219 -677 188 153 2
> 10212 6032 -503 -97 -171 1
! 3868 9978 200 sims=365967 RUNNER
! -4318 9483 0 sims=365967 BLOCKER
> 10559 2547 -566 -70 132 2
> 5137 6227 -271 161 143 1
> 11360 4219 -677 188 153 2
> 10212 6032 -503 -97 -171 1
! -87408 19862 200
! -88556 21675 200
> 9859 2626 -594 66 132 2
> 4866 6388 -230 136 161 1
> 10485 4438 -743 186 171 2
> 9511 5966 -595 -55 171 1
! 3168 10057 200 sims=383208 RUNNER
! -5132 6563 0 sims=383208 BLOCKER
> 9859 2626 -594 66 132 2
> 4866 6388 -230 136 161 1
> 10485 4438 -743 186 171 2
> 9511 5966 -595 -55 171 1
! -78615 49837 0
! -89257 -9677 0
> 9131 2841 -618 182 132 2
> 4636 6524 -195 115 179 1
> 9742 4624 -631 158 153 2
> 8916 5911 -505 -46 -171 1
! 5064 11976 0 sims=352457 RUNNER
! -4819 9780 0 sims=352457 BLOCKER
> 9131 2841 -618 182 132 2
> 4636 6524 -195 115 179 1
> 9742 4624 -631 158 153 2
> 8916 5911 -505 -46 -171 1
! -60968 75334 0
! -80184 -39487 200
> 8513 3023 -525 154 114 2
> 4441 6639 -165 97 161 1
> 9111 4782 -536 134 135 2
> 8233 5774 -580 -116 -153 1
! 4446 12158 200 sims=293405 RUNNER
! -3545 12657 0 sims=293405 BLOCKER
> 8513 3023 -525 154 114 2
> 4441 6639 -165 97 161 1
> 9111 4782 -536 134 135 2
> 8233 5774 -580 -116 -153 1
! -79989 50181 0
! -62477 -64936 0
> 7907 3360 -515 286 114 2
> 4276 6736 -140 82 143 1
> 8575 4916 -455 113 153 2
> 7653 5658 -493 -98 -135 1
! 1216 10791 0 sims=281456 RUNNER
! -1460 14928 0 sims=281456 BLOCKER
> 7907 3360 -515 286 114 2
> 4276 6736 -140 82 143 1
> 8575 4916 -455 113 153 2
> 7653 5658 -493 -98 -135 1
! -62135 75626 0
! -37746 -83442 0
> 7392 3646 -437 243 132 2
> 4136 6818 -119 69 125 1
> 8120 5029 -386 96 135 2
> 7160 5560 -419 -83 -117 1
! 3325 12781 0 sims=280119 RUNNER
! 1212 16381 0 sims=280119 BLOCKER
> 7392 3646 -437 243 132 2
> 4136 6818 -119 69 125 1
> 8120 5029 -386 96 135 2
> 7160 5560 -419 -83 -117 1
! -62590 75739 0
! -8483 -93208 200
> 6955 3889 -371 206 114 2
> 4017 6887 -101 58 107 1
> 7734 5125 -328 81 135 2
> 6710 5279 -382 -238 -99 1
! 5910 13834 0 sims=309295 RUNNER
! 4192 16885 0 sims=309295 BLOCKER
> 6955 3889 -371 206 114 2
> 4017 6887 -101 58 107 1
> 7734 5125 -328 81 135 2
> 6710 5279 -382 -238 -99 1
! -62976 75835 0
! 22353 -93489 200
> 6589 4077 -166 -331 96 2
> 3916 6945 -85 49 89 1
> 7406 5206 -278 68 135 2
> 6354 4861 -446 136 -81 1
! 8668 13858 0 sims=362488 RUNNER
! 7172 16400 0 sims=362488 BLOCKER
> 6589 4077 -166 -331 96 2
> 3916 6945 -85 49 89 1
> 7406 5206 -278 68 135 2
> 6354 4861 -446 136 -81 1
! -63304 75916 200
! 51752 -84239 0
> 6423 3746 -141 -281 78 2
> 3831 6994 -72 41 71 1
> 6987 5415 -356 178 135 2
> 5908 4997 -379 115 -63 1
! 8502 13527 200 sims=364980 RUNNER
! 9849 14980 0 sims=364980 BLOCKER
> 6423 3746 -141 -281 78 2
> 3831 6994 -72 41 71 1
> 6987 5415 -356 178 135 2
> 5908 4997 -379 115 -63 1
! -82113 50814 200
! 76618 -65713 0
> 6324 3661 -84 -72 78 2
> 3759 7035 -61 34 53 1
> 6453 5684 -454 228 153 2
> 5529 5112 -322 97 -45 1
! 8403 13442 200 sims=354018 RUNNER
! 11951 12771 0 sims=354018 BLOCKER
> 6324 3661 -84 -72 78 2
> 3759 7035 -61 34 53 1
> 6453 5684 -454 228 153 2
> 5529 5112 -322 97 -45 1
! -92315 21327 200
! 94629 -40287 0
> 6282 3785 -36 105 78 2
> 3698 7069 -51 28 35 1
> 5801 5943 -553 220 171 2
> 5207 5209 -273 82 -27 1
! 8361 13566 200 sims=357777 RUNNER
! 13261 9993 200 sims=357777 BLOCKER
> 6282 3785 -36 105 78 2
> 3698 7069 -51 28 35 1
> 5801 5943 -553 220 171 2
> 5207 5209 -273 82 -27 1
! -83299 51342 200
! 103975 -10434 0
> 6288 4086 4 255 78 2
> 3838 7155 119 73 17 1
> 5070 6254 -621 264 153 2
> 4934 5291 -232 69 -9 1
! 5243 14031 200 sims=359317 RUNNER
! 13836 6980 200 sims=359317 BLOCKER
> 6288 4086 4 255 78 2
> 3838 7155 119 73 17 1
> 5070 6254 -621 264 153 2
> 4934 5291 -232 69 -9 1
! -65640 76964 200
! 103702 20934 200
> 6271 4540 -14 385 96 2
> 4016 7430 -157 682 -1 1
> 4449 6454 -219 -278 135 2
> 4900 5391 -29 85 9 1
! 2204 13675 0 sims=367514 RUNNER
! 13471 4174 200 sims=367514 BLOCKER
> 6271 4540 -14 385 96 2
> 4016 7430 -157 682 -1 1
> 4449 6454 -219 -278 135 2
> 4900 5391 -29 85 9 1
! -40950 95554 200
! 94000 50790 200
> 6257 4925 -11 327 114 2
> 4048 8047 27 524 -19 1
> 4139 6354 -263 -84 117 2
> 5049 5567 126 149 27 1
! -434 12356 0 sims=345744 RUNNER
! 12034 2029 200 sims=345744 BLOCKER
> 6257 4925 -11 327 114 2
> 4048 8047 27 524 -19 1
> 4139 6354 -263 -84 117 2
> 5049 5567 126 149 27 1
! -11504 105122 200
! 103817 21210 0
> 6246 5252 -9 277 132 2
> 4235 8451 158 343 -37 1
> 3845 6468 -250 96 99 2
> 5175 5716 107 126 9 1
! -445 12683 200 sims=357266 RUNNER
! 12221 2433 200 sims=357266 BLOCKER
> 6246 5252 -9 277 132 2
> 4235 8451 158 343 -37 1
> 3845 6468 -250 96 99 2
> 5175 5716 107 126 9 1
! 19488 105236 200
! 103943 -9927 200
> 6261 5629 305 229 132 2
> 4553 8674 270 189 -37 1
> 3626 6762 -185 249 81 3
> 5322 5860 -167 212 -9 1
! -2399 10629 200 sims=364469 RUNNER
! 12539 2656 200 sims=364469 BLOCKER
> 6261 5629 305 229 132 2
> 4553 8674 270 189 -37 1
> 3626 6762 -185 249 81 3
> 5322 5860 -167 212 -9 1
! 49025 95862 0
! 104090 21503 0
> 6393 5958 112 279 150 2
> 4983 8743 365 58 -37 1
> 3441 7011 -157 211 63 3
> 5155 6072 -141 180 9 1
! -2267 10958 200 sims=314559 RUNNER
! 12969 2725 200 sims=314559 BLOCKER
> 6393 5958 112 279 150 2
> 4983 8743 365 58 -37 1
> 3441 7011 -157 211 63 3
> 5155 6072 -141 180 9 1
! 74151 77721 0
! 94255 51471 0
> 6332 6337 -52 322 150 2
> 5508 8681 446 -53 -37 1
> 3284 7222 -133 179 45 3
> 5014 6252 -119 153 27 1
! -359 13768 200 sims=303212 RUNNER
! 14963 5425 0 sims=303212 BLOCKER
> 6332 6337 -52 322 150 2
> 5508 8681 446 -53 -37 1
> 3284 7222 -133 179 45 3
> 5014 6252 -119 153 27 1
! 92384 52621 200
! 94114 51651 200
> 6146 6808 -157 400 132 2
> 5954 8628 379 -45 -19 1
> 3329 7492 38 229 27 3
> 5073 6496 50 207 27 1
! -545 14239 200 sims=264866 RUNNER
! 13940 2610 0 sims=264866 BLOCKER
> 6146 6808 -157 400 132 2
> 5954 8628 379 -45 -19 1
> 3329 7492 38 229 27 3
> 5073 6496 50 207 27 1
! 102097 23135 200
! 75783 77206 200
> 5870 7368 -78 600 132 2
> 6333 8583 322 -38 -37 1
> 3565 7752 200 221 9 3
> 5250 6833 -5 162 45 1
! -2790 12368 0 sims=371175 RUNNER
! 15788 5327 0 sims=371175 BLOCKER
> 5870 7368 -78 600 132 2
> 6333 8583 322 -38 -37 1
> 3565 7752 200 221 9 3
> 5250 6833 -5 162 45 1
! 102333 -7891 200
! 50649 95933 0
> 5792 7968 -66 510 150 2
> 6655 8545 273 -32 -19 1
> 3963 7942 337 161 -9 3
> 5245 6995 -4 137 63 1
! -3989 10047 200 sims=366093 RUNNER
! 14641 2527 0 sims=366093 BLOCKER
> 5792 7968 -66 510 150 2
> 6655 8545 273 -32 -19 1
> 3963 7942 337 161 -9 3
> 5245 6995 -4 137 63 1
! 102731 -7701 200
! 20888 105763 0
> 5530 8520 -222 468 168 2
> 6928 8513 232 -27 -37 1
> 4498 8072 454 110 -9 3
> 5241 7132 -3 116 81 1
! -4415 7475 0 sims=360108 RUNNER
! 12664 321 0 sims=360108 BLOCKER
> 5530 8520 -222 468 168 2
> 6928 8513 232 -27 -37 1
> 4498 8072 454 110 -9 3
> 5241 7132 -3 116 81 1
! 93598 -37327 200
! -10402 105900 0
> 5308 8988 -188 397 -174 2
> 7160 8486 197 -22 -55 1
> 5130 8091 537 16 -27 3
> 5238 7248 -2 98 99 1
! -3827 4921 200 sims=362411 RUNNER
! 10084 -1077 0 sims=362411 BLOCKER
> 5308 8988 -188 397 -174 2
> 7160 8486 197 -22 -55 1
> 5130 8091 537 16 -27 3
> 5238 7248 -2 98 99 1
! 75840 -62619 200
! -40161 96348 200
> 4937 9304 -315 268 -156 2
> 7357 8464 167 -18 -73 1
> 5797 8345 565 254 -45 3
> 5157 7145 -67 -126 117 1
! -2494 2613 0 sims=365323 RUNNER
! 7182 -1534 0 sims=365323 BLOCKER
> 4937 9304 -315 268 -156 2
> 7357 8464 167 -18 -73 1
> 5797 8345 565 254 -45 3
> 5157 7145 -67 -126 117 1
! 76507 -62365 0
! -65553 77855 200
> 4622 9572 -267 227 -138 2
> 7524 8446 141 -15 -91 1
> 6362 8599 480 215 -45 3
> 4949 7160 -177 13 135 1
! -378 912 0 sims=342923 RUNNER
! 4268 -1009 0 sims=342923 BLOCKER
> 4622 9572 -267 227 -138 2
> 7524 8446 141 -15 -91 1
> 6362 8599 480 215 -45 3
> 4949 7160 -177 13 135 1
! 77072 -62111 0
! -65761 77870 0
> 4355 9799 -226 192 -120 2
> 7665 8431 119 -12 -109 1
> 6842 8814 408 182 -45 3
> 4772 7173 -150 11 135 1
! 2276 18 200 sims=326123 RUNNER
! 4409 -1024 SHIELD sims=326123 BLOCKER
> 4355 9799 -226 192 -120 2
> 7665 8431 119 -12 -109 1
> 6842 8814 408 182 -45 3
> 4772 7173 -150 11 135 1
! 52240 -80286 0
! -65938 77883 0
> 4087 9795 -227 -3 -102 2
> 7787 8416 113 -21 -109 1
> 7221 9022 223 266 -63 3
> 4622 7184 -127 9 135 1
! 5132 -150 0 sims=365414 RUNNER
! 7612 -1582 0 sims=365414 BLOCKER
> 4087 9795 -227 -3 -102 2
> 7787 8416 113 -21 -109 1
> 7221 9022 223 266 -63 3
> 4622 7184 -127 9 135 1
! 52619 -80078 0
! -40777 96284 200
> 3860 9792 -192 -2 -84 2
> 7900 8395 96 -17 -91 1
> 7444 9288 189 226 -63 3
> 4404 7371 -185 159 117 1
! 1781 11 200 sims=372463 RUNNER
! 10824 -1168 0 sims=372463 BLOCKER
> 3860 9792 -192 -2 -84 2
> 7900 8395 96 -17 -91 1
> 7444 9288 189 226 -63 3
> 4404 7371 -185 159 117 1
! 78154 -61422 200
! -40995 96471 200
> 3626 9594 -198 -167 -102 2
> 7996 8378 81 -14 -73 1
> 7774 9373 280 71 -45 3
> 4128 7708 -234 286 117 1
! 4671 -351 0 sims=334460 RUNNER
! 13732 186 0 sims=334460 BLOCKER
> 3626 9594 -198 -167 -102 2
> 7996 8378 81 -14 -73 1
> 7774 9373 280 71 -45 3
> 4128 7708 -234 286 117 1
! 53172 -79727 200
! -66582 78418 0
> 3428 9427 -168 -141 -84 2
> 8077 8364 68 -11 -55 1
> 8145 9266 315 -91 -63 3
> 3894 7994 -198 243 135 1
! 7495 292 200 sims=303653 RUNNER
! 16063 2346 0 sims=303653 BLOCKER
> 3428 9427 -168 -141 -84 2
> 8077 8364 68 -11 -55 1
> 8145 9266 315 -91 -63 3
> 3894 7994 -198 243 135 1
! 23788 -89502 200
! -41505 97094 200
> 3319 9162 -302 336 -66 2
> 8116 8236 12 -191 -37 1
> 8521 9094 339 -63 -81 3
> 3627 8356 -16 -253 117 1
! 4364 -783 200 sims=339983 RUNNER
! 17571 4980 0 sims=339983 BLOCKER
> 3319 9162 -302 336 -66 2
> 8116 8236 12 -191 -37 1
> 8521 9094 339 -63 -81 3
> 3627 8356 -16 -253 117 1
! -7122 -89674 200
! -41772 97456 0
> 3038 9299 -238 116 -84 2
> 8128 8045 10 -162 -19 1
> 8829 8833 261 -221 -99 3
> 3611 8103 -13 -215 117 1
! 7105 164 200 sims=317933 RUNNER
! 18126 7870 200 sims=317933 BLOCKER
> 3038 9299 -238 116 -84 2
> 8128 8045 10 -162 -19 1
> 8829 8833 261 -221 -99 3
> 3611 8103 -13 -215 117 1
! 24472 -89935 200
! -67099 78813 200
> 2881 9232 -133 -56 -66 2
> 8338 7879 178 -140 -1 1
> 9121 8414 248 -355 -81 3
> 3457 8029 -131 -62 135 1
! 9572 1801 200 sims=331982 RUNNER
! 17793 4623 200 sims=331982 BLOCKER
> 2881 9232 -133 -56 -66 2
> 8338 7879 178 -140 -1 1
> 9121 8414 248 -355 -81 3
> 3457 8029 -131 -62 135 1
! -6522 -90354 SHIELD
! -41942 97129 200
> 2882 9027 0 -173 -48 2
> 8654 7643 74 -317 -19 1
> 9374 8062 234 -287 -99 3
> 3235 8145 -188 98 117 1
! 9573 1596 SHIELD sims=324457 RUNNER
! 16640 1625 0 sims=324457 BLOCKER
> 2882 9027 0 -173 -48 2
> 8654 7643 74 -317 -19 1
> 9374 8062 234 -287 -99 3
> 3235 8145 -188 98 117 1
! -36025 -81038 200
! -12408 106913 200
> 2858 8916 -28 -72 -48 2
> 8728 7326 62 -269 -37 1
> 9608 7775 198 -243 -117 0
> 3256 7820 102 -492 99 1
! 6925 -219 0 sims=355579 RUNNER
! 14464 -866 0 sims=355579 BLOCKER
> 2858 8916 -28 -72 -48 2
> 8728 7326 62 -269 -37 1
> 9608 7775 198 -243 -117 0
> 3256 7820 102 -492 99 1
! -61102 -62935 0
! -12387 106588 200
> 2830 8844 -23 -61 -66 2
> 8790 7057 52 -228 -55 1
> 9806 7532 168 -206 -135 0
> 3327 7526 60 -250 99 1
! 6897 -291 0 sims=345114 RUNNER
! 11714 -2506 0 sims=345114 BLOCKER
> 2830 8844 -23 -61 -66 2
> 8790 7057 52 -228 -55 1
> 9806 7532 168 -206 -135 0
> 3327 7526 60 -250 99 1
! -79294 -37866 200
! -42072 96626 200
> 2807 8783 -19 -51 -66 2
> 8842 6829 44 -193 -73 1
> 9974 7326 142 -175 -153 0
> 3296 7454 -26 -61 117 1
! 6874 -352 0 sims=347340 RUNNER
! 8667 -3169 0 sims=347340 BLOCKER
> 2807 8783 -19 -51 -66 2
> 8842 6829 44 -193 -73 1
> 9974 7326 142 -175 -153 0
> 3296 7454 -26 -61 117 1
! -88794 -8317 200
! -12347 106222 200
> 2788 8732 -16 -43 -66 2
> 8886 6636 37 -164 -91 1
> 9918 7120 -47 -175 -171 0
> 3239 7591 -48 116 99 1
! 6855 -403 200 sims=332829 RUNNER
! 5630 -2819 0 sims=332829 BLOCKER
> 2788 8732 -16 -43 -66 2
> 8886 6636 37 -164 -91 1
> 9918 7120 -47 -175 -171 0
> 3239 7591 -48 116 99 1
! -88850 22763 200
! -42160 96691 200
> 2805 8629 -119 249 -66 2
> 8923 6472 31 -139 -109 1
> 9673 6976 -207 -122 171 0
> 3149 7763 57 -191 117 1
! 6872 -506 200 sims=350756 RUNNER
! 2905 -1514 0 sims=350756 BLOCKER
> 2805 8629 -119 249 -66 2
> 8923 6472 31 -139 -109 1
> 9673 6976 -207 -122 171 0
> 3149 7763 57 -191 117 1
! -89095 -8667 0
! -12494 106531 0
> 2767 8695 -32 56 -66 2
> 8887 6277 -107 -230 -127 1
> 9533 6910 -41 8 -171 0
> 3206 7572 48 -162 99 1
! 6834 -440 200 sims=294812 RUNNER
! 695 541 0 sims=294812 BLOCKER
> 2767 8695 -32 56 -66 2
> 8887 6277 -107 -230 -127 1
> 9533 6910 -41 8 -171 0
> 3206 7572 48 -162 99 1
! -79567 -38488 200
! -12437 106340 200
> 2816 8568 41 -107 -66 2
> 8780 6047 -90 -195 -145 1
> 9314 6827 -186 -70 -153 0
> 3223 7608 14 30 99 1
! 6883 -567 200 sims=251818 RUNNER
! -783 3123 0 sims=251818 BLOCKER
> 2816 8568 41 -107 -66 2
> 8780 6047 -90 -195 -145 1
> 9314 6827 -186 -70 -153 0
> 3223 7608 14 30 99 1
! -61396 -63883 200
! -42176 96708 200
> 2822 8548 -76 172 -66 2
> 8690 5852 -76 -165 -163 1
> 8987 6616 -278 -179 -135 0
> 3262 7547 115 -241 117 1
! 6889 -587 200 sims=313740 RUNNER
! -1308 6027 0 sims=313740 BLOCKER
> 2822 8548 -76 172 -66 2
> 8690 5852 -76 -165 -163 1
> 8987 6616 -278 -179 -135 0
> 3262 7547 115 -241 117 1
! -36412 -82484 200
! -42137 96647 200
> 2827 8537 4 -9 -66 2
> 8523 5441 -147 -364 -181 1
> 8709 6505 -230 -79 -117 0
> 3286 7484 20 -53 117 1
! 6894 -598 200 sims=315882 RUNNER
! -932 8697 200 sims=315882 BLOCKER
> 2827 8537 4 -9 -66 2
> 8523 5441 -147 -364 -181 1
> 8709 6505 -230 -79 -117 0
> 3286 7484 20 -53 117 1
! -36690 -82595 200
! -12357 106252 200
> 2912 8345 72 -162 -66 2
> 8187 5142 -285 -254 -199 1
> 8388 6248 -272 -218 -117 0
> 3275 7629 -9 122 99 1
! 3957 -1600 0 sims=301070 RUNNER
! 201 11160 0 sims=301070 BLOCKER
> 2912 8345 72 -162 -66 2
> 8187 5142 -285 -254 -199 1
> 8388 6248 -272 -218 -117 0
> 3275 7629 -9 122 99 1
! -37011 -82852 200
! -42124 96729 SHIELD
> 2748 8648 -141 261 -84 2
> 7902 4888 -242 -215 -217 1
> 8025 5852 -308 -336 -117 0
> 3290 7704 12 63 117 1
! 669 -1133 200 sims=287504 RUNNER
! 2166 13080 200 sims=287504 BLOCKER
> 2748 8648 -141 261 -84 2
> 7902 4888 -242 -215 -217 1
> 8025 5852 -308 -336 -117 0
> 3290 7704 12 63 117 1
! -37374 -83248 200
! -12353 106472 200
> 2565 8713 -155 55 -102 2
> 7506 4547 -356 -434 -235 1
> 7666 5628 -285 -45 -117 0
> 3302 7767 10 53 99 1
! 3610 -1232 200 sims=269157 RUNNER
! 4582 14110 200 sims=269157 BLOCKER
> 2565 8713 -155 55 -102 2
> 7506 4547 -356 -434 -235 1
> 7666 5628 -285 -45 -117 0
> 3302 7767 10 53 99 1
! -7977 -93140 200
! -42097 96867 0
> 2431 8569 -113 -122 -84 2
> 7092 4304 -352 -206 107 1
> 7350 5385 -268 -206 -99 0
> 3312 7820 8 45 117 1
! 6498 -566 200 sims=295316 RUNNER
! 7267 14302 200 sims=295316 BLOCKER
> 2431 8569 -113 -122 -84 2
> 7092 4304 -352 -206 107 1
> 7350 5385 -268 -206 -99 0
> 3312 7820 8 45 117 1
! -38049 -83715 200
! -67398 78530 0
> 2399 8264 -26 -259 -66 2
> 6726 4246 -392 -297 89 1
> 7008 5053 -208 -33 -117 0
> 3320 7865 6 38 135 1
! 9090 833 0 sims=285292 RUNNER
! 9982 13701 200 sims=285292 BLOCKER
> 2399 8264 -26 -259 -66 2
> 6726 4246 -392 -297 89 1
> 7008 5053 -208 -33 -117 0
> 3320 7865 6 38 135 1
! -38391 -84047 200
! -67390 78575 200
> 2373 8005 -22 -220 -48 2
> 6377 4083 -329 -219 71 1
> 6732 4897 -202 -51 -117 0
> 3185 8044 -115 152 135 1
! 11033 3005 0 sims=290080 RUNNER
! 12395 12069 200 sims=290080 BLOCKER
> 2373 8005 -22 -220 -48 2
> 6377 4083 -329 -219 71 1
> 6732 4897 -202 -51 -117 0
> 3185 8044 -115 152 135 1
! -8911 -93871 200
! -67525 78754 200
> 2152 7767 -199 -203 -30 2
> 6122 3925 -254 -212 53 1
> 6545 4747 -121 -49 -99 0
> 3127 8356 -37 265 135 1
! 11933 5688 200 sims=296702 RUNNER
! 14314 9661 200 sims=296702 BLOCKER
> 2152 7767 -199 -203 -30 2
> 6122 3925 -254 -212 53 1
> 6545 4747 -121 -49 -99 0
> 3127 8356 -37 265 135 1
! -9098 -94021 200
! -67583 79066 0
> 2149 7522 -2 -207 -12 2
> 6010 3787 -156 -233 35 1
> 6414 4541 -49 -59 -99 1
> 3090 8621 -31 225 135 1
! 12094 8567 200 sims=326550 RUNNER
! 15573 6711 200 sims=326550 BLOCKER
> 2149 7522 -2 -207 -12 2
> 6010 3787 -156 -233 35 1
> 6414 4541 -49 -59 -99 1
> 3090 8621 -31 225 135 1
! 22057 -94227 200
! -42309 97721 200
> 2346 7336 167 -158 6 2
> 6011 3548 -37 -275 17 1
> 6430 4349 51 -91 -81 1
> 2968 9024 -103 342 117 1
! 12291 8381 200 sims=263291 RUNNER
! 16009 3373 200 sims=263291 BLOCKER
> 2346 7336 167 -158 6 2
> 6011 3548 -37 -275 17 1
> 6430 4349 51 -91 -81 1
> 2968 9024 -103 342 117 1
! 51828 -84751 200
! -12675 107792 0
> 2712 7199 311 -116 6 2
> 6174 3270 138 -236 -1 1
> 6572 4080 120 -228 -63 1
> 2865 9366 -87 290 99 1
! 12657 8244 200 sims=311332 RUNNER
! 15629 14 200 sims=311332 BLOCKER
> 2712 7199 311 -116 6 2
> 6174 3270 138 -236 -1 1
> 6572 4080 120 -228 -63 1
> 2865 9366 -87 290 99 1
! 77282 -66630 200
! 18508 108134 0
> 3222 7104 433 -80 6 3
> 6501 2969 278 -255 -19 1
> 6833 3711 222 -314 -45 1
> 2778 9656 -73 246 81 1
! 13167 8149 200 sims=359891 RUNNER
! 16499 2794 200 sims=359891 BLOCKER
> 3222 7104 433 -80 6 3
> 6501 2969 278 -255 -19 1
> 6833 3711 222 -314 -45 1
> 2778 9656 -73 246 81 1
! 95933 -41688 200
! 48177 98756 0
> 3854 7045 537 -50 6 3
> 6903 2540 336 -377 -1 1
> 7309 3477 410 -186 -27 1
> 2705 9902 -62 209 63 1
! 13799 8090 200 sims=356412 RUNNER
! 16901 2365 200 sims=356412 BLOCKER
> 3854 7045 537 -50 6 3
> 6903 2540 336 -377 -1 1
> 7309 3477 410 -186 -27 1
> 2705 9902 -62 209 63 1
! 96409 -41922 200
! 73415 80612 0
> 4590 7016 625 -24 6 3
> 7439 2159 455 -323 -1 1
> 7897 3200 499 -235 -27 1
> 2643 10111 -52 177 45 1
! 14535 8061 200 sims=381969 RUNNER
! 17002 5083 0 sims=381969 BLOCKER
> 4590 7016 625 -24 6 3
> 7439 2159 455 -323 -1 1
> 7897 3200 499 -235 -27 1
> 2643 10111 -52 177 45 1
! 106665 -12443 200
! 91743 55510 0
> 5414 7013 700 -2 6 3
> 7894 1836 386 -274 17 1
> 8594 2934 592 -226 -9 1
> 2591 10288 -44 150 27 1
! 14549 11080 0 sims=375900 RUNNER
! 16086 7572 0 sims=375900 BLOCKER
> 5414 7013 700 -2 6 3
> 7894 1836 386 -274 17 1
> 8594 2934 592 -226 -9 1
> 2591 10288 -44 150 27 1
! 107362 -12709 200
! 101359 25931 0
> 6114 7011 595 -1 24 3
> 8280 1562 328 -232 35 1
> 9384 2677 671 -218 -9 1
> 2547 10438 -37 127 9 1
! 16059 8056 0 sims=373177 RUNNER
! 14298 9548 0 sims=373177 BLOCKER
> 6114 7011 595 -1 24 3
> 8280 1562 328 -232 35 1
> 9384 2677 671 -218 -9 1
> 2547 10438 -37 127 9 1
! 108152 -12966 200
! 101315 -5205 0
> 6709 7010 505 0 6 3
> 8608 1330 278 -197 53 1
> 10253 2428 738 -211 -9 1
> 2510 10565 -31 107 -9 1
! 15844 11077 0 sims=364315 RUNNER
! 11864 10785 200 sims=364315 BLOCKER
> 6709 7010 505 0 6 3
> 8608 1330 278 -197 53 1
> 10253 2428 738 -211 -9 1
> 2510 10565 -31 107 -9 1
! 109021 -13215 200
! 91610 -34834 200
> 7214 7010 429 0 24 3
> 8951 1322 291 -6 71 1
> 11189 2186 795 -205 -9 1
> 2657 10581 125 13 -27 1
! 17159 8055 0 sims=294084 RUNNER
! 9126 11320 200 sims=294084 BLOCKER
> 7214 7010 429 0 24 3
> 8951 1322 291 -6 71 1
> 11189 2186 795 -205 -9 1
> 2657 10581 125 13 -27 1
! 109957 -13457 200
! 73367 -60129 200
> 7643 7010 364 0 6 3
> 9246 1516 250 164 89 1
> 12182 1950 843 -200 -9 1
> 2923 10453 226 -109 -45 1
! 17424 4931 0 sims=381241 RUNNER
! 6322 11079 200 sims=381241 BLOCKER
> 7643 7010 364 0 6 3
> 9246 1516 250 164 89 1
> 12182 1950 843 -200 -9 1
> 2923 10453 226 -109 -45 1
! 110950 17593 200
! 48321 -78647 200
> 8007 7010 309 0 -12 3
> 9438 1871 162 301 107 1
> 13223 1781 884 -143 9 1
> 3240 10166 269 -244 -63 1
! 16667 2010 0 sims=388087 RUNNER
! 3702 10063 200 sims=388087 BLOCKER
> 8007 7010 309 0 -12 3
> 9438 1871 162 301 107 1
> 13223 1781 884 -143 9 1
> 3240 10166 269 -244 -63 1
! 102323 47180 0
! 18883 -88602 200
> 8316 7010 262 0 -30 3
> 9485 2336 40 395 125 1
> 14107 1638 751 -121 27 2
> 3540 9724 255 -375 -81 1
! 15007 -421 0 sims=383579 RUNNER
! 1499 8354 200 sims=383579 BLOCKER
> 8316 7010 262 0 -30 3
> 9485 2336 40 395 125 1
> 14107 1638 751 -121 27 2
> 3540 9724 255 -375 -81 1
! 84817 72348 0
! -12103 -89044 200
> 8578 7010 222 0 -48 3
> 9365 2851 -101 438 143 1
> 14858 1517 638 -102 45 2
> 3764 9151 190 -486 -99 1
! 12645 -2125 0 sims=382809 RUNNER
! -90 6107 200 sims=382809 BLOCKER
> 8578 7010 222 0 -48 3
> 9365 2851 -101 438 143 1
> 14858 1517 638 -102 45 2
> 3764 9151 190 -486 -99 1
! 60257 90617 0
! -11879 -89617 200
> 8800 7010 188 0 -66 3
> 9075 3354 -246 427 161 1
> 15496 1415 542 -86 63 2
> 3923 8467 134 -581 -99 1
! 9845 -2935 0 sims=392903 RUNNER
! -380 6610 200 sims=392903 BLOCKER
> 8800 7010 188 0 -66 3
> 9075 3354 -246 427 161 1
> 15496 1415 542 -86 63 2
> 3923 8467 134 -581 -99 1
! 31139 100183 0
! 19566 -90301 200
> 8988 7010 159 0 -84 0
> 8640 3846 -369 418 161 1
> 16038 1329 460 -73 81 2
> 4088 7688 140 -661 -81 1
! 6909 -2771 200 sims=404481 RUNNER
! -815 7102 200 sims=404481 BLOCKER
> 8988 7010 159 0 -84 0
> 8640 3846 -369 418 161 1
> 16038 1329 460 -73 81 2
> 4088 7688 140 -661 -81 1
! 394 100097 0
! 49486 -81412 0
> 9105 6814 99 -166 -102 0
> 8082 4329 -474 410 161 1
> 16498 1256 391 -62 99 2
> 4228 7027 119 -561 -63 1
! 4105 -1846 200 sims=411950 RUNNER
! -1916 4504 200 sims=411950 BLOCKER
> 9105 6814 99 -166 -102 0
> 8082 4329 -474 410 161 1
> 16498 1256 391 -62 99 2
> 4228 7027 119 -561 -63 1
! -28901 90356 200
! 74938 -63683 200
> 9104 6475 0 -288 -120 0
> 7408 4743 -572 351 179 1
> 16798 1372 255 98 117 2
> 4488 6325 221 -597 -45 1
! 1673 -216 200 sims=406770 RUNNER
! -2590 4918 200 sims=406770 BLOCKER
> 9104 6475 0 -288 -120 0
> 7408 4743 -572 351 179 1
> 16798 1372 255 98 117 2
> 4488 6325 221 -597 -45 1
! -53912 72082 200
! 49886 -82775 200
> 8955 6053 -126 -358 -138 0
> 6636 5098 -656 301 179 1
> 16912 1611 96 203 135 2
> 4800 5550 265 -658 -63 1
! -180 1986 200 sims=401051 RUNNER
! -2819 8354 0 sims=401051 BLOCKER
> 8955 6053 -126 -358 -138 0
> 6636 5098 -656 301 179 1
> 16912 1611 96 203 135 2
> 4800 5550 265 -658 -63 1
! -72188 47010 200
! 75510 -65160 0
> 8646 5614 -262 -373 -156 0
> 5980 5399 -557 255 161 1
> 16830 1905 -69 249 153 2
> 5065 4892 225 -559 -45 1
! -1299 4569 200 sims=398608 RUNNER
! -2006 11417 0 sims=398608 BLOCKER
> 8646 5614 -262 -373 -156 0
> 5980 5399 -557 255 161 1
> 16830 1905 -69 249 153 2
> 5065 4892 225 -559 -45 1
! -81938 17548 200
! 94165 -40507 0
> 8185 5220 -391 -334 -174 0
> 5423 5654 -473 216 143 1
> 16563 2185 -226 238 171 2
> 5290 4333 191 -475 -27 1
! -1596 7299 0 sims=249872 RUNNER
! -313 13846 0 sims=249872 BLOCKER
> 8185 5220 -391 -334 -174 0
> 5423 5654 -473 216 143 1
> 16563 2185 -226 238 171 2
> 5290 4333 191 -475 -27 1
! -82205 17828 200
! 76000 -66377 200
> 7794 4886 -332 -283 -192 0
> 4950 5870 -402 183 125 1
> 16139 2454 -360 228 171 2
> 5622 3717 282 -523 -45 1
! -866 9886 0 sims=379372 RUNNER
! 2026 15433 0 sims=379372 BLOCKER
> 7794 4886 -332 -283 -192 0
> 4950 5870 -402 183 125 1
> 16139 2454 -360 228 171 2
> 5622 3717 282 -523 -45 1
! -82629 18097 200
! 51020 -85383 0
> 7462 4603 -282 -240 -210 0
> 4548 6053 -341 155 107 1
> 15581 2713 -473 220 171 2
> 5904 3194 239 -444 -63 1
! 771 12034 0 sims=372176 RUNNER
! 4723 16051 0 sims=372176 BLOCKER
> 7462 4603 -282 -240 -210 0
> 4548 6053 -341 155 107 1
> 15581 2713 -473 220 171 2
> 5904 3194 239 -444 -63 1
! -83187 18356 200
! 51302 -85906 0
> 7180 4363 -239 -204 132 0
> 4207 6208 -289 131 89 1
> 14910 2964 -569 213 171 2
> 6143 2750 203 -377 -63 1
! 3113 13498 0 sims=374003 RUNNER
! 7463 15663 0 sims=374003 BLOCKER
> 7180 4363 -239 -204 132 0
> 4207 6208 -289 131 89 1
> 14910 2964 -569 213 171 2
> 6143 2750 203 -377 -63 1
! -83858 18607 200
! 76853 -67960 200
> 6941 4159 -203 -173 114 0
> 3918 6339 -245 111 71 1
> 14143 3208 -651 207 171 2
> 6487 2232 292 -440 -45 1
! 5896 14104 0 sims=371140 RUNNER
! 9936 14325 0 sims=371140 BLOCKER
> 6941 4159 -203 -173 114 0
> 3918 6339 -245 111 71 1
> 14143 3208 -651 207 171 2
> 6487 2232 292 -440 -45 1
! -84625 18851 200
! 95587 -43167 0
> 6738 3986 -172 -147 96 0
> 3673 6450 -208 94 53 1
> 13294 3446 -721 202 171 2
> 6779 1792 248 -374 -27 1
! 2671 13121 200 sims=360801 RUNNER
! 11865 12186 0 sims=360801 BLOCKER
> 6738 3986 -172 -147 96 0
> 3673 6450 -208 94 53 1
> 13294 3446 -721 202 171 2
> 6779 1792 248 -374 -27 1
! -85474 19089 200
! 105547 -13851 0
> 6485 4022 -215 30 114 1
> 3465 6544 -176 79 35 1
> 12375 3679 -780 198 171 2
> 7027 1418 210 -317 -9 1
! 5440 13967 0 sims=376733 RUNNER
! 13028 9468 0 sims=376733 BLOCKER
> 6485 4022 -215 30 114 1
> 3465 6544 -176 79 35 1
> 12375 3679 -780 198 171 2
> 7027 1418 210 -317 -9 1
! -86393 19322 200
! 105795 17061 200
> 6270 4052 -182 25 96 1
> 3289 6623 -149 67 17 1
> 11397 3908 -830 194 171 2
> 7435 1132 346 -242 9 1
! 8349 13833 0 sims=364917 RUNNER
! 13287 6448 0 sims=364917 BLOCKER
> 6270 4052 -182 25 96 1
> 3289 6623 -149 67 17 1
> 11397 3908 -830 194 171 2
> 7435 1132 346 -242 9 1
! -87371 -11735 200
! 96535 46531 200
> 6088 4077 -154 21 78 1
> 3140 6690 -126 56 -1 1
> 10369 4071 -873 138 -171 2
> 7959 981 445 -128 27 1
! 11088 12737 200 sims=367871 RUNNER
! 12595 3434 0 sims=367871 BLOCKER
> 6088 4077 -154 21 78 1
> 3140 6690 -126 56 -1 1
> 10369 4071 -873 138 -171 2
> 7959 981 445 -128 27 1
! -88399 19714 200
! 78669 71691 0
> 6034 4271 -45 165 60 1
> 3014 6746 -107 47 -19 1
> 9298 4240 -909 143 171 2
> 8404 853 378 -108 45 1
! 11034 12931 200 sims=378518 RUNNER
! 13012 6571 200 sims=378518 BLOCKER
> 6034 4271 -45 165 60 1
> 3014 6746 -107 47 -19 1
> 9298 4240 -909 143 171 2
> 8404 853 378 -108 45 1
! -79802 49639 0
! 53803 89953 0
> 6089 4609 46 287 60 1
> 3107 6789 79 36 -1 1
> 8389 4383 -772 121 153 2
> 8782 745 321 -91 63 1
! 13520 11300 0 sims=334803 RUNNER
! 12562 3533 200 sims=334803 BLOCKER
> 6089 4609 46 287 60 1
> 3107 6789 79 36 -1 1
> 8389 4383 -772 121 153 2
> 8782 745 321 -91 63 1
! -90379 20026 0
! 24425 99513 0
> 6135 4896 39 243 42 1
> 3375 6760 227 -24 -19 1
> 7617 4504 -656 102 171 2
> 9103 654 272 -77 81 1
! 15270 8963 0 sims=353353 RUNNER
! 12830 3504 200 sims=353353 BLOCKER
> 6135 4896 39 243 42 1
> 3375 6760 227 -24 -19 1
> 7617 4504 -656 102 171 2
> 9103 654 272 -77 81 1
! -91151 20147 200
! 24746 99422 0
> 6153 5155 -387 539 24 1
> 3791 6671 353 -75 -19 1
> 6784 4621 -305 -220 171 2
> 9375 577 231 -65 81 1
! 16098 6200 0 sims=353717 RUNNER
! 13246 3415 200 sims=353717 BLOCKER
> 6153 5155 -387 539 24 1
> 3791 6671 353 -75 -19 1
> 6784 4621 -305 -220 171 2
> 9375 577 231 -65 81 1
! -82316 50020 200
! 25018 99345 0
> 5766 5694 -328 458 6 1
> 4333 6531 460 -119 -19 1
> 6301 4492 -410 -109 153 2
> 9606 512 196 -55 81 1
! 15547 3615 0 sims=343007 RUNNER
! 12319 513 200 sims=343007 BLOCKER
> 5766 5694 -328 458 6 1
> 4333 6531 460 -119 -19 1
> 6301 4492 -410 -109 153 2
> 9606 512 196 -55 81 1
! -64409 75202 200
! 55005 89612 0
> 5712 6032 614 -2 -12 1
> 4678 6412 -366 188 -37 1
> 5750 4524 -468 27 135 2
> 9802 457 166 -46 63 1
! 14372 1032 200 sims=368795 RUNNER
! 10414 -1780 0 sims=368795 BLOCKER
> 5712 6032 614 -2 -12 1
> 4678 6412 -366 188 -37 1
> 5750 4524 -468 27 135 2
> 9802 457 166 -46 63 1
! -39649 93624 200
! 55201 89557 0
> 6499 5930 669 -86 -30 1
> 4312 6600 -311 159 -55 1
> 5191 4729 -474 174 117 2
> 9968 411 141 -39 63 1
! 15159 930 200 sims=358673 RUNNER
! 7236 -2963 200 sims=358673 BLOCKER
> 6499 5930 669 -86 -30 1
> 4312 6600 -311 159 -55 1
> 5191 4729 -474 174 117 2
> 9968 411 141 -39 63 1
! -65519 75439 200
! 80678 71121 0
> 7341 5744 715 -158 -30 1
> 4059 6568 -214 -27 -73 1
> 4576 5044 -523 268 135 2
> 10109 372 119 -33 45 1
! 14032 -1687 200 sims=327894 RUNNER
! 3884 -3430 200 sims=327894 BLOCKER
> 7341 5744 715 -158 -30 1
> 4059 6568 -214 -27 -73 1
> 4576 5044 -523 268 135 2
> 10109 372 119 -33 45 1
! -40823 94144 200
! 80819 71082 200
> 8190 5437 721 -260 -48 1
> 3842 6341 -184 -192 -91 1
> 3962 5490 -521 379 117 2
> 10369 480 221 92 45 1
! 16850 437 200 sims=374955 RUNNER
! 3667 -3657 SHIELD sims=374955 BLOCKER
> 8190 5437 721 -260 -48 1
> 3842 6341 -184 -192 -91 1
> 3962 5490 -521 379 117 2
> 10369 480 221 92 45 1
! -11681 104258 0
! 81079 71190 200
> 9084 5077 760 -306 -30 1
> 3647 6248 -166 -70 -91 1
> 3549 4883 -341 -606 99 2
> 10731 713 308 198 45 1
! 17744 77 200 sims=380471 RUNNER
! 391 -3207 0 sims=380471 BLOCKER
> 9084 5077 760 -306 -30 1
> 3647 6248 -166 -70 -91 1
> 3549 4883 -341 -606 99 2
> 10731 713 308 198 45 1
! 19192 103651 200
! 56130 89813 200
> 10017 4671 793 -345 -30 1
> 3481 6178 -141 -59 -109 1
> 3239 4475 -263 -347 81 2
> 11130 1089 338 319 63 1
! 19798 2592 200 sims=369397 RUNNER
! 3306 -3820 0 sims=369397 BLOCKER
> 10017 4671 793 -345 -30 1
> 3481 6178 -141 -59 -109 1
> 3239 4475 -263 -347 81 2
> 11130 1089 338 319 63 1
! -12404 103243 200
! 56529 90189 200
> 11006 4284 840 -328 -12 1
> 3340 6119 -119 -50 -91 1
> 2945 4326 -250 -127 99 2
> 11559 1586 364 422 63 1
! 20951 5329 200 sims=364602 RUNNER
! 84 -3336 0 sims=364602 BLOCKER
> 11006 4284 840 -328 -12 1
> 3340 6119 -119 -50 -91 1
> 2945 4326 -250 -127 99 2
> 11559 1586 364 422 63 1
! -42454 93426 200
! 82269 72296 200
> 12045 3977 883 -261 6 1
> 3221 6069 -101 -42 -109 1
> 2604 4377 -289 43 117 2
> 12064 2149 429 478 45 1
! 21826 1898 200 sims=374619 RUNNER
! -2797 -1917 200 sims=374619 BLOCKER
> 12045 3977 883 -261 6 1
> 3221 6069 -101 -42 -109 1
> 2604 4377 -289 43 117 2
> 12064 2149 429 478 45 1
! -42795 93477 200
! 101164 47548 200
> 13124 3674 916 -257 -12 1
> 3000 5867 -188 -171 -127 1
> 2224 4598 -322 188 117 2
> 12671 2718 516 483 27 1
! 22905 1595 200 sims=375228 RUNNER
! -5192 131 200 sims=375228 BLOCKER
> 13124 3674 916 -257 -12 1
> 3000 5867 -188 -171 -127 1
> 2224 4598 -322 188 117 2
> 12671 2718 516 483 27 1
! -13419 103366 200
! 111439 18361 200
> 14236 3375 944 -253 -12 1
> 2648 5581 -299 -242 -145 1
> 1871 4984 -300 327 99 2
> 13385 3232 606 437 9 1
! 22896 -1625 0 sims=382291 RUNNER
! -6915 2657 200 sims=382291 BLOCKER
> 14236 3375 944 -253 -12 1
> 2648 5581 -299 -242 -145 1
> 1871 4984 -300 327 99 2
> 13385 3232 606 437 9 1
! 17514 103752 0
! 112153 -12411 0
> 15180 3122 802 -215 -30 1
> 2419 5417 -70 -73 -163 1
> 1310 5174 -601 96 81 2
> 13991 3669 515 371 -9 1
! 21871 -4309 0 sims=389214 RUNNER
! -7579 5592 0 sims=389214 BLOCKER
> 15180 3122 802 -215 -30 1
> 2419 5417 -70 -73 -163 1
> 1310 5174 -601 96 81 2
> 13991 3669 515 371 -9 1
! 46709 94274 200
! 103091 -41730 0
> 15982 2907 681 -182 -48 1
> 2349 5344 -59 -62 -181 1
> 800 5448 -433 233 63 2
> 14506 4040 437 315 -27 1
! 20049 -6228 0 sims=390033 RUNNER
! -7106 8600 0 sims=390033 BLOCKER
> 15982 2907 681 -182 -48 1
> 2349 5344 -59 -62 -181 1
> 800 5448 -433 233 63 2
> 14506 4040 437 315 -27 1
! 71510 76158 200
! 85216 -66670 0
> 16663 2725 578 -154 -66 1
> 2290 5282 -50 -52 -199 1
> 508 5822 -247 318 45 2
> 14943 4355 371 267 -45 1
! 17708 -7220 0 sims=395696 RUNNER
! -5696 11300 200 sims=395696 BLOCKER
> 16663 2725 578 -154 -66 1
> 2290 5282 -50 -52 -199 1
> 508 5822 -247 318 45 2
> 14943 4355 371 267 -45 1
! 89608 51221 200
! 60341 -84745 0
> 17241 2571 491 -130 -84 1
> 2080 5350 -178 58 -217 1
> 439 6231 -58 347 27 2
> 15314 4622 315 226 -63 1
! 15162 -7210 0 sims=387520 RUNNER
! -3656 13542 200 sims=387520 BLOCKER
> 17241 2571 491 -130 -84 1
> 2080 5350 -178 58 -217 1
> 439 6231 -58 347 27 2
> 15314 4622 315 226 -63 1
! 99207 21874 200
! 30957 -94146 200
> 17732 2441 417 -110 -102 1
> 1787 5572 -248 188 -235 1
> 579 6609 118 321 9 2
> 15660 4650 294 24 -81 1
! 12732 -6219 200 sims=383432 RUNNER
! -1137 15135 200 sims=383432 BLOCKER
> 17732 2441 417 -110 -102 1
> 1787 5572 -248 188 -235 1
> 579 6609 118 321 9 2
> 15660 4650 294 24 -81 1
! 99347 22252 200
! 16 -94118 200
> 18049 2158 269 -240 -120 1
> 1481 5951 -260 322 107 1
> 895 6961 268 299 9 2
> 15923 4476 223 -147 -99 1
! 10618 -4533 200 sims=371329 RUNNER
! 1656 15949 200 sims=371329 BLOCKER
> 18049 2158 269 -240 -120 1
> 1481 5951 -260 322 107 1
> 895 6961 268 299 9 2
> 15923 4476 223 -147 -99 1
! 99663 -8682 200
! 279 -94292 0
> 18169 1784 102 -317 -138 1
> 1224 6430 -220 235 89 1
> 1361 7271 398 435 -9 2
> 16146 4329 189 -124 -99 1
! 9034 -2283 200 sims=366555 RUNNER
! 4480 15885 200 sims=366555 BLOCKER
> 18169 1784 102 -317 -138 1
> 1224 6430 -220 235 89 1
> 1361 7271 398 435 -9 2
> 16146 4329 189 -124 -99 1
! 90461 -38128 0
! -29253 -84771 200
> 18088 1386 -68 -338 -156 1
> 1069 6854 -131 360 71 1
> 1759 7706 338 369 -27 2
> 16244 4027 83 -256 -117 1
! 8143 341 200 sims=354214 RUNNER
! 7087 14840 200 sims=354214 BLOCKER
> 18088 1386 -68 -338 -156 1
> 1069 6854 -131 360 71 1
> 1759 7706 338 369 -27 2
> 16244 4027 83 -256 -117 1
! 72469 -63004 200
! -29155 -85073 200
> 17821 1027 -226 -305 -174 1
> 1058 7374 -9 441 53 1
> 2238 7934 407 193 -45 2
> 16236 3593 -6 -369 -117 1
! 8040 3106 200 sims=379337 RUNNER
! 9250 13110 200 sims=379337 BLOCKER
> 17821 1027 -226 -305 -174 1
> 1058 7374 -9 441 53 1
> 2238 7934 407 193 -45 2
> 16236 3593 -6 -369 -117 1
! 47636 -81166 200
! 592 -95175 200
> 17399 764 -358 -223 -192 1
> 1213 7930 131 472 35 1
> 2736 7949 423 12 -63 2
> 16199 3026 -31 -481 -99 1
! 7454 -281 200 sims=377874 RUNNER
! 10776 10854 200 sims=377874 BLOCKER
> 17399 764 -358 -223 -192 1
> 1213 7930 131 472 35 1
> 2736 7949 423 12 -63 2
> 16199 3026 -31 -481 -99 1
! 73446 -62761 200
! -29200 -86074 200
> 16842 520 -473 -207 -174 1
> 1535 8460 273 450 17 1
> 3300 7820 479 -110 -45 2
> 16077 2367 -103 -560 -117 1
! 7707 -3547 200 sims=391314 RUNNER
! 11533 8285 200 sims=391314 BLOCKER
> 16842 520 -473 -207 -174 1
> 1535 8460 273 450 17 1
> 3300 7820 479 -110 -45 2
> 16077 2367 -103 -560 -117 1
! 92400 -37579 200
! -29322 -86733 200
> 16186 232 -557 -245 -156 1
> 2008 8907 402 379 -1 1
> 3957 7619 558 -170 -27 3
> 15883 1629 -164 -627 -117 1
! 8755 -6459 200 sims=367346 RUNNER
! 11463 5651 200 sims=367346 BLOCKER
> 16186 232 -557 -245 -156 1
> 2008 8907 402 379 -1 1
> 3957 7619 558 -170 -27 3
> 15883 1629 -164 -627 -117 1
! 102725 -8024 200
! -54827 -69081 200
> 15480 -147 -599 -321 -138 1
> 2599 9221 502 266 -19 1
> 4713 7418 642 -171 -9 3
> 15578 861 -259 -653 -135 1
! 6345 -4214 200 sims=375893 RUNNER
! 10585 3203 200 sims=375893 BLOCKER
> 15480 -147 -599 -321 -138 1
> 2599 9221 502 266 -19 1
> 4713 7418 642 -171 -9 3
> 15578 861 -259 -653 -135 1
! 103481 23061 200
! -73522 -44537 SHIELD
> 14698 -549 -664 -341 -156 1
> 3261 9367 562 123 -37 1
> 5553 7278 713 -118 9 3
> 15319 208 -220 -555 -153 1
! 4753 -1594 0 sims=344351 RUNNER
! 8997 1175 200 sims=344351 BLOCKER
> 14698 -549 -664 -341 -156 1
> 3261 9367 562 123 -37 1
> 5553 7278 713 -118 9 3
> 15319 208 -220 -555 -153 1
! 104321 22921 200
! -83449 -15435 200
> 14034 -890 -564 -289 -174 1
> 3938 9326 575 -34 -55 1
> 6464 7191 773 -73 9 3
> 15099 -347 -187 -471 -171 1
! 4253 1189 0 sims=382949 RUNNER
! 6862 -237 200 sims=382949 BLOCKER
> 14034 -890 -564 -289 -174 1
> 3938 9326 575 -34 -55 1
> 6464 7191 773 -73 9 3
> 15099 -347 -187 -471 -171 1
! 105232 -8452 200
! -83669 15296 0
> 13470 -1179 -479 -245 168 1
> 4571 9101 538 -191 -73 1
> 7435 7087 824 -88 -9 3
> 14912 -818 -158 -400 171 1
! 4810 3821 0 sims=360934 RUNNER
! 4396 -897 200 sims=360934 BLOCKER
> 13470 -1179 -479 -245 168 1
> 4571 9101 538 -191 -73 1
> 7435 7087 824 -88 -9 3
> 14912 -818 -158 -400 171 1
! 96535 -38312 0
! -74188 44581 0
> 12991 -1424 -407 -208 150 1
> 5106 8710 454 -332 -91 1
> 8259 6999 700 -74 -27 3
> 14754 -1218 -134 -340 153 1
! 6300 6007 0 sims=383523 RUNNER
! 1850 -745 200 sims=383523 BLOCKER
> 12991 -1424 -407 -208 150 1
> 5106 8710 454 -332 -91 1
> 8259 6999 700 -74 -27 3
> 14754 -1218 -134 -340 153 1
! 78969 -63711 0
! -55956 69492 200
> 12584 -1632 -345 -176 132 1
> 5495 8189 330 -442 -109 1
> 8959 6925 595 -62 -45 0
> 14479 -1417 -234 -168 135 1
! 8517 7503 0 sims=387422 RUNNER
! -523 203 0 sims=387422 BLOCKER
> 12584 -1632 -345 -176 132 1
> 5495 8189 330 -442 -109 1
> 8959 6925 595 -62 -45 0
> 14479 -1417 -234 -168 135 1
! 54357 -82175 0
! -30920 87683 0
> 12239 -1808 -293 -149 114 1
> 5825 7747 280 -375 -127 1
> 9554 6863 505 -52 -63 0
> 14245 -1585 -198 -142 117 1
! 11194 8137 200 sims=380611 RUNNER
! 2569 -1708 0 sims=380611 BLOCKER
> 12239 -1808 -293 -149 114 1
> 5825 7747 280 -375 -127 1
> 9554 6863 505 -52 -63 0
> 14245 -1585 -198 -142 117 1
! 25197 -91905 0
! -31154 87515 0
> 11925 -1758 -266 42 96 1
> 6105 7372 238 -318 -109 1
> 10059 6811 429 -44 -81 0
> 14047 -1727 -168 -120 117 1
! 14004 8023 200 sims=343308 RUNNER
! 87 -614 0 sims=343308 BLOCKER
> 11925 -1758 -266 42 96 1
> 6105 7372 238 -318 -109 1
> 10059 6811 429 -44 -81 0
> 14047 -1727 -168 -120 117 1
! -5584 -91957 0
! -1596 97041 200
> 11701 -1520 -190 201 78 1
> 6343 7054 202 -270 -127 1
> 10488 6767 364 -37 -99 0
> 13848 -1649 -169 65 99 1
! 16701 7140 200 sims=377468 RUNNER
! -1849 1318 0 sims=377468 BLOCKER
> 11701 -1520 -190 201 78 1
> 6343 7054 202 -270 -127 1
> 10488 6767 364 -37 -99 0
> 13848 -1649 -169 65 99 1
! -34911 -82333 0
! -1795 97119 0
> 11611 -1146 -76 318 60 1
> 6545 6784 171 -229 -145 1
> 10852 6730 309 -31 -117 0
> 13679 -1584 -143 55 99 1
! 19042 5545 200 sims=364686 RUNNER
! 527 -1202 0 sims=364686 BLOCKER
> 11611 -1146 -76 318 60 1
> 6545 6784 171 -229 -145 1
> 10852 6730 309 -31 -117 0
> 13679 -1584 -143 55 99 1
! -59858 -63980 0
! -1964 97184 200
> 11684 -694 61 384 42 1
> 6716 6555 145 -194 -127 1
> 11161 6699 262 -26 -135 0
> 13505 -1331 -148 214 99 1
! 20819 3373 200 sims=374976 RUNNER
! -1476 819 0 sims=374976 BLOCKER
> 11684 -694 61 384 42 1
> 6716 6555 145 -194 -127 1
> 11161 6699 262 -26 -135 0
> 13505 -1331 -148 214 99 1
! -77939 -38699 200
! -2138 97437 200
> 11928 -229 207 395 24 1
> 6861 6361 123 -164 -145 1
> 11245 6582 71 -99 -153 0
> 13326 -919 -152 349 99 1
! 21873 816 0 sims=372099 RUNNER
! 843 -1625 0 sims=372099 BLOCKER
> 11928 -229 207 395 24 1
> 6861 6361 123 -164 -145 1
> 11245 6582 71 -99 -153 0
> 13326 -919 -152 349 99 1
! -87523 -9061 200
! -32073 88181 200
> 12135 166 175 335 6 1
> 6984 6197 104 -139 -127 1
> 11118 6452 -107 -110 -171 0
> 13083 -392 -206 448 117 1
! 21916 -1913 0 sims=343035 RUNNER
! -1208 461 0 sims=343035 BLOCKER
> 12135 166 175 335 6 1
> 6984 6197 104 -139 -127 1
> 11118 6452 -107 -110 -171 0
> 13083 -392 -206 448 117 1
! -87650 22095 200
! -32316 88708 200
> 12090 628 -259 520 -12 1
> 7088 6058 88 -118 -145 1
> 10813 6373 -258 -66 171 0
> 13006 107 155 296 117 1
! 20750 -4372 200 sims=323596 RUNNER
! 1070 -1928 0 sims=323596 BLOCKER
> 12090 628 -259 520 -12 1
> 7088 6058 88 -118 -145 1
> 10813 6373 -258 -66 171 0
> 13006 107 155 296 117 1
! -78287 51772 200
! -57704 70817 0
> 12004 1048 -72 357 -30 1
> 7176 5940 74 -100 -127 1
> 10377 6398 -370 21 153 0
> 13161 403 131 251 135 1
! 18695 -6383 200 sims=370846 RUNNER
! -1016 204 0 sims=370846 BLOCKER
> 12004 1048 -72 357 -30 1
> 7176 5940 74 -100 -127 1
> 10377 6398 -370 21 153 0
> 13161 403 131 251 135 1
! -88391 22041 200
! -75939 45802 0
> 12066 1256 52 177 -48 1
> 7250 5840 62 -85 -145 1
> 9809 6450 -482 44 171 0
> 13292 654 111 213 153 1
! 20726 -3744 200 sims=366772 RUNNER
! -2313 2916 0 sims=366772 BLOCKER
> 12066 1256 52 177 -48 1
> 7250 5840 62 -85 -145 1
> 9809 6450 -482 44 171 0
> 13292 654 111 213 153 1
! -88959 -9193 0
! -85476 16297 200
> 12291 1333 191 65 -30 1
> 7312 5755 52 -72 -163 1
> 9327 6494 -409 37 -171 0
> 13205 898 -73 207 171 1
! 22072 -746 200 sims=342846 RUNNER
! -2686 5930 0 sims=342846 BLOCKER
> 12291 1333 191 65 -30 1
> 7312 5755 52 -72 -163 1
> 9327 6494 -409 37 -171 0
> 13205 898 -73 207 171 1
! -79773 -38904 0
! -75895 46297 200
> 12245 1568 -201 278 -12 1
> 7364 5683 44 -61 -181 1
> 8918 6531 -347 31 -153 0
> 13386 985 316 -5 153 1
! 20905 -3432 200 sims=344092 RUNNER
! -2091 8939 0 sims=344092 BLOCKER
> 12245 1568 -201 278 -12 1
> 7364 5683 44 -61 -181 1
> 8918 6531 -347 31 -153 0
> 13386 985 316 -5 153 1
! -61792 -64179 200
! -57324 71695 0
> 12217 1746 -23 151 -30 1
> 7408 5622 37 -51 -199 1
> 8430 6421 -415 -93 -135 0
> 13702 980 268 -4 135 1
! 20877 -3254 200 sims=286629 RUNNER
! -578 11640 0 sims=286629 BLOCKER
> 12217 1746 -23 151 -30 1
> 7408 5622 37 -51 -199 1
> 8430 6421 -415 -93 -135 0
> 13702 980 268 -4 135 1
! -36969 -82679 200
! -75398 46379 200
> 12367 1797 127 43 -30 1
> 7413 5534 -263 -377 -217 1
> 7957 6186 -134 103 -117 0
> 13792 1067 76 73 153 1
! 22148 -282 200 sims=342272 RUNNER
! 1677 13726 0 sims=342272 BLOCKER
> 12367 1797 127 43 -30 1
> 7413 5534 -263 -377 -217 1
> 7957 6186 -134 103 -117 0
> 13792 1067 76 73 153 1
! -7686 -92582 200
! -75308 46466 200
> 12690 1798 274 1 -12 1
> 7150 5157 -223 -320 -235 1
> 7792 6091 -140 -80 -99 0
> 13690 1231 -86 139 153 1
! 22471 -281 SHIELD sims=339346 RUNNER
! 4226 14720 0 sims=339346 BLOCKER
> 12690 1798 274 1 -12 1
> 7150 5157 -223 -320 -235 1
> 7792 6091 -140 -80 -99 0
> 13690 1231 -86 139 153 1
! -7851 -92677 200
! -57020 71941 SHIELD
> 12939 1815 -34 176 -12 1
> 6927 4837 -189 -272 107 1
> 7621 5813 -145 -235 -99 0
> 13629 1354 194 -57 135 1
! 21599 -3185 0 sims=335258 RUNNER
! 7102 14835 200 sims=335258 BLOCKER
> 12939 1815 -34 176 -12 1
> 6927 4837 -189 -272 107 1
> 7621 5813 -145 -235 -99 0
> 13629 1354 194 -57 135 1
! -37778 -83287 200
! -31770 90454 0
> 12905 1991 -28 149 -30 1
> 6741 4765 -157 -61 89 1
> 7385 5400 -200 -351 -117 0
> 13823 1297 164 -48 117 1
! 19596 -5440 0 sims=334173 RUNNER
! 9997 14220 200 sims=334173 BLOCKER
> 12905 1991 -28 149 -30 1
> 6741 4765 -157 -61 89 1
> 7385 5400 -200 -351 -117 0
> 13823 1297 164 -48 117 1
! -63325 -65310 0
! -56887 72007 0
> 12877 2140 -23 126 -48 1
> 6427 4709 -332 -102 71 1
> 7407 5233 84 -87 -135 0
> 13987 1249 139 -40 135 1
! 21537 -2860 0 sims=349076 RUNNER
! 12445 12695 0 sims=349076 BLOCKER
> 12877 2140 -23 126 -48 1
> 6427 4709 -332 -102 71 1
> 7407 5233 84 -87 -135 0
> 13987 1249 139 -40 135 1
! -63303 -65477 200
! -56723 71959 0
> 12854 2266 -19 107 -30 1
> 6095 4607 -282 -86 53 1
> 7350 5005 -48 -194 -135 0
> 14126 1209 118 -34 135 2
! 21514 -2734 200 sims=353206 RUNNER
! 14287 10343 0 sims=353206 BLOCKER
> 12854 2266 -19 107 -30 1
> 6095 4607 -282 -86 53 1
> 7350 5005 -48 -194 -135 0
> 14126 1209 118 -34 135 2
! -81750 -40393 200
! -56584 71919 200
> 13008 2273 131 5 -30 1
> 5813 4521 -239 -73 35 1
> 7124 4720 -192 -242 -153 0
> 14103 1316 -19 91 135 2
! 19699 -5158 200 sims=320145 RUNNER
! 15376 7445 200 sims=320145 BLOCKER
> 13008 2273 131 5 -30 1
> 5813 4521 -239 -73 35 1
> 7124 4720 -192 -242 -153 0
> 14103 1316 -19 91 135 2
! -91644 -10923 200
! -56607 72026 200
> 13273 2129 225 -122 -48 1
> 5765 4506 -40 -12 17 1
> 6734 4447 -331 -232 -171 0
> 13943 1548 -136 197 135 2
! 19964 -5302 SHIELD sims=372050 RUNNER
! 15763 4331 0 sims=372050 BLOCKER
> 13273 2129 225 -122 -48 1
> 5765 4506 -40 -12 17 1
> 6734 4447 -331 -232 -171 0
> 13943 1548 -136 197 135 2
! -82366 -40951 SHIELD
! -75157 46947 SHIELD
> 13199 2265 -118 164 -48 1
> 5597 4528 -368 79 -1 1
> 6416 4212 -247 -206 -153 1
> 14106 1487 194 -100 153 2
! 21859 -2735 0 sims=387737 RUNNER
! 15595 4353 200 sims=387737 BLOCKER
> 13199 2265 -118 164 -48 1
> 5597 4528 -368 79 -1 1
> 6416 4212 -247 -206 -153 1
> 14106 1487 194 -100 153 2
! -64294 -66498 0
! -56604 72197 0
> 13081 2429 -100 139 -30 1
> 5429 4603 -142 64 -1 1
> 6169 4006 -209 -175 -135 1
> 14300 1387 164 -85 135 2
! 21741 -2571 0 sims=371574 RUNNER
! 14884 1347 200 sims=371574 BLOCKER
> 13081 2429 -100 139 -30 1
> 5429 4603 -142 64 -1 1
> 6169 4006 -209 -175 -135 1
> 14300 1387 164 -85 135 2
! -39230 -85094 0
! -56410 72097 0
> 12981 2568 -85 118 -30 1
> 5476 4602 40 0 -19 1
> 5960 3831 -177 -148 -117 1
> 14464 1302 139 -72 135 2
! 19672 -4863 0 sims=377643 RUNNER
! 14931 1346 200 sims=377643 BLOCKER
> 12981 2568 -85 118 -30 1
> 5476 4602 40 0 -19 1
> 5960 3831 -177 -148 -117 1
> 14464 1302 139 -72 135 2
! -9683 -94937 0
! -56246 72012 0
> 12896 2686 -72 100 -48 1
> 5705 4537 194 -55 -19 1
> 5783 3683 -150 -125 -99 1
> 14603 1230 118 -61 135 2
! 21556 -2314 200 sims=380156 RUNNER
! 15160 1281 200 sims=380156 BLOCKER
> 12896 2686 -72 100 -48 1
> 5705 4537 194 -55 -19 1
> 5783 3683 -150 -125 -99 1
> 14603 1230 118 -61 135 2
! 21426 -95085 200
! -56107 71940 200
> 12997 2686 86 0 -30 1
> 6088 4417 325 -102 -19 1
> 5664 3360 -100 -274 -81 1
> 14580 1310 -19 68 135 2
! 19688 -4745 200 sims=335790 RUNNER
! 15543 1161 200 sims=335790 BLOCKER
> 12997 2686 86 0 -30 1
> 6088 4417 325 -102 -19 1
> 5664 3360 -100 -274 -81 1
> 14580 1310 -19 68 135 2
! 51062 -85740 0
! -56130 72020 200
> 13217 2537 186 -126 -48 1
> 6602 4250 436 -142 -19 1
> 5564 3086 -85 -232 -63 1
> 14420 1519 -136 178 135 2
! 19908 -4894 200 sims=284802 RUNNER
! 16057 994 200 sims=284802 BLOCKER
> 13217 2537 186 -126 -48 1
> 6602 4250 436 -142 -19 1
> 5564 3086 -85 -232 -63 1
> 14420 1519 -136 178 135 2
! 76274 -67624 200
! -74680 46918 200
> 13491 2300 -272 221 -48 1
> 7227 4043 531 -176 -19 1
> 5620 2713 47 -317 -45 1
> 14151 1750 277 -226 153 2
! 20182 -5131 200 sims=345429 RUNNER
! 16682 787 200 sims=345429 BLOCKER
> 13491 2300 -272 221 -48 1
> 7227 4043 531 -176 -19 1
> 5620 2713 47 -317 -45 1
> 14151 1750 277 -226 153 2
! 94720 -42686 200
! -74949 47149 200
> 13353 2372 -117 61 -48 1
> 7947 3802 612 -204 -19 1
> 5845 2305 191 -346 -27 1
> 14250 1615 83 -114 153 2
! 22013 -2628 200 sims=320460 RUNNER
! 17945 3627 200 sims=320460 BLOCKER
> 13353 2372 -117 61 -48 1
> 7947 3802 612 -204 -19 1
> 5845 2305 191 -346 -27 1
> 14250 1615 83 -114 153 2
! 104613 -13338 200
! -56460 72325 200
> 13409 2333 47 -33 -30 1
> 8759 3594 690 -176 -1 1
> 6234 1928 330 -320 -9 1
> 14192 1642 -49 23 135 2
! 20100 -5098 200 sims=300832 RUNNER
! 18214 338 200 sims=300832 BLOCKER
> 13409 2333 47 -33 -30 1
> 8759 3594 690 -176 -1 1
> 6234 1928 330 -320 -9 1
> 14192 1642 -49 23 135 2
! 105002 17571 200
! -56518 72352 200
> 13391 2324 -171 128 -48 1
> 9638 3353 747 -204 -19 1
> 6762 1639 448 -245 9 1
> 14200 1634 163 -142 135 2
! 22051 -2676 200 sims=334558 RUNNER
! 19636 3178 200 sims=334558 BLOCKER
> 13391 2324 -171 128 -48 1
> 9638 3353 747 -204 -19 1
> 6762 1639 448 -245 9 1
> 14200 1634 163 -142 135 2
! 105530 -14004 200
! -74900 47033 200
> 13393 2352 1 23 -30 1
> 10585 3145 804 -176 -1 1
> 7408 1363 548 -234 -9 1
> 14185 1583 -12 -43 153 2
! 20084 -5079 200 sims=319802 RUNNER
! 20583 2970 200 sims=319802 BLOCKER
> 13393 2352 1 23 -30 1
> 10585 3145 804 -176 -1 1
> 7408 1363 548 -234 -9 1
> 14185 1583 -12 -43 153 2
! 106176 17006 200
! -56525 72293 200
> 13488 2268 -96 115 -48 1
> 11589 2965 853 -152 -1 1
> 8154 1160 633 -172 9 1
> 14071 1639 80 -139 135 2
! 20179 -5163 200 sims=297906 RUNNER
! 21587 2790 200 sims=297906 BLOCKER
> 13488 2268 -96 115 -48 1
> 11589 2965 853 -152 -1 1
> 8154 1160 633 -172 9 1
> 14071 1639 80 -139 135 2
! 106922 16803 200
! -31328 90739 200
> 13488 2274 -63 72 -48 1
> 12642 2809 895 -132 -1 1
> 8985 1019 705 -119 9 1
> 14098 1639 86 -67 117 2
! 20179 -5157 SHIELD sims=305823 RUNNER
! 22640 2634 SHIELD sims=305823 BLOCKER
> 13488 2274 -63 72 -48 1
> 12642 2809 895 -132 -1 1
> 8985 1019 705 -119 9 1
> 14098 1639 86 -67 117 2
! 98085 46418 200
! -56612 72349 SHIELD
> 13703 2216 157 20 -48 1
> 12994 3097 167 346 -1 1
> 9868 991 750 -23 27 1
> 14449 1282 455 -475 135 2
! 17770 -6919 0 sims=326844 RUNNER
! 22557 6021 0 sims=326844 BLOCKER
> 13703 2216 157 20 -48 1
> 12994 3097 167 346 -1 1
> 9868 991 750 -23 27 1
> 14449 1282 455 -475 135 2
! 98968 46390 200
! -30950 90382 0
> 13860 2236 133 17 -66 1
> 13161 3443 141 294 17 1
> 10796 1059 788 57 27 1
> 14904 807 386 -403 117 2
! 14905 -7709 0 sims=339157 RUNNER
! 21353 9179 0 sims=339157 BLOCKER
> 13860 2236 133 17 -66 1
> 13161 3443 141 294 17 1
> 10796 1059 788 57 27 1
> 14904 807 386 -403 117 2
! 99896 46458 200
! -30495 89907 0
> 13993 2253 113 14 -84 1
> 13302 3737 119 249 35 1
> 11762 1207 821 125 27 1
> 15290 404 328 -342 117 2
! 11914 -7528 0 sims=326081 RUNNER
! 19320 11723 0 sims=326081 BLOCKER
> 13993 2253 113 14 -84 1
> 13302 3737 119 249 35 1
> 11762 1207 821 125 27 1
> 15290 404 328 -342 117 2
! 110530 16850 200
! -55420 71114 0
> 14106 2267 96 11 -102 1
> 13421 3986 101 211 53 1
> 12781 1363 865 132 9 1
> 15618 62 278 -290 135 2
! 9106 -6393 200 sims=329399 RUNNER
! 16677 13441 0 sims=329399 BLOCKER
> 14106 2267 96 11 -102 1
> 13421 3986 101 211 53 1
> 12781 1363 865 132 9 1
> 15618 62 278 -290 135 2
! 101881 46762 200
! -29781 89162 200
> 14248 2276 534 490 -120 1
> 13522 4197 85 179 71 1
> 13678 1415 349 -439 27 1
> 15805 -50 159 -95 117 2
! 9248 -6384 200 sims=366450 RUNNER
! 13697 14195 0 sims=366450 BLOCKER
> 14248 2276 534 490 -120 1
> 13522 4197 85 179 71 1
> 13678 1415 349 -439 27 1
> 15805 -50 159 -95 117 2
! 84388 72125 200
! -29594 89050 200
> 14682 2593 368 269 -120 1
> 13607 4376 72 152 89 1
> 14168 1117 416 -252 45 2
> 15873 33 57 70 117 2
! 7251 -4098 200 sims=363608 RUNNER
! 10683 13939 200 sims=363608 BLOCKER
> 14682 2593 368 269 -120 1
> 13607 4376 72 152 89 1
> 14168 1117 416 -252 45 2
> 15873 33 57 70 117 2
! 84878 71827 200
! -29526 89133 200
> 14901 2728 186 114 -138 1
> 13621 4719 11 291 107 1
> 14725 1006 473 -93 45 2
> 15839 281 -28 210 117 2
! 9901 -5932 0 sims=357525 RUNNER
! 7885 12911 200 sims=357525 BLOCKER
> 14901 2728 186 114 -138 1
> 13621 4719 11 291 107 1
> 14725 1006 473 -93 45 2
> 15839 281 -28 210 117 2
! 60124 90106 0
! -54871 70991 200
> 15087 2842 158 96 -120 1
> 13517 5174 -88 386 125 1
> 14985 1046 -160 272 63 2
> 15883 499 418 -52 135 2
! 7656 -3849 200 sims=371098 RUNNER
! 5531 11192 200 sims=371098 BLOCKER
> 15087 2842 158 96 -120 1
> 13517 5174 -88 386 125 1
> 14985 1046 -160 272 63 2
> 15883 499 418 -52 135 2
! 60384 90146 200
! -73217 45898 200
> 15096 2804 7 -32 -138 1
> 13269 5680 -210 430 143 1
> 14916 1496 -58 382 63 2
> 16123 538 203 32 153 2
! 10096 -5856 200 sims=373863 RUNNER
! 3814 8936 200 sims=373863 BLOCKER
> 15096 2804 7 -32 -138 1
> 13269 5680 -210 430 143 1
> 14916 1496 -58 382 63 2
> 16123 538 203 32 153 2
! 30559 100264 200
! -54587 71248 200
> 15048 2860 34 482 -120 1
> 12870 6175 -339 420 161 1
> 14844 1814 -136 -164 81 2
> 16185 711 52 147 135 2
! 12969 -6921 200 sims=395416 RUNNER
! 2872 6350 200 sims=395416 BLOCKER
> 15048 2860 34 482 -120 1
> 12870 6175 -339 420 161 1
> 14844 1814 -136 -164 81 2
> 16185 711 52 147 135 2
! -799 100582 200
! -54525 71421 200
> 15040 3146 -6 243 -102 1
> 12331 6599 -458 359 179 1
> 14677 1848 -142 28 99 2
> 16096 999 -76 245 135 2
! 10040 -5514 200 sims=345905 RUNNER
! 2333 6774 200 sims=345905 BLOCKER
> 15040 3146 -6 243 -102 1
> 12331 6599 -458 359 179 1
> 14677 1848 -142 28 99 2
> 16096 999 -76 245 135 2
! -30722 90948 200
! -54614 71709 200
> 14934 3216 -90 59 -120 1
> 11673 6962 -559 308 179 1
> 14444 2054 -197 175 117 2
> 15879 1385 -184 328 135 2
! 12855 -6565 200 sims=385259 RUNNER
! 2110 4038 200 sims=385259 BLOCKER
> 14934 3216 -90 59 -120 1
> 11673 6962 -559 308 179 1
> 14444 2054 -197 175 117 2
> 15879 1385 -184 328 135 2
! -56266 72764 200
! -54831 72095 200
> 14802 3079 -111 -116 -102 1
> 10923 7212 -637 212 197 1
> 14106 2370 -287 268 135 2
> 15554 1854 -276 399 135 2
! 15847 -6866 200 sims=374766 RUNNER
! 1360 4288 200 sims=374766 BLOCKER
> 14802 3079 -111 -116 -102 1
> 10923 7212 -637 212 197 1
> 14106 2370 -287 268 135 2
> 15554 1854 -276 399 135 2
! -74994 47769 200
! -73546 47253 200
> 14572 2947 -520 313 -84 1
> 10095 7366 -704 130 -163 1
> 13641 2729 -395 304 153 2
> 15240 2161 57 -165 153 2
! 18639 -6188 200 sims=346087 RUNNER
! 532 4442 200 sims=346087 BLOCKER
> 14572 2947 -520 313 -84 1
> 10095 7366 -704 130 -163 1
> 13641 2729 -395 304 153 2
> 15240 2161 57 -165 153 2
! -85127 18372 200
! -83528 17804 0
> 14133 3077 -372 110 -66 1
> 9200 7438 -760 60 -163 1
> 13048 3064 -503 284 171 2
> 15297 1996 48 -140 171 2
! 20824 -4354 200 sims=389886 RUNNER
! -798 7613 0 sims=389886 BLOCKER
> 14133 3077 -372 110 -66 1
> 9200 7438 -760 60 -163 1
> 13048 3064 -503 284 171 2
> 15297 1996 48 -140 171 2
! -85720 18707 200
! -73803 47395 0
> 13895 3038 -202 -32 -48 1
> 8440 7498 -646 51 -181 1
> 12347 3379 -595 267 171 2
> 15345 1856 40 -119 153 2
! 20586 -4393 200 sims=378154 RUNNER
! -1123 4574 0 sims=378154 BLOCKER
> 13895 3038 -202 -32 -48 1
> 8440 7498 -646 51 -181 1
> 12347 3379 -595 267 171 2
> 15345 1856 40 -119 153 2
! -86421 19022 200
! -73755 47255 200
> 13827 2857 -57 -153 -48 1
> 7794 7549 -549 43 -163 1
> 11554 3677 -673 253 171 2
> 15207 1828 -117 -23 153 2
! 22487 -2143 200 sims=381297 RUNNER
! -2204 7724 0 sims=381297 BLOCKER
> 13827 2857 -57 -153 -48 1
> 7794 7549 -549 43 -163 1
> 11554 3677 -673 253 171 2
> 15207 1828 -117 -23 153 2
! -77546 49076 200
! -73893 47227 200
> 13943 2604 98 -215 -30 1
> 7245 7592 -466 36 -181 1
> 10703 4021 -723 292 153 2
> 14912 1896 -250 57 153 2
! 22603 -2396 SHIELD sims=382382 RUNNER
! -2318 4668 0 sims=382382 BLOCKER
> 13943 2604 98 -215 -30 1
> 7245 7592 -466 36 -181 1
> 10703 4021 -723 292 153 2
> 14912 1896 -250 57 153 2
! -78397 49420 200
! -83856 17539 SHIELD
> 14007 2413 -223 33 -30 1
> 6779 7628 -396 30 -163 1
> 9802 4404 -766 325 153 2
> 14696 1929 93 -167 171 2
! 22667 -2587 0 sims=369075 RUNNER
! -1413 1892 0 sims=369075 BLOCKER
> 14007 2413 -223 33 -30 1
> 6779 7628 -396 30 -163 1
> 9802 4404 -766 325 153 2
> 14696 1929 93 -167 171 2
! -79298 49803 200
! -74404 47328 0
> 13784 2446 -189 28 -30 1
> 6383 7658 -336 25 -145 1
> 8858 4820 -802 353 153 2
> 14789 1762 79 -141 153 2
! 20475 -4985 0 sims=342923 RUNNER
! 365 -328 0 sims=342923 BLOCKER
> 13784 2446 -189 28 -30 1
> 6383 7658 -336 25 -145 1
> 8858 4820 -802 353 153 2
> 14789 1762 79 -141 153 2
! -80242 50219 200
! -74311 47161 0
> 13595 2474 -160 23 -48 1
> 6047 7683 -285 21 -127 1
> 7878 5264 -833 377 153 2
> 14868 1621 67 -119 153 2
! 22255 -2526 0 sims=371056 RUNNER
! 2791 -1772 200 sims=371056 BLOCKER
> 13595 2474 -160 23 -48 1
> 6047 7683 -285 21 -127 1
> 7878 5264 -833 377 153 2
> 14868 1621 67 -119 153 2
! -81222 50663 0
! -74232 47020 0
> 13435 2497 -136 19 -30 1
> 5697 7515 -297 -142 -109 1
> 7045 5641 -708 320 153 2
> 14935 1502 56 -101 153 2
! 22095 -2503 200 sims=370776 RUNNER
! 5522 -2483 200 sims=370776 BLOCKER
> 13435 2497 -136 19 -30 1
> 5697 7515 -297 -142 -109 1
> 7045 5641 -708 320 153 2
> 14935 1502 56 -101 153 2
! -82055 51040 0
! -55775 72212 200
> 13472 2416 31 -68 -30 1
> 5396 7173 -255 -290 -91 1
> 6337 5961 -601 272 153 2
> 14850 1542 -72 34 135 2
! 22132 -2584 200 sims=342916 RUNNER
! 8320 -2390 0 sims=342916 BLOCKER
> 13472 2416 31 -68 -30 1
> 5396 7173 -255 -290 -91 1
> 6337 5961 -601 272 153 2
> 14850 1542 -72 34 135 2
! -82763 51360 200
! -74250 46941 200
> 13676 2248 173 -142 -30 1
> 5079 6965 -644 321 -73 1
> 5619 6242 -234 -259 153 2
> 14600 1667 -212 106 153 2
! 22336 -2752 SHIELD sims=349209 RUNNER
! 10815 -1227 200 sims=349209 BLOCKER
> 13676 2248 173 -142 -30 1
> 5079 6965 -644 321 -73 1
> 5619 6242 -234 -259 153 2
> 14600 1667 -212 106 153 2
! -65091 76952 200
! -74500 47066 SHIELD
> 13708 2194 -183 85 -30 1
> 4550 7122 -449 133 -55 1
> 5244 6124 -319 -99 135 2
> 14529 1685 150 -115 153 2
! 20399 -5237 0 sims=296723 RUNNER
! 10286 -1070 200 sims=296723 BLOCKER
> 13708 2194 -183 85 -30 1
> 4550 7122 -449 133 -55 1
> 5244 6124 -319 -99 135 2
> 14529 1685 150 -115 153 2
! -40155 95224 200
! -84239 17328 0
> 13525 2279 -155 72 -48 1
> 4216 7091 -284 -26 -55 1
> 4834 6203 -348 67 117 2
> 14679 1570 127 -97 171 2
! 22185 -2721 0 sims=321447 RUNNER
! 12202 1073 200 sims=321447 BLOCKER
> 13525 2279 -155 72 -48 1
> 4216 7091 -284 -26 -55 1
> 4834 6203 -348 67 117 2
> 14679 1570 127 -97 171 2
! -40565 95303 200
! -84089 17213 0
> 13370 2351 -131 61 -30 1
> 3971 7127 -339 230 -37 1
> 4516 6266 -138 -146 117 2
> 14806 1473 107 -82 171 2
! 22030 -2649 0 sims=320334 RUNNER
! 9707 -1065 200 sims=320334 BLOCKER
> 13370 2351 -131 61 -30 1
> 3971 7127 -339 230 -37 1
> 4516 6266 -138 -146 117 2
> 14806 1473 107 -82 171 2
! -40883 95366 200
! -74294 46872 0
> 13239 2412 -111 51 -30 1
> 3747 7193 -190 56 -55 1
> 4287 6298 -194 27 117 2
> 14913 1391 90 -69 153 2
! 21899 -2588 200 sims=286300 RUNNER
! 9483 -999 200 sims=286300 BLOCKER
> 13239 2412 -111 51 -30 1
> 3747 7193 -190 56 -55 1
> 4287 6298 -194 27 117 2
> 14913 1391 90 -69 153 2
! -41112 95398 200
! -74187 46790 200
> 13301 2363 52 -41 -30 1
> 3606 7198 -225 184 -55 1
> 4068 6390 -80 -101 117 2
> 14825 1413 -74 18 153 2
! 21961 -2637 200 sims=332913 RUNNER
! 9342 -994 200 sims=332913 BLOCKER
> 13301 2363 52 -41 -30 1
> 3606 7198 -225 184 -55 1
> 4068 6390 -80 -101 117 2
> 14825 1413 -74 18 153 2
! -11575 105158 200
! -74275 46812 200
