@ 0 YurkovAS
@ 1 reCurse
CP 3
CP 6022 5336
CP 11309 2846
CP 7475 6938
> 5809 4884 0 0 -1 1
> 6235 5788 0 0 -1 1
> 5383 3979 0 0 -1 1
> 6661 6693 0 0 -1 1
! 13899 -994 BOOST sims=281792 RUNNER
! 15064 1093 BOOST sims=281792 BLOCKER
> 5809 4884 0 0 -1 1
> 6235 5788 0 0 -1 1
> 5383 3979 0 0 -1 1
> 6661 6693 0 0 -1 1
! 104599 16471 200
! 83697 -57067 200
> 6335 4502 446 -324 -36 1
> 6809 5483 487 -259 -28 1
> 5581 4004 168 21 7 1
> 6815 6565 130 -108 -40 1
! 15846 1412 200 sims=333242 RUNNER
! 13756 -1710 0 sims=333242 BLOCKER
> 6335 4502 446 -324 -36 1
> 6809 5483 487 -259 -28 1
> 5581 4004 168 21 7 1
> 6815 6565 130 -108 -40 1
! 103743 -15076 200
! 59806 -78239 200
> 6971 4116 540 -327 -18 1
> 7296 5224 413 -220 -46 1
> 5945 3987 309 -14 -11 1
> 7052 6288 201 -235 -58 1
! 16971 4116 200 sims=320362 RUNNER
! 11680 -3764 0 sims=320362 BLOCKER
> 6971 4116 540 -327 -18 1
> 7296 5224 413 -220 -46 1
> 5945 3987 309 -14 -11 1
> 7052 6288 201 -235 -58 1
! 105199 16173 200
! 60043 -78516 200
> 7711 3789 628 -277 0 1
> 7709 5004 351 -187 -64 1
> 6453 3997 431 8 7 1
> 7359 5883 260 -343 -58 1
! 17222 6879 0 sims=290850 RUNNER
! 9101 -4899 0 sims=290850 BLOCKER
> 7711 3789 628 -277 0 1
> 7709 5004 351 -187 -64 1
> 6453 3997 431 8 7 1
> 7359 5883 260 -343 -58 1
! 104615 -15083 0
! 83963 -58395 200
> 8339 3512 533 -235 18 1
> 8116 4688 395 -381 -82 1
> 6884 4005 366 6 -11 1
> 7716 5540 254 -177 -40 1
! 16429 9390 0 sims=287826 RUNNER
! 6380 -5160 0 sims=287826 BLOCKER
> 8339 3512 533 -235 18 1
> 8116 4688 395 -381 -82 1
> 6884 4005 366 6 -11 1
> 7716 5540 254 -177 -40 1
! 105046 -15076 0
! 100434 -31920 0
> 8872 3277 453 -199 36 1
> 8511 4307 335 -323 -100 1
> 7250 4011 311 5 -11 1
> 7970 5363 215 -150 -22 1
! 14750 11367 0 sims=283199 RUNNER
! 3816 -4522 0 sims=283199 BLOCKER
> 8872 3277 453 -199 36 1
> 8511 4307 335 -323 -100 1
> 7250 4011 311 5 -11 1
> 7970 5363 215 -150 -22 1
! 105412 -15070 200
! 107726 -1612 0
> 9325 3078 385 -169 54 1
> 8846 3984 284 -274 -118 1
> 7757 3978 431 -28 -11 1
> 8185 5213 182 -127 -4 1
! 12415 12589 200 sims=273931 RUNNER
! 1653 -2963 0 sims=273931 BLOCKER
> 9325 3078 385 -169 54 1
> 8846 3984 284 -274 -118 1
> 7757 3978 431 -28 -11 1
> 8185 5213 182 -127 -4 1
! 105919 -15103 0
! 105214 29405 200
> 9772 3099 379 18 72 1
> 9130 3710 241 -232 -136 1
> 8188 3950 366 -23 -11 1
> 8561 5134 319 -66 14 1
! 9772 13099 0 sims=317534 RUNNER
! 142 -674 0 sims=317534 BLOCKER
> 9772 3099 379 18 72 1
> 9130 3710 241 -232 -136 1
> 8188 3950 366 -23 -11 1
> 8561 5134 319 -66 14 1
! 95649 -44531 0
! 108317 -1841 0
> 10151 3117 322 15 90 1
> 9371 3478 204 -197 -154 1
> 8554 3927 311 -19 -29 1
> 8880 5068 271 -56 -4 1
! 7061 12628 0 sims=300440 RUNNER
! -532 2086 0 sims=300440 BLOCKER
> 10151 3117 322 15 90 1
> 9371 3478 204 -197 -154 1
> 8554 3927 311 -19 -29 1
> 8880 5068 271 -56 -4 1
! 96015 -44554 200
! 101598 -32392 0
> 10473 3132 273 12 108 1
> 9622 3242 307 -276 -172 1
> 8992 3850 278 10 -29 1
> 9151 5012 230 -47 -22 1
! 4595 11222 0 sims=320383 RUNNER
! -226 4978 0 sims=320383 BLOCKER
> 10473 3132 273 12 108 1
> 9622 3242 307 -276 -172 1
> 8992 3850 278 10 -29 1
> 9151 5012 230 -47 -22 1
! 96453 -44631 200
! 101869 -32448 0
> 10746 3144 232 10 126 1
> 9929 2966 260 -234 -190 1
> 9445 3763 384 -73 -29 1
> 9381 4965 195 -39 -22 1
! 2656 9022 200 sims=294049 RUNNER
! 1100 7661 200 sims=294049 BLOCKER
> 10746 3144 232 10 126 1
> 9929 2966 260 -234 -190 1
> 9445 3763 384 -73 -29 1
> 9381 4965 195 -39 -22 1
! 107607 -15318 200
! 85985 -59313 200
> 10816 3272 59 108 144 1
> 10012 2826 70 -119 -208 1
> 10025 3652 493 -94 -11 1
> 9729 4797 295 -142 -40 1
! 2726 9150 SHIELD sims=332269 RUNNER
! 3065 10019 200 sims=332269 BLOCKER
> 10816 3272 59 108 144 1
> 10012 2826 70 -119 -208 1
> 10025 3652 493 -94 -11 1
> 9729 4797 295 -142 -40 1
! 108187 -15429 SHIELD
! 62720 -80007 0
> 11236 3206 416 -84 144 2
> 9943 2851 -58 21 134 1
> 10157 3732 52 96 -11 1
> 10024 4655 250 -120 -58 1
! 5358 11296 0 sims=340970 RUNNER
! 5559 11839 200 sims=340970 BLOCKER
> 11236 3206 416 -84 144 2
> 9943 2851 -58 21 134 1
> 10157 3732 52 96 -11 1
> 10024 4655 250 -120 -58 1
! 97618 -44749 SHIELD
! 86628 -59623 SHIELD
> 11652 3122 353 -71 126 2
> 9795 3048 -262 -61 116 1
> 10212 3734 62 -82 -29 1
> 10272 4630 207 85 -40 1
! 8562 12633 0 sims=332948 RUNNER
! 8403 12951 200 sims=332948 BLOCKER
> 11652 3122 353 -71 126 2
> 9795 3048 -262 -61 116 1
> 10212 3734 62 -82 -29 1
> 10272 4630 207 85 -40 1
! 108374 -15347 0
! 63263 -80174 0
> 12005 3051 300 -60 108 2
> 9505 3185 -246 116 98 1
> 10274 3652 52 -69 -11 1
> 10479 4715 175 72 -58 1
! 12005 13051 0 sims=354984 RUNNER
! 8113 13088 200 sims=354984 BLOCKER
> 12005 3051 300 -60 108 2
> 9505 3185 -246 116 98 1
> 10274 3652 52 -69 -11 1
> 10479 4715 175 72 -58 1
! 97735 -44829 0
! 87083 -59563 0
> 12305 2991 255 -51 90 2
> 9231 3499 -232 266 98 1
> 10326 3583 44 -58 -29 1
> 10654 4787 148 61 -40 1
! 15395 12502 200 sims=357854 RUNNER
! 4847 12487 0 sims=357854 BLOCKER
> 12305 2991 255 -51 90 2
> 9231 3499 -232 266 98 1
> 10326 3583 44 -58 -29 1
> 10654 4787 148 61 -40 1
! 97787 -44898 0
! 103372 -32673 0
> 12622 3130 269 118 72 2
> 8999 3765 -197 226 116 1
> 10370 3525 37 -49 -29 1
> 10802 4848 125 51 -22 1
! 12622 13130 200 sims=376152 RUNNER
! 7607 13668 0 sims=376152 BLOCKER
> 12622 3130 269 118 72 2
> 8999 3765 -197 226 116 1
> 10370 3525 37 -49 -29 1
> 10802 4848 125 51 -22 1
! 97831 -44956 200
! 110558 -2127 0
> 12891 3448 228 270 90 2
> 8802 3991 -167 192 98 1
> 10582 3379 180 -124 -29 1
> 10927 4899 106 43 -4 1
! 9801 12959 200 sims=384230 RUNNER
! 4418 12979 0 sims=384230 BLOCKER
> 12891 3448 228 270 90 2
> 8802 3991 -167 192 98 1
> 10582 3379 180 -124 -29 1
> 10927 4899 106 43 -4 1
! 108744 -15702 200
! 107956 29091 0
> 13057 3908 141 391 108 2
> 8635 4183 -141 163 116 1
> 10958 3217 319 -137 -11 2
> 11033 4942 90 36 14 1
! 9967 13419 200 sims=390614 RUNNER
! 7243 14086 0 sims=390614 BLOCKER
> 13057 3908 141 391 108 2
> 8635 4183 -141 163 116 1
> 10958 3217 319 -137 -11 2
> 11033 4942 90 36 14 1
! 110212 15403 0
! 95837 57933 200
> 13136 4489 67 494 108 2
> 8494 4346 -119 138 98 1
> 11277 3080 271 -116 7 2
> 11293 5084 220 120 32 1
! 13136 14489 200 sims=396193 RUNNER
! 4110 13334 0 sims=396193 BLOCKER
> 13136 4489 67 494 108 2
> 8494 4346 -119 138 98 1
> 11277 3080 271 -116 7 2
> 11293 5084 220 120 32 1
! 101907 45341 0
! 75571 81688 200
> 13203 5183 56 589 90 2
> 8375 4484 -101 117 116 1
> 11548 2964 230 -98 25 2
> 11642 5357 296 232 50 1
! 10113 14694 200 sims=391734 RUNNER
! 6983 14387 0 sims=391734 BLOCKER
> 13203 5183 56 589 90 2
> 8375 4484 -101 117 116 1
> 11548 2964 230 -98 25 2
> 11642 5357 296 232 50 1
! 84683 71163 0
! 49102 98075 200
> 13197 5962 -4 662 108 2
> 8274 4601 -85 99 98 1
> 11778 2866 195 -83 43 2
> 12013 5774 315 354 68 1
! 10107 15473 200 sims=372519 RUNNER
! 10010 14449 0 sims=372519 BLOCKER
> 13197 5962 -4 662 108 2
> 8274 4601 -85 99 98 1
> 11778 2866 195 -83 43 2
> 12013 5774 315 354 68 1
! 60258 90327 0
! 18988 105530 200
> 13131 6814 -55 724 108 2
> 8189 4700 -72 84 80 1
> 11973 2783 165 -70 61 2
> 12342 6328 279 470 86 1
! 7253 14904 200 sims=379589 RUNNER
! 6797 14603 0 sims=379589 BLOCKER
> 13131 6814 -55 724 108 2
> 8189 4700 -72 84 80 1
> 11973 2783 165 -70 61 2
> 12342 6328 279 470 86 1
! 31053 100945 0
! -11850 103357 200
> 12958 7700 -146 752 126 2
> 8117 4784 -61 71 98 1
> 12138 2713 140 -59 79 2
> 12573 6992 196 564 104 1
! 7080 15790 200 sims=399189 RUNNER
! 3733 13772 0 sims=399189 BLOCKER
> 12958 7700 -146 752 126 2
> 8117 4784 -61 71 98 1
> 12138 2713 140 -59 79 2
> 12573 6992 196 564 104 1
! -48 101967 0
! -40418 91796 200
> 12694 8614 -224 776 126 2
> 8056 4855 -51 60 116 1
> 12278 2654 119 -50 97 2
> 12663 7726 76 623 122 1
! 4604 14492 0 sims=394408 RUNNER
! 6664 14758 0 sims=394408 BLOCKER
> 12694 8614 -224 776 126 2
> 8056 4855 -51 60 116 1
> 12278 2654 119 -50 97 2
> 12663 7726 76 623 122 1
! -29983 93284 200
! -63941 72004 0
> 12470 9390 -190 659 144 2
> 8005 4915 -43 51 98 1
> 12312 2785 29 111 115 2
> 12739 8349 64 529 140 1
! 2959 12480 200 sims=359807 RUNNER
! 9741 14763 0 sims=359807 BLOCKER
> 12470 9390 -190 659 144 2
> 8005 4915 -43 51 98 1
> 12312 2785 29 111 115 2
> 12739 8349 64 529 140 1
! -55887 75920 200
! -79979 45809 200
> 12090 10111 -323 612 162 2
> 7962 4966 -36 43 80 1
> 12205 3042 -91 218 133 2
> 12618 8953 -103 513 158 1
! 2090 10111 200 sims=358211 RUNNER
! 6570 14869 0 sims=358211 BLOCKER
> 12090 10111 -323 612 162 2
> 7962 4966 -36 43 80 1
> 12205 3042 -91 218 133 2
> 12618 8953 -103 513 158 1
! -75256 51523 200
! -87138 15928 200
> 11567 10723 -444 520 180 2
> 7926 5009 -30 36 98 1
> 11939 3357 -226 267 151 2
> 12315 9480 -257 447 176 1
! 2056 7633 200 sims=250278 RUNNER
! 9662 14857 0 sims=250278 BLOCKER
> 11567 10723 -444 520 180 2
> 7926 5009 -30 36 98 1
> 11939 3357 -226 267 151 2
> 12315 9480 -257 447 176 1
! -75522 51838 200
! -84714 -14712 200
> 10933 11181 -539 389 -162 2
> 7896 5045 -25 30 80 1
> 11538 3721 -340 309 151 2
> 11864 9879 -383 338 194 1
! 2843 5303 200 sims=340634 RUNNER
! 12591 13874 0 sims=340634 BLOCKER
> 10933 11181 -539 389 -162 2
> 7896 5045 -25 30 80 1
> 11538 3721 -340 309 151 2
> 11864 9879 -383 338 194 1
! -86624 22801 200
! -72940 -43112 200
> 10232 11452 -595 230 -144 2
> 7871 5075 -21 25 62 1
> 11002 4068 -455 295 169 2
> 11311 10111 -469 197 -148 1
! 4354 3362 200 sims=382893 RUNNER
! 15064 12022 0 sims=382893 BLOCKER
> 10232 11452 -595 230 -144 2
> 7871 5075 -21 25 62 1
> 11002 4068 -455 295 169 2
> 11311 10111 -469 197 -148 1
! -76459 52549 200
! -73493 -42880 200
> 9519 11520 -605 57 -126 2
> 7850 5100 -17 21 44 1
> 10372 4460 -535 333 151 2
> 10672 10202 -542 77 -148 1
! 6429 2009 200 sims=371749 RUNNER
! 16838 9484 200 sims=371749 BLOCKER
> 9519 11520 -605 57 -126 2
> 7850 5100 -17 21 44 1
> 10372 4460 -535 333 151 2
> 10672 10202 -542 77 -148 1
! -77089 52941 200
! -86357 -13990 200
> 8852 11387 -566 -113 -108 2
> 8013 5209 138 92 26 1
> 9662 4890 -603 365 151 2
> 9936 10231 -625 24 -166 1
! 8852 1387 0 sims=323666 RUNNER
! 17001 9593 200 sims=323666 BLOCKER
> 8852 11387 -566 -113 -108 2
> 8013 5209 138 92 26 1
> 9662 4890 -603 365 151 2
> 9936 10231 -625 24 -166 1
! -88500 23970 0
! -87093 -13961 0
> 8286 11274 -481 -96 -90 2
> 8272 5400 -514 297 26 1
> 9118 5244 272 165 169 2
> 9311 10255 -531 20 -166 1
! 11376 1763 0 sims=328790 RUNNER
! 18175 6792 200 sims=328790 BLOCKER
> 8286 11274 -481 -96 -90 2
> 8272 5400 -514 297 26 1
> 9118 5244 272 165 169 2
> 9311 10255 -531 20 -166 1
! -89044 24324 BOOST
! -87718 -13937 0
> 7805 11178 -408 -81 -72 2
> 7956 5725 -268 276 8 1
> 8752 5533 -311 245 169 2
> 8780 10275 -451 17 -166 1
! 7805 1178 200 sims=276346 RUNNER
! 17804 3989 200 sims=276346 BLOCKER
> 7805 11178 -408 -81 -72 2
> 7956 5725 -268 276 8 1
> 8752 5533 -311 245 169 2
> 8780 10275 -451 17 -166 1
! -78709 54014 200
! -76024 -42716 0
> 7397 10897 -346 -238 -90 2
> 7488 6062 -413 290 -10 1
> 8663 5779 -60 205 151 2
> 8329 10292 -383 14 -148 1
! 10487 1386 200 sims=307657 RUNNER
! 17336 4326 200 sims=307657 BLOCKER
> 7397 10897 -346 -238 -90 2
> 7488 6062 -413 290 -10 1
> 8663 5779 -60 205 151 2
> 8329 10292 -383 14 -148 1
! -89499 24859 200
! -76475 -42699 200
> 7036 10505 -538 -223 -72 2
> 7272 6317 -183 216 -10 1
> 8407 6022 -217 206 169 2
> 7853 10163 -172 -219 -148 1
! 12914 2415 200 sims=317205 RUNNER
! 16101 1622 200 sims=317205 BLOCKER
> 7036 10505 -538 -223 -72 2
> 7272 6317 -183 216 -10 1
> 8407 6022 -217 206 169 2
> 7853 10163 -172 -219 -148 1
! -79054 54503 200
! -56425 -66441 0
> 6616 10120 -357 -327 -54 2
> 7224 6446 -349 161 -28 1
> 8056 6318 10 199 151 2
> 7681 9944 -146 -186 -130 1
! 14706 4242 0 sims=327117 RUNNER
! 14171 -747 0 sims=327117 BLOCKER
> 6616 10120 -357 -327 -54 2
> 7224 6446 -349 161 -28 1
> 8056 6318 10 199 151 2
> 7681 9944 -146 -186 -130 1
! -90106 25398 200
! -77123 -43047 200
> 6259 9793 -303 -277 -36 2
> 6875 6607 -296 136 -46 1
> 7870 6555 -158 201 169 0
> 7365 9652 -268 -248 -148 1
! 15770 6703 0 sims=304003 RUNNER
! 15704 1912 200 sims=304003 BLOCKER
> 6259 9793 -303 -277 -36 2
> 6875 6607 -296 136 -46 1
> 7870 6555 -158 201 169 0
> 7365 9652 -268 -248 -148 1
! -91384 -5631 200
! -77439 -43339 0
> 5956 9516 -257 -235 -18 2
> 6717 6646 -299 20 -28 1
> 7553 6735 -105 164 -173 0
> 7097 9404 -227 -210 -148 1
! 15956 9516 0 sims=318073 RUNNER
! 16565 4910 200 sims=318073 BLOCKER
> 5956 9516 -257 -235 -18 2
> 6717 6646 -299 20 -28 1
> 7553 6735 -105 164 -173 0
> 7097 9404 -227 -210 -148 1
! -91701 -5451 200
! -89932 -14788 0
> 5699 9281 -218 -199 0 2
> 6456 6606 -261 -39 -10 1
> 7408 6900 -83 146 -173 0
> 6870 9194 -192 -178 -166 1
! 15210 6191 200 sims=219282 RUNNER
! 16359 7998 200 sims=219282 BLOCKER
> 5699 9281 -218 -199 0 2
> 6456 6606 -261 -39 -10 1
> 7408 6900 -83 146 -173 0
> 6870 9194 -192 -178 -166 1
! -90754 25980 200
! -92886 16169 0
> 5671 9020 -23 -221 -18 2
> 6393 6595 -53 -9 8 1
> 7129 7084 -237 156 169 0
> 6678 9016 -163 -151 176 1
! 13761 3142 200 sims=311710 RUNNER
! 15381 10979 200 sims=311710 BLOCKER
> 5671 9020 -23 -221 -18 2
> 6393 6595 -53 -9 8 1
> 7129 7084 -237 156 169 0
> 6678 9016 -163 -151 176 1
! -92125 -5102 200
! -90351 -15176 200
> 5530 8662 -293 -315 -36 2
> 6265 6470 -161 -148 26 1
> 6948 7419 -100 327 -173 0
> 6601 8836 107 -141 -166 1
! 13620 2784 200 sims=200851 RUNNER
! 16168 7862 0 sims=200851 BLOCKER
> 5530 8662 -293 -315 -36 2
> 6265 6470 -161 -148 26 1
> 6948 7419 -100 327 -173 0
> 6601 8836 107 -141 -166 1
! -83682 -34842 200
! -78203 -44155 200
> 5399 8229 -111 -367 -36 2
> 6104 6322 -136 -125 8 1
> 6667 7661 -239 206 -155 0
> 6538 8589 -53 -209 -148 1
! 14910 5139 200 sims=281134 RUNNER
! 15092 10706 0 sims=281134 BLOCKER
> 5399 8229 -111 -367 -36 2
> 6104 6322 -136 -125 8 1
> 6667 7661 -239 206 -155 0
> 6538 8589 -53 -209 -148 1
! -92587 -4525 200
! -57740 -68015 0
> 5463 7805 -385 -230 -18 2
> 5968 6197 -115 -106 26 1
> 6246 7575 82 -313 -173 0
> 6484 8644 -46 155 -130 1
! 15463 7805 200 sims=302526 RUNNER
! 13161 13144 200 sims=302526 BLOCKER
> 5463 7805 -385 -230 -18 2
> 5968 6197 -115 -106 26 1
> 6246 7575 82 -313 -173 0
> 6484 8644 -46 155 -130 1
! -84384 -34686 200
! -30976 -84074 200
> 5278 7575 -157 -195 0 2
> 5997 6230 24 27 44 1
> 6147 7177 -84 -337 -155 0
> 6363 8614 -102 -25 -112 1
! 14789 4485 200 sims=308105 RUNNER
! 13190 13177 SHIELD sims=308105 BLOCKER
> 5278 7575 -157 -195 0 2
> 5997 6230 24 27 44 1
> 6147 7177 -84 -337 -155 0
> 6363 8614 -102 -25 -112 1
! -84483 -35084 200
! -31097 -84104 200
> 5086 7421 -360 -40 -18 2
> 6017 6200 15 -49 44 1
> 6145 7219 212 184 -155 0
> 6186 8404 -150 -178 -112 1
! 13176 1543 200 sims=307664 RUNNER
! 10712 15029 0 sims=307664 BLOCKER
> 5086 7421 -360 -40 -18 2
> 6017 6200 15 -49 44 1
> 6145 7219 212 184 -155 0
> 6186 8404 -150 -178 -112 1
! -84485 -35042 200
! -789 -91352 200
> 4888 7263 -168 -133 -36 2
> 6032 6151 12 -41 62 1
> 6187 7242 82 -287 -155 0
> 6011 8103 -195 50 -94 1
! 14399 4173 200 sims=303030 RUNNER
! 10727 14980 0 sims=303030 BLOCKER
> 4888 7263 -168 -133 -36 2
> 6032 6151 12 -41 62 1
> 6187 7242 82 -287 -155 0
> 6011 8103 -195 50 -94 1
! -66948 -60957 200
! 30203 -88926 200
> 4910 7068 18 -165 -18 2
> 6034 6024 -29 -362 62 1
> 6133 6905 -15 -31 -137 0
> 5864 7959 -124 -122 -76 1
! 14910 7068 200 sims=290563 RUNNER
! 7770 15872 0 sims=290563 BLOCKER
> 4910 7068 18 -165 -18 2
> 6034 6024 -29 -362 62 1
> 6133 6905 -15 -31 -137 0
> 5864 7959 -124 -122 -76 1
! -42348 -80556 200
! 30056 -89070 0
> 5128 6903 185 -140 0 2
> 6005 5662 -24 -307 80 1
> 6021 6699 -95 -175 -119 0
> 5740 7837 -105 -103 -76 1
! 15128 6903 200 sims=276227 RUNNER
! 7741 15510 200 sims=276227 BLOCKER
> 5128 6903 185 -140 0 2
> 6005 5662 -24 -307 80 1
> 6021 6699 -95 -175 -119 0
> 5740 7837 -105 -103 -76 1
! -42460 -80762 200
! -1235 -91919 200
> 5162 6879 -199 -188 0 2
> 6004 5447 -25 -398 80 1
> 6191 6337 259 -121 -119 0
> 5621 7535 37 -58 -94 1
! 14673 9969 0 sims=328069 RUNNER
! 10699 14276 200 sims=328069 BLOCKER
> 5162 6879 -199 -188 0 2
> 6004 5447 -25 -398 80 1
> 6191 6337 259 -121 -119 0
> 5621 7535 37 -58 -94 1
! -66944 -61862 200
! -31839 -85183 200
> 4963 6691 -169 -159 18 2
> 6073 5226 58 -188 62 1
> 6304 6080 95 -218 -137 0
> 5583 7292 -32 -206 -112 1
! 13053 12569 0 sims=334628 RUNNER
! 13266 12173 200 sims=334628 BLOCKER
> 4963 6691 -169 -159 18 2
> 6073 5226 58 -188 62 1
> 6304 6080 95 -218 -137 0
> 5583 7292 -32 -206 -112 1
! -66831 -62119 200
! -58695 -69312 0
> 4794 6532 -143 -135 36 2
> 6217 4914 107 -334 44 1
> 6310 5988 20 -8 -137 0
> 5551 7086 -27 -175 -130 1
! 14305 9622 200 sims=289226 RUNNER
! 15205 9298 200 sims=289226 BLOCKER
> 4794 6532 -143 -135 36 2
> 6217 4914 107 -334 44 1
> 6310 5988 20 -8 -137 0
> 5551 7086 -27 -175 -130 1
! -84320 -36273 200
! -79253 -45905 0
> 4841 6459 40 -62 18 2
> 6504 4668 243 -209 26 1
> 6149 5895 -137 -78 -155 1
> 5524 6911 -22 -148 -148 1
! 12931 12337 200 sims=288470 RUNNER
! 16407 6060 200 sims=288470 BLOCKER
> 4841 6459 40 -62 18 2
> 6504 4668 243 -209 26 1
> 6149 5895 -137 -78 -155 1
> 5524 6911 -22 -148 -148 1
! -66986 -62304 0
! -79280 -46080 200
> 4642 6251 -182 -186 36 2
> 6945 4487 374 -153 8 1
> 6012 5817 -116 -66 -137 1
> 5733 6921 191 17 -148 1
! 14153 9341 200 sims=382011 RUNNER
! 16793 2751 0 sims=382011 BLOCKER
> 4642 6251 -182 -186 36 2
> 6945 4487 374 -153 8 1
> 6012 5817 -116 -66 -137 1
> 5733 6921 191 17 -148 1
! -42469 -81644 0
! -91296 -17271 0
> 4650 6127 6 -105 18 2
> 7319 4334 317 -130 -10 1
> 5896 5751 -98 -56 -119 1
> 5924 6938 162 14 -166 1
! 14161 9217 200 sims=372379 RUNNER
! 16148 -361 0 sims=372379 BLOCKER
> 4650 6127 6 -105 18 2
> 7319 4334 317 -130 -10 1
> 5896 5751 -98 -56 -119 1
> 5924 6938 162 14 -166 1
! -13184 -92411 0
! -78880 -46053 0
> 4846 6084 166 -36 18 2
> 7636 4204 269 -110 -28 1
> 5798 5695 -83 -47 -101 1
> 6086 6952 137 11 -148 1
! 12936 11962 200 sims=358239 RUNNER
! 17484 2468 0 sims=358239 BLOCKER
> 4846 6084 166 -36 18 2
> 7636 4204 269 -110 -28 1
> 5798 5695 -83 -47 -101 1
> 6086 6952 137 11 -148 1
! 17984 -93559 0
! -78718 -46039 200
> 5130 6199 112 197 36 2
> 7905 4094 228 -93 -10 1
> 5759 5614 95 -168 -83 1
> 6053 6857 -27 -80 -148 1
! 14641 9289 200 sims=357616 RUNNER
! 16734 -601 0 sims=357616 BLOCKER
> 5130 6199 112 197 36 2
> 7905 4094 228 -93 -10 1
> 5759 5614 95 -168 -83 1
> 6053 6857 -27 -80 -148 1
! 48020 -85016 200
! -90976 -17335 0
> 5324 6392 -75 19 18 2
> 8133 4001 193 -79 -28 1
> 5939 5265 152 -296 -65 1
> 6134 6842 309 132 -166 1
! 15324 6392 200 sims=352632 RUNNER
! 17981 2265 0 sims=352632 BLOCKER
> 5324 6392 -75 19 18 2
> 8133 4001 193 -79 -28 1
> 5939 5265 152 -296 -65 1
> 6134 6842 309 132 -166 1
! 74138 -67870 0
! -78670 -46149 200
> 5449 6411 106 16 0 2
> 8326 3922 164 -67 -10 1
> 6091 4969 129 -251 -47 1
> 6273 6868 118 22 -148 1
! 14960 9501 200 sims=337645 RUNNER
! 17155 -773 0 sims=337645 BLOCKER
> 5449 6411 106 16 0 2
> 8326 3922 164 -67 -10 1
> 6091 4969 129 -251 -47 1
> 6273 6868 118 22 -148 1
! 93552 -43512 200
! -78531 -46123 200
> 5537 6370 -30 -95 18 2
> 8490 3855 139 -56 -28 1
> 6395 4621 258 -295 -29 1
> 6430 6903 238 89 -148 1
! 15048 9460 200 sims=344442 RUNNER
! 15437 -3338 0 sims=344442 BLOCKER
> 5537 6370 -30 -95 18 2
> 8490 3855 139 -56 -28 1
> 6395 4621 258 -295 -29 1
> 6430 6903 238 89 -148 1
! 104557 -14460 200
! -78374 -46088 200
> 5697 6337 136 -28 18 2
> 8629 3799 118 -47 -46 1
> 6849 4288 386 -283 -11 1
> 6498 6886 58 -14 -148 1
! 13787 12215 200 sims=324436 RUNNER
! 13013 -5189 0 sims=324436 BLOCKER
> 5697 6337 136 -28 18 2
> 8629 3799 118 -47 -46 1
> 6849 4288 386 -283 -11 1
> 6498 6886 58 -14 -148 1
! 106103 16474 200
! -57780 -69718 200
> 5765 6270 -62 -139 36 2
> 8747 3752 100 -39 -64 1
> 7434 4029 496 -219 7 1
> 6657 6876 255 73 -130 1
! 13855 12148 200 sims=343924 RUNNER
! 10139 -6151 0 sims=343924 BLOCKER
> 5765 6270 -62 -139 36 2
> 8747 3752 100 -39 -64 1
> 7434 4029 496 -219 7 1
> 6657 6876 255 73 -130 1
! 98064 46290 200
! -78147 -46115 200
> 5865 6249 84 -18 36 2
> 8888 3703 567 -149 -82 1
> 8070 3904 93 2 25 1
> 6742 6843 72 -28 -148 1
! 13955 12127 200 sims=341593 RUNNER
! 7152 -6145 0 sims=341593 BLOCKER
> 5865 6249 84 -18 36 2
> 8888 3703 567 -149 -82 1
> 8070 3904 93 2 25 1
> 6742 6843 72 -28 -148 1
! 107324 16090 200
! -78062 -46148 200
> 5982 6261 -83 -113 36 2
> 9455 3554 481 -126 -100 1
> 8362 3930 247 22 7 1
> 6774 6796 209 83 -148 1
! 14072 12139 200 sims=331485 RUNNER
! 4760 -5275 0 sims=331485 BLOCKER
> 5982 6261 -83 -113 36 2
> 9455 3554 481 -126 -100 1
> 8362 3930 247 22 7 1
> 6774 6796 209 83 -148 1
! 106524 -15150 200
! -78030 -46195 200
> 6061 6266 66 3 36 2
> 9936 3428 408 -107 -118 1
> 8805 3914 376 -13 -11 1
> 6813 6773 33 -19 -148 1
! 14151 12144 200 sims=312648 RUNNER
! 2743 -3519 0 sims=312648 BLOCKER
> 6061 6266 66 3 36 2
> 9936 3428 408 -107 -118 1
> 8805 3914 376 -13 -11 1
> 6813 6773 33 -19 -148 1
! 96266 -44567 200
! -77991 -46218 200
> 6013 6201 -116 -106 36 2
> 10344 3321 346 -90 -136 1
> 9356 3804 468 -93 -29 1
> 6952 6834 193 102 -148 1
! 14103 12079 200 sims=338233 RUNNER
! 1356 -1063 200 sims=338233 BLOCKER
> 6013 6201 -116 -106 36 2
> 10344 3321 346 -90 -136 1
> 9356 3804 468 -93 -29 1
> 6952 6834 193 102 -148 1
! 77555 -69331 200
! -77852 -46157 200
> 6059 6213 38 9 36 2
> 10602 3084 425 -337 -154 1
> 9869 3625 229 -16 -47 1
> 6975 6830 19 -3 -148 1
! 14149 12091 200 sims=340501 RUNNER
! 699 1692 200 sims=340501 BLOCKER
> 6059 6213 38 9 36 2
> 10602 3084 425 -337 -154 1
> 9869 3625 229 -16 -47 1
> 6975 6830 19 -3 -148 1
! 52130 -87005 200
! -77829 -46161 200
> 6161 6274 -127 -93 36 2
> 10829 2719 192 -310 -172 2
> 10183 3428 266 -167 -65 1
> 6922 6787 169 107 -148 1
! 15672 9364 200 sims=345569 RUNNER
! 981 4455 200 sims=345569 BLOCKER
> 6161 6274 -127 -93 36 2
> 10829 2719 192 -310 -172 2
> 10183 3428 266 -167 -65 1
> 6922 6787 169 107 -148 1
! 52444 -87202 200
! -77882 -46204 200
> 6224 6243 53 -26 18 2
> 10884 2353 116 -416 -190 2
> 10473 3171 177 -113 -65 1
> 6921 6788 0 0 -148 1
! 14314 12121 200 sims=347501 RUNNER
! 1036 4089 200 sims=347501 BLOCKER
> 6224 6243 53 -26 18 2
> 10884 2353 116 -416 -190 2
> 10473 3171 177 -113 -65 1
> 6921 6788 0 0 -148 1
! 78672 -69964 200
! -57357 -69816 200
> 6175 6126 -98 -144 36 2
> 10803 1972 -68 -324 170 2
> 10786 2912 266 -220 -47 2
> 7056 6843 171 91 -130 1
! 14265 12004 200 sims=347130 RUNNER
! 1974 6667 200 sims=347130 BLOCKER
> 6175 6126 -98 -144 36 2
> 10803 1972 -68 -324 170 2
> 10786 2912 266 -220 -47 2
> 7056 6843 171 91 -130 1
! 53047 -87718 200
! -57222 -69761 200
> 6239 6100 54 -22 36 2
> 10558 1742 -207 -195 152 2
> 11137 2511 297 -341 -65 2
> 7098 6781 36 -52 -130 1
! 12117 14190 200 sims=369320 RUNNER
! 3611 8935 200 sims=369320 BLOCKER
> 6239 6100 54 -22 36 2
> 10558 1742 -207 -195 152 2
> 11137 2511 297 -341 -65 2
> 7098 6781 36 -52 -130 1
! 23323 -96743 0
! -77706 -46210 200
> 6308 6165 -143 -93 54 2
> 10212 1691 -294 -43 134 2
> 11434 2170 252 -289 -83 2
> 7067 6698 175 77 -148 1
! 14398 12043 200 sims=374997 RUNNER
! 5828 10679 200 sims=374997 BLOCKER
> 6308 6165 -143 -93 54 2
> 10212 1691 -294 -43 134 2
> 11434 2170 252 -289 -83 2
> 7067 6698 175 77 -148 1
! -7647 -95992 0
! -77737 -46293 200
> 6327 6190 15 20 36 2
> 9830 1828 -324 116 116 2
> 11686 1881 214 -245 -101 2
> 7072 6669 4 -24 -148 1
! 15838 9280 200 sims=352072 RUNNER
! 8438 11731 200 sims=352072 BLOCKER
> 6327 6190 15 20 36 2
> 9830 1828 -324 116 116 2
> 11686 1881 214 -245 -101 2
> 7072 6669 4 -24 -148 1
! -36795 -85580 0
! -77732 -46322 200
> 6247 6086 -129 -128 18 2
> 9478 2142 -299 266 98 2
> 11900 1636 181 -208 -119 2
> 7192 6725 162 87 -148 1
! 14337 11964 200 sims=358841 RUNNER
! 8086 12045 200 sims=358841 BLOCKER
> 6247 6086 -129 -128 18 2
> 9478 2142 -299 266 98 2
> 11900 1636 181 -208 -119 2
> 7192 6725 162 87 -148 1
! -61235 -66563 0
! -57086 -69879 200
> 6280 6076 27 -8 36 2
> 9151 2606 -277 394 98 2
> 12081 1428 153 -176 -137 2
> 7225 6659 28 -56 -130 1
! 14370 11954 200 sims=339458 RUNNER
! 7759 12509 200 sims=339458 BLOCKER
> 6280 6076 27 -8 36 2
> 9151 2606 -277 394 98 2
> 12081 1428 153 -176 -137 2
> 7225 6659 28 -56 -130 1
! -78549 -40833 0
! -77579 -46332 200
> 6371 6132 -152 -78 36 2
> 8846 3198 -259 503 98 2
> 12234 1252 130 -149 -155 2
> 7181 6550 193 33 -148 1
! 15882 9222 200 sims=347655 RUNNER
! 7454 13101 200 sims=347655 BLOCKER
> 6371 6132 -152 -78 36 2
> 8846 3198 -259 503 98 2
> 12234 1252 130 -149 -155 2
> 7181 6550 193 33 -148 1
! -87020 -10934 200
! -89848 -17642 0
> 6409 6116 32 -13 18 2
> 8559 3899 -243 595 98 2
> 12165 1079 -58 -147 -173 2
> 7374 6583 164 28 -166 1
! 14499 11994 200 sims=325668 RUNNER
! 7167 13802 200 sims=325668 BLOCKER
> 6409 6116 32 -13 18 2
> 8559 3899 -243 595 98 2
> 12165 1079 -58 -147 -173 2
> 7374 6583 164 28 -166 1
! -85997 20159 200
! -92382 13558 200
> 6603 6221 164 88 36 2
> 8288 4692 -230 674 98 2
> 11911 970 -216 -92 169 2
> 7338 6625 -30 35 176 1
! 16114 9311 0 sims=322182 RUNNER
! 3904 13680 200 sims=322182 BLOCKER
> 6603 6221 164 88 36 2
> 8288 4692 -230 674 98 2
> 11911 970 -216 -92 169 2
> 7338 6625 -30 35 176 1
! -75550 49451 200
! -89691 -17567 200
> 6463 6137 -147 -87 18 2
> 7970 5546 -270 725 116 2
> 11520 975 -332 4 151 2
> 7418 6783 96 150 -166 1
! 14553 12015 200 sims=378567 RUNNER
! 3586 14534 SHIELD sims=378567 BLOCKER
> 6463 6137 -147 -87 18 2
> 7970 5546 -270 725 116 2
> 11520 975 -332 4 151 2
> 7418 6783 96 150 -166 1
! -56679 74110 200
! -77386 -46208 0
> 6478 6168 12 25 36 2
> 7706 6251 -197 519 116 2
> 11052 1125 -398 127 133 2
> 7450 7128 -235 1097 -148 1
! 15989 9258 0 sims=403557 RUNNER
! 759 13444 0 sims=403557 BLOCKER
> 6478 6168 12 25 36 2
> 7706 6251 -197 519 116 2
> 11052 1125 -398 127 133 2
> 7450 7128 -235 1097 -148 1
! -57147 74260 200
! -89579 -17064 200
> 6490 6193 10 21 18 2
> 7509 6770 -167 441 134 0
> 10518 1398 -454 232 133 2
> 7021 8177 -364 891 -166 1
! 16490 6193 0 sims=397222 BLOCKER
! -1320 11465 0 sims=397222 RUNNER
> 6490 6193 10 21 18 2
> 7509 6770 -167 441 134 0
> 10518 1398 -454 232 133 2
> 7021 8177 -364 891 -166 1
! -31743 92028 200
! -77783 -44814 200
> 6500 6214 8 17 0 2
> 7342 7211 -141 374 152 0
> 9979 1811 -457 351 115 2
> 6487 8962 -453 667 -148 1
! 16011 3124 0 sims=378315 BLOCKER
! -2506 8947 0 sims=378315 RUNNER
> 6500 6214 8 17 0 2
> 7342 7211 -141 374 152 0
> 9979 1811 -457 351 115 2
> 6487 8962 -453 667 -148 1
! -58220 74946 200
! -57791 -67642 0
> 6508 6231 6 14 -18 2
> 7201 7585 -119 317 170 0
> 9386 2308 -504 422 133 2
> 6034 9629 -385 566 -130 1
! 14598 353 0 sims=377657 BLOCKER
! -2702 6193 0 sims=377657 RUNNER
> 6508 6231 6 14 -18 2
> 7201 7585 -119 317 170 0
> 9386 2308 -504 422 133 2
> 6034 9629 -385 566 -130 1
! -32875 92938 200
! -78770 -43362 0
> 6514 6245 5 11 -36 2
> 7082 7902 -101 269 188 0
> 8797 2911 -500 512 115 2
> 5649 10195 -327 481 -148 1
! 12392 -1845 200 sims=369348 BLOCKER
! -1906 3518 0 sims=369348 RUNNER
> 6514 6245 5 11 -36 2
> 7082 7902 -101 269 188 0
> 8797 2911 -500 512 115 2
> 5649 10195 -327 481 -148 1
! -59402 76046 0
! -58629 -66409 0
> 6637 6094 104 -128 -54 2
> 6981 8171 -85 228 206 0
> 8297 3423 -425 435 133 2
> 5322 10676 -277 408 -130 1
! 9727 -3417 200 sims=383607 BLOCKER
! -212 1224 200 sims=383607 RUNNER
> 6637 6094 104 -128 -54 2
> 6981 8171 -85 228 206 0
> 8297 3423 -425 435 133 2
> 5322 10676 -277 408 -130 1
! -33964 94053 200
! -32138 -82042 200
> 6803 5776 140 -270 -72 2
> 6752 8260 -194 75 224 0
> 7787 4039 -433 523 115 2
> 4970 10899 -299 189 -112 1
! 12681 -2314 200 sims=370860 BLOCKER
! 2057 -569 200 sims=370860 RUNNER
> 6803 5776 140 -270 -72 2
> 6752 8260 -194 75 224 0
> 7787 4039 -433 523 115 2
> 4970 10899 -299 189 -112 1
! -4399 103293 200
! -2005 -88857 0
> 6991 5486 -286 663 -54 2
> 6464 8158 -244 -86 -118 0
> 7399 4619 116 -417 97 2
> 4671 11088 -254 160 -94 1
! 12869 -2604 200 sims=361823 BLOCKER
! 4728 -1690 200 sims=361823 RUNNER
> 6991 5486 -286 663 -54 2
> 6464 8158 -244 -86 -118 0
> 7399 4619 116 -417 97 2
> 4671 11088 -254 160 -94 1
! -34862 95249 200
! 28863 -85941 200
> 6823 5987 -143 426 -54 2
> 6185 7875 -236 -240 -100 0
> 7430 4383 26 -200 115 2
> 4465 11054 -174 -28 -76 1
! 12701 -2103 200 sims=350476 BLOCKER
! 7577 -2028 200 sims=350476 RUNNER
> 6823 5987 -143 426 -54 2
> 6185 7875 -236 -240 -100 0
> 7430 4383 26 -200 115 2
> 4465 11054 -174 -28 -76 1
! -4756 103637 200
! 57456 -73750 200
> 6798 6251 -21 224 -54 2
> 5977 7437 -176 -372 -82 0
> 7432 4382 1 -1 97 2
> 4397 10856 -57 -167 -58 1
! 9888 -3260 200 sims=358232 BLOCKER
! 10361 -1551 200 sims=358232 RUNNER
> 6798 6251 -21 224 -54 2
> 5977 7437 -176 -372 -82 0
> 7432 4382 1 -1 97 2
> 4397 10856 -57 -167 -58 1
! -4754 103636 200
! 57388 -73948 200
> 6839 6285 34 28 -72 2
> 5889 6885 -75 -468 -64 0
> 7409 4580 -19 167 97 2
> 4446 10519 41 -286 -58 1
! 12717 -1805 200 sims=335916 BLOCKER
! 12836 -308 200 sims=335916 RUNNER
> 6839 6285 34 28 -72 2
> 5889 6885 -75 -468 -64 0
> 7409 4580 -19 167 97 2
> 4446 10519 41 -286 -58 1
! -4777 103834 200
! 81050 -53759 200
> 6991 6151 128 -113 -54 2
> 5953 6273 54 -520 -46 0
> 7366 4946 -36 310 97 2
> 4640 10104 165 -352 -40 1
! 10081 -3360 200 sims=327957 BLOCKER
! 14782 1578 200 sims=327957 RUNNER
> 6991 6151 128 -113 -54 2
> 5953 6273 54 -520 -46 0
> 7366 4946 -36 310 97 2
> 4640 10104 165 -352 -40 1
! -4820 104200 200
! 57631 -74700 200
> 7065 6218 -54 431 -72 2
> 6184 5659 195 -521 -28 1
> 7421 5085 164 -256 97 2
> 4911 9582 230 -443 -58 1
! 10155 -3293 200 sims=348936 BLOCKER
! 15013 964 200 sims=348936 RUNNER
> 7065 6218 -54 431 -72 2
> 6184 5659 195 -521 -28 1
> 7421 5085 164 -256 97 2
> 4911 9582 230 -443 -58 1
! -34840 95715 0
! 57902 -75222 200
> 7073 6459 6 204 -72 2
> 6556 5044 315 -522 -28 1
> 7585 4829 139 -217 115 2
> 5247 8969 285 -520 -58 1
! 10163 -3052 200 sims=343385 BLOCKER
! 16404 3308 0 sims=343385 RUNNER
> 7073 6459 6 204 -72 2
> 6556 5044 315 -522 -28 1
> 7585 4829 139 -217 115 2
> 5247 8969 285 -520 -58 1
! -34676 95459 200
! 81851 -55309 200
> 7141 6473 57 11 -72 0
> 6871 4522 267 -443 -10 1
> 7639 4793 46 -30 115 2
> 5685 8320 372 -551 -40 1
! 7141 -3527 0 sims=333739 BLOCKER
! 16774 5914 0 sims=333739 RUNNER
> 7141 6473 57 11 -72 0
> 6871 4522 267 -443 -10 1
> 7639 4793 46 -30 115 2
> 5685 8320 372 -551 -40 1
! -4547 104047 200
! 98403 -29140 0
> 7198 6484 48 9 -90 0
> 7138 4079 226 -376 8 1
> 7661 4962 18 143 97 2
> 6057 7769 316 -468 -22 1
! 4108 -3027 0 sims=328328 BLOCKER
! 17041 5471 200 sims=328328 RUNNER
> 7198 6484 48 9 -90 0
> 7138 4079 226 -376 8 1
> 7661 4962 18 143 97 2
> 6057 7769 316 -468 -22 1
! -34600 95592 200
! 82661 -56509 200
> 7246 6493 40 7 -108 0
> 7562 3731 360 -295 8 1
> 7594 5286 -56 275 115 2
> 6526 7172 398 -507 -40 1
! 1368 -1597 200 sims=295624 BLOCKER
! 17465 5123 200 sims=295624 RUNNER
> 7246 6493 40 7 -108 0
> 7562 3731 360 -295 8 1
> 7594 5286 -56 275 115 2
> 6526 7172 398 -507 -40 1
! -4592 104540 0
! 99244 -30288 0
> 7369 6344 75 268 -126 0
> 8120 3464 474 -227 8 1
> 7618 5275 163 -517 97 2
> 6644 6945 -13 -79 -22 1
! 4279 -3167 0 sims=349398 BLOCKER
! 18023 4856 200 sims=349398 RUNNER
> 7369 6344 75 268 -126 0
> 8120 3464 474 -227 8 1
> 7618 5275 163 -517 97 2
> 6644 6945 -13 -79 -22 1
! -4568 104529 200
! 83248 -57333 200
> 7587 6531 278 106 -108 0
> 8792 3265 571 -169 8 1
> 7757 4957 117 -270 97 2
> 6642 6818 -95 -54 -40 1
! 1709 -1559 200 sims=371945 BLOCKER
! 17780 7649 0 sims=371945 RUNNER
> 7587 6531 278 106 -108 0
> 8792 3265 571 -169 8 1
> 7757 4957 117 -270 97 2
> 6642 6818 -95 -54 -40 1
! -34504 95587 200
! 99360 -30642 200
> 7747 6475 136 -47 -126 0
> 9363 3096 485 -143 26 1
> 7789 4868 27 -75 115 2
> 6732 6689 76 -109 -22 1
! -343 597 0 sims=315406 BLOCKER
! 16556 10043 0 sims=315406 RUNNER
> 7747 6475 136 -47 -126 0
> 9363 3096 485 -143 26 1
> 7789 4868 27 -75 115 2
> 6732 6689 76 -109 -22 1
! -34472 95498 200
! 99450 -30771 200
> 7883 6428 115 -39 -144 0
> 9848 2953 412 -121 44 1
> 7731 4974 -48 90 115 2
> 6993 6505 222 -156 -22 1
! -1628 3338 0 sims=304563 BLOCKER
! 14543 11782 0 sims=304563 RUNNER
> 7883 6428 115 -39 -144 0
> 9848 2953 412 -121 44 1
> 7731 4974 -48 90 115 2
> 6993 6505 222 -156 -22 1
! -4455 104228 200
! 106749 -470 200
> 8218 6379 362 -45 -162 0
> 10260 2832 350 -102 62 1
> 7659 5263 -61 245 97 2
> 7195 6346 93 -131 -4 1
! -1782 6379 200 sims=301364 BLOCKER
! 11996 12680 200 sims=301364 RUNNER
> 8218 6379 362 -45 -162 0
> 10260 2832 350 -102 62 1
> 7659 5263 -61 245 97 2
> 7195 6346 93 -131 -4 1
! -34602 95893 0
! 106951 -629 200
> 8380 6334 137 -38 -180 0
> 10645 2927 327 80 80 1
> 7621 5410 40 -173 115 2
> 7464 6299 156 258 -4 1
! -1131 3244 0 sims=311612 BLOCKER
! 9253 12830 200 sims=311612 RUNNER
> 8380 6334 137 -38 -180 0
> 10645 2927 327 80 80 1
> 7621 5410 40 -173 115 2
> 7464 6299 156 258 -4 1
! -4565 104664 200
! 107220 -676 200
> 8602 6282 288 -60 -162 0
> 10944 3205 254 236 98 2
> 7637 5436 13 21 97 2
> 7734 6557 129 235 -4 1
! -1398 6282 200 sims=362201 BLOCKER
! 6560 12193 200 sims=362201 RUNNER
> 8602 6282 288 -60 -162 0
> 10944 3205 254 236 98 2
> 7637 5436 13 21 97 2
> 7734 6557 129 235 -4 1
! -4549 104690 200
! 100452 -30903 200
> 8690 6222 74 -50 180 0
> 11110 3621 141 353 116 2
> 7626 5656 -9 186 97 2
> 8048 6717 267 136 -22 1
! -821 3132 0 sims=348005 BLOCKER
! 4163 10814 0 sims=348005 RUNNER
> 8690 6222 74 -50 180 0
> 11110 3621 141 353 116 2
> 7626 5656 -9 186 97 2
> 8048 6717 267 136 -22 1
! -4560 104910 200
! 84652 -57561 0
> 8764 6172 62 -42 -162 0
> 11251 3974 119 300 134 2
> 7593 6041 -28 326 97 2
> 8315 6853 226 115 -40 1
! -1236 6172 200 sims=384615 BLOCKER
! 2422 8669 200 sims=384615 RUNNER
> 8764 6172 62 -42 -162 0
> 11251 3974 119 300 134 2
> 7593 6041 -28 326 97 2
> 8315 6853 226 115 -40 1
! -34668 96671 0
! 61306 -77951 200
> 8754 5924 -1 -222 180 0
> 11193 4368 -48 334 152 2
> 7565 6367 -23 277 115 0
> 8519 7005 166 140 -58 1
! -757 9014 0 sims=401520 BLOCKER
! 1345 6104 200 sims=401520 RUNNER
> 8754 5924 -1 -222 180 0
> 11193 4368 -48 334 152 2
> 7565 6367 -23 277 115 0
> 8519 7005 166 140 -58 1
! -60634 79502 0
! 61510 -77799 200
> 8753 5702 0 -188 162 0
> 10948 4737 -208 313 170 2
> 7542 6644 -19 235 133 0
> 8791 6975 231 -25 -58 1
! -758 8792 200 sims=380814 BLOCKER
! 1045 3345 200 sims=380814 RUNNER
> 8753 5702 0 -188 162 0
> 10948 4737 -208 313 170 2
> 7542 6644 -19 235 133 0
> 8791 6975 231 -25 -58 1
! -79919 55125 0
! 32983 -90054 200
> 8563 5576 -161 -107 162 0
> 10542 5022 -345 242 188 2
> 7523 6879 -16 199 151 0
> 9070 6756 237 -186 -76 1
! -1437 5576 0 sims=350798 BLOCKER
! 1554 638 200 sims=350798 RUNNER
> 8563 5576 -161 -107 162 0
> 10542 5022 -345 242 188 2
> 7523 6879 -16 199 151 0
> 9070 6756 237 -186 -76 1
! -90639 25959 0
! 2094 -93000 200
> 8402 5469 -136 -90 180 0
> 10017 5176 -446 131 206 2
> 7507 7078 -13 169 169 0
> 9293 6370 189 -327 -94 1
! -1109 8559 0 sims=372631 BLOCKER
! 1029 792 SHIELD sims=372631 RUNNER
> 8402 5469 -136 -90 180 0
> 10017 5176 -446 131 206 2
> 7507 7078 -13 169 169 0
> 9293 6370 189 -327 -94 1
! -91747 -5108 0
! 2317 -93386 200
> 8266 5379 -115 -76 162 0
> 9589 5262 -330 -9 -154 2
> 7494 7247 -11 143 -173 0
> 9290 6289 -334 759 -94 1
! 176 11257 200 sims=387443 BLOCKER
! -314 3870 0 sims=387443 RUNNER
> 8266 5379 -115 -76 162 0
> 9589 5262 -330 -9 -154 2
> 7494 7247 -11 143 -173 0
> 9290 6289 -334 759 -94 1
! -83136 -35014 0
! 33482 -90740 200
> 7989 5421 -235 35 144 0
> 9259 5253 -280 -7 -172 2
> 7483 7390 -9 121 -155 0
> 9004 6854 -242 480 -76 1
! 2111 13511 0 sims=333340 BLOCKER
! -589 6989 0 sims=333340 RUNNER
> 7989 5421 -235 35 144 0
> 9259 5253 -280 -7 -172 2
> 7483 7390 -9 121 -155 0
> 9004 6854 -242 480 -76 1
! -65652 -60809 200
! 2028 -92902 200
> 7754 5456 -199 29 126 0
> 8979 5246 -238 -5 170 2
> 7328 7375 -131 -13 -137 0
> 8748 7134 -217 238 -94 1
! 1876 13546 200 sims=348509 BLOCKER
! 150 9941 0 sims=348509 RUNNER
> 7754 5456 -199 29 126 0
> 8979 5246 -238 -5 170 2
> 7328 7375 -131 -13 -137 0
> 8748 7134 -217 238 -94 1
! -41153 -80086 200
! 1772 -92622 200
> 7437 5647 -269 162 126 0
> 8741 5241 -202 -4 152 2
> 7100 7187 -193 -159 -119 0
> 8517 7172 -196 32 -94 1
! 4347 15158 200 sims=300160 BLOCKER
! 1794 12434 0 sims=300160 RUNNER
> 7437 5647 -269 162 126 0
> 8741 5241 -202 -4 152 2
> 7100 7187 -193 -159 -119 0
> 8517 7172 -196 32 -94 1
! -41381 -80274 200
! 1541 -92584 200
> 7106 5999 -281 299 108 0
> 8539 5237 -171 -3 134 2
> 6810 6853 -246 -283 -119 0
> 8307 7004 -178 -142 -94 1
! 4016 15510 SHIELD sims=365029 BLOCKER
! 4155 14225 200 sims=365029 RUNNER
> 7106 5999 -281 299 108 0
> 8539 5237 -171 -3 134 2
> 6810 6853 -246 -283 -119 0
> 8307 7004 -178 -142 -94 1
! -12270 -91309 SHIELD
! 1331 -92752 200
> 6989 5877 -68 -185 108 0
> 8280 5414 -219 150 116 2
> 6400 6991 -379 199 -101 0
> 8115 6662 -163 -290 -94 1
! 1111 13967 0 sims=336812 BLOCKER
! 3896 14402 200 sims=336812 RUNNER
> 6989 5877 -68 -185 108 0
> 8280 5414 -219 150 116 2
> 6400 6991 -379 199 -101 0
> 8115 6662 -163 -290 -94 1
! 18586 -92263 0
! 1139 -93094 0
> 6921 5692 -57 -157 126 0
> 7986 5572 -220 -252 116 2
> 6021 7190 -322 169 -83 0
> 7939 6543 -179 286 -94 1
! -1169 11570 0 sims=320012 BLOCKER
! 6594 15475 200 sims=320012 RUNNER
> 6921 5692 -57 -157 126 0
> 7986 5572 -220 -252 116 2
> 6021 7190 -322 169 -83 0
> 7939 6543 -179 286 -94 1
! 18207 -92064 0
! 963 -93213 200
> 6864 5535 -48 -133 144 0
> 7738 5518 -210 -45 98 2
> 5699 7359 -273 143 -83 0
> 7746 6629 -164 73 -94 1
! 986 13625 0 sims=325045 BLOCKER
! 9474 15366 200 sims=325045 RUNNER
> 6864 5535 -48 -133 144 0
> 7738 5518 -210 -45 98 2
> 5699 7359 -273 143 -83 0
> 7746 6629 -164 73 -94 1
! 47960 -83271 0
! 31938 -90400 200
> 6790 5395 -158 -145 126 0
> 7589 5677 -31 161 80 2
> 5426 7502 -232 121 -65 0
> 7630 6508 -98 -102 -76 1
! 3700 14906 200 sims=310758 BLOCKER
! 9325 15525 SHIELD sims=310758 RUNNER
> 6790 5395 -158 -145 126 0
> 7589 5677 -31 161 80 2
> 5426 7502 -232 121 -65 0
> 7630 6508 -98 -102 -76 1
! 47687 -83128 200
! 654 -93248 200
> 6570 5440 -186 38 108 1
> 7555 5759 -29 64 80 2
> 5279 7442 -125 -51 -65 0
> 7553 6994 -63 462 -94 1
! 692 13530 200 sims=371812 BLOCKER
! 9291 15607 0 sims=371812 RUNNER
> 6570 5440 -186 38 108 1
> 7555 5759 -29 64 80 2
> 5279 7442 -125 -51 -65 0
> 7553 6994 -63 462 -94 1
! 73478 -65693 200
! 577 -92762 200
> 6266 5640 -258 169 126 1
> 7526 5823 -24 54 80 2
> 5290 7245 9 -167 -47 0
> 7476 7256 -65 223 -94 1
! 3176 15151 200 sims=336441 BLOCKER
! 9262 15671 0 sims=336441 RUNNER
> 6266 5640 -258 169 126 1
> 7526 5823 -24 54 80 2
> 5290 7245 9 -167 -47 0
> 7476 7256 -65 223 -94 1
! 73489 -65890 200
! 31668 -89773 200
> 5946 5999 -271 305 108 1
> 7502 5877 -20 45 80 2
> 5435 6932 123 -266 -47 0
> 7459 7285 -14 24 -76 1
! 2856 15510 SHIELD sims=364105 BLOCKER
! 9238 15725 0 sims=364105 RUNNER
> 5946 5999 -271 305 108 1
> 7502 5877 -20 45 80 2
> 5435 6932 123 -266 -47 0
> 7459 7285 -14 24 -76 1
! 47696 -83698 0
! 483 -92471 200
> 5710 6235 -182 164 108 1
> 7482 5922 -17 38 80 2
> 5211 7355 -373 722 -65 0
> 7431 7109 -23 -149 -94 1
! 5710 16235 0 sims=355390 BLOCKER
! 9218 15770 200 sims=355390 RUNNER
> 5710 6235 -182 164 108 1
> 7482 5922 -17 38 80 2
> 5211 7355 -373 722 -65 0
> 7431 7109 -23 -149 -94 1
! 17397 -91899 200
! 31623 -89920 200
> 5528 6399 -154 139 90 1
> 7511 5968 43 -290 80 2
> 4862 7878 -296 444 -83 0
> 7446 6955 -6 198 -76 1
! 2438 15910 0 sims=361123 BLOCKER
! 6119 15871 200 sims=361123 RUNNER
> 5528 6399 -154 139 90 1
> 7511 5968 43 -290 80 2
> 4862 7878 -296 444 -83 0
> 7446 6955 -6 198 -76 1
! -14219 -90284 200
! 470 -92801 200
> 5374 6538 -130 118 108 1
> 7526 5876 12 -78 98 2
> 4528 8126 -284 210 -101 0
> 7426 6953 -16 -1 -94 1
! -504 14628 0 sims=238525 BLOCKER
! 6134 15779 200 sims=238525 RUNNER
> 5374 6538 -130 118 108 1
> 7526 5876 12 -78 98 2
> 4528 8126 -284 210 -101 0
> 7426 6953 -16 -1 -94 1
! 16714 -91128 200
! 450 -92803 200
> 5244 6656 -110 100 126 1
> 7515 5961 24 -163 98 2
> 4268 8137 -220 9 -83 0
> 7391 6787 -63 94 -94 1
! -2846 12534 200 sims=335902 BLOCKER
! 6123 15864 200 sims=335902 RUNNER
> 5244 6656 -110 100 126 1
> 7515 5961 24 -163 98 2
> 4268 8137 -220 9 -83 0
> 7391 6787 -63 94 -94 1
! 46529 -82493 0
! 31583 -90242 200
> 4972 6874 -231 184 144 1
> 7533 5862 21 -126 98 2
> 4048 8146 -187 7 -65 0
> 7355 6821 -37 70 -76 1
! -3118 12752 200 sims=325150 BLOCKER
! 6141 15765 200 sims=325150 RUNNER
> 4972 6874 -231 184 144 1
> 7533 5862 21 -126 98 2
> 4048 8146 -187 7 -65 0
> 7355 6821 -37 70 -76 1
! 72247 -64989 200
! 31547 -90208 200
> 4579 7176 -333 256 144 1
> 7531 5912 31 -120 98 2
> 3997 8007 -43 -118 -47 0
> 7362 6719 -27 75 -76 1
! -1299 15266 200 sims=348236 BLOCKER
! 6139 15815 200 sims=348236 RUNNER
> 4579 7176 -333 256 144 1
> 7531 5912 31 -120 98 2
> 3997 8007 -43 -118 -47 0
> 7362 6719 -27 75 -76 1
! 72196 -65128 0
! 31554 -90310 200
> 4387 7216 -60 -116 126 1
> 7574 5803 41 -115 98 2
> 3695 8267 -359 371 -47 0
> 7344 6787 -20 80 -76 1
! 1297 16727 0 sims=367577 BLOCKER
! 6182 15706 200 sims=367577 RUNNER
> 4387 7216 -60 -116 126 1
> 7574 5803 41 -115 98 2
> 3695 8267 -359 371 -47 0
> 7344 6787 -20 80 -76 1
! 45956 -82363 200
! 31536 -90242 200
> 4327 7100 -51 -98 108 1
> 7587 5886 11 70 98 2
> 3421 8457 -233 161 -65 0
> 7372 6673 24 -96 -76 1
! -1551 15190 200 sims=355523 BLOCKER
! 3203 14874 0 sims=355523 RUNNER
> 4327 7100 -51 -98 108 1
> 7587 5886 11 70 98 2
> 3421 8457 -233 161 -65 0
> 7372 6673 24 -96 -76 1
! 15607 -90797 200
! 31564 -90356 200
> 4158 7164 -143 54 126 1
> 7690 5621 91 -238 116 2
> 3212 8419 -177 -31 -83 0
> 7352 6718 -20 51 -76 1
! -3932 13042 200 sims=353227 BLOCKER
! 6298 15524 200 sims=353227 RUNNER
> 4158 7164 -143 54 126 1
> 7690 5621 91 -238 116 2
> 3212 8419 -177 -31 -83 0
> 7352 6718 -20 51 -76 1
! 45473 -82211 0
! 31544 -90311 200
> 3853 7336 -259 145 144 1
> 7753 5581 53 -33 98 2
> 3035 8388 -150 -26 -65 0
> 7380 6575 24 -121 -76 1
! -2025 15426 0 sims=340277 BLOCKER
! 3369 14569 200 sims=340277 RUNNER
> 3853 7336 -259 145 144 1
> 7753 5581 53 -33 98 2
> 3035 8388 -150 -26 -65 0
> 7380 6575 24 -121 -76 1
! 45296 -82242 0
! 60371 -78229 200
> 3594 7481 -220 123 126 1
> 7791 5535 109 -247 116 2
> 2885 8362 -127 -22 -65 0
> 7438 6477 -28 124 -58 1
! -2284 15571 200 sims=339045 BLOCKER
! 6399 15438 200 sims=339045 RUNNER
> 3594 7481 -220 123 126 1
> 7791 5535 109 -247 116 2
> 2885 8362 -127 -22 -65 0
> 7438 6477 -28 124 -58 1
! 71084 -64773 200
! 31630 -90552 200
> 3408 7581 20 -132 126 1
> 7872 5486 68 -41 98 2
> 2742 8379 -299 231 -47 0
> 7458 6407 17 -59 -76 1
! -2470 15671 200 sims=312403 BLOCKER
! 3488 14474 200 sims=312403 RUNNER
> 3408 7581 20 -132 126 1
> 7872 5486 68 -41 98 2
> 2742 8379 -299 231 -47 0
> 7458 6407 17 -59 -76 1
! 70941 -64756 200
! 60449 -78397 0
> 3310 7611 -82 25 126 1
> 7852 5625 -16 117 116 2
> 2579 8464 -138 72 -47 0
> 7475 6348 14 -50 -58 1
! -2568 15701 200 sims=301665 BLOCKER
! 6460 15528 0 sims=301665 RUNNER
> 3310 7611 -82 25 126 1
> 7852 5625 -16 117 116 2
> 2579 8464 -138 72 -47 0
> 7475 6348 14 -50 -58 1
! 70778 -64671 200
! 60466 -78456 200
> 3113 7795 16 -47 126 1
> 7996 5436 128 -172 98 2
> 2575 8392 -186 143 -47 0
> 7434 6435 -40 85 -58 1
! -2765 15885 200 sims=331702 BLOCKER
! 3612 14424 200 sims=331702 RUNNER
> 3113 7795 16 -47 126 1
> 7996 5436 128 -172 98 2
> 2575 8392 -186 143 -47 0
> 7434 6435 -40 85 -58 1
! 90036 -40089 200
! 84038 -57843 0
> 3125 7783 13 -13 126 1
> 8036 5444 34 6 116 2
> 2450 8564 -109 150 -29 0
> 7394 6520 -34 72 -40 1
! 35 17294 0 sims=352079 BLOCKER
! 3652 14432 200 sims=352079 RUNNER
> 3125 7783 13 -13 126 1
> 8036 5444 34 6 116 2
> 2450 8564 -109 150 -29 0
> 7394 6520 -34 72 -40 1
! 89911 -39917 200
! 60385 -78284 200
> 3138 7770 11 -11 108 1
> 7982 5630 -45 157 116 2
> 2516 8617 56 45 -29 0
> 7466 6422 61 -82 -58 1
! 3138 17770 0 sims=315679 BLOCKER
! 6590 15533 0 sims=315679 RUNNER
> 3138 7770 11 -11 108 1
> 7982 5630 -45 157 116 2
> 2516 8617 56 45 -29 0
> 7466 6422 61 -82 -58 1
! 100678 -10464 200
! 60457 -78382 200
> 3149 7759 9 -9 90 1
> 8112 5529 179 -188 98 2
> 2768 8624 214 5 -11 0
> 7458 6429 -76 107 -58 1
! 6239 17270 200 sims=342041 BLOCKER
! 3728 14517 200 sims=342041 RUNNER
> 3149 7759 9 -9 90 1
> 8112 5529 179 -188 98 2
> 2768 8624 214 5 -11 0
> 7458 6429 -76 107 -58 1
! 102022 20810 200
! 84062 -57849 200
> 3243 7843 106 -39 72 1
> 8203 5521 77 -7 116 2
> 3157 8751 304 218 7 0
> 7535 6407 65 -18 -40 1
! 9121 15933 0 sims=366275 BLOCKER
! 1256 12714 200 sims=366275 RUNNER
> 3243 7843 106 -39 72 1
> 8203 5521 77 -7 116 2
> 3157 8751 304 218 7 0
> 7535 6407 65 -18 -40 1
! 101319 -10329 200
! 60526 -78397 0
> 3349 7804 90 -33 54 1
> 8141 5658 -52 116 134 2
> 3657 8931 425 152 -11 0
> 7600 6389 55 -15 -58 1
! 11439 13682 0 sims=328552 BLOCKER
! 3757 14646 0 sims=328552 RUNNER
> 3349 7804 90 -33 54 1
> 8141 5658 -52 116 134 2
> 3657 8931 425 152 -11 0
> 7600 6389 55 -15 -58 1
! 91118 -39550 200
! 60591 -78415 200
> 3439 7771 76 -28 36 1
> 8244 5566 142 -152 116 2
> 4257 8986 509 46 -29 0
> 7606 6412 -50 94 -58 1
! 12950 10861 200 sims=354137 BLOCKER
! 1297 12759 200 sims=354137 RUNNER
> 3439 7771 76 -28 36 1
> 8244 5566 142 -152 116 2
> 4257 8986 509 46 -29 0
> 7606 6412 -50 94 -58 1
! 72456 -64149 200
! 84210 -57866 200
> 3705 7805 226 28 18 1
> 8247 5558 2 -6 134 2
> 4902 8886 548 -85 -47 0
> 7709 6377 87 -29 -40 1
! 13705 7805 0 sims=332451 BLOCKER
! -582 10253 200 sims=332451 RUNNER
> 3705 7805 226 28 18 1
> 8247 5558 2 -6 134 2
> 4902 8886 548 -85 -47 0
> 7709 6377 87 -29 -40 1
! 47163 -81744 200
! 60700 -78427 200
> 3931 7833 192 23 0 1
> 8194 5426 27 -244 152 2
> 5535 8620 537 -226 -65 0
> 7781 6399 -11 150 -58 1
! 13442 4743 200 sims=333508 BLOCKER
! -635 10121 200 sims=333508 RUNNER
> 3931 7833 192 23 0 1
> 8194 5426 27 -244 152 2
> 5535 8620 537 -226 -65 0
> 7781 6399 -11 150 -58 1
! 17721 -90634 200
! 31973 -90630 200
> 4313 7794 324 -32 -18 1
> 8044 5276 -127 -127 152 2
> 6096 8195 477 -360 -83 0
> 7818 6355 31 -37 -76 1
! 12403 1916 200 sims=333263 BLOCKER
! -1804 7012 200 sims=333263 RUNNER
> 4313 7794 324 -32 -18 1
> 8044 5276 -127 -127 152 2
> 6096 8195 477 -360 -83 0
> 7818 6355 31 -37 -76 1
! -12985 -89967 200
! 842 -93401 200
> 4799 7644 412 -127 -36 1
> 7720 5184 -275 -78 170 2
> 6535 7639 373 -472 -101 0
> 7835 6118 14 -201 -94 1
! 10677 -446 200 sims=315140 BLOCKER
! -2183 3792 200 sims=315140 RUNNER
> 4799 7644 412 -127 -36 1
> 7720 5184 -275 -78 170 2
> 6535 7639 373 -472 -101 0
> 7835 6118 14 -201 -94 1
! -41946 -79822 200
! -29625 -86600 200
> 5329 7355 450 -245 -54 1
> 7247 5078 -402 -89 188 2
> 6811 6992 234 -549 -119 0
> 7774 5732 -51 -328 -112 1
! 8419 -2156 200 sims=332836 BLOCKER
! -2601 6814 200 sims=332836 RUNNER
> 5329 7355 450 -245 -54 1
> 7247 5078 -402 -89 188 2
> 6811 6992 234 -549 -119 0
> 7774 5732 -51 -328 -112 1
! -66324 -61207 200
! -56504 -70872 200
> 5841 6920 435 -369 -72 1
> 6648 5024 -509 -46 170 2
> 6899 6307 74 -582 -137 0
> 7594 5251 -152 -409 -130 1
! 5841 -3080 200 sims=338184 BLOCKER
! -2181 9719 0 sims=338184 RUNNER
> 5841 6920 435 -369 -72 1
> 6648 5024 -509 -46 170 2
> 6899 6307 74 -582 -137 0
> 7594 5251 -152 -409 -130 1
! -83731 -35954 200
! -77210 -47740 200
> 6276 6351 369 -483 -90 1
> 6139 4978 -432 -39 152 2
> 6792 5640 -91 -566 -155 0
> 7272 4736 -273 -437 -148 1
! 3186 -3160 200 sims=333263 BLOCKER
! -808 12171 0 sims=333263 RUNNER
> 6276 6351 369 -483 -90 1
> 6139 4978 -432 -39 152 2
> 6792 5640 -91 -566 -155 0
> 7272 4736 -273 -437 -148 1
! -83838 -36621 200
! -89757 -19456 SHIELD
> 6478 5885 130 -92 -108 1
> 5654 4927 -545 -72 134 2
> 6501 5074 -313 -376 -155 1
> 7017 4271 -192 -433 -166 1
! 6478 -4115 200 sims=395108 BLOCKER
! 1270 13915 0 sims=395108 RUNNER
> 6478 5885 130 -92 -108 1
> 5654 4927 -545 -72 134 2
> 6501 5074 -313 -376 -155 1
> 7017 4271 -192 -433 -166 1
! -92753 -7112 0
! -92739 11246 0
> 6608 5593 110 -248 -90 1
> 5109 4855 -463 -61 116 2
> 6188 4698 -266 -319 -173 1
> 6825 3838 -163 -368 176 1
! 9698 -3918 200 sims=397453 BLOCKER
! 3717 14758 0 sims=397453 RUNNER
> 6608 5593 110 -248 -90 1
> 5109 4855 -463 -61 116 2
> 6188 4698 -266 -319 -173 1
> 6825 3838 -163 -368 176 1
! -91974 23778 0
! -85893 41298 0
> 6780 5155 146 -372 -72 1
> 4646 4794 -393 -51 98 2
> 5922 4379 -226 -271 169 1
> 6662 3470 -138 -312 158 1
! 12658 -2935 200 sims=385560 BLOCKER
! 6382 14642 200 sims=385560 RUNNER
> 6780 5155 146 -372 -72 1
> 4646 4794 -393 -51 98 2
> 5922 4379 -226 -271 169 1
> 6662 3470 -138 -312 158 1
! -81539 52860 200
! -69942 67748 0
> 7044 4621 224 -453 -54 1
> 4288 4940 -304 124 80 2
> 5521 4205 -340 -147 151 1
> 6524 3158 -117 -265 140 1
! 15134 -1257 0 sims=392588 BLOCKER
! 8983 13769 200 sims=392588 RUNNER
> 7044 4621 224 -453 -54 1
> 4288 4940 -304 124 80 2
> 5521 4205 -340 -147 151 1
> 6524 3158 -117 -265 140 1
! -62678 77340 200
! -46467 87962 200
> 7268 4168 190 -385 -36 1
> 4078 5241 -178 255 62 2
> 5045 4204 -404 0 133 1
> 6301 3063 -189 -81 122 1
! 16779 1078 200 sims=385553 BLOCKER
! 11271 12188 200 sims=385553 RUNNER
> 7268 4168 190 -385 -36 1
> 4078 5241 -178 255 62 2
> 5045 4204 -404 0 133 1
> 6301 3063 -189 -81 122 1
! -37216 94834 200
! -17891 100092 200
> 7648 3721 323 -379 -18 1
> 4044 5635 -29 334 44 2
> 4556 4385 -415 154 115 1
> 6064 3176 -201 96 104 1
! 17648 3721 0 sims=379596 BLOCKER
! 13032 10019 200 sims=379596 RUNNER
> 7648 3721 323 -379 -18 1
> 4044 5635 -29 334 44 2
> 4556 4385 -415 154 115 1
> 6064 3176 -201 96 104 1
! -7630 103639 0
! 13039 102932 200
> 7971 3342 274 -322 0 1
> 4195 6057 128 358 26 2
> 4141 4539 -352 130 97 1
> 5877 3472 -158 251 86 1
! 17482 6432 0 sims=384062 BLOCKER
! 14098 7449 200 sims=384062 RUNNER
> 7971 3342 274 -322 0 1
> 4195 6057 128 358 26 2
> 4141 4539 -352 130 97 1
> 5877 3472 -158 251 86 1
! 23221 102701 0
! 43337 96190 200
> 8245 3020 232 -273 18 1
> 4521 6443 277 327 8 2
> 3789 4669 -299 110 79 1
> 5794 3908 -70 370 68 1
! 16335 8898 0 sims=377433 BLOCKER
! 14369 4707 200 sims=377433 RUNNER
> 8245 3020 232 -273 18 1
> 4521 6443 277 327 8 2
> 3789 4669 -299 110 79 1
> 5794 3908 -70 370 68 1
! 52269 92130 0
! 70072 80512 0
> 8477 2747 197 -232 36 1
> 4995 6735 402 248 -10 2
> 3490 4779 -254 93 61 1
> 5724 4278 -59 314 50 1
! 17988 5837 0 sims=379113 BLOCKER
! 13824 2040 200 sims=379113 RUNNER
> 8477 2747 197 -232 36 1
> 4995 6735 402 248 -10 2
> 3490 4779 -254 93 61 1
> 5724 4278 -59 314 50 1
! 76625 72978 200
! 90528 57269 0
> 8674 2515 167 -197 18 1
> 5574 6889 491 130 -28 2
> 3382 5008 -91 194 43 1
> 5665 4592 -50 266 32 1
! 16764 8393 0 sims=370587 BLOCKER
! 12521 -304 0 sims=370587 RUNNER
> 8674 2515 167 -197 18 1
> 5574 6889 491 130 -28 2
> 3382 5008 -91 194 43 1
> 5665 4592 -50 266 32 1
! 94012 47269 200
! 102694 28784 0
> 8841 2318 141 -167 36 1
> 6065 7019 417 110 -46 2
> 3472 5287 76 236 25 1
> 5615 4858 -42 226 14 1
! 18352 5408 0 sims=352205 BLOCKER
! 10449 -1969 0 sims=352205 RUNNER
> 8841 2318 141 -167 36 1
> 6065 7019 417 110 -46 2
> 3472 5287 76 236 25 1
> 5615 4858 -42 226 14 1
! 102726 17473 200
! 105371 -2117 0
> 8982 2151 119 -141 18 1
> 6482 7129 354 93 -64 2
> 3747 5547 233 221 7 1
> 5573 5084 -35 192 -4 1
! 17072 8029 0 sims=307216 BLOCKER
! 10866 -1859 200 sims=307216 RUNNER
> 8982 2151 119 -141 18 1
> 6482 7129 354 93 -64 2
> 3747 5547 233 221 7 1
> 5573 5084 -35 192 -4 1
! 101909 -13533 200
! 102602 29276 200
> 9101 2010 101 -119 36 1
> 6924 7042 375 -73 -64 0
> 4176 5730 364 155 -11 1
> 5732 5324 135 204 14 1
! 18612 5100 0 sims=344785 BLOCKER
! 8316 -2861 200 sims=344785 RUNNER
> 9101 2010 101 -119 36 1
> 6924 7042 375 -73 -64 0
> 4176 5730 364 155 -11 1
> 5732 5324 135 204 14 1
! 91637 -42751 0
! 105488 -1651 200
> 9202 1891 85 -101 18 1
> 7327 6771 342 -230 -82 0
> 4540 5885 309 131 -29 1
> 6067 5514 284 161 -4 1
! 17292 7769 0 sims=355516 BLOCKER
! 5591 -3077 0 sims=355516 RUNNER
> 9202 1891 85 -101 18 1
> 7327 6771 342 -230 -82 0
> 4540 5885 309 131 -29 1
> 6067 5514 284 161 -4 1
! 72739 -67250 200
! 98785 -31946 0
> 9287 1790 72 -85 36 1
> 7669 6541 290 -195 -100 0
> 4985 5870 378 -12 -47 1
> 6351 5675 241 136 -22 1
! 15165 9880 0 sims=346500 BLOCKER
! 2974 -2288 200 sims=346500 RUNNER
> 9287 1790 72 -85 36 1
> 7669 6541 290 -195 -100 0
> 4985 5870 378 -12 -47 1
> 6351 5675 241 136 -22 1
! 73184 -67265 200
! 99069 -31785 200
> 9359 1705 61 -72 54 1
> 7865 6169 166 -315 -118 0
> 5499 5712 437 -134 -47 1
> 6777 5736 362 51 -22 1
! 12449 11216 0 sims=290899 BLOCKER
! 672 -778 200 sims=290899 RUNNER
> 9359 1705 61 -72 54 1
> 7865 6169 166 -315 -118 0
> 5499 5712 437 -134 -47 1
> 6777 5736 362 51 -22 1
! 73698 -67423 200
! 83381 -58542 0
> 9420 1633 51 -61 72 1
> 7939 5715 310 -383 -136 0
> 6072 5432 487 -238 -47 1
> 7087 5787 16 41 -40 1
! 9420 11633 200 sims=326942 BLOCKER
! 3244 -3114 200 sims=326942 RUNNER
> 9420 1633 51 -61 72 1
> 7939 5715 310 -383 -136 0
> 6072 5432 487 -238 -47 1
> 7087 5787 16 41 -40 1
! 48333 -85198 200
! 83691 -58491 SHIELD
> 9471 1772 43 118 90 1
> 8155 5155 183 -475 -118 0
> 6644 5013 485 -356 -65 1
> 7103 5828 13 34 -40 1
! 9471 11772 200 sims=326179 BLOCKER
! 962 -1792 200 sims=326179 RUNNER
> 9471 1772 43 118 90 1
> 8155 5155 183 -475 -118 0
> 6644 5013 485 -356 -65 1
> 7103 5828 13 34 -40 1
! 74843 -68122 200
! 60094 -78976 0
> 9514 2090 36 270 90 1
> 8194 4541 33 -521 -136 0
> 7265 4511 528 -426 -47 1
> 7116 5862 11 28 -58 1
! 12604 11601 200 sims=361564 BLOCKER
! -794 157 200 sims=361564 RUNNER
> 9514 2090 36 270 90 1
> 8194 4541 33 -521 -136 0
> 7265 4511 528 -426 -47 1
> 7116 5862 11 28 -58 1
! 94726 -43970 0
! 31308 -91167 0
> 9612 2550 83 391 72 1
> 8592 3929 447 -520 -154 0
> 7248 4088 -123 -358 -29 1
> 7127 5890 9 23 -76 1
! 9612 12550 0 sims=340186 BLOCKER
! -1311 2537 0 sims=340186 RUNNER
> 9612 2550 83 391 72 1
> 8592 3929 447 -520 -154 0
> 7248 4088 -123 -358 -29 1
> 7127 5890 9 23 -76 1
! 75447 -69047 200
! 151 -93866 0
> 9695 2941 70 332 90 1
> 9039 3409 379 -442 -172 0
> 7261 3584 11 -428 -47 1
> 7136 5913 7 19 -94 1
! 9695 12941 SHIELD sims=387723 BLOCKER
! -809 5145 0 sims=387723 RUNNER
> 9695 2941 70 332 90 1
> 9039 3409 379 -442 -172 0
> 7261 3584 11 -428 -47 1
> 7136 5913 7 19 -94 1
! 94722 -44897 200
! 160 -93843 0
> 9868 3200 147 219 90 1
> 8389 3694 -560 247 -190 0
> 7447 3059 158 -446 -29 1
> 7143 5932 5 16 -94 1
! 6778 12711 0 sims=412944 BLOCKER
! -440 8389 0 sims=412944 RUNNER
> 9868 3200 147 219 90 1
> 8389 3694 -560 247 -190 0
> 7447 3059 158 -446 -29 1
> 7143 5932 5 16 -94 1
! 105609 -16022 200
! -30317 -86786 200
> 10015 3419 124 186 108 1
> 7829 3941 -476 209 -208 0
> 7801 2575 301 -411 -11 1
> 7073 5763 -59 -144 -112 1
! 4137 11509 0 sims=391034 BLOCKER
! 882 11134 0 sims=391034 RUNNER
> 10015 3419 124 186 108 1
> 7829 3941 -476 209 -208 0
> 7801 2575 301 -411 -11 1
> 7073 5763 -59 -144 -112 1
! 107055 14761 200
! 97 -93993 200
> 10139 3605 105 158 126 1
> 7353 4150 -404 177 134 0
> 8301 2188 424 -328 7 1
> 7000 5419 -62 -291 -94 1
! 2049 9483 0 sims=360934 BLOCKER
! 2969 13138 200 sims=360934 RUNNER
> 10139 3605 105 158 126 1
> 7353 4150 -404 177 134 0
> 8301 2188 424 -328 7 1
> 7000 5419 -62 -291 -94 1
! 98931 44449 200
! -30460 -87299 0
> 10244 3763 89 134 144 1
> 6871 4323 -388 -264 116 0
> 8906 1945 514 -206 25 1
> 6929 5311 -81 320 -112 1
! 2154 9641 200 sims=364042 BLOCKER
! 5479 14226 200 sims=364042 RUNNER
> 10244 3763 89 134 144 1
> 6871 4323 -388 -264 116 0
> 8906 1945 514 -206 25 1
> 6929 5311 -81 320 -112 1
! 82041 70144 200
! -30531 -87407 200
> 10171 4015 -61 213 144 1
> 6455 4257 -353 -56 98 0
> 9566 1875 561 -59 43 1
> 6773 5446 -132 114 -112 1
! 2081 9893 200 sims=353598 BLOCKER
! 8191 14105 200 sims=353598 RUNNER
> 10171 4015 -61 213 144 1
> 6455 4257 -353 -56 98 0
> 9566 1875 561 -59 43 1
> 6773 5446 -132 114 -112 1
! 58046 89336 200
! -30687 -87272 200
> 9948 4346 -189 280 144 1
> 6137 4398 -270 119 80 0
> 10224 1991 559 98 61 1
> 6566 5375 -175 -60 -112 1
! 4070 12436 0 sims=344057 BLOCKER
! 10832 13227 200 sims=344057 RUNNER
> 9948 4346 -189 280 144 1
> 6137 4398 -270 119 80 0
> 10224 1991 559 98 61 1
> 6566 5375 -175 -60 -112 1
! 29304 100153 0
! -30894 -87343 200
> 9759 4626 -160 238 126 1
> 5841 4479 -360 -125 62 0
> 10783 2089 475 83 79 1
> 6436 5344 -1 168 -112 1
! 1669 10504 0 sims=344288 BLOCKER
! 13034 11426 200 sims=344288 RUNNER
> 9759 4626 -160 238 126 1
> 5841 4479 -360 -125 62 0
> 10783 2089 475 83 79 1
> 6436 5344 -1 168 -112 1
! -1403 101343 200
! -57842 -71260 200
> 9599 4864 -136 202 144 1
> 5625 4493 -183 11 44 0
> 11234 2371 383 239 97 2
> 6306 5359 -110 12 -130 1
! 3721 12954 0 sims=352373 BLOCKER
! 12818 11440 200 sims=352373 RUNNER
> 9599 4864 -136 202 144 1
> 5625 4493 -183 11 44 0
> 11234 2371 383 239 97 2
> 6306 5359 -110 12 -130 1
! -31027 93001 200
! -57972 -71245 200
> 9463 5066 -115 171 126 1
> 5554 4604 -223 -102 44 0
> 11532 2791 253 357 115 2
> 6099 5256 -12 110 -130 1
! 1373 10944 0 sims=344351 BLOCKER
! 12747 11551 200 sims=344351 RUNNER
> 9463 5066 -115 171 126 1
> 5554 4604 -223 -102 44 0
> 11532 2791 253 357 115 2
> 6099 5256 -12 110 -130 1
! -56667 75926 200
! -58179 -71348 200
> 9348 5237 -97 145 144 1
> 5419 4575 -160 -79 44 0
> 11649 3294 99 427 133 2
> 6014 5279 -26 74 -130 1
! 3470 13327 0 sims=354599 BLOCKER
! 12612 11522 200 sims=354599 RUNNER
> 9348 5237 -97 145 144 1
> 5419 4575 -160 -79 44 0
> 11649 3294 99 427 133 2
> 6014 5279 -26 74 -130 1
! -75812 51775 200
! -31446 -87439 200
> 9251 5382 -82 123 126 1
> 5354 4582 -135 -82 44 0
> 11573 3818 -64 445 151 2
> 5962 5221 35 38 -112 1
! 6161 14893 0 sims=345394 BLOCKER
! 10049 13411 200 sims=345394 RUNNER
> 9251 5382 -82 123 126 1
> 5354 4582 -135 -82 44 0
> 11573 3818 -64 445 151 2
> 5962 5221 35 38 -112 1
! -86589 22898 200
! -58316 -71383 200
> 9169 5505 -69 104 108 1
> 5227 4597 -165 -41 62 0
> 11313 4301 -221 410 169 2
> 5954 5186 51 24 -130 1
! 9169 15505 0 sims=321643 BLOCKER
! 12420 11544 200 sims=321643 RUNNER
> 9169 5505 -69 104 108 1
> 5227 4597 -165 -41 62 0
> 11313 4301 -221 410 169 2
> 5954 5186 51 24 -130 1
! -87941 -7885 200
! -78850 -47805 200
> 9100 5609 -58 88 90 1
> 5159 4662 -165 -19 44 0
> 10893 4687 -356 327 -173 2
> 5882 5137 46 33 -148 1
! 12190 15120 0 sims=331618 BLOCKER
! 14147 9046 200 sims=331618 RUNNER
> 9100 5609 -58 88 90 1
> 5159 4662 -165 -19 44 0
> 10893 4687 -356 327 -173 2
> 5882 5137 46 33 -148 1
! -87269 23767 200
! -78922 -47854 200
> 9042 5697 -49 74 72 1
> 5053 4654 -142 -39 26 0
> 10341 5052 -469 310 169 2
> 5880 5141 50 36 -148 1
! 14920 13787 0 sims=310996 BLOCKER
! 14041 9038 200 sims=310996 RUNNER
> 9042 5697 -49 74 72 1
> 5053 4654 -142 -39 26 0
> 10341 5052 -469 310 169 2
> 5880 5141 50 36 -148 1
! -87821 24132 200
! -78924 -47850 200
> 8973 5782 -544 334 54 1
> 5056 4683 -129 -48 26 0
> 9696 5389 -62 24 169 2
> 5795 5090 59 30 -148 1
! 17063 11660 0 sims=334628 BLOCKER
! 14044 9067 200 sims=334628 RUNNER
> 8973 5782 -544 334 54 1
> 5056 4683 -129 -48 26 0
> 9696 5389 -62 24 169 2
> 5795 5090 59 30 -148 1
! -77765 53870 200
! -79009 -47901 200
> 8429 6116 -462 283 36 1
> 4957 4642 -120 -54 26 0
> 9459 5510 -201 102 151 2
> 5834 5095 69 23 -148 1
! 17940 9206 0 sims=323855 BLOCKER
! 13945 9026 200 sims=323855 RUNNER
> 8429 6116 -462 283 36 1
> 4957 4642 -120 -54 26 0
> 9459 5510 -201 102 151 2
> 5834 5095 69 23 -148 1
! -78002 53991 200
! -78970 -47896 200
> 7967 6399 -392 240 18 1
> 5008 4672 -116 -50 26 0
> 9083 5709 -319 169 151 2
> 5742 5016 81 8 -148 1
! 17967 6399 200 sims=244342 BLOCKER
! 12201 11619 200 sims=244342 RUNNER
> 7967 6399 -392 240 18 1
> 5008 4672 -116 -50 26 0
> 9083 5709 -319 169 151 2
> 5742 5016 81 8 -148 1
! -59116 78844 200
! -91287 -19176 200
> 7775 6639 -163 204 0 1
> 4855 4677 -139 0 44 0
> 8628 6024 -387 267 133 2
> 5809 5059 66 41 -166 1
! 17286 3549 200 sims=314699 BLOCKER
! 13843 9061 200 sims=314699 RUNNER
> 7775 6639 -163 204 0 1
> 4855 4677 -139 0 44 0
> 8628 6024 -387 267 133 2
> 5809 5059 66 41 -166 1
! -59571 79159 200
! -91220 -19133 200
> 7531 7000 -373 440 -18 1
> 4896 4765 34 74 26 0
> 8376 6219 -48 31 133 2
> 5681 5052 -108 -6 -166 1
! 17042 3910 200 sims=343308 BLOCKER
! 14799 6157 200 sims=343308 RUNNER
> 7531 7000 -373 440 -18 1
> 4896 4765 34 74 26 0
> 8376 6219 -48 31 133 2
> 5681 5052 -108 -6 -166 1
! -79085 54700 200
! -91348 -19140 200
> 7348 7378 -155 321 -18 1
> 4641 4687 -245 -76 8 0
> 8153 6347 -189 108 151 2
> 5866 5177 185 117 -166 1
! 15438 1500 200 sims=355579 BLOCKER
! 13629 9071 200 sims=355579 RUNNER
> 7348 7378 -155 321 -18 1
> 4641 4687 -245 -76 8 0
> 8153 6347 -189 108 151 2
> 5866 5177 185 117 -166 1
! -90009 25427 0
! -78938 -47814 200
> 7355 7581 5 172 -36 1
> 4576 4699 -55 9 26 0
> 7964 6455 -160 91 169 2
> 5881 5188 13 9 -148 1
! 13233 -509 200 sims=357392 BLOCKER
! 13564 9083 200 sims=357392 RUNNER
> 7355 7581 5 172 -36 1
> 4576 4699 -55 9 26 0
> 7964 6455 -160 91 169 2
> 5881 5188 13 9 -148 1
! -91290 -5731 0
! -91148 -19004 200
> 7478 7591 104 8 -54 1
> 4701 4796 106 82 26 0
> 7804 6546 -136 77 -173 0
> 5700 5149 -153 -33 -166 1
! 13356 -499 200 sims=352611 BLOCKER
! 13689 9180 SHIELD sims=352611 RUNNER
> 7478 7591 104 8 -54 1
> 4701 4796 106 82 26 0
> 7804 6546 -136 77 -173 0
> 5700 5149 -153 -33 -166 1
! -82826 -35715 0
! -91329 -19043 200
> 7700 7437 188 -130 -54 1
> 4769 4865 19 45 26 0
> 7668 6623 -115 65 -155 0
> 5734 5201 407 177 -166 1
! 13578 -653 SHIELD sims=344715 BLOCKER
! 13757 9249 0 sims=344715 RUNNER
> 7700 7437 188 -130 -54 1
> 4769 4865 19 45 26 0
> 7668 6623 -115 65 -155 0
> 5734 5201 407 177 -166 1
! -65467 -61576 200
! -91295 -18991 200
> 7888 7307 159 -110 -54 1
> 4788 4910 16 38 26 0
> 7407 6552 -222 -60 -137 0
> 5947 5330 180 109 -166 1
! 13766 -783 0 sims=358435 BLOCKER
! 14691 6302 0 sims=358435 RUNNER
> 7888 7307 159 -110 -54 1
> 4788 4910 16 38 26 0
> 7407 6552 -222 -60 -137 0
> 5947 5330 180 109 -166 1
! -41074 -80909 200
! -91082 -18862 200
> 8047 7197 135 -93 -54 1
> 4804 4948 13 32 8 0
> 7088 6317 -271 -199 -119 0
> 5933 5391 -11 51 -166 1
! 11137 -2314 0 sims=331583 BLOCKER
! 13792 9332 0 sims=331583 RUNNER
> 8047 7197 135 -93 -54 1
> 4804 4948 13 32 8 0
> 7088 6317 -271 -199 -119 0
> 5933 5391 -11 51 -166 1
! -66047 -61882 200
! -91096 -18801 200
> 8182 7104 114 -79 -72 1
> 4817 4980 11 27 26 0
> 6671 5982 -354 -285 -137 0
> 5728 5394 -174 2 -166 1
! 14060 -986 0 sims=340193 BLOCKER
! 14720 6372 0 sims=340193 RUNNER
> 8182 7104 114 -79 -72 1
> 4817 4980 11 27 26 0
> 6671 5982 -354 -285 -137 0
> 5728 5394 -174 2 -166 1
! -83959 -36279 200
! -79076 -47597 0
