@ 0 reCurse
@ 1 YurkovAS
CP 3
CP 11278 2812
CP 7487 6946
CP 6024 5374
> 11647 3150 0 0 -1 1
> 10909 2474 0 0 -1 1
> 12384 3826 0 0 -1 1
> 10172 1798 0 0 -1 1
! -37776 90082 200
! -71427 59224 200
> 11647 3150 0 0 -1 1
> 10909 2474 0 0 -1 1
> 12384 3826 0 0 -1 1
> 10172 1798 0 0 -1 1
! 5823 11373 BOOST sims=349272 RUNNER
! 5324 10544 BOOST sims=349272 BLOCKER
> 11548 3324 -84 147 120 1
> 10744 2588 -139 96 145 1
> 11958 4317 -362 416 131 1
> 9857 2367 -267 483 119 1
! -62766 70237 200
! -71171 59945 BOOST
> 11548 3324 -84 147 120 1
> 10744 2588 -139 96 145 1
> 11958 4317 -362 416 131 1
> 9857 2367 -267 483 119 1
! 3386 9467 200 sims=425138 RUNNER
! 5009 11113 200 sims=425138 BLOCKER
> 11316 3606 -196 239 138 1
> 10294 3101 -288 455 145 1
> 11425 4836 -453 441 149 1
> 9272 2980 -591 502 119 1
! -62998 70519 200
! -85336 32338 200
> 11316 3606 -196 239 138 1
> 10294 3101 -288 455 145 1
> 11425 4836 -453 441 149 1
> 9272 2980 -591 502 119 1
! 1681 7086 0 sims=373380 RUNNER
! 7364 12796 0 sims=373380 BLOCKER
> 10971 3979 -292 316 138 1
> 9815 3614 -407 436 163 1
> 10972 5277 -385 374 167 1
> 8681 3482 -502 426 101 1
! -63343 70892 200
! -72100 60971 200
> 10971 3979 -292 316 138 1
> 9815 3614 -407 436 163 1
> 10972 5277 -385 374 167 1
> 8681 3482 -502 426 101 1
! 1010 4405 0 sims=362460 RUNNER
! 9900 13407 0 sims=362460 BLOCKER
> 10530 4429 -374 382 138 1
> 9244 4165 -485 468 145 1
> 10587 5651 -327 317 185 1
> 8179 3908 -426 362 83 1
! -39469 91031 200
! -86386 33402 0
> 10530 4429 -374 382 138 1
> 9244 4165 -485 468 145 1
> 10587 5651 -327 317 185 1
> 8179 3908 -426 362 83 1
! 1382 1744 200 sims=370951 RUNNER
! 12405 12971 0 sims=370951 BLOCKER
> 10056 4984 -402 471 120 1
> 8759 4633 -412 397 163 1
> 10076 5890 -434 203 203 1
> 7753 4270 -362 307 65 1
! -10735 102798 200
! -91225 2887 0
> 10056 4984 -402 471 120 1
> 8759 4633 -412 397 163 1
> 10076 5890 -434 203 203 1
> 7753 4270 -362 307 65 1
! 2529 -671 200 sims=337393 RUNNER
! 14573 11584 200 sims=337393 BLOCKER
> 9616 5163 -373 61 102 1
> 8347 5030 -350 337 181 1
> 9488 6450 -500 565 221 1
> 7527 4723 -191 385 47 1
! -40383 91765 200
! -87283 34267 200
> 9616 5163 -373 61 102 1
> 8347 5030 -350 337 181 1
> 9488 6450 -500 565 221 1
> 7527 4723 -191 385 47 1
! 1941 -111 200 sims=339150 RUNNER
! 16273 9571 200 sims=339150 BLOCKER
> 9143 5397 -402 199 120 1
> 8219 5589 -48 498 163 1
> 8837 6884 -553 368 -139 1
> 7097 5041 -424 246 29 1
! -65171 72310 200
! -73696 62946 200
> 9143 5397 -402 199 120 1
> 8219 5589 -48 498 163 1
> 8837 6884 -553 368 -139 1
> 7097 5041 -424 246 29 1
! 1290 323 200 sims=320292 RUNNER
! 15843 9889 200 sims=320292 BLOCKER
> 8660 5695 -312 202 138 1
> 7940 6237 -335 601 145 1
> 8133 7121 -598 201 -139 1
> 6848 5384 -211 291 29 1
! -41339 92297 200
! -73975 63594 SHIELD
> 8660 5695 -312 202 138 1
> 7940 6237 -335 601 145 1
> 8133 7121 -598 201 -139 1
> 6848 5384 -211 291 29 1
! 586 560 SHIELD sims=371833 RUNNER
! 16664 7292 200 sims=371833 BLOCKER
> 8248 6070 -350 318 120 1
> 7550 6509 -345 143 145 2
> 7590 7651 -447 537 -139 2
> 6833 5713 -12 279 11 1
! -66066 72983 0
! -52631 86372 0
> 8248 6070 -350 318 120 1
> 7550 6509 -345 143 145 2
> 7590 7651 -447 537 -139 2
> 6833 5713 -12 279 11 1
! 2440 -921 0 sims=450597 RUNNER
! 16649 7621 SHIELD sims=450597 BLOCKER
> 8004 6328 -175 201 138 1
> 7122 6761 -254 540 127 2
> 7143 8188 -379 456 -121 2
> 6819 5987 -26 202 11 1
! -66310 73241 200
! -74793 64118 0
> 8004 6328 -175 201 138 1
> 7122 6761 -254 540 127 2
> 7143 8188 -379 456 -121 2
> 6819 5987 -26 202 11 1
! 4893 -1556 0 sims=421785 RUNNER
! 16744 4768 0 sims=421785 BLOCKER
> 7680 6663 -275 284 138 2
> 6868 7301 -215 459 145 2
> 6764 8644 -322 387 -103 2
> 6793 6189 -22 171 -7 1
! -83674 47336 0
! -53313 87164 200
> 7680 6663 -275 284 138 2
> 6868 7301 -215 459 145 2
> 6764 8644 -322 387 -103 2
> 6793 6189 -22 171 -7 1
! 1614 72 0 sims=383873 RUNNER
! 15856 1963 0 sims=383873 BLOCKER
> 7405 6947 -233 241 156 2
> 6653 7760 -182 390 127 2
> 6442 9031 -273 328 -121 2
> 6771 6360 -18 145 -25 1
! -92047 17399 0
! -53528 87623 200
> 7405 6947 -233 241 156 2
> 6653 7760 -182 390 127 2
> 6442 9031 -273 328 -121 2
> 6771 6360 -18 145 -25 1
! 4192 -713 0 sims=420504 RUNNER
! 14085 -460 0 sims=420504 BLOCKER
> 7172 7188 -198 204 174 2
> 6351 8310 -257 467 127 2
> 6169 9359 -232 278 -103 2
> 6753 6505 -15 123 -43 1
! -90642 -13603 0
! -26205 102861 200
> 7172 7188 -198 204 174 2
> 6351 8310 -257 467 127 2
> 6169 9359 -232 278 -103 2
> 6753 6505 -15 123 -43 1
! 1019 787 200 sims=390152 RUNNER
! 11601 -2241 0 sims=390152 BLOCKER
> 7038 7500 -110 269 192 2
> 6092 8705 -167 118 109 2
> 5771 9727 -391 529 -121 2
> 6674 6520 -70 8 -61 1
! -79564 -42499 0
! -54089 88568 0
> 7038 7500 -110 269 192 2
> 6092 8705 -167 118 109 2
> 5771 9727 -391 529 -121 2
> 6674 6520 -70 8 -61 1
! 621 1155 200 sims=449876 RUNNER
! 8582 -3296 0 sims=449876 BLOCKER
> 6928 7769 -93 228 -150 2
> 5925 8823 -141 100 127 2
> 5277 10085 -419 303 -121 2
> 6604 6528 -59 6 -79 1
! -59985 -66545 0
! -75990 66180 0
> 6928 7769 -93 228 -150 2
> 5925 8823 -141 100 127 2
> 5277 10085 -419 303 -121 2
> 6604 6528 -59 6 -79 1
! 3027 341 200 sims=452298 RUNNER
! 5385 -3397 0 sims=452298 BLOCKER
> 6835 7997 -79 193 -132 2
> 5784 8923 -119 85 145 2
> 4813 10193 -394 91 -103 2
> 6545 6534 -50 5 -97 1
! -33838 -83357 200
! -89846 38160 200
> 6835 7997 -79 193 -132 2
> 5784 8923 -119 85 145 2
> 4813 10193 -394 91 -103 2
> 6545 6534 -50 5 -97 1
! 5685 231 200 sims=429205 RUNNER
! 2319 -2529 0 sims=429205 BLOCKER
> 6675 8007 -136 8 -114 2
> 5474 9066 -263 121 163 2
> 4436 10085 -320 -92 -85 2
> 6495 6539 -42 4 -115 1
! -3777 -91445 200
! -94510 7320 200
> 6675 8007 -136 8 -114 2
> 5474 9066 -263 121 163 2
> 4436 10085 -320 -92 -85 2
> 6495 6539 -42 4 -115 1
! 2186 341 200 sims=419839 RUNNER
! -325 -775 0 sims=419839 BLOCKER
> 6518 7816 -133 -162 -96 2
> 5011 9184 -393 99 181 2
> 4071 9798 -310 -243 -103 2
> 6453 6543 -35 3 -133 1
! 27309 -89998 0
! -89540 -23372 200
> 6518 7816 -133 -162 -96 2
> 5011 9184 -393 99 181 2
> 4071 9798 -310 -243 -103 2
> 6453 6543 -35 3 -133 1
! 4943 -164 200 sims=397978 RUNNER
! 2227 -2520 0 sims=397978 BLOCKER
> 6385 7654 -113 -137 -78 2
> 4563 9165 -143 -109 -161 2
> 3644 9408 -599 -237 -85 2
> 6418 6546 -29 2 -115 1
! 27176 -90160 0
! -75300 -51016 200
> 6385 7654 -113 -137 -78 2
> 4563 9165 -143 -109 -161 2
> 3644 9408 -599 -237 -85 2
> 6418 6546 -29 2 -115 1
! 7551 203 200 sims=371826 RUNNER
! 5199 -3379 0 sims=371826 BLOCKER
> 6272 7517 -96 -116 -78 2
> 4260 8936 -257 -194 -143 2
> 3123 8987 -442 -357 -67 2
> 6389 6548 -24 1 -97 1
! 27063 -90297 0
! -53097 -72979 200
> 6272 7517 -96 -116 -78 2
> 4260 8936 -257 -194 -143 2
> 3123 8987 -442 -357 -67 2
> 6389 6548 -24 1 -97 1
! 7030 -218 200 sims=392651 RUNNER
! 8297 -3268 0 sims=392651 BLOCKER
> 6176 7401 -81 -98 -78 2
> 3888 8578 -315 -304 -125 2
> 2759 8446 -309 -459 -67 2
> 6365 6549 -20 0 -79 1
! 26967 -90413 0
! -25349 -87052 0
> 6176 7401 -81 -98 -78 2
> 3888 8578 -315 -304 -125 2
> 2759 8446 -309 -459 -67 2
> 6365 6549 -20 0 -79 1
! 9320 899 0 sims=386673 RUNNER
! 8273 -3267 SHIELD sims=386673 BLOCKER
> 6091 7317 -117 68 -78 2
> 3573 8274 -267 -258 -107 2
> 2450 7987 -262 -390 -49 2
> 6345 6548 -12 -15 -79 1
! 26882 -90497 200
! -53784 -73641 200
> 6091 7317 -117 68 -78 2
> 3573 8274 -267 -258 -107 2
> 2450 7987 -262 -390 -49 2
> 6345 6548 -12 -15 -79 1
! 11022 2837 0 sims=375144 RUNNER
! 5126 -3377 0 sims=375144 BLOCKER
> 5968 7326 -109 22 -78 2
> 3191 7852 -324 -358 -125 2
> 2188 7597 -222 -331 -31 2
> 6380 6397 35 -143 -97 1
! 26759 -90488 200
! -26046 -87778 0
> 5968 7326 -109 22 -78 2
> 3191 7852 -324 -358 -125 2
> 2188 7597 -222 -331 -31 2
> 6380 6397 35 -143 -97 1
! 11932 5347 0 sims=361977 RUNNER
! 8288 -3419 0 sims=361977 BLOCKER
> 5901 7152 -57 -147 -78 2
> 2867 7494 -275 -304 -107 2
> 1966 7266 -188 -281 -13 2
> 6415 6254 29 -121 -79 1
! 26692 -90662 200
! 4612 -92490 0
> 5901 7152 -57 -147 -78 2
> 2867 7494 -275 -304 -107 2
> 1966 7266 -188 -281 -13 2
> 6415 6254 29 -121 -79 1
! 10538 2116 200 sims=354627 RUNNER
! 11263 -2492 0 sims=354627 BLOCKER
> 5886 6809 -13 -291 -78 2
> 2682 7223 -51 -192 -89 2
> 1859 6849 -195 -392 -31 2
> 6444 6133 24 -102 -61 1
! 26677 -91005 0
! 35238 -87328 0
> 5886 6809 -13 -291 -78 2
> 2682 7223 -51 -192 -89 2
> 1859 6849 -195 -392 -31 2
> 6444 6133 24 -102 -61 1
! 11603 4599 200 sims=386911 RUNNER
! 13758 -687 0 sims=386911 BLOCKER
> 5833 6556 -117 -147 -78 2
> 2631 7031 -43 -163 -71 2
> 1859 6412 0 -371 -13 2
> 6508 5993 126 -186 -43 1
! 55832 -80046 200
! 35187 -87520 200
> 5833 6556 -117 -147 -78 2
> 2631 7031 -43 -163 -71 2
> 1859 6412 0 -371 -13 2
> 6508 5993 126 -186 -43 1
! 11603 4162 200 sims=375228 RUNNER
! 15571 1767 200 sims=375228 BLOCKER
> 5816 6236 -14 -272 -60 2
> 2653 6679 18 -299 -71 2
> 2054 5996 165 -353 -13 2
> 6815 5722 261 -229 -25 1
! 80130 -60677 200
! 4398 -93305 200
> 5816 6236 -14 -272 -60 2
> 2653 6679 18 -299 -71 2
> 2054 5996 165 -353 -13 2
> 6815 5722 261 -229 -25 1
! 12016 6868 200 sims=403886 RUNNER
! 15878 1496 200 sims=403886 BLOCKER
> 5951 5830 114 -344 -42 0
> 2817 6364 195 -196 -89 2
> 2276 5477 132 -512 5 2
> 7257 5408 375 -266 -25 1
! 97305 -34843 0
! 35373 -88187 200
> 5951 5830 114 -344 -42 0
> 2817 6364 195 -196 -89 2
> 2276 5477 132 -512 5 2
> 7257 5408 375 -266 -25 1
! 11481 9384 200 sims=406021 RUNNER
! 14571 -1412 0 sims=406021 BLOCKER
> 6065 5486 96 -292 -24 0
> 3077 5979 221 -327 -71 2
> 2592 5043 268 -368 23 2
> 7632 5142 318 -226 -43 1
! 105517 -4966 200
! 35633 -88572 0
> 6065 5486 96 -292 -24 0
> 3077 5979 221 -327 -71 2
> 2592 5043 268 -368 23 2
> 7632 5142 318 -226 -43 1
! 10139 11604 200 sims=388752 RUNNER
! 16695 916 0 sims=388752 BLOCKER
> 6360 5173 250 -265 -6 0
> 3298 5652 187 -277 -71 2
> 3011 4806 356 -201 41 2
> 7950 4916 270 -192 -25 1
! 104174 25964 200
! 35854 -88899 200
> 6360 5173 250 -265 -6 0
> 3298 5652 187 -277 -71 2
> 3011 4806 356 -201 41 2
> 7950 4916 270 -192 -25 1
! 10558 11367 200 sims=354172 RUNNER
! 15264 -1904 0 sims=354172 BLOCKER
> 6806 4950 378 -189 12 0
> 3656 5531 327 -27 -71 2
> 3412 4391 317 -427 41 2
> 8220 4724 229 -163 -43 1
! 104620 25741 200
! 36212 -89020 200
> 6806 4950 378 -189 12 0
> 3656 5531 327 -27 -71 2
> 3412 4391 317 -427 41 2
> 8220 4724 229 -163 -43 1
! 8562 12963 200 sims=380919 RUNNER
! 13068 -4022 0 sims=380919 BLOCKER
> 7380 4803 487 -125 12 0
> 4048 5315 333 -183 -71 2
> 3832 4135 357 -217 59 2
> 8449 4561 194 -138 -61 1
! 106832 -5649 0
! 5793 -94669 200
> 7380 4803 487 -125 12 0
> 4048 5315 333 -183 -71 2
> 3832 4135 357 -217 59 2
> 8449 4561 194 -138 -61 1
! 6082 13879 200 sims=332584 RUNNER
! 10357 -5255 0 sims=332584 BLOCKER
> 7867 4678 413 -106 -6 0
> 4384 4932 286 -325 -89 2
> 4234 4113 341 -18 77 2
> 8643 4423 164 -117 -79 1
! 107319 -5774 0
! -24853 -90698 200
> 7867 4678 413 -106 -6 0
> 4384 4932 286 -325 -89 2
> 4234 4113 341 -18 77 2
> 8643 4423 164 -117 -79 1
! 3362 14075 0 sims=380191 RUNNER
! 10551 -5393 SHIELD sims=380191 BLOCKER
> 7909 4697 10 24 -6 0
> 4697 4886 270 -11 -107 2
> 4490 3625 212 -442 95 2
> 8844 4293 173 -110 -79 1
! 99263 -35976 200
! -24540 -90744 0
> 7909 4697 10 24 -6 0
> 4697 4886 270 -11 -107 2
> 4490 3625 212 -442 95 2
> 8844 4293 173 -110 -79 1
! 6740 13369 200 sims=389823 RUNNER
! 13692 -4453 0 sims=389823 BLOCKER
> 8102 4640 163 -48 -24 0
> 4967 4875 229 -9 -107 2
> 4747 3378 218 -210 77 2
> 9017 4183 147 -93 -61 1
! 99456 -36033 200
! 6712 -95109 0
> 8102 4640 163 -48 -24 0
> 4967 4875 229 -9 -107 2
> 4747 3378 218 -210 77 2
> 9017 4183 147 -93 -61 1
! 6997 13122 200 sims=389578 RUNNER
! 10925 -5633 0 sims=389578 BLOCKER
> 8448 4511 293 -109 -24 0
> 5196 4866 194 -7 -89 2
> 5010 3363 223 -12 77 2
> 9164 4090 124 -79 -79 1
! 82762 -62402 200
! 6941 -95118 200
> 8448 4511 293 -109 -24 0
> 5196 4866 194 -7 -89 2
> 5010 3363 223 -12 77 2
> 9164 4090 124 -79 -79 1
! 4138 13325 200 sims=382088 RUNNER
! 11072 -5726 SHIELD sims=382088 BLOCKER
> 8379 4570 -99 74 -42 0
> 5393 4659 167 -175 -89 2
> 5216 3550 174 159 95 2
> 9339 3981 152 -95 -79 1
! 99733 -36103 200
! -23844 -90971 200
> 8379 4570 -99 74 -42 0
> 5393 4659 167 -175 -89 2
> 5216 3550 174 159 95 2
> 9339 3981 152 -95 -79 1
! 4344 13512 200 sims=388073 RUNNER
! 11247 -5835 0 sims=388073 BLOCKER
> 8463 4563 71 -6 -24 0
> 5579 4683 211 289 -107 2
> 5295 3518 14 -295 95 2
> 9491 3886 129 -80 -79 1
! 99817 -36110 200
! -23658 -90947 0
> 8463 4563 71 -6 -24 0
> 5579 4683 211 289 -107 2
> 5295 3518 14 -295 95 2
> 9491 3886 129 -80 -79 1
! 7545 13262 200 sims=389879 RUNNER
! 8272 -6039 0 sims=389879 BLOCKER
> 8717 4476 215 -74 -24 0
> 5790 4972 179 245 -107 0
> 5354 3418 50 -85 77 2
> 9620 3806 109 -68 -97 1
! 108169 -5976 0
! -23447 -90658 200
> 8717 4476 215 -74 -24 0
> 5790 4972 179 245 -107 0
> 5354 3418 50 -85 77 2
> 9620 3806 109 -68 -97 1
! 7604 13162 200 sims=404915 RUNNER
! 5394 -5257 0 sims=404915 BLOCKER
> 8932 4402 182 -62 -6 0
> 5911 5026 102 45 -107 0
> 5449 3528 80 93 77 2
> 9729 3738 92 -57 -115 1
! 100286 -36271 200
! -23326 -90604 200
> 8932 4402 182 -62 -6 0
> 5911 5026 102 45 -107 0
> 5449 3528 80 93 77 2
> 9729 3738 92 -57 -115 1
! 7699 13272 200 sims=394940 RUNNER
! 2909 -3576 0 sims=394940 BLOCKER
> 9283 4273 165 32 -24 0
> 5955 4880 36 -124 -107 0
> 5574 3816 106 244 77 2
> 9835 3666 222 -203 -133 1
! 83597 -62640 200
! -23282 -90750 SHIELD
> 9283 4273 165 32 -24 0
> 5955 4880 36 -124 -107 0
> 5574 3816 106 244 77 2
> 9835 3666 222 -203 -133 1
! 4702 13778 0 sims=391930 RUNNER
! 1089 -1182 0 sims=391930 BLOCKER
> 9597 4171 266 -86 -42 0
> 5994 4762 53 -53 -107 0
> 5653 3997 -134 -310 95 2
> 10057 3463 188 -172 -151 1
! 83911 -62742 200
! -51363 -77153 0
> 9597 4171 266 -86 -42 0
> 5994 4762 53 -53 -107 0
> 5653 3997 -134 -310 95 2
> 10057 3463 188 -172 -151 1
! 4781 13959 200 sims=375795 RUNNER
! 241 1555 200 sims=375795 BLOCKER
> 9927 4109 263 -19 -42 0
> 6047 4709 45 -45 -125 0
> 5502 3886 -128 -94 95 2
> 10133 3095 82 -346 -169 1
! 59926 -82493 200
! -73816 -55472 0
> 9927 4109 263 -19 -42 0
> 6047 4709 45 -45 -125 0
> 5502 3886 -128 -94 95 2
> 10133 3095 82 -346 -169 1
! 7752 13630 200 sims=406140 RUNNER
! 208 4314 200 sims=406140 BLOCKER
> 10290 3917 308 -163 -60 0
> 6092 4664 38 -38 -143 0
> 5419 3987 -70 85 77 2
> 10016 2773 -99 -273 -187 1
! 31081 -93897 200
! -88459 -27892 0
> 10290 3917 308 -163 -60 0
> 6092 4664 38 -38 -143 0
> 5419 3987 -70 85 77 2
> 10016 2773 -99 -273 -187 1
! 10569 12559 200 sims=394191 RUNNER
! 953 6999 200 sims=394191 BLOCKER
> 10640 3558 297 -304 -78 0
> 6154 4641 173 56 -161 0
> 5428 4228 -113 129 59 2
> 9736 2585 -238 -160 -205 1
! 187 -95894 0
! -93830 2895 200
> 10640 3558 297 -304 -78 0
> 6154 4641 173 56 -161 0
> 5428 4228 -113 129 59 2
> 9736 2585 -238 -160 -205 1
! 12975 10789 200 sims=400456 RUNNER
! 2422 9405 200 sims=400456 BLOCKER
> 10937 3254 252 -258 -96 1
> 6262 4763 125 121 -179 0
> 5331 4419 -116 144 41 2
> 9352 2561 -326 -20 137 1
! -29736 -88100 0
! -93722 3017 200
> 10937 3254 252 -258 -96 1
> 6262 4763 125 121 -179 0
> 5331 4419 -116 144 41 2
> 9352 2561 -326 -20 137 1
! 14536 8326 200 sims=412482 RUNNER
! 4504 11307 200 sims=412482 BLOCKER
> 11189 2996 214 -219 -114 1
> 6187 4881 -63 99 -179 0
> 5399 4641 57 188 23 2
> 8929 2716 -359 131 119 1
! -29484 -88358 0
! -88364 -27675 200
> 11189 2996 214 -219 -114 1
> 6187 4881 -63 99 -179 0
> 5399 4641 57 188 23 2
> 8929 2716 -359 131 119 1
! 15361 5513 200 sims=381409 RUNNER
! 7021 12532 200 sims=381409 BLOCKER
> 11403 2777 181 -186 -114 1
> 6425 5064 221 161 -161 0
> 5165 4698 -218 42 5 2
> 8532 3043 -337 278 101 1
! -55510 -71537 0
! -88126 -27492 200
> 11403 2777 181 -186 -114 1
> 6425 5064 221 161 -161 0
> 5165 4698 -218 42 5 2
> 8532 3043 -337 278 101 1
! 14370 8605 200 sims=392280 RUNNER
! 6624 12859 200 sims=392280 BLOCKER
> 11584 2591 153 -158 -132 1
> 6457 5160 27 81 -161 0
> 5131 4818 -28 102 23 2
> 8157 3517 -318 403 101 1
! -75018 -47408 0
! -88094 -27396 200
> 11584 2591 153 -158 -132 1
> 6457 5160 27 81 -161 0
> 5131 4818 -28 102 23 2
> 8157 3517 -318 403 101 1
! 15093 5690 200 sims=385721 RUNNER
! 3309 12263 200 sims=385721 BLOCKER
> 11737 2433 130 -134 -150 1
> 6295 5176 -137 13 -161 0
> 5302 4937 145 101 5 2
> 7742 4095 -352 491 119 1
! -86077 -18358 0
! -73568 -55005 200
> 11737 2433 130 -134 -150 1
> 6295 5176 -137 13 -161 0
> 5302 4937 145 101 5 2
> 7742 4095 -352 491 119 1
! 15264 5809 SHIELD sims=389753 RUNNER
! 428 10915 0 sims=389753 BLOCKER
> 11867 2299 110 -113 -168 1
> 6449 5150 465 38 -143 0
> 5402 5030 51 72 5 2
> 7390 4586 -299 417 137 1
! -87585 12751 200
! -50908 -76765 200
> 11867 2299 110 -113 -168 1
> 6449 5150 465 38 -143 0
> 5402 5030 51 72 5 2
> 7390 4586 -299 417 137 1
! 15364 5902 0 sims=377888 RUNNER
! 76 11406 SHIELD sims=377888 BLOCKER
> 11778 2207 -75 -78 174 1
> 6155 5538 -153 695 -125 0
> 5240 5036 -637 -150 5 2
> 7177 4958 -140 295 137 1
! -79576 42880 200
! -23082 -90092 200
> 11778 2207 -75 -78 174 1
> 6155 5538 -153 695 -125 0
> 5240 5036 -637 -150 5 2
> 7177 4958 -140 295 137 1
! 15202 5908 0 sims=470407 RUNNER
! 2329 13704 0 sims=470407 BLOCKER
> 11520 2210 -219 2 156 1
> 5944 6042 -179 428 -107 0
> 4603 4886 -541 -127 5 2
> 7037 5253 -119 250 119 1
! -62794 69123 200
! -23293 -89588 200
> 11520 2210 -219 2 156 1
> 5944 6042 -179 428 -107 0
> 4603 4886 -541 -127 5 2
> 7037 5253 -119 250 119 1
! 13808 8793 0 sims=460950 RUNNER
! 5129 15069 0 sims=460950 BLOCKER
> 11152 2346 -312 115 138 1
> 5707 6279 -201 201 -107 0
> 4062 4759 -459 -107 23 2
> 6918 5503 -101 212 101 1
! -38847 88948 200
! -23530 -89351 200
> 11152 2346 -312 115 138 1
> 5707 6279 -201 201 -107 0
> 4062 4759 -459 -107 23 2
> 6918 5503 -101 212 101 1
! 14024 5631 200 sims=445949 RUNNER
! 8137 15428 0 sims=445949 BLOCKER
> 10740 2634 -350 244 120 1
> 5448 6289 -220 8 -107 0
> 3802 4669 -220 -76 5 2
> 6817 5715 -85 180 83 1
! -39259 89236 200
! -23789 -89341 200
> 10740 2634 -350 244 120 1
> 5448 6289 -220 8 -107 0
> 3802 4669 -220 -76 5 2
> 6817 5715 -85 180 83 1
! 13546 2419 200 sims=423073 RUNNER
! 11043 14778 0 sims=423073 BLOCKER
> 10290 3051 -382 354 120 1
> 5170 6106 -236 -155 -107 0
> 3777 4548 -21 -102 -13 2
> 6732 5895 -72 153 65 1
! -39709 89653 200
! 6915 -93878 200
> 10290 3051 -382 354 120 1
> 5170 6106 -236 -155 -107 0
> 3777 4548 -21 -102 -13 2
> 6732 5895 -72 153 65 1
! 12349 -602 200 sims=416570 RUNNER
! 13552 13209 0 sims=416570 BLOCKER
> 9808 3578 -409 448 120 1
> 4937 5751 -197 -301 -89 0
> 3927 4343 127 -174 -31 2
> 6660 6048 -61 130 47 1
! -64506 70491 200
! 37493 -88800 200
> 9808 3578 -409 448 120 1
> 4937 5751 -197 -301 -89 0
> 3927 4343 127 -174 -31 2
> 6660 6048 -61 130 47 1
! 13671 2093 0 sims=406105 RUNNER
! 15406 10896 0 sims=406105 BLOCKER
> 9250 4160 -473 494 138 1
> 4805 5261 -112 -416 -71 0
> 4054 4169 107 -147 -13 2
> 6599 6178 -51 110 29 1
! -65064 71073 200
! 64986 -74602 SHIELD
> 9250 4160 -473 494 138 1
> 4805 5261 -112 -416 -71 0
> 4054 4169 107 -147 -13 2
> 6599 6178 -51 110 29 1
! 14016 5041 0 sims=376355 RUNNER
! 16415 8086 200 sims=376355 BLOCKER
> 8628 4788 -528 533 138 1
> 4693 4845 -95 -353 -53 0
> 4161 4022 90 -124 5 2
> 6744 6326 123 125 11 1
! -41371 91390 0
! 37249 -89706 0
> 8628 4788 -528 533 138 1
> 4693 4845 -95 -353 -53 0
> 4161 4022 90 -124 5 2
> 6744 6326 123 125 11 1
! 13366 7929 0 sims=382340 RUNNER
! 15490 11174 200 sims=382340 BLOCKER
> 8100 5321 -448 453 120 1
> 4657 4588 48 -88 -71 0
> 4192 3802 -53 -316 23 2
> 7042 6548 253 188 29 2
! -12691 103135 0
! 64838 -75275 0
> 8100 5321 -448 453 120 1
> 4657 4588 48 -88 -71 0
> 4192 3802 -53 -316 23 2
> 7042 6548 253 188 29 2
! 11739 10363 0 sims=423493 RUNNER
! 13862 13862 200 sims=423493 BLOCKER
> 7652 5774 -380 385 102 1
> 4705 4500 40 -74 -53 0
> 4139 3486 -45 -268 41 2
> 7431 6882 330 284 47 2
! -13139 103588 200
! 86620 -52857 0
> 7652 5774 -380 385 102 1
> 4705 4500 40 -74 -53 0
> 4139 3486 -45 -268 41 2
> 7431 6882 330 284 47 2
! 9289 12058 0 sims=420406 RUNNER
! 11657 15945 0 sims=420406 BLOCKER
> 7230 6355 -358 493 102 1
> 4745 4426 34 -62 -35 0
> 4094 3218 -38 -227 59 2
> 7761 7166 280 241 65 2
! -42769 92957 0
! 100375 -24811 0
> 7230 6355 -358 493 102 1
> 4745 4426 34 -62 -35 0
> 4094 3218 -38 -227 59 2
> 7761 7166 280 241 65 2
! 6344 12962 200 sims=447573 RUNNER
! 8980 17091 0 sims=447573 BLOCKER
> 6872 6848 -304 419 120 2
> 4779 4364 28 -52 -17 0
> 4101 3186 5 -27 77 2
> 8041 7407 238 204 83 2
! -67442 73761 0
! 104763 6109 0
> 6872 6848 -304 419 120 2
> 4779 4364 28 -52 -17 0
> 4101 3186 5 -27 77 2
> 8041 7407 238 204 83 2
! 9251 11758 200 sims=457422 RUNNER
! 6133 17223 0 sims=457422 BLOCKER
> 6568 7267 -258 356 138 2
> 4807 4312 23 -44 1 0
> 4209 3330 91 122 59 2
> 8279 7611 202 173 101 2
! -84786 47940 0
! 104791 6057 SHIELD
> 6568 7267 -258 356 138 2
> 4807 4312 23 -44 1 0
> 4209 3330 91 122 59 2
> 8279 7611 202 173 101 2
! 6459 13074 200 sims=426797 RUNNER
! 3431 16357 0 sims=426797 BLOCKER
> 6310 7623 -219 302 156 2
> 4831 4270 53 5 1 0
> 4332 3630 -219 -164 77 2
> 8481 7784 171 147 119 2
! -93142 18075 0
! 100461 -24967 200
> 6310 7623 -219 302 156 2
> 4831 4270 53 5 1 0
> 4332 3630 -219 -164 77 2
> 8481 7784 171 147 119 2
! 9482 12202 200 sims=442995 RUNNER
! 1167 14604 0 sims=442995 BLOCKER
> 6091 7925 -186 256 174 2
> 4884 4275 45 4 -17 0
> 4216 3637 -98 6 59 2
> 8652 7931 145 124 137 2
! -91723 -12866 0
! 104868 6020 0
> 6091 7925 -186 256 174 2
> 4884 4275 45 4 -17 0
> 4216 3637 -98 6 59 2
> 8652 7931 145 124 137 2
! 11763 10198 200 sims=441224 RUNNER
! -411 12157 0 sims=441224 BLOCKER
> 5905 8181 -158 217 192 2
> 4929 4279 38 3 1 0
> 4269 3774 44 116 41 2
> 8797 8055 123 105 155 2
! -80697 -41818 0
! 100559 -24958 0
> 5905 8181 -158 217 192 2
> 4929 4279 38 3 1 0
> 4269 3774 44 116 41 2
> 8797 8055 123 105 155 2
! 13474 7681 0 sims=440447 RUNNER
! -1128 9274 200 sims=440447 BLOCKER
> 5747 8398 -134 184 -150 2
> 5039 4332 140 77 -17 0
> 4241 3840 -70 23 23 2
> 8721 8184 -64 109 173 2
! -61166 -65916 200
! 100669 -24905 0
> 5747 8398 -134 184 -150 2
> 5039 4332 140 77 -17 0
> 4241 3840 -70 23 23 2
> 8721 8184 -64 109 173 2
! 11788 10401 200 sims=417606 RUNNER
! -1095 6276 200 sims=417606 BLOCKER
> 5479 8433 -227 30 -132 2
> 5179 4409 119 65 -17 0
> 4322 3994 68 131 41 2
> 8461 8255 -221 60 191 2
! -35194 -82921 200
! 105163 6154 SHIELD
> 5479 8433 -227 30 -132 2
> 5179 4409 119 65 -17 0
> 4322 3994 68 131 41 2
> 8461 8255 -221 60 191 2
! 13527 7901 200 sims=399931 RUNNER
! -285 3407 200 sims=399931 BLOCKER
> 5171 8280 -262 -129 -114 2
> 5303 4476 126 65 1 0
> 4528 4185 -39 77 23 2
> 8065 8218 -336 -31 209 2
! -5281 -91172 200
! 99854 37032 200
> 5171 8280 -262 -129 -114 2
> 5303 4476 126 65 1 0
> 4528 4185 -39 77 23 2
> 8065 8218 -336 -31 209 2
! 13733 8092 200 sims=377853 RUNNER
! 1245 904 200 sims=377853 BLOCKER
> 4888 7952 -240 -278 -96 2
> 5485 4558 222 91 19 0
> 4617 4323 7 95 23 2
> 7593 8041 -401 -150 227 2
! 25679 -89862 200
! 105469 6303 200
> 4888 7952 -240 -278 -96 2
> 5485 4558 222 91 19 0
> 4617 4323 7 95 23 2
> 7593 8041 -401 -150 227 2
! 13822 8230 200 sims=284018 RUNNER
! 3367 -1022 200 sims=284018 BLOCKER
> 4690 7478 -168 -402 -78 2
> 5707 4649 188 77 1 0
> 4808 4496 162 147 23 2
> 7107 7710 -412 -281 245 2
! 54689 -79124 200
! 101337 -24588 SHIELD
> 4690 7478 -168 -402 -78 2
> 5707 4649 188 77 1 0
> 4808 4496 162 147 23 2
> 7107 7710 -412 -281 245 2
! 14770 5368 200 sims=313754 RUNNER
! 287 396 200 sims=313754 BLOCKER
> 4622 6903 -57 -488 -60 2
> 5908 4728 187 68 -17 0
> 5040 4644 26 104 5 2
> 6559 7283 -466 -363 -133 2
! 78936 -60010 200
! 87823 -52629 0
> 4622 6903 -57 -488 -60 2
> 5908 4728 187 68 -17 0
> 5040 4644 26 104 5 2
> 6559 7283 -466 -363 -133 2
! 14245 8551 200 sims=341824 RUNNER
! 2333 -1780 0 sims=341824 BLOCKER
> 4714 6281 77 -528 -42 2
> 6095 4796 158 57 -35 0
> 5250 4826 178 154 23 2
> 6093 6920 -396 -308 -115 2
! 96068 -34392 0
! 88010 -52561 SHIELD
> 4714 6281 77 -528 -42 2
> 6095 4796 158 57 -35 0
> 5250 4826 178 154 23 2
> 6093 6920 -396 -308 -115 2
! 15212 5698 200 sims=311311 RUNNER
! 1867 -2143 200 sims=311311 BLOCKER
> 4791 5753 65 -448 -24 2
> 6283 4851 166 46 -35 0
> 5326 5018 -4 167 5 2
> 5612 6431 -408 -415 -115 2
! 79105 -61160 200
! 66464 -75012 0
> 4791 5753 65 -448 -24 2
> 6283 4851 166 46 -35 0
> 5326 5018 -4 167 5 2
> 5612 6431 -408 -415 -115 2
! 15070 2768 200 sims=352786 RUNNER
! 1386 -2632 SHIELD sims=352786 BLOCKER
> 4604 5383 -502 -544 -42 2
> 6613 4887 483 17 -53 0
> 5643 4823 124 -219 -13 2
> 5215 6027 -308 -313 -115 2
! 95958 -35290 200
! 39169 -89664 0
> 4604 5383 -502 -544 -42 2
> 6613 4887 483 17 -53 0
> 5643 4823 124 -219 -13 2
> 5215 6027 -308 -313 -115 2
! 15605 5695 0 sims=435883 RUNNER
! 3996 -3898 0 sims=435883 BLOCKER
> 4285 4758 -271 -531 -24 2
> 7096 4904 410 14 -71 0
> 5767 4604 105 -186 5 2
> 4907 5714 -261 -266 -97 2
! 103737 -5694 200
! 8841 -95080 0
> 4285 4758 -271 -531 -24 2
> 7096 4904 410 14 -71 0
> 5767 4604 105 -186 5 2
> 4907 5714 -261 -266 -97 2
! 14972 8511 0 sims=424305 RUNNER
! 6815 -4102 0 sims=424305 BLOCKER
> 4213 4206 -61 -469 -6 2
> 7506 4918 348 11 -89 0
> 5872 4418 89 -158 23 2
> 4646 5448 -221 -226 -79 2
! 102027 24997 200
! -21731 -90712 0
> 4213 4206 -61 -469 -6 2
> 7506 4918 348 11 -89 0
> 5872 4418 89 -158 23 2
> 4646 5448 -221 -226 -79 2
! 13419 10979 0 sims=393519 RUNNER
! 9494 -3298 0 sims=393519 BLOCKER
> 4348 3779 114 -363 12 2
> 7854 4929 295 9 -107 0
> 5961 4260 75 -134 41 2
> 4425 5222 -187 -192 -61 2
! 90950 53778 200
! -49503 -76986 200
> 4348 3779 114 -363 12 2
> 7854 4929 295 9 -107 0
> 5961 4260 75 -134 41 2
> 4425 5222 -187 -192 -61 2
! 11111 12832 0 sims=381885 RUNNER
! 11739 -1598 200 sims=381885 BLOCKER
> 4635 3516 244 -223 30 2
> 8034 4774 153 -131 -125 0
> 6036 4126 63 -113 59 2
> 4384 4894 -34 -279 -43 2
! 71548 77830 200
! -71829 -55407 200
> 4635 3516 244 -223 30 2
> 8034 4774 153 -131 -125 0
> 6036 4126 63 -113 59 2
> 4384 4894 -34 -279 -43 2
! 8286 13870 0 sims=348754 RUNNER
! 13447 668 200 sims=348754 BLOCKER
> 5013 3442 321 -63 48 2
> 8027 4523 -5 -213 -143 0
> 6099 4013 53 -96 77 2
> 4531 4530 125 -309 -25 2
! 71926 77756 200
! -86524 -28033 0
> 5013 3442 321 -63 48 2
> 8027 4523 -5 -213 -143 0
> 6099 4013 53 -96 77 2
> 4531 4530 125 -309 -25 2
! 5227 13975 200 sims=324786 RUNNER
! 14456 3311 200 sims=324786 BLOCKER
> 5468 3528 386 72 48 2
> 8022 4310 -4 -181 -161 0
> 6135 4116 30 87 95 2
> 4855 4197 274 -283 -7 2
! 46141 94882 0
! -86529 -28246 200
> 5468 3528 386 72 48 2
> 8022 4310 -4 -181 -161 0
> 6135 4116 30 87 95 2
> 4855 4197 274 -283 -7 2
! 5263 14078 SHIELD sims=336630 RUNNER
! 14780 2978 200 sims=336630 BLOCKER
> 5853 3268 313 -372 66 2
> 7829 4064 -164 -209 -161 0
> 6181 4221 46 98 95 2
> 5169 4038 201 -74 -7 2
! 16305 102720 0
! -92155 2318 0
> 5853 3268 313 -372 66 2
> 7829 4064 -164 -209 -161 0
> 6181 4221 46 98 95 2
> 5169 4038 201 -74 -7 2
! 2274 13426 0 sims=322392 RUNNER
! 14232 -188 0 sims=322392 BLOCKER
> 6166 2896 266 -316 84 2
> 7665 3855 -139 -177 -179 0
> 6227 4319 39 83 113 2
> 5370 3964 170 -62 -25 2
! 16618 102348 0
! -87965 33092 200
> 6166 2896 266 -316 84 2
> 7665 3855 -139 -177 -179 0
> 6227 4319 39 83 113 2
> 5370 3964 170 -62 -25 2
! 5355 14281 0 sims=353486 RUNNER
! 15295 2745 0 sims=353486 BLOCKER
> 6432 2580 226 -268 84 2
> 7335 3736 -280 -100 -197 0
> 6266 4402 33 70 95 2
> 5540 3902 144 -52 -7 2
! -14359 100394 200
! -74580 61093 200
> 6432 2580 226 -268 84 2
> 7335 3736 -280 -100 -197 0
> 6266 4402 33 70 95 2
> 5540 3902 144 -52 -7 2
! 5394 14364 0 sims=340774 RUNNER
! 14603 -324 200 sims=340774 BLOCKER
> 6616 2508 156 -61 102 2
> 6891 3751 -377 12 -215 0
> 6299 4472 28 59 95 2
> 5865 3765 276 -116 -25 2
! -43383 89110 200
! -53290 83614 SHIELD
> 6616 2508 156 -61 102 2
> 6891 3751 -377 12 -215 0
> 6299 4472 28 59 95 2
> 5865 3765 276 -116 -25 2
! 8549 14216 200 sims=318493 RUNNER
! 15790 2546 0 sims=318493 BLOCKER
> 6672 2620 47 95 120 2
> 6591 3766 -220 14 -233 0
> 6372 4726 62 215 77 2
> 5373 3620 -765 -136 -7 2
! -14119 100434 0
! -25965 98317 200
> 6672 2620 47 95 120 2
> 6591 3766 -220 14 -233 0
> 6372 4726 62 215 77 2
> 5373 3620 -765 -136 -7 2
! 11522 13298 0 sims=388507 RUNNER
! 15189 5528 200 sims=388507 BLOCKER
> 6719 2715 39 80 102 2
> 6371 3780 -187 11 -251 0
> 6434 4941 52 182 59 0
> 4804 3522 -483 -83 11 2
! 17171 102167 200
! 4625 103764 0
> 6719 2715 39 80 102 2
> 6371 3780 -187 11 -251 0
> 6434 4941 52 182 59 0
> 4804 3522 -483 -83 11 2
! 13981 11502 0 sims=406287 RUNNER
! 14729 2303 200 sims=406287 BLOCKER
> 6779 2994 50 237 84 2
> 6184 3791 -158 9 91 0
> 6486 5123 44 154 41 0
> 4520 3415 -241 -91 -7 2
! -14012 100808 0
! 35421 99421 200
> 6779 2994 50 237 84 2
> 6184 3791 -158 9 91 0
> 6486 5123 44 154 41 0
> 4520 3415 -241 -91 -7 2
! 15691 9030 200 sims=409416 RUNNER
! 14445 2196 200 sims=409416 BLOCKER
> 6829 3231 42 201 102 2
> 6026 3800 -134 7 73 0
> 6714 5355 193 197 23 0
> 4478 3300 -36 -98 -7 2
! -43170 89833 200
! 63383 85715 0
> 6829 3231 42 201 102 2
> 6026 3800 -134 7 73 0
> 6714 5355 193 197 23 0
> 4478 3300 -36 -98 -7 2
! 16676 6227 200 sims=347368 RUNNER
! 14403 2081 200 sims=347368 BLOCKER
> 6771 3605 -49 318 120 2
> 5892 3807 -113 5 55 0
> 7106 5569 333 182 5 0
> 4641 3178 138 -104 -7 2
! -43228 90207 200
! 85755 63988 0
> 6771 3605 -49 318 120 2
> 5892 3807 -113 5 55 0
> 7106 5569 333 182 5 0
> 4641 3178 138 -104 -7 2
! 16850 3319 200 sims=405300 RUNNER
! 14566 1959 200 sims=405300 BLOCKER
> 6622 4096 -126 417 120 2
> 5779 3812 -96 4 37 0
> 7634 5706 448 116 -13 0
> 4978 3050 286 -109 -7 2
! -14169 101910 200
! 100330 36368 200
> 6622 4096 -126 417 120 2
> 5779 3812 -96 4 37 0
> 7634 5706 448 116 -13 0
> 4978 3050 286 -109 -7 2
! 16206 556 200 sims=426545 RUNNER
! 14903 1831 200 sims=426545 BLOCKER
> 6454 4709 -142 520 102 2
> 5872 3881 79 58 19 0
> 8253 5719 526 11 -31 0
> 5463 2917 411 -113 -7 2
! 16906 104161 0
! 105856 5626 0
> 6454 4709 -142 520 102 2
> 5872 3881 79 58 19 0
> 8253 5719 526 11 -31 0
> 5463 2917 411 -113 -7 2
! 14814 -1828 200 sims=428855 RUNNER
! 15279 4825 200 sims=428855 BLOCKER
> 6312 5229 -120 442 84 0
> 5951 3939 67 49 1 0
> 8910 5579 558 -118 -49 0
> 6070 2842 516 -63 11 2
! 46985 96583 0
! 105935 5684 0
> 6312 5229 -120 442 84 0
> 5951 3939 67 49 1 0
> 8910 5579 558 -118 -49 0
> 6070 2842 516 -63 11 2
! 12817 -3626 200 sims=434483 RUNNER
! 15995 1623 200 sims=434483 BLOCKER
> 6192 5671 -102 375 66 0
> 6018 3988 56 41 1 0
> 9546 5277 540 -256 -67 0
> 6785 2755 607 -74 -7 2
! 73105 79985 0
! 106002 5733 0
> 6192 5671 -102 375 66 0
> 6018 3988 56 41 1 0
> 9546 5277 540 -256 -67 0
> 6785 2755 607 -74 -7 2
! 10418 -4685 0 sims=449463 RUNNER
! 16601 4663 0 sims=449463 BLOCKER
> 6090 6046 -86 318 48 0
> 6074 4029 47 34 1 0
> 10086 5021 459 -217 -85 0
> 7392 2681 515 -62 11 2
! 92692 56045 0
! 106058 5774 200
> 6090 6046 -86 318 48 0
> 6074 4029 47 34 1 0
> 10086 5021 459 -217 -85 0
> 7392 2681 515 -62 11 2
! 7836 -4723 200 sims=383173 RUNNER
! 17317 1462 0 sims=383173 BLOCKER
> 6004 6364 -73 270 30 0
> 6321 4066 209 31 1 0
> 10500 4609 351 -350 -103 0
> 7907 2619 437 -52 -7 2
! 103818 27155 0
! 106305 5811 200
> 6004 6364 -73 270 30 0
> 6321 4066 209 31 1 0
> 10500 4609 351 -350 -103 0
> 7907 2619 437 -52 -7 2
! 5350 -3963 0 sims=400701 RUNNER
! 17723 4527 0 sims=400701 BLOCKER
> 5931 6634 -62 229 12 0
> 6730 4100 347 29 1 0
> 10851 4259 298 -297 -121 0
> 8344 2567 371 -44 11 2
! 105383 -3818 200
! 102360 -25137 0
> 5931 6634 -62 229 12 0
> 6730 4100 347 29 1 0
> 10851 4259 298 -297 -121 0
> 8344 2567 371 -44 11 2
! 3304 -2302 0 sims=406280 RUNNER
! 17090 7415 0 sims=406280 BLOCKER
> 6068 6842 116 176 -6 0
> 7077 4129 294 24 -17 0
> 11149 3962 253 -252 -139 0
> 8715 2523 315 -37 29 2
! 97422 -33831 200
! 102707 -25108 200
> 6068 6842 116 176 -6 0
> 7077 4129 294 24 -17 0
> 11149 3962 253 -252 -139 0
> 8715 2523 315 -37 29 2
! 1944 55 0 sims=393848 RUNNER
! 18531 4431 0 sims=393848 BLOCKER
> 6367 6937 253 80 -24 0
> 7562 4095 412 -29 -17 0
> 11402 3710 215 -214 -157 0
> 9030 2486 267 -31 11 2
! 80681 -59976 200
! 89477 -53262 0
> 6367 6937 253 80 -24 0
> 7562 4095 412 -29 -17 0
> 11402 3710 215 -214 -157 0
> 9030 2486 267 -31 11 2
! 3855 -2851 200 sims=389298 RUNNER
! 17776 7334 0 sims=389298 BLOCKER
> 6769 6883 341 -45 -42 0
> 7974 4066 350 -24 -35 0
> 11466 3365 54 -293 -139 1
> 9297 2455 226 -26 29 2
! 56768 -79719 200
! 68155 -75797 0
> 6769 6883 341 -45 -42 0
> 7974 4066 350 -24 -35 0
> 11466 3365 54 -293 -139 1
> 9297 2455 226 -26 29 2
! 2261 -542 0 sims=340410 RUNNER
! 16117 9769 0 sims=340410 BLOCKER
> 7210 6665 374 -185 -60 0
> 8324 4042 297 -20 -53 0
> 11520 3072 45 -249 -157 1
> 9523 2429 192 -22 47 2
! 57209 -79937 200
! 90239 -53315 0
> 7210 6665 374 -185 -60 0
> 8324 4042 297 -20 -53 0
> 11520 3072 45 -249 -157 1
> 9523 2429 192 -22 47 2
! 1558 2200 0 sims=360577 RUNNER
! 13749 11492 0 sims=360577 BLOCKER
> 7684 6307 402 -304 -60 0
> 8621 4022 252 -17 -35 0
> 11565 2823 38 -211 -175 1
> 9715 2407 163 -18 65 2
! 81998 -60606 200
! 68802 -75841 200
> 7684 6307 402 -304 -60 0
> 8621 4022 252 -17 -35 0
> 11565 2823 38 -211 -175 1
> 9715 2407 163 -18 65 2
! 1821 5073 200 sims=331387 RUNNER
! 10934 12332 0 sims=331387 BLOCKER
> 8235 5869 468 -372 -42 0
> 8993 3845 316 -150 -53 0
> 11408 2657 -133 -141 -193 1
> 9878 2389 138 -15 83 2
! 58234 -80733 200
! 90908 -53512 200
> 8235 5869 468 -372 -42 0
> 8993 3845 316 -150 -53 0
> 11408 2657 -133 -141 -193 1
> 9878 2389 138 -15 83 2
! 2836 7807 200 sims=333879 RUNNER
! 7970 12205 200 sims=333879 BLOCKER
> 8803 5324 482 -463 -60 0
> 9473 3580 407 -225 -35 0
> 11104 2619 -258 -32 149 1
> 9978 2570 84 154 101 2
! 58802 -81278 200
! 69654 -76283 0
> 8803 5324 482 -463 -60 0
> 9473 3580 407 -225 -35 0
> 11104 2619 -258 -32 149 1
> 9978 2570 84 154 101 2
! 4543 10166 200 sims=334628 RUNNER
! 8070 12386 SHIELD sims=334628 BLOCKER
> 9385 4688 494 -540 -60 0
> 9781 3617 75 526 -53 0
> 10982 2746 401 123 131 1
> 10045 2697 25 56 101 2
! 83699 -62225 SHIELD
! 91696 -53740 200
> 9385 4688 494 -540 -60 0
> 9781 3617 75 526 -53 0
> 10982 2746 401 123 131 1
> 10045 2697 25 56 101 2
! 7075 11951 200 sims=381108 RUNNER
! 11264 12622 0 sims=381108 BLOCKER
> 9835 4255 362 -319 -42 0
> 10449 3562 755 65 -35 0
> 11305 3053 274 261 113 1
> 10084 2152 47 -1061 83 2
! 101189 -36418 SHIELD
! 106079 -25675 SHIELD
> 9835 4255 362 -319 -42 0
> 10449 3562 755 65 -35 0
> 11305 3053 274 261 113 1
> 10084 2152 47 -1061 83 2
! 7398 12258 SHIELD sims=411810 RUNNER
! 8176 11968 0 sims=411810 BLOCKER
> 10144 3956 97 -193 -24 0
> 10992 3778 487 212 -17 0
> 11844 3143 597 -13 113 1
> 10131 1091 39 -901 101 2
! 109596 -6496 0
! 92907 -53579 0
> 10144 3956 97 -193 -24 0
> 10992 3778 487 212 -17 0
> 11844 3143 597 -13 113 1
> 10131 1091 39 -901 101 2
! 5283 10690 0 sims=436499 RUNNER
! 8223 10907 0 sims=436499 BLOCKER
> 10241 3763 82 -164 -6 0
> 11479 3990 413 180 -35 0
> 12441 3130 507 -11 131 1
> 10170 190 33 -765 101 2
! 109693 -6689 0
! 93394 -53367 0
> 10241 3763 82 -164 -6 0
> 11479 3990 413 180 -35 0
> 12441 3130 507 -11 131 1
> 10170 190 33 -765 101 2
! 3869 8280 0 sims=371952 RUNNER
! 8262 10006 200 sims=371952 BLOCKER
> 10323 3599 69 -139 -6 0
> 11892 4170 351 153 -35 0
> 12948 3119 430 -9 149 1
> 10165 -379 -4 -483 101 2
! 101677 -37074 0
! 72073 -75693 0
> 10323 3599 69 -139 -6 0
> 11892 4170 351 153 -35 0
> 12948 3119 430 -9 149 1
> 10165 -379 -4 -483 101 2
! 3204 5369 0 sims=418705 RUNNER
! 8257 9437 200 sims=418705 BLOCKER
> 10392 3460 58 -118 -24 0
> 12243 4323 298 130 -53 0
> 13378 3110 365 -7 167 1
> 10123 -666 -35 -243 101 2
! 109844 -6992 200
! 44799 -90228 200
> 10392 3460 58 -118 -24 0
> 12243 4323 298 130 -53 0
> 13378 3110 365 -7 167 1
> 10123 -666 -35 -243 101 2
! 3416 2238 200 sims=423542 RUNNER
! 8215 9150 200 sims=423542 BLOCKER
> 10649 3321 218 -118 -6 0
> 12606 4264 308 -50 -71 0
> 13544 3086 140 -20 185 1
> 10050 -713 -62 -39 101 2
! 108463 24112 0
! 14351 -95720 200
> 10649 3321 218 -118 -6 0
> 12606 4264 308 -50 -71 0
> 13544 3086 140 -20 185 1
> 10050 -713 -62 -39 101 2
! 4339 -821 200 sims=390362 RUNNER
! 8142 9103 200 sims=390362 BLOCKER
> 10867 3203 185 -100 12 1
> 12917 4014 264 -212 -89 0
> 13500 2988 -37 -83 203 1
> 9950 -556 -85 133 101 2
! 97469 53202 0
! -16320 -91616 200
> 10867 3203 185 -100 12 1
> 12917 4014 264 -212 -89 0
> 13500 2988 -37 -83 203 1
> 9950 -556 -85 133 101 2
! 5953 -3573 200 sims=378462 RUNNER
! 8042 9260 200 sims=378462 BLOCKER
> 11052 3103 157 -85 30 1
> 13123 3611 174 -342 -107 0
> 13312 2774 -159 -182 221 1
> 9827 -227 -104 279 101 2
! 77965 77417 0
! -44234 -78304 200
> 11052 3103 157 -85 30 1
> 13123 3611 174 -342 -107 0
> 13312 2774 -159 -182 221 1
> 9827 -227 -104 279 101 2
! 4107 -1133 200 sims=415478 RUNNER
! 7919 9589 200 sims=415478 BLOCKER
> 11209 3018 133 -72 48 1
> 13147 3348 13 -176 -125 0
> 13004 2271 -254 -474 -157 1
> 9685 248 -120 404 101 2
! 51882 94372 200
! -66716 -56833 0
> 11209 3018 133 -72 48 1
> 13147 3348 13 -176 -125 0
> 13004 2271 -254 -474 -157 1
> 9685 248 -120 404 101 2
! 3042 1399 200 sims=390908 RUNNER
! 7777 10064 200 sims=390908 BLOCKER
> 11423 3129 182 94 66 1
> 13160 3172 11 -149 -143 0
> 12551 1780 -385 -417 -175 1
> 9527 848 -134 510 101 2
! 21875 102581 0
! -81391 -29384 0
> 11423 3129 182 94 66 1
> 13160 3172 11 -149 -143 0
> 12551 1780 -385 -417 -175 1
> 9527 848 -134 510 101 2
! 2807 4030 200 sims=428862 RUNNER
! 7619 10664 200 sims=428862 BLOCKER
> 11605 3223 154 79 84 1
> 13171 3023 9 -126 -161 0
> 11971 1408 -492 -316 -193 1
> 9355 1554 -146 600 101 2
! -9186 101037 200
! -86813 1277 200
> 11605 3223 154 79 84 1
> 13171 3023 9 -126 -161 0
> 11971 1408 -492 -316 -193 1
> 9355 1554 -146 600 101 2
! 3399 6558 200 sims=436408 RUNNER
! 4507 10300 200 sims=436408 BLOCKER
> 11717 3498 95 233 102 1
> 12980 2894 -162 -110 -179 0
> 11308 1195 -563 -181 149 1
> 9112 2329 -206 658 119 2
! -38282 90100 0
! -82650 32131 200
> 11717 3498 95 233 102 1
> 12980 2894 -162 -110 -179 0
> 11308 1195 -563 -181 149 1
> 9112 2329 -206 658 119 2
! 4747 8742 200 sims=427518 RUNNER
! 7204 12145 0 sims=427518 BLOCKER
> 11812 3731 80 198 120 1
> 12627 2842 -300 -43 -197 0
> 10614 1165 -590 -25 131 1
> 8906 2987 -175 559 101 2
! -62502 70644 200
! -83003 32079 200
> 11812 3731 80 198 120 1
> 12627 2842 -300 -43 -197 0
> 10614 1165 -590 -25 131 1
> 8906 2987 -175 559 101 2
! 6707 10370 200 sims=419293 RUNNER
! 4058 11733 0 sims=419293 BLOCKER
> 11743 4063 -58 282 138 1
> 12136 2857 -417 13 163 0
> 9946 1324 -567 135 113 1
> 8731 3546 -148 475 119 2
! -79611 44736 200
! -69779 60214 200
> 11743 4063 -58 282 138 1
> 12136 2857 -417 13 163 0
> 9946 1324 -567 135 113 1
> 8731 3546 -148 475 119 2
! 9074 11286 200 sims=387331 RUNNER
! 6823 13362 0 sims=387331 BLOCKER
> 11502 4426 -204 308 156 1
> 11555 2985 -493 108 145 1
> 9362 1658 -496 284 95 1
> 8583 4021 -125 403 101 2
! -87950 14878 200
! -70360 60342 200
> 11502 4426 -204 308 156 1
> 11555 2985 -493 108 145 1
> 9362 1658 -496 284 95 1
> 8583 4021 -125 403 101 2
! 11612 11402 200 sims=314601 RUNNER
! 9802 13946 0 sims=314601 BLOCKER
> 11099 4755 -342 279 174 1
> 10898 3208 -558 189 145 1
> 8911 2137 -383 407 77 1
> 8458 4424 -106 342 83 2
! -86715 -16036 200
! -71017 60565 200
> 11099 4755 -342 279 174 1
> 10898 3208 -558 189 145 1
> 8911 2137 -383 407 77 1
> 8458 4424 -106 342 83 2
! 14061 10709 200 sims=377097 RUNNER
! 12684 13487 0 sims=377097 BLOCKER
> 10561 4992 -456 201 192 1
> 10176 3512 -613 258 145 1
> 8631 2715 -238 491 59 1
> 8352 4766 -90 290 65 2
! -88891 15444 200
! -85454 32749 200
> 10561 4992 -456 201 192 1
> 10176 3512 -613 258 145 1
> 8631 2715 -238 491 59 1
> 8352 4766 -90 290 65 2
! 16178 9276 200 sims=362341 RUNNER
! 15172 12080 0 sims=362341 BLOCKER
> 9906 5214 -556 188 174 1
> 9372 3828 -683 269 163 1
> 8544 3337 -74 528 41 1
> 8262 5056 -76 246 47 2
! -89546 15666 200
! -72543 61185 SHIELD
> 9906 5214 -556 188 174 1
> 9372 3828 -683 269 163 1
> 8544 3337 -74 528 41 1
> 8262 5056 -76 246 47 2
! 13694 11909 0 sims=350154 RUNNER
! 17008 9904 200 sims=350154 BLOCKER
> 9161 5423 86 200 174 1
> 8765 4145 -495 282 145 1
> 7715 3389 -916 -89 59 1
> 8351 5399 -644 268 29 2
! -82193 46096 200
! -51416 84008 0
> 9161 5423 86 200 174 1
> 8765 4145 -495 282 145 1
> 7715 3389 -916 -89 59 1
> 8351 5399 -644 268 29 2
! 15262 9950 200 sims=405692 RUNNER
! 18167 7307 200 sims=405692 BLOCKER
> 9064 5704 -82 239 156 1
> 8270 4427 -420 239 127 1
> 6950 3431 -650 35 41 1
> 7903 5705 -380 260 11 2
! -90388 16156 200
! -24286 98978 0
> 9064 5704 -82 239 156 1
> 8270 4427 -420 239 127 1
> 6950 3431 -650 35 41 1
> 7903 5705 -380 260 11 2
! 14497 9992 200 sims=388794 RUNNER
! 17719 7613 200 sims=388794 BLOCKER
> 8783 5964 -238 220 174 1
> 7850 4666 -357 203 109 1
> 6451 3597 -424 141 41 1
> 7719 6003 -156 253 11 2
! -90669 16416 200
! 6104 104650 0
> 8783 5964 -238 220 174 1
> 7850 4666 -357 203 109 1
> 6451 3597 -424 141 41 1
> 7719 6003 -156 253 11 2
! 13998 10158 200 sims=346745 RUNNER
! 17644 4784 200 sims=346745 BLOCKER
> 8561 6196 35 188 174 1
> 7493 4869 -303 172 91 1
> 6178 3869 -232 231 41 1
> 7547 6240 -371 210 -7 2
! -89253 -14595 200
! 5747 104853 0
> 8561 6196 35 188 174 1
> 7493 4869 -303 172 91 1
> 6178 3869 -232 231 41 1
> 7547 6240 -371 210 -7 2
! 13725 10430 200 sims=320327 RUNNER
! 17472 5021 200 sims=320327 BLOCKER
> 8400 6342 -136 124 -168 1
> 7190 5041 -257 146 91 1
> 6097 4231 -68 307 41 1
> 7375 6426 -146 157 -7 2
! -91052 16794 200
! 5444 105025 0
> 8400 6342 -136 124 -168 1
> 7190 5041 -257 146 91 1
> 6097 4231 -68 307 41 1
> 7375 6426 -146 157 -7 2
! 11247 12803 200 sims=287098 RUNNER
! 17300 5207 200 sims=287098 BLOCKER
> 8223 6472 42 91 174 1
> 6933 5187 -218 124 91 1
> 6132 4709 29 406 59 1
> 7270 6574 -282 144 -7 2
! -83131 47145 200
! 5187 105171 SHIELD
> 8223 6472 42 91 174 1
> 6933 5187 -218 124 91 1
> 6132 4709 29 406 59 1
> 7270 6574 -282 144 -7 2
! 13679 11270 200 sims=295694 RUNNER
! 16333 2348 0 sims=295694 BLOCKER
> 8082 6644 -119 146 156 1
> 6781 5347 -110 145 91 1
> 5648 4890 -590 57 41 1
> 6988 6718 -239 122 -25 2
! -91370 17096 200
! 5035 105331 0
> 8082 6644 -119 146 156 1
> 6781 5347 -110 145 91 1
> 5648 4890 -590 57 41 1
> 6988 6718 -239 122 -25 2
! 14853 8797 200 sims=332297 RUNNER
! 16913 5499 200 sims=332297 BLOCKER
> 7764 6811 -270 141 174 2
> 6671 5492 -93 123 91 1
> 5242 5025 -345 114 23 1
> 6948 6816 -34 82 -7 2
! -90050 -13980 200
! 35908 101122 200
> 7764 6811 -270 141 174 2
> 6671 5492 -93 123 91 1
> 5242 5025 -345 114 23 1
> 6948 6816 -34 82 -7 2
! 15204 5897 200 sims=354305 RUNNER
! 16011 2590 200 sims=354305 BLOCKER
> 7896 6909 125 82 -168 2
> 6578 5615 -79 104 73 1
> 5096 5156 -123 111 5 1
> 6498 6815 -396 0 -25 2
! -78706 -43090 200
! 4832 105599 0
> 7896 6909 125 82 -168 2
> 6578 5615 -79 104 73 1
> 5096 5156 -123 111 5 1
> 6498 6815 -396 0 -25 2
! 14301 9063 200 sims=318353 RUNNER
! 15561 2589 200 sims=318353 BLOCKER
> 7848 6891 -40 -15 -150 2
> 6499 5719 -67 88 91 1
> 5157 5345 51 160 23 1
> 6283 6730 -182 -71 -25 2
! -59065 -67423 200
! -26057 100270 0
> 7848 6891 -40 -15 -150 2
> 6499 5719 -67 88 91 1
> 5157 5345 51 160 23 1
> 6283 6730 -182 -71 -25 2
! 15119 6217 200 sims=237741 RUNNER
! 15346 2504 200 sims=237741 BLOCKER
> 7674 6727 -147 -139 -132 2
> 6435 5789 -15 -135 109 1
> 5407 5522 212 150 5 1
> 6279 6592 -41 77 -25 2
! -78928 -43272 200
! 4689 105773 0
> 7674 6727 -147 -139 -132 2
> 6435 5789 -15 -135 109 1
> 5407 5522 212 150 5 1
> 6279 6592 -41 77 -25 2
! 15369 6394 200 sims=278019 RUNNER
! 15342 2366 200 sims=278019 BLOCKER
> 7354 6488 -272 -203 -150 2
> 6626 5680 375 -65 91 1
> 5612 5663 -39 93 5 1
> 6419 6584 119 -6 -25 2
! -79248 -43511 0
! -25930 100231 200
> 7354 6488 -272 -203 -150 2
> 6626 5680 375 -65 91 1
> 5612 5663 -39 93 5 1
> 6419 6584 119 -6 -25 2
! 14817 9570 0 sims=375361 RUNNER
! 16344 5365 0 sims=375361 BLOCKER
> 7427 6436 288 86 -150 2
> 6791 5609 24 -216 109 1
> 5573 5756 -33 79 23 1
> 6338 6623 -180 57 -7 2
! -79175 -43563 200
! -25765 100160 200
> 7427 6436 288 86 -150 2
> 6791 5609 24 -216 109 1
> 5573 5756 -33 79 23 1
> 6338 6623 -180 57 -7 2
! 15535 6628 200 sims=264957 RUNNER
! 15401 2397 200 sims=264957 BLOCKER
> 7542 6422 97 -11 -150 2
> 6750 5582 -34 -22 109 1
> 5739 5852 141 81 5 1
> 6339 6595 1 -23 -25 2
! -90272 -14369 200
! -53431 85445 200
> 7542 6422 97 -11 -150 2
> 6750 5582 -34 -22 109 1
> 5739 5852 141 81 5 1
> 6339 6595 1 -23 -25 2
! 15483 3602 0 sims=250565 RUNNER
! 13653 -225 200 sims=250565 BLOCKER
> 7443 6369 -83 -44 -168 2
> 6633 5637 77 -225 127 1
> 5860 5940 -22 116 -13 1
> 6469 6511 58 159 -43 2
! -92009 16821 200
! -25923 100188 0
> 7443 6369 -83 -44 -168 2
> 6633 5637 77 -225 127 1
> 5860 5940 -22 116 -13 1
> 6469 6511 58 159 -43 2
! 14432 790 200 sims=241514 RUNNER
! 11317 -2235 200 sims=241514 BLOCKER
> 7402 6302 118 -85 174 2
> 6710 5412 65 -191 109 1
> 5923 5867 -30 -145 -31 1
> 6469 6625 -69 208 -61 2
! -90412 -14489 200
! -53471 85275 200
> 7402 6302 118 -85 174 2
> 6710 5412 65 -191 109 1
> 5923 5867 -30 -145 -31 1
> 6469 6625 -69 208 -61 2
! 15667 3617 200 sims=240667 RUNNER
! 11317 -2121 200 sims=240667 BLOCKER
> 7324 6175 -65 -107 -168 2
> 6795 5302 152 -138 127 1
> 5948 5756 -59 -49 -13 1
> 6497 6658 23 28 -61 2
! -90490 -14616 200
! -25761 99853 200
> 7324 6175 -65 -107 -168 2
> 6795 5302 152 -138 127 1
> 5948 5756 -59 -49 -13 1
> 6497 6658 23 28 -61 2
! 14520 606 0 sims=253169 RUNNER
! 11345 -2088 200 sims=253169 BLOCKER
> 7246 6066 125 19 -168 2
> 6820 5222 -68 -257 109 1
> 5889 5707 -50 -41 -31 1
> 6496 6603 -102 30 -61 2
! -92206 16518 200
! -25736 99773 200
> 7246 6066 125 19 -168 2
> 6820 5222 -68 -257 109 1
> 5889 5707 -50 -41 -31 1
> 6496 6603 -102 30 -61 2
! 12450 -1840 0 sims=246050 RUNNER
! 13810 -217 200 sims=246050 BLOCKER
> 7228 6069 86 -63 174 2
> 6687 5154 -113 -57 109 1
> 5839 5666 -42 -34 -49 1
> 6484 6533 -111 6 -43 2
! -92224 16521 200
! -53494 85017 200
> 7228 6069 86 -63 174 2
> 6687 5154 -113 -57 109 1
> 5839 5666 -42 -34 -49 1
> 6484 6533 -111 6 -43 2
! 14411 516 0 sims=207165 RUNNER
! 11332 -2213 200 sims=207165 BLOCKER
> 7197 5980 47 -118 174 2
> 6492 5235 -23 -13 127 1
> 5759 5654 -210 72 -31 1
> 6388 6411 -155 -61 -61 2
! -84157 46653 200
! -53689 85098 200
> 7197 5980 47 -118 174 2
> 6492 5235 -23 -13 127 1
> 5759 5654 -210 72 -31 1
> 6388 6411 -155 -61 -61 2
! 14331 504 200 sims=245819 RUNNER
! 13702 -409 200 sims=245819 BLOCKER
> 7132 5911 48 -105 156 2
> 6487 5309 34 41 127 1
> 5583 5696 -188 56 -31 1
> 6308 6246 -170 -93 -43 2
! -84222 46584 200
! -26069 99860 0
> 7132 5911 48 -105 156 2
> 6487 5309 34 41 127 1
> 5583 5696 -188 56 -31 1
> 6308 6246 -170 -93 -43 2
! 15327 3446 200 sims=272622 RUNNER
! 15371 2020 200 sims=272622 BLOCKER
> 7157 5901 151 13 156 2
> 6469 5299 -65 -58 109 1
> 5537 5673 -162 -98 -13 1
> 6264 6139 6 16 -25 2
! -92295 16353 200
! 4723 105283 200
> 7157 5901 151 13 156 2
> 6469 5299 -65 -58 109 1
> 5537 5673 -162 -98 -13 1
> 6264 6139 6 16 -25 2
! 15499 6545 200 sims=273392 RUNNER
! 15327 1913 200 sims=273392 BLOCKER
> 7163 5915 106 -25 174 2
> 6434 5255 -20 -90 91 1
> 5574 5592 31 -68 5 1
> 6364 6277 -25 206 -25 2
! -92289 16367 200
! -26122 99806 200
> 7163 5915 106 -25 174 2
> 6434 5255 -20 -90 91 1
> 5574 5592 31 -68 5 1
> 6364 6277 -25 206 -25 2
! 15318 3342 200 sims=218680 RUNNER
! 13678 -543 200 sims=218680 BLOCKER
> 7156 5862 64 -85 174 2
> 6576 5274 219 -18 109 1
> 5573 5559 -99 6 -13 1
> 6399 6396 -40 141 -43 2
! -92296 16314 200
! -53605 85137 200
> 7156 5862 64 -85 174 2
> 6576 5274 219 -18 109 1
> 5573 5559 -99 6 -13 1
> 6399 6396 -40 141 -43 2
! 15535 6431 0 sims=274169 RUNNER
! 11247 -2350 200 sims=274169 BLOCKER
> 7220 6001 70 133 174 2
> 6475 5213 -101 -67 127 1
> 5474 5565 -84 5 5 1
> 6456 6362 48 -28 -61 2
! -92232 16453 200
! -53706 85076 200
> 7220 6001 70 133 174 2
> 6475 5213 -101 -67 127 1
> 5474 5565 -84 5 5 1
> 6456 6362 48 -28 -61 2
! 15436 6437 200 sims=280749 RUNNER
! 13770 -458 200 sims=280749 BLOCKER
> 7438 5999 220 -17 174 2
> 6326 5276 78 -28 127 1
> 5516 5617 -169 126 5 1
> 6303 6353 -164 8 -43 2
! -90376 -14792 200
! -26230 99827 200
> 7438 5999 220 -17 174 2
> 6326 5276 78 -28 127 1
> 5516 5617 -169 126 5 1
> 6303 6353 -164 8 -43 2
! 14721 9524 200 sims=253694 RUNNER
! 15366 2127 200 sims=253694 BLOCKER
> 7462 5940 20 -49 -168 2
> 6339 5437 10 136 109 1
> 5531 5821 12 173 23 1
> 6320 6276 14 -65 -25 2
! -91990 16392 200
! -26217 99988 200
> 7462 5940 20 -49 -168 2
> 6339 5437 10 136 109 1
> 5531 5821 12 173 23 1
> 6320 6276 14 -65 -25 2
! 15493 6693 200 sims=298697 RUNNER
! 15383 2050 200 sims=298697 BLOCKER
> 7283 5912 -152 -23 174 2
> 6283 5327 -47 -126 109 1
> 5742 6011 179 161 5 1
> 6516 6562 166 275 -25 2
! -90531 -14879 200
! -26273 99878 0
> 7283 5912 -152 -23 174 2
> 6283 5327 -47 -126 109 1
> 5742 6011 179 161 5 1
> 6516 6562 166 275 -25 2
! 15704 6883 200 sims=332549 RUNNER
! 13830 -258 200 sims=332549 BLOCKER
> 6935 5847 -295 -54 -168 2
> 6236 5201 -39 -107 109 1
> 6120 6189 321 151 5 1
> 6828 6701 265 117 -43 2
! -79667 -44152 SHIELD
! 4490 105185 200
> 6935 5847 -295 -54 -168 2
> 6236 5201 -39 -107 109 1
> 6120 6189 321 151 5 1
> 6828 6701 265 117 -43 2
! 16082 7061 SHIELD sims=381185 RUNNER
! 11676 -2045 200 sims=381185 BLOCKER
> 6962 5620 82 -225 -150 2
> 6194 5294 -36 79 91 1
> 6119 6513 -60 307 5 1
> 7190 6643 307 -49 -61 2
! -90852 -15171 200
! 35431 100924 200
> 6962 5620 82 -225 -150 2
> 6194 5294 -36 79 91 1
> 6119 6513 -60 307 5 1
> 7190 6643 307 -49 -61 2
! 15863 4263 0 sims=393834 RUNNER
! 12038 -2103 200 sims=393834 BLOCKER
> 7044 5395 69 -191 -168 2
> 6216 5564 19 229 73 1
> 6059 6820 -51 260 -13 1
> 7594 6419 343 -190 -61 2
! -92408 15847 200
! 4470 105548 0
> 7044 5395 69 -191 -168 2
> 6216 5564 19 229 73 1
> 6059 6820 -51 260 -13 1
> 7594 6419 343 -190 -61 2
! 14631 1670 0 sims=388444 RUNNER
! 12442 -2327 200 sims=388444 BLOCKER
> 7113 5204 58 -162 174 2
> 6235 5793 16 194 91 1
> 6008 7080 -43 221 -31 1
> 8034 6054 373 -310 -61 2
! -84241 45877 0
! 4489 105777 200
> 7113 5204 58 -162 174 2
> 6235 5793 16 194 91 1
> 6008 7080 -43 221 -31 1
> 8034 6054 373 -310 -61 2
! 12569 -467 0 sims=340900 RUNNER
! 15348 -766 0 sims=340900 BLOCKER
> 7171 5042 49 -137 156 2
> 6248 6187 10 334 91 1
> 5965 7301 -36 187 -49 1
> 8407 5744 317 -263 -43 2
! -84183 45715 200
! 4502 106171 0
> 7171 5042 49 -137 156 2
> 6248 6187 10 334 91 1
> 5965 7301 -36 187 -49 1
> 8407 5744 317 -263 -43 2
! 12526 -246 200 sims=357112 RUNNER
! 13255 -3002 0 sims=357112 BLOCKER
> 7037 4986 -113 -47 156 2
> 6258 6521 8 283 91 1
> 6060 7337 80 30 -49 1
> 8724 5481 269 -223 -61 2
! -84317 45659 200
! 4512 106505 200
> 7037 4986 -113 -47 156 2
> 6258 6521 8 283 91 1
> 6060 7337 80 30 -49 1
> 8724 5481 269 -223 -61 2
! 12621 -210 200 sims=392294 RUNNER
! 16038 -1339 0 sims=392294 BLOCKER
> 6741 5020 -251 29 156 2
> 6400 6424 128 -114 91 1
> 6133 7796 54 422 -49 1
> 8993 5258 228 -189 -43 2
! -67573 71933 0
! 35637 102054 200
> 6741 5020 -251 29 156 2
> 6400 6424 128 -114 91 1
> 6133 7796 54 422 -49 1
> 8993 5258 228 -189 -43 2
! 10040 -1409 200 sims=336833 RUNNER
! 13841 -3488 0 sims=336833 BLOCKER
> 6490 5049 -213 24 138 0
> 6586 6501 158 65 73 1
> 6265 8034 112 202 -67 1
> 9221 5069 193 -160 -61 2
! -43509 91651 0
! 4840 106485 200
> 6490 5049 -213 24 138 0
> 6586 6501 158 65 73 1
> 6265 8034 112 202 -67 1
> 9221 5069 193 -160 -61 2
! 7137 -1928 200 sims=405055 RUNNER
! 16535 -1751 0 sims=405055 BLOCKER
> 6277 5073 -181 20 120 0
> 6741 6766 131 225 91 1
> 6394 8037 110 2 -85 1
> 9414 4909 164 -136 -43 2
! -14514 102887 0
! -25815 101317 200
> 6277 5073 -181 20 120 0
> 6741 6766 131 225 91 1
> 6394 8037 110 2 -85 1
> 9414 4909 164 -136 -43 2
! 7266 -1925 200 sims=410494 RUNNER
! 14262 -3837 0 sims=410494 BLOCKER
> 6096 5093 -153 17 102 0
> 6837 7104 240 -115 109 1
> 6491 7916 -76 299 -85 1
> 9578 4773 139 -115 -61 2
! 16548 104545 0
! -53344 86967 200
> 6096 5093 -153 17 102 0
> 6837 7104 240 -115 109 1
> 6491 7916 -76 299 -85 1
> 9578 4773 139 -115 -61 2
! 10398 -1289 200 sims=416059 RUNNER
! 16892 -2047 0 sims=416059 BLOCKER
> 5943 5110 -130 14 84 0
> 6957 7149 101 38 127 2
> 6493 8031 1 97 -67 1
> 9717 4658 118 -97 -43 2
! 46616 96464 0
! -53224 87012 200
> 5943 5110 -130 14 84 0
> 6957 7149 101 38 127 2
> 6493 8031 1 97 -67 1
> 9717 4658 118 -97 -43 2
! 13054 484 200 sims=395745 RUNNER
! 14565 -4088 0 sims=395745 BLOCKER
> 5813 5124 -110 11 66 0
> 6981 7261 96 -53 127 2
> 6581 8063 0 176 -49 1
> 9835 4561 100 -82 -61 2
! 72726 79438 0
! -25575 101812 200
> 5813 5124 -110 11 66 0
> 6981 7261 96 -53 127 2
> 6581 8063 0 176 -49 1
> 9835 4561 100 -82 -61 2
! 10488 -1142 200 sims=385742 RUNNER
! 17149 -2259 0 sims=385742 BLOCKER
> 5703 5135 -93 9 48 0
> 7044 7335 102 -31 109 2
> 6627 8117 -10 140 -67 1
> 9935 4479 85 -69 -43 2
! 92305 55134 200
! -53137 87198 200
> 5703 5135 -93 9 48 0
> 7044 7335 102 -31 109 2
> 6627 8117 -10 140 -67 1
> 9935 4479 85 -69 -43 2
! 13188 570 200 sims=386260 RUNNER
! 14783 -4267 0 sims=386260 BLOCKER
> 5783 5244 68 92 30 0
> 7077 7360 64 -53 127 2
> 6697 8210 22 153 -49 1
> 10020 4410 72 -58 -61 2
! 103597 26035 200
! -25479 101911 200
> 5783 5244 68 92 30 0
> 7077 7360 64 -53 127 2
> 6697 8210 22 153 -49 1
> 10020 4410 72 -58 -61 2
! 10604 -995 200 sims=356097 RUNNER
! 17334 -2410 0 sims=356097 BLOCKER
> 6047 5378 224 113 12 0
> 7103 7432 70 -53 109 2
> 6770 8243 13 143 -67 1
> 10092 4352 61 -49 -43 2
! 105499 -5074 200
! -25453 101983 200
> 6047 5378 224 113 12 0
> 7103 7432 70 -53 109 2
> 6770 8243 13 143 -67 1
> 10092 4352 61 -49 -43 2
! 7642 -1719 200 sims=388290 RUNNER
! 14940 -4394 0 sims=388290 BLOCKER
> 6470 5470 359 78 -6 0
> 7159 7453 77 -50 109 2
> 6750 8302 -47 118 -85 1
> 10153 4303 51 -41 -61 2
! 97824 -35203 200
! -53022 87316 200
> 6470 5470 359 78 -6 0
> 7159 7453 77 -50 109 2
> 6750 8302 -47 118 -85 1
> 10153 4303 51 -41 -61 2
! 10657 -903 200 sims=373674 RUNNER
! 12061 -5513 0 sims=373674 BLOCKER
> 7012 5467 460 -2 -24 0
> 7140 7514 43 -70 127 2
> 6757 8285 -54 108 -67 1
> 10204 4262 43 -34 -79 2
! 81326 -61446 200
! -25416 102065 0
> 7012 5467 460 -2 -24 0
> 7140 7514 43 -70 127 2
> 6757 8285 -54 108 -67 1
> 10204 4262 43 -34 -79 2
! 10664 -920 200 sims=335755 RUNNER
! 8985 -5663 0 sims=335755 BLOCKER
> 7621 5331 517 -115 -42 0
> 7183 7444 36 -59 109 2
> 6781 8209 20 -64 -67 1
> 10247 4228 36 -28 -97 2
! 81935 -61582 0
! -52998 87307 200
> 7621 5331 517 -115 -42 0
> 7183 7444 36 -59 109 2
> 6781 8209 20 -64 -67 1
> 10247 4228 36 -28 -97 2
! 10688 -996 200 sims=356881 RUNNER
! 6021 -4835 0 sims=356881 BLOCKER
> 8138 5216 439 -97 -42 0
> 7252 7253 83 -210 127 2
> 6726 8253 -72 85 -67 1
> 10283 4200 30 -23 -115 2
! 82452 -61697 200
! -25304 101804 200
> 8138 5216 439 -97 -42 0
> 7252 7253 83 -210 127 2
> 6726 8253 -72 85 -67 1
> 10283 4200 30 -23 -115 2
! 13287 706 200 sims=394870 RUNNER
! 3463 -3114 0 sims=394870 BLOCKER
> 8726 4985 499 -196 -42 0
> 7270 7232 15 -17 109 2
> 6785 8187 50 -56 -49 1
> 10313 4177 25 -19 -133 2
! 83040 -61928 0
! -25286 101783 200
> 8726 4985 499 -196 -42 0
> 7270 7232 15 -17 109 2
> 6785 8187 50 -56 -49 1
> 10313 4177 25 -19 -133 2
! 10692 -1018 200 sims=345289 RUNNER
! 1567 -671 0 sims=345289 BLOCKER
> 9225 4789 424 -166 -42 0
> 7303 7248 136 -189 109 2
> 6830 8103 -70 131 -67 1
> 10338 4158 21 -16 -151 2
! 83539 -62124 200
! -52878 87111 200
> 9225 4789 424 -166 -42 0
> 7303 7248 136 -189 109 2
> 6830 8103 -70 131 -67 1
> 10338 4158 21 -16 -151 2
! 10737 -1102 200 sims=262878 RUNNER
! 522 2250 0 sims=262878 BLOCKER
> 9678 4561 35 15 -42 0
> 7319 7219 13 -24 127 2
> 6838 8050 6 -45 -67 1
> 10479 4070 469 -284 -169 2
! 59677 -82041 200
! -52862 87082 200
> 9678 4561 35 15 -42 0
> 7319 7219 13 -24 127 2
> 6838 8050 6 -45 -67 1
> 10479 4070 469 -284 -169 2
! 10745 -1155 200 sims=296912 RUNNER
! 554 5289 200 sims=296912 BLOCKER
> 9813 4403 114 -134 -60 0
> 7339 7138 86 -185 127 2
> 6794 8037 -106 106 -67 1
> 10749 3810 229 -220 -187 2
! 84127 -62510 200
! -52842 87001 200
> 9813 4403 114 -134 -60 0
> 7339 7138 86 -185 127 2
> 6794 8037 -106 106 -67 1
> 10749 3810 229 -220 -187 2
! 13355 490 200 sims=275030 RUNNER
! 1686 8036 200 sims=275030 BLOCKER
> 10076 4135 223 -227 -42 0
> 7305 7113 -29 -21 127 2
> 6819 7992 21 -38 -49 1
> 10797 3675 40 -115 -205 2
! 84390 -62778 SHIELD
! -25251 101664 200
> 10076 4135 223 -227 -42 0
> 7305 7113 -29 -21 127 2
> 6819 7992 21 -38 -49 1
> 10797 3675 40 -115 -205 2
! 10726 -1213 200 sims=366548 RUNNER
! 1734 7901 SHIELD sims=366548 BLOCKER
> 10165 3994 35 -94 -42 0
> 7325 7081 102 -178 109 2
> 6804 7970 -98 132 -67 1
> 10971 3474 187 -196 155 2
! 60164 -82608 200
! -52856 86944 200
> 10165 3994 35 -94 -42 0
> 7325 7081 102 -178 109 2
> 6804 7970 -98 132 -67 1
> 10971 3474 187 -196 155 2
! 13365 423 200 sims=342125 RUNNER
! 3657 10294 0 sims=342125 BLOCKER
> 10200 3900 29 -79 -60 0
> 7307 7063 -15 -15 127 2
> 6837 7951 28 -16 -49 1
> 11158 3278 158 -166 137 2
! 84514 -63013 0
! -25249 101614 200
> 10200 3900 29 -79 -60 0
> 7307 7063 -15 -15 127 2
> 6837 7951 28 -16 -49 1
> 11158 3278 158 -166 137 2
! 10744 -1254 200 sims=357623 RUNNER
! 2095 7504 0 sims=357623 BLOCKER
> 10229 3821 24 -67 -42 0
> 7328 7049 100 -164 109 2
> 6842 7939 -77 142 -67 1
> 11316 3112 134 -141 155 2
! 60228 -82781 200
! -52853 86912 200
> 10229 3821 24 -67 -42 0
> 7328 7049 100 -164 109 2
> 6842 7939 -77 142 -67 1
> 11316 3112 134 -141 155 2
! 10749 -1266 200 sims=355929 RUNNER
! 4002 9932 0 sims=355929 BLOCKER
> 10253 3754 20 -56 -60 0
> 7308 7045 -17 -3 127 2
> 6843 7897 0 -35 -67 1
> 11450 2971 113 -119 137 2
! 84567 -63159 200
! -25248 101596 200
> 10253 3754 20 -56 -60 0
> 7308 7045 -17 -3 127 2
> 6843 7897 0 -35 -67 1
> 11450 2971 113 -119 137 2
! 13404 350 200 sims=354977 RUNNER
! 2387 7197 200 sims=354977 BLOCKER
> 10422 3564 143 -161 -42 0
> 7349 7004 103 -162 109 2
> 6852 7938 -61 162 -49 1
> 11382 2937 -58 -29 155 2
! 101776 -37109 200
! -25207 101555 200
> 10422 3564 143 -161 -42 0
> 7349 7004 103 -162 109 2
> 6852 7938 -61 162 -49 1
> 11382 2937 -58 -29 155 2
! 10759 -1267 200 sims=368095 RUNNER
! 4068 9757 200 sims=368095 BLOCKER
> 10506 3479 -175 88 -24 0
> 7387 7031 32 23 109 2
> 6869 7916 14 -18 -67 1
> 11419 2887 278 -202 137 2
! 84820 -63434 200
! -52794 86894 200
> 10506 3479 -175 88 -24 0
> 7387 7031 32 23 109 2
> 6869 7916 14 -18 -67 1
> 11419 2887 278 -202 137 2
! 10776 -1289 200 sims=354025 RUNNER
! 4105 9707 200 sims=354025 BLOCKER
> 10480 3433 -22 -38 -42 0
> 7403 7046 114 -149 127 2
> 6857 7881 -110 133 -67 1
> 11551 2821 111 -55 137 2
! 84794 -63480 200
! -52778 86909 200
> 10480 3433 -22 -38 -42 0
> 7403 7046 114 -149 127 2
> 6857 7881 -110 133 -67 1
> 11551 2821 111 -55 137 2
! 13418 334 200 sims=352331 RUNNER
! 2488 7047 200 sims=352331 BLOCKER
> 10607 3261 107 -146 -42 0
> 7397 7057 -5 9 127 2
> 6878 7863 18 -15 -49 1
> 11481 2851 -59 25 155 2
! 101961 -37412 SHIELD
! -25159 101608 200
> 10607 3261 107 -146 -42 0
> 7397 7057 -5 9 127 2
> 6878 7863 18 -15 -49 1
> 11481 2851 -59 25 155 2
! 10785 -1342 200 sims=358071 RUNNER
! 2418 7077 SHIELD sims=358071 BLOCKER
> 10664 3134 -80 -59 -24 0
> 7477 7039 144 -125 109 2
> 6824 7880 -122 124 -67 1
> 11472 2857 121 -43 155 2
! 102018 -37539 0
! -52704 86902 200
> 10664 3134 -80 -59 -24 0
> 7477 7039 144 -125 109 2
> 6824 7880 -122 124 -67 1
> 11472 2857 121 -43 155 2
! 13385 333 200 sims=352667 RUNNER
! 4158 9677 0 sims=352667 BLOCKER
> 10584 3075 -68 -50 -24 0
> 7501 7074 20 29 127 2
> 6833 7853 7 -22 -49 1
> 11593 2814 102 -36 137 2
! 84898 -63838 200
! -74414 64431 200
> 10584 3075 -68 -50 -24 0
> 7501 7074 20 29 127 2
> 6833 7853 7 -22 -49 1
> 11593 2814 102 -36 137 2
! 10740 -1352 200 sims=346815 RUNNER
! 6745 11560 0 sims=346815 BLOCKER
> 10516 3025 -57 -42 -42 0
> 7484 7080 115 -135 145 2
> 6791 7784 -165 82 -67 1
> 11695 2778 86 -30 119 2
! 101870 -37648 0
! -74431 64437 200
> 10516 3025 -57 -42 -42 0
> 7484 7080 115 -135 145 2
> 6791 7784 -165 82 -67 1
> 11695 2778 86 -30 119 2
! 13352 237 200 sims=390775 RUNNER
! 6847 11524 0 sims=390775 BLOCKER
> 10459 2983 -48 -35 -24 0
> 7435 7060 -41 -17 145 2
> 6757 7715 -28 -58 -49 1
> 11781 2748 73 -25 119 2
! 109911 -7469 200
! -74480 64417 200
> 10459 2983 -48 -35 -24 0
> 7435 7060 -41 -17 145 2
> 6757 7715 -28 -58 -49 1
> 11781 2748 73 -25 119 2
! 13318 168 200 sims=340802 RUNNER
! 6933 11494 200 sims=340802 BLOCKER
> 10610 2927 128 -47 -6 0
> 7441 6955 92 -172 145 2
> 6650 7708 -178 78 -49 1
> 11757 2898 -20 127 119 2
! 108424 23718 200
! -52740 86818 200
> 10610 2927 128 -47 -6 0
> 7441 6955 92 -172 145 2
> 6650 7708 -178 78 -49 1
> 11757 2898 -20 127 119 2
! 15222 2558 200 sims=391300 RUNNER
! 6909 11644 200 sims=391300 BLOCKER
