@ 0 YurkovAS
@ 1 reCurse
CP 4
CP 13291 5510
CP 9549 1372
CP 3656 4408
CP 8020 7926
> 12920 5845 0 0 -1 1
> 13662 5175 0 0 -1 1
> 12178 6516 0 0 -1 1
> 14404 4504 0 0 -1 1
! 4934 -173 BOOST sims=286279 RUNNER
! 6591 -1896 BOOST sims=286279 BLOCKER
> 12920 5845 0 0 -1 1
> 13662 5175 0 0 -1 1
> 12178 6516 0 0 -1 1
> 14404 4504 0 0 -1 1
! -33330 -82528 200
! -69627 -49705 200
> 12401 5454 -441 -332 -143 1
> 13202 4715 -390 -390 -135 1
> 12087 6338 -77 -151 -117 1
> 14236 4396 -142 -92 -147 1
! 6665 -2738 200 sims=351855 RUNNER
! 4292 175 0 sims=351855 BLOCKER
> 12401 5454 -441 -332 -143 1
> 13202 4715 -390 -390 -135 1
> 12087 6338 -77 -151 -117 1
> 14236 4396 -142 -92 -147 1
! -3556 -92430 200
! -82356 -21485 200
> 11845 4958 -472 -421 -125 1
> 12812 4325 -331 -331 -153 1
> 11978 5990 -92 -296 -99 1
> 13901 4252 -284 -122 -165 1
! 8921 -4605 200 sims=324296 RUNNER
! 2935 2761 0 sims=324296 BLOCKER
> 11845 4958 -472 -421 -125 1
> 12812 4325 -331 -331 -153 1
> 11978 5990 -92 -296 -99 1
> 13901 4252 -284 -122 -165 1
! -3665 -92778 200
! -82691 -21629 BOOST
> 11315 4346 -450 -520 -107 1
> 12191 4013 -775 -248 -171 1
> 11855 5496 -104 -419 -99 1
> 13279 3943 -281 -279 -165 1
! 11490 -5652 200 sims=324142 RUNNER
! 2314 5577 0 sims=324142 BLOCKER
> 11315 4346 -450 -520 -107 1
> 12191 4013 -775 -248 -171 1
> 11855 5496 -104 -419 -99 1
> 13279 3943 -281 -279 -165 1
! -3788 -93272 200
! -83313 -21938 200
> 10576 3698 -735 -524 -89 1
> 11709 3693 -302 -298 171 1
> 11720 4879 -114 -524 -99 1
> 12805 3612 -403 -281 -165 1
! 13832 -5757 200 sims=296499 RUNNER
! 2799 8233 0 sims=296499 BLOCKER
> 10576 3698 -735 -524 -89 1
> 11709 3693 -302 -298 171 1
> 11720 4879 -114 -524 -99 1
> 12805 3612 -403 -281 -165 1
! -33679 -84221 200
! -71062 -50851 200
> 9906 2985 -569 -606 -71 1
> 11406 3384 -300 -580 153 1
> 11517 4187 -130 -270 -117 1
> 12234 3222 -485 -331 -147 1
! 13162 -6470 200 sims=306229 RUNNER
! 2496 7924 200 sims=306229 BLOCKER
> 9906 2985 -569 -606 -71 1
> 11406 3384 -300 -580 153 1
> 11517 4187 -130 -270 -117 1
> 12234 3222 -485 -331 -147 1
! -59193 -66523 200
! -84358 -22659 200
> 9402 2190 -428 -675 -71 1
> 10749 2927 -597 -381 153 1
> 11246 3776 -230 -349 -135 1
> 11735 2807 -385 -359 -165 1
! 9577 -7808 0 sims=364196 RUNNER
! 3678 9998 200 sims=364196 BLOCKER
> 9402 2190 -428 -675 -71 1
> 10749 2927 -597 -381 153 1
> 11246 3776 -230 -349 -135 1
> 11735 2807 -385 -359 -165 1
! -59464 -66934 200
! -72132 -51656 0
> 8974 1515 -363 -573 -89 2
> 10011 2687 -627 -203 135 1
> 10875 3286 -315 -416 -135 1
> 11350 2448 -327 -305 -147 1
! 6050 -8048 0 sims=369796 RUNNER
! 2940 9758 200 sims=369796 BLOCKER
> 8974 1515 -363 -573 -89 2
> 10011 2687 -627 -203 135 1
> 10875 3286 -315 -416 -135 1
> 11350 2448 -327 -305 -147 1
! -59835 -67424 200
! -85242 -23433 SHIELD
> 8611 942 -308 -487 -107 2
> 9243 2625 -653 -52 135 1
> 10419 2729 -387 -473 -135 1
> 11023 2143 -277 -259 -165 1
! 2875 -7250 0 sims=371833 RUNNER
! 2172 9696 200 sims=371833 BLOCKER
> 8611 942 -308 -487 -107 2
> 9243 2625 -653 -52 135 1
> 10419 2729 -387 -473 -135 1
> 11023 2143 -277 -259 -165 1
! -78681 -42669 0
! -88839 7376 0
> 8303 455 -261 -413 -125 2
> 8449 2714 -675 76 135 1
> 10032 2256 -328 -402 -153 1
> 10746 1884 -235 -220 177 1
! 317 -5563 0 sims=380296 RUNNER
! -461 7254 0 sims=380296 BLOCKER
> 8303 455 -261 -413 -125 2
> 8449 2714 -675 76 135 1
> 10032 2256 -328 -402 -153 1
> 10746 1884 -235 -220 177 1
! -88736 -13387 0
! -89116 7117 0
> 8042 42 -221 -351 -143 2
> 7774 2790 -573 64 153 1
> 9704 1854 -278 -341 -171 2
> 10511 1664 -199 -187 177 1
! -1413 -3214 0 sims=393008 RUNNER
! 703 9861 0 sims=393008 BLOCKER
> 8042 42 -221 -351 -143 2
> 7774 2790 -573 64 153 1
> 9704 1854 -278 -341 -171 2
> 10511 1664 -199 -187 177 1
! -89064 17497 200
! -82847 37500 200
> 7821 -309 -187 -298 -161 2
> 7201 2854 -487 54 135 1
> 9228 1544 -404 -263 171 2
> 10312 1477 -169 -158 159 1
! -2177 -484 200 sims=400085 RUNNER
! 2661 11764 0 sims=400085 BLOCKER
> 7821 -309 -187 -298 -161 2
> 7201 2854 -487 54 135 1
> 9228 1544 -404 -263 171 2
> 10312 1477 -169 -158 159 1
! -79872 46943 200
! -67402 64409 200
> 7434 -611 -328 -256 -179 2
> 6714 2908 -413 45 117 1
> 8646 1372 -494 -146 153 2
> 9988 1445 -275 -27 141 2
! -2129 2313 200 sims=386953 RUNNER
! -357 9979 0 sims=386953 BLOCKER
> 7434 -611 -328 -256 -179 2
> 6714 2908 -413 45 117 1
> 8646 1372 -494 -146 153 2
> 9988 1445 -275 -27 141 2
! -62064 72082 200
! -83370 37281 200
> 6915 -809 -441 -167 -197 2
> 6301 2953 -351 38 135 1
> 8011 1367 -540 -3 135 2
> 9526 1490 -392 37 159 2
! -1277 4927 200 sims=385196 RUNNER
! 1761 11863 0 sims=385196 BLOCKER
> 6915 -809 -441 -167 -197 2
> 6301 2953 -351 38 135 1
> 8011 1367 -540 -3 135 2
> 9526 1490 -392 37 159 2
! -37388 90467 200
! -83832 37326 0
> 6310 -861 -514 -44 -215 2
> 5950 2991 -298 32 117 1
> 7380 1542 -536 148 117 2
> 9134 1527 -333 31 159 2
! 292 7125 200 sims=373002 RUNNER
! 4386 12868 0 sims=373002 BLOCKER
> 6310 -861 -514 -44 -215 2
> 5950 2991 -298 32 117 1
> 7380 1542 -536 148 117 2
> 9134 1527 -333 31 159 2
! -63330 72252 200
! -90728 6760 200
> 5676 -745 -539 98 -233 2
> 5652 3023 -253 27 99 1
> 6703 1831 -575 246 135 2
> 8601 1568 -452 35 177 2
! 2420 8710 200 sims=378021 RUNNER
! 7216 12900 0 sims=378021 BLOCKER
> 5676 -745 -539 98 -233 2
> 5652 3023 -253 27 99 1
> 6703 1831 -575 246 135 2
> 8601 1568 -452 35 177 2
! -38696 90931 0
! -84757 37404 200
> 5072 -458 -513 244 -251 2
> 5399 3050 -215 22 81 1
> 6128 2077 -488 209 117 2
> 7962 1675 -542 90 159 2
! 4897 9540 200 sims=348026 RUNNER
! 9939 11960 200 sims=348026 BLOCKER
> 5072 -458 -513 244 -251 2
> 5399 3050 -215 22 81 1
> 6128 2077 -488 209 117 2
> 7962 1675 -542 90 159 2
! -39271 91177 0
! -85396 37511 200
> 4555 -14 -439 377 91 2
> 5275 3250 -105 170 63 1
> 5640 2286 -414 177 117 2
> 7233 1837 -619 137 159 2
! 4380 9984 200 sims=350686 RUNNER
! 12346 10321 0 sims=350686 BLOCKER
> 4555 -14 -439 377 91 2
> 5275 3250 -105 170 63 1
> 5640 2286 -414 177 117 2
> 7233 1837 -619 137 159 2
! -39759 91386 200
! -70481 64769 0
> 4112 563 -376 490 91 2
> 5170 3445 -91 327 45 1
> 5136 2617 -426 118 117 2
> 6614 1974 -526 116 141 2
! 7036 10126 0 sims=368585 RUNNER
! 12241 10516 200 sims=368585 BLOCKER
> 4112 563 -376 490 91 2
> 5170 3445 -91 327 45 1
> 5136 2617 -426 118 117 2
> 6614 1974 -526 116 141 2
! -10507 101385 200
! -71100 64906 200
> 3736 1053 -319 416 73 2
> 5220 3913 42 398 45 1
> 4679 2933 -388 268 99 2
> 5933 2216 -579 205 141 2
! 9472 9245 0 sims=371287 RUNNER
! 12291 10984 200 sims=371287 BLOCKER
> 3736 1053 -319 416 73 2
> 5220 3913 42 398 45 1
> 4679 2933 -388 268 99 2
> 5933 2216 -579 205 141 2
! -10964 101701 200
! -71781 65148 0
> 3417 1469 -271 353 55 2
> 5403 4452 155 458 45 1
> 4260 3399 -356 395 99 2
> 5354 2421 -492 174 141 2
! 11403 7487 0 sims=377783 RUNNER
! 14313 8992 0 sims=377783 BLOCKER
> 3417 1469 -271 353 55 2
> 5403 4452 155 458 45 1
> 4260 3399 -356 395 99 2
> 5354 2421 -492 174 141 2
! 19903 102167 200
! -88004 38257 0
> 3146 1822 -230 300 37 2
> 5558 4910 131 389 27 1
> 3935 3992 -276 503 81 3
> 4862 2595 -418 147 159 2
! 12601 5078 200 sims=374801 RUNNER
! 12629 11981 0 sims=374801 BLOCKER
> 3146 1822 -230 300 37 2
> 5558 4910 131 389 27 1
> 3935 3992 -276 503 81 3
> 4862 2595 -418 147 159 2
! 49334 93092 0
! -95000 7828 0
> 3105 2187 -34 310 19 2
> 5689 5299 111 330 45 1
> 3659 4495 -234 427 63 3
> 4444 2742 -355 124 177 2
! 11091 8205 200 sims=359072 RUNNER
! 14599 9839 0 sims=359072 BLOCKER
> 3105 2187 -34 310 19 2
> 5689 5299 111 330 45 1
> 3659 4495 -234 427 63 3
> 4444 2742 -355 124 177 2
! 74369 75205 0
! -92148 -23139 200
> 3129 2584 -500 167 37 2
> 5800 5629 94 280 27 1
> 3425 4922 -198 362 45 3
> 3997 2847 141 259 -165 2
! 12584 5840 200 sims=368522 RUNNER
! 15677 7193 0 sims=368522 BLOCKER
> 3129 2584 -500 167 37 2
> 5800 5629 94 280 27 1
> 3425 4922 -198 362 45 3
> 3997 2847 141 259 -165 2
! 92525 50321 0
! -95865 8080 200
> 2818 2816 -264 197 19 2
> 5894 5909 79 238 9 1
> 3227 5284 -168 307 27 3
> 3938 3116 -49 229 177 2
! 12273 6072 200 sims=347704 RUNNER
! 14804 10449 0 sims=347704 BLOCKER
> 2818 2816 -264 197 19 2
> 5894 5909 79 238 9 1
> 3227 5284 -168 307 27 3
> 3938 3116 -49 229 177 2
! 101995 20927 200
! -92654 -22765 0
> 2743 3078 -63 222 19 2
> 5973 6147 67 202 27 1
> 3257 5622 25 287 9 3
> 3889 3345 -41 194 -165 2
! 12741 3253 200 sims=345142 RUNNER
! 13044 13218 0 sims=345142 BLOCKER
> 2743 3078 -63 222 19 2
> 5973 6147 67 202 27 1
> 3257 5622 25 287 9 3
> 3889 3345 -41 194 -165 2
! 102025 -10021 200
! -95973 8578 200
> 2880 3304 116 191 1 2
> 6040 6349 56 171 45 1
> 3480 5878 189 217 -9 3
> 3648 3549 -204 173 177 2
! 12335 6560 0 sims=351883 RUNNER
! 10580 15259 0 sims=351883 BLOCKER
> 2880 3304 116 191 1 2
> 6040 6349 56 171 45 1
> 3480 5878 189 217 -9 3
> 3648 3549 -204 173 177 2
! 102248 -9765 200
! -92944 -22332 200
> 2516 3341 -314 30 19 2
> 6096 6520 47 145 63 1
> 3867 6064 328 157 -9 3
> 3731 3824 75 235 -165 3
! 11971 6597 200 sims=355173 RUNNER
! 7660 16397 0 sims=355173 BLOCKER
> 2516 3341 -314 30 19 2
> 6096 6520 47 145 63 1
> 3867 6064 328 157 -9 3
> 3731 3824 75 235 -165 3
! 102635 21707 200
! -80136 -50639 200
> 2391 3436 -106 80 19 2
> 6143 6665 39 123 81 1
> 4393 6252 446 160 9 3
> 3638 3950 -78 107 -147 3
! 11846 6692 200 sims=361739 RUNNER
! 4579 16542 0 sims=361739 BLOCKER
> 2391 3436 -106 80 19 2
> 6143 6665 39 123 81 1
> 4393 6252 446 160 9 3
> 3638 3950 -78 107 -147 3
! 103161 -9391 0
! -80229 -50513 200
> 2474 3581 70 123 19 2
> 6182 6788 33 104 99 1
> 4839 6412 379 136 -9 3
> 3392 3948 -208 -1 -147 3
! 11929 6837 SHIELD sims=349643 RUNNER
! 1642 15698 0 sims=349643 BLOCKER
> 2474 3581 70 123 19 2
> 6182 6788 33 104 99 1
> 4839 6412 379 136 -9 3
> 3392 3948 -208 -1 -147 3
! 103607 -9231 0
! -80475 -50515 SHIELD
> 2436 3662 -181 10 19 2
> 6215 6892 28 88 117 1
> 5218 6548 322 115 -9 3
> 3292 3989 64 92 -147 3
! 11891 6918 0 sims=358120 RUNNER
! 1675 15802 SHIELD sims=358120 BLOCKER
> 2436 3662 -181 10 19 2
> 6215 6892 28 88 117 1
> 5218 6548 322 115 -9 3
> 3292 3989 64 92 -147 3
! 103986 22191 0
! -59640 -73725 0
> 2255 3672 -153 8 19 2
> 6248 6982 63 92 117 1
> 5492 6642 -123 -75 9 3
> 3356 4081 54 78 -129 3
! 11710 6928 0 sims=334908 RUNNER
! -823 14053 0 sims=334908 BLOCKER
> 2255 3672 -153 8 19 2
> 6248 6982 63 92 117 1
> 5492 6642 -123 -75 9 3
> 3356 4081 54 78 -129 3
! 104260 22285 200
! -80511 -50382 0
> 2102 3680 -130 6 19 2
> 6311 7074 53 78 135 1
> 5567 6598 63 -37 9 3
> 3410 4159 45 66 -147 3
! 11557 6936 0 sims=345121 RUNNER
! -2599 11614 0 sims=345121 BLOCKER
> 2102 3680 -130 6 19 2
> 6311 7074 53 78 135 1
> 5567 6598 63 -37 9 3
> 3410 4159 45 66 -147 3
! 104335 22241 200
! -80457 -50304 0
> 1972 3686 -110 5 19 2
> 6398 7183 151 162 153 1
> 5793 6561 115 -101 9 3
> 3455 4225 38 56 -147 3
! 11427 6942 200 sims=367710 RUNNER
! -3479 8747 0 sims=367710 BLOCKER
> 1972 3686 -110 5 19 2
> 6398 7183 151 162 153 1
> 5793 6561 115 -101 9 3
> 3455 4225 38 56 -147 3
! 94893 51960 200
! -93137 -21656 200
> 2051 3756 67 59 19 2
> 6549 7345 128 137 171 1
> 6086 6551 249 -8 27 3
> 3300 4229 -131 3 -165 3
! 11506 7012 200 sims=337729 RUNNER
! -3328 5781 0 sims=337729 BLOCKER
> 2051 3756 67 59 19 2
> 6549 7345 128 137 171 1
> 6086 6551 249 -8 27 3
> 3300 4229 -131 3 -165 3
! 76796 77261 0
! -80567 -50234 200
> 2246 3859 -262 -65 19 2
> 6677 7482 108 116 -171 1
> 6335 6543 211 -6 45 3
> 3062 4145 226 80 -147 3
! 11701 7115 200 sims=366121 RUNNER
! -2233 2942 0 sims=366121 BLOCKER
> 2246 3859 -262 -65 19 2
> 6677 7482 108 116 -171 1
> 6335 6543 211 -6 45 3
> 3062 4145 226 80 -147 3
! 95435 51942 200
! -93530 -21736 200
> 2173 3859 -61 0 19 2
> 6785 7598 91 98 -153 1
> 6724 6628 330 72 27 3
> 3095 4173 27 24 -165 3
! 12171 4034 200 sims=355460 RUNNER
! -286 527 0 sims=355460 BLOCKER
> 2173 3859 -61 0 19 2
> 6785 7598 91 98 -153 1
> 6724 6628 330 72 27 3
> 3095 4173 27 24 -165 3
! 77434 77338 200
! -93497 -21708 200
> 2198 3817 -114 -89 1 2
> 6876 7696 77 83 -135 1
> 7195 6841 400 181 45 3
> 3042 4190 91 69 -165 3
! 11653 7073 200 sims=359786 RUNNER
! 2336 -1214 0 sims=359786 BLOCKER
> 2198 3817 -114 -89 1 2
> 6876 7696 77 83 -135 1
> 7195 6841 400 181 45 3
> 3042 4190 91 69 -165 3
! 77905 77551 200
! -80825 -50273 200
> 2248 3780 -81 -93 19 2
> 6953 7779 65 70 -117 1
> 7736 7163 460 274 45 3
> 2991 4163 80 39 -147 3
! 10234 9798 200 sims=366709 RUNNER
! 5389 -2098 0 sims=366709 BLOCKER
> 2248 3780 -81 -93 19 2
> 6953 7779 65 70 -117 1
> 7736 7163 460 274 45 3
> 2991 4163 80 39 -147 3
! 96836 52562 0
! -80876 -50300 200
> 2170 3727 -96 -60 37 2
> 7018 7849 55 59 -99 1
> 8196 7437 391 232 27 0
> 3060 4173 89 24 -147 3
! 11625 6983 200 sims=369642 RUNNER
! 8582 -2028 200 sims=369642 BLOCKER
> 2170 3727 -96 -60 37 2
> 7018 7849 55 59 -99 1
> 8196 7437 391 232 27 0
> 3060 4173 89 24 -147 3
! 106964 23080 0
! -93532 -21708 0
> 2263 3732 79 4 19 2
> 7104 7710 73 -117 -81 1
> 8587 7669 332 197 9 0
> 3149 4197 75 20 -165 3
! 10249 9750 200 sims=368179 RUNNER
! 11644 -1200 200 sims=368179 BLOCKER
> 2263 3732 79 4 19 2
> 7104 7710 73 -117 -81 1
> 8587 7669 332 197 9 0
> 3149 4197 75 20 -165 3
! 107355 -7974 0
! -80718 -50266 200
> 2330 3771 -95 -42 37 2
> 7268 7415 139 -250 -63 1
> 8919 7866 282 167 -9 0
> 3228 4193 219 72 -147 3
! 11785 7027 200 sims=375753 RUNNER
! 14339 344 200 sims=375753 BLOCKER
> 2330 3771 -95 -42 37 2
> 7268 7415 139 -250 -63 1
> 8919 7866 282 167 -9 0
> 3228 4193 219 72 -147 3
! 98019 -37533 200
! -93364 -21688 200
> 2424 3794 79 19 19 2
> 7548 7024 238 -332 -45 1
> 9379 7942 391 64 -27 0
> 3254 4213 21 17 -165 3
! 11879 7050 200 sims=342251 RUNNER
! 12088 -1886 200 sims=342251 BLOCKER
> 2424 3794 79 19 19 2
> 7548 7024 238 -332 -45 1
> 9379 7942 391 64 -27 0
> 3254 4213 21 17 -165 3
! 80089 -62768 200
! -80613 -50250 200
> 2408 3731 -111 -104 19 2
> 7877 6514 279 -433 -63 1
> 9911 7865 452 -65 -45 0
> 3391 4268 214 97 -147 3
! 10394 9749 200 sims=348712 RUNNER
! 9441 -3363 200 sims=348712 BLOCKER
> 2408 3731 -111 -104 19 2
> 7877 6514 279 -433 -63 1
> 9911 7865 452 -65 -45 0
> 3391 4268 214 97 -147 3
! 80621 -62845 200
! -80476 -50195 200
> 2457 3747 41 13 37 2
> 8187 5883 263 -535 -81 1
> 10504 7659 504 -175 -45 0
> 3437 4256 39 -10 -147 3
! 10443 9765 200 sims=346997 RUNNER
! 6623 -3994 0 sims=346997 BLOCKER
> 2457 3747 41 13 37 2
> 8187 5883 263 -535 -81 1
> 10504 7659 504 -175 -45 0
> 3437 4256 39 -10 -147 3
! 55902 -81441 200
! -93155 -21625 200
> 2568 3835 -136 -42 37 2
> 8450 5348 223 -454 -99 1
> 11099 7306 505 -300 -63 0
> 3372 4240 175 103 -165 3
! 12023 7091 200 sims=350385 RUNNER
! 10014 -4529 0 sims=350385 BLOCKER
> 2568 3835 -136 -42 37 2
> 8450 5348 223 -454 -99 1
> 11099 7306 505 -300 -63 0
> 3372 4240 175 103 -165 3
! 56497 -81794 200
! -80495 -50223 200
> 2621 3858 45 19 19 2
> 8673 4894 189 -385 -81 1
> 11695 6828 506 -406 -63 0
> 3379 4234 6 -5 -147 3
! 10607 9876 200 sims=333494 RUNNER
! 7109 -4983 0 sims=333494 BLOCKER
> 2621 3858 45 19 19 2
> 8673 4894 189 -385 -81 1
> 11695 6828 506 -406 -63 0
> 3379 4234 6 -5 -147 3
! 57093 -82272 200
! -80488 -50229 200
> 2471 3825 -162 -45 37 2
> 8862 4509 160 -327 -99 1
> 12292 6244 507 -496 -63 0
> 3572 4292 199 66 -147 3
! 11926 7081 200 sims=361389 RUNNER
! 10426 -5368 0 sims=361389 BLOCKER
> 2471 3825 -162 -45 37 2
> 8862 4509 160 -327 -99 1
> 12292 6244 507 -496 -63 0
> 3572 4292 199 66 -147 3
! 57690 -82856 0
! -93020 -21589 200
> 2498 3845 23 17 19 2
> 9022 4182 136 -277 -81 1
> 12799 5748 430 -421 -63 1
> 3578 4306 4 12 -165 3
! 10484 9863 200 sims=360227 RUNNER
! 7458 -5695 0 sims=360227 BLOCKER
> 2498 3845 23 17 19 2
> 9022 4182 136 -277 -81 1
> 12799 5748 430 -421 -63 1
> 3578 4306 4 12 -165 3
! 58197 -83352 0
! -93014 -21575 200
> 2646 3968 -168 -14 37 2
> 9158 3905 115 -235 -99 1
> 13229 5327 365 -357 -63 1
> 3423 4280 163 97 -165 3
! 12101 7224 200 sims=354459 RUNNER
! 4618 -5005 0 sims=354459 BLOCKER
> 2646 3968 -168 -14 37 2
> 9158 3905 115 -235 -99 1
> 13229 5327 365 -357 -63 1
> 3423 4280 163 97 -165 3
! 28872 -93441 0
! -93169 -21601 200
> 2634 4005 -95 -3 19 2
> 9273 3670 97 -199 -117 1
> 13594 4970 310 -303 -81 1
> 3426 4339 87 85 -165 3
! 12089 7261 200 sims=351106 RUNNER
! 7709 -6207 0 sims=351106 BLOCKER
> 2634 4005 -95 -3 19 2
> 9273 3670 97 -199 -117 1
> 13594 4970 310 -303 -81 1
> 3426 4339 87 85 -165 3
! -2049 -93798 0
! -80441 -50124 200
> 2589 4009 -90 -18 19 2
> 9370 3471 82 -169 -99 1
> 13904 4667 263 -257 -99 1
> 3484 4373 101 50 -147 3
! 12044 7265 200 sims=359926 RUNNER
! 4830 -5439 0 sims=359926 BLOCKER
> 2589 4009 -90 -18 19 2
> 9370 3471 82 -169 -99 1
> 13904 4667 263 -257 -99 1
> 3484 4373 101 50 -147 3
! -31495 -84433 0
! -80383 -50090 200
> 2660 4046 -88 -22 19 2
> 9452 3302 69 -143 -117 1
> 14167 4410 223 -218 -117 1
> 3445 4324 115 12 -147 3
! 12115 7302 200 sims=361907 RUNNER
! 7888 -6575 0 sims=361907 BLOCKER
> 2660 4046 -88 -22 19 2
> 9452 3302 69 -143 -117 1
> 14167 4410 223 -218 -117 1
> 3445 4324 115 12 -147 3
! -56543 -66300 0
! -93147 -21557 200
> 2589 4029 -89 -24 19 2
> 9521 3159 58 -121 -99 1
> 14390 4192 189 -185 -135 1
> 3539 4344 108 27 -165 3
! 12044 7285 200 sims=362152 RUNNER
! 4981 -5751 0 sims=362152 BLOCKER
> 2589 4029 -89 -24 19 2
> 9521 3159 58 -121 -99 1
> 14390 4192 189 -185 -135 1
> 3539 4344 108 27 -165 3
! -74710 -41206 200
! -93053 -21537 200
> 2689 4070 85 34 19 2
> 9579 3038 49 -102 -117 1
> 14401 3916 9 -234 -153 1
> 3454 4319 -72 -21 -165 3
! 12687 4245 0 sims=351827 RUNNER
! 8015 -6839 0 sims=351827 BLOCKER
> 2689 4070 85 34 19 2
> 9579 3038 49 -102 -117 1
> 14401 3916 9 -234 -153 1
> 3454 4319 -72 -21 -165 3
! -84367 -11727 200
! -93138 -21562 200
> 2430 3992 -223 -67 1 2
> 9628 2936 41 -86 -99 1
> 14212 3651 -160 -225 -171 1
> 3533 4358 70 34 -165 3
! 11885 7248 200 sims=359485 RUNNER
! 11192 -6941 0 sims=359485 BLOCKER
> 2430 3992 -223 -67 1 2
> 9628 2936 41 -86 -99 1
> 14212 3651 -160 -225 -171 1
> 3533 4358 70 34 -165 3
! -84556 -11992 200
! -80334 -50105 0
> 2396 3990 -28 -1 19 2
> 9669 2850 34 -73 -81 1
> 13854 3395 -303 -217 -171 1
> 3603 4392 59 28 -147 3
! 11851 7246 200 sims=355838 RUNNER
! 14209 -6060 0 sims=355838 BLOCKER
> 2396 3990 -28 -1 19 2
> 9669 2850 34 -73 -81 1
> 13854 3395 -303 -217 -171 1
> 3603 4392 59 28 -147 3
! -84914 -12248 200
! -92989 -21489 200
> 2557 4054 136 54 19 2
> 9703 2777 28 -62 -63 1
> 13353 3147 -425 -211 -171 1
> 3469 4368 -114 -20 -165 3
! 12555 4229 0 sims=349573 RUNNER
! 16774 -4294 0 sims=349573 BLOCKER
> 2557 4054 136 54 19 2
> 9703 2777 28 -62 -63 1
> 13353 3147 -425 -211 -171 1
> 3469 4368 -114 -20 -165 3
! -85415 -12496 200
! -93123 -21513 200
> 2415 4009 -252 -85 1 2
> 9731 2715 23 -52 -45 1
> 12730 2905 -529 -205 -171 1
> 3440 4395 106 70 -165 3
! 11870 7265 200 sims=349643 RUNNER
! 18641 -1825 200 sims=349643 BLOCKER
> 2415 4009 -252 -85 1 2
> 9731 2715 23 -52 -45 1
> 12730 2905 -529 -205 -171 1
> 3440 4395 106 70 -165 3
! -86038 -12738 200
! -80427 -50068 200
> 2352 3989 -53 -16 19 2
> 9932 2572 171 -121 -27 1
> 12003 2669 -617 -200 -171 1
> 3378 4356 -52 -33 -147 3
! 11807 7245 200 sims=337043 RUNNER
! 19809 1008 200 sims=337043 BLOCKER
> 2352 3989 -53 -16 19 2
> 9932 2572 171 -121 -27 1
> 12003 2669 -617 -200 -171 1
> 3378 4356 -52 -33 -147 3
! -86765 -12974 200
! -93214 -21525 200
> 2380 3999 -207 -74 19 2
> 10301 2420 313 -129 -9 1
> 11188 2438 -692 -196 -171 1
> 3240 4310 114 44 -165 3
! 11835 7255 200 sims=389459 RUNNER
! 20178 856 SHIELD sims=389459 BLOCKER
> 2380 3999 -207 -74 19 2
> 10301 2420 313 -129 -9 1
> 11188 2438 -692 -196 -171 1
> 3240 4310 114 44 -165 3
! -77912 -42960 SHIELD
! -93352 -21571 200
> 2362 3990 -15 -7 19 2
> 9695 2277 -588 -122 -9 1
> 11415 2256 266 -153 -153 1
> 3161 4302 -67 -6 -165 3
! 11817 7246 200 sims=371231 RUNNER
! 19572 3841 0 sims=371231 BLOCKER
> 2362 3990 -15 -7 19 2
> 9695 2277 -588 -122 -9 1
> 11415 2256 266 -153 -153 1
> 3161 4302 -67 -6 -165 3
! -87353 -13387 0
! -80706 -50161 200
> 2176 3908 -203 -87 19 2
> 9107 2155 -499 -103 9 1
> 11681 2103 226 -130 -171 1
> 3286 4327 152 38 -147 3
! 11631 7164 200 sims=337162 RUNNER
! 18017 6695 0 sims=337162 BLOCKER
> 2176 3908 -203 -87 19 2
> 9107 2155 -499 -103 9 1
> 11681 2103 226 -130 -171 1
> 3286 4327 152 38 -147 3
! -87087 17746 200
! -93306 -21554 200
> 2162 3886 -11 -18 19 2
> 8608 2052 -424 -87 27 1
> 11907 1973 192 -110 171 1
> 3245 4313 -35 -11 -165 3
! 11617 7142 200 sims=369012 RUNNER
! 15679 9123 0 sims=369012 BLOCKER
> 2162 3886 -11 -18 19 2
> 8608 2052 -424 -87 27 1
> 11907 1973 192 -110 171 1
> 3245 4313 -35 -11 -165 3
! -86861 -13670 0
! -80622 -50150 200
> 2292 3915 -179 -83 19 2
> 8184 1965 -360 -73 45 1
> 12099 1863 163 -93 -171 1
> 3090 4211 158 21 -147 3
! 10278 9933 200 sims=368025 RUNNER
! 12724 10875 0 sims=368025 BLOCKER
> 2292 3915 -179 -83 19 2
> 8184 1965 -360 -73 45 1
> 12099 1863 163 -93 -171 1
> 3090 4211 158 21 -147 3
! -86669 -13780 200
! -93502 -21670 200
> 2273 3952 -16 31 37 2
> 7824 1892 -306 -62 63 1
> 12064 1739 -29 -105 -171 1
> 3055 4180 -29 -26 -165 3
! 11728 7208 200 sims=347809 RUNNER
! 9388 11769 0 sims=347809 BLOCKER
> 2273 3952 -16 31 37 2
> 7824 1892 -306 -62 63 1
> 12064 1739 -29 -105 -171 1
> 3055 4180 -29 -26 -165 3
! -86704 -13904 200
! -93537 -21701 200
> 2049 3933 -202 -19 19 2
> 7518 1830 -260 -52 81 1
> 11837 1603 -192 -115 -171 1
> 3230 4217 160 34 -165 3
! 11504 7189 200 sims=368522 RUNNER
! 5954 11707 200 sims=368522 BLOCKER
> 2049 3933 -202 -19 19 2
> 7518 1830 -260 -52 81 1
> 11837 1603 -192 -115 -171 1
> 3230 4217 160 34 -165 3
! -86931 17246 200
! -93362 -21664 200
> 2036 3979 -10 39 19 2
> 7227 1976 -247 123 99 1
> 11447 1519 -331 -71 171 1
> 3197 4199 -28 -15 -165 3
! 11491 7235 200 sims=360661 RUNNER
! 2687 10886 200 sims=360661 BLOCKER
> 2036 3979 -10 39 19 2
> 7227 1976 -247 123 99 1
> 11447 1519 -331 -71 171 1
> 3197 4199 -28 -15 -165 3
! -77653 46918 200
! -96665 9432 200
> 2178 4077 -199 34 19 2
> 6889 2277 -287 256 117 1
> 10938 1539 -432 16 153 1
> 3007 4200 158 50 177 3
! 12176 4252 200 sims=339493 RUNNER
! -182 9348 200 sims=339493 BLOCKER
> 2178 4077 -199 34 19 2
> 6889 2277 -287 256 117 1
> 10938 1539 -432 16 153 1
> 3007 4200 158 50 177 3
! -78162 46938 200
! -96855 9433 200
> 2178 4114 -115 10 1 2
> 6461 2674 -364 337 135 1
> 10328 1646 -518 90 153 1
> 2966 4261 80 72 177 3
! 11741 1190 200 sims=333564 RUNNER
! -2449 7214 200 sims=333564 BLOCKER
> 2178 4114 -115 10 1 2
> 6461 2674 -364 337 135 1
> 10328 1646 -518 90 153 1
> 2966 4261 80 72 177 3
! -78772 47045 200
! -93626 -21620 200
> 2053 4028 -107 -73 -17 2
> 5919 3102 -460 363 153 1
> 9632 1827 -591 153 153 2
> 3054 4319 76 49 -165 3
! 12051 4203 200 sims=341341 RUNNER
! -3958 4666 0 sims=341341 BLOCKER
> 2053 4028 -107 -73 -17 2
> 5919 3102 -460 363 153 1
> 9632 1827 -591 153 153 2
> 3054 4319 76 49 -165 3
! -61078 72537 200
! -80813 -50144 200
> 2146 3959 79 -59 1 2
> 5459 3465 -391 308 171 1
> 8900 2121 -622 250 135 2
> 2962 4259 -77 -50 -147 3
! 11601 7215 200 sims=306117 RUNNER
! -4418 1901 0 sims=306117 BLOCKER
> 2146 3959 79 -59 1 2
> 5459 3465 -391 308 171 1
> 8900 2121 -622 250 135 2
> 2962 4259 -77 -50 -147 3
! -61810 72831 200
! -59970 -73455 200
> 1995 3814 -183 -143 19 2
> 5068 3773 -332 261 -171 1
> 8137 2512 -648 332 135 2
> 3178 4205 239 -26 -129 3
! 9981 9832 200 sims=324639 RUNNER
! -3842 -767 0 sims=324639 BLOCKER
> 1995 3814 -183 -143 19 2
> 5068 3773 -332 261 -171 1
> 8137 2512 -648 332 135 2
> 3178 4205 239 -26 -129 3
! -80963 47911 0
! -80689 -50258 0
> 1972 3791 -19 -19 37 2
> 4736 4034 -282 221 -153 1
> 7489 2844 -550 282 153 2
> 3417 4179 203 -22 -147 3
! 11427 7047 200 sims=305319 RUNNER
! -2335 -3037 200 sims=305319 BLOCKER
> 1972 3791 -19 -19 37 2
> 4736 4034 -282 221 -153 1
> 7489 2844 -550 282 153 2
> 3417 4179 203 -22 -147 3
! -81611 48243 200
! -93175 -21702 0
> 2142 3837 144 39 19 2
> 4418 4106 176 27 -135 1
> 6761 3217 -618 316 153 2
> 3514 4165 -363 21 -165 3
! 12140 4012 200 sims=318871 RUNNER
! -122 -4804 0 sims=318871 BLOCKER
> 2142 3837 144 39 19 2
> 4418 4106 176 27 -135 1
> 6761 3217 -618 316 153 2
> 3514 4165 -363 21 -165 3
! -92007 18860 200
! -80353 -50298 200
> 2231 3800 -417 -184 1 2
> 4594 4133 149 22 -117 1
> 5945 3564 -693 295 171 2
> 3238 4156 258 145 -147 3
! 11686 7056 200 sims=364826 RUNNER
! 54 -4777 SHIELD sims=364826 BLOCKER
> 2231 3800 -417 -184 1 2
> 4594 4133 149 22 -117 1
> 5945 3564 -693 295 171 2
> 3238 4156 258 145 -147 3
! -92823 19207 SHIELD
! -59694 -73558 200
> 2003 3681 -193 -101 19 2
> 4554 4251 -535 355 -117 1
> 5441 3763 73 -85 171 2
> 3370 4146 112 -8 -129 3
! 9989 9699 200 sims=356636 RUNNER
! 2990 -5626 0 sims=356636 BLOCKER
> 2003 3681 -193 -101 19 2
> 4554 4251 -535 355 -117 1
> 5441 3763 73 -85 171 2
> 3370 4146 112 -8 -129 3
! -93327 -11880 0
! -80497 -50317 0
> 1970 3700 -28 16 37 2
> 4114 4656 -150 461 -99 1
> 5514 3678 62 -72 -171 2
> 3387 4088 -208 -166 -147 3
! 11425 6956 0 sims=367864 RUNNER
! 5678 -5221 0 sims=367864 BLOCKER
> 1970 3700 -28 16 37 2
> 4114 4656 -150 461 -99 1
> 5514 3678 62 -72 -171 2
> 3387 4088 -208 -166 -147 3
! -93254 -11965 0
! -93205 -21793 200
> 1942 3716 -23 13 19 2
> 3964 5117 -127 391 -81 1
> 5576 3606 52 -61 -171 2
> 2986 3870 -341 -185 -165 3
! 9928 9734 0 sims=363972 RUNNER
! 8504 -3793 0 sims=363972 BLOCKER
> 1942 3716 -23 13 19 2
> 3964 5117 -127 391 -81 1
> 5576 3606 52 -61 -171 2
> 2986 3870 -341 -185 -165 3
! -93192 19249 0
! -96876 9103 200
> 1642 3707 -469 -25 37 2
> 3837 5508 -107 332 -63 1
> 5628 3545 44 -51 171 2
> 2723 3718 -9 -111 177 3
! 9628 9725 200 sims=370314 RUNNER
! 5401 -4369 200 sims=370314 BLOCKER
> 1642 3707 -469 -25 37 2
> 3837 5508 -107 332 -63 1
> 5628 3545 44 -51 171 2
> 2723 3718 -9 -111 177 3
! -83472 48944 200
! -90635 39554 200
> 1333 3802 -262 81 37 2
> 3761 5642 -64 114 -81 1
> 5494 3585 -114 33 153 2
> 2527 3679 -166 -33 159 3
! 7069 11994 200 sims=355649 RUNNER
! 5325 -4235 200 sims=355649 BLOCKER
> 1333 3802 -262 81 37 2
> 3761 5642 -64 114 -81 1
> 5494 3585 -114 33 153 2
> 2527 3679 -166 -33 159 3
! -83606 48984 200
! -75187 66611 200
> 1186 4047 -125 208 55 2
> 3728 5558 -27 -71 -81 1
> 5202 3709 -248 105 153 2
> 2206 3772 -273 78 141 3
! 9172 10065 200 sims=339717 RUNNER
! 8268 -3352 200 sims=339717 BLOCKER
> 1186 4047 -125 208 55 2
> 3728 5558 -27 -71 -81 1
> 5202 3709 -248 105 153 2
> 2206 3772 -273 78 141 3
! -93566 19352 200
! -52257 87639 200
> 1127 4418 -236 400 37 2
> 3792 5309 54 -211 -63 1
> 4756 3845 -378 115 171 2
> 1917 3975 -58 86 123 3
! 10582 7674 200 sims=344862 RUNNER
! 8332 -3601 200 sims=344862 BLOCKER
> 1127 4418 -236 400 37 2
> 3792 5309 54 -211 -63 1
> 4756 3845 -378 115 171 2
> 1917 3975 -58 86 123 3
! -84344 49244 200
! -23964 100567 0
> 1080 4883 -39 395 19 2
> 3937 4920 123 -330 -63 1
> 4200 4051 -472 174 153 2
> 1859 4061 -49 73 105 3
! 11078 5058 200 sims=353668 RUNNER
! 11008 -2151 200 sims=353668 BLOCKER
> 1080 4883 -39 395 19 2
> 3937 4920 123 -330 -63 1
> 4200 4051 -472 174 153 2
> 1859 4061 -49 73 105 3
! -66510 74761 0
! 7092 103923 200
> 1241 5282 136 338 1 2
> 4062 5113 87 250 -45 1
> 3868 3561 -264 -503 135 3
> 1820 4334 -32 231 87 3
! 10804 2358 0 sims=371742 RUNNER
! 12972 573 0 sims=371742 BLOCKER
> 1241 5282 136 338 1 2
> 4062 5113 87 250 -45 1
> 3868 3561 -264 -503 135 3
> 1820 4334 -32 231 87 3
! -41531 92661 0
! 37656 97692 200
> 1377 5620 115 287 -17 2
> 4149 5363 73 212 -27 1
> 3604 3058 -224 -427 117 3
> 1860 4752 33 355 69 3
! 9569 -116 0 sims=351554 RUNNER
! 14026 3799 200 sims=351554 BLOCKER
> 1377 5620 115 287 -17 2
> 4149 5363 73 212 -27 1
> 3604 3058 -224 -427 117 3
> 1860 4752 33 355 69 3
! -12039 101826 200
! 37696 98110 0
> 1492 5907 97 243 -35 2
> 4420 5544 229 153 -9 1
> 3349 2829 -216 -195 99 3
> 1893 5107 28 301 69 3
! 7510 -2079 0 sims=360983 RUNNER
! 14297 7108 200 sims=360983 BLOCKER
> 1492 5907 97 243 -35 2
> 4420 5544 229 153 -9 1
> 3349 2829 -216 -195 99 3
> 1893 5107 28 301 69 3
! 18992 101597 200
! 7126 104969 0
> 1589 6150 82 206 -53 2
> 4847 5728 362 156 9 1
> 3164 2832 -157 2 81 3
> 1921 5408 23 255 87 3
! 9781 414 200 sims=378399 RUNNER
! 13757 10268 0 sims=378399 BLOCKER
> 1589 6150 82 206 -53 2
> 4847 5728 362 156 9 1
> 3164 2832 -157 2 81 3
> 1921 5408 23 255 87 3
! 48563 91932 200
! -23960 102000 200
> 1663 6630 58 417 -35 2
> 5209 5884 307 132 27 1
> 3098 3012 -56 153 63 3
> 2064 5468 126 40 105 3
! 9855 894 200 sims=338268 RUNNER
! 12280 12955 0 sims=338268 BLOCKER
> 1663 6630 58 417 -35 2
> 5209 5884 307 132 27 1
> 3098 3012 -56 153 63 3
> 2064 5468 126 40 105 3
! 73808 73722 200
! 7297 105330 0
> 1885 6932 188 256 -35 2
> 5516 6016 260 112 45 1
> 3183 3306 72 250 45 3
> 2190 5508 107 34 87 3
! 10077 1196 200 sims=390677 RUNNER
! 10056 14926 0 sims=390677 BLOCKER
> 1885 6932 188 256 -35 2
> 5516 6016 260 112 45 1
> 3183 3306 72 250 45 3
> 2190 5508 107 34 87 3
! 73893 74016 200
! 38026 98866 200
> 2237 7073 299 120 -35 2
> 5776 6128 221 95 63 1
> 3396 3697 181 332 45 3
> 2369 5729 151 187 69 3
! 8255 -913 0 sims=371203 RUNNER
! 12847 13199 0 sims=371203 BLOCKER
> 2237 7073 299 120 -35 2
> 5776 6128 221 95 63 1
> 3396 3697 181 332 45 3
> 2369 5729 151 187 69 3
! 74106 74407 200
! 65301 83443 200
> 2536 7193 254 102 -53 2
> 5997 6223 187 80 45 1
> 3718 4170 274 402 45 3
> 2646 6071 235 291 51 3
! 5792 -2262 0 sims=348866 RUNNER
! 10537 15133 0 sims=348866 BLOCKER
> 2536 7193 254 102 -53 2
> 5997 6223 187 80 45 1
> 3718 4170 274 402 45 3
> 2646 6071 235 291 51 3
! 92818 49569 200
! 38482 99429 0
> 2790 7295 215 86 -71 2
> 6184 6303 158 68 63 1
> 4170 4663 384 418 27 3
> 2881 6362 199 247 69 3
! 2965 -2703 0 sims=347536 RUNNER
! 7748 16180 0 sims=347536 BLOCKER
> 2790 7295 215 86 -71 2
> 6184 6303 158 68 63 1
> 4170 4663 384 418 27 3
> 2881 6362 199 247 69 3
! 102938 20306 200
! 8114 106224 200
> 2980 7601 148 376 -89 2
> 6342 6371 134 57 81 1
> 4752 5112 494 381 9 3
> 3115 6588 211 76 87 3
! 56 -1962 0 sims=370300 RUNNER
! 4778 16248 0 sims=370300 BLOCKER
> 2980 7601 148 376 -89 2
> 6342 6371 134 57 81 1
> 4752 5112 494 381 9 3
> 3115 6588 211 76 87 3
! 93852 50511 0
! -22766 103180 0
> 3128 7977 125 319 -107 2
> 6476 6428 113 48 99 1
> 5246 5493 419 323 27 3
> 3326 6664 179 64 105 3
! -2608 -215 200 sims=371483 RUNNER
! 1936 15338 0 sims=371483 BLOCKER
> 3128 7977 125 319 -107 2
> 6476 6428 113 48 99 1
> 5246 5493 419 323 27 3
> 3326 6664 179 64 105 3
! 94346 50892 0
! -51137 90531 0
> 3138 8132 8 131 -125 2
> 6589 6476 96 40 117 1
> 5665 5816 356 274 27 3
> 3505 6728 152 54 123 3
! -4848 2114 200 sims=383614 RUNNER
! 2049 15386 SHIELD sims=383614 BLOCKER
> 3138 8132 8 131 -125 2
> 6589 6476 96 40 117 1
> 5665 5816 356 274 27 3
> 3505 6728 152 54 123 3
! 94765 51215 0
! -74209 69660 200
> 2986 8143 -128 9 -143 2
> 6687 6517 126 62 117 1
> 6004 6079 -145 -56 27 3
> 3502 6908 -2 152 141 3
! -5000 2125 200 sims=345002 RUNNER
! -384 13588 0 sims=345002 BLOCKER
> 2986 8143 -128 9 -143 2
> 6687 6517 126 62 117 1
> 6004 6079 -145 -56 27 3
> 3502 6908 -2 152 141 3
! 76714 76789 200
! -89856 42744 200
> 2698 8032 -244 -94 -143 2
> 6813 6579 107 52 135 1
> 6000 6164 -3 72 45 3
> 3313 7132 -160 190 159 3
! -3038 -160 200 sims=347305 RUNNER
! -2097 11119 0 sims=347305 BLOCKER
> 2698 8032 -244 -94 -143 2
> 6813 6579 107 52 135 1
> 6000 6164 -3 72 45 3
> 3313 7132 -160 190 159 3
! 95100 51563 200
! -96549 12365 200
> 2304 7803 -497 -58 -125 2
> 6920 6631 90 44 153 1
> 6175 6327 148 138 27 3
> 2988 7303 -113 9 177 3
! -620 -1760 200 sims=341446 RUNNER
! -2957 8195 0 sims=341446 BLOCKER
> 2304 7803 -497 -58 -125 2
> 6920 6631 90 44 153 1
> 6175 6327 148 138 27 3
> 2988 7303 -113 9 177 3
! 95275 51726 200
! -93604 -18578 0
> 1749 7554 -472 -211 -107 2
> 7273 6782 303 129 171 1
> 6238 6449 50 102 27 3
> 2875 7312 -96 7 195 3
! 1924 -2444 200 sims=345149 RUNNER
! -2604 5218 200 sims=345149 BLOCKER
> 1749 7554 -472 -211 -107 2
> 7273 6782 303 129 171 1
> 6238 6449 50 102 27 3
> 2875 7312 -96 7 195 3
! 95338 51848 200
! -80992 -47151 0
> 1280 7143 -398 -349 -89 2
> 7378 6880 89 83 -171 1
> 6466 6642 193 163 27 3
> 2779 7319 -81 5 -147 3
! 4536 -2312 200 sims=352702 RUNNER
! -2499 5316 200 sims=352702 BLOCKER
> 1280 7143 -398 -349 -89 2
> 7378 6880 89 83 -171 1
> 6466 6642 193 163 27 3
> 2779 7319 -81 5 -147 3
! 95566 52041 200
! -60153 -70395 0
> 947 6605 -282 -457 -71 2
> 7631 7016 332 143 -171 1
> 6476 6811 -109 116 27 3
> 2698 7324 -68 4 -129 3
! 6965 -1381 0 sims=347760 RUNNER
! -2246 5452 200 sims=347760 BLOCKER
> 947 6605 -282 -457 -71 2
> 7631 7016 332 143 -171 1
> 6476 6811 -109 116 27 3
> 2698 7324 -68 4 -129 3
! 105244 22454 0
! -33138 -86034 200
> 665 6148 -239 -388 -53 2
> 7765 7128 114 94 -171 1
> 6367 6927 -92 98 9 3
> 2558 7141 -118 -155 -111 3
! 8857 412 200 sims=348908 RUNNER
! -2112 8692 200 sims=348908 BLOCKER
> 665 6148 -239 -388 -53 2
> 7765 7128 114 94 -171 1
> 6367 6927 -92 98 9 3
> 2558 7141 -118 -155 -111 3
! 105135 22570 0
! -2675 -92721 200
> 590 5645 -63 -427 -35 2
> 7681 7253 -71 106 171 1
> 6275 7025 -78 83 9 3
> 2430 6786 -109 -301 -93 3
! 10153 2721 200 sims=349174 RUNNER
! -2196 5689 200 sims=349174 BLOCKER
> 590 5645 -63 -427 -35 2
> 7681 7253 -71 106 171 1
> 6275 7025 -78 83 9 3
> 2430 6786 -109 -301 -93 3
! 95375 52424 200
! 28311 -89806 0
> 718 5160 109 -412 -17 2
> 7412 7328 -228 63 -171 1
> 6375 7199 85 147 27 3
> 2321 6485 -92 -255 -75 3
! 10716 5335 200 sims=349027 RUNNER
! -2465 5764 SHIELD sims=349027 BLOCKER
> 718 5160 109 -412 -17 2
> 7412 7328 -228 63 -171 1
> 6375 7199 85 147 27 3
> 2321 6485 -92 -255 -75 3
! 105143 22842 0
! 28202 -90107 200
> 1027 4751 262 -347 1 2
> 7198 7392 -144 57 -171 1
> 6325 7335 -418 85 9 3
> 2281 6037 -34 -380 -75 3
! 10482 8007 0 sims=351771 RUNNER
! -2679 8956 0 sims=351771 BLOCKER
> 1027 4751 262 -347 1 2
> 7198 7392 -144 57 -171 1
> 6325 7335 -418 85 9 3
> 2281 6037 -34 -380 -75 3
! 105093 -8308 200
! -2952 -93825 200
