@ 0 YurkovAS
@ 1 reCurse
CP 4
CP 13909 1946
CP 8001 3281
CP 2657 7033
CP 10068 5955
> 14019 2434 0 0 -1 1
> 13799 1458 0 0 -1 1
> 14240 3409 0 0 -1 1
> 13578 483 0 0 -1 1
! 4094 3653 BOOST sims=281358 RUNNER
! 4186 4214 BOOST sims=281358 BLOCKER
> 14019 2434 0 0 -1 1
> 13799 1458 0 0 -1 1
> 14240 3409 0 0 -1 1
> 13578 483 0 0 -1 1
! -85738 1357 200
! -75803 45326 200
> 13374 2513 -548 67 173 1
> 13174 1637 -531 152 164 1
> 14040 3405 -169 -3 -179 1
> 13399 573 -151 76 153 1
! 3558 605 200 sims=350630 RUNNER
! 4884 7229 0 sims=350630 BLOCKER
> 13374 2513 -548 67 173 1
> 13174 1637 -531 152 164 1
> 14040 3405 -169 -3 -179 1
> 13399 573 -151 76 153 1
! -80511 -29151 200
! -57311 71283 200
> 12635 2610 -619 185 191 1
> 12638 1720 -464 -31 146 1
> 13682 3337 -304 -57 -161 1
> 13106 790 -249 184 135 1
! 2710 3829 0 sims=366597 RUNNER
! 4348 7312 200 sims=366597 BLOCKER
> 12635 2610 -619 185 191 1
> 12638 1720 -464 -31 146 1
> 13682 3337 -304 -57 -161 1
> 13106 790 -249 184 135 1
! -80869 -29219 200
! -57604 71500 BOOST
> 12020 2821 -487 390 173 1
> 11852 2011 -811 205 146 1
> 13189 3215 -419 -103 -161 1
> 12549 1197 -365 177 135 1
! 2204 913 200 sims=385238 RUNNER
! 5695 9891 0 sims=385238 BLOCKER
> 12020 2821 -487 390 173 1
> 11852 2011 -811 205 146 1
> 13189 3215 -419 -103 -161 1
> 12549 1197 -365 177 135 1
! -86795 1469 200
! -58161 71907 200
> 11337 3173 -580 299 191 1
> 11041 2216 -689 174 128 1
> 12570 3109 -526 -90 -179 1
> 12043 1515 -430 270 135 1
! 2591 -1675 200 sims=389599 RUNNER
! 7621 11613 0 sims=389599 BLOCKER
> 11337 3173 -580 299 191 1
> 11041 2216 -689 174 128 1
> 12570 3109 -526 -90 -179 1
> 12043 1515 -430 270 135 1
! -83060 32346 200
! -77057 46914 0
> 10582 3375 -641 171 209 1
> 10352 2390 -585 147 110 1
> 11853 3077 -609 -26 -197 1
> 11613 1785 -365 229 153 1
! 1836 -1473 200 sims=373163 RUNNER
! 10003 12384 0 sims=373163 BLOCKER
> 10582 3375 -641 171 209 1
> 10352 2390 -585 147 110 1
> 11853 3077 -609 -26 -197 1
> 11613 1785 -365 229 153 1
! -88131 1331 200
! -77487 47184 0
> 9766 3449 -693 62 -151 1
> 9767 2537 -497 124 92 1
> 11044 3048 -687 -25 -179 1
> 11248 2014 -310 194 153 1
! -50 1541 200 sims=373016 RUNNER
! 12523 12150 0 sims=373016 BLOCKER
> 9766 3449 -693 62 -151 1
> 9767 2537 -497 124 92 1
> 11044 3048 -687 -25 -179 1
> 11248 2014 -310 194 153 1
! -83507 -29508 0
! -77852 47413 0
> 8877 3473 -755 20 -169 1
> 9270 2661 -422 105 74 1
> 10357 3023 -583 -21 -161 1
> 10938 2208 -263 164 153 1
! -1048 4692 200 sims=371175 RUNNER
! 8921 12655 200 sims=371175 BLOCKER
> 8877 3473 -755 20 -169 1
> 9270 2661 -422 105 74 1
> 10357 3023 -583 -21 -161 1
> 10938 2208 -263 164 153 1
! -89627 1277 200
! -78162 47607 200
> 7923 3517 -810 37 -187 2
> 8773 2958 -693 221 92 1
> 9642 3006 -337 16 -179 1
> 10497 2463 -375 216 153 1
! -1140 7743 200 sims=382627 RUNNER
! 5353 12355 200 sims=382627 BLOCKER
> 7923 3517 -810 37 -187 2
> 8773 2958 -693 221 92 1
> 9642 3006 -337 16 -179 1
> 10497 2463 -375 216 153 1
! -85988 32243 200
! -60213 73173 200
> 6932 3639 -842 103 155 2
> 8012 3367 -647 347 110 2
> 9114 3080 -449 63 -197 1
> 9981 2820 -438 303 135 1
! -382 10459 200 sims=337554 RUNNER
! 1855 11247 200 sims=337554 BLOCKER
> 6932 3639 -842 103 155 2
> 8012 3367 -647 347 110 2
> 9114 3080 -449 63 -197 1
> 9981 2820 -438 303 135 1
! -86516 32317 200
! -60729 73530 200
> 5944 3878 -840 203 137 2
> 7242 3872 -654 428 128 2
> 8474 3201 -544 103 163 2
> 9402 3264 -492 377 135 1
! 1096 12624 200 sims=402927 RUNNER
! 3822 13269 0 sims=402927 BLOCKER
> 5944 3878 -840 203 137 2
> 7242 3872 -654 428 128 2
> 8474 3201 -544 103 163 2
> 9402 3264 -492 377 135 1
! -73441 60558 200
! -79698 48663 0
> 5007 4256 -796 321 119 2
> 6588 4300 -555 363 110 2
> 7766 3419 -601 185 145 2
> 8910 3641 -418 320 153 1
! 3099 14072 200 sims=447118 RUNNER
! 431 12180 0 sims=447118 BLOCKER
> 5007 4256 -796 321 119 2
> 6588 4300 -555 363 110 2
> 7766 3419 -601 185 145 2
> 8910 3641 -418 320 153 1
! -74149 60776 200
! -61800 74351 0
> 4173 4773 -709 439 101 2
> 6033 4663 -471 308 128 2
> 7001 3719 -650 254 145 2
> 8492 3961 -355 272 135 1
! 5392 14698 0 sims=441868 RUNNER
! -2257 10255 0 sims=441868 BLOCKER
> 4173 4773 -709 439 101 2
> 6033 4663 -471 308 128 2
> 7001 3719 -650 254 145 2
> 8492 3961 -355 272 135 1
! -53180 83582 200
! -36907 93061 0
> 3464 5212 -602 373 83 2
> 5562 4971 -400 261 146 2
> 6231 4133 -654 351 127 2
> 8137 4233 -301 231 117 1
! 7690 14275 200 sims=444661 RUNNER
! -4051 7727 0 sims=444661 BLOCKER
> 3464 5212 -602 373 83 2
> 5562 4971 -400 261 146 2
> 6231 4133 -654 351 127 2
> 8137 4233 -301 231 117 1
! -26325 98684 0
! -37262 93333 0
> 2947 5766 -439 471 65 2
> 5162 5232 -340 221 164 2
> 5577 4484 -555 298 109 2
> 7836 4464 -255 196 117 1
! 9767 13080 200 sims=397068 RUNNER
! -4832 4883 0 sims=397068 BLOCKER
> 2947 5766 -439 471 65 2
> 5162 5232 -340 221 164 2
> 5577 4484 -555 298 109 2
> 7836 4464 -255 196 117 1
! -26979 99035 0
! -37563 93564 0
> 2644 6383 -257 524 47 2
> 4764 5574 -362 342 182 2
> 5080 4661 -398 99 109 2
> 7581 4660 -216 166 117 1
! 11390 11231 200 sims=416689 RUNNER
! -4633 2154 0 sims=416689 BLOCKER
> 2644 6383 -257 524 47 2
> 4764 5574 -362 342 182 2
> 5080 4661 -398 99 109 2
> 7581 4660 -216 166 117 1
! -27476 99212 200
! -37818 93760 0
> 2562 7004 -69 527 29 3
> 4402 5916 -307 290 200 2
> 4617 4949 -393 244 109 2
> 7365 4826 -183 141 117 1
! 12378 8912 200 sims=403263 RUNNER
! -3478 -241 0 sims=403263 BLOCKER
> 2562 7004 -69 527 29 3
> 4402 5916 -307 290 200 2
> 4617 4949 -393 244 109 2
> 7365 4826 -183 141 117 1
! -27939 99500 200
! -8278 103594 0
> 2689 7569 108 480 11 3
> 4095 6206 -260 246 218 2
> 4159 5382 -389 368 109 2
> 7182 4967 -155 119 99 1
! 12614 6350 200 sims=415338 RUNNER
! -1497 -2084 200 sims=415338 BLOCKER
> 2689 7569 108 480 11 3
> 4095 6206 -260 246 218 2
> 4159 5382 -389 368 109 2
> 7182 4967 -155 119 99 1
! 2413 105366 200
! 22825 103735 0
> 2996 8025 260 387 -7 3
> 3687 6746 -348 481 -124 2
> 3803 5490 -301 69 91 2
> 7027 5086 -131 101 81 1
! 12059 3799 200 sims=308350 RUNNER
! 931 -2867 200 sims=308350 BLOCKER
> 2996 8025 260 387 -7 3
> 3687 6746 -348 481 -124 2
> 3803 5490 -301 69 91 2
> 7027 5086 -131 101 81 1
! 2057 105474 200
! 52426 94186 0
> 3437 8327 375 257 -25 3
> 3284 7035 -342 245 -106 2
> 3499 5759 -258 228 91 2
> 6896 5187 -111 85 63 1
! 12500 4101 200 sims=445669 RUNNER
! 3633 -2959 200 sims=445669 BLOCKER
> 3437 8327 375 257 -25 3
> 3284 7035 -342 245 -106 2
> 3499 5759 -258 228 91 2
> 6896 5187 -111 85 63 1
! 1753 105743 200
! 77606 75897 0
> 3993 8499 472 146 -25 3
> 2949 7080 -284 38 -88 3
> 3238 6187 -222 363 91 2
> 6785 5272 -94 72 45 1
! 11307 1679 200 sims=412776 RUNNER
! 6369 -2317 200 sims=412776 BLOCKER
> 3993 8499 472 146 -25 3
> 2949 7080 -284 38 -88 3
> 3238 6187 -222 363 91 2
> 6785 5272 -94 72 45 1
! 32475 101817 SHIELD
! 77495 75982 0
> 4611 8509 525 8 -43 3
> 2509 7514 -450 566 -70 3
> 3038 6492 -162 239 73 2
> 6691 5344 -79 61 45 1
! 13674 4283 200 sims=450695 RUNNER
! 8666 -366 200 sims=450695 BLOCKER
> 4611 8509 525 8 -43 3
> 2509 7514 -450 566 -70 3
> 3038 6492 -162 239 73 2
> 6691 5344 -79 61 45 1
! 60395 88407 0
! 77401 76054 200
> 5317 8432 600 -65 -25 3
> 2182 7922 -277 347 -52 3
> 2876 6731 -137 203 55 3
> 6753 5546 53 172 45 1
! 14380 4206 200 sims=437157 RUNNER
! 10472 2330 200 sims=437157 BLOCKER
> 5317 8432 600 -65 -25 3
> 2182 7922 -277 347 -52 3
> 2876 6731 -137 203 55 3
> 6753 5546 53 172 45 1
! 82739 66912 0
! 77463 76256 200
> 6098 8282 664 -127 -25 3
> 2071 8157 -94 199 -34 3
> 2739 6934 -116 172 37 3
> 6947 5859 165 266 45 1
! 16023 7063 200 sims=391622 RUNNER
! 11684 5401 200 sims=391622 BLOCKER
> 6098 8282 664 -127 -25 3
> 2071 8157 -94 199 -34 3
> 2739 6934 -116 172 37 3
> 6947 5859 165 266 45 1
! 82602 67115 0
! 77657 76569 200
> 6961 8131 733 -128 -7 3
> 2169 8301 83 122 -16 3
> 2623 7106 -98 146 37 3
> 7253 6266 260 346 45 1
! 16886 6912 200 sims=427917 RUNNER
! 12163 8650 200 sims=427917 BLOCKER
> 6961 8131 733 -128 -7 3
> 2169 8301 83 122 -16 3
> 2623 7106 -98 146 37 3
> 7253 6266 260 346 45 1
! 97174 39662 200
! 96353 51665 200
> 7893 7979 791 -129 -7 3
> 2452 8430 240 109 2 3
> 2714 7317 77 179 19 3
> 7691 6703 372 371 27 1
! 16956 3753 200 sims=422058 RUNNER
! 12446 8779 200 sims=422058 BLOCKER
> 7893 7979 791 -129 -7 3
> 2452 8430 240 109 2 3
> 2714 7317 77 179 19 3
> 7691 6703 372 371 27 1
! 102698 9062 200
! 106459 22346 200
> 8865 7765 826 -181 -25 3
> 2892 8546 373 98 2 3
> 2991 7499 235 155 1 3
> 8261 7105 484 341 9 1
! 16179 945 200 sims=396081 RUNNER
! 12505 5790 200 sims=396081 BLOCKER
> 8865 7765 826 -181 -25 3
> 2892 8546 373 98 2 3
> 2991 7499 235 155 1 3
> 8261 7105 484 341 9 1
! 102975 9244 200
! 107029 -8538 200
> 9837 7448 826 -269 -43 3
> 3457 8589 480 36 -16 3
> 3426 7657 369 134 1 3
> 8943 7415 579 263 -9 1
! 14685 -1298 0 sims=420742 RUNNER
! 13070 5833 200 sims=420742 BLOCKER
> 9837 7448 826 -269 -43 3
> 3457 8589 480 36 -16 3
> 3426 7657 369 134 1 3
> 8943 7415 579 263 -9 1
! 99056 -21580 200
! 98043 -37984 0
> 10663 7179 702 -228 -61 3
> 4129 8570 571 -16 -16 3
> 3986 7733 476 64 -17 3
> 9522 7678 492 223 -27 1
! 12571 -2637 0 sims=430878 RUNNER
! 12419 2978 200 sims=430878 BLOCKER
> 10663 7179 702 -228 -61 3
> 4129 8570 571 -16 -16 3
> 3986 7733 476 64 -17 3
> 9522 7678 492 223 -27 1
! 103970 9478 200
! 80232 -63032 0
> 11365 6951 596 -193 -79 3
> 4896 8592 661 65 -34 3
> 4632 7651 539 -117 1 3
> 10014 7901 418 189 -45 1
! 10146 -2974 0 sims=397362 RUNNER
! 11053 712 200 sims=397362 BLOCKER
> 11365 6951 596 -193 -79 3
> 4896 8592 661 65 -34 3
> 4632 7651 539 -117 1 3
> 10014 7901 418 189 -45 1
! 100262 -21586 200
! 55412 -81199 0
> 11961 6758 506 -164 -97 3
> 5680 8499 666 -78 -52 3
> 5362 7476 620 -149 -17 3
> 10432 8090 355 160 -63 1
! 7735 -2305 0 sims=416213 RUNNER
! 9100 -898 200 sims=416213 BLOCKER
> 11961 6758 506 -164 -97 3
> 5680 8499 666 -78 -52 3
> 5362 7476 620 -149 -17 3
> 10432 8090 355 160 -63 1
! 100992 -21761 200
! 26075 -90678 200
> 12467 6594 430 -139 -115 3
> 6414 8233 624 -226 -70 3
> 6173 7269 689 -176 -17 3
> 10818 8052 328 -31 -81 1
! 5647 -720 200 sims=378308 RUNNER
! 12571 353 200 sims=378308 BLOCKER
> 12467 6594 430 -139 -115 3
> 6414 8233 624 -226 -70 3
> 6173 7269 689 -176 -17 3
> 10818 8052 328 -31 -81 1
! 101803 -21968 200
! -4825 -90716 0
> 12761 6309 249 -242 -133 3
> 7161 7849 635 -326 -52 3
> 7053 7035 748 -199 -17 3
> 11146 8021 278 -26 -99 1
! 4015 1461 200 sims=382368 RUNNER
! 10581 -1548 200 sims=382368 BLOCKER
> 12761 6309 249 -242 -133 3
> 7161 7849 635 -326 -52 3
> 7053 7035 748 -199 -17 3
> 11146 8021 278 -26 -99 1
! 107037 8780 200
! -4497 -90747 200
> 12835 5970 62 -288 -151 3
> 7902 7657 631 -145 -70 3
> 7963 6518 771 -457 1 3
> 11393 7797 209 -190 -99 1
! 3019 4062 200 sims=402234 RUNNER
! 8251 -2337 200 sims=402234 BLOCKER
> 12835 5970 62 -288 -151 3
> 7902 7657 631 -145 -70 3
> 7963 6518 771 -457 1 3
> 11393 7797 209 -190 -99 1
! 107947 8263 0
! -4250 -90971 200
> 12701 5644 -114 -277 -169 3
> 8540 7312 542 -293 -88 3
> 8734 6061 655 -388 1 3
> 11571 7409 151 -329 -99 1
! 2885 3736 200 sims=409507 RUNNER
! 5784 -2301 200 sims=409507 BLOCKER
> 12701 5644 -114 -277 -169 3
> 8540 7312 542 -293 -88 3
> 8734 6061 655 -388 1 3
> 11571 7409 151 -329 -99 1
! 104364 -23176 200
! -33828 -81691 200
> 12391 5329 -263 -267 -169 3
> 9027 6827 413 -412 -106 3
> 9580 5615 719 -379 -17 0
> 11631 6902 51 -431 -117 1
! 3645 481 0 sims=377132 BLOCKER
! 6271 -2786 200 sims=377132 RUNNER
> 12391 5329 -263 -267 -169 3
> 9027 6827 413 -412 -106 3
> 9580 5615 719 -379 -17 0
> 11631 6902 51 -431 -117 1
! 109564 7360 200
! -59079 -63808 0
> 12128 5062 -223 -226 -151 3
> 9385 6223 304 -513 -106 3
> 10499 5239 781 -319 1 0
> 11682 6471 43 -366 -135 1
! 2312 3154 0 sims=399700 BLOCKER
! 9734 -3771 200 sims=399700 RUNNER
> 12128 5062 -223 -226 -151 3
> 9385 6223 304 -513 -106 3
> 10499 5239 781 -319 1 0
> 11682 6471 43 -366 -135 1
! 105050 37795 SHIELD
! -33717 -82629 0
> 12211 4798 1355 -386 -169 3
> 9696 5510 264 -605 -88 0
> 11249 4924 509 -251 19 0
> 11725 6105 36 -311 -117 1
! 3465 -50 200 sims=442918 BLOCKER
! 13116 -3887 0 sims=442918 RUNNER
> 12211 4798 1355 -386 -169 3
> 9696 5510 264 -605 -88 0
> 11249 4924 509 -251 19 0
> 11725 6105 36 -311 -117 1
! 111233 6669 0
! -3918 -92663 200
> 13391 4315 1003 -410 -151 3
> 9960 4905 224 -514 -70 0
> 11758 4673 432 -213 1 0
> 11730 5596 4 -432 -99 1
! 3575 2407 200 sims=444668 BLOCKER
! 16117 -2975 200 sims=444668 RUNNER
> 13391 4315 1003 -410 -151 3
> 9960 4905 224 -514 -70 0
> 11758 4673 432 -213 1 0
> 11730 5596 4 -432 -99 1
! 107388 -24564 0
! -3913 -93172 0
> 14198 3867 685 -380 -169 3
> 10307 4233 295 -570 -52 0
> 12190 4460 367 -181 -17 0
> 11734 5164 3 -367 -99 1
! 4382 1959 200 sims=395556 BLOCKER
! 18597 -1359 200 sims=395556 RUNNER
> 14198 3867 685 -380 -169 3
> 10307 4233 295 -570 -52 0
> 12190 4460 367 -181 -17 0
> 11734 5164 3 -367 -99 1
! 94105 -52897 0
! 27377 -93604 200
> 14687 3449 415 -355 -169 3
> 10768 3551 391 -579 -34 0
> 12557 4279 311 -153 -35 0
> 11768 4599 29 -479 -81 1
! 4871 1541 200 sims=419720 BLOCKER
! 20381 795 200 sims=419720 RUNNER
> 14687 3449 415 -355 -169 3
> 10768 3551 391 -579 -34 0
> 12557 4279 311 -153 -35 0
> 11768 4599 29 -479 -81 1
! 72738 -75584 0
! 57166 -84501 200
> 14906 3056 185 -334 -169 3
> 11351 2917 495 -539 -16 0
> 12868 4126 264 -130 -53 0
> 11888 3942 101 -558 -63 1
! 4981 4275 200 sims=393722 BLOCKER
! 21345 3266 200 sims=393722 RUNNER
> 14906 3056 185 -334 -169 3
> 11351 2917 495 -539 -16 0
> 12868 4126 264 -130 -53 0
> 11888 3942 101 -558 -63 1
! 45424 -90425 200
! 57286 -85158 200
> 14892 2746 -11 -263 -187 3
> 12046 2385 590 -452 2 0
> 13197 3807 279 -271 -71 0
> 12080 3206 163 -625 -63 1
! 5829 6972 200 sims=369586 BLOCKER
! 22040 2734 SHIELD sims=369586 RUNNER
> 14892 2746 -11 -263 -187 3
> 12046 2385 590 -452 2 0
> 13197 3807 279 -271 -71 0
> 12080 3206 163 -625 -63 1
! 14942 -96177 200
! 82790 -67504 200
> 14700 2568 -163 -151 155 3
> 12635 1879 500 -433 2 0
> 13479 3336 240 -400 -89 0
> 12394 2982 267 -157 -45 1
! 7386 9388 200 sims=379918 BLOCKER
! 22032 5299 0 sims=379918 RUNNER
> 14700 2568 -163 -151 155 3
> 12635 1879 500 -433 2 0
> 13479 3336 240 -400 -89 0
> 12394 2982 267 -157 -45 1
! -15758 -92294 200
! 83104 -67728 0
> 14434 2540 255 -169 137 3
> 13135 1446 425 -368 20 0
> 13617 2758 -363 -344 -107 0
> 12661 2825 226 -133 -45 1
! 5371 6766 200 sims=399966 BLOCKER
! 21015 7603 0 sims=399966 RUNNER
> 14434 2540 255 -169 137 3
> 13135 1446 425 -368 20 0
> 13617 2758 -363 -344 -107 0
> 12661 2825 226 -133 -45 1
! -43740 -79157 0
! 101761 -42574 0
> 14508 2456 62 -71 155 3
> 13560 1078 361 -312 38 0
> 13643 2352 151 -366 -125 1
> 12498 2754 -268 -39 -27 1
! 7194 9276 200 sims=429023 BLOCKER
! 19152 9368 0 sims=429023 RUNNER
> 14508 2456 62 -71 155 3
> 13560 1078 361 -312 38 0
> 13643 2352 151 -366 -125 1
> 12498 2754 -268 -39 -27 1
! -66220 -57829 0
! 83208 -67956 200
> 14424 2521 -71 55 137 3
> 13921 766 306 -265 56 0
> 13794 1986 128 -311 -143 1
> 12371 2574 -107 -153 -45 1
! 5361 6747 200 sims=424214 BLOCKER
! 16677 10379 0 sims=424214 RUNNER
> 14424 2521 -71 55 137 3
> 13921 766 306 -265 56 0
> 13794 1986 128 -311 -143 1
> 12371 2574 -107 -153 -45 1
! -80757 -30570 200
! 101471 -42825 200
> 14172 2661 -214 118 155 3
> 14227 501 260 -225 74 0
> 13733 1610 -51 -319 -161 1
> 12442 2330 60 -207 -27 1
! 4247 3880 200 sims=429072 BLOCKER
! 13878 10495 0 sims=429072 RUNNER
> 14172 2661 -214 118 155 3
> 14227 501 260 -225 74 0
> 13733 1610 -51 -319 -161 1
> 12442 2330 60 -207 -27 1
! -86251 -135 200
! 111210 -13313 200
> 13759 2803 -350 121 173 3
> 14487 276 221 -191 92 0
> 13482 1288 -213 -274 -179 1
> 12700 2092 218 -202 -9 1
! 3834 4022 200 sims=371889 BLOCKER
! 11067 9673 0 sims=371889 RUNNER
> 13759 2803 -350 121 173 3
> 14487 276 221 -191 92 0
> 13482 1288 -213 -274 -179 1
> 12700 2092 218 -202 -9 1
! -82148 30525 0
! 111468 -13551 0
> 13210 2948 -466 123 173 3
> 14708 85 187 -162 110 0
> 13269 1014 -181 -232 -197 1
> 12918 1890 185 -171 -9 1
! 3394 1040 200 sims=425299 BLOCKER
! 8551 7965 0 sims=425299 RUNNER
> 13210 2948 -466 123 173 3
> 14708 85 187 -162 110 0
> 13269 1014 -181 -232 -197 1
> 12918 1890 185 -171 -9 1
! -68646 58371 200
! 102018 -43509 0
> 12548 3033 -562 72 191 3
> 14895 -77 158 -137 128 0
> 12924 897 -293 -99 145 1
> 13103 1719 157 -145 -27 1
! 3802 -1815 0 sims=406301 BLOCKER
! 11475 9320 200 sims=406301 RUNNER
> 12548 3033 -562 72 191 3
> 14895 -77 158 -137 128 0
> 12924 897 -293 -99 145 1
> 13103 1719 157 -145 -27 1
! -68991 58254 BOOST
! 102203 -43680 0
> 11986 3105 -477 61 209 3
> 14985 -26 76 43 110 0
> 12099 1171 -701 232 145 1
> 13260 1574 133 -123 -27 1
! 3240 -1743 200 sims=432607 BLOCKER
! 14636 9968 200 sims=432607 RUNNER
> 11986 3105 -477 61 209 3
> 14985 -26 76 43 110 0
> 12099 1171 -701 232 145 1
> 13260 1574 133 -123 -27 1
! -48082 81034 200
! 112028 -14069 0
> 11334 3069 -554 -30 -151 3
> 15054 217 58 206 92 0
> 11278 1563 -698 332 127 1
> 13393 1451 113 -104 -9 1
! 4514 -4245 200 sims=376348 BLOCKER
! 11634 9614 0 sims=376348 RUNNER
> 11334 3069 -554 -30 -151 3
> 15054 217 58 206 92 0
> 11278 1563 -698 332 127 1
> 13393 1451 113 -104 -9 1
! -21278 96114 200
! 112161 17094 200
> 10644 2893 -586 -149 -133 3
> 15112 423 49 175 110 0
> 10515 2084 -648 442 109 1
> 13704 1378 263 -61 9 1
! 3824 -4421 SHIELD sims=451521 BLOCKER
! 8955 8303 0 sims=451521 RUNNER
> 10644 2893 -586 -149 -133 3
> 15112 423 49 175 110 0
> 10515 2084 -648 442 109 1
> 13704 1378 263 -61 9 1
! 8769 102068 SHIELD
! 112472 -14265 200
> 10149 3290 -418 353 -133 3
> 15161 598 41 148 128 0
> 9776 1980 -630 -104 91 1
> 14165 1286 391 -78 -9 1
! 1403 -1558 0 sims=478877 BLOCKER
! 6871 6190 0 sims=478877 RUNNER
> 10149 3290 -418 353 -133 3
> 15161 598 41 148 128 0
> 9776 1980 -630 -104 91 1
> 14165 1286 391 -78 -9 1
! 8030 101964 0
! 103265 -44113 200
> 9731 3643 -355 300 -151 3
> 15365 625 453 -184 146 0
> 9146 1876 -535 -88 91 1
> 14571 1238 65 166 -27 1
! -85 1735 0 sims=457583 BLOCKER
! 5752 3381 200 sims=457583 RUNNER
> 9731 3643 -355 300 -151 3
> 15365 625 453 -184 146 0
> 9146 1876 -535 -88 91 1
> 14571 1238 65 166 -27 1
! 7400 101860 0
! 85281 -69472 0
> 9376 3943 -301 255 -169 3
> 15626 496 221 -109 164 0
> 8611 1788 -454 -74 91 1
> 14636 1404 55 141 -45 1
! -549 5162 0 sims=458668 BLOCKER
! 5632 147 200 sims=458668 RUNNER
> 9376 3943 -301 255 -169 3
> 15626 496 221 -109 164 0
> 8611 1788 -454 -74 91 1
> 14636 1404 55 141 -45 1
! 37848 97418 0
! 60034 -87696 200
> 9075 4198 -255 216 -187 3
> 15647 380 17 -98 182 0
> 8157 1714 -385 -62 73 1
> 14782 1367 123 -31 -63 1
! 12 8424 200 sims=473375 BLOCKER
! 6034 3136 0 sims=473375 RUNNER
> 9075 4198 -255 216 -187 3
> 15647 380 17 -98 182 0
> 8157 1714 -385 -62 73 1
> 14782 1367 123 -31 -63 1
! 65514 83629 200
! 30425 -97401 200
> 8639 4499 -370 255 -205 3
> 15664 282 14 -83 164 0
> 7887 1816 -229 86 55 1
> 14936 1138 131 -194 -81 1
! -424 8725 200 sims=408485 BLOCKER
! 7374 5874 0 sims=408485 RUNNER
> 8639 4499 -370 255 -205 3
> 15664 282 14 -83 164 0
> 7887 1816 -229 86 55 1
> 14936 1138 131 -194 -81 1
! 65244 83731 200
! 30579 -97630 0
> 8088 4839 -468 288 155 3
> 15678 199 11 -70 146 0
> 7773 2066 -97 212 55 1
> 15067 944 111 -164 -81 1
! -975 9065 200 sims=434910 BLOCKER
! 9521 8079 200 sims=434910 RUNNER
> 8088 4839 -468 288 155 3
> 15678 199 11 -70 146 0
> 7773 2066 -97 212 55 1
> 15067 944 111 -164 -81 1
! 37010 97696 200
! 60465 -88156 0
> 7439 5212 -551 316 155 3
> 15674 152 84 -147 128 0
> 7734 2469 -32 342 73 1
> 15070 914 -84 82 -63 1
! -2486 6431 0 sims=493458 BLOCKER
! 12254 9549 200 sims=493458 RUNNER
> 7439 5212 -551 316 155 3
> 15674 152 84 -147 128 0
> 7734 2469 -32 342 73 1
> 15070 914 -84 82 -63 1
! 5988 102453 0
! 85780 -69796 0
> 6888 5528 -468 268 173 3
> 15690 193 13 34 110 0
> 7702 2811 -27 290 91 2
> 14986 996 -71 69 -45 1
! -2175 9754 0 sims=409759 BLOCKER
! 9533 8073 200 sims=409759 RUNNER
> 6888 5528 -468 268 173 3
> 15690 193 13 34 110 0
> 7702 2811 -27 290 91 2
> 14986 996 -71 69 -45 1
! -24854 97362 200
! 104086 -44403 0
> 6420 5796 -397 227 155 3
> 15580 385 -93 162 128 0
> 7610 3290 -78 407 109 2
> 14915 1065 -60 58 -27 1
! -3505 7015 0 sims=472017 BLOCKER
! 7290 5977 200 sims=472017 RUNNER
> 6420 5796 -397 227 155 3
> 15580 385 -93 162 128 0
> 7610 3290 -78 407 109 2
> 14915 1065 -60 58 -27 1
! -52571 83153 200
! 85625 -69645 200
> 6023 6023 -337 192 173 3
> 15561 415 73 -66 146 0
> 7412 3857 -168 481 127 2
> 14757 1226 -224 228 -45 1
! -3793 4115 0 sims=451325 BLOCKER
! 9404 8295 200 sims=451325 RUNNER
> 6023 6023 -337 192 173 3
> 15561 415 73 -66 146 0
> 7412 3857 -168 481 127 2
> 14757 1226 -224 228 -45 1
! -52769 83720 200
! 85467 -69484 200
> 5686 6215 -286 163 191 3
> 15511 507 -42 77 128 0
> 7124 4498 -245 544 127 2
> 14674 1313 -70 73 -45 1
! -3060 1367 0 sims=458507 BLOCKER
! 7221 6099 200 sims=458507 RUNNER
> 5686 6215 -286 163 191 3
> 15511 507 -42 77 128 0
> 7124 4498 -245 544 127 2
> 14674 1313 -70 73 -45 1
! -74791 61855 200
! 85384 -69397 0
> 5400 6378 -243 138 209 3
> 15303 696 -176 160 146 0
> 6715 5157 -347 559 145 2
> 14604 1386 -59 62 -45 1
! -1420 -936 0 sims=417844 BLOCKER
! 9146 8576 200 sims=417844 RUNNER
> 5400 6378 -243 138 209 3
> 15303 696 -176 160 146 0
> 6715 5157 -347 559 145 2
> 14604 1386 -59 62 -45 1
! -88915 34394 0
! 85314 -69324 200
> 5157 6516 -206 117 227 3
> 15267 757 80 -56 128 0
> 6368 5716 -294 475 163 2
> 14423 1564 -264 259 -45 1
! 931 -2547 0 sims=455364 BLOCKER
! 6977 6349 200 sims=455364 RUNNER
> 5157 6516 -206 117 227 3
> 15267 757 80 -56 128 0
> 6368 5716 -294 475 163 2
> 14423 1564 -264 259 -45 1
! -93616 3970 0
! 85133 -69146 200
> 4951 6633 -175 99 245 3
> 15181 813 -72 47 146 0
> 6074 6191 -249 403 181 2
> 14300 1682 -104 99 -45 1
! 3732 -3292 0 sims=409626 BLOCKER
! 9024 8693 200 sims=409626 RUNNER
> 4951 6633 -175 99 245 3
> 15181 813 -72 47 146 0
> 6074 6191 -249 403 181 2
> 14300 1682 -104 99 -45 1
! -88477 -26365 0
! 85010 -69028 200
> 4776 6732 -148 84 -97 3
> 14986 1018 -165 173 128 0
> 5825 6594 -211 342 -161 2
> 14337 1640 31 -36 -45 1
! 6684 -3084 0 sims=403438 BLOCKER
! 8829 8898 SHIELD sims=403438 RUNNER
> 4776 6732 -148 84 -97 3
> 14986 1018 -165 173 128 0
> 5825 6594 -211 342 -161 2
> 14337 1640 31 -36 -45 1
! -88726 -25962 0
! 85047 -69070 200
> 4628 6816 -125 71 -79 3
> 14872 1143 -85 95 128 0
> 5614 6936 -179 290 -161 2
> 13999 1947 -398 366 -45 1
! 9476 -1930 0 sims=431158 BLOCKER
! 8715 9023 0 sims=431158 RUNNER
> 4628 6816 -125 71 -79 3
> 14872 1143 -85 95 128 0
> 5614 6936 -179 290 -161 2
> 13999 1947 -398 366 -45 1
! -74249 -53245 0
! 84709 -68763 200
> 4503 6887 -106 60 -61 3
> 14787 1238 -72 80 128 0
> 5435 7226 -152 246 -143 2
> 13742 2172 -218 190 -45 1
! 11817 67 0 sims=440153 BLOCKER
! 6497 6830 0 sims=440153 RUNNER
> 4503 6887 -106 60 -61 3
> 14787 1238 -72 80 128 0
> 5435 7226 -152 246 -143 2
> 13742 2172 -218 190 -45 1
! -89116 -25330 0
! 102842 -43227 200
> 4397 6947 -90 51 -43 3
> 14715 1318 -61 68 146 0
> 5283 7472 -129 209 -161 2
> 13702 2271 -33 84 -27 1
! 13460 2721 0 sims=376642 BLOCKER
! 8558 9198 0 sims=376642 RUNNER
> 4397 6947 -90 51 -43 3
> 14715 1318 -61 68 146 0
> 5283 7472 -129 209 -161 2
> 13702 2271 -33 84 -27 1
! -74580 -52709 0
! 84412 -68439 200
> 4307 6998 -76 43 -25 3
> 14654 1386 -51 57 128 0
> 5154 7681 -109 177 -143 2
> 13810 2214 92 -48 -45 1
! 14232 5779 200 sims=389361 BLOCKER
! 6364 6978 200 sims=389361 RUNNER
> 4307 6998 -76 43 -25 3
> 14654 1386 -51 57 128 0
> 5154 7681 -109 177 -143 2
> 13810 2214 92 -48 -45 1
! -89397 -24875 200
! 84520 -68496 200
> 4430 7017 104 15 -7 3
> 14564 1417 143 -211 146 0
> 4856 7793 -253 95 -161 2
> 13916 2163 -129 194 -45 1
! 14355 5798 200 sims=413861 BLOCKER
! 8407 9297 200 sims=413861 RUNNER
> 4430 7017 104 15 -7 3
> 14564 1417 143 -211 146 0
> 4856 7793 -253 95 -161 2
> 13916 2163 -129 194 -45 1
! -75007 -52388 0
! 59314 -86937 200
> 4733 7008 257 -7 -7 3
> 14584 1364 16 -45 128 0
> 4603 7888 -215 80 -143 2
> 13878 2179 -32 13 -63 1
! 14658 5789 200 sims=408702 BLOCKER
! 8427 9244 200 sims=408702 RUNNER
> 4733 7008 257 -7 -7 3
> 14584 1364 16 -45 128 0
> 4603 7888 -215 80 -143 2
> 13878 2179 -32 13 -63 1
! -75260 -52293 200
! 84588 -68531 200
> 5189 6977 387 -26 -7 3
> 14507 1442 87 -113 128 0
> 4228 7848 -318 -34 -143 2
> 13958 2085 -85 100 -45 1
! 14252 2751 200 sims=320285 BLOCKER
! 8350 9322 200 sims=320285 RUNNER
> 5189 6977 387 -26 -7 3
> 14507 1442 87 -113 128 0
> 4228 7848 -318 -34 -143 2
> 13958 2085 -85 100 -45 1
! -53129 -74067 200
! 59356 -87015 200
> 5757 6866 483 -93 -25 3
> 14545 1403 71 -76 128 0
> 3795 7650 -367 -168 -125 2
> 13889 2090 -96 47 -63 1
! 15682 5647 0 sims=340025 BLOCKER
! 6255 6995 200 sims=340025 RUNNER
> 5757 6866 483 -93 -25 3
> 14545 1403 71 -76 128 0
> 3795 7650 -367 -168 -125 2
> 13889 2090 -96 47 -63 1
! -25442 -87980 0
! 84599 -68620 200
> 6240 6773 410 -79 -7 3
> 14482 1405 44 -103 146 0
> 3428 7482 -311 -142 -107 2
> 13903 2029 -86 53 -45 1
! 15303 2547 0 sims=405055 BLOCKER
! 8325 9285 200 sims=405055 RUNNER
> 6240 6773 410 -79 -7 3
> 14482 1405 44 -103 146 0
> 3428 7482 -311 -142 -107 2
> 13903 2029 -86 53 -45 1
! 5173 -92502 0
! 84613 -68681 200
> 6650 6694 348 -67 -25 3
> 14512 1341 58 -89 128 0
> 3117 7340 -264 -120 -89 3
> 13849 2059 -78 60 -45 1
! 16575 5475 0 sims=433629 BLOCKER
! 8355 9221 200 sims=433629 RUNNER
> 6650 6694 348 -67 -25 3
> 14512 1341 58 -89 128 0
> 3117 7340 -264 -120 -89 3
> 13849 2059 -78 60 -45 1
! 35673 -87211 0
! 84559 -68651 200
> 6998 6627 295 -56 -7 3
> 14462 1393 71 -77 128 0
> 2853 7220 -224 -102 -71 3
> 13897 1994 -73 66 -45 1
! 16061 2401 0 sims=437395 BLOCKER
! 8305 9273 200 sims=437395 RUNNER
> 6998 6627 295 -56 -7 3
> 14462 1393 71 -77 128 0
> 2853 7220 -224 -102 -71 3
> 13897 1994 -73 66 -45 1
! 63034 -72643 0
! 84607 -68716 200
> 7293 6571 250 -47 -25 3
> 14541 1335 83 -66 128 0
> 2629 7118 -190 -86 -53 3
> 13835 2057 -69 70 -45 1
! 17218 5352 0 sims=430857 BLOCKER
! 6251 6927 200 sims=430857 RUNNER
> 7293 6571 250 -47 -25 3
> 14541 1335 83 -66 128 0
> 2629 7118 -190 -86 -53 3
> 13835 2057 -69 70 -45 1
! 84544 -50239 200
! 84545 -68653 200
> 7543 6524 212 -39 -7 3
> 14458 1381 -70 38 146 0
> 2603 6917 -22 -170 -35 3
> 13907 1986 61 -60 -45 1
! 16606 2298 0 sims=452802 BLOCKER
! 6168 6973 SHIELD sims=452802 RUNNER
> 7543 6524 212 -39 -7 3
> 14458 1381 -70 38 146 0
> 2603 6917 -22 -170 -35 3
> 13907 1986 61 -60 -45 1
! 98233 -22320 200
! 59305 -87114 200
> 7755 6485 180 -33 -25 3
> 14429 1374 -22 -8 146 0
> 2772 6689 143 -194 -17 3
> 13648 2198 -239 200 -63 1
! 17680 5266 0 sims=470750 BLOCKER
! 8272 9254 0 sims=470750 RUNNER
> 7755 6485 180 -33 -25 3
> 14429 1374 -22 -8 146 0
> 2772 6689 143 -194 -17 3
> 13648 2198 -239 200 -63 1
! 102756 8434 200
! 84358 -68512 200
> 7935 6452 153 -28 -7 3
> 14407 1366 -18 -6 128 0
> 3115 6498 291 -161 1 3
> 13550 2257 -82 49 -45 1
! 16998 2226 0 sims=455987 BLOCKER
! 8250 9246 0 sims=455987 RUNNER
> 7935 6452 153 -28 -7 3
> 14407 1366 -18 -6 128 0
> 3115 6498 291 -161 1 3
> 13550 2257 -82 49 -45 1
! 97666 39054 200
! 84260 -68453 200
> 8088 6424 130 -23 -25 3
> 14389 1360 -15 -5 128 0
> 3595 6402 408 -81 19 3
> 13609 2165 50 -78 -45 1
! 18013 5205 0 sims=412377 BLOCKER
! 8232 9240 0 sims=412377 RUNNER
> 8088 6424 130 -23 -25 3
> 14389 1360 -15 -5 128 0
> 3595 6402 408 -81 19 3
> 13609 2165 50 -78 -45 1
! 98146 38958 200
! 84319 -68545 200
> 8218 6401 110 -19 -7 3
> 14374 1355 -12 -4 128 0
> 4192 6386 507 -13 19 3
> 13800 1946 162 -186 -45 1
! 17281 2175 0 sims=437003 BLOCKER
! 8217 9235 SHIELD sims=437003 RUNNER
> 8218 6401 110 -19 -7 3
> 14374 1355 -12 -4 128 0
> 4192 6386 507 -13 19 3
> 13800 1946 162 -186 -45 1
! 98743 38942 200
! 84510 -68764 200
> 8328 6382 93 -16 -25 3
> 14416 1295 38 -53 128 0
> 4888 6438 591 44 19 3
> 13561 2177 -228 222 -45 1
! 15642 -438 0 sims=435148 BLOCKER
! 8259 9175 0 sims=435148 RUNNER
> 8328 6382 93 -16 -25 3
> 14416 1295 38 -53 128 0
> 4888 6438 591 44 19 3
> 13561 2177 -228 222 -45 1
! 104872 8183 200
! 84271 -68533 200
> 8421 6366 79 -13 -43 3
> 14454 1242 32 -45 128 0
> 5679 6485 672 40 1 3
> 13474 2258 -73 68 -45 1
! 13269 -2380 0 sims=434539 BLOCKER
! 6164 6834 0 sims=434539 RUNNER
> 8421 6366 79 -13 -43 3
> 14454 1242 32 -45 128 0
> 5679 6485 672 40 1 3
> 13474 2258 -73 68 -45 1
! 105663 8230 0
! 84184 -68452 200
> 8500 6353 67 -11 -61 3
> 14486 1197 27 -38 146 0
> 6351 6525 571 34 1 3
> 13542 2185 58 -62 -45 1
! 10408 -3463 0 sims=442519 BLOCKER
! 8329 9077 0 sims=442519 RUNNER
> 8500 6353 67 -11 -61 3
> 14486 1197 27 -38 146 0
> 6351 6525 571 34 1 3
> 13542 2185 58 -62 -45 1
! 101981 -22712 200
! 84252 -68525 200
> 8567 6342 56 -9 -79 3
> 14513 1159 22 -32 128 0
> 7113 6501 647 -20 -17 3
> 13741 1982 169 -172 -45 1
! 13415 -2404 200 sims=402262 BLOCKER
! 8356 9039 200 sims=402262 RUNNER
> 8567 6342 56 -9 -79 3
> 14513 1159 22 -32 128 0
> 7113 6501 647 -20 -17 3
> 13741 1982 169 -172 -45 1
! 102743 -22736 0
! 84451 -68728 200
> 8720 6158 130 -156 -61 3
> 14599 1085 264 -266 128 0
> 7760 6481 549 -17 -17 3
> 13864 1868 -86 106 -45 1
! 13568 -2588 SHIELD sims=450954 BLOCKER
! 8442 8965 200 sims=450954 RUNNER
> 8720 6158 130 -156 -61 3
> 14599 1085 264 -266 128 0
> 7760 6481 549 -17 -17 3
> 13864 1868 -86 106 -45 1
! 89675 -50876 0
! 84574 -68842 200
> 8865 5993 148 -155 -61 3
> 14740 977 119 -92 128 0
> 8157 6556 88 214 -35 3
> 13919 1833 47 -30 -45 1
! 16179 -827 0 sims=442932 BLOCKER
! 6450 6569 200 sims=442932 RUNNER
> 8865 5993 148 -155 -61 3
> 14740 977 119 -92 128 0
> 8157 6556 88 214 -35 3
> 13919 1833 47 -30 -45 1
! 90072 -50801 200
! 84629 -68877 200
> 9013 5838 125 -131 -43 3
> 14693 997 -39 16 146 0
> 8409 6655 214 84 -35 3
> 14107 1662 160 -145 -45 1
! 18076 1612 0 sims=450548 BLOCKER
! 8536 8877 200 sims=450548 RUNNER
> 9013 5838 125 -131 -43 3
> 14693 997 -39 16 146 0
> 8409 6655 214 84 -35 3
> 14107 1662 160 -145 -45 1
! 90324 -50702 200
! 59505 -87438 200
> 9138 5707 106 -111 -25 3
> 14902 752 226 -263 128 0
> 8787 6624 321 -26 -35 3
> 13987 1757 -150 135 -63 1
! 18201 1481 0 sims=410123 BLOCKER
! 11482 10149 200 sims=410123 RUNNER
> 9138 5707 106 -111 -25 3
> 14902 752 226 -263 128 0
> 8787 6624 321 -26 -35 3
> 13987 1757 -150 135 -63 1
! 104417 -22613 200
! 84697 -68953 200
> 9244 5596 90 -94 -25 3
> 15060 677 133 -63 110 0
> 9299 6540 435 -71 -17 3
> 13978 1751 -7 -5 -45 1
! 16558 -1224 200 sims=420455 BLOCKER
! 8903 8557 200 sims=420455 RUNNER
> 9244 5596 90 -94 -25 3
> 15060 677 133 -63 110 0
> 9299 6540 435 -71 -17 3
> 13978 1751 -7 -5 -45 1
! 91214 -50817 200
! 103078 -43648 200
> 9480 5366 200 -195 -43 3
> 15070 772 8 80 128 0
> 9898 6354 509 -157 -35 0
> 14149 1655 145 -81 -27 1
! 18543 1140 200 sims=423997 BLOCKER
! 6780 6364 200 sims=423997 RUNNER
> 9480 5366 200 -195 -43 3
> 15070 772 8 80 128 0
> 9898 6354 509 -157 -35 0
> 14149 1655 145 -81 -27 1
! 70079 -73509 200
! 84859 -69055 200
> 9861 5086 324 -237 -25 3
> 15006 872 235 -197 146 0
> 10527 6037 534 -269 -53 0
> 14341 1524 -126 171 -45 1
! 18924 860 200 sims=391699 BLOCKER
! 8849 8752 200 sims=391699 RUNNER
> 9861 5086 324 -237 -25 3
> 15006 872 235 -197 146 0
> 10527 6037 534 -269 -53 0
> 14341 1524 -126 171 -45 1
! 43083 -88514 200
! 85051 -69186 200
> 10366 4764 429 -273 -25 3
> 15118 833 95 -33 128 0
> 11126 5579 509 -389 -71 0
> 14356 1554 13 25 -45 1
! 20291 3545 200 sims=342489 BLOCKER
! 6828 6425 200 sims=342489 RUNNER
> 10366 4764 429 -273 -25 3
> 15118 833 95 -33 128 0
> 11126 5579 509 -389 -71 0
> 14356 1554 13 25 -45 1
! 43682 -88972 200
! 85066 -69156 0
> 10994 4467 533 -252 -7 3
> 15047 912 -60 67 146 0
> 11700 5001 487 -491 -71 0
> 14369 1579 11 21 -45 1
! 20057 241 200 sims=346521 BLOCKER
! 6757 6504 200 sims=346521 RUNNER
> 10994 4467 533 -252 -7 3
> 15047 912 -60 67 146 0
> 11700 5001 487 -491 -71 0
> 14369 1579 11 21 -45 1
! 13445 -94983 200
! 85079 -69131 200
> 11461 3958 337 -473 -25 3
> 15050 856 92 -138 146 0
> 12438 4482 686 -400 -89 0
> 14293 1693 -154 188 -45 1
! 21386 2739 200 sims=356454 BLOCKER
! 8893 8736 200 sims=356454 RUNNER
> 11461 3958 337 -473 -25 3
> 15050 856 92 -138 146 0
> 12438 4482 686 -400 -89 0
> 14293 1693 -154 188 -45 1
! -16799 -91148 200
! 59691 -87407 200
> 11997 3461 455 -422 -7 3
> 15019 876 -26 16 128 0
> 13066 3891 533 -502 -107 0
> 14230 1703 -53 8 -63 1
! 21922 2242 200 sims=339115 BLOCKER
! 8862 8756 200 sims=339115 RUNNER
> 11997 3461 455 -422 -7 3
> 15019 876 -26 16 128 0
> 13066 3891 533 -502 -107 0
> 14230 1703 -53 8 -63 1
! 14811 -96093 200
! 29873 -97065 200
> 12651 3015 555 -379 -7 3
> 14870 1050 -126 147 128 0
> 13602 3189 456 -596 -89 0
> 14208 1513 -18 -161 -81 1
! 22467 4923 0 sims=372820 BLOCKER
! 8713 8930 SHIELD sims=372820 RUNNER
> 12651 3015 555 -379 -7 3
> 14870 1050 -126 147 128 0
> 13602 3189 456 -596 -89 0
> 14208 1513 -18 -161 -81 1
! 15347 -96795 200
! 59606 -87587 200
> 13206 2636 471 -322 11 3
> 14809 1152 -51 86 128 0
> 14061 2393 390 -676 -89 1
> 13634 1620 -497 97 -63 1
! 23022 4544 SHIELD sims=503146 BLOCKER
! 8652 9032 SHIELD sims=503146 RUNNER
> 13206 2636 471 -322 11 3
> 14809 1152 -51 86 128 0
> 14061 2393 390 -676 -89 1
> 13634 1620 -497 97 -63 1
! -15176 -93237 SHIELD
! 84344 -69090 200
> 13647 2332 -84 26 11 3
> 14880 1042 351 -561 128 0
> 14358 1895 421 -239 -107 1
> 13278 1576 -302 -37 -45 1
! 22393 7180 0 sims=495341 BLOCKER
! 8723 8922 0 sims=495341 RUNNER
> 13647 2332 -84 26 11 3
> 14880 1042 351 -561 128 0
> 14358 1895 421 -239 -107 1
> 13278 1576 -302 -37 -45 1
! -42999 -80020 0
! 102378 -43823 200
> 13563 2358 -71 22 29 3
> 15231 481 298 -476 128 0
> 14779 1656 357 -203 -125 1
> 13154 1448 -105 -108 -27 1
! 20383 9672 0 sims=490511 BLOCKER
! 9074 8361 0 sims=490511 RUNNER
> 13563 2358 -71 22 29 3
> 15231 481 298 -476 128 0
> 14779 1656 357 -203 -125 1
> 13154 1448 -105 -108 -27 1
! -65084 -58525 0
! 111922 -14195 200
> 13492 2380 -60 18 47 3
> 15529 5 253 -404 128 0
> 15136 1453 303 -172 -143 1
> 13247 1309 78 -118 -9 1
! 17718 11443 0 sims=467264 BLOCKER
! 12109 9402 0 sims=467264 RUNNER
> 13492 2380 -60 18 47 3
> 15529 5 253 -404 128 0
> 15136 1453 303 -172 -143 1
> 13247 1309 78 -118 -9 1
! -79415 -31103 0
! 102347 -44090 200
> 13432 2398 -51 15 65 3
> 15782 -399 215 -343 110 0
> 15439 1281 257 -146 -161 1
> 13503 1100 217 -177 -27 1
! 14651 12323 0 sims=453082 BLOCKER
! 15433 9595 200 sims=453082 RUNNER
> 13432 2398 -51 15 65 3
> 15782 -399 215 -343 110 0
> 15439 1281 257 -146 -161 1
> 13503 1100 217 -177 -27 1
! -84545 -464 200
! 112271 -14543 0
> 13381 2413 -43 12 83 3
> 15990 -542 176 -121 92 0
> 15496 1132 48 -127 -179 1
> 13720 923 184 -150 -9 1
! 11473 12229 0 sims=446397 BLOCKER
! 12570 8855 200 sims=446397 RUNNER
> 13381 2413 -43 12 83 3
> 15990 -542 176 -121 92 0
> 15496 1132 48 -127 -179 1
> 13720 923 184 -150 -9 1
! -80134 30369 0
! 112488 16566 0
> 13338 2425 -36 10 101 3
> 16098 -475 91 56 110 0
> 15544 1005 40 -107 -197 1
> 13904 773 156 -127 9 1
! 8490 11171 200 sims=438564 BLOCKER
! 9941 7405 200 sims=438564 RUNNER
> 13338 2425 -36 10 101 3
> 16098 -475 91 56 110 0
> 15544 1005 40 -107 -197 1
> 13904 773 156 -127 9 1
! -80086 30242 0
! 103004 46172 0
> 13205 2610 -113 157 119 3
> 16066 -261 -27 181 128 0
> 15584 898 34 -90 163 1
> 14060 646 132 -107 27 1
! 5891 9430 200 sims=376887 BLOCKER
! 7776 5331 0 sims=376887 RUNNER
> 13205 2610 -113 157 119 3
> 16066 -261 -27 181 128 0
> 15584 898 34 -90 163 1
> 14060 646 132 -107 27 1
! -66331 58255 0
! 112828 16289 0
> 12946 2903 -220 249 137 3
> 16039 -80 -22 153 146 0
> 15618 808 28 -76 145 1
> 14192 539 112 -90 9 1
! 3883 7129 200 sims=405181 BLOCKER
! 9882 7800 0 sims=405181 RUNNER
> 12946 2903 -220 249 137 3
> 16039 -80 -22 153 146 0
> 15618 808 28 -76 145 1
> 14192 539 112 -90 9 1
! -66297 58165 0
! 112960 16182 0
> 12545 3237 -341 283 155 3
> 16039 33 75 -43 128 0
> 15624 772 -70 109 145 1
> 14304 449 95 -76 9 1
! 2620 4456 200 sims=446964 BLOCKER
! 12619 9430 200 sims=446964 RUNNER
> 12545 3237 -341 283 155 3
> 16039 33 75 -43 128 0
> 15624 772 -70 109 145 1
> 14304 449 95 -76 9 1
! -66291 58129 200
! 103404 45848 0
> 12005 3544 -458 261 173 3
> 16046 178 5 123 110 0
> 15390 996 -198 190 145 1
> 14399 373 80 -64 27 1
! 2189 1636 0 sims=441917 BLOCKER
! 9889 8058 200 sims=441917 RUNNER
> 12005 3544 -458 261 173 3
> 16046 178 5 123 110 0
> 15390 996 -198 190 145 1
> 14399 373 80 -64 27 1
! -66525 58353 200
! 85109 71083 200
> 11547 3805 -389 221 191 3
> 15928 459 -100 238 128 0
> 15028 1301 -307 259 145 1
> 14620 450 188 65 45 1
! 2801 -1043 0 sims=436219 BLOCKER
! 7638 6051 200 sims=436219 RUNNER
> 11547 3805 -389 221 191 3
> 15928 459 -100 238 128 0
> 15028 1301 -307 259 145 1
> 14620 450 188 65 45 1
! -80602 30538 200
! 85330 71160 200
> 11158 4026 -330 187 209 3
> 15733 821 245 377 146 0
> 14530 1618 -423 269 163 1
> 14879 644 -191 95 45 1
! 4338 -3288 0 sims=441000 BLOCKER
! 6120 3577 200 sims=441000 RUNNER
> 11158 4026 -330 187 209 3
> 15733 821 245 377 146 0
> 14530 1618 -423 269 163 1
> 14879 644 -191 95 45 1
! -85454 -127 200
! 60278 89744 0
> 10828 4213 -280 158 227 3
> 15786 1253 44 367 164 0
> 13907 1884 -529 225 -179 1
> 14688 739 -162 80 63 1
! 6602 -4850 0 sims=392602 BLOCKER
! 5792 904 200 sims=392602 RUNNER
> 10828 4213 -280 158 227 3
> 15786 1253 44 367 164 0
> 13907 1884 -529 225 -179 1
> 14688 739 -162 80 63 1
! -81723 31121 200
! 60087 89839 200
> 10548 4371 -238 134 245 3
> 15630 1613 -132 306 182 0
> 13187 2167 -612 240 163 1
> 14617 997 -60 219 63 1
! 9329 -5554 200 sims=393708 BLOCKER
! 6233 -1807 200 sims=393708 RUNNER
> 10548 4371 -238 134 245 3
> 15630 1613 -132 306 182 0
> 13187 2167 -612 240 163 1
> 14617 997 -60 219 63 1
! -86797 421 0
! 85327 71707 200
> 10286 4306 -223 -54 -97 3
> 15321 1860 -11 408 200 0
> 12575 2407 -520 204 181 1
> 14687 1349 -190 99 45 1
! 12194 -5510 200 sims=435106 BLOCKER
! 7441 -4297 200 sims=435106 RUNNER
> 10286 4306 -223 -54 -97 3
> 15321 1860 -11 408 200 0
> 12575 2407 -520 204 181 1
> 14687 1349 -190 99 45 1
! -87409 661 0
! 85397 72059 200
> 10101 4056 -157 -212 -79 3
> 15241 2221 -45 325 218 0
> 12055 2611 -442 173 -179 1
> 14549 1513 -138 120 45 1
! 14949 -4690 0 sims=439089 BLOCKER
! 9649 -6069 200 sims=439089 RUNNER
> 10101 4056 -157 -212 -79 3
> 15241 2221 -45 325 218 0
> 12055 2611 -442 173 -179 1
> 14549 1513 -138 120 45 1
! -83575 31848 0
! 59948 90613 200
> 9944 3844 -133 -180 -61 3
> 15084 2380 -133 135 -124 0
> 11613 2784 -375 147 -197 1
> 14502 1811 -40 253 63 1
! 17258 -2976 0 sims=419510 BLOCKER
! 12328 -7233 200 sims=419510 RUNNER
> 9944 3844 -133 -180 -61 3
> 15084 2380 -133 135 -124 0
> 11613 2784 -375 147 -197 1
> 14502 1811 -40 253 63 1
! -88371 1038 0
! 85212 72521 200
> 9811 3664 -113 -153 -43 3
> 15261 2677 158 260 -106 0
> 11238 2931 -318 124 -179 1
> 14238 1851 -232 26 45 1
! 18874 -562 200 sims=438669 BLOCKER
! 9669 -5613 200 sims=438669 RUNNER
> 9811 3664 -113 -153 -43 3
> 15261 2677 158 260 -106 0
> 11238 2931 -318 124 -179 1
> 14238 1851 -232 26 45 1
! -88746 1185 0
! 103338 47250 0
> 9879 3426 58 -201 -25 3
> 15307 2771 39 80 -124 0
> 10920 3055 -270 105 -179 1
> 14006 1877 -197 22 27 1
! 19804 2207 200 sims=429849 BLOCKER
! 7427 -3386 200 sims=429849 RUNNER
> 9879 3426 58 -201 -25 3
> 15307 2771 39 80 -124 0
> 10920 3055 -270 105 -179 1
> 14006 1877 -197 22 27 1
! -84710 32292 0
! 103106 47276 200
> 9853 3275 -269 -63 -7 3
> 15188 2728 -100 -36 -142 0
> 10932 3086 258 -38 -197 1
> 13987 1990 -15 95 27 1
! 19669 5183 0 sims=421309 BLOCKER
! 7308 -3429 200 sims=421309 RUNNER
> 9853 3275 -269 -63 -7 3
> 15188 2728 -100 -36 -142 0
> 10932 3086 258 -38 -197 1
> 13987 1990 -15 95 27 1
! -89052 1340 200
! 103087 47389 200
> 9584 3212 -228 -53 11 3
> 14930 2569 -218 -135 -142 0
> 10990 3045 49 -35 -179 1
> 14150 2176 138 157 27 1
! 19509 1993 200 sims=424424 BLOCKER
! 7050 -3588 SHIELD sims=424424 RUNNER
> 9584 3212 -228 -53 11 3
> 14930 2569 -218 -135 -142 0
> 10990 3045 49 -35 -179 1
> 14150 2176 138 157 27 1
! -88994 1299 200
! 112918 17819 SHIELD
> 9555 3135 -25 -65 -7 3
> 15049 2595 157 49 -142 0
> 10839 3007 -128 -32 -179 1
> 13951 2172 -225 -30 9 1
! 19371 5043 0 sims=423731 BLOCKER
! 5652 -825 0 sims=423731 RUNNER
> 9555 3135 -25 -65 -7 3
> 15049 2595 157 49 -142 0
> 10839 3007 -128 -32 -179 1
> 13951 2172 -225 -30 9 1
! -84791 32244 200
! 112719 -13471 0
> 9530 3070 -21 -55 11 3
> 15206 2644 133 41 -160 0
> 10520 3033 -271 22 -197 1
> 13726 2142 -191 -25 -9 1
! 19346 4978 SHIELD sims=422443 BLOCKER
! 5212 2295 0 sims=422443 RUNNER
> 9530 3070 -21 -55 11 3
> 15206 2644 133 41 -160 0
> 10520 3033 -271 22 -197 1
> 13726 2142 -191 -25 -9 1
! -89464 1287 0
! 102826 -43257 200
> 9498 3015 -56 -47 11 3
> 15339 2685 113 34 -178 0
> 10357 3058 152 29 -179 1
> 13535 2117 -162 -21 -27 1
! 18244 7863 0 sims=418859 BLOCKER
! 5942 -735 0 sims=418859 RUNNER
> 9498 3015 -56 -47 11 3
> 15339 2685 113 34 -178 0
> 10357 3058 152 29 -179 1
> 13535 2117 -162 -21 -27 1
! -89627 1312 0
! 84245 -68593 200
> 9442 2968 -47 -39 29 3
> 15452 2719 96 28 -160 0
> 10509 3087 129 24 -179 1
> 13373 2096 -137 -17 -45 1
! 16262 10282 0 sims=419496 BLOCKER
! 6055 -701 200 sims=419496 RUNNER
> 9442 2968 -47 -39 29 3
> 15452 2719 96 28 -160 0
> 10509 3087 129 24 -179 1
> 13373 2096 -137 -17 -45 1
! -85121 32324 200
! 102473 -43303 0
> 9395 2929 -39 -33 47 3
> 15360 2679 -78 -34 -160 0
> 10447 3169 -52 70 -197 1
> 13236 2079 -116 -14 -27 1
! 16215 10243 0 sims=391083 BLOCKER
! 5963 -741 200 sims=391083 RUNNER
> 9395 2929 -39 -33 47 3
> 15360 2679 -78 -34 -160 0
> 10447 3169 -52 70 -197 1
> 13236 2079 -116 -14 -27 1
! -89537 1423 200
! 112004 -13564 200
> 9356 2896 -33 -28 47 3
> 15094 2577 -226 -87 -160 0
> 10195 3236 -214 56 -179 1
> 13318 2034 69 -38 -9 1
! 16176 10210 200 sims=350154 BLOCKER
! 5697 -843 200 sims=350154 RUNNER
> 9356 2896 -33 -28 47 3
> 15094 2577 -226 -87 -160 0
> 10195 3236 -214 56 -179 1
> 13318 2034 69 -38 -9 1
! -84356 -29320 200
! 112086 17677 200
> 9082 2853 -315 -71 47 3
> 14680 2422 -351 -132 -160 0
> 10170 3388 60 164 -161 1
> 13585 2027 226 -5 9 1
! 17828 7701 200 sims=416465 BLOCKER
! 5283 -998 SHIELD sims=416465 RUNNER
> 9082 2853 -315 -71 47 3
> 14680 2422 -351 -132 -160 0
> 10170 3388 60 164 -161 1
> 13585 2027 226 -5 9 1
! -84381 -29168 0
! 112353 17670 SHIELD
> 8942 2879 -119 22 29 3
> 14530 2376 154 82 -160 0
> 10230 3552 51 139 -161 1
> 13610 1936 -261 -198 9 1
! 15762 10193 0 sims=415317 BLOCKER
! 6650 -3781 0 sims=415317 RUNNER
> 8942 2879 -119 22 29 3
> 14530 2376 154 82 -160 0
> 10230 3552 51 139 -161 1
> 13610 1936 -261 -198 9 1
! -69633 -56629 0
! 112378 17579 0
> 8823 2901 -101 18 47 3
> 14684 2458 130 69 -142 0
> 10281 3691 43 118 -143 1
> 13349 1738 -221 -168 9 1
! 17569 7749 200 sims=418733 BLOCKER
! 5287 -962 0 sims=418733 RUNNER
> 8823 2901 -101 18 47 3
> 14684 2458 130 69 -142 0
> 10281 3691 43 118 -143 1
> 13349 1738 -221 -168 9 1
! -84270 -28865 0
! 102449 47137 0
> 8897 3016 62 97 29 3
> 14814 2527 110 58 -160 0
> 10324 3809 36 100 -161 1
> 13128 1570 -187 -142 27 1
! 15717 10330 0 sims=421365 BLOCKER
! 6934 -3630 0 sims=421365 RUNNER
> 8897 3016 62 97 29 3
> 14814 2527 110 58 -160 0
> 10324 3809 36 100 -161 1
> 13128 1570 -187 -142 27 1
! -69539 -56372 200
! 102228 46969 0
> 8959 3113 52 82 47 3
> 14924 2585 93 49 -142 0
> 10200 3789 -105 -17 -143 1
> 12941 1428 -158 -120 27 1
! 17705 7961 200 sims=374668 BLOCKER
! 5527 -835 200 sims=374668 RUNNER
> 8959 3113 52 82 47 3
> 14924 2585 93 49 -142 0
> 10200 3789 -105 -17 -143 1
> 12941 1428 -158 -120 27 1
! -69663 -56392 200
! 83651 72138 200
> 9186 3292 192 152 29 3
> 14829 2566 -80 -16 -160 0
> 9935 3652 -225 -116 -143 1
> 12924 1449 -14 18 45 1
! 17932 8140 SHIELD sims=414260 BLOCKER
! 4835 2217 200 sims=414260 RUNNER
> 9186 3292 192 152 29 3
> 14829 2566 -80 -16 -160 0
> 9935 3652 -225 -116 -143 1
> 12924 1449 -14 18 45 1
! -84616 -28904 0
! 83634 72159 200
