@ 0 reCurse
@ 1 YurkovAS
CP 4
CP 13505 2319
CP 12964 7242
CP 5664 2575
CP 4094 7397
> 14002 2374 0 0 -1 1
> 13008 2264 0 0 -1 1
> 14996 2483 0 0 -1 1
> 12014 2155 0 0 -1 1
! 24390 101832 200
! 12124 102260 200
> 14002 2374 0 0 -1 1
> 13008 2264 0 0 -1 1
> 14996 2483 0 0 -1 1
> 12014 2155 0 0 -1 1
! 10770 11546 BOOST sims=306971 RUNNER
! 13578 12032 BOOST sims=306971 BLOCKER
> 14023 2573 17 169 84 1
> 13006 2464 -1 169 91 1
> 14721 3072 -233 500 115 1
> 12116 2797 86 545 81 1
! -6768 100387 200
! 11260 102448 200
> 14023 2573 17 169 84 1
> 13006 2464 -1 169 91 1
> 14721 3072 -233 500 115 1
> 12116 2797 86 545 81 1
! 7901 10386 0 sims=294322 RUNNER
! 16656 11707 0 sims=294322 BLOCKER
> 13998 2938 -20 309 102 1
> 13002 2833 -3 313 91 1
> 14488 3572 -198 425 133 1
> 12202 3342 73 463 63 1
! -36001 89540 200
! -19554 97384 0
> 13998 2938 -20 309 102 1
> 13002 2833 -3 313 91 1
> 14488 3572 -198 425 133 1
> 12202 3342 73 463 63 1
! 5742 8420 200 sims=283297 RUNNER
! 19273 10413 0 sims=283297 BLOCKER
> 13788 3281 -2 319 120 1
> 12979 3143 -195 234 109 1
> 14224 4236 -223 565 151 1
> 12275 3805 62 393 45 1
! -60526 70194 200
! -47202 83006 200
> 13788 3281 -2 319 120 1
> 12979 3143 -195 234 109 1
> 14224 4236 -223 565 151 1
> 12275 3805 62 393 45 1
! 4408 6144 0 sims=300496 RUNNER
! 21185 8345 0 sims=300496 BLOCKER
> 13637 3734 -128 384 138 1
> 12705 3476 -159 175 127 1
> 14001 4801 -189 480 169 1
> 12295 4259 -55 493 27 1
! -36362 90336 200
! -19851 98027 200
> 13637 3734 -128 384 138 1
> 12705 3476 -159 175 127 1
> 14001 4801 -189 480 169 1
> 12295 4259 -55 493 27 1
! 5255 9649 200 sims=294476 RUNNER
! 22172 5823 200 sims=294476 BLOCKER
> 13409 4291 -193 473 120 1
> 12481 3840 -190 309 109 1
> 13637 5378 -309 490 151 1
> 12438 4783 121 445 9 1
! -36590 90893 200
! 10735 103824 200
> 13409 4291 -193 473 120 1
> 12481 3840 -190 309 109 1
> 13637 5378 -309 490 151 1
> 12438 4783 121 445 9 1
! 6817 12692 0 sims=274911 RUNNER
! 22315 3219 200 sims=274911 BLOCKER
> 13430 4762 231 281 120 1
> 12288 4349 -164 432 91 1
> 13328 5868 -262 416 133 1
> 12442 5371 -210 619 -9 1
! -60884 71675 200
! 41525 99979 200
> 13430 4762 231 281 120 1
> 12288 4349 -164 432 91 1
> 13328 5868 -262 416 133 1
> 12442 5371 -210 619 -9 1
! 9102 14931 200 sims=281701 RUNNER
! 22319 3807 200 sims=281701 BLOCKER
> 13512 5177 70 352 138 1
> 12182 4972 -89 529 73 1
> 13022 6498 -127 643 115 1
> 12389 5926 -177 363 -9 1
! -60802 72090 200
! 10436 104956 200
> 13512 5177 70 352 138 1
> 12182 4972 -89 529 73 1
> 13022 6498 -127 643 115 1
> 12389 5926 -177 363 -9 1
! 6202 13812 0 sims=310646 RUNNER
! 21299 1386 200 sims=310646 BLOCKER
> 13433 5663 -66 412 138 1
> 12017 5478 -184 291 91 1
> 12895 7141 -107 546 133 2
> 12462 6421 107 559 -27 1
! -60881 72576 200
! -20539 100029 0
> 13433 5663 -66 412 138 1
> 12017 5478 -184 291 91 1
> 12895 7141 -107 546 133 2
> 12462 6421 107 559 -27 1
! 4149 11989 200 sims=343609 RUNNER
! 19533 -650 200 sims=343609 BLOCKER
> 13218 6209 -182 463 138 1
> 11833 5769 -156 247 109 1
> 12613 7784 -239 546 151 2
> 12710 6839 211 354 -45 2
! -78136 46882 SHIELD
! -48348 85632 0
> 13218 6209 -182 463 138 1
> 11833 5769 -156 247 109 1
> 12613 7784 -239 546 151 2
> 12710 6839 211 354 -45 2
! 2797 9692 200 sims=370391 RUNNER
! 19781 -232 SHIELD sims=370391 BLOCKER
> 13235 6421 19 174 156 1
> 11677 6016 -132 209 127 1
> 12178 8368 -370 496 169 2
> 12722 7444 5 520 -45 2
! -86217 16873 0
! -70238 63373 0
> 13235 6421 19 174 156 1
> 11677 6016 -132 209 127 1
> 12178 8368 -370 496 169 2
> 12722 7444 5 520 -45 2
! 2253 7149 200 sims=407855 RUNNER
! 17262 -1466 0 sims=407855 BLOCKER
> 13254 6595 16 147 174 1
> 11545 6225 -112 177 145 1
> 11609 8840 -483 400 187 2
> 12727 7964 4 442 -63 2
! -84560 -14196 0
! -84085 35462 200
> 13254 6595 16 147 174 1
> 11545 6225 -112 177 145 1
> 11609 8840 -483 400 187 2
> 12727 7964 4 442 -63 2
! 2546 4614 200 sims=396326 RUNNER
! 14291 -1913 0 sims=396326 BLOCKER
> 13270 6742 13 124 192 2
> 11242 6460 -257 200 163 1
> 10945 9155 -564 268 205 2
> 12731 8406 3 375 -81 2
! -73332 -43257 0
! -88742 4714 200
> 13270 6742 13 124 192 2
> 11242 6460 -257 200 163 1
> 10945 9155 -564 268 205 2
> 12731 8406 3 375 -81 2
! 3631 2335 200 sims=401436 RUNNER
! 11167 -1471 0 sims=401436 BLOCKER
> 13283 6866 11 105 -150 2
> 10785 6657 -388 167 181 1
> 10235 9287 -603 111 -137 2
> 12734 8781 2 318 -99 2
! -73319 -43133 200
! -89199 4911 200
> 13283 6866 11 105 -150 2
> 10785 6657 -388 167 181 1
> 10235 9287 -603 111 -137 2
> 12734 8781 2 318 -99 2
! 5387 541 200 sims=392343 RUNNER
! 8194 -129 200 sims=392343 BLOCKER
> 13121 6871 -137 4 -150 2
> 10197 6821 -499 138 -179 1
> 9535 9223 -594 -54 -119 2
> 12645 8921 -75 118 -117 2
! -73481 -43128 200
! -85433 36058 200
> 13121 6871 -137 4 -150 2
> 10197 6821 -499 138 -179 1
> 9535 9223 -594 -54 -119 2
> 12645 8921 -75 118 -117 2
! 2221 2403 200 sims=376180 RUNNER
! 5574 1850 200 sims=376180 BLOCKER
> 12811 6775 -263 -81 -150 2
> 9507 7017 -586 167 -197 1
> 8795 9033 -629 -161 -137 2
> 12429 8898 -183 -19 -135 2
! -73791 -43224 200
! -86123 36254 200
> 12811 6775 -263 -81 -150 2
> 9507 7017 -586 167 -197 1
> 8795 9033 -629 -161 -137 2
> 12429 8898 -183 -19 -135 2
! -268 4807 200 sims=391412 RUNNER
! 5358 1827 200 sims=391412 BLOCKER
> 12375 6594 -370 -153 -150 2
> 8730 7242 -660 191 163 1
> 7985 8787 -688 -208 -155 2
> 12105 8738 -275 -136 -135 2
! -74227 -43405 200
! -91254 5496 200
> 12375 6594 -370 -153 -150 2
> 8730 7242 -660 191 163 1
> 7985 8787 -688 -208 -155 2
> 12105 8738 -275 -136 -135 2
! 671 1967 200 sims=377587 RUNNER
! 5034 1667 200 sims=377587 BLOCKER
> 11832 6341 -461 -215 -150 2
> 7870 7430 -730 159 181 1
> 7151 8443 -709 -292 -137 2
> 11689 8461 -353 -235 -135 2
! -74770 -43658 200
! -86681 -25126 200
> 11832 6341 -461 -215 -150 2
> 7870 7430 -730 159 181 1
> 7151 8443 -709 -292 -137 2
> 11689 8461 -353 -235 -135 2
! 2303 -303 200 sims=375690 RUNNER
! 4618 1390 200 sims=375690 BLOCKER
> 11198 6026 -539 -267 -150 2
> 6986 7495 -490 -160 -161 1
> 6310 8005 -976 -156 -119 2
> 11195 8085 -420 -319 -135 2
! -75404 -43973 200
! -72877 -52686 200
> 11198 6026 -539 -267 -150 2
> 6986 7495 -490 -160 -161 1
> 6310 8005 -976 -156 -119 2
> 11195 8085 -420 -319 -135 2
! 4402 -1811 200 sims=392721 RUNNER
! 2285 3545 200 sims=392721 BLOCKER
> 10486 5659 -605 -311 -150 2
> 6336 7215 -552 -238 -143 1
> 5296 7653 -862 -299 -101 2
> 10597 7675 -508 -348 -153 2
! -76116 -44340 200
! -51021 -74700 200
> 10486 5659 -605 -311 -150 2
> 6336 7215 -552 -238 -143 1
> 5296 7653 -862 -299 -101 2
> 10597 7675 -508 -348 -153 2
! 6515 -2272 200 sims=373499 RUNNER
! 720 6111 200 sims=373499 BLOCKER
> 9708 5248 -661 -349 -150 2
> 5669 6813 -566 -341 -125 1
> 4458 7155 -711 -422 -83 2
> 9891 7296 -599 -322 -171 2
! -76894 -44751 200
! -51688 -75102 0
> 9708 5248 -661 -349 -150 2
> 5669 6813 -566 -341 -125 1
> 4458 7155 -711 -422 -83 2
> 9891 7296 -599 -322 -171 2
! 8684 -1908 200 sims=360521 RUNNER
! 14 8860 200 sims=360521 BLOCKER
> 8874 4799 -709 -381 -150 2
> 5103 6472 -481 -289 -125 1
> 3832 6552 -532 -512 -65 2
> 9094 7005 -677 -247 171 2
! -77728 -45200 200
! -24134 -89158 200
> 8874 4799 -709 -381 -150 2
> 5103 6472 -481 -289 -125 1
> 3832 6552 -532 -512 -65 2
> 9094 7005 -677 -247 171 2
! 10652 -762 200 sims=372778 RUNNER
! 184 11545 0 sims=372778 BLOCKER
> 7992 4318 -749 -408 -150 2
> 4564 5992 -458 -408 -107 1
> 3436 5894 -336 -559 -47 2
> 8417 6758 -575 -209 153 2
! -78610 -45681 200
! -52793 -75923 200
> 7992 4318 -749 -408 -150 2
> 4564 5992 -458 -408 -107 1
> 3436 5894 -336 -559 -47 2
> 8417 6758 -575 -209 153 2
! 12182 1046 0 sims=371686 RUNNER
! 1346 13829 0 sims=371686 BLOCKER
> 7070 3810 -783 -431 -150 2
> 3991 5420 -486 -486 -125 1
> 3100 5335 -285 -475 -29 2
> 7842 6549 -488 -177 135 2
! -90744 -16981 0
! -75872 -54761 0
> 7070 3810 -783 -431 -150 2
> 3991 5420 -486 -486 -125 1
> 3100 5335 -285 -475 -29 2
> 7842 6549 -488 -177 135 2
! 12916 3427 0 sims=348719 RUNNER
! 3302 15459 0 sims=348719 BLOCKER
> 6287 3379 -665 -366 -168 2
> 3621 4946 -226 -394 -143 1
> 2699 4848 -428 -422 -11 2
> 7354 6372 -414 -150 117 2
! -93165 13831 0
! -76242 -55235 0
> 6287 3379 -665 -366 -168 2
> 3621 4946 -226 -394 -143 1
> 2699 4848 -428 -422 -11 2
> 7354 6372 -414 -150 117 2
! 11445 0 0 sims=342209 RUNNER
! 283 13443 0 sims=342209 BLOCKER
> 5622 3013 -565 -311 174 3
> 3395 4552 -192 -334 -143 1
> 2271 4426 -363 -358 -29 2
> 6940 6222 -351 -127 135 2
! -85732 43686 0
! -91156 -28004 0
> 5622 3013 -565 -311 174 3
> 3395 4552 -192 -334 -143 1
> 2271 4426 -363 -358 -29 2
> 6940 6222 -351 -127 135 2
! 12087 2518 0 sims=354592 RUNNER
! 2400 15132 0 sims=354592 BLOCKER
> 5057 2702 -480 -264 156 3
> 3203 4218 -163 -283 -161 1
> 1908 4068 -308 -304 -11 2
> 6589 6095 -298 -107 117 2
! -69257 69615 0
! -96781 2472 200
> 5057 2702 -480 -264 156 3
> 3203 4218 -163 -283 -161 1
> 1908 4068 -308 -304 -11 2
> 6589 6095 -298 -107 117 2
! 10654 -780 0 sims=344813 RUNNER
! 5025 15972 0 sims=344813 BLOCKER
> 4577 2438 -408 -224 138 3
> 2840 3932 -308 -243 -179 1
> 1600 3764 -261 -258 -29 2
> 6291 5988 -253 -90 99 2
! -45422 89040 200
! -97144 2186 200
> 4577 2438 -408 -224 138 3
> 2840 3932 -308 -243 -179 1
> 1600 3764 -261 -258 -29 2
> 6291 5988 -253 -90 99 2
! 8420 -3550 200 sims=366044 RUNNER
! 1751 14898 0 sims=366044 BLOCKER
> 4069 2387 -431 -43 120 3
> 2332 3686 -431 -209 -179 1
> 1475 3360 -105 -343 -47 2
> 6038 5898 -215 -76 117 2
! -16722 100201 0
! -92219 -28870 200
> 4069 2387 -431 -43 120 3
> 2332 3686 -431 -209 -179 1
> 1475 3360 -105 -343 -47 2
> 6038 5898 -215 -76 117 2
! 10221 -1488 0 sims=379162 RUNNER
! 4474 15775 0 sims=379162 BLOCKER
> 3638 2344 -366 -36 102 3
> 2002 3550 -192 -73 -161 1
> 1080 2879 -423 -450 -29 2
> 5823 5822 -182 -64 99 2
! 14090 101796 200
! -97982 1804 0
> 3638 2344 -366 -36 102 3
> 2002 3550 -192 -73 -161 1
> 1080 2879 -423 -450 -29 2
> 5823 5822 -182 -64 99 2
! 10896 971 200 sims=396389 BLOCKER
! 1283 14732 0 sims=396389 RUNNER
> 3293 2507 -293 138 84 3
> 1810 3477 -163 -62 -179 1
> 853 2391 -192 -414 -11 2
> 5641 5758 -154 -54 117 2
! 43966 93861 200
! -93820 32714 200
> 3293 2507 -293 138 84 3
> 1810 3477 -163 -62 -179 1
> 853 2391 -192 -414 -11 2
> 5641 5758 -154 -54 117 2
! 9599 -2457 0 sims=368053 BLOCKER
! -1430 12829 0 sims=368053 RUNNER
> 3081 2828 -179 272 66 3
> 1456 3473 -301 -2 -197 1
> 661 1977 -163 -351 -29 2
> 5487 5704 -130 -45 135 2
! 69994 77142 200
! -98528 1727 200
> 3081 2828 -179 272 66 3
> 1456 3473 -301 -2 -197 1
> 661 1977 -163 -351 -29 2
> 5487 5704 -130 -45 135 2
! 10477 69 200 sims=384188 BLOCKER
! -3423 10244 0 sims=384188 RUNNER
> 3036 3249 -38 357 48 3
> 955 3468 -425 -4 -179 1
> 694 1588 28 -330 -11 2
> 5357 5659 -110 -38 153 2
! 43709 94603 200
! -93596 -29088 200
> 3036 3249 -38 357 48 3
> 955 3468 -425 -4 -179 1
> 694 1588 28 -330 -11 2
> 5357 5659 -110 -38 153 2
! 10619 2807 200 sims=361515 BLOCKER
! -4520 7223 0 sims=361515 RUNNER
> 3079 3789 36 458 66 3
> 341 3399 -521 -58 -161 1
> 921 1282 192 -259 7 2
> 5247 5621 -93 -32 171 2
! 13531 103241 200
! -79522 -56782 0
> 3079 3789 36 458 66 3
> 341 3399 -521 -58 -161 1
> 921 1282 192 -259 7 2
> 5247 5621 -93 -32 171 2
! 10846 2501 200 sims=368333 BLOCKER
! -4630 4057 200 sims=368333 RUNNER
> 3136 4446 48 558 84 3
> -180 3341 -442 -49 -143 1
> 1312 1047 331 -199 7 2
> 4956 5558 -246 -53 -171 2
! 43809 95800 200
! -57537 -78574 0
> 3136 4446 48 558 84 3
> -180 3341 -442 -49 -143 1
> 1312 1047 331 -199 7 2
> 4956 5558 -246 -53 -171 2
! 11237 2266 200 sims=365204 BLOCKER
! -4921 3994 200 sims=365204 RUNNER
> 3265 5187 109 629 66 3
> -622 3292 -375 -41 -125 1
> 1842 872 450 -148 7 2
> 4512 5474 -377 -71 -171 2
! 43938 96541 SHIELD
! -29859 -92338 0
> 3265 5187 109 629 66 3
> -622 3292 -375 -41 -125 1
> 1842 872 450 -148 7 2
> 4512 5474 -377 -71 -171 2
! 11767 2091 200 sims=370454 BLOCKER
! -5365 3910 200 sims=370454 RUNNER
> 3351 5823 26 554 66 3
> -997 3251 -318 -34 -107 1
> 2491 748 551 -105 7 2
> 4171 5303 177 -283 -171 2
! 70264 80137 200
! 748 -96733 0
> 3351 5823 26 554 66 3
> -997 3251 -318 -34 -107 1
> 2491 748 551 -105 7 2
> 4171 5303 177 -283 -171 2
! 11554 4974 0 sims=386778 RUNNER
! -4739 763 0 sims=386778 BLOCKER
> 3377 6377 22 470 48 3
> -1315 3217 -270 -28 -89 1
> 3042 643 468 -89 25 2
> 4348 5020 150 -240 -153 2
! 89979 56376 200
! 31241 -91334 0
> 3377 6377 22 470 48 3
> -1315 3217 -270 -28 -89 1
> 3042 643 468 -89 25 2
> 4348 5020 150 -240 -153 2
! 10356 7463 200 sims=374052 RUNNER
! -2723 -2051 0 sims=374052 BLOCKER
> 3399 6847 18 399 30 3
> -1585 3189 -229 -23 -71 1
> 3656 690 522 40 43 2
> 4498 4780 127 -204 -135 2
! 101213 27638 0
! 58596 -76674 0
> 3399 6847 18 399 30 3
> -1585 3189 -229 -23 -71 1
> 3656 690 522 40 43 2
> 4498 4780 127 -204 -135 2
! 8504 9436 200 sims=369677 RUNNER
! -42 -4130 0 sims=369677 BLOCKER
> 3417 7246 15 339 12 3
> -1814 3166 -194 -19 -53 1
> 4275 905 526 182 61 2
> 4625 4576 107 -173 -117 2
! 102869 -3206 200
! 80101 -54191 200
> 3417 7246 15 339 12 3
> -1814 3166 -194 -19 -53 1
> 4275 905 526 182 61 2
> 4625 4576 107 -173 -117 2
! 6183 10721 200 sims=374262 RUNNER
! 3061 -5301 0 sims=374262 BLOCKER
> 3631 7564 181 270 -6 0
> -1844 3032 -25 -113 -35 1
> 4839 1283 479 321 79 2
> 4732 4403 90 -147 -99 2
! 94985 -33109 200
! 93786 -26205 200
> 3631 7564 181 270 -6 0
> -1844 3032 -25 -113 -35 1
> 4839 1283 479 321 79 2
> 4732 4403 90 -147 -99 2
! 6747 11099 200 sims=359471 RUNNER
! 6296 -5474 200 sims=359471 BLOCKER
> 3995 7753 309 160 -24 0
> -1678 2861 141 -145 -17 1
> 5356 1800 439 439 79 2
> 4853 4058 103 -292 -81 2
! 78309 -59160 200
! 98306 4606 200
> 3995 7753 309 160 -24 0
> -1678 2861 141 -145 -17 1
> 5356 1800 439 439 79 2
> 4853 4058 103 -292 -81 2
! 4137 11725 200 sims=376243 RUNNER
! 9393 -4852 0 sims=376243 BLOCKER
> 4453 7779 388 22 -42 0
> -1337 2719 289 -120 1 1
> 5771 2438 352 541 97 3
> 4956 3766 87 -248 -63 2
! 54452 -78823 200
! 93214 35275 200
> 4453 7779 388 22 -42 0
> -1337 2719 289 -120 1 1
> 5771 2438 352 541 97 3
> 4956 3766 87 -248 -63 2
! 1545 11501 200 sims=394128 RUNNER
! 12027 -3305 200 sims=394128 BLOCKER
> 4941 7628 414 -128 -60 0
> -859 2664 406 -46 19 1
> 6038 3160 227 613 115 3
> 5184 3377 194 -331 -45 2
! 79255 -59285 200
! 79004 62845 200
> 4941 7628 414 -128 -60 0
> -859 2664 406 -46 19 1
> 6038 3160 227 613 115 3
> 5184 3377 194 -331 -45 2
! -782 10474 200 sims=381213 RUNNER
! 14094 -1163 200 sims=381213 BLOCKER
> 5504 7366 478 -222 -42 0
> -293 2738 480 63 37 1
> 6344 3922 304 648 133 3
> 5340 2953 89 -361 -27 3
! 96858 -33307 200
! 94258 35294 200
> 5504 7366 478 -222 -42 0
> -293 2738 480 63 37 1
> 6344 3922 304 648 133 3
> 5340 2953 89 -361 -27 3
! -2402 8770 200 sims=383656 RUNNER
! 15217 1389 200 sims=383656 BLOCKER
> 6165 7063 561 -257 -24 0
> 376 2866 568 108 19 1
> 6473 4667 109 633 151 3
> 5627 2561 243 -333 -9 3
! 80479 -59850 200
! 80239 63047 0
> 6165 7063 561 -257 -24 0
> 376 2866 568 108 19 1
> 6473 4667 109 633 151 3
> 5627 2561 243 -333 -9 3
! -3343 6575 200 sims=381353 RUNNER
! 15504 4125 200 sims=381353 BLOCKER
> 6875 6672 603 -332 -42 0
> 944 2974 482 91 37 1
> 6386 5338 -74 570 169 3
> 6068 2259 374 -256 9 3
! 81189 -60241 200
! 58301 84889 0
> 6875 6672 603 -332 -42 0
> 944 2974 482 91 37 1
> 6386 5338 -74 570 169 3
> 6068 2259 374 -256 9 3
! -3539 4119 200 sims=376684 RUNNER
! 15945 3823 200 sims=376684 BLOCKER
> 7627 6206 638 -395 -42 0
> 1426 3065 409 77 55 1
> 6113 5884 -231 463 187 3
> 6640 2034 485 -191 9 3
! 81941 -60707 200
! 58783 84980 0
> 7627 6206 638 -395 -42 0
> 1426 3065 409 77 55 1
> 6113 5884 -231 463 187 3
> 6640 2034 485 -191 9 3
! -2950 1658 0 sims=303492 RUNNER
! 15550 6574 200 sims=303492 BLOCKER
> 8414 5677 668 -449 -42 0
> 1835 3142 347 65 55 1
> 5882 6347 -196 393 205 3
> 7303 1934 563 -85 27 3
! 82728 -61236 200
! 31072 98772 0
> 8414 5677 668 -449 -42 0
> 1835 3142 347 65 55 1
> 5882 6347 -196 393 205 3
> 7303 1934 563 -85 27 3
! -4043 5128 0 sims=372813 RUNNER
! 14374 9005 200 sims=372813 BLOCKER
> 9231 5094 694 -495 -42 0
> 2182 3207 294 55 73 1
> 5686 6740 -166 334 -173 3
> 8007 1990 598 47 45 3
! 83545 -61819 200
! 59539 85122 0
> 9231 5094 694 -495 -42 0
> 2182 3207 294 55 73 1
> 5686 6740 -166 334 -173 3
> 8007 1990 598 47 45 3
! -3377 2514 0 sims=292901 RUNNER
! 12547 10900 200 sims=292901 BLOCKER
> 10074 4465 716 -534 -42 0
> 2476 3262 249 46 55 1
> 5520 7074 -141 283 -155 3
> 8696 2215 585 191 63 3
! 101428 -36208 200
! 82339 63443 200
> 10074 4465 716 -534 -42 0
> 2476 3262 249 46 55 1
> 5520 7074 -141 283 -155 3
> 8696 2215 585 191 63 3
! -1794 254 200 sims=385035 RUNNER
! 13236 11125 200 sims=385035 BLOCKER
> 10973 3850 763 -523 -24 0
> 2885 3428 347 141 37 1
> 5233 7221 -244 124 -137 3
> 9372 2584 574 313 63 3
! 110425 -6602 200
! 97436 35984 200
> 10973 3850 763 -523 -24 0
> 2885 3428 347 141 37 1
> 5233 7221 -244 124 -137 3
> 9372 2584 574 313 63 3
! 385 -1525 0 sims=370923 RUNNER
! 13912 11494 200 sims=370923 BLOCKER
> 11935 3306 817 -462 -6 0
> 3421 3634 455 175 19 1
> 4989 7345 -207 105 -119 3
> 10037 3075 565 417 63 3
! 109749 24097 0
! 103405 5379 200
> 11935 3306 817 -462 -6 0
> 3421 3634 455 175 19 1
> 4989 7345 -207 105 -119 3
> 10037 3075 565 417 63 3
! -2325 525 200 sims=400981 RUNNER
! 11601 12952 0 sims=400981 BLOCKER
> 12752 2844 694 -392 12 0
> 4076 3812 556 151 1 1
> 4636 7314 -300 -26 -137 0
> 10602 3492 480 354 81 3
! 99354 52843 0
! 99706 -25425 0
> 12752 2844 694 -392 12 0
> 4076 3812 556 151 1 1
> 4636 7314 -300 -26 -137 0
> 10602 3492 480 354 81 3
! -212 -1432 0 sims=404642 RUNNER
! 15142 12402 0 sims=404642 BLOCKER
> 13446 2452 589 -333 30 1
> 4632 3963 472 128 -17 1
> 4336 7288 -255 -22 -119 0
> 11082 3846 408 300 63 3
! 80359 76766 0
! 100262 -25274 0
> 13446 2452 589 -333 30 1
> 4632 3963 472 128 -17 1
> 4336 7288 -255 -22 -119 0
> 11082 3846 408 300 63 3
! 2428 -2528 200 sims=399140 RUNNER
! 12646 13723 0 sims=399140 BLOCKER
> 14035 2119 500 -283 48 1
> 5104 4091 401 108 -17 1
> 4043 7070 -249 -185 -101 0
> 11490 4146 346 255 81 3
! 54708 93473 0
! 87019 -53266 0
> 14035 2119 500 -283 48 1
> 5104 4091 401 108 -17 1
> 4043 7070 -249 -185 -101 0
> 11490 4146 346 255 81 3
! 5262 -2855 200 sims=390558 RUNNER
! 9926 14023 0 sims=390558 BLOCKER
> 14535 1836 425 -240 66 1
> 5505 4199 340 91 -35 1
> 3818 6686 -190 -325 -83 0
> 11836 4401 294 216 99 3
! 24987 101288 0
! 65686 -75664 0
> 14535 1836 425 -240 66 1
> 5505 4199 340 91 -35 1
> 3818 6686 -190 -325 -83 0
> 11836 4401 294 216 99 3
! 8044 -2377 200 sims=406630 RUNNER
! 13400 14278 0 sims=406630 BLOCKER
> 14960 1596 361 -204 84 1
> 5845 4290 289 77 -53 1
> 3713 6180 -89 -430 -65 0
> 12130 4617 249 183 81 3
! -5831 99410 200
! 87760 -53067 0
> 14960 1596 361 -204 84 1
> 5845 4290 289 77 -53 1
> 3713 6180 -89 -430 -65 0
> 12130 4617 249 183 81 3
! 10533 -1134 200 sims=327460 RUNNER
! 10566 14494 0 sims=327460 BLOCKER
> 15279 1588 271 -7 102 1
> 6134 4367 245 65 -35 1
> 3760 5604 40 -489 -47 0
> 12379 4800 211 155 99 3
! -34720 88190 200
! 66315 -75496 0
> 15279 1588 271 -7 102 1
> 6134 4367 245 65 -35 1
> 3760 5604 40 -489 -47 0
> 12379 4800 211 155 99 3
! 12506 756 200 sims=400582 RUNNER
! 13943 14677 0 sims=400582 BLOCKER
> 15450 1754 145 141 120 1
> 6379 4432 208 55 -53 1
> 3975 5018 182 -498 -29 0
> 12590 4955 179 131 81 3
! -58864 68667 200
! 88294 -52925 200
> 15450 1754 145 141 120 1
> 6379 4432 208 55 -53 1
> 3975 5018 182 -498 -29 0
> 12590 4955 179 131 81 3
! 13791 3110 200 sims=405104 RUNNER
! 11026 14832 0 sims=405104 BLOCKER
> 15446 2029 -3 233 138 1
> 6751 4372 316 -50 -35 1
> 4353 4482 321 -455 -11 0
> 12769 5086 152 111 99 3
! -58868 68942 200
! 66932 -75491 0
> 15446 2029 -3 233 138 1
> 6751 4372 316 -50 -35 1
> 4353 4482 321 -455 -11 0
> 12769 5086 152 111 99 3
! 14278 5701 200 sims=386092 RUNNER
! 8229 13996 0 sims=386092 BLOCKER
> 15294 2396 -128 311 138 1
> 7067 4322 268 -42 -53 1
> 4873 4051 441 -366 7 0
> 12921 5197 129 94 117 3
! -59020 69309 200
! 88982 -53035 200
> 15294 2396 -128 311 138 1
> 7067 4322 268 -42 -53 1
> 4873 4051 441 -366 7 0
> 12921 5197 129 94 117 3
! 14689 2143 200 sims=374780 RUNNER
! 11357 15074 0 sims=374780 BLOCKER
> 15017 2841 -235 378 138 1
> 7499 4165 367 -133 -35 1
> 5510 3647 541 -343 -11 0
> 13050 5291 109 79 99 3
! -59297 69754 200
! 67680 -75698 0
> 15017 2841 -235 378 138 1
> 7499 4165 367 -133 -35 1
> 5510 3647 541 -343 -11 0
> 13050 5291 109 79 99 3
! 15326 1739 200 sims=365043 RUNNER
! 14614 15168 0 sims=365043 BLOCKER
> 14633 3353 -326 435 138 1
> 7866 4032 311 -113 -53 1
> 6247 3266 626 -323 -11 0
> 13159 5370 92 67 81 3
! -35366 89955 200
! 40422 -90519 200
> 14633 3353 -326 435 138 1
> 7866 4032 311 -113 -53 1
> 6247 3266 626 -323 -11 0
> 13159 5370 92 67 81 3
! 16063 1358 200 sims=363811 RUNNER
! 17699 14280 0 sims=363811 BLOCKER
> 14207 3961 -362 516 120 1
> 8242 3730 319 -256 -71 1
> 7069 2905 698 -306 -11 0
> 13251 5437 78 56 63 3
! -35792 90563 200
! 40798 -90821 200
> 14207 3961 -362 516 120 1
> 8242 3730 319 -256 -71 1
> 7069 2905 698 -306 -11 0
> 13251 5437 78 56 63 3
! 15815 -1943 200 sims=359933 RUNNER
! 20322 12508 0 sims=359933 BLOCKER
> 13745 4650 -392 585 120 1
> 8626 3285 326 -378 -71 1
> 7942 2502 741 -342 -29 0
> 13329 5493 66 47 45 3
! -60569 71563 SHIELD
! 41182 -91266 200
> 13745 4650 -392 585 120 1
> 8626 3285 326 -378 -71 1
> 7942 2502 741 -342 -29 0
> 13329 5493 66 47 45 3
! 17758 594 0 sims=372701 RUNNER
! 20400 12564 SHIELD sims=372701 BLOCKER
> 13569 4743 -101 -29 138 1
> 9107 2841 526 -215 -71 1
> 8593 2037 435 -557 -11 0
> 13179 6032 -175 566 45 3
! -60745 71656 0
! 69288 -77022 0
> 13569 4743 -101 -29 138 1
> 9107 2841 526 -215 -71 1
> 8593 2037 435 -557 -11 0
> 13179 6032 -175 566 45 3
! 18518 3256 200 sims=380835 RUNNER
! 17719 14942 0 sims=380835 BLOCKER
> 13468 4714 -85 -24 138 1
> 9633 2626 447 -182 -53 1
> 9227 1504 538 -452 7 0
> 13004 6598 -148 481 63 3
! -60846 71627 0
! 91548 -54731 0
> 13468 4714 -85 -24 138 1
> 9633 2626 447 -182 -53 1
> 9227 1504 538 -452 7 0
> 13004 6598 -148 481 63 3
! 18290 5730 200 sims=404565 RUNNER
! 14568 16475 0 sims=404565 BLOCKER
> 13383 4690 -72 -20 138 1
> 10080 2444 379 -154 -35 1
> 9946 1137 611 -312 25 0
> 12856 7079 -125 408 81 3
! -36616 91292 0
! 91995 -54913 200
> 13383 4690 -72 -20 138 1
> 10080 2444 379 -154 -35 1
> 9946 1137 611 -312 25 0
> 12856 7079 -125 408 81 3
! 17260 7957 200 sims=381136 RUNNER
! 11292 16956 0 sims=381136 BLOCKER
> 13311 4670 -61 -17 120 1
> 10623 2175 461 -228 -35 1
> 10703 961 643 -149 43 0
> 12731 7487 -106 346 99 3
! -7480 102484 200
! 92538 -55182 200
> 13311 4670 -61 -17 120 1
> 10623 2175 461 -228 -35 1
> 10703 961 643 -149 43 0
> 12731 7487 -106 346 99 3
! 15551 9707 0 sims=374038 RUNNER
! 8191 16397 0 sims=374038 BLOCKER
> 13208 4849 -87 151 102 1
> 11248 1832 531 -291 -35 1
> 11346 812 546 -126 61 0
> 12625 7833 -90 294 117 3
! 23660 104301 200
! 71429 -78031 0
> 13208 4849 -87 151 102 1
> 11248 1832 531 -291 -35 1
> 11346 812 546 -126 61 0
> 12625 7833 -90 294 117 3
! 13254 10628 0 sims=361550 RUNNER
! 5554 14904 0 sims=361550 BLOCKER
> 13142 5199 -56 297 84 1
> 11779 1541 451 -247 -53 1
> 11892 686 464 -107 79 0
> 12535 8127 -76 249 135 3
! -7649 103013 200
! 44335 -93010 0
> 13142 5199 -56 297 84 1
> 11779 1541 451 -247 -53 1
> 11892 686 464 -107 79 0
> 12535 8127 -76 249 135 3
! 10673 10611 200 sims=271747 RUNNER
! 3625 12667 200 sims=271747 BLOCKER
> 13044 5692 -82 418 102 1
> 12192 1566 343 73 -71 1
> 12370 506 413 -205 97 0
> 12281 8467 -216 288 153 3
! -36955 92294 200
! 13937 -98418 0
> 13044 5692 -82 418 102 1
> 12192 1566 343 73 -71 1
> 12370 506 413 -205 97 0
> 12281 8467 -216 288 153 3
! 8144 9569 200 sims=341747 RUNNER
! 2404 10031 200 sims=341747 BLOCKER
> 12862 6283 -154 502 120 1
> 12535 1639 291 62 -89 1
> 12698 482 279 -20 115 0
> 11867 8786 -351 271 171 3
! -61452 73196 0
! 14280 -98345 200
> 12862 6283 -154 502 120 1
> 12535 1639 291 62 -89 1
> 12698 482 279 -20 115 0
> 11867 8786 -351 271 171 3
! 11479 10407 200 sims=362845 RUNNER
! 1990 7222 200 sims=362845 BLOCKER
> 12708 6785 -130 426 138 2
> 12829 1501 250 -117 -89 1
> 12953 661 216 151 97 0
> 11318 9026 -466 203 -171 3
! -78646 47458 0
! 14574 -98483 0
> 12708 6785 -130 426 138 2
> 12829 1501 250 -117 -89 1
> 12953 661 216 151 97 0
> 11318 9026 -466 203 -171 3
! 11734 10586 SHIELD sims=370237 RUNNER
! 2408 4486 200 sims=370237 BLOCKER
> 12578 7211 -110 362 156 2
> 13020 1781 151 313 -89 1
> 13175 772 189 87 97 0
> 10674 9138 -547 95 -153 3
! -86874 17663 200
! 14765 -98203 200
> 12578 7211 -110 362 156 2
> 13020 1781 151 313 -89 1
> 13175 772 189 87 97 0
> 10674 9138 -547 95 -153 3
! 8949 9835 0 sims=376488 RUNNER
! 3603 2067 200 sims=376488 BLOCKER
> 12269 7594 -262 325 174 2
> 13174 1894 131 96 -89 1
> 13364 859 160 73 115 0
> 9986 9092 -585 -39 -135 3
! -85545 -13197 200
! 45730 -92657 0
> 12269 7594 -262 325 174 2
> 13174 1894 131 96 -89 1
> 13364 859 160 73 115 0
> 9986 9092 -585 -39 -135 3
! 12145 10784 0 sims=377636 RUNNER
! 5446 182 200 sims=377636 BLOCKER
> 11811 7877 -388 240 192 2
> 13305 1990 111 81 -71 1
> 13524 932 136 62 97 0
> 9310 8875 -574 -184 -117 3
! -74791 -42122 200
! 15050 -97994 200
> 11811 7877 -388 240 192 2
> 13305 1990 111 81 -71 1
> 13524 932 136 62 97 0
> 9310 8875 -574 -184 -117 3
! 9298 9995 0 sims=374661 RUNNER
! 7746 -1002 200 sims=374661 BLOCKER
> 11250 8017 -477 119 -150 2
> 13419 1871 97 -101 -89 1
> 13660 994 115 52 115 0
> 8705 8493 -514 -324 -99 3
! -55663 -66297 200
! 45975 -92680 200
> 11250 8017 -477 119 -150 2
> 13419 1871 97 -101 -89 1
> 13660 994 115 52 115 0
> 8705 8493 -514 -324 -99 3
! 12441 10919 0 sims=366079 RUNNER
! 7141 -1384 200 sims=366079 BLOCKER
> 10639 7987 -519 -25 -132 2
> 13516 1804 55 31 -71 1
> 13841 823 179 -234 97 0
> 8160 7971 -463 -443 -99 3
! -56274 -66327 200
! 73697 -78059 0
> 10639 7987 -519 -25 -132 2
> 13516 1804 55 31 -71 1
> 13841 823 179 -234 97 0
> 8160 7971 -463 -443 -99 3
! 9615 9886 200 sims=380499 RUNNER
! 6596 -1906 200 sims=380499 BLOCKER
> 9986 7813 -554 -147 -132 2
> 13571 1835 46 26 -53 1
> 13935 770 80 -44 115 0
> 7666 7330 -420 -544 -99 3
! -30687 -83541 200
! 46127 -92716 200
> 9986 7813 -554 -147 -132 2
> 13571 1835 46 26 -53 1
> 13935 770 80 -44 115 0
> 7666 7330 -420 -544 -99 3
! 9709 9833 200 sims=374864 RUNNER
! 9230 -2547 0 sims=374864 BLOCKER
> 9351 7483 -540 -280 -114 2
> 13682 1672 94 -138 -71 1
> 13930 907 -3 116 115 0
> 7246 6786 -357 -462 -81 3
! -57562 -66831 200
! 46238 -92879 200
> 9351 7483 -540 -280 -114 2
> 13682 1672 94 -138 -71 1
> 13930 907 -3 116 115 0
> 7246 6786 -357 -462 -81 3
! 9704 9970 SHIELD sims=359310 RUNNER
! 11786 -2124 0 sims=359310 BLOCKER
> 8677 7054 -572 -364 -132 2
> 13579 2153 -89 415 -71 1
> 13953 942 19 29 115 0
> 6889 6324 -303 -392 -63 3
! -31996 -84300 200
! 46135 -92398 200
> 8677 7054 -572 -364 -132 2
> 13579 2153 -89 415 -71 1
> 13953 942 19 29 115 0
> 6889 6324 -303 -392 -63 3
! 12734 10867 0 sims=366870 RUNNER
! 13960 -747 0 sims=366870 BLOCKER
> 8024 6507 -555 -464 -114 2
> 13555 2379 -20 192 -71 1
> 13972 971 16 24 97 0
> 6586 5932 -257 -333 -45 3
! -2428 -92945 200
! 46111 -92172 200
> 8024 6507 -555 -464 -114 2
> 13555 2379 -20 192 -71 1
> 13972 971 16 24 97 0
> 6586 5932 -257 -333 -45 3
! 12753 10896 0 sims=353493 RUNNER
! 15496 1392 200 sims=353493 BLOCKER
> 7448 5844 -489 -563 -96 2
> 13600 2382 38 2 -71 1
> 13988 995 13 20 97 0
> 6507 5508 -66 -360 -27 3
! -33225 -85510 SHIELD
! 46156 -92169 0
> 7448 5844 -489 -563 -96 2
> 13600 2382 38 2 -71 1
> 13988 995 13 20 97 0
> 6507 5508 -66 -360 -27 3
! 9762 10058 0 sims=368326 RUNNER
! 15417 968 SHIELD sims=368326 BLOCKER
> 7212 5364 -39 -355 -114 2
> 13638 2384 32 1 -71 1
> 14001 1015 11 17 115 0
> 6188 5065 -431 -429 -27 3
! -59701 -68950 0
! 15383 -97600 200
> 7212 5364 -39 -355 -114 2
> 13638 2384 32 1 -71 1
> 14001 1015 11 17 115 0
> 6188 5065 -431 -429 -27 3
! 9775 10078 200 sims=365533 RUNNER
! 16065 3501 0 sims=365533 BLOCKER
> 7173 5009 -33 -301 -132 2
> 13673 2185 30 -169 -89 1
> 13927 1213 -62 168 115 0
> 5757 4636 -366 -364 -9 3
! -59740 -69305 0
! 46229 -92366 SHIELD
> 7173 5009 -33 -301 -132 2
> 13673 2185 30 -169 -89 1
> 13927 1213 -62 168 115 0
> 5757 4636 -366 -364 -9 3
! 9701 10276 SHIELD sims=372344 RUNNER
! 15634 6200 0 sims=372344 BLOCKER
> 7140 4708 -28 -255 -132 2
> 13667 2156 -48 143 -71 1
> 13901 1241 21 -144 115 0
> 5391 4272 -311 -309 9 3
! -79462 -45291 0
! 15412 -97828 0
> 7140 4708 -28 -255 -132 2
> 13667 2156 -48 143 -71 1
> 13901 1241 21 -144 115 0
> 5391 4272 -311 -309 9 3
! 9675 10304 0 sims=360297 RUNNER
! 15268 2708 0 sims=360297 BLOCKER
> 7112 4453 -23 -216 -150 2
> 13619 2299 -40 121 -89 1
> 13922 1097 17 -122 115 0
> 5080 3963 -264 -262 -9 3
! -79490 -45546 200
! 15364 -97685 0
> 7112 4453 -23 -216 -150 2
> 13619 2299 -40 121 -89 1
> 13922 1097 17 -122 115 0
> 5080 3963 -264 -262 -9 3
! 12703 11022 0 sims=359065 RUNNER
! 13990 -577 200 sims=359065 BLOCKER
> 6916 4137 -166 -268 -150 2
> 13579 2420 -34 102 -89 1
> 13939 975 14 -103 97 0
> 4994 3610 -72 -299 -27 3
! -79686 -45862 200
! 46135 -92131 0
> 6916 4137 -166 -268 -150 2
> 13579 2420 -34 102 -89 1
> 13939 975 14 -103 97 0
> 4994 3610 -72 -299 -27 3
! 12720 10900 0 sims=344792 RUNNER
! 14871 2046 0 sims=344792 BLOCKER
> 6577 3769 -288 -312 -150 2
> 13545 2522 -28 86 -71 1
> 13953 872 11 -87 97 0
> 4922 3311 -61 -254 -9 3
! -80025 -46230 200
! 46101 -92029 200
> 6577 3769 -288 -312 -150 2
> 13545 2522 -28 86 -71 1
> 13953 872 11 -87 97 0
> 4922 3311 -61 -254 -9 3
! 12734 10797 200 sims=347725 RUNNER
! 14799 4875 200 sims=347725 BLOCKER
> 6116 3357 -392 -350 -150 2
> 13582 2419 31 -87 -71 1
> 13940 984 -11 94 97 0
> 5059 3088 116 -189 9 3
! -91698 -17434 SHIELD
! 46138 -92132 200
> 6116 3357 -392 -350 -150 2
> 13582 2419 31 -87 -71 1
> 13940 984 -11 94 97 0
> 5059 3088 116 -189 9 3
! 12721 10909 200 sims=363930 RUNNER
! 13969 7628 200 sims=363930 BLOCKER
> 5801 3024 -223 -273 -168 3
> 13678 2143 81 -234 -71 1
> 13905 1277 -30 248 97 0
> 4582 2824 -843 -318 27 3
! -93651 13476 0
! 46234 -92408 SHIELD
> 5801 3024 -223 -273 -168 3
> 13678 2143 81 -234 -71 1
> 13905 1277 -30 248 97 0
> 4582 2824 -843 -318 27 3
! 12686 11202 SHIELD sims=363181 RUNNER
! 11653 9895 200 sims=363181 BLOCKER
> 5578 2751 -189 -232 174 3
> 13656 2295 -39 207 -71 1
> 13978 1139 82 -195 97 0
> 3880 2647 -596 -150 45 3
! -85776 43424 0
! 46212 -92256 0
> 5578 2751 -189 -232 174 3
> 13656 2295 -39 207 -71 1
> 13978 1139 82 -195 97 0
> 3880 2647 -596 -150 45 3
! 12759 11064 0 sims=355551 RUNNER
! 8420 11557 200 sims=355551 BLOCKER
> 5389 2519 -160 -197 156 3
> 13617 2502 -33 175 -71 1
> 14060 944 69 -165 97 0
> 3375 2675 -429 23 63 3
! -68925 69432 0
! 15362 -97482 200
> 5389 2519 -160 -197 156 3
> 13617 2502 -33 175 -71 1
> 14060 944 69 -165 97 0
> 3375 2675 -429 23 63 3
! 9834 10007 0 sims=370601 RUNNER
! 10446 9746 200 sims=370601 BLOCKER
> 5229 2322 -136 -167 138 3
> 13584 2677 -28 148 -89 1
> 14129 779 58 -140 115 0
> 3087 2839 -244 139 45 3
! -44770 88924 200
! 15329 -97307 0
> 5229 2322 -136 -167 138 3
> 13584 2677 -28 148 -89 1
> 14129 779 58 -140 115 0
> 3087 2839 -244 139 45 3
! 12910 10704 0 sims=379309 RUNNER
! 7627 11749 200 sims=379309 BLOCKER
> 4993 2328 -200 5 120 3
> 13556 2825 -23 125 -89 1
> 14187 639 49 -119 97 0
> 2934 3156 -130 269 63 3
! -15798 100142 200
! 46112 -91726 200
> 4993 2328 -200 5 120 3
> 13556 2825 -23 125 -89 1
> 14187 639 49 -119 97 0
> 2934 3156 -130 269 63 3
! 9961 9702 200 sims=361585 RUNNER
! 7474 12066 200 sims=361585 BLOCKER
> 4751 2529 -205 170 102 3
> 13598 2761 35 -54 -71 1
> 14151 701 -30 52 115 0
> 2895 3603 -33 380 63 3
! -45248 89131 200
! 15343 -97223 200
> 4751 2529 -205 170 102 3
> 13598 2761 35 -54 -71 1
> 14151 701 -30 52 115 0
> 2895 3603 -33 380 63 3
! 9925 9764 200 sims=344414 RUNNER
! 9966 10674 0 sims=344414 BLOCKER
> 4446 2872 -259 291 120 3
> 13636 2507 32 -215 -89 1
> 14036 934 -97 198 115 0
> 2862 3983 -28 323 45 3
! -16345 100686 200
! 46192 -92044 200
> 4446 2872 -259 291 120 3
> 13636 2507 32 -215 -89 1
> 14036 934 -97 198 115 0
> 2862 3983 -28 323 45 3
! 12817 10859 200 sims=337638 RUNNER
! 11772 8523 200 sims=337638 BLOCKER
> 4145 3359 -255 413 102 3
> 13732 2109 -78 342 -71 1
> 13916 1324 58 -349 97 0
> 3012 4397 127 351 27 3
! -16646 101173 200
! 15477 -97875 200
> 4145 3359 -255 413 102 3
> 13732 2109 -78 342 -71 1
> 13916 1324 58 -349 97 0
> 3012 4397 127 351 27 3
! 12697 11249 200 sims=306474 RUNNER
! 12889 5961 0 sims=306474 BLOCKER
> 3848 3968 -252 517 102 3
> 13657 2251 -63 120 -89 1
> 13950 1174 28 -127 97 0
> 3139 4748 107 298 9 3
! 14300 103420 200
! 46213 -92300 200
> 3848 3968 -252 517 102 3
> 13657 2251 -63 120 -89 1
> 13950 1174 28 -127 97 0
> 3139 4748 107 298 9 3
! 9724 10237 200 sims=348516 RUNNER
! 13016 6312 SHIELD sims=348516 BLOCKER
> 3969 4311 371 5 84 3
> 13659 2182 1 -58 -71 1
> 13893 1228 -48 46 115 0
> 3211 5083 34 313 9 3
! -16822 102125 200
! 15404 -97802 200
> 3969 4311 371 5 84 3
> 13659 2182 1 -58 -71 1
> 13893 1228 -48 46 115 0
> 3211 5083 34 313 9 3
! 12674 11153 200 sims=335951 RUNNER
! 12121 9623 0 sims=335951 BLOCKER
> 4298 4512 280 170 102 3
> 13580 2236 -106 195 -89 1
> 13904 1160 49 -207 97 0
> 3245 5396 28 266 27 3
! -45701 91114 200
! 46136 -92315 200
> 4298 4512 280 170 102 3
> 13580 2236 -106 195 -89 1
> 13904 1160 49 -207 97 0
> 3245 5396 28 266 27 3
! 12685 11085 200 sims=353787 RUNNER
! 13122 6960 0 sims=353787 BLOCKER
> 4478 4855 153 291 120 3
> 13539 2242 -34 5 -71 1
> 13929 1152 20 -7 97 0
> 3273 5662 23 226 9 3
! -69836 71768 200
! 46095 -92309 200
> 4478 4855 153 291 120 3
> 13539 2242 -34 5 -71 1
> 13929 1152 20 -7 97 0
> 3273 5662 23 226 9 3
! 9703 10215 200 sims=331387 RUNNER
! 13150 4098 0 sims=331387 BLOCKER
> 4482 5280 3 361 138 3
> 13566 2068 -89 134 -71 1
> 13869 1316 61 -142 115 0
> 3296 5888 19 192 -9 3
! -86872 45953 200
! 73747 -77795 200
> 4482 5280 3 361 138 3
> 13566 2068 -89 134 -71 1
> 13869 1316 61 -142 115 0
> 3296 5888 19 192 -9 3
! 9643 10379 200 sims=325339 RUNNER
! 13173 4324 200 sims=325339 BLOCKER
> 4302 5722 -152 375 156 3
> 13546 2171 -23 104 -53 1
> 13897 1226 30 -93 115 0
> 3513 6049 184 136 -9 3
! -87052 46395 SHIELD
! 46102 -92380 200
> 4302 5722 -152 375 156 3
> 13546 2171 -23 104 -53 1
> 13897 1226 30 -93 115 0
> 3513 6049 184 136 -9 3
! 9671 10289 200 sims=375970 RUNNER
! 13390 4485 SHIELD sims=375970 BLOCKER
> 4472 5969 187 193 156 3
> 13588 2086 35 -72 -71 1
> 13842 1314 -46 75 115 0
> 3375 6313 -160 241 -9 3
! -94980 16421 0
! 46144 -92465 200
> 4472 5969 187 193 156 3
> 13588 2086 35 -72 -71 1
> 13842 1314 -46 75 115 0
> 3375 6313 -160 241 -9 3
! 12623 11239 0 sims=324793 RUNNER
! 12285 1773 0 sims=324793 BLOCKER
> 4659 6162 158 164 174 3
> 13579 2160 -11 72 -71 1
> 13906 1054 57 -231 97 0
> 3215 6554 -136 204 -27 3
! -94793 16614 0
! 46135 -92391 200
> 4659 6162 158 164 174 3
> 13579 2160 -11 72 -71 1
> 13906 1054 57 -231 97 0
> 3215 6554 -136 204 -27 3
! 12687 10979 200 sims=339640 RUNNER
! 10286 -517 0 sims=339640 BLOCKER
> 4817 6326 134 139 174 3
> 13633 2043 45 -99 -71 1
> 13939 1022 27 -27 97 0
> 3079 6758 -115 173 -45 3
! -86537 46999 0
! 46189 -92508 200
> 4817 6326 134 139 174 3
> 13633 2043 45 -99 -71 1
> 13939 1022 27 -27 97 0
> 3079 6758 -115 173 -45 3
! 9713 10085 200 sims=339493 RUNNER
! 7619 -2152 0 sims=339493 BLOCKER
> 4951 6465 113 118 156 3
> 13689 1953 -12 141 -71 1
> 13936 978 56 -254 115 0
> 2964 6931 -97 147 -63 3
! -86403 47138 200
! 15434 -98031 200
> 4951 6465 113 118 156 3
> 13689 1953 -12 141 -71 1
> 13936 978 56 -254 115 0
> 2964 6931 -97 147 -63 3
! 12717 10903 200 sims=351708 RUNNER
! 10035 -140 200 sims=351708 BLOCKER
> 4881 6664 -59 169 156 3
> 13680 1894 -7 -50 -89 1
> 13968 923 26 -47 97 0
> 3008 6937 37 4 -45 3
! -94571 17116 200
! 46236 -92657 200
> 4881 6664 -59 169 156 3
> 13680 1894 -7 -50 -89 1
> 13968 923 26 -47 97 0
> 3008 6937 37 4 -45 3
! 9742 9986 200 sims=327761 RUNNER
! 10079 -134 200 sims=327761 BLOCKER
> 4623 6854 -219 161 174 3
> 13688 1826 -43 115 -71 1
> 13960 886 43 -204 115 0
> 3186 6800 151 -116 -45 3
! -93191 -13937 0
! 46244 -92725 0
> 4623 6854 -219 161 174 3
> 13688 1826 -43 115 -71 1
> 13960 886 43 -204 115 0
> 3186 6800 151 -116 -45 3
! 12741 10811 200 sims=357791 RUNNER
! 7726 -2110 200 sims=357791 BLOCKER
> 4404 7015 -186 136 -168 0
> 13645 1941 -36 97 -71 1
> 13979 881 15 -4 97 0
> 3428 6506 205 -250 -63 3
! -82198 -42984 0
! 46201 -92610 200
> 4404 7015 -186 136 -168 0
> 13645 1941 -36 97 -71 1
> 13979 881 15 -4 97 0
> 3428 6506 205 -250 -63 3
! 9753 9944 200 sims=372197 RUNNER
! 10499 -565 200 sims=372197 BLOCKER
> 4218 7151 -158 115 -150 0
> 13674 1849 24 -78 -71 1
> 13909 1058 -59 150 115 0
> 3774 6115 294 -332 -45 3
! -62695 -67163 0
! 46230 -92702 200
> 4218 7151 -158 115 -150 0
> 13674 1849 24 -78 -71 1
> 13909 1058 -59 150 115 0
> 3774 6115 294 -332 -45 3
! 9683 10121 SHIELD sims=370916 RUNNER
! 12684 1575 200 sims=370916 BLOCKER
> 4060 7266 -134 97 -132 0
> 13548 2309 -117 428 -71 1
> 13871 1135 -30 61 115 0
> 4246 5692 401 -359 -27 3
! -36613 -84088 0
! 15293 -97675 200
> 4060 7266 -134 97 -132 0
> 13548 2309 -117 428 -71 1
> 13871 1135 -30 61 115 0
> 4246 5692 401 -359 -27 3
! 12652 11060 0 sims=396249 RUNNER
! 14123 4128 200 sims=396249 BLOCKER
> 3926 7363 -113 82 -114 0
> 13434 2537 -96 193 -89 1
> 13841 1196 -25 51 97 0
> 4845 5302 508 -331 -9 3
! -6526 -92089 0
! 45990 -92014 200
> 3926 7363 -113 82 -114 0
> 13434 2537 -96 193 -89 1
> 13841 1196 -25 51 97 0
> 4845 5302 508 -331 -9 3
! 12622 11121 0 sims=375382 RUNNER
! 14722 3738 200 sims=375382 BLOCKER
> 3813 7445 -96 69 -96 0
> 13403 2541 -26 3 -71 1
> 13816 1247 -21 43 97 0
> 5551 4940 599 -307 -9 3
! 24604 -90369 200
! 45959 -92010 200
> 3813 7445 -96 69 -96 0
> 13403 2541 -26 3 -71 1
> 13816 1247 -21 43 97 0
> 5551 4940 599 -307 -9 3
! 12597 11172 0 sims=369327 RUNNER
! 15428 3376 200 sims=369327 BLOCKER
> 3759 7318 -46 -107 -78 0
> 13442 2355 33 -158 -71 1
> 13795 1290 -17 36 97 0
> 6348 4602 677 -287 -9 3
! 53758 -79284 200
! 45998 -92196 200
> 3759 7318 -46 -107 -78 0
> 13442 2355 33 -158 -71 1
> 13795 1290 -17 36 97 0
> 6348 4602 677 -287 -9 3
! 9569 10353 200 sims=344554 RUNNER
! 16225 3038 200 sims=344554 BLOCKER
> 3813 7038 45 -238 -60 0
> 13455 2271 -72 189 -71 1
> 13778 1244 69 -299 115 0
> 7223 4284 743 -270 -9 3
! 78127 -59875 200
! 15200 -97713 200
> 3813 7038 45 -238 -60 0
> 13455 2271 -72 189 -71 1
> 13778 1244 69 -299 115 0
> 7223 4284 743 -270 -9 3
! 12559 11169 200 sims=353892 RUNNER
! 17100 2720 200 sims=353892 BLOCKER
> 4007 6666 164 -316 -42 0
> 13386 2260 -58 -9 -89 1
> 13823 1144 37 -85 97 0
> 8164 3983 799 -256 -9 3
! 95361 -34007 200
! 45942 -92291 200
> 4007 6666 164 -316 -42 0
> 13386 2260 -58 -9 -89 1
> 13823 1144 37 -85 97 0
> 8164 3983 799 -256 -9 3
! 12604 11069 200 sims=345765 RUNNER
! 17074 -557 200 sims=345765 BLOCKER
> 4354 6269 294 -337 -24 0
> 13393 2062 6 -168 -71 1
> 13836 1258 10 96 97 0
> 9141 3636 830 -294 -27 3
! 95708 -34404 200
! 73574 -77801 200
> 4354 6269 294 -337 -24 0
> 13393 2062 6 -168 -71 1
> 13836 1258 10 96 97 0
> 9141 3636 830 -294 -27 3
! 12617 11183 SHIELD sims=341285 RUNNER
! 16212 -3435 200 sims=341285 BLOCKER
> 4831 5851 405 -355 -24 0
> 13234 2212 -228 282 -53 1
> 13875 1306 42 25 97 0
> 10112 3201 825 -370 -45 3
! 96185 -34822 200
! 45790 -92339 200
> 4831 5851 405 -355 -24 0
> 13234 2212 -228 282 -53 1
> 13875 1306 42 25 97 0
> 10112 3201 825 -370 -45 3
! 9649 10369 0 sims=364357 RUNNER
! 19022 -1339 0 sims=364357 BLOCKER
> 5419 5415 499 -370 -24 0
> 13071 2305 -138 78 -71 1
> 13917 1331 35 21 115 0
> 10937 2831 701 -314 -27 3
! 104871 -5037 200
! 73252 -77558 200
> 5419 5415 499 -370 -24 0
> 13071 2305 -138 78 -71 1
> 13917 1331 35 21 115 0
> 10937 2831 701 -314 -27 3
! 7097 8645 0 sims=360535 RUNNER
! 20814 1267 200 sims=360535 BLOCKER
> 6117 5024 593 -332 -6 0
> 13053 2223 -14 -69 -53 1
> 13952 1352 29 17 133 0
> 11836 2486 763 -293 -9 3
! 105569 -5428 200
! 45609 -92328 200
> 6117 5024 593 -332 -6 0
> 13053 2223 -14 -69 -53 1
> 13952 1352 29 17 133 0
> 11836 2486 763 -293 -9 3
! 7132 8666 0 sims=333760 RUNNER
! 21713 4050 0 sims=333760 BLOCKER
> 6909 4671 673 -299 -6 0
> 13342 1890 602 -395 -71 1
> 13981 1369 24 14 133 0
> 12361 2268 89 -72 9 3
! 106361 -5781 200
! 73523 -77973 SHIELD
> 6909 4671 673 -299 -6 0
> 13342 1890 602 -395 -71 1
> 13981 1369 24 14 133 0
> 12361 2268 89 -72 9 3
! 7161 8683 SHIELD sims=351498 RUNNER
! 21271 6808 0 sims=351498 BLOCKER
> 7781 4351 741 -271 -6 0
> 13416 1927 47 44 -53 1
> 14533 951 484 -368 133 0
> 12450 2196 75 -61 27 3
! 99135 -36322 200
! 95331 -55430 0
> 7781 4351 741 -271 -6 0
> 13416 1927 47 44 -53 1
> 14533 951 484 -368 133 0
> 12450 2196 75 -61 27 3
! 5787 5799 0 sims=348579 RUNNER
! 19521 9267 0 sims=348579 BLOCKER
> 8705 3999 785 -299 -24 0
> 13463 1971 39 37 -35 1
> 15017 583 411 -312 151 0
> 12525 2135 63 -51 45 3
! 100059 -36674 0
! 95378 -55386 0
> 8705 3999 785 -299 -24 0
> 13463 1971 39 37 -35 1
> 15017 583 411 -312 151 0
> 12525 2135 63 -51 45 3
! 6271 5431 0 sims=356545 RUNNER
! 17065 11045 0 sims=356545 BLOCKER
> 9490 3700 667 -254 -24 0
> 13502 2008 33 31 -35 1
> 15428 271 349 -265 151 0
> 12588 2084 53 -43 63 3
! 100844 -36973 0
! 73683 -77855 0
> 9490 3700 667 -254 -24 0
> 13502 2008 33 31 -35 1
> 15428 271 349 -265 151 0
> 12588 2084 53 -43 63 3
! 8608 7585 0 sims=338345 RUNNER
! 14152 11961 0 sims=338345 BLOCKER
> 10157 3446 566 -215 -24 0
> 13535 2039 28 26 -53 1
> 15777 6 296 -225 133 0
> 12641 2041 45 -36 81 3
! 109609 -7006 0
! 73716 -77824 200
> 10157 3446 566 -215 -24 0
> 13535 2039 28 26 -53 1
> 15777 6 296 -225 133 0
> 12641 2041 45 -36 81 3
! 11551 9069 200 sims=336315 RUNNER
! 11077 11918 0 sims=336315 BLOCKER
> 10723 3231 481 -182 -6 0
> 13683 1905 126 -113 -53 1
> 15988 -38 179 -37 115 0
> 12686 2005 38 -30 99 3
! 110175 -7221 200
! 95598 -55452 0
> 10723 3231 481 -182 -6 0
> 13683 1905 126 -113 -53 1
> 15988 -38 179 -37 115 0
> 12686 2005 38 -30 99 3
! 9168 7276 200 sims=339794 RUNNER
! 8146 10915 200 sims=339794 BLOCKER
> 11403 3028 577 -172 -6 0
> 13809 1792 107 -96 -35 1
> 16031 71 36 92 133 0
> 12633 2153 -44 125 117 3
! 102757 -37645 200
! 109439 -27445 200
> 11403 3028 577 -172 -6 0
> 13809 1792 107 -96 -35 1
> 16031 71 36 92 133 0
> 12633 2153 -44 125 117 3
! 9211 7385 200 sims=322637 RUNNER
! 8093 11063 200 sims=322637 BLOCKER
> 11898 2986 -49 339 -24 0
> 14107 1638 253 -131 -17 1
> 15931 309 -85 202 133 0
> 12763 2245 580 -296 117 3
! 86212 -63927 200
! 109737 -27599 200
> 11898 2986 -49 339 -24 0
> 14107 1638 253 -131 -17 1
> 15931 309 -85 202 133 0
> 12763 2245 580 -296 117 3
! 7185 5157 0 sims=332899 RUNNER
! 5692 9316 200 sims=332899 BLOCKER
> 11998 3191 84 174 -42 0
> 14551 1449 377 -161 -17 1
> 15846 511 -72 171 151 0
> 13202 2090 372 -131 135 3
! 61997 -83411 200
! 96466 -55908 200
> 11998 3191 84 174 -42 0
> 14551 1449 377 -161 -17 1
> 15846 511 -72 171 151 0
> 13202 2090 372 -131 135 3
! 9026 7825 0 sims=282933 RUNNER
! 4292 6630 200 sims=282933 BLOCKER
> 12182 3192 156 0 -60 0
> 15092 1173 459 -234 -35 1
> 15774 682 -61 145 133 0
> 13396 2050 164 -34 153 3
! 86496 -63721 200
! 110722 -28064 SHIELD
> 12182 3192 156 0 -60 0
> 15092 1173 459 -234 -35 1
> 15774 682 -61 145 133 0
> 13396 2050 164 -34 153 3
! 7028 5530 0 sims=330862 RUNNER
! 6325 9121 200 sims=330862 BLOCKER
> 12487 3058 258 -113 -42 0
> 15462 1003 309 -140 -17 1
> 16603 187 755 -457 151 0
> 13419 2157 19 91 135 3
! 62486 -83544 200
! 97377 -56354 0
> 12487 3058 258 -113 -42 0
> 15462 1003 309 -140 -17 1
> 16603 187 755 -457 151 0
> 13419 2157 19 91 135 3
! 6787 2095 200 sims=331100 RUNNER
! 6348 9228 200 sims=331100 BLOCKER
> 12690 2912 -140 157 -60 0
> 15771 863 262 -119 -35 1
> 17162 -232 474 -356 169 0
> 13451 2250 340 -203 135 3
! 87004 -64001 200
! 75952 -79000 0
> 12690 2912 -140 157 -60 0
> 15771 863 262 -119 -35 1
> 17162 -232 474 -356 169 0
> 13451 2250 340 -203 135 3
! 7237 -1451 200 sims=340550 RUNNER
! 6380 9321 200 sims=340550 BLOCKER
> 12699 2935 7 19 -42 0
> 16033 744 222 -101 -53 1
> 17437 -612 234 -323 187 0
> 13650 2188 168 -52 135 3
! 87013 -63978 200
! 48589 -93807 0
> 12699 2935 7 19 -42 0
> 16033 744 222 -101 -53 1
> 17437 -612 234 -323 187 0
> 13650 2188 168 -52 135 3
! 7512 -1831 200 sims=350693 RUNNER
! 9110 11098 200 sims=350693 BLOCKER
> 12855 2820 132 -97 -42 0
> 16255 643 188 -85 -71 1
> 17472 -959 30 -295 -173 0
> 13727 2314 65 107 117 3
! 104209 -37853 0
! 18000 -99341 200
> 12855 2820 132 -97 -42 0
> 16255 643 188 -85 -71 1
> 17472 -959 30 -295 -173 0
> 13727 2314 65 107 117 3
! 7656 949 200 sims=343651 RUNNER
! 6656 9385 200 sims=343651 BLOCKER
> 12872 2768 -141 17 -24 0
> 16446 358 162 -242 -89 1
> 17306 -1216 -141 -218 -191 0
> 13766 2517 188 110 135 3
! 87186 -64145 200
! -12791 -95272 200
> 12872 2768 -141 17 -24 0
> 16446 358 162 -242 -89 1
> 17306 -1216 -141 -218 -191 0
> 13766 2517 188 110 135 3
! 7381 -2435 200 sims=336028 RUNNER
! 4856 7057 200 sims=336028 BLOCKER
> 12880 2651 6 -99 -42 0
> 16550 -75 87 -368 -107 1
> 16966 -1458 -288 -206 -173 0
> 13776 2718 8 170 153 3
! 62879 -83951 200
! -40807 -81990 200
> 12880 2651 6 -99 -42 0
> 16550 -75 87 -368 -107 1
> 16966 -1458 -288 -206 -173 0
> 13776 2718 8 170 153 3
! 7041 -2677 200 sims=371868 RUNNER
! 6705 9789 200 sims=371868 BLOCKER
> 12986 2379 90 -231 -60 1
> 16522 -607 -23 -452 -125 1
> 16479 -1688 -413 -195 -173 0
> 13643 3029 -113 264 135 3
! 33777 -95435 0
! -63341 -60788 200
> 12986 2379 90 -231 -60 1
> 16522 -607 -23 -452 -125 1
> 16479 -1688 -413 -195 -173 0
> 13643 3029 -113 264 135 3
! 6554 -2907 200 sims=392049 RUNNER
! 9103 11939 0 sims=392049 BLOCKER
> 13076 2148 76 -196 -78 1
> 16339 -1179 -155 -486 -143 1
> 15867 -1907 -519 -186 -173 0
> 13530 3293 -96 224 117 3
! 2623 -97304 0
! -78212 -33735 200
> 13076 2148 76 -196 -78 1
> 16339 -1179 -155 -486 -143 1
> 15867 -1907 -519 -186 -173 0
> 13530 3293 -96 224 117 3
! 6051 1 200 sims=406084 RUNNER
! 11966 13170 200 sims=406084 BLOCKER
> 13152 1952 64 -166 -96 1
> 15995 -1730 -292 -468 -161 1
> 15152 -2055 -608 -125 -191 0
> 13403 3715 -108 358 99 3
! -27521 -89402 0
! -83989 -3475 0
> 13152 1952 64 -166 -96 1
> 15995 -1730 -292 -468 -161 1
> 15152 -2055 -608 -125 -191 0
> 13403 3715 -108 358 99 3
! 6406 2793 0 sims=405041 RUNNER
! 14967 13592 0 sims=405041 BLOCKER
> 13216 1786 54 -141 -114 1
> 15703 -2198 -248 -397 -179 1
> 14544 -2180 -516 -106 -209 0
> 13295 4073 -91 304 81 3
! -53697 -72528 0
! -79927 27039 0
> 13216 1786 54 -141 -114 1
> 15703 -2198 -248 -397 -179 1
> 14544 -2180 -516 -106 -209 0
> 13295 4073 -91 304 81 3
! 7724 5134 0 sims=389998 RUNNER
! 11731 13950 0 sims=389998 BLOCKER
> 13270 1645 45 -119 -132 1
> 15455 -2595 -210 -337 -197 1
> 14028 -2286 -438 -90 -227 0
> 13204 4377 -77 258 99 3
! -53643 -72669 0
! -66460 54762 200
> 13270 1645 45 -119 -132 1
> 15455 -2595 -210 -337 -197 1
> 14028 -2286 -438 -90 -227 0
> 13204 4377 -77 258 99 3
! 9802 6777 200 sims=370636 RUNNER
! 14768 14254 0 sims=370636 BLOCKER
> 13315 1526 38 -101 -132 1
> 15081 -2817 -317 -188 145 1
> 13505 -2195 -444 77 -245 0
> 13127 4635 -65 219 81 3
! -73287 -48473 0
! -45100 77046 200
> 13315 1526 38 -101 -132 1
> 15081 -2817 -317 -188 145 1
> 13505 -2195 -444 77 -245 0
> 13127 4635 -65 219 81 3
! 12286 7730 200 sims=392056 RUNNER
! 11563 14512 0 sims=392056 BLOCKER
> 13353 1425 32 -85 -150 1
> 14644 -2845 -371 -24 127 1
> 13037 -1919 -398 234 97 0
> 13062 4854 -55 186 99 3
! -84461 -19366 0
! -17912 91706 200
> 13353 1425 32 -85 -150 1
> 14644 -2845 -371 -24 127 1
> 13037 -1919 -398 234 97 0
> 13062 4854 -55 186 99 3
! 14945 7897 200 sims=402850 RUNNER
! 14626 14731 0 sims=402850 BLOCKER
> 13385 1340 27 -72 -168 1
> 14208 -2680 -370 140 109 1
> 12677 -1489 -305 365 79 0
> 13007 5040 -46 158 81 3
! -86067 11792 0
! 12462 97304 200
> 13385 1340 27 -72 -168 1
> 14208 -2680 -370 140 109 1
> 12677 -1489 -305 365 79 0
> 13007 5040 -46 158 81 3
! 17525 7257 200 sims=387954 RUNNER
! 17547 13950 0 sims=387954 BLOCKER
> 13412 1268 22 -61 174 1
> 13835 -2340 -317 288 91 1
> 12469 -949 -176 458 61 0
> 12961 5198 -39 134 63 3
! -77942 41941 0
! 43072 93290 200
> 13412 1268 22 -61 174 1
> 13835 -2340 -317 288 91 1
> 12469 -949 -176 458 61 0
> 12961 5198 -39 134 63 3
! 19783 5871 200 sims=358869 RUNNER
! 14525 15075 0 sims=358869 BLOCKER
> 13434 1207 18 -51 156 1
> 13576 -1861 -219 407 73 1
> 12439 -355 -25 505 43 0
> 12922 5332 -33 113 81 3
! -86018 11659 200
! 11830 98123 200
> 13434 1207 18 -51 156 1
> 13576 -1861 -219 407 73 1
> 12439 -355 -25 505 43 0
> 12922 5332 -33 113 81 3
! 21502 3871 200 sims=362887 RUNNER
! 17462 14242 0 sims=362887 BLOCKER
> 13253 1177 -153 -25 174 1
> 13354 -1254 -189 515 91 1
> 12595 235 132 501 25 0
> 12889 5445 -28 96 63 3
! -78101 41850 0
! 11608 98730 200
> 13253 1177 -153 -25 174 1
> 13354 -1254 -189 515 91 1
> 12595 235 132 501 25 0
> 12889 5445 -28 96 63 3
! 22520 1454 200 sims=354151 RUNNER
! 14453 15322 0 sims=354151 BLOCKER
> 13300 1470 196 499 156 1
> 13162 -539 -163 607 91 1
> 12726 442 -46 -73 7 0
> 12861 5541 -23 81 81 3
! -61014 68383 200
! -19394 94012 SHIELD
> 13300 1470 196 499 156 1
> 13162 -539 -163 607 91 1
> 12726 442 -46 -73 7 0
> 12861 5541 -23 81 81 3
! 22651 1661 SHIELD sims=382641 RUNNER
! 17401 14451 0 sims=382641 BLOCKER
