@ 0 YurkovAS
@ 1 reCurse
CP 4
CP 13505 2319
CP 12964 7242
CP 5664 2575
CP 4094 7397
> 14002 2374 0 0 -1 1
> 13008 2264 0 0 -1 1
> 14996 2483 0 0 -1 1
> 12014 2155 0 0 -1 1
! 14700 12350 BOOST sims=282618 RUNNER
! 12659 12258 BOOST sims=282618 BLOCKER
> 14002 2374 0 0 -1 1
> 13008 2264 0 0 -1 1
> 14996 2483 0 0 -1 1
> 12014 2155 0 0 -1 1
! -24272 94450 200
! 30371 100455 200
> 14047 3022 38 551 86 1
> 12985 2914 -19 552 92 1
> 14917 2667 -66 156 113 1
> 12051 2352 31 167 79 1
! 11628 12725 200 sims=337946 RUNNER
! 15741 12527 0 sims=337946 BLOCKER
> 14047 3022 38 551 86 1
> 12985 2914 -19 552 92 1
> 14917 2667 -66 156 113 1
> 12051 2352 31 167 79 1
! -24156 94717 200
! 31131 100514 0
> 14037 3767 -8 633 104 1
> 12966 3466 -16 469 74 1
> 14773 3007 -122 289 113 1
> 12082 2519 26 141 79 1
! 8738 12247 200 sims=326172 RUNNER
! 18558 11756 0 sims=326172 BLOCKER
> 14037 3767 -8 633 104 1
> 12966 3466 -16 469 74 1
> 14773 3007 -122 289 113 1
> 12082 2519 26 141 79 1
! -50832 78477 200
! -104 101773 200
> 13923 4570 -96 682 122 1
> 12950 3935 -13 398 56 1
> 14520 3447 -215 373 131 1
> 12084 2859 1 288 97 1
! 6263 10998 200 sims=305662 RUNNER
! 20830 10092 0 sims=305662 BLOCKER
> 13923 4570 -96 682 122 1
> 12950 3935 -13 398 56 1
> 14520 3447 -215 373 131 1
> 12084 2859 1 288 97 1
! -71196 54950 200
! -30177 93489 0
> 13674 5381 -211 688 140 1
> 12937 4333 -11 338 38 1
> 14134 3923 -328 404 149 1
> 12085 3147 0 244 115 1
! 4402 9127 200 sims=342720 RUNNER
! 22334 7753 200 sims=342720 BLOCKER
> 13674 5381 -211 688 140 1
> 12937 4333 -11 338 38 1
> 14134 3923 -328 404 149 1
> 12085 3147 0 244 115 1
! -71582 55426 200
! -30176 93777 0
> 13278 6144 -336 648 158 1
> 12935 4823 -353 581 20 1
> 13813 4346 79 194 149 1
> 12085 3391 0 207 115 1
! 3302 6842 200 sims=349328 RUNNER
! 22929 5172 200 sims=349328 BLOCKER
> 13278 6144 -336 648 158 1
> 12935 4823 -353 581 20 1
> 13813 4346 79 194 149 1
> 12085 3391 0 207 115 1
! -51792 79817 200
! -56114 76526 0
> 12742 6806 -455 562 176 2
> 12782 5411 -130 499 2 1
> 13761 4691 -44 293 131 1
> 12085 3598 0 175 133 1
! 3039 4387 200 sims=354186 RUNNER
! 22395 2655 200 sims=354186 BLOCKER
> 12742 6806 -455 562 176 2
> 12782 5411 -130 499 2 1
> 13761 4691 -44 293 131 1
> 12085 3598 0 175 133 1
! -71955 56194 200
! -75376 52079 0
> 12093 7320 -551 436 194 2
> 12844 5855 52 377 -16 1
> 13546 5087 -183 336 149 1
> 12085 3773 0 148 151 1
! 3613 2021 200 sims=330106 RUNNER
! 21134 263 200 sims=330106 BLOCKER
> 12093 7320 -551 436 194 2
> 12844 5855 52 377 -16 1
> 13546 5087 -183 336 149 1
> 12085 3773 0 148 151 1
! -52059 80558 0
! -86077 22853 200
> 11372 7650 -612 280 212 2
> 13042 6158 87 412 -34 1
> 13383 5385 -58 98 131 1
> 11889 3959 -166 158 169 1
! 4944 -10 200 sims=356188 RUNNER
! 19199 -1722 0 sims=356188 BLOCKER
> 11372 7650 -612 280 212 2
> 13042 6158 87 412 -34 1
> 13383 5385 -58 98 131 1
> 11889 3959 -166 158 169 1
! -25690 97435 200
! -87365 -8227 200
> 10631 7777 -629 107 230 2
> 13129 6570 73 350 -52 1
> 13247 5667 -115 239 113 1
> 11524 4093 -309 113 -173 1
! 6885 -1495 200 sims=339080 RUNNER
! 16549 -2827 200 sims=339080 BLOCKER
> 10631 7777 -629 107 230 2
> 13129 6570 73 350 -52 1
> 13247 5667 -115 239 113 1
> 11524 4093 -309 113 -173 1
! 4531 105286 200
! -87730 -8093 200
> 9927 7699 -598 -66 248 2
> 13267 6908 115 376 -70 2
> 13118 5929 -107 133 95 1
> 11016 4182 -431 75 -173 1
! 6181 -1573 200 sims=333207 RUNNER
! 13616 -3086 200 sims=333207 BLOCKER
> 9927 7699 -598 -66 248 2
> 13267 6908 115 376 -70 2
> 13118 5929 -107 133 95 1
> 11016 4182 -431 75 -173 1
! 4402 105548 200
! -87146 23262 200
> 9254 7448 -571 -213 -112 2
> 13389 7084 103 149 -88 2
> 12994 6261 -105 282 95 1
> 10389 4295 -533 96 169 1
! 2826 -212 200 sims=339829 RUNNER
! 10633 -2529 200 sims=339829 BLOCKER
> 9254 7448 -571 -213 -112 2
> 13389 7084 103 149 -88 2
> 12994 6261 -105 282 95 1
> 10389 4295 -533 96 169 1
! -26079 98311 SHIELD
! -77072 52776 200
> 8554 7082 -594 -311 -130 2
> 13516 7146 196 170 -106 2
> 12881 6532 -104 219 113 1
> 9681 4488 -601 164 151 1
! 74 1783 200 sims=380051 RUNNER
! 7924 -1144 200 sims=380051 BLOCKER
> 8554 7082 -594 -311 -130 2
> 13516 7146 196 170 -106 2
> 12881 6532 -104 219 113 1
> 9681 4488 -601 164 151 1
! -52724 82002 0
! -88481 23568 200
> 7790 6665 -649 -354 -148 2
> 13600 7150 71 3 -124 2
> 12777 6751 -88 186 131 2
> 8884 4690 -677 171 169 1
! -690 1366 200 sims=395479 RUNNER
! 8008 -1140 200 sims=395479 BLOCKER
> 7790 6665 -649 -354 -148 2
> 13600 7150 71 3 -124 2
> 12777 6751 -88 186 131 2
> 8884 4690 -677 171 169 1
! -72939 58254 0
! -89278 23770 200
> 6971 6205 -695 -390 -148 2
> 13559 6987 -34 -138 -124 2
> 12689 6937 -74 158 149 2
> 8011 4899 -742 177 169 1
! -1509 906 200 sims=403417 RUNNER
! 5679 830 200 sims=403417 BLOCKER
> 6971 6205 -695 -390 -148 2
> 13559 6987 -34 -138 -124 2
> 12689 6937 -74 158 149 2
> 8011 4899 -742 177 169 1
! -84747 29432 0
! -91243 -7287 200
> 6106 5709 -734 -421 -148 2
> 13367 6726 -162 -221 -142 2
> 12615 7095 -62 134 167 2
> 7070 5052 -799 129 -173 1
! -322 -1951 200 sims=407323 RUNNER
! 3970 3306 200 sims=407323 BLOCKER
> 6106 5709 -734 -421 -148 2
> 13367 6726 -162 -221 -142 2
> 12615 7095 -62 134 167 2
> 7070 5052 -799 129 -173 1
! -87004 -1620 200
! -83560 -37209 200
> 5243 5135 -733 -488 -130 2
> 13017 6437 -297 -245 -160 2
> 12354 7212 -222 99 -175 2
> 6090 5096 -833 37 -155 1
! 1497 -4137 200 sims=399994 RUNNER
! 3620 3017 200 sims=399994 BLOCKER
> 5243 5135 -733 -488 -130 2
> 13017 6437 -297 -245 -160 2
> 12354 7212 -222 99 -175 2
> 6090 5096 -833 37 -155 1
! -79696 -31861 200
! -67045 -63103 200
> 4435 4462 -686 -572 -112 2
> 12532 6124 -412 -266 -160 2
> 11948 7233 -345 17 -157 2
> 5111 4997 -832 -84 -137 1
! 3737 -5514 0 sims=405972 RUNNER
! 3135 2704 200 sims=405972 BLOCKER
> 4435 4462 -686 -572 -112 2
> 12532 6124 -412 -266 -160 2
> 11948 7233 -345 17 -157 2
> 5111 4997 -832 -84 -137 1
! -63523 -58372 200
! -43370 -82464 0
> 3749 3890 -583 -486 -94 2
> 11932 5790 -509 -284 -160 2
> 11452 7119 -421 -97 -139 2
> 4279 4913 -707 -71 -119 1
! 6168 -5813 0 sims=395752 RUNNER
! 2535 2370 200 sims=395752 BLOCKER
> 3749 3890 -583 -486 -94 2
> 11932 5790 -509 -284 -160 2
> 11452 7119 -421 -97 -139 2
> 4279 4913 -707 -71 -119 1
! -40051 -78597 200
! -14801 -93249 0
> 3166 3404 -495 -413 -76 2
> 11235 5438 -592 -299 -160 2
> 10928 6851 -445 -228 -121 2
> 3572 4842 -600 -60 -101 1
! 8465 -5076 0 sims=384279 RUNNER
! 1241 5089 0 sims=384279 BLOCKER
> 3166 3404 -495 -413 -76 2
> 11235 5438 -592 -299 -160 2
> 10928 6851 -445 -228 -121 2
> 3572 4842 -600 -60 -101 1
! -40575 -78865 200
! 15758 -94412 200
> 2671 2991 -420 -351 -58 2
> 10643 5139 -503 -254 -178 2
> 10380 6452 -465 -339 -121 2
> 2996 4583 -489 -219 -83 1
! 10331 -3437 200 sims=368060 RUNNER
! 1030 7895 200 sims=368060 BLOCKER
> 2671 2991 -420 -351 -58 2
> 10643 5139 -503 -254 -178 2
> 10380 6452 -465 -339 -121 2
> 2996 4583 -489 -219 -83 1
! -12115 -90984 0
! 45257 -86047 200
> 2404 2511 -226 -407 -40 2
> 9948 4940 -590 -169 164 2
> 9915 6113 -395 -288 -103 2
> 2592 4183 -343 -340 -65 1
! 11676 -1235 200 sims=363783 RUNNER
! 1658 10532 0 sims=363783 BLOCKER
> 2404 2511 -226 -407 -40 2
> 9948 4940 -590 -169 164 2
> 9915 6113 -395 -288 -103 2
> 2592 4183 -343 -340 -65 1
! -41588 -79603 0
! 70791 -68952 200
> 2363 2029 -34 -409 -22 2
> 9358 4771 -501 -143 146 2
> 9520 5825 -335 -244 -121 2
> 2385 3697 -175 -413 -47 1
! 12339 1331 200 sims=358449 RUNNER
! 3201 12651 0 sims=358449 BLOCKER
> 2363 2029 -34 -409 -22 2
> 9358 4771 -501 -143 146 2
> 9520 5825 -335 -244 -121 2
> 2385 3697 -175 -413 -47 1
! -41983 -79891 0
! 89846 -44784 200
> 2529 1606 140 -359 -4 2
> 8857 4628 -425 -121 128 2
> 9185 5581 -284 -207 -121 2
> 2385 3187 0 -433 -29 1
! 12232 4025 200 sims=334110 RUNNER
! 5437 14025 0 sims=334110 BLOCKER
> 2529 1606 140 -359 -4 2
> 8857 4628 -425 -121 128 2
> 9185 5581 -284 -207 -121 2
> 2385 3187 0 -433 -29 1
! -42318 -80135 0
! 89846 -45294 200
> 2863 1295 283 -264 14 2
> 8432 4507 -361 -102 110 2
> 8901 5374 -241 -175 -121 2
> 2560 2657 148 -450 -29 1
! 11343 6594 200 sims=333109 RUNNER
! 8083 14501 0 sims=333109 BLOCKER
> 2863 1295 283 -264 14 2
> 8432 4507 -361 -102 110 2
> 8901 5374 -241 -175 -121 2
> 2560 2657 148 -450 -29 1
! -13594 -92062 0
! 100722 -16424 200
> 3316 1137 384 -134 32 2
> 8071 4405 -306 -86 92 2
> 8660 5199 -204 -148 -103 2
> 2904 2169 292 -414 -11 1
! 9744 8797 200 sims=334075 RUNNER
! 10827 14018 0 sims=334075 BLOCKER
> 3316 1137 384 -134 32 2
> 8071 4405 -306 -86 92 2
> 8660 5199 -204 -148 -103 2
> 2904 2169 292 -414 -11 1
! 17375 -94420 200
! 102158 14355 200
> 3851 1122 588 -221 50 2
> 7765 4319 -260 -73 74 2
> 8473 4852 -158 -295 -85 2
> 3372 1814 264 -93 7 1
! 7597 10394 200 sims=349552 RUNNER
! 13357 12609 0 sims=349552 BLOCKER
> 3851 1122 588 -221 50 2
> 7765 4319 -260 -73 74 2
> 8473 4852 -158 -295 -85 2
> 3372 1814 264 -93 7 1
! -14022 -92584 0
! 102626 14000 200
> 4514 1086 563 -30 68 2
> 7505 4246 -221 -62 56 2
> 8315 4557 -134 -250 -103 2
> 3835 1745 393 -58 7 1
! 5212 11062 200 sims=344442 RUNNER
! 15385 10403 0 sims=344442 BLOCKER
> 4514 1086 563 -30 68 2
> 7505 4246 -221 -62 56 2
> 8315 4557 -134 -250 -103 2
> 3835 1745 393 -58 7 1
! -43188 -81159 0
! 103089 13931 200
> 5091 1256 490 144 86 2
> 7284 4184 -187 -52 38 2
> 8181 4307 -113 -212 -121 2
> 4427 1711 502 -28 7 1
! 5789 11232 200 sims=324590 RUNNER
! 16681 7604 0 sims=324590 BLOCKER
> 5091 1256 490 144 86 2
> 7284 4184 -187 -52 38 2
> 8181 4307 -113 -212 -121 2
> 4427 1711 502 -28 7 1
! -67290 -61298 200
! 102589 -17369 200
> 5914 1382 703 105 86 2
> 7097 4132 -158 -44 20 2
> 7917 3964 -224 -291 -139 2
> 4806 1862 318 130 -11 1
! 3495 11085 200 sims=332458 RUNNER
! 17091 4481 200 sims=332458 BLOCKER
> 5914 1382 703 105 86 2
> 7097 4132 -158 -44 20 2
> 7917 3964 -224 -291 -139 2
> 4806 1862 318 130 -11 1
! -84133 -35109 0
! 102968 -17219 200
> 6569 1681 556 254 104 2
> 6971 4142 -139 17 2 2
> 7861 3626 -15 -296 -157 2
> 5320 1954 437 78 -11 1
! 7267 11657 200 sims=346017 RUNNER
! 16584 1386 0 sims=346017 BLOCKER
> 6569 1681 556 254 104 2
> 6971 4142 -139 17 2 2
> 7861 3626 -15 -296 -157 2
> 5320 1954 437 78 -11 1
! -91758 -5089 BOOST
! 104574 14140 200
> 7139 2135 484 385 86 2
> 6832 4159 -118 14 -16 2
> 7198 3273 -563 -299 -175 2
> 5956 2056 540 87 7 1
! 4720 11838 0 sims=405209 RUNNER
! 16826 4508 0 sims=405209 BLOCKER
> 7139 2135 484 385 86 2
> 6832 4159 -118 14 -16 2
> 7198 3273 -563 -299 -175 2
> 5956 2056 540 87 7 1
! -90238 25768 200
! 96586 44317 200
> 7623 2520 411 327 104 2
> 6714 4173 -100 11 2 2
> 6440 3019 -644 -215 -193 2
> 6677 2228 613 145 25 1
! 2324 11000 200 sims=401835 RUNNER
! 16111 7593 0 sims=401835 BLOCKER
> 7623 2520 411 327 104 2
> 6714 4173 -100 11 2 2
> 6440 3019 -644 -215 -193 2
> 6677 2228 613 145 25 1
! -79276 54522 0
! 79812 70427 200
> 8027 3077 459 544 122 2
> 6614 4184 -85 9 20 2
> 5796 2804 -547 -182 149 3
> 7337 2449 445 117 43 1
! 367 9505 0 sims=413861 RUNNER
! 14494 10341 0 sims=413861 BLOCKER
> 8027 3077 459 544 122 2
> 6614 4184 -85 9 20 2
> 5796 2804 -547 -182 149 3
> 7337 2449 445 117 43 1
! -59809 78275 200
! 55817 89910 200
> 8486 3621 390 462 140 2
> 6529 4193 -72 7 38 2
> 5118 2773 -576 -26 131 3
> 7879 2741 460 248 61 1
! -786 7367 200 sims=413721 BLOCKER
! 15926 7613 0 sims=413721 RUNNER
> 8486 3621 390 462 140 2
> 6529 4193 -72 7 38 2
> 5118 2773 -576 -26 131 3
> 7879 2741 460 248 61 1
! -33955 94823 200
! 56359 90202 200
> 8691 4158 173 456 158 2
> 6457 4200 -61 5 20 2
> 4464 2931 -556 134 113 3
> 8436 3164 473 359 61 1
! -1285 4856 200 sims=412608 BLOCKER
! 14337 10357 200 sims=412608 RUNNER
> 8691 4158 173 456 158 2
> 6457 4200 -61 5 20 2
> 4464 2931 -556 134 113 3
> 8436 3164 473 359 61 1
! -4251 102550 200
! 27516 101326 0
> 8664 4628 -22 399 176 2
> 6554 4328 82 108 38 2
> 3891 3264 -487 283 95 3
> 8909 3523 402 305 79 1
! -1039 2209 0 sims=386701 BLOCKER
! 15951 7748 0 sims=386701 RUNNER
> 8664 4628 -22 399 176 2
> 6554 4328 82 108 38 2
> 3891 3264 -487 283 95 3
> 8909 3523 402 305 79 1
! 26386 100701 200
! -3277 102777 0
> 8642 5027 -18 339 194 2
> 6636 4436 69 91 20 2
> 3449 3742 -375 406 77 3
> 9311 3828 341 259 97 1
! 162 -272 200 sims=383754 BLOCKER
! 16630 4785 0 sims=383754 RUNNER
> 8642 5027 -18 339 194 2
> 6636 4436 69 91 20 2
> 3449 3742 -375 406 77 3
> 9311 3828 341 259 97 1
! 54952 89458 200
! -32950 94458 0
> 8454 5260 -159 198 212 2
> 6705 4527 58 77 2 2
> 3177 4319 -231 490 59 3
> 9652 4087 289 220 115 1
! 2026 -2400 200 sims=383271 BLOCKER
! 16318 1771 0 sims=383271 RUNNER
> 8454 5260 -159 198 212 2
> 6705 4527 58 77 2 2
> 3177 4319 -231 490 59 3
> 9652 4087 289 220 115 1
! 78647 69924 200
! -58547 77222 0
> 8166 5305 -244 38 230 2
> 6763 4604 49 65 -16 2
> 3097 4940 -68 528 41 3
> 9941 4307 245 187 133 1
! 4420 -3967 0 sims=379617 BLOCKER
! 15053 -988 0 sims=379617 RUNNER
> 8166 5305 -244 38 230 2
> 6763 4604 49 65 -16 2
> 3097 4940 -68 528 41 3
> 9941 4307 245 187 133 1
! 78567 70545 200
! -77520 52788 200
> 7922 5343 -207 32 248 2
> 6812 4669 41 55 -34 2
> 3180 5599 70 560 41 3
> 10011 4591 59 241 151 1
! 7224 -4633 200 sims=380772 BLOCKER
! 12969 -3211 0 sims=380772 RUNNER
> 7922 5343 -207 32 248 2
> 6812 4669 41 55 -34 2
> 3180 5599 70 560 41 3
> 10011 4591 59 241 151 1
! 95230 44672 200
! -77450 53072 200
> 7701 5175 -187 -142 -94 2
> 6853 4724 34 46 -52 2
> 3434 6237 215 542 23 3
> 9895 4929 -98 287 151 1
! 3955 -4097 0 sims=384496 RUNNER
! 13010 -3156 200 sims=384496 BLOCKER
> 7701 5175 -187 -142 -94 2
> 6853 4724 34 46 -52 2
> 3434 6237 215 542 23 3
> 9895 4929 -98 287 151 1
! 95484 45310 200
! -88267 24009 0
> 7638 5114 58 20 -112 2
> 6886 4532 -84 -236 -52 2
> 3833 6857 339 527 23 0
> 9797 5216 -83 243 169 1
! 1210 -2546 200 sims=403333 RUNNER
! 15176 -1060 200 sims=403333 BLOCKER
> 7638 5114 58 20 -112 2
> 6886 4532 -84 -236 -52 2
> 3833 6857 339 527 23 0
> 9797 5216 -83 243 169 1
! 103452 15572 200
! -89457 -6970 0
> 7567 4981 -59 -113 -130 2
> 6968 4184 69 -295 -34 2
> 4371 7401 457 462 5 0
> 9714 5459 -70 206 -173 1
! 1139 -2679 200 sims=307188 RUNNER
! 16581 1428 200 sims=307188 BLOCKER
> 7567 4981 -59 -113 -130 2
> 6968 4184 69 -295 -34 2
> 4371 7401 457 462 5 0
> 9714 5459 -70 206 -173 1
! 101808 -15094 200
! -80916 -36802 200
> 7379 4715 -159 -226 -130 2
> 7229 3834 222 -297 -16 2
> 5023 7818 554 354 -13 0
> 9463 5580 -213 103 -155 1
! 951 -2945 200 sims=399322 RUNNER
! 17223 4183 200 sims=399322 BLOCKER
> 7379 4715 -159 -226 -130 2
> 7229 3834 222 -297 -16 2
> 5023 7818 554 354 -13 0
> 9463 5580 -213 103 -155 1
! 90739 -43685 200
! -63672 -62619 200
> 7091 4336 -244 -322 -130 2
> 7651 3544 358 -246 2 2
> 5748 8069 616 213 -31 0
> 9104 5547 -305 -28 -137 1
! -1389 -963 0 sims=397124 RUNNER
! 17645 3893 200 sims=397124 BLOCKER
> 7091 4336 -244 -322 -130 2
> 7651 3544 358 -246 2 2
> 5748 8069 616 213 -31 0
> 9104 5547 -305 -28 -137 1
! 71353 -67402 200
! -39377 -81914 0
> 6847 4014 -207 -273 -148 2
> 8209 3305 474 -203 2 2
> 6495 8131 635 52 -49 0
> 8799 5519 -259 -23 -119 1
! -2856 1595 0 sims=378588 RUNNER
! 18203 3654 200 sims=378588 BLOCKER
> 6847 4014 -207 -273 -148 2
> 8209 3305 474 -203 2 2
> 6495 8131 635 52 -49 0
> 8799 5519 -259 -23 -119 1
! 45568 -83919 200
! -64336 -62680 0
> 6640 3741 -175 -232 -166 2
> 8883 3109 572 -166 2 2
> 7208 7999 606 -112 -67 0
> 8540 5496 -220 -19 -137 1
! -3336 4439 0 sims=400848 RUNNER
! 18496 353 0 sims=400848 BLOCKER
> 6640 3741 -175 -232 -166 2
> 8883 3109 572 -166 2 2
> 7208 7999 606 -112 -67 0
> 8540 5496 -220 -19 -137 1
! 15923 -91620 200
! -82090 -36765 0
> 6465 3509 -148 -197 -184 2
> 9455 2943 486 -141 -16 2
> 7831 7688 529 -264 -85 0
> 8320 5477 -187 -16 -155 1
! -3511 4207 200 sims=397502 RUNNER
! 19449 3292 0 sims=397502 BLOCKER
> 6465 3509 -148 -197 -184 2
> 9455 2943 486 -141 -16 2
> 7831 7688 529 -264 -85 0
> 8320 5477 -187 -16 -155 1
! 46904 -84362 200
! -82310 -36784 0
> 6117 3326 -295 -155 176 2
> 9941 2802 413 -119 2 2
> 8438 7240 516 -380 -67 0
> 8133 5461 -158 -13 -155 1
! -3155 7072 0 sims=355957 RUNNER
! 19338 6222 0 sims=355957 BLOCKER
> 6117 3326 -295 -155 176 2
> 9941 2802 413 -119 2 2
> 8438 7240 516 -380 -67 0
> 8133 5461 -158 -13 -155 1
! 74043 -68231 200
! -91121 -6725 200
> 5822 3171 -250 -131 158 2
> 10354 2683 351 -101 20 2
> 9085 6709 550 -451 -49 0
> 7776 5424 -303 -31 -173 1
! -1838 9599 200 sims=381906 RUNNER
! 18234 8840 0 sims=381906 BLOCKER
> 5822 3171 -250 -131 158 2
> 10354 2683 351 -101 20 2
> 9085 6709 550 -451 -49 0
> 7776 5424 -303 -31 -173 1
! 48158 -85341 200
! -90386 24504 0
> 5419 3169 -342 -2 140 3
> 10705 2582 298 -85 38 2
> 9713 6074 533 -539 -67 0
> 7473 5393 -257 -26 169 1
! 120 11649 200 sims=355460 RUNNER
! 16297 10872 0 sims=355460 BLOCKER
> 5419 3169 -342 -2 140 3
> 10705 2582 298 -85 38 2
> 9713 6074 533 -539 -67 0
> 7473 5393 -257 -26 169 1
! 18428 -93545 200
! -90689 24473 200
> 4971 3337 -380 142 122 3
> 11003 2497 253 -72 56 2
> 10263 5336 467 -627 -85 0
> 7020 5405 -385 10 169 1
! 2552 13040 200 sims=375417 RUNNER
! 13759 12110 200 sims=375417 BLOCKER
> 4971 3337 -380 142 122 3
> 11003 2497 253 -72 56 2
> 10263 5336 467 -627 -85 0
> 7020 5405 -385 10 169 1
! 49336 -86714 200
! -91142 24485 200
> 4543 3673 -364 285 104 3
> 11311 2617 261 102 74 2
> 10808 4525 463 -689 -67 0
> 6439 5453 -494 40 169 1
! 5241 13649 0 sims=368018 RUNNER
! 16903 10907 200 sims=368018 BLOCKER
> 4543 3673 -364 285 104 3
> 11311 2617 261 102 74 2
> 10808 4525 463 -689 -67 0
> 6439 5453 -494 40 169 1
! 49880 -87525 200
! -92815 -6733 200
> 4179 3958 -309 242 86 3
> 11684 2885 316 227 56 2
> 11349 3652 459 -742 -67 0
> 5746 5469 -588 13 -173 1
! 7925 13230 0 sims=398825 RUNNER
! 17276 11175 SHIELD sims=398825 BLOCKER
> 4179 3958 -309 242 86 3
> 11684 2885 316 227 56 2
> 11349 3652 459 -742 -67 0
> 5746 5469 -588 13 -173 1
! 76954 -71819 SHIELD
! -84884 -36792 0
> 3870 4200 -262 205 68 3
> 12373 2287 598 -536 56 2
> 11435 3735 60 98 -49 0
> 5158 5482 -499 11 -155 1
! 10298 11860 0 sims=375914 RUNNER
! 15129 11900 0 sims=375914 BLOCKER
> 3870 4200 -262 205 68 3
> 12373 2287 598 -536 56 2
> 11435 3735 60 98 -49 0
> 5158 5482 -499 11 -155 1
! 50508 -88315 0
! -85472 -36779 0
> 3608 4405 -222 174 50 3
> 12971 1751 508 -455 74 2
> 11495 3833 51 83 -67 0
> 4659 5493 -424 9 -155 1
! 12088 9704 0 sims=343882 RUNNER
! 12622 11745 0 sims=343882 BLOCKER
> 3608 4405 -222 174 50 3
> 12971 1751 508 -455 74 2
> 11495 3833 51 83 -67 0
> 4659 5493 -424 9 -155 1
! 77100 -71638 0
! -68476 -62706 0
> 3386 4579 -188 147 32 3
> 13479 1296 431 -386 92 2
> 11546 3916 43 70 -49 0
> 4235 5502 -360 7 -137 1
! 9814 12239 0 sims=353269 RUNNER
! 13130 11290 0 sims=353269 BLOCKER
> 3386 4579 -188 147 32 3
> 13479 1296 431 -386 92 2
> 11546 3916 43 70 -49 0
> 4235 5502 -360 7 -137 1
! 50619 -88134 200
! -44246 -81959 0
> 3198 4726 -159 124 50 3
> 13910 910 366 -328 92 2
> 11589 3986 36 59 -67 0
> 3875 5509 -306 5 -119 1
! 6944 13998 200 sims=354214 RUNNER
! 13561 10904 200 sims=354214 BLOCKER
> 3198 4726 -159 124 50 3
> 13910 910 366 -328 92 2
> 11589 3986 36 59 -67 0
> 3875 5509 -306 5 -119 1
! 77194 -71485 200
! -69260 -62690 0
> 3020 4932 -285 27 68 3
> 14269 782 305 -108 92 2
> 11756 3894 142 -78 -49 0
> 3663 5617 -46 239 -137 1
! 9448 12592 0 sims=350231 RUNNER
! 13920 10776 200 sims=350231 BLOCKER
> 3020 4932 -285 27 68 3
> 14269 782 305 -108 92 2
> 11756 3894 142 -78 -49 0
> 3663 5617 -46 239 -137 1
! 77361 -71577 200
! -86967 -36644 0
> 2735 4959 -242 22 50 3
> 14567 874 253 78 92 2
> 12029 3665 232 -194 -49 0
> 3617 5856 -39 203 -155 1
! 11215 10258 200 sims=366170 RUNNER
! 14218 10868 200 sims=366170 BLOCKER
> 2735 4959 -242 22 50 3
> 14567 874 253 78 92 2
> 12029 3665 232 -194 -49 0
> 3617 5856 -39 203 -155 1
! 97745 -47838 200
! -69518 -62343 0
> 2663 5087 -61 108 32 3
> 14813 1152 209 236 92 2
> 12432 3368 342 -252 -31 0
> 3578 6059 -33 172 -137 1
! 9091 12747 200 sims=371616 RUNNER
! 14464 11146 200 sims=371616 BLOCKER
> 2663 5087 -61 108 32 3
> 14813 1152 209 236 92 2
> 12432 3368 342 -252 -31 0
> 3578 6059 -33 172 -137 1
! 109868 -19127 200
! -44903 -81402 0
> 2731 5348 57 222 50 3
> 15015 1588 171 370 92 2
> 12969 3071 456 -252 -13 0
> 3545 6231 -28 146 -119 1
! 9159 13008 200 sims=305144 RUNNER
! 14666 11582 200 sims=305144 BLOCKER
> 2731 5348 57 222 50 3
> 15015 1588 171 370 92 2
> 12969 3071 456 -252 -13 0
> 3545 6231 -28 146 -119 1
! 112588 11786 200
! -69590 -61968 200
> 2842 5640 -132 -6 50 3
> 15179 2158 139 484 92 2
> 13624 2836 556 -199 5 1
> 3445 6324 141 333 -137 1
! 11322 10939 200 sims=380653 RUNNER
! 14830 12152 200 sims=380653 BLOCKER
> 2842 5640 -132 -6 50 3
> 15179 2158 139 484 92 2
> 13624 2836 556 -199 5 1
> 3445 6324 141 333 -137 1
! 105674 41909 200
! -45036 -81137 200
> 2880 5740 31 84 32 3
> 15311 2842 112 581 92 2
> 14364 2715 629 -102 23 1
> 3489 6482 37 134 -119 1
! 9308 13400 200 sims=378147 RUNNER
! 14962 12836 200 sims=378147 BLOCKER
> 2880 5740 31 84 32 3
> 15311 2842 112 581 92 2
> 14364 2715 629 -102 23 1
> 3489 6482 37 134 -119 1
! 89834 68320 200
! -44992 -80979 200
> 2916 5827 -56 -30 50 3
> 15517 3688 233 756 92 2
> 15043 2680 518 -67 41 1
> 3553 6591 140 197 -119 1
! 9344 13487 200 sims=387366 RUNNER
! 12097 13085 0 sims=387366 BLOCKER
> 2916 5827 -56 -30 50 3
> 15517 3688 233 756 92 2
> 15043 2680 518 -67 41 1
> 3553 6591 140 197 -119 1
! 66546 88396 0
! -69582 -61608 200
> 2989 5950 61 104 50 3
> 15750 4444 198 642 110 2
> 15561 2613 440 -56 59 1
> 3547 6652 -5 51 -137 1
! 9417 13610 200 sims=370538 RUNNER
! 9593 12324 0 sims=370538 BLOCKER
> 2989 5950 61 104 50 3
> 15750 4444 198 642 110 2
> 15561 2613 440 -56 59 1
> 3547 6652 -5 51 -137 1
! 38056 100050 200
! -44934 -80809 200
> 2940 5908 -93 -100 50 3
> 15948 5086 168 545 128 2
> 16046 2752 412 118 77 1
> 3684 6827 167 213 -119 1
! 9368 13568 200 sims=393197 RUNNER
! 7658 10678 200 sims=393197 BLOCKER
> 2940 5908 -93 -100 50 3
> 15948 5086 168 545 128 2
> 16046 2752 412 118 77 1
> 3684 6827 167 213 -119 1
! 7330 102371 200
! -44797 -80634 200
> 2976 5961 30 45 50 3
> 15950 5743 1 558 146 2
> 16441 3069 335 269 95 1
> 3754 6865 59 32 -119 1
! 9404 13621 200 sims=376796 RUNNER
! 6337 8499 0 sims=376796 BLOCKER
> 2976 5961 30 45 50 3
> 15950 5743 1 558 146 2
> 16441 3069 335 269 95 1
> 3754 6865 59 32 -119 1
! -22632 95119 200
! -69381 -61334 200
> 3135 6159 134 168 50 3
> 15951 6301 0 474 164 2
> 16698 3522 218 385 113 1
> 3667 6761 -74 -88 -137 1
! 9563 13819 SHIELD sims=384552 RUNNER
! 5957 5952 200 sims=384552 BLOCKER
> 3135 6159 134 168 50 3
> 15951 6301 0 474 164 2
> 16698 3522 218 385 113 1
> 3667 6761 -74 -88 -137 1
! -48907 78992 200
! -69468 -61438 SHIELD
> 3053 6083 -71 -67 50 3
> 15751 6768 -169 396 182 2
> 16785 4058 73 455 131 1
> 3809 6917 122 135 -137 1
! 9481 13743 0 sims=387884 RUNNER
! 6354 3348 0 sims=387884 BLOCKER
> 3053 6083 -71 -67 50 3
> 15751 6768 -169 396 182 2
> 16785 4058 73 455 131 1
> 3809 6917 122 135 -137 1
! -68931 55561 200
! -69326 -61282 0
> 2982 6016 -60 -56 50 3
> 15582 7164 -143 336 200 2
> 16687 4616 -83 474 149 1
> 3931 7052 103 114 -137 1
! 9410 13676 0 sims=375515 RUNNER
! 7702 1007 0 sims=375515 BLOCKER
> 2982 6016 -60 -56 50 3
> 15582 7164 -143 336 200 2
> 16687 4616 -83 474 149 1
> 3931 7052 103 114 -137 1
! -80749 27111 200
! -69204 -61147 0
> 2922 5960 -51 -47 50 3
> 15439 7500 -121 285 218 2
> 16409 5135 -236 441 167 1
> 4034 7166 87 96 -137 1
! 9350 13620 0 sims=369082 RUNNER
! 9847 -790 200 sims=369082 BLOCKER
> 2922 5960 -51 -47 50 3
> 15439 7500 -121 285 218 2
> 16409 5135 -236 441 167 1
> 4034 7166 87 96 -137 1
! -69307 56638 200
! -44447 -80295 0
> 2871 5913 -43 -39 50 3
> 15206 7619 -197 101 -124 2
> 16002 5679 -346 462 149 1
> 4121 7262 73 81 -119 1
! 9299 13573 200 sims=365967 RUNNER
! 7326 1462 200 sims=365967 BLOCKER
> 2871 5913 -43 -39 50 3
> 15206 7619 -197 101 -124 2
> 16002 5679 -346 462 149 1
> 4121 7262 73 81 -119 1
! -69714 57182 200
! -69014 -60937 200
> 2957 6027 72 97 50 3
> 14851 7597 -301 -18 -142 2
> 15485 6244 -439 480 149 1
> 4048 7207 -62 -47 -137 1
! 9385 13687 200 sims=354823 RUNNER
! 9259 -693 0 sims=354823 BLOCKER
> 2957 6027 72 97 50 3
> 14851 7597 -301 -18 -142 2
> 15485 6244 -439 480 149 1
> 4048 7207 -62 -47 -137 1
! -81951 28739 200
! -69087 -60992 200
> 3158 6277 170 212 50 3
> 14550 7579 -255 -15 -124 2
> 14851 6769 -538 446 167 1
> 3840 7024 -177 -155 -137 1
! 9586 13937 SHIELD sims=378560 RUNNER
! 8958 -711 SHIELD sims=378560 BLOCKER
> 3158 6277 170 212 50 3
> 14550 7579 -255 -15 -124 2
> 14851 6769 -538 446 167 1
> 3840 7024 -177 -155 -137 1
! -70865 58272 0
! -69295 -61175 SHIELD
> 3131 6271 -143 -138 50 3
> 14267 7644 -244 64 -124 2
> 14595 6418 -184 -391 149 1
> 3860 7087 137 186 -137 1
! 11611 11570 0 sims=408996 RUNNER
! 6387 1487 0 sims=408996 BLOCKER
> 3131 6271 -143 -138 50 3
> 14267 7644 -244 64 -124 2
> 14595 6418 -184 -391 149 1
> 3860 7087 137 186 -137 1
! -51010 81889 200
! -44621 -80374 0
> 2988 6133 -121 -117 32 3
> 14023 7708 -207 54 -142 2
> 14280 6178 -267 -204 131 1
> 3997 7273 116 158 -119 1
! 9416 13793 0 sims=384496 RUNNER
! 4626 4288 0 sims=384496 BLOCKER
> 2988 6133 -121 -117 32 3
> 14023 7708 -207 54 -142 2
> 14280 6178 -267 -204 131 1
> 3997 7273 116 158 -119 1
! -24793 98228 200
! -69138 -60926 0
> 2867 6016 -102 -99 50 3
> 13816 7762 -175 45 -160 2
> 13935 6158 -293 -16 113 1
> 4113 7431 98 134 -137 1
! 9295 13676 0 sims=377048 RUNNER
! 3822 7413 0 sims=377048 BLOCKER
> 2867 6016 -102 -99 50 3
> 13816 7762 -175 45 -160 2
> 13935 6158 -293 -16 113 1
> 4113 7431 98 134 -137 1
! -25138 98208 200
! -44368 -80030 0
> 2765 5917 -86 -84 50 3
> 13641 7807 -148 38 -178 2
> 13564 6326 -315 142 113 1
> 4211 7565 83 113 -119 1
! 9193 13577 200 sims=367633 RUNNER
! 3647 7458 200 sims=367633 BLOCKER
> 2765 5917 -86 -84 50 3
> 13641 7807 -148 38 -178 2
> 13564 6326 -315 142 113 1
> 4211 7565 83 113 -119 1
! -52041 81796 200
! -68924 -60634 200
> 2808 5986 36 58 50 3
> 13293 7838 -295 26 -178 2
> 13118 6619 -379 249 131 1
> 4148 7542 -53 -19 -137 1
! 9236 13646 200 sims=357469 RUNNER
! 3896 4418 0 sims=357469 BLOCKER
> 2808 5986 36 58 50 3
> 13293 7838 -295 26 -178 2
> 13118 6619 -379 249 131 1
> 4148 7542 -53 -19 -137 1
! -72598 58122 0
! -44333 -79919 200
> 2973 6197 139 179 50 3
> 12998 7864 -250 22 -160 2
> 12739 6868 -322 211 149 2
> 3998 7348 -127 -164 -119 1
! 11453 11496 200 sims=311990 RUNNER
! 5118 1707 0 sims=311990 BLOCKER
> 2973 6197 139 179 50 3
> 12998 7864 -250 22 -160 2
> 12739 6868 -322 211 149 2
> 3998 7348 -127 -164 -119 1
! -84697 29363 0
! -69137 -60851 200
> 3231 6418 -174 -301 32 3
> 12748 7886 -212 18 -142 2
> 12417 7079 -273 179 167 2
> 3776 7111 204 288 -137 1
! 9659 14078 200 sims=368172 RUNNER
! 7156 -404 0 sims=368172 BLOCKER
> 3231 6418 -174 -301 32 3
> 12748 7886 -212 18 -142 2
> 12417 7079 -273 179 167 2
> 3776 7111 204 288 -137 1
! -87202 -1636 0
! -44705 -80350 200
> 3186 6270 -38 -125 50 3
> 12569 7967 -110 149 -124 2
> 12111 7195 -301 18 -175 2
> 3883 7224 90 96 -119 1
! 9614 13930 200 sims=383390 RUNNER
! 4689 1810 200 sims=383390 BLOCKER
> 3186 6270 -38 -125 50 3
> 12569 7967 -110 149 -124 2
> 12111 7195 -301 18 -175 2
> 3883 7224 90 96 -119 1
! -79939 -31878 200
! -44598 -80237 200
> 3277 6298 76 23 50 3
> 12301 7993 -227 21 -142 2
> 11626 7135 -412 -51 -157 2
> 3876 7145 -5 -67 -119 1
! 7023 15570 200 sims=370160 RUNNER
! 4421 1836 200 sims=370160 BLOCKER
> 3277 6298 76 23 50 3
> 12301 7993 -227 21 -142 2
> 11626 7135 -412 -51 -157 2
> 3876 7145 -5 -67 -119 1
! -63845 -58470 200
! -44605 -80316 200
> 3262 6287 -133 -170 68 3
> 11916 7891 -326 -86 -142 2
> 11063 6953 -478 -154 -139 2
> 3940 7122 175 141 -119 1
! 9690 13947 200 sims=380436 RUNNER
! 4036 1734 200 sims=380436 BLOCKER
> 3262 6287 -133 -170 68 3
> 11916 7891 -326 -86 -142 2
> 11063 6953 -478 -154 -139 2
> 3940 7122 175 141 -119 1
! -64408 -58652 200
! -69195 -61077 200
> 3258 6270 -3 -14 50 3
> 11432 7682 -411 -177 -142 2
> 10434 6668 -534 -242 -139 2
> 3969 7127 24 3 -137 1
! 9686 13930 200 sims=373345 RUNNER
! 2035 4262 200 sims=373345 BLOCKER
> 3258 6270 -3 -14 50 3
> 11432 7682 -411 -177 -142 2
> 10434 6668 -534 -242 -139 2
> 3969 7127 24 3 -137 1
! -41069 -79048 200
! -69166 -61072 200
> 3350 6367 -88 -125 50 3
> 10833 7437 -509 -208 -160 2
> 9797 6255 -541 -351 -121 2
> 3881 7036 91 130 -137 1
! 9778 14027 200 sims=349734 RUNNER
! 839 7088 200 sims=349734 BLOCKER
> 3350 6367 -88 -125 50 3
> 10833 7437 -509 -208 -160 2
> 9797 6255 -541 -351 -121 2
> 3881 7036 91 130 -137 1
! -65674 -59350 200
! -44600 -80425 200
> 3353 6348 -52 -83 50 3
> 10124 7222 -602 -182 -178 2
> 9105 5773 -588 -409 -139 2
> 3913 7038 81 69 -119 1
! 9781 14008 200 sims=341089 RUNNER
! 511 9978 200 sims=341089 BLOCKER
> 3353 6348 -52 -83 50 3
> 10124 7222 -602 -182 -178 2
> 9105 5773 -588 -409 -139 2
> 3913 7038 81 69 -119 1
! -42398 -79943 200
! -69222 -61161 200
> 3356 6325 -49 -85 50 3
> 9330 7095 -675 -107 164 2
> 8414 5193 -587 -493 -121 2
> 3922 7064 59 88 -137 1
! 9784 13985 200 sims=344582 RUNNER
! -283 9851 200 sims=344582 BLOCKER
> 3356 6325 -49 -85 50 3
> 9330 7095 -675 -107 164 2
> 8414 5193 -587 -493 -121 2
> 3922 7064 59 88 -137 1
! -67057 -60412 200
! -44559 -80397 200
> 3392 6337 -44 -88 50 3
> 8463 7043 -737 -44 164 2
> 7676 4569 -627 -530 -139 2
> 3927 7034 80 72 -119 1
! 9820 13997 200 sims=350630 RUNNER
! -1150 9799 200 sims=350630 BLOCKER
> 3392 6337 -44 -88 50 3
> 8463 7043 -737 -44 164 2
> 7676 4569 -627 -530 -139 2
> 3927 7034 80 72 -119 1
! -84374 -34504 200
! -44554 -80427 200
> 3396 6300 -42 -89 50 3
> 7534 7054 -789 9 164 2
> 6865 3961 -689 -516 -157 2
> 3990 7033 99 57 -119 1
! 11876 11599 200 sims=358610 RUNNER
! -2460 6705 200 sims=358610 BLOCKER
> 3396 6300 -42 -89 50 3
> 7534 7054 -789 9 164 2
> 6865 3961 -689 -516 -157 2
> 3990 7033 99 57 -119 1
! -92754 -4754 0
! -44491 -80428 200
> 3495 6281 -3 -126 32 3
> 6545 7056 -840 1 -178 2
> 6176 3445 -585 -438 -175 2
> 4021 6952 113 41 -119 1
! 11975 11580 200 sims=354088 RUNNER
! -3449 6707 200 sims=354088 BLOCKER
> 3495 6281 -3 -126 32 3
> 6545 7056 -840 1 -178 2
> 6176 3445 -585 -438 -175 2
> 4021 6952 113 41 -119 1
! -91260 25940 0
! -44460 -80509 200
> 3571 6141 33 -159 32 3
> 5505 7050 -883 -5 -178 2
> 5591 3007 -497 -372 -193 3
> 4127 6938 121 29 -119 1
! 9999 13801 0 sims=400239 RUNNER
! -4489 6701 SHIELD sims=400239 BLOCKER
> 3571 6141 33 -159 32 3
> 5505 7050 -883 -5 -178 2
> 5591 3007 -497 -372 -193 3
> 4127 6938 121 29 -119 1
! -80125 54510 200
! -14953 -91224 200
> 3508 5783 -357 -937 50 3
> 4680 7061 -618 32 -178 2
> 4923 2738 -568 -228 149 3
> 3728 6810 -865 293 -101 1
! 11988 11082 0 sims=396662 RUNNER
! -4717 3641 0 sims=396662 BLOCKER
> 3508 5783 -357 -937 50 3
> 4680 7061 -618 32 -178 2
> 4923 2738 -568 -228 149 3
> 3728 6810 -865 293 -101 1
! -60682 78209 0
! 15914 -92444 200
> 3151 4846 -303 -796 32 3
> 4062 7093 -525 27 -160 2
> 4355 2510 -482 -193 131 3
> 2887 6904 -714 80 -83 1
! 12854 7265 200 sims=387863 RUNNER
! -5932 6744 0 sims=387863 BLOCKER
> 3151 4846 -303 -796 32 3
> 4062 7093 -525 27 -160 2
> 4355 2510 -482 -193 131 3
> 2887 6904 -714 80 -83 1
! -34718 94560 0
! 45148 -83726 200
> 3042 4098 -92 -635 14 3
> 3537 7120 -446 22 -178 2
> 3873 2317 -409 -164 113 3
> 2258 6803 -535 -86 -65 1
! 11522 9397 200 sims=371035 RUNNER
! -5860 3700 0 sims=371035 BLOCKER
> 3042 4098 -92 -635 14 3
> 3537 7120 -446 22 -178 2
> 3873 2317 -409 -164 113 3
> 2258 6803 -535 -86 -65 1
! -4842 101936 0
! 70457 -66332 200
> 3120 3569 65 -449 32 3
> 3091 7142 -379 18 -160 2
> 3464 2153 -347 -139 95 3
> 1859 6571 -338 -197 -47 1
! 9548 11229 200 sims=376180 RUNNER
! -4789 985 200 sims=376180 BLOCKER
> 3120 3569 65 -449 32 3
> 3091 7142 -379 18 -160 2
> 3464 2153 -347 -139 95 3
> 1859 6571 -338 -197 -47 1
! 25959 99590 0
! 89320 -41910 200
> 3314 3273 164 -251 50 3
> 2554 7037 -456 -89 -142 2
> 3117 2014 -294 -118 77 3
> 1696 6277 -138 -249 -29 1
! 7060 12545 200 sims=377860 RUNNER
! -3038 -1253 200 sims=377860 BLOCKER
> 3314 3273 164 -251 50 3
> 2554 7037 -456 -89 -142 2
> 3117 2014 -294 -118 77 3
> 1696 6277 -138 -249 -29 1
! 25612 99451 200
! 89157 -42204 200
> 3553 3207 203 -55 68 3
> 1986 6782 -482 -216 -124 2
> 2868 2091 -211 65 77 3
> 1733 5931 31 -294 -29 1
! 4251 13183 200 sims=368368 RUNNER
! -770 -2831 200 sims=368368 BLOCKER
> 3553 3207 203 -55 68 3
> 1986 6782 -482 -216 -124 2
> 2868 2091 -211 65 77 3
> 1733 5931 31 -294 -29 1
! 25363 99528 200
! 99895 -13150 200
> 3770 3352 184 122 86 3
> 1449 6374 -456 -347 -106 2
> 2702 2351 -141 220 77 3
> 1960 5599 193 -282 -11 1
! 7516 12624 200 sims=367262 RUNNER
! 1798 -3620 200 sims=367262 BLOCKER
> 3770 3352 184 122 86 3
> 1449 6374 -456 -347 -106 2
> 2702 2351 -141 220 77 3
> 1960 5599 193 -282 -11 1
! 25197 99788 200
! 101214 17785 200
> 4029 3659 220 261 68 3
> 1000 5827 -381 -464 -88 2
> 2606 2766 -81 352 77 3
> 2352 5341 332 -218 7 1
! 4727 13635 200 sims=370860 RUNNER
! 1349 -4167 200 sims=370860 BLOCKER
> 4029 3659 220 261 68 3
> 1000 5827 -381 -464 -88 2
> 2606 2766 -81 352 77 3
> 2352 5341 332 -218 7 1
! 25101 100203 200
! 92982 47602 200
> 4263 4120 198 391 86 3
> 626 5163 -317 -564 -88 2
> 2570 3313 -30 464 77 3
> 2865 5208 436 -113 25 1
! 1844 13823 200 sims=350105 RUNNER
! 4046 -4234 200 sims=350105 BLOCKER
> 4263 4120 198 391 86 3
> 626 5163 -317 -564 -88 2
> 2570 3313 -30 464 77 3
> 2865 5208 436 -113 25 1
! 25065 100750 200
! 76000 73407 200
> 4413 4705 127 497 104 3
> 377 4411 -211 -639 -70 2
> 2585 3972 12 560 77 3
> 3447 5231 494 19 43 1
! 1994 14408 SHIELD sims=373037 RUNNER
! 6534 -3469 200 sims=373037 BLOCKER
> 4413 4705 127 497 104 3
> 377 4411 -211 -639 -70 2
> 2585 3972 12 560 77 3
> 3447 5231 494 19 43 1
! 54088 89688 200
! 51927 92692 SHIELD
> 4746 5133 511 286 104 3
> 289 3614 -74 -677 -52 2
> 2700 4703 97 621 59 3
> 3735 5319 16 151 61 1
! -553 13613 0 sims=369572 RUNNER
! 8579 -1978 200 sims=369572 BLOCKER
> 4746 5133 511 286 104 3
> 289 3614 -74 -677 -52 2
> 2700 4703 97 621 59 3
> 3735 5319 16 151 61 1
! 78170 70308 0
! 76870 73518 200
> 5257 5419 434 243 122 3
> 381 2825 78 -670 -34 2
> 2797 5324 82 527 41 3
> 3751 5470 13 128 43 1
! -2403 11847 0 sims=374206 RUNNER
! 9994 69 200 sims=374206 BLOCKER
> 5257 5419 434 243 122 3
> 381 2825 78 -670 -34 2
> 2797 5324 82 527 41 3
> 3751 5470 13 128 43 1
! 78267 70929 200
! 94381 47731 0
> 5691 5662 368 206 140 3
> 651 2100 229 -616 -16 2
> 3030 5982 198 559 41 3
> 3764 5598 11 108 25 1
! -1969 12090 0 sims=376866 RUNNER
! 10645 2449 200 sims=376866 BLOCKER
> 5691 5662 368 206 140 3
> 651 2100 229 -616 -16 2
> 3030 5982 198 559 41 3
> 3764 5598 11 108 25 1
! 95080 45055 200
! 76899 73797 0
> 6059 5868 312 175 140 3
> 1080 1491 364 -517 2 2
> 3412 6619 324 541 23 3
> 3775 5706 9 91 43 1
! -1601 12296 200 sims=388073 RUNNER
! 10477 4911 200 sims=388073 BLOCKER
> 6059 5868 312 175 140 3
> 1080 1491 364 -517 2 2
> 3412 6619 324 541 23 3
> 3775 5706 9 91 43 1
! 103031 15334 200
! 76910 73905 0
> 6218 6172 134 258 140 3
> 1632 1042 469 -381 20 2
> 3935 7177 444 474 5 0
> 3784 5797 7 77 43 1
! -1442 12600 200 sims=390831 RUNNER
! 11029 4462 200 sims=390831 BLOCKER
> 6218 6172 134 258 140 3
> 1632 1042 469 -381 20 2
> 3935 7177 444 474 5 0
> 3784 5797 7 77 43 1
! 103554 15892 200
! 76919 73996 200
> 6199 6559 -16 328 140 3
> 2289 729 558 -265 20 2
> 4578 7668 546 417 5 0
> 3937 6010 130 181 43 1
! 900 15039 200 sims=392609 RUNNER
! 11686 4149 200 sims=392609 BLOCKER
> 6199 6559 -16 328 140 3
> 2289 729 558 -265 20 2
> 4578 7668 546 417 5 0
> 3937 6010 130 181 43 1
! 102015 -14827 200
! 52417 93471 0
> 6077 7057 -103 422 122 3
> 3035 532 634 -167 20 2
> 5319 8040 629 316 -13 0
> 4067 6191 110 153 61 1
! 3658 16760 200 sims=393120 RUNNER
! 12432 3952 200 sims=393120 BLOCKER
> 6077 7057 -103 422 122 3
> 3035 532 634 -167 20 2
> 5319 8040 629 316 -13 0
> 4067 6191 110 153 61 1
! 91035 -43463 0
! 23147 104353 0
> 5964 7531 -18 118 104 3
> 3857 433 698 -83 20 2
> 5910 8498 424 673 -31 0
> 4177 6344 93 130 79 1
! 665 16011 0 sims=401632 RUNNER
! 13254 3853 200 sims=401632 BLOCKER
> 5964 7531 -18 118 104 3
> 3857 433 698 -83 20 2
> 5910 8498 424 673 -31 0
> 4177 6344 93 130 79 1
! 71515 -66973 200
! 23257 104506 0
> 5946 7649 -15 100 122 3
> 4743 418 753 -12 20 2
> 6465 9020 471 443 -49 0
> 4270 6474 79 110 79 1
! -1714 14077 0 sims=401072 RUNNER
! 14140 3838 200 sims=401072 BLOCKER
> 5946 7649 -15 100 122 3
> 4743 418 753 -12 20 2
> 6465 9020 471 443 -49 0
> 4270 6474 79 110 79 1
! 45538 -83030 200
! 23350 104636 0
> 5931 7749 -12 85 140 3
> 5684 474 799 47 20 2
> 7014 9279 466 220 -67 0
> 4349 6584 67 93 79 1
! -3341 11495 0 sims=391405 RUNNER
! 15081 3894 200 sims=391405 BLOCKER
> 5931 7749 -12 85 140 3
> 5684 474 799 47 20 2
> 7014 9279 466 220 -67 0
> 4349 6584 67 93 79 1
! 46086 -82771 200
! 23429 104746 0
> 5919 7834 -10 72 158 3
> 6671 589 838 98 20 2
> 7558 9315 462 30 -67 0
> 4416 6677 56 79 79 1
! -4057 8532 0 sims=396515 RUNNER
! 16068 4009 200 sims=396515 BLOCKER
> 5919 7834 -10 72 158 3
> 6671 589 838 98 20 2
> 7558 9315 462 30 -67 0
> 4416 6677 56 79 79 1
! 16273 -90304 200
! 52896 94138 200
> 5909 7906 -8 61 176 3
> 7697 755 872 141 20 2
> 8037 9146 407 -143 -85 0
> 4569 6931 130 215 61 1
! -3794 5487 200 sims=380996 RUNNER
! 15577 6912 0 sims=380996 BLOCKER
> 5909 7906 -8 61 176 3
> 7697 755 872 141 20 2
> 8037 9146 407 -143 -85 0
> 4569 6931 130 215 61 1
! 47110 -82904 200
! 77704 75130 0
> 5707 7919 -171 10 194 3
> 8569 896 741 119 38 2
> 8522 8819 412 -278 -67 0
> 4699 7146 110 182 43 1
! -2773 2620 200 sims=377545 RUNNER
! 17966 4316 0 sims=377545 BLOCKER
> 5707 7919 -171 10 194 3
> 8569 896 741 119 38 2
> 8522 8819 412 -278 -67 0
> 4699 7146 110 182 43 1
! 17237 -90800 200
! 77834 75345 200
> 5564 7984 188 306 212 3
> 9310 1015 629 101 20 2
> 8951 8342 365 -405 -85 0
> 4757 7304 -260 -117 43 1
! -2916 2685 200 sims=389018 RUNNER
! 17190 7172 0 sims=389018 BLOCKER
> 5564 7984 188 306 212 3
> 9310 1015 629 101 20 2
> 8951 8342 365 -405 -85 0
> 4757 7304 -260 -117 43 1
! 17666 -91277 200
! 77892 75503 200
> 5582 8184 15 170 -148 3
> 9939 1116 534 85 38 2
> 9333 7738 325 -513 -85 0
> 4643 7323 -96 16 43 1
! -846 524 200 sims=372274 RUNNER
! 15531 9406 0 sims=372274 BLOCKER
> 5582 8184 15 170 -148 3
> 9939 1116 534 85 38 2
> 9333 7738 325 -513 -85 0
> 4643 7323 -96 16 43 1
! 18048 -91881 200
! 53123 94784 0
> 5468 8201 -96 14 -130 3
> 10473 1201 453 72 56 2
> 9675 7026 291 -605 -85 0
> 4547 7339 -81 13 61 1
! -960 541 200 sims=362208 RUNNER
! 13229 10814 0 sims=362208 BLOCKER
> 5468 8201 -96 14 -130 3
> 10473 1201 453 72 56 2
> 9675 7026 291 -605 -85 0
> 4547 7339 -81 13 61 1
! 48748 -85024 200
! 77682 75538 200
> 5243 8062 -190 -118 -130 3
> 10926 1273 385 61 74 2
> 10044 6237 313 -670 -67 0
> 4612 7488 55 126 43 1
! -3237 2763 0 sims=370888 RUNNER
! 10577 11267 200 sims=370888 BLOCKER
> 5243 8062 -190 -118 -130 3
> 10926 1273 385 61 74 2
> 10044 6237 313 -670 -67 0
> 4612 7488 55 126 43 1
! 75649 -69234 200
! 53092 94949 SHIELD
> 5447 8301 234 257 -148 3
> 11304 1534 321 221 92 2
> 10488 5416 377 -697 -49 0
> 4628 7578 7 71 61 1
! -981 641 200 sims=369481 RUNNER
! 10955 11528 200 sims=369481 BLOCKER
> 5447 8301 234 257 -148 3
> 11304 1534 321 221 92 2
> 10488 5416 377 -697 -49 0
> 4628 7578 7 71 61 1
! 76093 -70055 200
! 53108 95039 0
> 5552 8405 89 88 -130 3
> 11618 1955 266 357 92 2
> 10996 4568 431 -720 -49 0
> 4635 7649 5 60 61 1
! -876 745 200 sims=367570 RUNNER
! 8198 11352 200 sims=367570 BLOCKER
> 5552 8405 89 88 -130 3
> 11618 1955 266 357 92 2
> 10996 4568 431 -720 -49 0
> 4635 7649 5 60 61 1
! 76601 -70903 200
! 77770 75848 0
> 5512 8340 -33 -55 -130 3
> 11816 2500 167 463 110 2
> 11558 3697 477 -740 -49 0
> 4640 7709 4 51 43 1
! -2968 3041 200 sims=379183 RUNNER
! 8396 11897 SHIELD sims=379183 BLOCKER
> 5512 8340 -33 -55 -130 3
> 11816 2500 167 463 110 2
> 11558 3697 477 -740 -49 0
> 4640 7709 4 51 43 1
! 50631 -88353 SHIELD
! 95270 49970 SHIELD
> 5330 8192 203 101 -148 3
> 12138 2162 342 -641 110 2
> 11880 3758 205 405 -67 0
> 4642 7759 -34 19 25 1
! -4373 5773 200 sims=398188 RUNNER
! 8718 11559 0 sims=398188 BLOCKER
> 5330 8192 203 101 -148 3
> 12138 2162 342 -641 110 2
> 11880 3758 205 405 -67 0
> 4642 7759 -34 19 25 1
! 20595 -95861 0
! 103896 19945 0
> 5339 8245 7 44 -166 3
> 12480 1521 290 -544 110 2
> 12085 4163 174 344 -85 0
> 4608 7778 -28 16 7 1
! -3141 2946 200 sims=387030 RUNNER
! 12131 11515 0 sims=387030 BLOCKER
> 5339 8245 7 44 -166 3
> 12480 1521 290 -544 110 2
> 12085 4163 174 344 -85 0
> 4608 7778 -28 16 7 1
! -10410 -93273 200
! 103862 19964 SHIELD
> 5311 8270 63 77 -148 3
> 12770 977 246 -462 92 2
> 12259 4507 147 292 -103 0
> 4567 7785 -43 0 7 1
! -4392 5851 200 sims=384965 RUNNER
! 15526 10590 0 sims=384965 BLOCKER
> 5311 8270 63 77 -148 3
> 12770 977 246 -462 92 2
> 12259 4507 147 292 -103 0
> 4567 7785 -43 0 7 1
! -39244 -81209 200
! 102729 -11295 200
> 5180 8299 -111 24 -166 3
> 13016 515 209 -392 74 2
> 12406 4799 124 248 -121 0
> 4524 7785 -36 0 -11 1
! -3300 3000 200 sims=363993 RUNNER
! 12667 10509 200 sims=363993 BLOCKER
> 5180 8299 -111 24 -166 3
> 13016 515 209 -392 74 2
> 12406 4799 124 248 -121 0
> 4524 7785 -36 0 -11 1
! -10089 -92637 200
! 103778 19971 200
> 5062 8348 -78 59 -148 3
> 13218 323 171 -163 92 2
> 12485 4852 67 45 -103 0
> 4326 7654 -190 -129 7 1
! -1366 688 200 sims=373975 RUNNER
! 9798 9720 200 sims=373975 BLOCKER
> 5062 8348 -78 59 -148 3
> 13218 323 171 -163 92 2
> 12485 4852 67 45 -103 0
> 4326 7654 -190 -129 7 1
! 21200 -94767 200
! 103580 19840 0
> 4855 8254 -175 -80 -130 3
> 13321 348 87 21 110 2
> 12569 4698 71 -131 -85 0
> 4136 7525 -161 -109 7 1
! -1573 594 200 sims=358680 RUNNER
! 7164 8228 200 sims=358680 BLOCKER
> 4855 8254 -175 -80 -130 3
> 13321 348 87 21 110 2
> 12569 4698 71 -131 -85 0
> 4136 7525 -161 -109 7 1
! 51642 -87352 200
! 94766 49786 BOOST
> 4905 8447 162 308 -130 3
> 13285 527 -30 151 128 2
> 12718 4383 126 -267 -67 0
> 4210 7264 -56 -365 25 1
! -1523 787 200 sims=369411 RUNNER
! 7128 8407 200 sims=369411 BLOCKER
> 4905 8447 162 308 -130 3
> 13285 527 -30 151 128 2
> 12718 4383 126 -267 -67 0
> 4210 7264 -56 -365 25 1
! 51790 -87667 200
! 77345 75463 0
> 4938 8602 28 131 -130 3
> 13132 836 -130 262 128 2
> 12922 3932 173 -383 -67 0
> 4154 6899 -47 -310 43 1
! -1490 942 200 sims=396914 RUNNER
! 9712 10233 200 sims=396914 BLOCKER
> 4938 8602 28 131 -130 3
> 13132 836 -130 262 128 2
> 12922 3932 173 -383 -67 0
> 4154 6899 -47 -310 43 1
! 21637 -95687 200
! 52634 94360 200
> 4837 8580 -85 -18 -130 3
> 12934 1286 -168 382 110 2
> 13112 3350 161 -494 -85 0
> 4204 6764 42 -114 61 1
! 1091 -692 200 sims=394408 RUNNER
! 9514 10683 200 sims=394408 BLOCKER
> 4837 8580 -85 -18 -130 3
> 12934 1286 -168 382 110 2
> 13112 3350 161 -494 -85 0
> 4204 6764 42 -114 61 1
! -9383 -94086 200
! 23284 104926 200
> 4677 8377 -135 -172 -112 3
> 12698 1856 -200 484 110 2
> 13228 2661 98 -585 -103 1
> 4284 6846 68 69 79 1
! 3979 -1599 200 sims=393043 RUNNER
! 12349 11850 200 sims=393043 BLOCKER
> 4677 8377 -135 -172 -112 3
> 12698 1856 -200 484 110 2
> 13228 2661 98 -585 -103 1
> 4284 6846 68 69 79 1
! -38275 -83055 200
! -7902 106100 200
> 4528 8005 -126 -315 -94 3
> 11973 2017 -702 49 92 2
> 13741 2427 522 -111 -121 1
> 4328 7114 37 227 97 1
! 3830 -1971 SHIELD sims=418628 RUNNER
! 14729 11630 200 sims=418628 BLOCKER
> 4528 8005 -126 -315 -94 3
> 11973 2017 -702 49 92 2
> 13741 2427 522 -111 -121 1
> 4328 7114 37 227 97 1
! -61730 -63178 0
! -7858 106368 SHIELD
> 4496 8131 -6 201 -94 3
> 11326 2258 -549 205 74 2
> 14263 2316 443 -94 -139 1
> 4271 6900 -68 -275 97 1
! 750 -1141 0 sims=402402 RUNNER
! 16918 10548 200 sims=402402 BLOCKER
> 4496 8131 -6 201 -94 3
> 11326 2258 -549 205 74 2
> 14263 2316 443 -94 -139 1
> 4271 6900 -68 -275 97 1
! -77787 -36757 0
! -37990 97530 0
> 4490 8332 -5 170 -112 3
> 10889 2629 -371 315 56 2
> 14706 2222 376 -79 -157 1
> 4203 6625 -57 -233 115 1
! 3792 -1644 0 sims=409381 RUNNER
! 18769 8786 200 sims=409381 BLOCKER
> 4490 8332 -5 170 -112 3
> 10889 2629 -371 315 56 2
> 14706 2222 376 -79 -157 1
> 4203 6625 -57 -233 115 1
! -84913 -6493 200
! -7983 105879 0
> 4485 8502 -4 144 -94 3
> 10676 3067 -181 372 38 2
> 14883 2126 150 -81 -175 1
> 4146 6392 -48 -198 97 1
! 3787 -1474 0 sims=383481 RUNNER
! 18556 9224 200 sims=383481 BLOCKER
> 4485 8502 -4 144 -94 3
> 10676 3067 -181 372 38 2
> 14883 2126 150 -81 -175 1
> 4146 6392 -48 -198 97 1
! -82553 24621 200
! 23226 104554 0
> 4481 8646 -3 122 -94 3
> 10653 3562 -19 420 38 2
> 14838 2090 -38 -30 -193 1
> 4098 6194 -40 -168 79 1
! 3783 -1330 200 sims=393561 RUNNER
! 18533 9719 200 sims=393561 BLOCKER
> 4481 8646 -3 122 -94 3
> 10653 3562 -19 420 38 2
> 14838 2090 -38 -30 -193 1
> 4098 6194 -40 -168 79 1
! -70878 53593 200
! 52578 93655 200
> 4464 8568 -14 -65 -94 3
> 10792 4105 117 461 38 2
> 14629 2163 -178 62 149 1
> 4155 6201 48 5 61 1
! 3766 -1408 200 sims=388549 RUNNER
! 20189 7525 0 sims=388549 BLOCKER
> 4464 8568 -14 -65 -94 3
> 10792 4105 117 461 38 2
> 14629 2163 -178 62 149 1
> 4155 6201 48 5 61 1
! -50976 77634 200
! 23235 104363 200
> 4436 8303 -23 -224 -94 3
> 10909 4566 99 391 20 2
> 14320 2376 -262 181 131 1
> 4241 6402 73 171 79 1
! 3738 -1673 200 sims=355901 RUNNER
! 20903 4915 0 sims=355901 BLOCKER
> 4436 8303 -23 -224 -94 3
> 10909 4566 99 391 20 2
> 14320 2376 -262 181 131 1
> 4241 6402 73 171 79 1
! -51285 77846 200
! 52721 93863 200
> 4399 7879 -31 -359 -94 0
> 11008 4957 84 332 2 2
> 13927 2708 -334 282 131 1
> 4411 6748 144 294 61 1
! 6818 -1824 0 sims=359758 RUNNER
! 20621 2201 0 sims=359758 BLOCKER
> 4399 7879 -31 -359 -94 0
> 11008 4957 84 332 2 2
> 13927 2708 -334 282 131 1
> 4411 6748 144 294 61 1
! -25146 94758 200
! 77546 74947 200
> 4291 7914 -142 290 -76 0
> 11092 5289 71 282 -16 2
> 13515 3174 -350 396 113 1
> 4778 6785 362 -229 43 1
! 9590 -566 200 sims=381437 RUNNER
! 19382 -303 200 sims=381437 BLOCKER
> 4291 7914 -142 290 -76 0
> 11092 5289 71 282 -16 2
> 13515 3174 -350 396 113 1
> 4778 6785 362 -229 43 1
! 4799 102793 200
! 95408 49046 0
> 4255 8034 -30 102 -58 0
> 11329 5459 201 144 -34 2
> 13148 3769 -312 505 95 1
> 5140 6556 307 -194 25 1
! 11915 1606 200 sims=372232 RUNNER
! 20942 2703 200 sims=372232 BLOCKER
> 4255 8034 -30 102 -58 0
> 11329 5459 201 144 -34 2
> 13148 3769 -312 505 95 1
> 5140 6556 307 -194 25 1
! 4432 103388 200
! 104394 18742 0
> 4378 8007 104 -22 -40 0
> 11722 5548 334 75 -16 2
> 12819 4473 -280 598 95 1
> 5447 6362 260 -164 7 1
! 13650 4261 200 sims=403886 RUNNER
! 21335 2792 SHIELD sims=403886 BLOCKER
> 4378 8007 104 -22 -40 0
> 11722 5548 334 75 -16 2
> 12819 4473 -280 598 95 1
> 5447 6362 260 -164 7 1
! 4103 104092 SHIELD
! 103609 -12718 0
> 4667 7910 246 -82 -22 0
> 12012 5673 -169 569 -16 2
> 12583 5021 215 2 95 1
> 5707 6198 221 -139 -11 1
! 12327 1482 200 sims=388787 RUNNER
! 20302 81 0 sims=388787 BLOCKER
> 4667 7910 246 -82 -22 0
> 12012 5673 -169 569 -16 2
> 12583 5021 215 2 95 1
> 5707 6198 221 -139 -11 1
! -26490 97071 0
! 103869 -12883 200
> 5066 7699 339 -178 -40 0
> 11843 6242 -143 483 -34 2
> 12798 5023 182 1 113 1
> 6124 6021 354 -150 -11 1
! 12726 1271 200 sims=381584 RUNNER
! 18000 -1638 0 sims=381584 BLOCKER
> 5066 7699 339 -178 -40 0
> 11843 6242 -143 483 -34 2
> 12798 5023 182 1 113 1
> 6124 6021 354 -150 -11 1
! -52807 80493 0
! 105378 18207 0
> 5558 7392 418 -260 -40 0
> 11700 6725 -121 410 -52 2
> 12980 5024 154 0 131 1
> 6478 5871 300 -127 7 1
! 10857 -1088 0 sims=373800 RUNNER
! 15120 -2672 0 sims=373800 BLOCKER
> 5558 7392 418 -260 -40 0
> 11700 6725 -121 410 -52 2
> 12980 5024 154 0 131 1
> 6478 5871 300 -127 7 1
! -26093 97074 0
! 97108 48132 0
> 5976 7132 355 -221 -58 0
> 11579 7135 -102 348 -70 2
> 13134 5024 130 0 113 1
> 6778 5744 255 -107 25 1
! 13636 704 0 sims=377825 RUNNER
! 17736 -745 200 sims=377825 BLOCKER
> 5976 7132 355 -221 -58 0
> 11579 7135 -102 348 -70 2
> 13134 5024 130 0 113 1
> 6778 5744 255 -107 25 1
! 4418 104643 200
! 97408 48005 0
> 6331 6911 301 -187 -40 0
> 11600 7325 17 161 -52 2
> 13247 5223 95 169 95 1
> 7033 5637 216 -90 25 1
! 15603 3165 200 sims=357581 RUNNER
! 19890 1733 200 sims=357581 BLOCKER
> 6331 6911 301 -187 -40 0
> 11600 7325 17 161 -52 2
> 13247 5223 95 169 95 1
> 7033 5637 216 -90 25 1
! -25826 97273 200
! 80168 73836 0
> 6817 6649 413 -222 -22 0
> 11783 7374 155 41 -34 2
> 13264 5576 14 300 113 1
> 7249 5547 183 -76 43 1
! 14477 221 200 sims=329476 RUNNER
! 20073 1782 200 sims=329476 BLOCKER
> 6817 6649 413 -222 -22 0
> 11783 7374 155 41 -34 2
> 13264 5576 14 300 113 1
> 7249 5547 183 -76 43 1
! 4548 105195 200
! 80384 73746 200
> 7359 6377 364 77 -40 0
> 12104 7303 272 -60 -34 2
> 13261 6075 -2 424 95 1
> 7603 5529 396 -324 43 1
! 12658 -2103 200 sims=351358 RUNNER
! 18261 -577 200 sims=351358 BLOCKER
> 7359 6377 364 77 -40 0
> 12104 7303 272 -60 -34 2
> 13261 6075 -2 424 95 1
> 7603 5529 396 -324 43 1
! 4545 105694 200
! 98233 47790 0
> 7829 6284 399 -78 -58 0
> 12499 7085 335 -184 -52 2
> 13242 6698 -16 529 95 1
> 7999 5205 336 -275 25 1
! 10248 -3419 200 sims=357994 RUNNER
! 15919 -2312 200 sims=357994 BLOCKER
> 7829 6284 399 -78 -58 0
> 12499 7085 335 -184 -52 2
> 13242 6698 -16 529 95 1
> 7999 5205 336 -275 25 1
! -25831 98748 0
! 81134 73404 200
> 8276 6012 380 -231 -76 0
> 12245 7025 -244 -37 -70 2
> 13884 6915 574 170 113 2
> 8481 5066 409 -117 43 1
! 10695 -3691 200 sims=352352 RUNNER
! 12594 -2969 200 sims=352352 BLOCKER
> 8276 6012 380 -231 -76 0
> 12245 7025 -244 -37 -70 2
> 13884 6915 574 170 113 2
> 8481 5066 409 -117 43 1
! -51721 82385 0
! 56961 92527 200
> 8624 5849 254 -4 -76 0
> 12008 6788 -201 -201 -88 2
> 14458 7085 487 144 131 2
> 9067 4861 539 -307 61 1
! 13923 -2631 0 sims=378763 RUNNER
! 9252 -2825 200 sims=378763 BLOCKER
> 8624 5849 254 -4 -76 0
> 12008 6788 -201 -201 -88 2
> 14458 7085 487 144 131 2
> 9067 4861 539 -307 61 1
! -71258 58588 200
! 82202 73060 0
> 8878 5845 215 -3 -58 0
> 11752 6395 -217 -334 -106 2
> 14774 7332 268 209 149 2
> 9606 4554 458 -260 43 1
! 11297 -3858 200 sims=378455 RUNNER
! 6160 -1895 200 sims=378455 BLOCKER
> 8878 5845 215 -3 -58 0
> 11752 6395 -217 -334 -106 2
> 14774 7332 268 209 149 2
> 9606 4554 458 -260 43 1
! -82662 29827 200
! 58086 92015 0
> 9141 5648 223 -167 -76 0
> 11423 5895 -279 -424 -124 2
> 14847 7586 62 215 167 2
> 10064 4294 389 -221 61 1
! 11560 -4055 200 sims=374213 RUNNER
! 3543 -262 200 sims=374213 BLOCKER
> 9141 5648 223 -167 -76 0
> 11423 5895 -279 -424 -124 2
> 14847 7586 62 215 167 2
> 10064 4294 389 -221 61 1
! -84772 -1129 0
! 29144 102456 200
> 9412 5287 230 -306 -76 0
> 10986 5348 -371 -465 -142 2
> 14909 7801 52 182 -175 2
> 10491 4269 363 -20 79 1
! 14711 -3193 200 sims=360514 RUNNER
! 5394 -2942 200 sims=360514 BLOCKER
> 9412 5287 230 -306 -76 0
> 10986 5348 -371 -465 -142 2
> 14909 7801 52 182 -175 2
> 10491 4269 363 -20 79 1
! -77141 -31272 0
! -1695 103523 200
> 9748 4811 285 -404 -58 0
> 10648 5315 -213 273 -124 2
> 14961 7983 44 154 -157 2
> 10684 3850 91 -658 97 1
! 17408 -1617 200 sims=386050 RUNNER
! 2768 -842 200 sims=386050 BLOCKER
> 9748 4811 285 -404 -58 0
> 10648 5315 -213 273 -124 2
> 14961 7983 44 154 -157 2
> 10684 3850 91 -658 97 1
! -60510 -57622 200
! 29764 102012 200
> 10186 4278 372 -452 -40 0
> 10277 5465 -315 127 -142 2
> 14854 8006 -90 19 -139 2
> 10813 3388 109 -392 79 1
! 19458 532 200 sims=377076 RUNNER
! 4685 -2825 200 sims=377076 BLOCKER
> 10186 4278 372 -452 -40 0
> 10277 5465 -315 127 -142 2
> 14854 8006 -90 19 -139 2
> 10813 3388 109 -392 79 1
! -60617 -57599 200
! 29893 101550 200
> 10643 3931 271 -84 -22 0
> 9850 5426 -362 -32 -124 2
> 14613 7894 -204 -95 -139 2
> 11061 3012 327 -529 79 1
! 18303 -2497 200 sims=388948 RUNNER
! 1970 -731 200 sims=388948 BLOCKER
> 10643 3931 271 -84 -22 0
> 9850 5426 -362 -32 -124 2
> 14613 7894 -204 -95 -139 2
> 11061 3012 327 -529 79 1
! -77437 -31179 200
! 30141 101174 200
> 11067 3718 360 -180 -40 0
> 9330 5271 -441 -131 -142 2
> 14225 7721 -329 -147 -157 2
> 11426 2679 310 -282 79 1
! 16366 -4762 200 sims=377573 RUNNER
! 3738 -3019 0 sims=377573 BLOCKER
> 11067 3718 360 -180 -40 0
> 9330 5271 -441 -131 -142 2
> 14225 7721 -329 -147 -157 2
> 11426 2679 310 -282 79 1
! -77825 -31352 200
! 30506 100841 200
> 11533 3368 396 -297 -58 0
> 8889 5140 -374 -111 -124 2
> 13712 7496 -436 -191 -157 2
> 11774 2593 295 -72 79 1
! 16832 -5112 SHIELD sims=361431 RUNNER
! 1009 -1017 0 sims=361431 BLOCKER
> 11533 3368 396 -297 -58 0
> 8889 5140 -374 -111 -124 2
> 13712 7496 -436 -191 -157 2
> 11774 2593 295 -72 79 1
! -85907 -1219 200
! -412 101847 SHIELD
> 11860 3294 275 -53 -58 0
> 8515 5029 -317 -94 -142 2
> 13077 7288 -539 -177 -175 2
> 12138 2298 312 -259 97 1
! 14279 -6409 0 sims=378203 RUNNER
! 2923 -3261 0 sims=378203 BLOCKER
> 11860 3294 275 -53 -58 0
> 8515 5029 -317 -94 -142 2
> 13077 7288 -539 -177 -175 2
> 12138 2298 312 -259 97 1
! -78973 -31785 200
! 31218 100460 200
> 12135 3241 233 -45 -76 0
> 8198 4935 -269 -79 -124 2
> 12354 7033 -614 -216 -157 2
> 12450 2039 265 -220 79 1
! 14554 -6462 0 sims=382235 RUNNER
! 318 -1222 0 sims=382235 BLOCKER
> 12135 3241 233 -45 -76 0
> 8198 4935 -269 -79 -124 2
> 12354 7033 -614 -216 -157 2
> 12450 2039 265 -220 79 1
! -87265 -1682 200
! 60930 89500 0
> 12368 3196 198 -38 -76 0
> 7929 4856 -228 -67 -142 2
> 11541 6800 -691 -198 -175 2
> 12715 1819 225 -187 61 1
! 14787 -6507 0 sims=381283 RUNNER
! 2337 -3434 0 sims=381283 BLOCKER
> 12368 3196 198 -38 -76 0
> 7929 4856 -228 -67 -142 2
> 11541 6800 -691 -198 -175 2
> 12715 1819 225 -187 61 1
! -80509 -32273 200
! 85850 70018 0
> 12566 3158 168 -32 -76 0
> 7701 4789 -193 -56 -124 2
> 10666 6524 -743 -234 -157 2
> 12940 1632 191 -158 43 1
! 17865 -5322 200 sims=361704 RUNNER
! 4945 -4824 0 sims=361704 BLOCKER
> 12566 3158 168 -32 -76 0
> 7701 4789 -193 -56 -124 2
> 10666 6524 -743 -234 -157 2
> 12940 1632 191 -158 43 1
! -64805 -59081 200
! 103570 43893 0
> 12840 2956 232 -171 -58 0
> 7508 4733 -164 -47 -106 2
> 9772 6159 -759 -310 -139 2
> 13131 1474 162 -134 25 1
! 15259 -6747 200 sims=365176 RUNNER
! 7857 -5261 0 sims=365176 BLOCKER
> 12840 2956 232 -171 -58 0
> 7508 4733 -164 -47 -106 2
> 9772 6159 -759 -310 -139 2
> 13131 1474 162 -134 25 1
! -41731 -79557 0
! 103761 43735 0
> 13120 2591 238 -310 -76 1
> 7344 4686 -139 -39 -88 2
> 9013 5849 -645 -263 -121 2
> 13293 1340 137 -113 25 1
! 18419 -5889 0 sims=341677 RUNNER
! 10764 -4711 0 sims=341677 BLOCKER
> 13120 2591 238 -310 -76 1
> 7344 4686 -139 -39 -88 2
> 9013 5849 -645 -263 -121 2
> 13293 1340 137 -113 25 1
! -13482 -91587 0
! 86428 69539 200
> 13358 2281 202 -263 -58 1
> 7205 4647 -118 -33 -70 2
> 8368 5586 -548 -223 -103 2
> 13576 1363 240 19 43 1
! 21018 -4147 200 sims=268576 RUNNER
! 13362 -3233 0 sims=268576 BLOCKER
> 13358 2281 202 -263 -58 1
> 7205 4647 -118 -33 -70 2
> 8368 5586 -548 -223 -103 2
> 13576 1363 240 19 43 1
! -43135 -80130 0
! 86711 69562 0
> 13650 2165 220 20 -40 1
> 7087 4614 -100 -28 -52 2
> 7820 5363 -465 -189 -121 2
> 13879 1107 285 -336 43 1
! 22922 -1581 0 sims=374073 RUNNER
! 13244 -3266 SHIELD sims=374073 BLOCKER
> 13650 2165 220 20 -40 1
> 7087 4614 -100 -28 -52 2
> 7820 5363 -465 -189 -121 2
> 13879 1107 285 -336 43 1
! -14675 -92073 0
! 62359 88568 200
> 13870 2185 187 17 -22 1
> 6975 4570 -117 -66 -52 2
> 7474 5332 -70 269 -103 2
> 14261 946 324 -136 61 1
! 23846 1487 0 sims=383033 RUNNER
! 10395 -4827 0 sims=383033 BLOCKER
> 13870 2185 187 17 -22 1
> 6975 4570 -117 -66 -52 2
> 7474 5332 -70 269 -103 2
> 14261 946 324 -136 61 1
! -44029 -80384 200
! 33341 99108 0
> 14057 2202 158 14 -4 1
> 6858 4504 -99 -56 -70 2
> 7301 5430 -147 82 -121 2
> 14585 810 275 -115 79 1
! 23760 4621 0 sims=350728 RUNNER
! 7207 -5490 0 sims=350728 BLOCKER
> 14057 2202 158 14 -4 1
> 6858 4504 -99 -56 -70 2
> 7301 5430 -147 82 -121 2
> 14585 810 275 -115 79 1
! -15194 -92006 200
! 2398 100064 0
> 14215 2216 134 11 14 1
> 6759 4448 -84 -47 -88 2
> 7109 5317 -163 -95 -103 2
> 14860 695 233 -97 97 1
! 22695 7515 0 sims=348481 RUNNER
! 4003 -5165 0 sims=348481 BLOCKER
> 14215 2216 134 11 14 1
> 6759 4448 -84 -47 -88 2
> 7109 5317 -163 -95 -103 2
> 14860 695 233 -97 97 1
! -15386 -92119 200
! -27401 91325 200
> 14349 2227 113 9 32 1
> 6627 4276 -154 -255 -106 2
> 6949 5153 -93 -31 -103 2
> 15008 779 126 71 115 1
! 20777 9887 0 sims=349720 RUNNER
! 1035 -4014 0 sims=349720 BLOCKER
> 14349 2227 113 9 32 1
> 6627 4276 -154 -255 -106 2
> 6949 5153 -93 -31 -103 2
> 15008 779 126 71 115 1
! -15546 -92283 200
! -53191 73914 200
> 14462 2236 96 7 50 1
> 6473 4021 -130 -216 -124 2
> 6811 4927 -117 -191 -103 2
> 14998 996 -8 184 133 1
! 18208 11508 0 sims=329728 RUNNER
! -1407 -2136 0 sims=329728 BLOCKER
> 14462 2236 96 7 50 1
> 6473 4021 -130 -216 -124 2
> 6811 4927 -117 -191 -103 2
> 14998 996 -8 184 133 1
! -15684 -92509 200
! -53201 74131 0
> 14558 2243 81 5 68 1
> 6342 3802 -177 -344 -142 2
> 6650 4544 -71 -167 -103 2
> 14990 1180 -6 156 133 1
! 15256 12219 0 sims=339248 RUNNER
! -3055 382 0 sims=339248 BLOCKER
> 14558 2243 81 5 68 1
> 6342 3802 -177 -344 -142 2
> 6650 4544 -71 -167 -103 2
> 14990 1180 -6 156 133 1
! -44853 -81172 200
! -53209 74315 200
> 14637 2254 -9 287 86 1
> 6165 3458 -150 -292 -160 2
> 6476 4206 -147 -287 -121 2
> 14849 1476 -42 -26 133 1
! 12218 11957 200 sims=365323 RUNNER
! -3829 3109 200 sims=365323 BLOCKER
> 14637 2254 -9 287 86 1
> 6165 3458 -150 -292 -160 2
> 6476 4206 -147 -287 -121 2
> 14849 1476 -42 -26 133 1
! -45027 -81510 200
! -53350 74611 200
> 14580 2735 -48 408 104 1
> 5752 3015 -356 -388 -178 3
> 6289 3891 -153 -254 -121 2
> 14671 1596 -151 102 133 1
! 9281 11215 200 sims=389235 RUNNER
! -3861 5771 200 sims=389235 BLOCKER
> 14580 2735 -48 408 104 1
> 5752 3015 -356 -388 -178 3
> 6289 3891 -153 -254 -121 2
> 14671 1596 -151 102 133 1
! -69182 -61714 200
! -72790 50077 200
> 14426 3313 -130 490 122 1
> 5204 2682 -466 -282 164 3
> 5985 3506 -258 -327 -139 2
> 14345 1795 -277 169 151 1
! 9127 11793 200 sims=397684 RUNNER
! -3086 8274 200 sims=397684 BLOCKER
> 14426 3313 -130 490 122 1
> 5204 2682 -466 -282 164 3
> 5985 3506 -258 -327 -139 2
> 14345 1795 -277 169 151 1
! -86065 -35567 200
! -73116 50276 0
> 14190 3973 -200 560 122 1
> 4572 2512 -537 -144 146 3
> 5543 3101 -375 -344 -157 3
> 14068 1964 -235 143 151 1
! 8891 12453 200 sims=406000 RUNNER
! -1585 10392 200 sims=406000 BLOCKER
> 14190 3973 -200 560 122 1
> 4572 2512 -537 -144 146 3
> 5543 3101 -375 -344 -157 3
> 14068 1964 -235 143 151 1
! -94076 -5614 0
! -54131 75099 200
> 13884 4703 -260 620 122 1
> 3912 2526 -561 11 128 3
> 5168 2757 -318 -292 -175 3
> 13697 2253 -315 245 133 1
! 6224 11131 0 sims=408247 RUNNER
! 492 11923 200 sims=408247 BLOCKER
> 13884 4703 -260 620 122 1
> 3912 2526 -561 11 128 3
> 5168 2757 -318 -292 -175 3
> 13697 2253 -315 245 133 1
! -92268 25252 0
! -73764 50734 200
> 13624 5323 -221 527 140 1
> 3283 2725 -535 169 110 3
> 4850 2465 -270 -248 -193 3
> 13207 2595 -416 290 151 1
! 4352 9069 0 sims=407988 RUNNER
! 2934 12719 200 sims=407988 BLOCKER
> 13624 5323 -221 527 140 1
> 3283 2725 -535 169 110 3
> 4850 2465 -270 -248 -193 3
> 13207 2595 -416 290 151 1
! -80866 53968 0
! -84955 21675 200
> 13403 5850 -187 447 158 1
> 2741 3094 -460 313 92 3
> 4580 2217 -229 -210 149 3
> 12595 2923 -520 278 169 1
! 3427 6548 0 sims=408674 RUNNER
! 5497 12707 200 sims=408674 BLOCKER
> 13403 5850 -187 447 158 1
> 2741 3094 -460 313 92 3
> 4580 2217 -229 -210 149 3
> 12595 2923 -520 278 169 1
! -61025 77688 200
! -86659 -9263 0
> 13216 6297 -158 379 176 1
> 2336 3599 -344 429 74 3
> 4220 2158 -306 -50 131 3
> 12075 3201 -442 236 -173 1
! 3240 6995 200 sims=413371 RUNNER
! 7928 11889 200 sims=413371 BLOCKER
> 13216 6297 -158 379 176 1
> 2336 3599 -344 429 74 3
> 4220 2158 -306 -50 131 3
> 12075 3201 -442 236 -173 1
! -34853 94208 200
! -86087 22281 0
> 12858 6690 -303 334 176 2
> 2104 4194 -197 505 56 3
> 3836 2292 -326 113 113 3
> 11633 3437 -375 200 169 1
! 3155 4271 200 sims=404264 RUNNER
! 9984 10351 0 sims=404264 BLOCKER
> 12858 6690 -303 334 176 2
> 2104 4194 -197 505 56 3
> 3836 2292 -326 113 113 3
> 11633 3437 -375 200 169 1
! -4879 101911 200
! -75828 51918 0
> 12361 6976 -422 242 194 2
> 1907 4699 -167 429 38 3
> 3493 2604 -291 265 95 3
> 11258 3637 -318 170 151 1
! 3881 1677 200 sims=376642 RUNNER
! 11304 8119 200 sims=376642 BLOCKER
> 12361 6976 -422 242 194 2
> 1907 4699 -167 429 38 3
> 3493 2604 -291 265 95 3
> 11258 3637 -318 170 151 1
! 25988 100041 200
! -76203 52118 200
> 11769 7112 -502 115 212 2
> 1928 5196 17 422 20 3
> 3247 3064 -209 390 77 3
> 10765 3904 -418 226 151 1
! 5341 -548 200 sims=363034 RUNNER
! 11922 5545 0 sims=363034 BLOCKER
> 11769 7112 -502 115 212 2
> 1928 5196 17 422 20 3
> 3247 3064 -209 390 77 3
> 10765 3904 -418 226 151 1
! 54750 88780 200
! -87397 22984 0
> 11138 7074 -535 -32 230 2
> 1945 5618 14 358 2 3
> 3141 3625 -90 477 59 3
> 10347 4130 -355 192 169 1
! 7392 -2198 200 sims=370328 RUNNER
! 11558 2862 200 sims=370328 BLOCKER
> 11138 7074 -535 -32 230 2
> 1945 5618 14 358 2 3
> 3141 3625 -90 477 59 3
> 10347 4130 -355 192 169 1
! 54644 89341 200
! -77114 52611 0
> 10528 6857 -518 -184 248 2
> 2151 5921 175 257 -16 3
> 3154 4273 11 551 59 3
> 9992 4322 -301 163 151 1
! 4100 -803 200 sims=365435 RUNNER
! 10441 329 200 sims=365435 BLOCKER
> 10528 6857 -518 -184 248 2
> 2151 5921 175 257 -16 3
> 3154 4273 11 551 59 3
> 9992 4322 -301 163 151 1
! 25649 101710 200
! -58207 77457 0
> 9881 6520 -549 -286 -130 2
> 2492 6066 289 123 -34 3
> 3210 5019 47 633 77 3
> 9691 4485 -255 138 133 1
! 1401 1221 200 sims=395934 RUNNER
! 10782 474 SHIELD sims=395934 BLOCKER
> 9881 6520 -549 -286 -130 2
> 2492 6066 289 123 -34 3
> 3210 5019 47 633 77 3
> 9691 4485 -255 138 133 1
! -5505 104638 SHIELD
! -77770 52966 200
> 9162 6128 -610 -333 -148 2
> 2728 6253 -52 461 -34 3
> 3310 5588 337 181 95 3
> 9261 4720 -365 199 151 1
! 2734 -1532 200 sims=374479 RUNNER
! 8885 -1627 0 sims=374479 BLOCKER
> 9162 6128 -610 -333 -148 2
> 2728 6253 -52 461 -34 3
> 3310 5588 337 181 95 3
> 9261 4720 -365 199 151 1
! -5405 105207 0
! -88901 23800 200
> 8403 5701 -800 91 -130 2
> 2676 6714 -44 391 -52 3
> 3647 5769 286 153 95 3
> 8720 4898 -304 -303 169 1
! 4657 -3571 200 sims=370643 RUNNER
! 8833 -1166 0 sims=370643 BLOCKER
> 8403 5701 -800 91 -130 2
> 2676 6714 -44 391 -52 3
> 3647 5769 286 153 95 3
> 8720 4898 -304 -303 169 1
! -35426 97819 0
! -89442 23978 0
> 7528 5607 -743 -80 -112 2
> 2632 7105 -37 332 -52 3
> 3933 5922 243 130 113 3
> 8416 4595 -258 -257 169 1
! 6830 -4369 200 sims=370629 RUNNER
! 6052 -2292 0 sims=370629 BLOCKER
> 7528 5607 -743 -80 -112 2
> 2632 7105 -37 332 -52 3
> 3933 5922 243 130 113 3
> 8416 4595 -258 -257 169 1
! -61672 81392 0
! -90838 -7591 200
> 6771 5327 -643 -237 -94 2
> 2595 7437 -31 282 -70 3
> 4176 6052 206 110 131 3
> 7959 4314 -388 -239 -173 1
! 9190 -4376 200 sims=365505 RUNNER
! 6015 -1960 200 sims=365505 BLOCKER
> 6771 5327 -643 -237 -94 2
> 2595 7437 -31 282 -70 3
> 4176 6052 206 110 131 3
> 7959 4314 -388 -239 -173 1
! -34897 98102 200
! -90203 23394 200
> 6176 4896 -505 -366 -76 2
> 2632 7531 31 79 -70 3
> 4304 6346 108 249 113 3
> 7375 4113 -496 -170 169 1
! 11475 -3584 0 sims=373275 RUNNER
! 8789 -349 200 sims=373275 BLOCKER
> 6176 4896 -505 -366 -76 2
> 2632 7531 31 79 -70 3
> 4304 6346 108 249 113 3
> 7375 4113 -496 -170 169 1
! -4411 105965 200
! -90787 23193 200
> 5671 4530 -429 -311 -58 2
> 2786 7452 131 -66 -52 3
> 4395 6794 76 381 95 3
> 6683 3981 -588 -112 169 1
! 13331 -1898 200 sims=355425 RUNNER
! 11076 1860 200 sims=355425 BLOCKER
> 5671 4530 -429 -311 -58 2
> 2786 7452 131 -66 -52 3
> 4395 6794 76 381 95 3
> 6683 3981 -588 -112 169 1
! 26890 104231 0
! -80778 52462 200
> 5148 4194 -715 -171 -40 2
> 3083 7274 252 -151 -34 3
> 4471 7175 64 323 77 0
> 6167 3862 -167 -214 151 1
! 12808 -2234 200 sims=394989 RUNNER
! 11373 1682 200 sims=394989 BLOCKER
> 5148 4194 -715 -171 -40 2
> 3083 7274 252 -151 -34 3
> 4471 7175 64 323 77 0
> 6167 3862 -167 -214 151 1
! 55974 92891 0
! -91995 22942 200
> 4586 3894 -477 -254 -40 2
> 3501 7011 355 -223 -34 3
> 4535 7498 54 274 59 0
> 5804 3686 -308 -149 169 1
! 9885 -4586 200 sims=394058 RUNNER
! 13114 4255 200 sims=394058 BLOCKER
> 4586 3894 -477 -254 -40 2
> 3501 7011 355 -223 -34 3
> 4535 7498 54 274 59 0
> 5804 3686 -308 -149 169 1
! 80005 73103 0
! -93450 -8500 0
> 4215 3470 -315 -360 -58 2
> 4048 6733 465 -236 -16 3
> 4589 7772 45 232 41 0
> 5496 3537 -261 -126 -173 1
! 11875 -2958 200 sims=393582 RUNNER
! 12338 1141 200 sims=393582 BLOCKER
> 4215 3470 -315 -360 -58 2
> 4048 6733 465 -236 -16 3
> 4589 7772 45 232 41 0
> 5496 3537 -261 -126 -173 1
! 96639 46845 200
! -85134 -38724 200
> 4053 2981 -137 -415 -40 2
> 4679 6385 536 -295 -34 3
> 4818 8082 194 263 23 0
> 5054 3326 -375 -178 -155 1
! 13325 -765 0 sims=398013 RUNNER
! 14292 3629 200 sims=398013 BLOCKER
> 4053 2981 -137 -415 -40 2
> 4679 6385 536 -295 -34 3
> 4818 8082 194 263 23 0
> 5054 3326 -375 -178 -155 1
! 104437 16797 0
! -68081 -64873 200
> 3882 2544 -309 -476 -22 2
> 5407 6035 619 -297 -16 3
> 5012 8345 164 223 5 0
> 4567 3033 -249 -143 -137 1
! 13858 1846 200 sims=383593 RUNNER
! 13697 443 200 sims=383593 BLOCKER
> 3882 2544 -309 -476 -22 2
> 5407 6035 619 -297 -16 3
> 5012 8345 164 223 5 0
> 4567 3033 -249 -143 -137 1
! 102449 -14150 200
! -43914 -84428 200
> 3751 2028 -163 -501 -4 2
> 6192 5626 667 -347 -34 3
> 5371 8523 305 151 -13 0
> 4243 2741 -223 -185 -119 1
! 13454 4447 200 sims=392805 RUNNER
! 15805 2870 200 sims=392805 BLOCKER
> 3751 2028 -163 -501 -4 2
> 6192 5626 667 -347 -34 3
> 5371 8523 305 151 -13 0
> 4243 2741 -223 -185 -119 1
! 91087 -42980 200
! -14837 -95421 200
> 3782 1575 26 -384 14 2
> 7051 5224 730 -341 -16 3
> 5847 8571 404 40 -31 0
> 3982 2360 -221 -324 -101 1
! 12262 6874 200 sims=380940 RUNNER
! 16664 2468 200 sims=380940 BLOCKER
> 3782 1575 26 -384 14 2
> 7051 5224 730 -341 -16 3
> 5847 8571 404 40 -31 0
> 3982 2360 -221 -324 -101 1
! 71452 -66900 200
! 16168 -96894 200
> 3902 986 100 -508 32 2
> 7973 4828 783 -336 -16 3
> 6382 8460 454 -94 -49 0
> 3861 2148 -101 -171 -83 1
! 10330 8646 200 sims=368333 RUNNER
! 16263 -764 0 sims=368333 BLOCKER
> 3902 986 100 -508 32 2
> 7973 4828 783 -336 -16 3
> 6382 8460 454 -94 -49 0
> 3861 2148 -101 -171 -83 1
! 45455 -83590 200
! 46122 -88482 0
> 4131 631 194 -301 50 2
> 8756 4492 665 -285 -34 3
> 6914 8182 452 -236 -67 0
> 3760 1977 -85 -145 -65 1
! 10559 8291 200 sims=404859 RUNNER
! 18369 1736 0 sims=404859 BLOCKER
> 4131 631 194 -301 50 2
> 8756 4492 665 -285 -34 3
> 6914 8182 452 -236 -67 0
> 3760 1977 -85 -145 -65 1
! 72519 -67289 200
! 71959 -71158 200
> 4454 483 274 -125 50 2
> 9421 4207 565 -242 -16 3
> 7497 7795 495 -328 -49 0
> 3811 1686 43 -247 -47 1
! 8200 9755 200 sims=397733 RUNNER
! 17711 -1385 0 sims=397733 BLOCKER
> 4454 483 274 -125 50 2
> 9421 4207 565 -242 -16 3
> 7497 7795 495 -328 -49 0
> 3811 1686 43 -247 -47 1
! 46570 -84255 200
! 91272 -46795 200
> 4803 543 296 51 68 2
> 9986 3965 480 -205 -34 3
> 8070 7283 487 -435 -67 0
> 4029 1342 185 -292 -29 1
! 5501 10519 200 sims=389011 RUNNER
! 19599 1209 0 sims=389011 BLOCKER
> 4803 543 296 51 68 2
> 9986 3965 480 -205 -34 3
> 8070 7283 487 -435 -67 0
> 4029 1342 185 -292 -29 1
! 73675 -68188 200
! 102191 -17739 200
> 5178 762 507 94 86 2
> 10466 3760 408 -174 -16 3
> 8688 6697 525 -498 -49 0
> 4345 1044 80 -161 -11 1
! 2759 10465 200 sims=386169 RUNNER
! 20460 4109 0 sims=386169 BLOCKER
> 5178 762 507 94 86 2
> 10466 3760 408 -174 -16 3
> 8688 6697 525 -498 -49 0
> 4345 1044 80 -161 -11 1
! 47761 -85353 200
! 103599 13230 0
> 5637 1050 389 244 104 2
> 10874 3586 346 -147 2 3
> 9291 6015 512 -579 -67 0
> 4425 883 68 -136 7 1
! 338 9530 200 sims=369866 RUNNER
! 20271 7006 0 sims=369866 BLOCKER
> 5637 1050 389 244 104 2
> 10874 3586 346 -147 2 3
> 9291 6015 512 -579 -67 0
> 4425 883 68 -136 7 1
! 74896 -69456 200
! 95055 43144 200
> 5920 1464 240 351 122 2
> 11220 3439 294 -124 20 3
> 9934 5285 546 -620 -49 0
> 4674 832 211 -43 25 1
! 621 9944 200 sims=374122 RUNNER
! 19100 9596 0 sims=374122 BLOCKER
> 5920 1464 240 351 122 2
> 11220 3439 294 -124 20 3
> 9934 5285 546 -620 -49 0
> 4674 832 211 -43 25 1
! 75539 -70186 200
! 77809 69031 0
> 6054 1985 113 442 122 2
> 11514 3315 249 -105 38 3
> 10611 4514 575 -655 -49 0
> 4885 789 179 -36 43 1
! 755 10465 200 sims=362103 RUNNER
! 17106 11605 200 sims=362103 BLOCKER
> 6054 1985 113 442 122 2
> 11514 3315 249 -105 38 3
> 10611 4514 575 -655 -49 0
> 4885 789 179 -36 43 1
! 96327 -46989 0
! 53365 88250 0
> 6061 2597 5 519 122 3
> 11875 3376 306 51 56 3
> 11186 3859 488 -556 -31 0
> 5064 753 152 -30 61 1
! 762 11077 200 sims=400680 RUNNER
! 17467 11666 SHIELD sims=400680 BLOCKER
> 6061 2597 5 519 122 3
> 11875 3376 306 51 56 3
> 11186 3859 488 -556 -31 0
> 5064 753 152 -30 61 1
! 108622 -18636 0
! 53544 88214 0
> 5960 3286 -85 585 122 3
> 12248 3384 322 3 56 3
> 11000 3735 -210 -71 -13 0
> 5216 723 129 -25 61 1
! -1700 9714 200 sims=376369 RUNNER
! 15004 12997 0 sims=376369 BLOCKER
> 5960 3286 -85 585 122 3
> 12248 3384 322 3 56 3
> 11000 3735 -210 -71 -13 0
> 5216 723 129 -25 61 1
! 96716 -47768 200
! 24296 98885 200
> 5722 4000 -202 606 140 3
> 12570 3387 273 2 74 3
> 10961 3561 -32 -147 -31 0
> 5383 894 142 145 79 1
! 423 12480 0 sims=409143 RUNNER
! 12221 13381 0 sims=409143 BLOCKER
> 5722 4000 -202 606 140 3
> 12570 3387 273 2 74 3
> 10961 3561 -32 -147 -31 0
> 5383 894 142 145 79 1
! 108397 -18934 200
! 24463 99056 200
> 5520 4606 -171 515 122 3
> 12843 3389 232 1 92 3
> 11124 3369 138 -163 -13 0
> 5563 1235 153 290 79 1
! -2140 11034 0 sims=389508 RUNNER
! 9423 12786 0 sims=389508 BLOCKER
> 5520 4606 -171 515 122 3
> 12843 3389 232 1 92 3
> 11124 3369 138 -163 -13 0
> 5563 1235 153 290 79 1
! 108560 -19126 200
! -6623 100489 200
> 5349 5121 -145 437 140 3
> 13075 3390 197 0 110 3
> 11457 3161 282 -176 -13 0
> 5692 1724 109 415 97 1
! 50 13601 0 sims=367997 RUNNER
! 9655 12787 200 sims=367997 BLOCKER
> 5349 5121 -145 437 140 3
> 13075 3390 197 0 110 3
> 11457 3161 282 -176 -13 0
> 5692 1724 109 415 97 1
! 108893 -19334 200
! 24772 99886 0
> 5204 5558 -123 371 122 3
> 13204 3578 109 159 110 3
> 11934 2940 405 -187 -13 0
> 5801 2139 92 352 79 1
! -2456 11986 0 sims=399056 RUNNER
! 9784 12975 200 sims=399056 BLOCKER
> 5204 5558 -123 371 122 3
> 13204 3578 109 159 110 3
> 11934 2940 405 -187 -13 0
> 5801 2139 92 352 79 1
! 111553 11655 200
! 54281 89600 200
> 5081 5929 -104 315 140 3
> 13245 3925 34 294 110 3
> 12538 2770 513 -144 5 0
> 5990 2666 160 447 61 1
! -4191 9675 0 sims=391468 RUNNER
! 12896 13919 0 sims=391468 BLOCKER
> 5081 5929 -104 315 140 3
> 13245 3925 34 294 110 3
> 12538 2770 513 -144 5 0
> 5990 2666 160 447 61 1
! 104588 41843 0
! 79125 70865 200
