@ 0 reCurse
@ 1 YurkovAS
CP 4
CP 3573 5192
CP 13576 7606
CP 12463 1335
CP 10540 5965
> 3690 4706 0 0 -1 1
> 3456 5678 0 0 -1 1
> 3925 3734 0 0 -1 1
> 3221 6650 0 0 -1 1
! 99646 32854 200
! 102664 -6878 200
> 3690 4706 0 0 -1 1
> 3456 5678 0 0 -1 1
> 3925 3734 0 0 -1 1
> 3221 6650 0 0 -1 1
! 13130 7641 BOOST sims=292880 RUNNER
! 13146 7869 BOOST sims=292880 BLOCKER
> 3882 4762 163 47 16 1
> 3654 5653 168 -21 -7 1
> 4523 3988 508 215 23 1
> 3866 6729 548 67 7 1
! 86785 60681 200
! 102908 -6534 200
> 3882 4762 163 47 16 1
> 3654 5653 168 -21 -7 1
> 4523 3988 508 215 23 1
> 3866 6729 548 67 7 1
! 13728 7895 200 sims=355215 RUNNER
! 13791 7948 200 sims=355215 BLOCKER
> 4235 4830 328 -48 34 1
> 3996 5699 262 144 -7 1
> 5215 4281 588 249 23 1
> 4613 6820 634 77 7 1
! 100361 32393 200
! 102158 24779 200
> 4235 4830 328 -48 34 1
> 3996 5699 262 144 -7 1
> 5215 4281 588 249 23 1
> 4613 6820 634 77 7 1
! 14420 8188 200 sims=369656 RUNNER
! 14538 8039 200 sims=369656 BLOCKER
> 4755 4837 442 6 16 1
> 4454 5881 389 154 11 1
> 5987 4608 656 278 23 1
> 5446 6921 707 86 7 1
! 87658 60756 200
! 102616 24961 200
> 4755 4837 442 6 16 1
> 4454 5881 389 154 11 1
> 5987 4608 656 278 23 1
> 5446 6921 707 86 7 1
! 15192 8515 200 sims=369453 RUNNER
! 15371 8140 200 sims=369453 BLOCKER
> 5363 4955 516 100 34 1
> 5039 6073 497 163 11 1
> 6827 4964 714 302 23 1
> 6352 7031 769 93 7 1
! 101489 32518 200
! 104293 -6113 200
> 5363 4955 516 100 34 1
> 5039 6073 497 163 11 1
> 6827 4964 714 302 23 1
> 6352 7031 769 93 7 1
! 16032 8871 200 sims=360507 RUNNER
! 16277 8250 200 sims=360507 BLOCKER
> 6071 5110 602 131 16 1
> 5735 6212 591 117 -7 1
> 7725 5344 763 323 23 1
> 7320 7148 822 99 7 1
! 88974 61029 200
! 104989 -5975 0
> 6071 5110 602 131 16 1
> 5735 6212 591 117 -7 1
> 7725 5344 763 323 23 1
> 7320 7148 822 99 7 1
! 16930 9251 200 sims=346955 RUNNER
! 17136 5240 0 sims=346955 BLOCKER
> 6839 5353 652 206 34 1
> 6326 6329 502 99 -7 1
> 8672 5745 805 340 23 1
> 8142 7247 698 84 -11 1
! 68405 84154 200
! 104488 25409 200
> 6839 5353 652 206 34 1
> 6326 6329 502 99 -7 1
> 8672 5745 805 340 23 1
> 8142 7247 698 84 -11 1
! 16219 12306 0 sims=336714 RUNNER
! 18067 8466 200 sims=336714 BLOCKER
> 7614 5717 658 309 52 1
> 7024 6466 593 116 11 1
> 9477 6085 684 289 41 1
> 9039 7355 762 92 7 1
! 90517 61636 200
! 106278 -5720 0
> 7614 5717 658 309 52 1
> 7024 6466 593 116 11 1
> 9477 6085 684 289 41 1
> 9039 7355 762 92 7 1
! 14627 14657 0 sims=328580 RUNNER
! 18102 11581 0 sims=328580 BLOCKER
> 8438 6138 700 357 34 1
> 7617 6582 504 98 -7 1
> 10161 6374 581 245 59 1
> 9801 7447 647 78 25 1
! 104564 33701 200
! 106871 -5605 0
> 8438 6138 700 357 34 1
> 7617 6582 504 98 -7 1
> 10161 6374 581 245 59 1
> 9801 7447 647 78 25 1
! 12411 16118 0 sims=328573 RUNNER
! 18864 11673 200 sims=328573 BLOCKER
> 9330 6550 758 350 16 1
> 8121 6680 428 83 -7 1
> 10742 6619 493 208 77 1
> 10629 7610 704 138 25 1
! 109269 3060 0
! 107375 -5507 0
> 9330 6550 758 350 16 1
> 8121 6680 428 83 -7 1
> 10742 6619 493 208 77 1
> 10629 7610 704 138 25 1
! 9870 16581 0 sims=343840 RUNNER
! 20554 8829 0 sims=343840 BLOCKER
> 10088 6900 644 297 -2 1
> 8549 6763 363 70 -7 1
> 11235 6827 419 176 95 1
> 11333 7748 598 117 7 1
! 104057 -27302 200
! 107803 -5424 0
> 10088 6900 644 297 -2 1
> 8549 6763 363 70 -7 1
> 11235 6827 419 176 95 1
> 11333 7748 598 117 7 1
! 13485 16571 200 sims=305487 RUNNER
! 21149 5840 200 sims=305487 BLOCKER
> 10871 7128 332 192 -20 1
> 8912 6833 308 59 -7 1
> 11720 7130 707 165 77 1
> 12155 7895 737 218 -11 1
! 110810 3637 200
! 99542 -35428 0
> 10871 7128 332 192 -20 1
> 8912 6833 308 59 -7 1
> 11720 7130 707 165 77 1
> 12155 7895 737 218 -11 1
! 10848 17092 200 sims=332031 RUNNER
! 20901 3047 0 sims=332031 BLOCKER
> 11403 7313 452 157 -2 1
> 9220 6892 261 50 -25 1
> 12392 7471 503 196 95 1
> 12909 8136 709 298 -29 1
! 105372 -26889 200
! 108474 -5295 200
> 11403 7313 452 157 -2 1
> 9220 6892 261 50 -25 1
> 12392 7471 503 196 95 1
> 12909 8136 709 298 -29 1
! 8485 16676 0 sims=344106 RUNNER
! 19729 822 200 sims=344106 BLOCKER
> 12043 7402 543 75 -20 1
> 9680 6918 390 21 -7 1
> 12895 7667 427 166 113 1
> 13754 8288 718 128 -47 1
! 90844 -54164 0
! 100310 -35343 0
> 12043 7402 543 75 -20 1
> 9680 6918 390 21 -7 1
> 12895 7667 427 166 113 1
> 13754 8288 718 128 -47 1
! 6334 15214 0 sims=332577 RUNNER
! 17980 -775 200 sims=332577 BLOCKER
> 12586 7477 461 63 -38 1
> 10070 6939 331 17 -25 1
> 13322 7833 362 141 131 2
> 14557 8235 682 -45 -65 1
! 68505 -75426 0
! 100700 -35322 0
> 12586 7477 461 63 -38 1
> 10070 6939 331 17 -25 1
> 13322 7833 362 141 131 2
> 14557 8235 682 -45 -65 1
! 4750 12983 200 sims=332283 RUNNER
! 15776 -1690 200 sims=332283 BLOCKER
> 12892 7458 244 -25 -56 1
> 10401 6956 281 14 -25 1
> 13667 8159 309 286 149 2
> 15263 7991 600 -206 -83 1
! 40455 -88668 200
! 83536 -61243 0
> 12892 7458 244 -25 -56 1
> 10401 6956 281 14 -25 1
> 13667 8159 309 286 149 2
> 15263 7991 600 -206 -83 1
! 3923 10409 0 sims=382522 RUNNER
! 13355 -1825 200 sims=382522 BLOCKER
> 13191 7241 254 -184 -74 2
> 10682 6970 238 11 -43 1
> 13976 8445 262 243 167 2
> 15825 7589 477 -341 -101 1
! 9700 -92698 200
! 59162 -80492 0
> 13191 7241 254 -184 -74 2
> 10682 6970 238 11 -43 1
> 13976 8445 262 243 167 2
> 15825 7589 477 -341 -101 1
! 4014 7573 200 sims=395150 RUNNER
! 10977 -1157 200 sims=395150 BLOCKER
> 13438 6857 209 -326 -92 2
> 10920 6981 202 9 -61 1
> 14039 8671 53 191 185 2
> 16205 7073 323 -438 -119 1
! -20764 -87112 200
! 30000 -91181 0
> 13438 6857 209 -326 -92 2
> 10920 6981 202 9 -61 1
> 14039 8671 53 191 185 2
> 16205 7073 323 -438 -119 1
! 4834 4764 200 sims=403627 RUNNER
! 8891 253 200 sims=403627 BLOCKER
> 13579 6343 119 -436 -110 2
> 11122 6990 171 7 -79 1
> 13908 8784 -111 95 203 2
> 16382 6499 150 -488 -137 1
! -20623 -87626 200
! 59602 -80472 0
> 13579 6343 119 -436 -110 2
> 11122 6990 171 7 -79 1
> 13908 8784 -111 95 203 2
> 16382 6499 150 -488 -137 1
! 6361 2223 200 sims=380751 RUNNER
! 7319 2273 200 sims=380751 BLOCKER
> 13630 5719 43 -530 -110 2
> 11293 6997 145 5 -61 1
> 13646 8748 -222 -30 221 2
> 16351 5926 -26 -486 -155 1
! -47936 -73082 200
! 84428 -61202 0
> 13630 5719 43 -530 -110 2
> 11293 6997 145 5 -61 1
> 13646 8748 -222 -30 221 2
> 16351 5926 -26 -486 -155 1
! 8496 176 200 sims=371490 RUNNER
! 6426 4707 200 sims=371490 BLOCKER
> 13550 5031 -68 -584 -128 2
> 11438 7002 123 4 -43 1
> 13321 8547 -276 -171 239 2
> 16126 5416 -190 -433 -173 1
! -48016 -73770 200
! 102068 -35259 200
> 13550 5031 -68 -584 -128 2
> 11438 7002 123 4 -43 1
> 13321 8547 -276 -171 239 2
> 16126 5416 -190 -433 -173 1
! 8171 -25 200 sims=354522 RUNNER
! 6310 7324 200 sims=354522 BLOCKER
> 13359 4289 -162 -630 -128 2
> 11742 6921 258 -68 -25 1
> 12942 8205 -322 -291 -121 2
> 15740 5021 -328 -335 -191 1
! -20843 -89680 200
! 84877 -61278 0
> 13359 4289 -162 -630 -128 2
> 11742 6921 258 -68 -25 1
> 12942 8205 -322 -291 -121 2
> 15740 5021 -328 -335 -191 1
! 10692 -1539 0 sims=357525 RUNNER
! 6994 9869 200 sims=357525 BLOCKER
> 13129 3471 -195 -695 -110 2
> 12000 6853 219 -57 -43 1
> 12620 7914 -273 -247 -103 2
> 15237 4783 -427 -202 -209 1
! -48437 -75330 200
! 60480 -80609 0
> 13129 3471 -195 -695 -110 2
> 12000 6853 219 -57 -43 1
> 12620 7914 -273 -247 -103 2
> 15237 4783 -427 -202 -209 1
! 7470 -658 0 sims=345912 RUNNER
! 8417 12097 200 sims=345912 BLOCKER
> 12811 2618 -270 -724 -128 2
> 12219 6796 186 -48 -61 1
> 12347 7667 -232 -209 -121 2
> 14674 4727 -478 -47 -227 1
! -70092 -53301 0
! 31299 -91366 0
> 12811 2618 -270 -724 -128 2
> 12219 6796 186 -48 -61 1
> 12347 7667 -232 -209 -121 2
> 14674 4727 -478 -47 -227 1
! 4800 1106 0 sims=343819 RUNNER
! 7854 12041 200 sims=343819 BLOCKER
> 12541 1894 -229 -615 -146 3
> 12413 6648 170 -196 -79 1
> 12107 7558 -209 -21 -139 2
> 14060 4826 -522 84 133 1
! -83585 -25669 0
! 225 -92606 200
> 12541 1894 -229 -615 -146 3
> 12413 6648 170 -196 -79 1
> 12107 7558 -209 -21 -139 2
> 14060 4826 -522 84 133 1
! 4560 997 200 sims=362236 RUNNER
! 9834 13889 200 sims=362236 BLOCKER
> 12312 1279 -194 -522 -164 3
> 12559 6253 123 -335 -97 1
> 11747 7406 -305 -129 -139 2
> 13453 5091 -515 225 115 1
! -87627 4769 0
! -29702 -84377 200
> 12312 1279 -194 -522 -164 3
> 12559 6253 123 -335 -97 1
> 11747 7406 -305 -129 -139 2
> 13453 5091 -515 225 115 1
! 2542 3499 200 sims=378224 RUNNER
! 9227 14154 SHIELD sims=378224 BLOCKER
> 12118 757 -164 -443 -182 3
> 12306 6106 -852 683 -115 1
> 11258 7199 -415 -176 -157 2
> 12967 5279 -349 79 115 1
! -81851 34959 0
! -55893 -67029 SHIELD
> 12118 757 -164 -443 -182 3
> 12306 6106 -852 683 -115 1
> 11258 7199 -415 -176 -157 2
> 12967 5279 -349 79 115 1
! 3711 638 200 sims=388626 RUNNER
! 6147 12593 0 sims=388626 BLOCKER
> 11954 314 -139 -376 -200 3
> 11460 6788 -650 564 -133 1
> 10632 6905 -1222 -99 -139 2
> 12618 5358 -296 67 133 1
! -66847 61880 200
! -56739 -66347 0
> 11954 314 -139 -376 -200 3
> 11460 6788 -650 564 -133 1
> 10632 6905 -1222 -99 -139 2
> 12618 5358 -296 67 133 1
! 5482 -1667 0 sims=413560 RUNNER
! 3872 10206 0 sims=413560 BLOCKER
> 11657 61 -252 -214 -218 3
> 10810 7352 -552 479 -133 1
> 9410 6806 -1038 -84 -121 2
> 12322 5425 -251 56 151 1
! -44262 82964 200
! -57389 -65783 0
> 11657 61 -252 -214 -218 3
> 10810 7352 -552 479 -133 1
> 9410 6806 -1038 -84 -121 2
> 12322 5425 -251 56 151 1
! 7160 -2938 200 sims=407337 RUNNER
! 3576 10273 0 sims=407337 BLOCKER
> 11293 13 -309 -40 124 3
> 10258 7831 -469 407 -133 1
> 8327 6527 -920 -237 -103 2
> 12071 5481 -213 47 151 1
! -16270 96139 200
! -77204 -40649 200
> 11293 13 -309 -40 124 3
> 10258 7831 -469 407 -133 1
> 8327 6527 -920 -237 -103 2
> 12071 5481 -213 47 151 1
! 9199 -3435 200 sims=398398 RUNNER
! 5251 12795 0 sims=398398 BLOCKER
> 10929 165 -309 129 106 3
> 9789 8238 -398 345 -151 1
> 7424 6091 -767 -370 -85 2
> 11858 5528 -181 39 133 1
! 14418 100104 200
! -58410 -64897 0
> 10929 165 -309 129 106 3
> 9789 8238 -398 345 -151 1
> 7424 6091 -767 -370 -85 2
> 11858 5528 -181 39 133 1
! 11331 -3114 200 sims=390026 RUNNER
! 3112 10376 0 sims=390026 BLOCKER
> 10627 494 -256 279 88 3
> 9391 8583 -338 293 -133 1
> 6735 5537 -585 -470 -67 2
> 11677 5567 -153 33 151 1
! 14116 100433 200
! -32870 -82047 200
> 10627 494 -256 279 88 3
> 9391 8583 -338 293 -133 1
> 6735 5537 -585 -470 -67 2
> 11677 5567 -153 33 151 1
! 13296 -2010 200 sims=385742 RUNNER
! 1861 7475 0 sims=385742 BLOCKER
> 10378 973 -211 407 88 3
> 8968 8695 -359 94 -115 1
> 6281 4916 -385 -527 -49 2
> 11524 5600 -130 28 169 1
! 44580 94942 200
! -3219 -90559 200
> 10378 973 -211 407 88 3
> 8968 8695 -359 94 -115 1
> 6281 4916 -385 -527 -49 2
> 11524 5600 -130 28 169 1
! 14853 -234 200 sims=380548 RUNNER
! 1599 4381 0 sims=380548 BLOCKER
> 10235 1568 -121 505 70 3
> 8585 8590 -325 -88 -97 1
> 6067 4286 -181 -535 -31 2
> 11394 5628 -110 23 187 1
! 71801 80369 200
! 27665 -89572 200
> 10235 1568 -121 505 70 3
> 8585 8590 -325 -88 -97 1
> 6067 4286 -181 -535 -31 2
> 11394 5628 -110 23 187 1
! 15811 2036 200 sims=357847 RUNNER
! 2331 1402 0 sims=357847 BLOCKER
> 10237 2231 1 563 52 3
> 8298 8306 -243 -241 -79 1
> 6081 3706 11 -492 -13 2
> 11284 5651 -93 19 -155 1
! 71803 81032 200
! 27378 -89856 200
> 10237 2231 1 563 52 3
> 8298 8306 -243 -241 -79 1
> 6081 3706 11 -492 -13 2
> 11284 5651 -93 19 -155 1
! 16043 4578 200 sims=363111 RUNNER
! 3970 -1169 0 sims=363111 BLOCKER
> 10361 2952 105 612 52 3
> 8093 7869 -174 -371 -79 1
> 6291 3231 178 -403 5 2
> 11191 5670 -79 16 -137 1
! 44563 96921 200
! 56573 -79593 200
> 10361 2952 105 612 52 3
> 8093 7869 -174 -371 -79 1
> 6291 3231 178 -403 5 2
> 11191 5670 -79 16 -137 1
! 16035 981 200 sims=370615 RUNNER
! 6343 -3076 0 sims=370615 BLOCKER
> 10534 3752 147 679 70 3
> 8016 7323 -65 -464 -61 1
> 6664 2783 316 -380 -13 2
> 11112 5686 -67 13 -119 1
! 14023 103691 200
! 81151 -60876 200
> 10534 3752 147 679 70 3
> 8016 7323 -65 -464 -61 1
> 6664 2783 316 -380 -13 2
> 11112 5686 -67 13 -119 1
! 16626 3655 200 sims=377188 RUNNER
! 9204 -4130 200 sims=377188 BLOCKER
> 10688 4631 130 747 88 3
> 8097 6723 69 -510 -43 1
> 7179 2420 437 -308 5 2
> 11007 5503 -89 -155 -101 1
! -16875 100757 SHIELD
! 98727 -35538 0
> 10688 4631 130 747 88 3
> 8097 6723 69 -510 -43 1
> 7179 2420 437 -308 5 2
> 11007 5503 -89 -155 -101 1
! 17141 3292 200 sims=421036 RUNNER
! 9099 -4313 SHIELD sims=421036 BLOCKER
> 10532 4639 -171 -94 106 3
> 8166 6213 58 -433 -25 1
> 7815 2129 540 -246 5 2
> 11204 6087 206 597 -101 1
! 14021 104578 200
! 107420 -5974 200
> 10532 4639 -171 -94 106 3
> 8166 6213 58 -433 -25 1
> 7815 2129 540 -246 5 2
> 11204 6087 206 597 -101 1
! 17777 3001 200 sims=386239 RUNNER
! 6356 -2659 0 sims=386239 BLOCKER
> 10361 4545 -145 -79 88 3
> 8423 5756 218 -388 -7 1
> 8554 1900 628 -194 5 2
> 11410 6684 175 507 -119 1
! 13850 104484 0
! 99053 -36505 0
> 10361 4545 -145 -79 88 3
> 8423 5756 218 -388 -7 1
> 8554 1900 628 -194 5 2
> 11410 6684 175 507 -119 1
! 18516 2772 200 sims=384419 RUNNER
! 4096 -136 0 sims=384419 BLOCKER
> 10216 4466 -123 -67 88 3
> 8641 5368 185 -329 -25 1
> 9381 1723 703 -150 5 2
> 11585 7191 148 430 -137 1
! 13705 104405 0
! 81776 -62831 0
> 10216 4466 -123 -67 88 3
> 8641 5368 185 -329 -25 1
> 9381 1723 703 -150 5 2
> 11585 7191 148 430 -137 1
! 18586 5630 0 sims=362103 RUNNER
! 2522 2965 0 sims=362103 BLOCKER
> 10093 4399 -104 -56 88 3
> 8826 5039 157 -279 -43 1
> 10084 1573 597 -127 23 2
> 11733 7621 125 365 -155 1
! 44295 98368 200
! 99456 -37222 0
> 10093 4399 -104 -56 88 3
> 8826 5039 157 -279 -43 1
> 10084 1573 597 -127 23 2
> 11733 7621 125 365 -155 1
! 17631 8134 0 sims=363321 RUNNER
! 2670 3395 200 sims=363321 BLOCKER
> 10057 4531 -30 112 70 3
> 8983 4760 133 -237 -25 1
> 10681 1446 507 -107 41 2
> 11677 7901 -47 238 -155 1
! 44259 98500 200
! 108237 -7427 0
> 10057 4531 -30 112 70 3
> 8983 4760 133 -237 -25 1
> 10681 1446 507 -107 41 2
> 11677 7901 -47 238 -155 1
! 15831 10018 0 sims=376425 RUNNER
! 2614 3675 200 sims=376425 BLOCKER
> 10095 4831 32 254 70 3
> 9116 4523 113 -201 -7 1
> 11188 1339 430 -90 59 2
> 11449 8054 -194 130 -155 1
! 13584 104770 200
! 107278 23603 0
> 10095 4831 32 254 70 3
> 9116 4523 113 -201 -7 1
> 11188 1339 430 -90 59 2
> 11449 8054 -194 130 -155 1
! 13438 11083 200 sims=365820 RUNNER
! 2386 3828 200 sims=365820 BLOCKER
> 10134 5285 33 385 88 3
> 9229 4322 96 -170 11 1
> 11663 1444 403 89 77 2
> 11074 8099 -318 38 -155 1
! -17429 101411 0
! 96690 52802 0
> 10134 5285 33 385 88 3
> 9229 4322 96 -170 11 1
> 11663 1444 403 89 77 2
> 11074 8099 -318 38 -155 1
! 10791 11406 200 sims=358848 RUNNER
! 1149 6880 200 sims=358848 BLOCKER
> 10167 5670 28 327 106 0
> 9325 4152 81 -144 29 1
> 12049 1732 327 245 95 3
> 10557 8113 -439 11 -173 1
! -45752 88573 200
! 96786 52632 200
> 10167 5670 28 327 106 0
> 9325 4152 81 -144 29 1
> 12049 1732 327 245 95 3
> 10557 8113 -439 11 -173 1
! 8142 10937 200 sims=383117 RUNNER
! 1494 3887 200 sims=383117 BLOCKER
> 10083 6163 -71 418 124 0
> 9581 4105 217 -39 29 1
> 12298 2161 211 364 113 3
> 9937 8039 -527 -62 -155 1
! -68718 67729 200
! 97042 52585 200
> 10083 6163 -71 418 124 0
> 9581 4105 217 -39 29 1
> 12298 2161 211 364 113 3
> 9937 8039 -527 -62 -155 1
! 5737 9708 200 sims=383523 RUNNER
! 874 3813 200 sims=383523 BLOCKER
> 9854 6704 -194 459 142 0
> 9973 4163 333 49 29 1
> 12378 2676 67 437 131 3
> 9229 7892 -602 -124 -155 1
! -84115 40906 0
! 108135 23243 200
> 9854 6704 -194 459 142 0
> 9973 4163 333 49 29 1
> 12378 2676 67 437 131 3
> 9229 7892 -602 -124 -155 1
! 3806 7826 0 sims=379708 RUNNER
! 166 3666 200 sims=379708 BLOCKER
> 9660 7163 -164 390 160 0
> 10502 4250 449 74 11 1
> 12445 3113 56 371 149 3
> 8446 7683 -665 -177 -155 1
! -90279 10653 200
! 109756 -7936 0
> 9660 7163 -164 390 160 0
> 10502 4250 449 74 11 1
> 12445 3113 56 371 149 3
> 8446 7683 -665 -177 -155 1
! 2701 5363 200 sims=366632 RUNNER
! 1132 863 0 sims=366632 BLOCKER
> 9296 7560 -309 337 178 0
> 10951 4324 381 62 -7 1
> 12306 3529 -118 353 167 3
> 7781 7506 -565 -150 -137 1
! -86830 -20003 200
! 101581 -37937 0
> 9296 7560 -309 337 178 0
> 10951 4324 381 62 -7 1
> 12306 3529 -118 353 167 3
> 7781 7506 -565 -150 -137 1
! 3734 8679 200 sims=357651 RUNNER
! 2933 -1240 0 sims=357651 BLOCKER
> 8795 7842 -426 239 -164 0
> 11326 4389 -246 386 -25 1
> 12022 3982 324 53 149 3
> 7216 7356 -480 -127 -119 1
! -74108 -48077 200
! 101956 -37872 0
> 8795 7842 -426 239 -164 0
> 11326 4389 -246 386 -25 1
> 12022 3982 324 53 149 3
> 7216 7356 -480 -127 -119 1
! 3450 9132 200 sims=367248 RUNNER
! -98 536 0 sims=367248 BLOCKER
> 8203 7969 -503 108 -146 0
> 11080 4775 -209 328 -25 1
> 12175 4138 129 132 149 3
> 6736 7229 -408 -107 -137 1
! -53363 -70832 200
! 101710 -37486 200
> 8203 7969 -503 108 -146 0
> 11080 4775 -209 328 -25 1
> 12175 4138 129 132 149 3
> 6736 7229 -408 -107 -137 1
! 2431 6388 0 sims=305872 RUNNER
! 1888 -1517 0 sims=305872 BLOCKER
> 7577 7919 -532 -42 -128 0
> 11052 5018 -23 206 -25 1
> 12304 4270 109 112 167 3
> 6328 7122 -346 -90 -119 1
! -75326 -48000 0
! 84187 -63181 200
> 7577 7919 -532 -42 -128 0
> 11052 5018 -23 206 -25 1
> 12304 4270 109 112 167 3
> 6328 7122 -346 -90 -119 1
! 3732 9420 200 sims=327572 RUNNER
! 4420 -2694 0 sims=327572 BLOCKER
> 7045 7877 -452 -35 -146 0
> 11175 5088 104 59 -43 1
> 12242 4485 -53 182 149 3
> 5982 7032 -294 -76 -101 1
! -54521 -70924 200
! 101805 -37173 200
> 7045 7877 -452 -35 -146 0
> 11175 5088 104 59 -43 1
> 12242 4485 -53 182 149 3
> 5982 7032 -294 -76 -101 1
! 5681 12032 200 sims=334495 RUNNER
! 7201 -2893 0 sims=334495 BLOCKER
> 6470 7684 -488 -163 -128 0
> 11320 5129 -201 187 -25 1
> 12198 4752 287 73 131 3
> 5688 6956 -249 -64 -83 1
! -55096 -71117 0
! 110574 -7058 0
> 6470 7684 -488 -163 -128 0
> 11320 5129 -201 187 -25 1
> 12198 4752 287 73 131 3
> 5688 6956 -249 -64 -83 1
! 3626 9902 200 sims=339339 RUNNER
! 9914 -2107 0 sims=339339 BLOCKER
> 5982 7521 -414 -138 -128 0
> 11119 5316 -170 158 -7 1
> 12314 4928 98 149 149 3
> 5439 6892 -211 -54 -65 1
! -28220 -86448 0
! 110373 -6871 200
> 5982 7521 -414 -138 -128 0
> 11119 5316 -170 158 -7 1
> 12314 4928 98 149 149 3
> 5439 6892 -211 -54 -65 1
! 2570 7178 200 sims=347725 RUNNER
! 9665 -2171 SHIELD sims=347725 BLOCKER
> 5758 7612 -160 113 -110 0
> 11148 5450 24 113 -7 1
> 12217 5122 -82 164 167 3
> 5209 6815 -198 -69 -65 1
! -55808 -71189 200
! 101778 -36811 200
> 5758 7612 -160 113 -110 0
> 11148 5450 24 113 -7 1
> 12217 5122 -82 164 167 3
> 5209 6815 -198 -69 -65 1
! 2473 7372 200 sims=330001 RUNNER
! 12029 -499 0 sims=330001 BLOCKER
> 5475 7567 -240 -37 -128 0
> 11165 5531 -245 142 -25 1
> 12128 5278 184 59 167 3
> 5011 6746 -168 -58 -47 1
! -56091 -71234 200
! 110419 -6656 200
> 5475 7567 -240 -37 -128 0
> 11165 5531 -245 142 -25 1
> 12128 5278 184 59 167 3
> 5011 6746 -168 -58 -47 1
! 2384 7528 200 sims=325570 RUNNER
! 13757 1898 0 sims=325570 BLOCKER
> 5141 7437 -230 6 -128 0
> 11119 5649 -39 99 -7 1
> 12117 5382 -9 88 167 3
> 4813 6623 -221 -221 -29 1
! -29061 -86532 200
! 110373 -6538 0
> 5141 7437 -230 6 -128 0
> 11119 5649 -39 99 -7 1
> 12117 5382 -9 88 167 3
> 4813 6623 -221 -221 -29 1
! 2373 7632 200 sims=321468 RUNNER
! 14629 4715 0 sims=321468 BLOCKER
> 4843 7255 -253 -154 -110 0
> 11080 5748 -33 84 -7 1
> 11913 5515 -173 113 167 3
> 4592 6402 -187 -187 -11 1
! -29359 -86714 0
! 101710 -36513 200
> 4843 7255 -253 -154 -110 0
> 11080 5748 -33 84 -7 1
> 11913 5515 -173 113 167 3
> 4592 6402 -187 -187 -11 1
! 2169 7765 200 sims=302141 RUNNER
! 14517 7621 0 sims=302141 BLOCKER
> 4590 7101 -215 -130 -110 0
> 10771 5874 -316 122 -25 1
> 12003 5546 129 11 167 3
> 4405 6215 -158 -158 7 1
! -29612 -86868 200
! 110025 -6313 200
> 4590 7101 -215 -130 -110 0
> 10771 5874 -316 122 -25 1
> 12003 5546 129 11 167 3
> 4405 6215 -158 -158 7 1
! 2259 7796 200 sims=310380 RUNNER
! 13468 10441 0 sims=310380 BLOCKER
> 4319 6868 -216 -95 -110 0
> 10654 5972 -99 82 -7 1
> 11937 5602 -55 47 167 3
> 4235 5972 -158 -309 25 1
! 828 -93071 200
! 101284 -36289 200
> 4319 6868 -216 -95 -110 0
> 10654 5972 -99 82 -7 1
> 11937 5602 -55 47 167 3
> 4235 5972 -158 -309 25 1
! 2193 7852 200 sims=252910 RUNNER
! 11549 12792 0 sims=252910 BLOCKER
> 4096 6573 -189 -250 -92 0
> 10736 5969 69 -2 -25 1
> 11687 5694 -212 78 167 3
> 4077 5663 -134 -262 43 1
! 605 -93366 200
! 101366 -36292 200
> 4096 6573 -189 -250 -92 0
> 10736 5969 69 -2 -25 1
> 11687 5694 -212 78 167 3
> 4077 5663 -134 -262 43 1
! 1725 4822 0 sims=314293 RUNNER
! 8925 14409 200 sims=314293 BLOCKER
> 3891 6371 -177 -79 -92 0
> 10697 5962 -188 36 -25 1
> 11764 5693 220 -43 185 3
> 4049 5328 -20 -377 61 1
! 400 -93568 200
! 109951 -6225 200
> 3891 6371 -177 -79 -92 0
> 10697 5962 -188 36 -25 1
> 11764 5693 220 -43 185 3
> 4049 5328 -20 -377 61 1
! 2020 7943 200 sims=339724 RUNNER
! 11363 12148 200 sims=339724 BLOCKER
> 3707 6092 -156 -237 -92 0
> 10708 5974 8 9 -7 1
> 11789 5695 21 1 167 3
> 4175 5087 107 -204 43 1
! 216 -93847 200
! 101338 -36287 200
> 3707 6092 -156 -237 -92 0
> 10708 5974 8 9 -7 1
> 11789 5695 21 1 167 3
> 4175 5087 107 -204 43 1
! 3217 10845 200 sims=350343 RUNNER
! 13238 9313 200 sims=350343 BLOCKER
> 3544 5655 -138 -371 -92 1
> 10846 5907 -144 -15 -25 1
> 11690 5791 177 39 149 3
> 4463 4968 245 -101 25 1
! 31107 -90471 0
! 110100 -6280 200
> 3544 5655 -138 -371 -92 1
> 10846 5907 -144 -15 -25 1
> 11690 5791 177 39 149 3
> 4463 4968 245 -101 25 1
! 1946 8041 200 sims=324331 RUNNER
! 13526 9194 200 sims=324331 BLOCKER
> 3406 5284 -117 -315 -74 1
> 10840 5871 -88 -26 -7 1
> 11732 5872 119 64 167 3
> 4889 4952 362 -14 25 1
! 59325 -77619 200
! 109002 24951 200
> 3406 5284 -117 -315 -74 1
> 10840 5871 -88 -26 -7 1
> 11732 5872 119 64 167 3
> 4889 4952 362 -14 25 1
! 1770 5000 200 sims=330183 RUNNER
! 13952 9178 200 sims=330183 BLOCKER
> 3401 4803 -4 -408 -56 1
> 10839 5881 -89 6 11 1
> 11761 5921 113 43 185 3
> 5432 5023 461 59 25 1
! 82202 -56763 200
! 109001 24961 200
> 3401 4803 -4 -408 -56 1
> 10839 5881 -89 6 11 1
> 11761 5921 113 43 185 3
> 5432 5023 461 59 25 1
! 1799 5049 200 sims=349153 RUNNER
! 14495 9249 200 sims=349153 BLOCKER
> 3555 4272 130 -451 -38 1
> 10867 5922 -93 31 11 1
> 11754 5949 111 28 -175 3
> 6074 5167 545 121 25 1
! 97524 -29930 0
! 110121 -6264 200
> 3555 4272 130 -451 -38 1
> 10867 5922 -93 31 11 1
> 11754 5949 111 28 -175 3
> 6074 5167 545 121 25 1
! 1792 5077 200 sims=339885 RUNNER
! 13388 11987 200 sims=339885 BLOCKER
> 3685 3821 110 -383 -20 1
> 10854 5924 -94 0 -7 1
> 11785 5964 109 15 -175 3
> 6765 5424 587 218 43 1
! 103624 330 200
! 109016 25004 200
> 3685 3821 110 -383 -20 1
> 10854 5924 -94 0 -7 1
> 11785 5964 109 15 -175 3
> 6765 5424 587 218 43 1
! 2580 2057 200 sims=343238 RUNNER
! 15828 9650 200 sims=343238 BLOCKER
> 3995 3431 263 -331 -2 1
> 10903 5964 -88 40 11 1
> 11763 5899 111 -61 -157 3
> 7533 5727 653 257 25 1
! 100121 30994 200
! 110157 -6222 200
> 3995 3431 263 -331 -2 1
> 10903 5964 -88 40 11 1
> 11763 5899 111 -61 -157 3
> 7533 5727 653 257 25 1
! 2558 1992 200 sims=345765 RUNNER
! 16596 9953 200 sims=345765 BLOCKER
> 4450 3155 386 -234 16 1
> 10892 5999 -72 39 -7 1
> 11812 5741 104 -144 -157 3
> 8367 6069 709 290 25 1
! 87353 59074 200
! 101522 -36262 0
> 4450 3155 386 -234 16 1
> 10892 5999 -72 39 -7 1
> 11812 5741 104 -144 -157 3
> 8367 6069 709 290 25 1
! 1850 4869 200 sims=338625 RUNNER
! 18292 7288 200 sims=338625 BLOCKER
> 5002 3033 469 -103 34 1
> 10820 6038 -61 33 -25 1
> 11717 5580 -80 -137 -175 3
> 9275 6383 771 267 7 1
! 87905 58952 200
! 83955 -62161 200
> 5002 3033 469 -103 34 1
> 10820 6038 -61 33 -25 1
> 11717 5580 -80 -137 -175 3
> 9275 6383 771 267 7 1
! 1755 4708 200 sims=332388 RUNNER
! 19091 4475 0 sims=332388 BLOCKER
> 5637 3042 539 7 34 1
> 10853 5976 -97 46 -43 1
> 11490 5384 -67 -265 -175 3
> 10046 6650 655 226 -11 1
! 67203 81843 200
! 59333 -81486 200
> 5637 3042 539 7 34 1
> 10853 5976 -97 46 -43 1
> 11490 5384 -67 -265 -175 3
> 10046 6650 655 226 -11 1
! 1746 7634 200 sims=325031 RUNNER
! 18792 1802 200 sims=325031 BLOCKER
> 6299 3207 562 139 52 1
> 10822 5890 -77 0 -61 1
> 11259 5121 -144 -296 -193 3
> 10876 6779 705 109 -29 1
! 40501 97176 200
! 29902 -92272 200
> 6299 3207 562 139 52 1
> 10822 5890 -77 0 -61 1
> 11259 5121 -144 -296 -193 3
> 10876 6779 705 109 -29 1
! 2687 10271 200 sims=347123 RUNNER
! 20692 4871 0 sims=347123 BLOCKER
> 6929 3534 535 277 70 1
> 10772 5732 -72 -35 -79 1
> 10955 4890 -228 -295 149 3
> 11581 6888 599 92 -11 1
! 68495 82335 200
! -1415 -93522 200
> 6929 3534 535 277 70 1
> 10772 5732 -72 -35 -79 1
> 10955 4890 -228 -295 149 3
> 11581 6888 599 92 -11 1
! 4394 12437 200 sims=254170 RUNNER
! 21506 8107 0 sims=254170 BLOCKER
> 7587 3969 559 369 52 1
> 10670 5587 -91 -51 -97 1
> 10602 4658 -295 -269 131 3
> 12180 6980 509 78 7 1
! 69153 82770 200
! -31591 -85043 200
> 7587 3969 559 369 52 1
> 10670 5587 -91 -51 -97 1
> 10602 4658 -295 -269 131 3
> 12180 6980 509 78 7 1
! 6695 13863 200 sims=384944 RUNNER
! 22105 8199 200 sims=384944 BLOCKER
> 8269 4496 579 447 52 1
> 10494 5355 -149 -197 -115 1
> 10229 4573 -317 -72 113 3
> 12888 7082 601 87 7 1
! 42471 98465 200
! -57705 -67780 0
> 8269 4496 579 447 52 1
> 10494 5355 -149 -197 -115 1
> 10229 4573 -317 -72 113 3
> 12888 7082 601 87 7 1
! 9357 14535 0 sims=381178 RUNNER
! 22704 5174 0 sims=381178 BLOCKER
> 8916 5131 550 539 70 1
> 10376 5222 -75 -60 -133 1
> 9881 4437 -321 -168 95 3
> 13489 7169 510 73 -11 2
! 70482 83932 0
! -77086 -43258 200
> 8916 5131 550 539 70 1
> 10376 5222 -75 -60 -133 1
> 9881 4437 -321 -168 95 3
> 13489 7169 510 73 -11 2
! 12131 14181 0 sims=377685 RUNNER
! 22235 2321 0 sims=377685 BLOCKER
> 9466 5670 467 458 52 1
> 10126 5065 -212 -133 -151 1
> 9560 4269 -272 -142 77 3
> 13999 7242 433 62 -29 2
! 92369 61589 0
! -77336 -43415 0
> 9466 5670 467 458 52 1
> 10126 5065 -212 -133 -151 1
> 9560 4269 -272 -142 77 3
> 13999 7242 433 62 -29 2
! 14710 12841 0 sims=380450 RUNNER
! 20819 -72 0 sims=380450 BLOCKER
> 9933 6128 396 389 34 1
> 9914 4932 -180 -113 -151 1
> 9288 4127 -231 -120 59 3
> 14432 7304 368 52 -47 2
! 106059 33691 200
! -58285 -68203 0
> 9933 6128 396 389 34 1
> 9914 4932 -180 -113 -151 1
> 9288 4127 -231 -120 59 3
> 14432 7304 368 52 -47 2
! 16835 10688 200 sims=365946 RUNNER
! 18658 -1759 200 sims=365946 BLOCKER
> 10521 6572 500 377 16 1
> 9734 4819 -153 -96 -133 1
> 9208 4138 -68 9 41 3
> 14885 7175 384 -109 -65 2
! 110460 3082 200
! -32527 -85811 200
> 10521 6572 500 377 16 1
> 9734 4819 -153 -96 -133 1
> 9208 4138 -68 9 41 3
> 14885 7175 384 -109 -65 2
! 18413 8045 200 sims=350910 RUNNER
! 16104 -2750 200 sims=350910 BLOCKER
> 11221 6942 594 314 -2 1
> 9765 4895 57 105 -115 1
> 9056 3872 -160 -267 23 3
> 15293 6867 347 -261 -83 2
! 105190 -27260 0
! -2422 -94359 0
> 11221 6942 594 314 -2 1
> 9765 4895 57 105 -115 1
> 9056 3872 -160 -267 23 3
> 15293 6867 347 -261 -83 2
! 18261 7779 200 sims=361893 RUNNER
! 13385 -2949 200 sims=361893 BLOCKER
> 11815 7256 504 266 -20 1
> 9822 5000 48 89 -97 1
> 9080 3683 20 -160 23 3
> 15602 6410 262 -388 -101 2
! 90616 -54310 200
! 28902 -93162 0
> 11815 7256 504 266 -20 1
> 9822 5000 48 89 -97 1
> 9080 3683 20 -160 23 3
> 15602 6410 262 -388 -101 2
! 16627 10244 0 sims=389235 RUNNER
! 10754 -2336 200 sims=389235 BLOCKER
> 12477 7399 562 121 -38 1
> 9870 5089 40 75 -79 1
> 9100 3523 17 -136 41 3
> 15767 5847 140 -478 -119 2
! 68396 -75504 200
! -2317 -94165 0
> 12477 7399 562 121 -38 1
> 9870 5089 40 75 -79 1
> 9100 3523 17 -136 41 3
> 15767 5847 140 -478 -119 2
! 14250 12095 0 sims=373541 RUNNER
! 8453 -973 200 sims=373541 BLOCKER
> 13151 7354 572 -38 -56 2
> 9910 5164 34 63 -97 1
> 9117 3387 14 -115 59 3
> 15761 5233 -5 -522 -137 2
! 40714 -88772 200
! -2277 -94090 0
> 13151 7354 572 -38 -56 2
> 9910 5164 34 63 -97 1
> 9117 3387 14 -115 59 3
> 15761 5233 -5 -522 -137 2
! 16664 9948 200 sims=384727 RUNNER
! 6698 1007 200 sims=384727 BLOCKER
> 13778 7124 533 -195 -74 2
> 9944 5227 28 53 -97 1
> 9282 3403 140 13 41 3
> 15575 4626 -158 -515 -155 2
! 10287 -92815 200
! 29024 -92935 200
> 13778 7124 533 -195 -74 2
> 9944 5227 28 53 -97 1
> 9282 3403 140 13 41 3
> 15575 4626 -158 -515 -155 2
! 18487 7310 200 sims=386050 RUNNER
! 5650 3407 0 sims=386050 BLOCKER
> 14304 6729 447 -335 -92 2
> 10010 5084 56 -121 -79 1
> 9606 3494 275 77 23 3
> 15417 4111 -134 -437 -173 2
! -19898 -87240 200
! 58490 -82378 0
> 14304 6729 447 -335 -92 2
> 10010 5084 56 -121 -79 1
> 9606 3494 275 77 23 3
> 15417 4111 -134 -437 -173 2
! 19568 4366 200 sims=374276 RUNNER
! 6354 -115 0 sims=374276 BLOCKER
> 14683 6206 321 -444 -110 2
> 10066 4963 47 -102 -61 1
> 10080 3588 403 80 5 3
> 15283 3674 -113 -371 -155 2
! -46883 -72595 200
! 83201 -63236 0
> 14683 6206 321 -444 -110 2
> 10066 4963 47 -102 -61 1
> 10080 3588 403 80 5 3
> 15283 3674 -113 -371 -155 2
! 19824 1338 200 sims=355362 RUNNER
! 5358 2455 0 sims=355362 BLOCKER
> 14881 5604 168 -511 -128 2
> 10113 4861 39 -86 -43 1
> 10678 3623 508 29 -13 3
> 15170 3303 -96 -315 -173 2
! -68022 -50315 200
! 100743 -37400 200
> 14881 5604 168 -511 -128 2
> 10113 4861 39 -86 -43 1
> 10678 3623 508 29 -13 3
> 15170 3303 -96 -315 -173 2
! 20640 4495 200 sims=344918 RUNNER
! 5354 5211 0 sims=344918 BLOCKER
> 14883 4981 1 -529 -146 2
> 10333 4690 187 -144 -25 1
> 11385 3669 601 39 5 3
> 15074 2988 -81 -267 -191 2
! -46683 -73820 0
! 109587 -7497 0
> 14883 4981 1 -529 -146 2
> 10333 4690 187 -144 -25 1
> 11385 3669 601 39 5 3
> 15074 2988 -81 -267 -191 2
! 21347 4541 200 sims=333459 RUNNER
! 6328 7836 200 sims=333459 BLOCKER
> 14884 4452 0 -449 -128 2
> 10520 4546 158 -122 -7 1
> 12185 3725 680 47 5 3
> 14818 2818 -217 -144 -209 2
! -46682 -74349 0
! 108682 23626 200
> 14884 4452 0 -449 -128 2
> 10520 4546 158 -122 -7 1
> 12185 3725 680 47 5 3
> 14818 2818 -217 -144 -209 2
! 21929 1475 200 sims=329595 RUNNER
! 7998 10132 0 sims=329595 BLOCKER
> 14884 4003 0 -381 -128 2
> 10874 4462 301 -71 11 1
> 13060 3727 743 1 -13 3
> 14601 2674 -184 -122 -227 2
! -68019 -51916 200
! 98335 52942 0
> 14884 4003 0 -381 -128 2
> 10874 4462 301 -71 11 1
> 13060 3727 743 1 -13 3
> 14601 2674 -184 -122 -227 2
! 21632 -1423 200 sims=351645 RUNNER
! 10375 11737 0 sims=351645 BLOCKER
> 14766 3504 724 -524 -146 2
> 11175 4391 255 -60 29 1
> 13927 3631 -87 18 -31 3
> 14417 2552 -156 -103 -245 2
! -81360 -24059 200
! 79374 77526 0
> 14766 3504 724 -524 -146 2
> 11175 4391 255 -60 29 1
> 13927 3631 -87 18 -31 3
> 14417 2552 -156 -103 -245 2
! 23671 1381 0 sims=359072 RUNNER
! 7597 9866 0 sims=359072 BLOCKER
> 15298 2925 451 -492 -164 2
> 11430 4331 216 -51 47 1
> 13840 3649 -73 15 -13 3
> 14261 2449 -132 -87 133 2
! -80828 -24638 200
! 79629 77466 0
> 15298 2925 451 -492 -164 2
> 11430 4331 216 -51 47 1
> 13840 3649 -73 15 -13 3
> 14261 2449 -132 -87 133 2
! 23802 4521 0 sims=385350 RUNNER
! 5515 7297 0 sims=385350 BLOCKER
> 15557 2378 219 -465 -164 2
> 11646 4280 183 -43 47 1
> 13767 3664 -62 12 5 3
> 14129 2362 -112 -73 151 2
! -84382 5868 200
! 99107 52760 0
> 15557 2378 219 -465 -164 2
> 11646 4280 183 -43 47 1
> 13767 3664 -62 12 5 3
> 14129 2362 -112 -73 151 2
! 22972 7571 0 sims=388423 RUNNER
! 4313 4270 0 sims=388423 BLOCKER
> 15576 1920 16 -389 178 2
> 11829 4237 155 -36 29 1
> 13705 3676 -52 10 23 3
> 14017 2289 -95 -62 169 2
! -78393 36122 200
! 99290 52717 0
> 15576 1920 16 -389 178 2
> 11829 4237 155 -36 29 1
> 13705 3676 -52 10 23 3
> 14017 2289 -95 -62 169 2
! 21252 10237 0 sims=353080 RUNNER
! 4092 1070 0 sims=353080 BLOCKER
> 15404 1599 -146 -272 160 2
> 11984 4201 131 -30 29 1
> 13653 3686 -44 8 41 3
> 13922 2227 -80 -52 187 2
! -63397 63165 200
! 80183 77336 0
> 15404 1599 -146 -272 160 2
> 11984 4201 131 -30 29 1
> 13653 3686 -44 8 41 3
> 13922 2227 -80 -52 187 2
! 18803 12258 0 sims=346885 RUNNER
! 4859 -1999 0 sims=346885 BLOCKER
> 15100 1450 -258 -126 142 2
> 12115 4171 111 -25 47 1
> 13609 3694 -37 6 59 3
> 13842 2175 -68 -44 205 2
! -78869 35652 200
! 99576 52651 0
> 15100 1450 -258 -126 142 2
> 12115 4171 111 -25 47 1
> 13609 3694 -37 6 59 3
> 13842 2175 -68 -44 205 2
! 15859 13438 0 sims=269038 RUNNER
! 6528 -4645 0 sims=269038 BLOCKER
> 14654 1392 -379 -48 160 2
> 12226 4146 94 -21 29 1
> 13572 3700 -31 5 77 3
> 13774 2131 -57 -37 -137 2
! -64147 62958 200
! 80425 77281 0
> 14654 1392 -379 -48 160 2
> 12226 4146 94 -21 29 1
> 13572 3700 -31 5 77 3
> 13774 2131 -57 -37 -137 2
! 12700 13662 0 sims=263361 RUNNER
! 8926 -6615 200 sims=263361 BLOCKER
> 14213 1382 -152 -204 142 2
> 12320 4125 79 -17 47 1
> 13541 3705 -26 4 95 3
> 13524 2004 -434 87 -119 2
! -64588 62948 200
! 80519 77260 0
> 14213 1382 -152 -204 142 2
> 12320 4125 79 -17 47 1
> 13541 3705 -26 4 95 3
> 13524 2004 -434 87 -119 2
! 9634 12910 0 sims=330316 RUNNER
! 11616 -7812 0 sims=330316 BLOCKER
> 13903 1301 -263 -68 142 2
> 12399 4108 67 -14 47 1
> 13515 3709 -22 3 113 3
> 13090 2091 -368 73 -101 2
! -64898 62867 200
! 99860 52588 0
> 13903 1301 -263 -68 142 2
> 12399 4108 67 -14 47 1
> 13515 3709 -22 3 113 3
> 13090 2091 -368 73 -101 2
! 6954 11256 0 sims=318864 RUNNER
! 14309 -7834 0 sims=318864 BLOCKER
> 13482 1356 -357 46 142 2
> 12466 4094 56 -11 29 1
> 13493 3712 -18 2 131 3
> 12722 2164 -312 62 -83 2
! -42437 84259 200
! 110628 23174 0
> 13482 1356 -357 46 142 2
> 12466 4094 56 -11 29 1
> 13493 3712 -18 2 131 3
> 12722 2164 -312 62 -83 2
! 4921 8862 0 sims=297654 RUNNER
! 16948 -6899 200 sims=297654 BLOCKER
> 13082 1501 -151 -58 124 2
> 12522 4083 47 -9 11 1
> 13475 3714 -15 1 149 3
> 12426 2111 -440 136 -65 2
! -14481 97627 200
! 111776 -8103 0
> 13082 1501 -151 -58 124 2
> 12522 4083 47 -9 11 1
> 13475 3714 -15 1 149 3
> 12426 2111 -440 136 -65 2
! 3731 5964 200 sims=295169 RUNNER
! 19246 -5203 0 sims=295169 BLOCKER
> 12876 1635 -175 114 106 3
> 12536 4089 -160 80 -7 1
> 13298 3745 21 -48 167 3
> 11986 2247 -374 115 -47 2
! 16365 101574 200
! 103166 -38172 200
> 12876 1635 -175 114 106 3
> 12536 4089 -160 80 -7 1
> 13298 3745 21 -48 167 3
> 11986 2247 -374 115 -47 2
! 3336 2873 200 sims=316267 RUNNER
! 18806 -5067 200 sims=316267 BLOCKER
> 12708 1949 -142 266 88 3
> 12423 4152 -130 70 -25 1
> 13254 3613 -2 -130 185 3
> 11748 2216 -201 -26 -47 2
! -14855 98075 200
! 103053 -38109 0
> 12708 1949 -142 266 88 3
> 12423 4152 -130 70 -25 1
> 13254 3613 -2 -130 185 3
> 11748 2216 -201 -26 -47 2
! 3292 2741 200 sims=351435 RUNNER
! 20494 -2632 0 sims=351435 BLOCKER
> 12511 2407 -167 389 106 3
> 12293 4222 -110 59 -25 1
> 13053 3466 -171 -125 -175 3
> 11547 2190 -170 -22 -29 2
! 16000 102346 200
! 85428 -63977 200
> 12511 2407 -167 389 106 3
> 12293 4222 -110 59 -25 1
> 13053 3466 -171 -125 -175 3
> 11547 2190 -170 -22 -29 2
! 3091 2594 SHIELD sims=334915 RUNNER
! 21363 282 0 sims=334915 BLOCKER
> 12122 2741 -692 -117 88 3
> 12329 4145 30 -65 -43 1
> 12905 3366 -89 -44 -175 3
> 11377 2168 -144 -18 -11 2
! 46324 96710 200
! 60809 -83317 200
> 12122 2741 -692 -117 88 3
> 12329 4145 30 -65 -43 1
> 12905 3366 -89 -44 -175 3
> 11377 2168 -144 -18 -11 2
! 3161 5616 0 sims=315252 RUNNER
! 21193 260 SHIELD sims=315252 BLOCKER
> 11638 2981 -296 342 70 3
> 12391 4001 -26 -4 -61 1
> 12881 3226 59 -236 -193 3
> 11219 2133 -145 -43 -11 2
! 15127 102920 200
! 31471 -94161 0
> 11638 2981 -296 342 70 3
> 12391 4001 -26 -4 -61 1
> 12881 3226 59 -236 -193 3
> 11219 2133 -145 -43 -11 2
! 4309 8376 0 sims=387548 RUNNER
! 21144 3352 0 sims=387548 BLOCKER
> 11349 3523 -245 460 88 3
> 12365 3997 -22 -3 -79 1
> 12940 2990 50 -200 149 3
> 11074 2090 -123 -36 7 2
! -16214 99649 200
! 31445 -94165 200
> 11349 3523 -245 460 88 3
> 12365 3997 -22 -3 -79 1
> 12940 2990 50 -200 149 3
> 11074 2090 -123 -36 7 2
! 6379 10537 0 sims=372260 RUNNER
! 20137 6316 0 sims=372260 BLOCKER
> 11049 4175 -255 554 106 3
> 12381 3798 13 -169 -79 1
> 12990 2790 42 -170 131 3
> 10951 2054 -104 -30 25 2
! -44870 87078 200
! 60861 -83664 200
> 11049 4175 -255 554 106 3
> 12381 3798 13 -169 -79 1
> 12990 2790 42 -170 131 3
> 10951 2054 -104 -30 25 2
! 9083 11995 200 sims=378833 RUNNER
! 18265 8874 0 sims=378833 BLOCKER
> 10682 4895 -311 611 124 3
> 12490 3456 -91 -31 -61 1
> 12955 2802 154 -248 113 3
> 10847 2024 -88 -25 43 2
! -68119 66461 0
! 85625 -64743 200
> 10682 4895 -311 611 124 3
> 12490 3456 -91 -31 -61 1
> 12955 2802 154 -248 113 3
> 10847 2024 -88 -25 43 2
! 12083 12764 200 sims=367479 RUNNER
! 15695 10770 0 sims=367479 BLOCKER
> 10371 5506 -264 519 142 0
> 12465 3400 -24 -42 -43 1
> 13172 2642 187 -140 95 3
> 10759 1999 -74 -21 61 2
! -83598 39708 200
! 103095 -38861 200
> 10371 5506 -264 519 142 0
> 12465 3400 -24 -42 -43 1
> 13172 2642 187 -140 95 3
> 10759 1999 -74 -21 61 2
! 15422 12386 200 sims=379960 RUNNER
! 12667 11815 0 sims=379960 BLOCKER
> 9919 6093 -384 499 160 0
> 12622 3273 133 -107 -25 1
> 13404 2697 197 46 77 3
> 10685 1978 -62 -17 79 2
! -90020 9583 200
! 111876 -8914 200
> 9919 6093 -384 499 160 0
> 12622 3273 133 -107 -25 1
> 13404 2697 197 46 77 3
> 10685 1978 -62 -17 79 2
! 12532 12659 200 sims=379680 RUNNER
! 9466 11903 200 sims=379680 BLOCKER
> 9335 6599 -496 430 178 0
> 12821 3214 47 15 -7 1
> 13716 2870 386 81 95 3
> 10599 2160 -73 154 97 2
! -86791 -20964 200
! 110983 22294 200
> 9335 6599 -496 430 178 0
> 12821 3214 47 15 -7 1
> 13716 2870 386 81 95 3
> 10599 2160 -73 154 97 2
! 9809 12075 200 sims=239526 RUNNER
! 6373 11223 200 sims=239526 BLOCKER
> 8647 6974 -585 318 -164 0
> 13064 3267 206 45 11 1
> 14024 3135 261 225 113 3
> 10441 2495 -133 284 115 2
! -74256 -48945 200
! 100525 51747 200
> 8647 6974 -585 318 -164 0
> 13064 3267 206 45 11 1
> 14024 3135 261 225 113 3
> 10441 2495 -133 284 115 2
! 10117 12340 200 sims=390159 RUNNER
! 9222 12420 200 sims=390159 BLOCKER
> 7896 7180 -638 175 -146 0
> 13411 3405 152 101 29 1
> 14240 3548 327 367 113 3
> 10284 2978 -133 410 97 2
! -53670 -71621 200
! 81610 76540 200
> 7896 7180 -638 175 -146 0
> 13411 3405 152 101 29 1
> 14240 3548 327 367 113 3
> 10284 2978 -133 410 97 2
! 7679 11095 200 sims=348103 RUNNER
! 12192 12794 200 sims=348103 BLOCKER
> 7135 7197 -646 14 -128 0
> 13699 3652 245 210 47 1
> 14436 4066 166 440 131 3
> 10189 3584 -80 515 79 2
! -27067 -86772 200
! 55960 94282 200
> 7135 7197 -646 14 -128 0
> 13699 3652 245 210 47 1
> 14436 4066 166 440 131 3
> 10189 3584 -80 515 79 2
! 10529 13271 200 sims=367927 RUNNER
! 15037 12330 200 sims=367927 BLOCKER
> 6421 7023 -607 -147 -110 0
> 14029 4043 280 332 65 1
> 14524 4690 74 530 113 3
> 10206 4274 14 586 61 2
! -55145 -71778 200
! 26215 103297 200
> 6421 7023 -607 -147 -110 0
> 14029 4043 280 332 65 1
> 14524 4690 74 530 113 3
> 10206 4274 14 586 61 2
! 10617 13895 200 sims=336161 RUNNER
! 17520 11094 0 sims=336161 BLOCKER
> 5691 6718 -620 -258 -128 0
> 14333 4574 258 450 83 1
> 14520 5404 -3 606 113 3
> 10220 4860 11 498 43 2
! -28511 -87251 200
! -4747 102736 200
> 5691 6718 -620 -258 -128 0
> 14333 4574 258 450 83 1
> 14520 5404 -3 606 113 3
> 10220 4860 11 498 43 2
! 7959 12951 200 sims=386134 RUNNER
! 19283 9086 200 sims=386134 BLOCKER
> 5003 6272 -585 -379 -110 0
> 14553 5220 186 549 101 1
> 14386 6161 -114 643 131 3
> 10412 5443 163 495 25 2
! 1512 -93667 0
! -33927 92681 200
> 5003 6272 -585 -379 -110 0
> 14553 5220 186 549 101 1
> 14386 6161 -114 643 131 3
> 10412 5443 163 495 25 2
! 5814 11311 0 sims=355880 RUNNER
! 20337 6662 0 sims=355880 BLOCKER
> 4418 5893 -497 -322 -92 0
> 14642 5944 75 615 119 1
> 14272 6804 -96 546 149 3
> 10575 5938 138 420 7 2
! 31981 -90233 0
! -58493 74143 200
> 4418 5893 -497 -322 -92 0
> 14642 5944 75 615 119 1
> 14272 6804 -96 546 149 3
> 10575 5938 138 420 7 2
! 4528 9054 200 sims=374738 RUNNER
! 20391 4030 0 sims=374738 BLOCKER
> 3921 5571 -422 -273 -74 1
> 14571 6695 -60 638 137 1
> 13981 7395 -247 502 167 3
> 10713 6358 117 357 -11 2
! 59840 -77332 0
! -76059 48956 200
> 3921 5571 -422 -273 -74 1
> 14571 6695 -60 638 137 1
> 13981 7395 -247 502 167 3
> 10713 6358 117 357 -11 2
! 4019 6523 200 sims=388115 RUNNER
! 19459 1510 0 sims=388115 BLOCKER
> 3499 5298 -358 -232 -56 1
> 14330 7418 -205 614 155 1
> 13535 7880 -379 411 185 3
> 10830 6715 99 303 -29 2
! 82300 -56268 0
! -84924 19604 200
> 3499 5298 -358 -232 -56 1
> 14330 7418 -205 614 155 1
> 13535 7880 -379 411 185 3
> 10830 6715 99 303 -29 2
! 4330 3973 200 sims=397159 RUNNER
! 20646 4807 0 sims=397159 BLOCKER
> 3141 5066 -304 -197 -38 1
> 13926 8056 -342 542 173 2
> 12972 8213 -478 282 203 3
> 10929 7018 84 257 -11 2
! 97110 -29136 200
! -84236 -11024 200
> 3141 5066 -304 -197 -38 1
> 13926 8056 -342 542 173 2
> 12972 8213 -478 282 203 3
> 10929 7018 84 257 -11 2
! 5425 1652 0 sims=406000 RUNNER
! 19675 2170 0 sims=406000 BLOCKER
> 3025 4801 -98 -225 -20 1
> 13388 8560 -457 428 191 2
> 12494 8495 -406 239 221 3
> 11013 7275 71 218 -29 2
! 102964 1310 200
! -74074 -39920 200
> 3025 4801 -98 -225 -20 1
> 13388 8560 -457 428 191 2
> 12494 8495 -406 239 221 3
> 11013 7275 71 218 -29 2
! 7344 -77 200 sims=359751 RUNNER
! 20829 5367 0 sims=359751 BLOCKER
> 3127 4569 86 -197 -2 1
> 12756 8891 -537 281 -151 2
> 11985 8563 -432 57 239 3
> 11084 7493 60 185 -11 2
! 99253 32132 200
! -55443 -64244 SHIELD
> 3127 4569 86 -197 -2 1
> 12756 8891 -537 281 -151 2
> 11985 8563 -432 57 239 3
> 11084 7493 60 185 -11 2
! 9735 -1181 0 sims=352450 RUNNER
! 19830 2645 0 sims=352450 BLOCKER
> 3405 4427 236 -120 16 1
> 12219 9172 -456 238 -133 2
> 11553 8620 -367 48 -103 3
> 11144 7678 51 157 -29 2
! 99531 31990 200
! -30042 -81458 0
> 3405 4427 236 -120 16 1
> 12219 9172 -456 238 -133 2
> 11553 8620 -367 48 -103 3
> 11144 7678 51 157 -29 2
! 12425 -1342 200 sims=369215 RUNNER
! 20960 5770 0 sims=369215 BLOCKER
> 3833 4362 364 -55 16 1
> 11763 9410 -387 202 -115 2
> 11248 8646 -215 198 -85 3
> 11151 7657 -38 -193 -11 2
! 86736 60281 200
! -56436 -63725 200
> 3833 4362 364 -55 16 1
> 11763 9410 -387 202 -115 2
> 11248 8646 -215 198 -85 3
> 11151 7657 -38 -193 -11 2
! 12120 -1316 200 sims=372750 RUNNER
! 21076 8876 0 sims=372750 BLOCKER
> 4363 4419 450 48 34 1
> 11376 9612 -328 171 -133 2
> 11050 8645 -167 -1 -85 3
> 11113 7464 -32 -164 7 2
! 65929 83220 200
! -76086 -38868 200
> 4363 4419 450 48 34 1
> 11376 9612 -328 171 -133 2
> 11050 8645 -167 -1 -85 3
> 11113 7464 -32 -164 7 2
! 11922 -1317 200 sims=334978 RUNNER
! 20176 11690 0 sims=334978 BLOCKER
> 4936 4625 487 174 52 1
> 11048 9783 -278 145 -151 2
> 10900 8445 -127 -170 -85 3
> 11081 7300 -27 -139 25 2
! 66502 83426 200
! -57151 -63352 200
> 4936 4625 487 174 52 1
> 11048 9783 -278 145 -151 2
> 10900 8445 -127 -170 -85 3
> 11081 7300 -27 -139 25 2
! 8650 -1299 200 sims=377706 RUNNER
! 21006 8519 0 sims=377706 BLOCKER
> 5546 4957 518 281 52 1
> 10634 9782 -352 -1 -133 2
> 10728 8080 -146 -310 -103 3
> 11054 7161 -22 -118 7 2
! 88449 60876 200
! -31627 -80848 200
> 5546 4957 518 281 52 1
> 10634 9782 -352 -1 -133 2
> 10728 8080 -146 -310 -103 3
> 11054 7161 -22 -118 7 2
! 5578 -492 0 sims=329700 RUNNER
! 20117 11387 200 sims=329700 BLOCKER
> 6230 5350 581 333 34 1
> 10197 9600 -371 -154 -115 2
> 10582 7770 -124 -263 -121 3
> 11213 7128 135 -28 25 2
! 102356 32913 200
! -32064 -81030 200
> 6230 5350 581 333 34 1
> 10197 9600 -371 -154 -115 2
> 10582 7770 -124 -263 -121 3
> 11213 7128 135 -28 25 2
! 3035 1209 200 sims=329546 RUNNER
! 21138 8347 0 sims=329546 BLOCKER
> 7003 5738 657 329 16 1
> 9741 9265 -387 -284 -115 2
> 10307 7376 -233 -335 -139 3
> 11348 7100 114 -23 7 2
! 89906 61657 0
! -32520 -81365 0
> 7003 5738 657 329 16 1
> 9741 9265 -387 -284 -115 2
> 10307 7376 -233 -335 -139 3
> 11348 7100 114 -23 7 2
! 2760 815 200 sims=353374 RUNNER
! 20411 11326 0 sims=353374 BLOCKER
> 7660 6067 558 279 34 1
> 9354 8981 -328 -241 -115 2
> 9923 6910 -326 -396 -139 3
> 11462 7077 96 -19 25 2
! 69226 84868 200
! -2833 -90273 200
> 7660 6067 558 279 34 1
> 9354 8981 -328 -241 -115 2
> 9923 6910 -326 -396 -139 3
> 11462 7077 96 -19 25 2
! 718 3003 0 sims=367913 RUNNER
! 21387 8296 0 sims=367913 BLOCKER
> 8341 6504 578 371 52 1
> 9002 8541 -299 -373 -97 2
> 9597 6514 -277 -336 -157 3
> 11558 7058 81 -16 7 2
! 42543 100473 200
! 28082 -89621 200
> 8341 6504 578 371 52 1
> 9002 8541 -299 -373 -97 2
> 9597 6514 -277 -336 -157 3
> 11558 7058 81 -16 7 2
! 392 2607 SHIELD sims=384139 RUNNER
! 20621 11284 0 sims=384139 BLOCKER
> 8987 7063 549 475 70 1
> 8741 7972 -221 -483 -79 2
> 9320 6178 -235 -285 -157 3
> 11639 7042 68 -13 25 2
! 70553 85864 200
! 57221 -79490 200
> 8987 7063 549 475 70 1
> 8741 7972 -221 -483 -79 2
> 9320 6178 -235 -285 -157 3
> 11639 7042 68 -13 25 2
! -642 5306 0 sims=409829 RUNNER
! 21564 8261 0 sims=409829 BLOCKER
> 9963 7112 876 -49 52 1
> 8314 7898 -410 27 -61 2
> 9085 5893 -199 -242 -175 3
> 11707 7029 57 -11 7 2
! 92866 63031 0
! 81449 -60301 200
> 9963 7112 876 -49 52 1
> 8314 7898 -410 27 -61 2
> 9085 5893 -199 -242 -175 3
> 11707 7029 57 -11 7 2
! -659 8143 0 sims=340396 RUNNER
! 21523 5121 0 sims=340396 BLOCKER
> 10839 7063 744 -41 34 1
> 8050 7789 -224 -92 -43 2
> 8886 5651 -169 -205 -193 3
> 11764 7018 48 -9 -11 2
! 106965 34626 SHIELD
! 98680 -34472 200
> 10839 7063 744 -41 34 1
> 8050 7789 -224 -92 -43 2
> 8886 5651 -169 -205 -193 3
> 11764 7018 48 -9 -11 2
! 314 10801 0 sims=423864 RUNNER
! 21580 5110 SHIELD sims=423864 BLOCKER
> 11013 7050 40 -5 16 1
> 8007 7612 -36 -150 -25 2
> 8717 5446 -143 -174 149 3
> 12382 6981 632 -36 -11 2
! 107139 34613 0
! 81142 -60587 0
> 11013 7050 40 -5 16 1
> 8007 7612 -36 -150 -25 2
> 8717 5446 -143 -174 149 3
> 12382 6981 632 -36 -11 2
! 2156 12993 0 sims=399322 RUNNER
! 21128 2133 0 sims=399322 BLOCKER
> 11053 7045 34 -4 16 1
> 7971 7462 -30 -127 -43 2
> 8574 5272 -121 -147 131 3
> 13014 6945 537 -30 -29 2
! 107179 34608 0
! 56451 -80000 200
> 11053 7045 34 -4 16 1
> 7971 7462 -30 -127 -43 2
> 8574 5272 -121 -147 131 3
> 13014 6945 537 -30 -29 2
! 4667 14477 0 sims=375781 RUNNER
! 19834 -369 0 sims=375781 BLOCKER
> 11087 7041 28 -3 16 1
> 8038 7160 56 -256 -61 2
> 8453 5125 -102 -124 113 3
> 13551 6915 456 -25 -47 2
! 111026 3551 0
! 27118 -91002 200
> 11087 7041 28 -3 16 1
> 8038 7160 56 -256 -61 2
> 8453 5125 -102 -124 113 3
> 13551 6915 456 -25 -47 2
! 7581 15087 0 sims=374185 RUNNER
! 17777 -2148 0 sims=374185 BLOCKER
> 11115 7038 23 -2 -2 1
> 8132 6708 80 -384 -79 2
> 8351 5001 -86 -105 95 3
> 14007 6890 387 -21 -65 2
! 107241 34601 200
! 27212 -91454 200
> 11115 7038 23 -2 -2 1
> 8132 6708 80 -384 -79 2
> 8351 5001 -86 -105 95 3
> 14007 6890 387 -21 -65 2
! 10601 14745 200 sims=358414 RUNNER
! 15226 -3035 200 sims=358414 BLOCKER
> 11330 7091 182 45 16 1
> 8250 6128 100 -493 -79 2
> 8310 5091 -34 76 77 3
> 14418 6670 349 -186 -83 2
! 107456 34654 200
! 27330 -92034 200
> 11330 7091 182 45 16 1
> 8250 6128 100 -493 -79 2
> 8310 5091 -34 76 77 3
> 14418 6670 349 -186 -83 2
! 13460 13663 200 sims=323673 RUNNER
! 12510 -3146 200 sims=323673 BLOCKER
> 11704 7191 318 85 16 1
> 8351 6138 75 211 -79 2
> 8416 4639 100 -586 59 3
> 14729 6288 264 -324 -101 2
! 111643 3701 200
! 56831 -81324 200
> 11704 7191 318 85 16 1
> 8351 6138 75 211 -79 2
> 8416 4639 100 -586 59 3
> 14729 6288 264 -324 -101 2
! 13566 13211 200 sims=364441 RUNNER
! 9881 -2458 200 sims=364441 BLOCKER
> 12222 7269 440 66 -2 1
> 8523 6174 146 30 -61 2
> 8619 4224 172 -352 59 3
> 14896 5789 141 -424 -119 2
! 106191 -26933 0
! 57003 -81288 200
> 12222 7269 440 66 -2 1
> 8523 6174 146 30 -61 2
> 8619 4224 172 -352 59 3
> 14896 5789 141 -424 -119 2
! 13769 12796 200 sims=363972 RUNNER
! 7582 -1031 200 sims=363972 BLOCKER
> 12662 7335 374 56 -20 1
> 8766 6029 206 -123 -61 2
> 8894 4043 233 -153 59 3
> 14891 5229 -4 -476 -137 2
! 91463 -54231 0
! 57246 -81433 200
> 12662 7335 374 56 -20 1
> 8766 6029 206 -123 -61 2
> 8894 4043 233 -153 59 3
> 14891 5229 -4 -476 -137 2
! 11144 13787 0 sims=370384 RUNNER
! 5828 1003 200 sims=370384 BLOCKER
> 13036 7391 317 47 -38 2
> 9069 5731 257 -253 -61 2
> 9127 3890 198 -130 77 3
> 14706 4668 -157 -476 -155 2
! 68955 -75512 200
! 28149 -92431 0
> 13036 7391 317 47 -38 2
> 9069 5731 257 -253 -61 2
> 9127 3890 198 -130 77 3
> 14706 4668 -157 -476 -155 2
! 8255 13852 0 sims=373527 RUNNER
! 7392 -2152 0 sims=373527 BLOCKER
> 13465 7272 364 -100 -56 2
> 9326 5478 218 -215 -79 2
> 9325 3760 168 -110 95 3
> 14549 4192 -133 -404 -137 2
! 41028 -88854 200
! 28406 -92684 0
> 13465 7272 364 -100 -56 2
> 9326 5478 218 -215 -79 2
> 9325 3760 168 -110 95 3
> 14549 4192 -133 -404 -137 2
! 11575 13504 200 sims=380744 RUNNER
! 5486 -34 0 sims=380744 BLOCKER
> 13884 6980 356 -248 -74 2
> 9544 5263 185 -182 -79 2
> 9538 3845 181 72 77 3
> 14416 3788 -113 -343 -155 2
! 10393 -92959 200
! 28624 -92899 0
> 13884 6980 356 -248 -74 2
> 9544 5263 185 -182 -79 2
> 9538 3845 181 72 77 3
> 14416 3788 -113 -343 -155 2
! 11788 13589 200 sims=359261 RUNNER
! 7102 -3032 0 sims=359261 BLOCKER
> 14233 6532 296 -380 -92 2
> 9729 5081 157 -154 -79 2
> 9764 4112 192 226 77 3
> 14303 3445 -96 -291 -137 2
! -19969 -87437 200
! 58209 -82381 0
> 14233 6532 296 -380 -92 2
> 9729 5081 157 -154 -79 2
> 9764 4112 192 226 77 3
> 14303 3445 -96 -291 -137 2
! 12014 13856 SHIELD sims=360976 RUNNER
! 9455 -5301 0 sims=360976 BLOCKER
> 14461 5964 193 -482 -110 2
> 9862 5304 96 450 -61 2
> 9958 4300 166 133 77 3
> 14207 3154 -81 -247 -119 2
! -47105 -72837 200
! 28942 -92858 200
> 14461 5964 193 -482 -110 2
> 9862 5304 96 450 -61 2
> 9958 4300 166 133 77 3
> 14207 3154 -81 -247 -119 2
! 9086 14262 0 sims=356797 RUNNER
! 6893 -3666 0 sims=356797 BLOCKER
> 14531 5324 59 -543 -128 2
> 9996 5558 114 215 -79 2
> 10124 4433 141 113 95 3
> 14126 2907 -68 -209 -137 2
! -47035 -73477 200
! 29076 -92604 200
> 14531 5324 59 -543 -128 2
> 9996 5558 114 215 -79 2
> 10124 4433 141 113 95 3
> 14126 2907 -68 -209 -137 2
! 9252 14395 0 sims=344484 RUNNER
! 5063 -1319 0 sims=344484 BLOCKER
> 14467 4623 -54 -595 -128 2
> 10148 5577 129 15 -79 2
> 10265 4546 119 96 95 3
> 14058 2698 -57 -177 -155 2
! -68436 -51296 0
! 29228 -92585 200
> 14467 4623 -54 -595 -128 2
> 10148 5577 129 15 -79 2
> 10265 4546 119 96 95 3
> 14058 2698 -57 -177 -155 2
! 9393 14508 0 sims=314370 RUNNER
! 4133 1479 0 sims=314370 BLOCKER
> 14413 4028 -45 -505 -146 2
> 10311 5439 119 83 -79 2
> 10388 4599 123 -155 95 3
> 14001 2521 -48 -150 -173 2
! -68490 -51891 0
! -1876 -93815 200
> 14413 4028 -45 -505 -146 2
> 10311 5439 119 83 -79 2
> 10388 4599 123 -155 95 3
> 14001 2521 -48 -150 -173 2
! 9516 14561 200 sims=325983 RUNNER
! 4185 4429 0 sims=325983 BLOCKER
> 14368 3523 -38 -429 -146 2
> 10391 5467 63 70 -97 2
> 10508 4500 106 -130 95 3
> 13953 2371 -40 -127 -191 2
! -68535 -52396 200
! 29471 -92695 200
> 14368 3523 -38 -429 -146 2
> 10391 5467 63 70 -97 2
> 10508 4500 106 -130 95 3
> 13953 2371 -40 -127 -191 2
! 9636 14462 200 sims=331842 RUNNER
! 5207 7219 0 sims=331842 BLOCKER
> 14171 3001 -51 -102 -146 2
> 10489 5364 61 76 -79 2
> 10600 4545 99 -124 95 3
> 13906 2225 -156 -465 -209 2
! -47395 -75800 200
! 29569 -92798 200
> 14171 3001 -51 -102 -146 2
> 10489 5364 61 76 -79 2
> 10600 4545 99 -124 95 3
> 13906 2225 -156 -465 -209 2
! 6693 13750 200 sims=323820 RUNNER
! 7086 9539 0 sims=323820 BLOCKER
> 13997 2741 -148 -220 -128 2
> 10565 5427 61 78 -79 2
> 10644 4422 40 -129 113 3
> 13750 1760 -132 -395 -227 2
! -47569 -76060 200
! -1622 -93827 200
> 13997 2741 -148 -220 -128 2
> 10565 5427 61 78 -79 2
> 10644 4422 40 -129 113 3
> 13750 1760 -132 -395 -227 2
! 9772 14384 200 sims=292845 RUNNER
! 9524 10823 200 sims=292845 BLOCKER
> 13726 2363 -230 -320 -128 2
> 10602 5306 31 -102 -97 2
> 10667 4492 19 59 95 3
> 13533 1546 -184 -181 -245 2
! -47840 -76438 200
! 29682 -92856 200
> 13726 2363 -230 -320 -128 2
> 10602 5306 31 -102 -97 2
> 10667 4492 19 59 95 3
> 13533 1546 -184 -181 -245 2
! 9795 14454 200 sims=288260 RUNNER
! 12314 11471 200 sims=288260 BLOCKER
> 13481 2349 -200 20 -128 2
> 10628 5550 21 221 -79 2
> 10711 4208 38 -255 95 3
> 13216 1100 -276 -411 97 2
! -48085 -76452 200
! -1559 -93704 200
> 13481 2349 -200 20 -128 2
> 10628 5550 21 221 -79 2
> 10711 4208 38 -255 95 3
> 13216 1100 -276 -411 97 2
! 9839 14170 200 sims=325710 RUNNER
! 8990 10163 200 sims=325710 BLOCKER
> 13158 2211 -274 -116 -128 2
> 10625 5572 -2 19 -97 2
> 10732 4152 17 -47 95 3
> 12855 870 -306 -195 115 2
! -48408 -76590 200
! 29705 -92590 200
> 13158 2211 -274 -116 -128 2
> 10625 5572 -2 19 -97 2
> 10732 4152 17 -47 95 3
> 12855 870 -306 -195 115 2
! 9860 14114 200 sims=343343 RUNNER
! 6035 8184 200 sims=343343 BLOCKER
> 12761 1937 -337 -232 -128 2
> 10661 5395 30 -150 -79 2
> 10732 4304 0 129 95 3
> 12413 821 -376 -41 133 3
! -70142 -53982 200
! -1526 -93859 200
> 12761 1937 -337 -232 -128 2
> 10661 5395 30 -150 -79 2
> 10732 4304 0 129 95 3
> 12413 821 -376 -41 133 3
! 9860 14266 200 sims=312508 RUNNER
! 5593 8135 200 sims=312508 BLOCKER
> 12278 1632 -276 10 -146 3
> 10637 5429 -39 277 -97 2
> 10744 4250 29 -294 95 3
> 11881 887 -586 -213 133 3
! -83848 -25931 200
! 29717 -92733 200
> 12278 1632 -276 10 -146 3
> 10637 5429 -39 277 -97 2
> 10744 4250 29 -294 95 3
> 11881 887 -586 -213 133 3
! 9872 14212 200 sims=343231 RUNNER
! 7655 9950 200 sims=343231 BLOCKER
> 11810 1587 -398 -38 -164 3
> 10636 5510 0 68 -79 2
> 10756 4155 9 -80 95 3
> 11210 855 -569 -26 115 3
! -88129 5077 200
! 29716 -92652 200
> 11810 1587 -398 -38 -164 3
> 10636 5510 0 68 -79 2
> 10756 4155 9 -80 95 3
> 11210 855 -569 -26 115 3
! 9884 14117 200 sims=348733 RUNNER
! 9991 10780 0 sims=348733 BLOCKER
> 11212 1556 -508 -26 -182 3
> 10674 5382 32 -109 -79 2
> 10748 4274 -7 101 95 3
> 10641 829 -483 -22 97 3
! -82757 35758 0
! -1513 -93872 200
> 11212 1556 -508 -26 -182 3
> 10674 5382 32 -109 -79 2
> 10748 4274 -7 101 95 3
> 10641 829 -483 -22 97 3
! 9876 14236 200 sims=313978 RUNNER
! 12549 10645 0 sims=313978 BLOCKER
> 10704 1530 -431 -22 -200 3
> 10660 5372 -30 254 -97 2
> 10745 4277 16 -260 95 3
> 10158 807 -410 -18 79 3
! -68097 63096 SHIELD
! 29740 -92790 200
> 10704 1530 -431 -22 -200 3
> 10660 5372 -30 254 -97 2
> 10745 4277 16 -260 95 3
> 10158 807 -410 -18 79 3
! 9873 14239 200 sims=346227 RUNNER
! 15006 9553 0 sims=346227 BLOCKER
> 10273 1508 -366 -18 -218 3
> 10668 5430 6 49 -79 2
> 10744 4216 -1 -51 95 3
> 9748 789 -348 -15 61 3
! -45646 84411 0
! -1519 -93824 200
> 10273 1508 -366 -18 -218 3
> 10668 5430 6 49 -79 2
> 10744 4216 -1 -51 95 3
> 9748 789 -348 -15 61 3
! 9872 14178 200 sims=348187 RUNNER
! 17062 7609 0 sims=348187 BLOCKER
> 9907 1490 -311 -15 124 3
> 10650 5280 -15 -127 -97 2
> 10726 4364 -15 126 95 3
> 9400 774 -295 -12 43 3
! -17656 97616 200
! 29730 -92882 200
> 9907 1490 -311 -15 124 3
> 10650 5280 -15 -127 -97 2
> 10726 4364 -15 126 95 3
> 9400 774 -295 -12 43 3
! 9854 14326 SHIELD sims=332346 RUNNER
! 14248 9520 0 sims=332346 BLOCKER
> 9596 1475 -264 -12 106 3
> 10623 5558 -37 419 -79 2
> 10716 4430 -7 37 95 3
> 9105 762 -250 -10 61 3
! 13085 101414 200
! 29703 -92604 200
> 9596 1475 -264 -12 106 3
> 10623 5558 -37 419 -79 2
> 10716 4430 -7 37 95 3
> 9105 762 -250 -10 61 3
! 9844 14392 0 sims=342580 RUNNER
! 16419 7582 0 sims=342580 BLOCKER
> 9332 1463 -224 -10 88 3
> 10624 5781 0 189 -79 2
> 10709 4467 -5 31 95 3
> 8855 752 -212 -8 43 3
! 43534 95432 0
! -1563 -93473 200
> 9332 1463 -224 -10 88 3
> 10624 5781 0 189 -79 2
> 10709 4467 -5 31 95 3
> 8855 752 -212 -8 43 3
! 9837 14429 0 sims=331016 RUNNER
! 13703 9498 0 sims=331016 BLOCKER
> 9108 1453 -190 -8 70 3
> 10600 5771 -20 -8 -97 2
> 10704 4498 -4 26 95 3
> 8643 744 -180 -6 61 3
! 70674 80254 0
! -1587 -93483 200
> 9108 1453 -190 -8 70 3
> 10600 5771 -20 -8 -97 2
> 10704 4498 -4 26 95 3
> 8643 744 -180 -6 61 3
! 6797 13703 0 sims=334663 RUNNER
! 13491 9490 200 sims=334663 BLOCKER
> 9012 1588 -57 151 52 3
> 10556 5564 -37 -175 -97 2
> 10700 4524 -3 22 113 3
> 8466 770 -175 -14 61 3
! 43214 95557 200
! 29636 -92598 200
> 9012 1588 -57 151 52 3
> 10556 5564 -37 -175 -97 2
> 10700 4524 -3 22 113 3
> 8466 770 -175 -14 61 3
! 6793 13729 200 sims=309750 RUNNER
! 13314 9516 200 sims=309750 BLOCKER
> 9023 1927 9 288 70 3
> 10512 5523 -66 175 -79 2
> 10664 4400 -1 -315 113 3
> 8388 931 -66 136 61 3
! 12512 101866 200
! -1675 -93731 200
> 9023 1927 9 288 70 3
> 10512 5523 -66 175 -79 2
> 10664 4400 -1 -315 113 3
> 8388 931 -66 136 61 3
! 6757 13605 200 sims=339318 RUNNER
! 10296 10747 200 sims=339318 BLOCKER
> 9039 2415 13 414 88 3
> 10422 5499 -76 -19 -97 2
> 10585 4269 -67 -111 113 3
> 8360 1263 -23 282 79 3
! 43241 96384 200
! -1765 -93755 200
> 9039 2415 13 414 88 3
> 10422 5499 -76 -19 -97 2
> 10585 4269 -67 -111 113 3
> 8360 1263 -23 282 79 3
! 4024 11816 200 sims=356587 RUNNER
! 7141 11188 0 sims=356587 BLOCKER
> 9120 3017 69 511 70 3
> 10322 5281 -85 -184 -97 2
> 10387 4309 -168 33 131 3
> 8337 1545 -19 239 97 3
! 43322 96986 200
! 29402 -92881 200
> 9120 3017 69 511 70 3
> 10322 5281 -85 -184 -97 2
> 10387 4309 -168 33 131 3
> 8337 1545 -19 239 97 3
! 3826 11856 200 sims=257341 RUNNER
! 10245 11361 200 sims=257341 BLOCKER
> 9257 3716 116 594 70 3
> 10281 5290 -32 153 -79 2
> 10082 4103 -261 -319 131 3
> 8356 1980 16 370 79 3
! 70823 82517 SHIELD
! 58761 -82172 0
> 9257 3716 116 594 70 3
> 10281 5290 -32 153 -79 2
> 10082 4103 -261 -319 131 3
> 8356 1980 16 370 79 3
! 1510 9253 200 sims=334180 RUNNER
! 13204 10726 200 sims=334180 BLOCKER
> 9256 4267 -16 462 52 3
> 10249 5443 -27 130 -61 2
> 10821 4319 785 241 149 3
> 8469 2525 96 463 61 3
! 92159 60186 0
! 83384 -62756 0
> 9256 4267 -16 462 52 3
> 10249 5443 -27 130 -61 2
> 10821 4319 785 241 149 3
> 8469 2525 96 463 61 3
! 1077 6569 200 sims=278418 RUNNER
! 15783 9345 200 sims=278418 BLOCKER
> 9240 4729 -13 392 34 3
> 10222 5573 -22 110 -43 2
> 11411 4605 501 243 167 3
> 8711 3124 205 509 43 3
! 105366 32292 0
! 100852 -36688 200
> 9240 4729 -13 392 34 3
> 10222 5573 -22 110 -43 2
> 11411 4605 501 243 167 3
> 8711 3124 205 509 43 3
! 1449 3733 200 sims=298802 RUNNER
! 13559 11870 200 sims=298802 BLOCKER
> 9227 5121 -11 333 16 3
> 10381 5598 135 21 -25 2
> 11713 4831 256 191 185 3
> 9013 3808 256 581 61 3
! 109166 1631 0
! 101011 -36663 200
> 9227 5121 -11 333 16 3
> 10381 5598 135 21 -25 2
> 11713 4831 256 191 185 3
> 9013 3808 256 581 61 3
! 1969 7081 200 sims=300321 RUNNER
! 13861 12554 200 sims=300321 BLOCKER
> 9216 5454 -9 283 -2 3
> 10697 5534 268 -53 -25 2
> 11774 5067 51 200 167 3
> 9366 4564 300 642 61 3
! 103185 -28748 0
! 109951 -6653 0
> 9216 5454 -9 283 -2 3
> 10697 5534 268 -53 -25 2
> 11774 5067 51 200 167 3
> 9366 4564 300 642 61 3
! 1812 4195 200 sims=297766 RUNNER
! 11274 14380 200 sims=297766 BLOCKER
> 9111 6061 -112 594 -20 3
> 10871 5516 -148 96 -7 2
> 11719 5214 249 13 185 3
> 9800 5078 392 358 79 3
! 87912 -55505 200
! 110125 -6671 SHIELD
> 9111 6061 -112 594 -20 3
> 10871 5516 -148 96 -7 2
> 11719 5214 249 13 185 3
> 9800 5078 392 358 79 3
! 1975 7464 200 sims=302666 RUNNER
! 14648 13824 200 sims=302666 BLOCKER
> 9157 6532 38 400 -38 3
> 10790 5632 -16 114 -7 2
> 11773 5272 46 49 167 3
> 9620 5411 -673 127 61 3
! 65076 -76371 200
! 108952 24712 0
> 9157 6532 38 400 -38 3
> 10790 5632 -16 114 -7 2
> 11773 5272 46 49 167 3
> 9620 5411 -673 127 61 3
! 3201 10422 200 sims=330820 RUNNER
! 11528 15227 0 sims=330820 BLOCKER
> 9307 6766 127 199 -56 3
> 10774 5746 -13 96 11 2
> 11648 5424 -106 129 149 3
> 8947 5538 -572 107 79 3
! 65226 -76137 200
! 110028 -6440 SHIELD
> 9307 6766 127 199 -56 3
> 10774 5746 -13 96 11 2
> 11648 5424 -106 129 149 3
> 8947 5538 -572 107 79 3
! 1904 7674 200 sims=292187 RUNNER
! 7728 15463 0 sims=292187 BLOCKER
> 9546 6799 203 28 -56 3
> 10733 5853 -53 98 -7 2
> 11628 5490 172 -16 167 3
> 8375 5645 -486 90 97 3
! 65465 -76104 200
! 109987 -6334 0
> 9546 6799 203 28 -56 3
> 10733 5853 -53 98 -7 2
> 11628 5490 172 -16 167 3
> 8375 5645 -486 90 97 3
! 1884 7740 200 sims=309519 RUNNER
! 4149 14708 0 sims=309519 BLOCKER
> 9861 6661 267 -117 -56 3
> 10680 5951 -45 83 -7 2
> 11605 5519 -19 24 167 3
> 7889 5735 -413 76 115 3
! 88662 -54905 200
! 108842 25031 200
> 9861 6661 267 -117 -56 3
> 10680 5951 -45 83 -7 2
> 11605 5519 -19 24 167 3
> 7889 5735 -413 76 115 3
! 3033 10669 200 sims=311388 RUNNER
! 1069 13049 0 sims=311388 BLOCKER
> 10081 6613 11 123 -38 3
> 10661 5919 -220 -26 11 2
> 11593 5569 369 -122 149 3
> 7476 5811 -351 64 133 3
! 66000 -76290 200
! 98122 54399 200
> 10081 6613 11 123 -38 3
> 10661 5919 -220 -26 11 2
> 11593 5569 369 -122 149 3
> 7476 5811 -351 64 133 3
! 1849 7819 200 sims=201474 RUNNER
! -1270 10659 0 sims=201474 BLOCKER
> 10147 6664 10 120 -56 3
> 10498 5799 -92 -179 29 2
> 11767 5492 148 -65 167 3
> 7125 5875 -298 54 151 3
! 66066 -76239 200
! 97959 54279 200
> 10147 6664 10 120 -56 3
> 10498 5799 -92 -179 29 2
> 11767 5492 148 -65 167 3
> 7125 5875 -298 54 151 3
! 2023 7742 200 sims=337267 RUNNER
! -2691 7783 0 sims=337267 BLOCKER
> 10269 6618 103 -38 -56 3
> 10581 5717 70 -69 29 2
> 11720 5472 -39 -17 167 3
> 6827 5929 -253 45 169 3
! 66188 -76285 200
! 108743 24797 0
> 10269 6618 103 -38 -56 3
> 10581 5717 70 -69 29 2
> 11720 5472 -39 -17 167 3
> 6827 5929 -253 45 169 3
! 1976 7722 200 sims=271929 RUNNER
! -3098 4710 0 sims=271929 BLOCKER
> 10479 6433 143 -5 -56 0
> 10655 5629 98 -225 11 2
> 11486 5500 -198 23 167 3
> 6574 5974 -215 38 187 3
! 38042 -89693 0
! 98116 54109 SHIELD
> 10479 6433 143 -5 -56 0
> 10655 5629 98 -225 11 2
> 11486 5500 -198 23 167 3
> 6574 5974 -215 38 187 3
! 2914 10650 200 sims=280077 RUNNER
! -2489 1748 0 sims=280077 BLOCKER
> 10622 6428 121 -4 -74 0
> 10669 5415 5 -181 29 2
> 11959 5519 464 8 149 3
> 6359 6012 -182 32 205 3
! 7131 -93511 0
! 78868 78550 0
> 10622 6428 121 -4 -74 0
> 10669 5415 5 -181 29 2
> 11959 5519 464 8 149 3
> 6359 6012 -182 32 205 3
! 3387 10669 200 sims=373562 RUNNER
! -3566 4793 0 sims=373562 BLOCKER
> 10743 6424 102 -3 -92 0
> 10674 5234 4 -153 47 2
> 12252 5630 248 94 149 3
> 6177 6044 -154 27 -173 3
! -23459 -87545 0
! 98135 53714 200
> 10743 6424 102 -3 -92 0
> 10674 5234 4 -153 47 2
> 12252 5630 248 94 149 3
> 6177 6044 -154 27 -173 3
! 2508 7880 200 sims=360192 RUNNER
! -2886 1818 0 sims=360192 BLOCKER
> 10845 6421 86 -2 -110 0
> 10678 5081 3 -130 29 2
> 12305 5769 45 118 167 3
> 6023 6071 -130 22 -155 3
! -23357 -87548 0
! 78877 78216 0
> 10845 6421 86 -2 -110 0
> 10678 5081 3 -130 29 2
> 12305 5769 45 118 167 3
> 6023 6071 -130 22 -155 3
! 3733 10919 200 sims=374647 RUNNER
! -3902 4852 0 sims=374647 BLOCKER
> 10931 6419 73 -1 -110 0
> 10681 4951 2 -110 47 2
> 12179 5990 -107 187 149 3
> 5893 6093 -110 18 -173 3
! -50635 -72382 0
! 52942 95581 200
> 10931 6419 73 -1 -110 0
> 10681 4951 2 -110 47 2
> 12179 5990 -107 187 149 3
> 5893 6093 -110 18 -173 3
! 2435 8240 200 sims=377230 RUNNER
! -3170 1867 0 sims=377230 BLOCKER
> 11004 6418 62 0 -128 0
> 10768 5022 73 60 65 2
> 11877 6222 -256 197 167 3
> 5783 6111 -93 15 -155 3
! -71899 -49501 0
! 53029 95652 200
> 11004 6418 62 0 -128 0
> 10768 5022 73 60 65 2
> 11877 6222 -256 197 167 3
> 5783 6111 -93 15 -155 3
! 1915 5350 0 sims=356286 RUNNER
! -1531 -709 0 sims=356286 BLOCKER
> 10816 6463 -238 52 -146 0
> 10926 5263 133 205 65 2
> 11871 6374 73 114 185 3
> 5690 6126 -79 12 -137 3
! -85310 -21100 200
! 53187 95893 200
> 10816 6463 -238 52 -146 0
> 10926 5263 133 205 65 2
> 11871 6374 73 114 185 3
> 5690 6126 -79 12 -137 3
! 2666 2467 200 sims=215033 RUNNER
! -3373 1900 0 sims=215033 BLOCKER
> 10386 6460 -365 -2 -164 0
> 11144 5649 184 328 65 2
> 11760 6410 -94 30 203 3
> 5611 6138 -67 10 -155 3
! -89553 9950 200
! 53405 96279 200
> 10386 6460 -365 -2 -164 0
> 11144 5649 184 328 65 2
> 11760 6410 -94 30 203 3
> 5611 6138 -67 10 -155 3
! 2555 2503 SHIELD sims=366394 RUNNER
! -1703 -682 0 sims=366394 BLOCKER
> 9821 6465 -480 4 -182 0
> 10926 5566 -360 -284 65 2
> 11715 6499 -20 97 -157 3
> 5544 6148 -56 8 -137 3
! -84148 40667 200
! 79125 78701 200
> 9821 6465 -480 4 -182 0
> 10926 5566 -360 -284 65 2
> 11715 6499 -20 97 -157 3
> 5544 6148 -56 8 -137 3
! 4168 -62 0 sims=185724 RUNNER
! 696 -2598 0 sims=185724 BLOCKER
> 9153 6537 -567 61 -200 0
> 10702 5428 -190 -117 47 2
> 11695 6596 -17 82 -139 3
> 5488 6156 -47 6 -119 3
! -90786 10027 200
! 78901 78563 200
> 9153 6537 -567 61 -200 0
> 10702 5428 -190 -117 47 2
> 11695 6596 -17 82 -139 3
> 5488 6156 -47 6 -119 3
! 4148 35 0 sims=196511 RUNNER
! -1826 -664 0 sims=196511 BLOCKER
> 8386 6605 -651 57 178 0
> 10648 5457 -45 24 47 2
> 11678 6678 -14 69 -139 3
> 5441 6162 -39 5 -137 3
! -87740 -20958 200
! 78847 78592 200
> 8386 6605 -651 57 178 0
> 10648 5457 -45 24 47 2
> 11678 6678 -14 69 -139 3
> 5441 6162 -39 5 -137 3
! 4131 117 0 sims=354942 RUNNER
! 593 -2584 0 sims=354942 BLOCKER
> 7543 6607 -716 1 -164 0
> 10739 5627 77 144 47 2
> 11664 6747 -11 58 -139 3
> 5402 6167 -33 4 -119 3
! -88583 -20956 0
! 53000 96257 200
> 7543 6607 -716 1 -164 0
> 10739 5627 77 144 47 2
> 11664 6747 -11 58 -139 3
> 5402 6167 -33 4 -119 3
! 4117 186 200 sims=114548 RUNNER
! 3494 -3649 0 sims=114548 BLOCKER
> 6827 6608 -608 0 -164 0
> 10901 5952 137 276 65 2
> 11502 6674 -137 -62 -139 3
> 5369 6171 -28 3 -101 3
! -76076 -49311 0
! 79100 79087 0
> 6827 6608 -608 0 -164 0
> 10901 5952 137 276 65 2
> 11502 6674 -137 -62 -139 3
> 5369 6171 -28 3 -101 3
! 3955 113 SHIELD sims=297241 RUNNER
! 6588 -3754 0 sims=297241 BLOCKER
> 6219 6608 -516 0 -146 0
> 10693 5816 -314 -281 47 2
> 11399 6653 -73 -1 -139 3
> 5341 6174 -23 2 -83 3
! -55347 -72193 0
! 78892 78951 200
> 6219 6608 -516 0 -146 0
> 10693 5816 -314 -281 47 2
> 11399 6653 -73 -1 -139 3
> 5341 6174 -23 2 -83 3
! 6249 -1919 0 sims=369558 RUNNER
! 6560 -3751 SHIELD sims=369558 BLOCKER
> 6074 6847 101 347 -128 0
> 10515 5681 -150 -114 47 2
> 11326 6652 -62 0 -121 3
> 5281 6152 -73 -33 -83 3
! -76829 -49072 200
! 78714 78816 200
> 6074 6847 101 347 -128 0
> 10515 5681 -150 -114 47 2
> 11326 6652 -62 0 -121 3
> 5281 6152 -73 -33 -83 3
! 6176 -1920 0 sims=364490 RUNNER
! 3373 -3664 0 sims=364490 BLOCKER
> 6009 7082 -55 199 -146 0
> 10501 5713 -11 27 47 2
> 11264 6652 -52 0 -121 3
> 5208 6119 -62 -28 -101 3
! -55557 -71719 200
! 78700 78848 200
> 6009 7082 -55 199 -146 0
> 10501 5713 -11 27 47 2
> 11264 6652 -52 0 -121 3
> 5208 6119 -62 -28 -101 3
! 3717 91 0 sims=336910 RUNNER
! 360 -2627 0 sims=336910 BLOCKER
> 5831 7123 -151 35 -128 0
> 10626 5886 106 147 47 2
> 11212 6652 -44 0 -139 3
> 5146 6091 -52 -23 -119 3
! -77072 -48796 200
! 52887 96516 200
> 5831 7123 -151 35 -128 0
> 10626 5886 106 147 47 2
> 11212 6652 -44 0 -139 3
> 5146 6091 -52 -23 -119 3
! 6062 -1920 0 sims=264824 RUNNER
! -2168 -729 0 sims=264824 BLOCKER
> 5514 7046 -269 -65 -146 0
> 10670 6026 -48 8 65 2
> 11314 6841 172 270 -121 3
> 5094 6068 -44 -19 -137 3
! -56052 -71755 200
! 78869 79161 0
> 5514 7046 -269 -65 -146 0
> 10670 6026 -48 8 65 2
> 11314 6841 172 270 -121 3
> 5094 6068 -44 -19 -137 3
! 3767 280 200 sims=262038 RUNNER
! -3969 1842 0 sims=262038 BLOCKER
> 5125 6846 -305 19 -128 0
> 10622 6034 -40 6 47 2
> 11335 6980 17 117 -139 3
> 5047 6026 -64 -224 -155 3
! -29077 -87123 200
! 52883 96664 200
> 5125 6846 -305 19 -128 0
> 10622 6034 -40 6 47 2
> 11335 6980 17 117 -139 3
> 5047 6026 -64 -224 -155 3
! 6185 -1592 200 sims=298564 RUNNER
! -4878 4807 0 sims=298564 BLOCKER
> 4752 6677 -317 -143 -110 0
> 10667 6221 37 159 65 2
> 11249 6926 -73 -46 -121 3
> 4983 5802 -54 -190 -173 3
! 1261 -93262 200
! 78866 79356 200
> 4752 6677 -317 -143 -110 0
> 10667 6221 37 159 65 2
> 11249 6926 -73 -46 -121 3
> 4983 5802 -54 -190 -173 3
! 3702 365 0 sims=256263 RUNNER
! -4833 7710 200 sims=256263 BLOCKER
> 4404 6397 -333 -134 -92 0
> 10638 6287 -86 -18 47 2
> 11378 7119 172 238 -139 3
> 4756 5587 -154 -285 -191 3
! 31967 -89729 200
! 78837 79422 0
> 4404 6397 -333 -134 -92 0
> 10638 6287 -86 -18 47 2
> 11378 7119 172 238 -139 3
> 4756 5587 -154 -285 -191 3
! 6228 -1453 200 sims=280721 RUNNER
! -3990 10435 0 sims=280721 BLOCKER
> 4126 6071 -236 -277 -74 0
> 10552 6269 -73 -15 47 2
> 11447 7186 58 56 -121 3
> 4602 5302 -130 -242 -209 3
! 60045 -76832 200
! 98013 54749 200
> 4126 6071 -236 -277 -74 0
> 10552 6269 -73 -15 47 2
> 11447 7186 58 56 -121 3
> 4602 5302 -130 -242 -209 3
! 3900 625 200 sims=301693 RUNNER
! -2218 12616 200 sims=301693 BLOCKER
> 3858 5850 -276 -113 -56 0
> 10654 6351 86 69 29 2
> 11354 7111 -78 -63 -139 3
> 4480 4985 -55 -344 -227 3
! 82659 -55716 200
! 78853 79486 200
> 3858 5850 -276 -113 -56 0
> 10654 6351 86 69 29 2
> 11354 7111 -78 -63 -139 3
> 4480 4985 -55 -344 -227 3
! 3807 550 200 sims=309624 RUNNER
! 254 14048 200 sims=309624 BLOCKER
