@ 0 YurkovAS
@ 1 reCurse
CP 6
CP 4549 2170
CP 7329 4922
CP 3319 7233
CP 14567 7689
CP 10532 5068
CP 13125 2333
> 4901 1815 0 0 -1 1
> 4197 2525 0 0 -1 1
> 5604 1104 0 0 -1 1
> 3494 3236 0 0 -1 1
! 8157 11270 BOOST sims=253152 RUNNER
! 13533 6109 BOOST sims=253152 BLOCKER
> 4901 1815 0 0 -1 1
> 4197 2525 0 0 -1 1
> 5604 1104 0 0 -1 1
> 3494 3236 0 0 -1 1
! 16601 100497 0
! 95037 43481 200
> 5357 2180 506 189 71 1
> 4559 3007 188 531 21 1
> 5604 1104 0 0 84 1
> 3677 3316 155 68 24 1
! 5532 12178 200 sims=332144 RUNNER
! 14545 3530 0 sims=332144 BLOCKER
> 5357 2180 506 189 71 1
> 4559 3007 188 531 21 1
> 5604 1104 0 0 84 1
> 3677 3316 155 68 24 1
! 16056 100556 200
! 77991 70229 0
> 5867 2569 433 330 89 1
> 4747 3538 159 451 3 1
> 5625 1303 17 169 84 1
> 3832 3384 131 57 42 1
! 6042 12567 200 sims=356392 RUNNER
! 14406 950 0 sims=356392 BLOCKER
> 5867 2569 433 330 89 1
> 4747 3538 159 451 3 1
> 5625 1303 17 169 84 1
> 3832 3384 131 57 42 1
! 16077 100755 200
! 78146 70297 200
> 6304 3099 371 450 89 1
> 4906 3989 135 383 -15 1
> 5663 1671 32 312 84 1
> 4112 3575 237 162 42 1
! 3380 12662 0 sims=318856 RUNNER
! 13293 -1457 200 sims=318856 BLOCKER
> 6304 3099 371 450 89 1
> 4906 3989 135 383 -15 1
> 5663 1671 32 312 84 1
> 4112 3575 237 162 42 1
! 46336 93025 200
! 78426 70488 200
> 6675 3549 315 382 107 1
> 5209 4263 257 232 -33 1
> 5776 2166 96 420 66 1
> 4498 3871 327 251 42 1
! 939 11741 0 sims=318656 RUNNER
! 11502 -3508 200 sims=318656 BLOCKER
> 6675 3549 315 382 107 1
> 5209 4263 257 232 -33 1
> 5776 2166 96 420 66 1
> 4498 3871 327 251 42 1
! 72689 76480 0
! 95852 44544 200
> 6990 3931 267 324 125 1
> 5789 4446 502 160 -51 1
> 5872 2586 81 357 48 1
> 4810 4097 256 187 24 1
! -996 9949 0 sims=308648 RUNNER
! 9373 -4890 0 sims=308648 BLOCKER
> 6990 3931 267 324 125 1
> 5789 4446 502 160 -51 1
> 5872 2586 81 357 48 1
> 4810 4097 256 187 24 1
! 46545 93940 200
! 96164 44770 0
> 7257 4255 226 275 143 1
> 6291 4606 426 136 -69 1
> 6034 3126 137 458 66 1
> 5066 4284 217 158 24 1
! -2198 7511 200 sims=328248 RUNNER
! 6814 -5380 200 sims=328248 BLOCKER
> 7257 4255 226 275 143 1
> 6291 4606 426 136 -69 1
> 6034 3126 137 458 66 1
> 5066 4284 217 158 24 1
! 72947 77440 200
! 104518 14736 0
> 7545 4542 425 205 161 2
> 6476 4595 -23 29 -87 1
> 6305 3733 230 515 48 1
> 5283 4442 184 134 6 1
! -2453 4717 200 sims=366216 RUNNER
! 6999 -5391 SHIELD sims=366216 BLOCKER
> 7545 4542 425 205 161 2
> 6476 4595 -23 29 -87 1
> 6305 3733 230 515 48 1
> 5283 4442 184 134 6 1
! 46978 95087 SHIELD
! 104735 14894 200
> 7770 4751 191 177 179 2
> 6527 5061 54 461 -87 1
> 6461 3811 121 0 66 1
> 5666 4597 325 131 6 1
! -1793 1827 200 sims=325512 RUNNER
! 3939 -4598 0 sims=325512 BLOCKER
> 7770 4751 191 177 179 2
> 6527 5061 54 461 -87 1
> 6461 3811 121 0 66 1
> 5666 4597 325 131 6 1
! 16913 103263 0
! 97020 45270 200
> 7770 4870 0 100 197 2
> 6581 5522 45 391 -105 1
> 6582 3811 102 0 84 1
> 6174 4809 431 180 24 1
! -2228 5045 0 sims=328760 RUNNER
! 1135 -2865 0 sims=328760 BLOCKER
> 7770 4870 0 100 197 2
> 6581 5522 45 391 -105 1
> 6582 3811 102 0 84 1
> 6174 4809 431 180 24 1
! 17034 103263 0
! 97528 45482 200
> 7770 4970 0 85 179 2
> 6686 6049 98 468 -123 1
> 6684 3811 86 0 84 1
> 6728 4934 461 85 24 1
! -1685 8226 0 sims=363176 RUNNER
! -1085 -244 0 sims=363176 BLOCKER
> 7770 4970 0 85 179 2
> 6686 6049 98 468 -123 1
> 6684 3811 86 0 84 1
> 6728 4934 461 85 24 1
! 47357 95165 0
! 98082 45607 200
> 8172 5058 547 75 161 2
> 6784 6517 83 397 -141 1
> 6770 3811 73 0 66 1
> 6970 5098 0 137 24 2
! 186 11076 200 sims=418200 RUNNER
! -2552 2933 200 sims=418200 BLOCKER
> 8172 5058 547 75 161 2
> 6784 6517 83 397 -141 1
> 6770 3811 73 0 66 1
> 6970 5098 0 137 24 2
! 17222 103263 200
! 106422 15550 200
> 8559 5253 329 166 143 2
> 6680 6842 -88 276 -159 1
> 6864 4010 79 169 84 1
> 7169 5256 169 134 6 2
! 2823 13445 200 sims=385008 RUNNER
! -3306 6319 0 sims=385008 BLOCKER
> 8559 5253 329 166 143 2
> 6680 6842 -88 276 -159 1
> 6864 4010 79 169 84 1
> 7169 5256 169 134 6 2
! -13927 101824 200
! 98523 45929 200
> 8773 5583 182 280 125 2
> 6592 7118 -74 234 -177 1
> 6901 4375 31 309 102 1
> 7521 5471 298 183 24 2
! 787 11601 200 sims=380128 RUNNER
! -2744 3534 0 sims=380128 BLOCKER
> 8773 5583 182 280 125 2
> 6592 7118 -74 234 -177 1
> 6901 4375 31 309 102 1
> 7521 5471 298 183 24 2
! -43098 90977 200
! 81835 72384 200
> 8795 5983 18 340 143 2
> 6518 7352 -62 198 -159 1
> 6832 4857 -58 409 120 2
> 7968 5788 379 269 42 2
! -660 9239 0 sims=366776 RUNNER
! -1253 1059 200 sims=366776 BLOCKER
> 8795 5983 18 340 143 2
> 6518 7352 -62 198 -159 1
> 6832 4857 -58 409 120 2
> 7968 5788 379 269 42 2
! -67482 71770 200
! 82282 72701 200
> 9260 6432 436 391 161 2
> 6301 7424 -184 61 -141 1
> 6625 5400 -175 461 138 2
> 8048 6082 27 240 42 2
! -738 6607 0 sims=414960 RUNNER
! 855 -963 200 sims=414960 BLOCKER
> 9260 6432 436 391 161 2
> 6301 7424 -184 61 -141 1
> 6625 5400 -175 461 138 2
> 8048 6082 27 240 42 2
! -84729 46073 200
! 58048 92684 0
> 9696 6823 370 332 179 2
> 6008 7317 -248 -90 -123 1
> 6267 5942 -304 460 156 2
> 8075 6322 22 204 60 2
! 133 3899 200 sims=400880 RUNNER
! 3420 -2342 200 sims=400880 BLOCKER
> 9696 6823 370 332 179 2
> 6008 7317 -248 -90 -123 1
> 6267 5942 -304 460 156 2
> 8075 6322 22 204 60 2
! -68047 72855 200
! 82389 73235 0
> 9875 7097 151 232 197 2
> 5651 7319 -402 501 -105 1
> 5871 6251 -237 -237 138 2
> 8097 6526 18 173 42 2
! 1683 1361 200 sims=414024 RUNNER
! 6174 -2667 200 sims=414024 BLOCKER
> 9875 7097 151 232 197 2
> 5651 7319 -402 501 -105 1
> 5871 6251 -237 -237 138 2
> 8097 6526 18 173 42 2
! -44128 92853 200
! 99451 47199 200
> 9862 7214 -10 99 215 2
> 5259 7620 -332 256 -87 1
> 5534 6187 -286 -54 120 2
> 8298 6780 170 216 24 2
! 3844 -772 200 sims=402640 RUNNER
! 5782 -2366 200 sims=402640 BLOCKER
> 9862 7214 -10 99 215 2
> 5259 7620 -332 256 -87 1
> 5534 6187 -286 -54 120 2
> 8298 6780 170 216 24 2
! -44465 92789 200
! 107750 17232 200
> 9732 7153 -110 -51 233 2
> 4937 7676 -273 47 -87 1
> 5148 6306 -328 101 120 2
> 8667 7017 313 201 6 2
! 1540 1417 0 sims=413176 RUNNER
! 8521 -1660 200 sims=413176 BLOCKER
> 9732 7153 -110 -51 233 2
> 4937 7676 -273 47 -87 1
> 5148 6306 -328 101 120 2
> 8667 7017 313 201 6 2
! -44851 92908 200
! 106481 -13774 200
> 9980 7122 440 -12 -145 2
> 4736 7536 -171 -118 -69 1
> 4720 6580 -363 233 120 2
> 8818 7156 -101 105 -12 2
! 1788 1386 200 sims=384784 RUNNER
! 11029 -235 200 sims=384784 BLOCKER
> 9980 7122 440 -12 -145 2
> 4736 7536 -171 -118 -69 1
> 4720 6580 -363 233 120 2
> 8818 7156 -101 105 -12 2
! -16071 104394 0
! 95420 -42844 0
> 10256 6995 234 -107 -145 2
> 4737 7565 19 148 -51 1
> 4311 6511 -366 -182 102 2
> 8717 7261 -85 89 -30 2
! 2064 1259 200 sims=438296 RUNNER
! 13124 2119 200 sims=438296 BLOCKER
> 10256 6995 234 -107 -145 2
> 4737 7565 19 148 -51 1
> 4311 6511 -366 -182 102 2
> 8717 7261 -85 89 -30 2
! -16480 104325 200
! 75629 -67053 200
> 10326 6773 59 -188 -145 2
> 4924 7604 158 33 -33 1
> 3903 6525 -346 11 102 2
> 8766 7201 41 -50 -48 2
! 763 3849 0 sims=433048 RUNNER
! 14583 5016 200 sims=433048 BLOCKER
> 10326 6773 59 -188 -145 2
> 4924 7604 158 33 -33 1
> 3903 6525 -346 11 102 2
> 8766 7201 41 -50 -48 2
! 14355 105977 200
! 49439 -84153 200
> 10385 6585 50 -159 -163 2
> 5275 7585 298 -15 -15 1
> 3578 6735 -276 178 84 3
> 8888 6968 103 -197 -66 2
! 387 6760 0 sims=449816 RUNNER
! 15261 8108 200 sims=449816 BLOCKER
> 10385 6585 50 -159 -163 2
> 5275 7585 298 -15 -15 1
> 3578 6735 -276 178 84 3
> 8888 6968 103 -197 -66 2
! 44251 98089 0
! 75800 -67346 0
> 10435 6426 42 -135 -181 2
> 5773 7580 423 -3 3 1
> 3302 6913 -234 151 66 3
> 8991 6771 87 -167 -48 2
! 980 9682 0 sims=433808 RUNNER
! 15432 4992 200 sims=433808 BLOCKER
> 10435 6426 42 -135 -181 2
> 5773 7580 423 -3 3 1
> 3302 6913 -234 151 66 3
> 8991 6771 87 -167 -48 2
! 70215 81227 0
! 95593 -43229 0
> 10477 6291 35 -114 -199 2
> 6389 7525 523 -46 -15 1
> 3068 7064 -198 128 48 3
> 9078 6604 73 -141 -30 2
! 479 6466 200 sims=400352 RUNNER
! 14776 2079 200 sims=400352 BLOCKER
> 10477 6291 35 -114 -199 2
> 6389 7525 523 -46 -15 1
> 3068 7064 -198 128 48 3
> 9078 6604 73 -141 -30 2
! 89670 57063 200
! 106892 -14187 200
> 10312 6181 -140 -93 179 2
> 7080 7370 587 -131 -33 1
> 3043 7292 -21 193 30 3
> 9347 6421 228 -155 -12 2
! 749 3257 200 sims=378288 RUNNER
! 16739 4782 200 sims=378288 BLOCKER
> 10312 6181 -140 -93 179 2
> 7080 7370 587 -131 -33 1
> 3043 7292 -21 193 30 3
> 9347 6421 228 -155 -12 2
! 100857 28083 200
! 95949 -43579 200
> 10501 5886 319 -294 197 2
> 7860 7187 663 -155 -15 1
> 3218 7527 148 199 12 3
> 9228 6309 -260 -51 -30 2
! 503 6061 0 sims=418352 RUNNER
! 16247 1741 200 sims=418352 BLOCKER
> 10501 5886 319 -294 197 2
> 7860 7187 663 -155 -15 1
> 3218 7527 148 199 12 3
> 9228 6309 -260 -51 -30 2
! 101032 28318 200
! 76140 -68005 200
> 10820 5592 271 -249 179 2
> 8691 6923 706 -224 -33 1
> 3562 7768 292 204 12 3
> 9102 6109 -107 -169 -48 2
! 1365 8848 200 sims=428320 RUNNER
! 17078 1477 200 sims=428320 BLOCKER
> 10820 5592 271 -249 179 2
> 8691 6923 706 -224 -33 1
> 3562 7768 292 204 12 3
> 9102 6109 -107 -169 -48 2
! 103014 -2684 200
! 95704 -43891 200
> 10902 5408 69 -156 161 2
> 9544 6724 715 -104 -33 1
> 4053 7951 417 155 -6 3
> 9189 5706 83 -406 -30 2
! 2916 11426 200 sims=460520 RUNNER
! 19203 4136 0 sims=460520 BLOCKER
> 10902 5408 69 -156 161 2
> 9544 6724 715 -104 -33 1
> 4053 7951 417 155 -6 3
> 9189 5706 83 -406 -30 2
! 103505 -2501 200
! 107003 -15085 200
> 10811 5372 -77 -30 143 2
> 10259 6620 607 -88 -15 1
> 4669 8085 523 113 -6 3
> 9468 5258 236 -380 -12 2
! 1356 8628 200 sims=468888 RUNNER
! 20245 7143 0 sims=468888 BLOCKER
> 10811 5372 -77 -30 143 2
> 10259 6620 607 -88 -15 1
> 4669 8085 523 113 -6 3
> 9468 5258 236 -380 -12 2
! 96023 -32588 200
! 108920 15710 200
> 10545 5407 -226 29 161 2
> 10866 6532 515 -74 3 1
> 5375 8117 599 26 -24 3
> 9903 4899 369 -305 6 2
! 2559 11425 200 sims=460384 RUNNER
! 20202 10116 0 sims=460384 BLOCKER
> 10545 5407 -226 29 161 2
> 10866 6532 515 -74 3 1
> 5375 8117 599 26 -24 3
> 9903 4899 369 -305 6 2
! 79689 -58796 200
! 101257 45572 SHIELD
> 10477 5845 -38 389 143 2
> 11381 6458 437 -62 21 1
> 6123 8009 635 -91 -42 3
> 10240 4565 284 -285 24 2
! 1022 9101 200 sims=443856 RUNNER
! 19152 12751 0 sims=443856 BLOCKER
> 10477 5845 -38 389 143 2
> 11381 6458 437 -62 21 1
> 6123 8009 635 -91 -42 3
> 10240 4565 284 -285 24 2
! 80437 -58904 200
! 84554 71478 0
> 10250 6299 -193 386 161 2
> 11818 6396 371 -52 39 1
> 6907 7784 666 -191 -42 3
> 10524 4280 241 -242 42 2
! 252 6474 200 sims=445432 RUNNER
! 17264 14783 0 sims=445432 BLOCKER
> 10250 6299 -193 386 161 2
> 11818 6396 371 -52 39 1
> 6907 7784 666 -191 -42 3
> 10524 4280 241 -242 42 2
! 81221 -59129 0
! 101878 44953 200
> 9857 6689 -334 331 179 2
> 12189 6344 315 -44 57 1
> 7573 7593 566 -162 -42 3
> 10765 4038 204 -205 24 2
! 402 9945 200 sims=442496 RUNNER
! 14777 16003 0 sims=442496 BLOCKER
> 9857 6689 -334 331 179 2
> 12189 6344 315 -44 57 1
> 7573 7593 566 -162 -42 3
> 10765 4038 204 -205 24 2
! 98927 -33080 200
! 85079 70951 0
> 9334 7085 -444 336 161 2
> 12504 6300 267 -37 75 1
> 8322 7350 636 -206 -24 3
> 10969 3833 173 -174 42 2
! -121 10341 SHIELD sims=451264 RUNNER
! 11981 16286 200 sims=451264 BLOCKER
> 9334 7085 -444 336 161 2
> 12504 6300 267 -37 75 1
> 8322 7350 636 -206 -24 3
> 10969 3833 173 -174 42 2
! 107774 -3102 SHIELD
! 60969 90435 0
> 9793 7247 593 98 161 2
> 12761 6463 218 138 93 1
> 8055 7318 -430 11 -6 3
> 11142 3659 147 -147 60 2
! -205 7422 0 sims=447344 RUNNER
! 9177 15799 0 sims=447344 BLOCKER
> 9793 7247 593 98 161 2
> 12761 6463 218 138 93 1
> 8055 7318 -430 11 -6 3
> 11142 3659 147 -147 60 2
! 107507 -3134 0
! 31933 101473 200
> 10386 7345 504 83 179 2
> 12979 6601 185 117 111 1
> 7625 7329 -365 9 -6 3
> 11331 3708 160 41 78 2
! 388 7520 0 sims=430088 RUNNER
! 6686 14372 0 sims=430088 BLOCKER
> 10386 7345 504 83 179 2
> 12979 6601 185 117 111 1
> 7625 7329 -365 9 -6 3
> 11331 3708 160 41 78 2
! 107077 -3123 0
! 878 103160 200
> 10890 7428 428 70 179 2
> 13164 6718 157 99 129 1
> 7260 7338 -310 7 -6 3
> 11470 3948 118 203 96 2
! 1435 10684 0 sims=403880 RUNNER
! 4777 12164 200 sims=403880 BLOCKER
> 10890 7428 428 70 179 2
> 13164 6718 157 99 129 1
> 7260 7338 -310 7 -6 3
> 11470 3948 118 203 96 2
! 106712 -3114 0
! -29203 95302 200
> 11318 7498 363 59 161 2
> 13153 6926 -9 176 147 1
> 6950 7345 -263 5 -6 3
> 11507 4334 31 327 114 2
! 1320 7673 0 sims=383264 RUNNER
! 4766 12372 200 sims=383264 BLOCKER
> 11318 7498 363 59 161 2
> 13153 6926 -9 176 147 1
> 6950 7345 -263 5 -6 3
> 11507 4334 31 327 114 2
! 106402 -3107 200
! -55406 78648 200
> 11681 7557 308 50 179 2
> 12976 7211 -150 242 147 1
> 6886 7329 -54 -13 -6 3
> 11404 4810 -87 404 132 2
! 2226 10813 0 sims=365208 RUNNER
! 3317 9799 0 sims=365208 BLOCKER
> 11681 7557 308 50 179 2
> 12976 7211 -150 242 147 1
> 6886 7329 -54 -13 -6 3
> 11404 4810 -87 404 132 2
! 106338 -3123 200
! -75198 54810 200
> 11989 7607 261 42 161 2
> 12826 7453 -127 205 165 1
> 7031 7295 123 -28 -6 3
> 11144 5314 -221 428 150 2
! 1991 7782 0 sims=392032 RUNNER
! 3167 10041 SHIELD sims=392032 BLOCKER
> 11989 7607 261 42 161 2
> 12826 7453 -127 205 165 1
> 7031 7295 123 -28 -6 3
> 11144 5314 -221 428 150 2
! 106483 -3157 200
! -86670 26105 200
> 11607 7758 -402 141 179 2
> 12763 7647 -45 163 165 1
> 7353 7246 273 -41 -6 3
> 10727 5784 -354 399 168 2
! 2152 11014 200 sims=438840 RUNNER
! 2777 7124 0 sims=438840 BLOCKER
> 11607 7758 -402 141 179 2
> 12763 7647 -45 163 165 1
> 7353 7246 273 -41 -6 3
> 10727 5784 -354 399 168 2
! 98707 -33427 0
! -75875 55784 0
> 11016 7964 -502 175 161 2
> 12718 7810 -38 138 -177 1
> 7626 7205 232 -34 -24 3
> 10373 6183 -300 339 150 2
! 1018 8139 200 sims=464288 RUNNER
! 3382 4226 0 sims=464288 BLOCKER
> 11016 7964 -502 175 161 2
> 12718 7810 -38 138 -177 1
> 7626 7205 232 -34 -24 3
> 10373 6183 -300 339 150 2
! 81940 -59708 200
! -56540 80497 200
> 10314 8143 -596 151 179 2
> 12680 7948 -32 117 -159 1
> 8007 7037 323 -142 -42 3
> 9939 6671 -368 414 132 2
! 316 8318 200 sims=420392 RUNNER
! 4909 1655 0 sims=420392 BLOCKER
> 10314 8143 -596 151 179 2
> 12680 7948 -32 117 -159 1
> 8007 7037 323 -142 -42 3
> 9939 6671 -368 414 132 2
! 82321 -59876 200
! -76663 56671 200
> 9518 8298 -676 131 179 2
> 12648 8065 -27 99 -141 1
> 8479 6761 400 -234 -42 3
> 9398 7185 -460 436 150 2
! -45 5374 200 sims=410840 RUNNER
! 7202 -322 0 sims=410840 BLOCKER
> 9518 8298 -676 131 179 2
> 12648 8065 -27 99 -141 1
> 8479 6761 400 -234 -42 3
> 9398 7185 -460 436 150 2
! 99833 -33912 0
! -77204 57185 200
> 8644 8516 -755 445 197 2
> 12621 8164 -22 84 -123 1
> 8879 6527 340 -198 -24 3
> 8772 7575 -519 72 150 2
! 452 2780 200 sims=428792 RUNNER
! 10033 -1495 0 sims=428792 BLOCKER
> 8644 8516 -755 445 197 2
> 12621 8164 -22 84 -123 1
> 8879 6527 340 -198 -24 3
> 8772 7575 -519 72 150 2
! 108331 -3925 0
! -89042 28366 200
> 7725 8846 -781 280 215 2
> 12599 8248 -18 71 -105 1
> 9219 6329 289 -168 -6 3
> 8057 7689 -607 96 168 2
! 1707 860 200 sims=423112 RUNNER
! 13122 -1738 0 sims=423112 BLOCKER
> 7725 8846 -781 280 215 2
> 12599 8248 -18 71 -105 1
> 9219 6329 289 -168 -6 3
> 8057 7689 -607 96 168 2
! 107033 27120 0
! -89757 28480 200
> 6824 8966 -766 102 233 2
> 12581 8319 -15 60 -87 1
> 9508 6161 245 -142 12 3
> 7254 7827 -682 116 168 2
! 3568 -489 0 sims=434640 RUNNER
! 16165 -1017 0 sims=434640 BLOCKER
> 6824 8966 -766 102 233 2
> 12581 8319 -15 60 -87 1
> 9508 6161 245 -142 12 3
> 7254 7827 -682 116 168 2
! 96110 56160 200
! -79348 57827 200
> 6058 9068 -651 86 251 2
> 12566 8379 -12 51 -69 1
> 9926 6119 355 -35 30 3
> 6399 8043 -726 183 150 2
! 5883 -930 0 sims=404736 RUNNER
! 13089 -1607 200 sims=404736 BLOCKER
> 6058 9068 -651 86 251 2
> 12566 8379 -12 51 -69 1
> 9926 6119 355 -35 30 3
> 6399 8043 -726 183 150 2
! 76839 80433 200
! -60514 82357 SHIELD
> 5407 9154 -553 73 -91 2
> 12564 8230 -1 -126 -87 1
> 10415 6233 415 96 48 3
> 5673 8226 -617 155 132 2
! 8331 -409 200 sims=407320 RUNNER
! 9976 -1429 200 sims=407320 BLOCKER
> 5407 9154 -553 73 -91 2
> 12564 8230 -1 -126 -87 1
> 10415 6233 415 96 48 3
> 5673 8226 -617 155 132 2
! 51088 97587 200
! -35000 99580 SHIELD
> 4854 9265 -532 341 -73 2
> 12511 7911 -44 -271 -105 1
> 10911 6512 421 236 66 3
> 5062 8358 -513 87 114 2
! 10590 1073 200 sims=392272 RUNNER
! 7065 -476 200 sims=392272 BLOCKER
> 4854 9265 -532 341 -73 2
> 12511 7911 -44 -271 -105 1
> 10911 6512 421 236 66 3
> 5062 8358 -513 87 114 2
! 77824 80826 200
! -5390 107810 0
> 4437 9442 -354 150 -55 2
> 12358 7472 -129 -372 -123 1
> 11466 6897 471 326 48 3
> 4549 8445 -436 73 96 2
! 10173 1250 200 sims=387768 RUNNER
! 6912 -915 SHIELD sims=387768 BLOCKER
> 4437 9442 -354 150 -55 2
> 12358 7472 -129 -372 -123 1
> 11466 6897 471 326 48 3
> 4549 8445 -436 73 96 2
! 98068 56896 0
! 25340 106259 0
> 4198 9428 -203 -11 -55 2
> 12325 7150 7 -256 -123 1
> 10972 6728 -771 -324 30 3
> 4113 8518 -370 62 78 2
! 7122 -135 200 sims=458776 RUNNER
! 9737 -2509 0 sims=458776 BLOCKER
> 4198 9428 -203 -11 -55 2
> 12325 7150 7 -256 -123 1
> 10972 6728 -771 -324 30 3
> 4113 8518 -370 62 78 2
! 77885 81042 200
! 54113 95120 SHIELD
> 4098 9397 -45 126 -73 2
> 12332 6894 5 -217 -105 1
> 10335 6553 -541 -149 48 3
> 3739 8563 -322 22 60 2
! 3923 -601 200 sims=441832 RUNNER
! 12855 -3092 0 sims=441832 BLOCKER
> 4098 9397 -45 126 -73 2
> 12332 6894 5 -217 -105 1
> 10335 6553 -541 -149 48 3
> 3739 8563 -322 22 60 2
! 96937 56552 200
! 78053 75476 200
> 4050 9323 -41 -62 -91 2
> 12337 6677 4 -184 -87 1
> 9967 6504 -312 -41 30 3
> 3417 8585 -273 18 42 2
! 794 -132 200 sims=420096 RUNNER
! 15921 -2659 0 sims=420096 BLOCKER
> 4050 9323 -41 -62 -91 2
> 12337 6677 4 -184 -87 1
> 9967 6504 -312 -41 30 3
> 3417 8585 -273 18 42 2
! 107781 27295 200
! 94771 49258 0
> 3944 9072 -90 -213 -109 2
> 12341 6493 3 -156 -69 1
> 9851 6505 -98 0 12 3
> 3144 8603 -232 15 24 2
! -2074 1086 200 sims=443848 RUNNER
! 18634 -1278 0 sims=443848 BLOCKER
> 3944 9072 -90 -213 -109 2
> 12341 6493 3 -156 -69 1
> 9851 6505 -98 0 12 3
> 3144 8603 -232 15 24 2
! 107665 27296 200
! 94498 49276 0
> 3734 8699 -178 -316 -127 2
> 12344 6337 2 -132 -51 1
> 9949 6547 82 35 12 3
> 2912 8618 -197 12 24 2
! 478 -756 0 sims=433952 RUNNER
! 15928 -2999 0 sims=433952 BLOCKER
> 3734 8699 -178 -316 -127 2
> 12344 6337 2 -132 -51 1
> 9949 6547 82 35 12 3
> 2912 8618 -197 12 24 2
! 107763 27338 200
! 94266 49291 0
> 3556 8383 -151 -268 -109 2
> 12346 6205 1 -112 -69 1
> 10227 6624 235 65 12 3
> 2715 8630 -167 10 24 2
! 3381 -1615 0 sims=401808 RUNNER
! 12869 -3781 0 sims=401808 BLOCKER
> 3556 8383 -151 -268 -109 2
> 12346 6205 1 -112 -69 1
> 10227 6624 235 65 12 3
> 2715 8630 -167 10 24 2
! 108041 27415 200
! 102167 19082 200
> 3405 8115 -128 -227 -91 2
> 12347 6093 0 -95 -87 1
> 10658 6731 366 90 12 3
> 2747 8661 27 26 6 2
! 6329 -1448 200 sims=407272 RUNNER
! 9759 -3566 0 sims=407272 BLOCKER
> 3405 8115 -128 -227 -91 2
> 12347 6093 0 -95 -87 1
> 10658 6731 366 90 12 3
> 2747 8661 27 26 6 2
! 108472 27522 200
! 100561 -12130 200
> 3335 7697 -59 -355 -73 3
> 12347 5998 0 -80 -105 1
> 11220 6863 477 111 12 3
> 2970 8645 189 -13 -12 2
! 9071 -495 200 sims=399312 RUNNER
! 6901 -2389 0 sims=399312 BLOCKER
> 3335 7697 -59 -355 -73 3
> 12347 5998 0 -80 -105 1
> 11220 6863 477 111 12 3
> 2970 8645 189 -13 -12 2
! 109034 27654 200
! 102422 19097 200
> 3391 7178 47 -441 -55 3
> 12347 5918 0 -68 -123 1
> 11893 7016 571 129 12 3
> 3358 8653 329 6 6 2
! 11377 1160 200 sims=458368 RUNNER
! 4576 -375 0 sims=458368 BLOCKER
> 3391 7178 47 -441 -55 3
> 12347 5918 0 -68 -123 1
> 11893 7016 571 129 12 3
> 3358 8653 329 6 6 2
! 109707 27807 200
! 102810 19105 200
> 3598 6617 175 -477 -37 3
> 12347 5850 0 -57 -141 1
> 12660 7187 651 144 12 3
> 3886 8680 448 22 6 2
! 13053 3361 200 sims=432816 RUNNER
! 3011 2266 0 sims=432816 BLOCKER
> 3598 6617 175 -477 -37 3
> 12347 5850 0 -57 -141 1
> 12660 7187 651 144 12 3
> 3886 8680 448 22 6 2
! 112112 -3265 200
! 101700 -12111 200
> 3962 6075 309 -460 -19 3
> 12347 5793 0 -48 -159 1
> 13510 7310 722 104 -6 3
> 4530 8660 547 -16 -12 2
! 13960 5900 200 sims=440584 RUNNER
! 2361 5270 0 sims=440584 BLOCKER
> 3962 6075 309 -460 -19 3
> 12347 5793 0 -48 -159 1
> 13510 7310 722 104 -6 3
> 4530 8660 547 -16 -12 2
! 104864 -33363 0
! 91132 -41340 200
> 4471 5611 432 -393 -1 3
> 12347 5745 0 -40 -177 1
> 14232 7414 613 88 -24 4
> 5250 8544 612 -98 -30 2
! 14034 8535 200 sims=418360 RUNNER
! 3011 2161 0 sims=418360 BLOCKER
> 4471 5611 432 -393 -1 3
> 12347 5745 0 -40 -177 1
> 14232 7414 613 88 -24 4
> 5250 8544 612 -98 -30 2
! 88546 -59499 0
! 91852 -41456 200
> 5094 5276 529 -284 17 3
> 12347 5705 0 -34 -159 1
> 14845 7502 521 74 -42 4
> 6035 8346 667 -168 -30 2
! 13286 11012 200 sims=351152 RUNNER
! 2361 5182 0 sims=351152 BLOCKER
> 5094 5276 529 -284 17 3
> 12347 5705 0 -34 -159 1
> 14845 7502 521 74 -42 4
> 6035 8346 667 -168 -30 2
! 64844 -79100 0
! 72947 -65968 200
> 5787 5107 588 -143 35 3
> 12347 5671 0 -28 -177 1
> 15366 7576 442 62 -60 4
> 6836 8029 680 -269 -48 2
! 15350 8031 200 sims=398688 RUNNER
! 2688 8259 200 sims=398688 BLOCKER
> 5787 5107 588 -143 35 3
> 12347 5671 0 -28 -177 1
> 15366 7576 442 62 -60 4
> 6836 8029 680 -269 -48 2
! 36157 -90238 0
! 47509 -83325 200
> 6566 5022 662 -71 17 3
> 12154 5695 -164 20 -195 1
> 15808 7638 375 52 -78 4
> 7597 7577 647 -383 -66 2
! 14758 10758 0 sims=414264 RUNNER
! 2495 8283 200 sims=414264 BLOCKER
> 6566 5022 662 -71 17 3
> 12154 5695 -164 20 -195 1
> 15808 7638 375 52 -78 4
> 7597 7577 647 -383 -66 2
! 5355 -91814 0
! 18049 -91875 200
> 7228 4951 562 -60 35 3
> 11797 5767 -303 60 165 1
> 16183 7690 318 44 -96 4
> 8265 6995 567 -494 -84 2
! 13246 12937 200 sims=404704 RUNNER
! 1811 5244 200 sims=404704 BLOCKER
> 7228 4951 562 -60 35 3
> 11797 5767 -303 60 165 1
> 16183 7690 318 44 -96 4
> 8265 6995 567 -494 -84 2
! -24490 -83664 200
! 48938 -84359 0
> 7910 5051 580 84 53 3
> 11294 5817 -427 42 -177 1
> 16420 7551 201 -117 -114 4
> 8832 6501 481 -419 -66 2
! 16102 10787 0 sims=376048 RUNNER
! 1958 2233 200 sims=376048 BLOCKER
> 7910 5051 580 84 53 3
> 11294 5817 -427 42 -177 1
> 16420 7551 201 -117 -114 4
> 8832 6501 481 -419 -66 2
! -50493 -66763 200
! 75744 -67813 0
> 8490 5135 493 71 35 3
> 10680 5787 -521 -25 -159 1
> 16487 7285 57 -225 -132 4
> 9313 6082 408 -356 -48 2
! 14508 13121 0 sims=415768 RUNNER
! 1344 2203 SHIELD sims=415768 BLOCKER
> 8490 5135 493 71 35 3
> 10680 5787 -521 -25 -159 1
> 16487 7285 57 -225 -132 4
> 9313 6082 408 -356 -48 2
! -70115 -42714 200
! 76225 -68232 0
> 8820 4983 -210 -802 53 3
> 10226 5754 -295 -38 -159 1
> 16371 6960 -98 -276 -150 4
> 9217 6025 -499 729 -48 2
! 14838 12969 200 sims=404968 RUNNER
! 2455 -539 0 sims=404968 BLOCKER
> 8820 4983 -210 -802 53 3
> 10226 5754 -295 -38 -159 1
> 16371 6960 -98 -276 -150 4
> 9217 6025 -499 729 -48 2
! -81443 -13831 200
! 95819 -43975 200
> 8730 4341 -76 -545 53 3
> 9931 5716 -250 -32 -141 1
> 16077 6642 -249 -269 -168 4
> 8891 6654 -276 534 -30 2
! 14748 12327 200 sims=425312 RUNNER
! 4485 -2671 0 sims=425312 BLOCKER
> 8730 4341 -76 -545 53 3
> 9931 5716 -250 -32 -141 1
> 16077 6642 -249 -269 -168 4
> 8891 6654 -276 534 -30 2
! -81737 -14149 200
! 95493 -43346 200
> 8774 3956 37 -327 53 3
> 9681 5684 -212 -27 -123 1
> 15632 6331 -377 -263 -168 4
> 8788 7088 -87 368 -30 2
! 12030 13411 0 sims=401224 RUNNER
! 7093 -3975 0 sims=401224 BLOCKER
> 8774 3956 37 -327 53 3
> 9681 5684 -212 -27 -123 1
> 15632 6331 -377 -263 -168 4
> 8788 7088 -87 368 -30 2
! -83820 16783 200
! 106602 -13703 200
> 8811 3629 31 -277 71 3
> 9469 5657 -180 -22 -105 1
> 15056 6089 -489 -205 174 4
> 8897 7414 92 277 -12 2
! 12067 13084 200 sims=413464 RUNNER
! 9992 -4329 200 sims=413464 BLOCKER
> 8811 3629 31 -277 71 3
> 9469 5657 -180 -22 -105 1
> 15056 6089 -489 -205 174 4
> 8897 7414 92 277 -12 2
! -84396 16541 200
! 95499 -42586 200
> 8907 3541 81 -74 71 3
> 9299 5435 -144 -188 -87 1
> 14368 5905 -584 -156 174 4
> 9162 7591 225 150 -30 2
! 12163 12996 200 sims=388216 RUNNER
! 12883 -3901 200 sims=388216 BLOCKER
> 8907 3541 81 -74 71 3
> 9299 5435 -144 -188 -87 1
> 14368 5905 -584 -156 174 4
> 9162 7591 225 150 -30 2
! -83446 -14886 200
! 76074 -66723 200
> 9053 3656 124 97 71 3
> 9227 5060 -61 -318 -69 1
> 13588 5707 -662 -167 -168 4
> 9521 7592 305 1 -48 2
! 15071 11642 200 sims=386400 RUNNER
! 9750 -4926 200 sims=386400 BLOCKER
> 9053 3656 124 97 71 3
> 9227 5060 -61 -318 -69 1
> 13588 5707 -662 -167 -168 4
> 9521 7592 305 1 -48 2
! -84226 -15084 200
! 76433 -66722 0
> 9309 3750 253 -419 53 3
> 9165 4705 -88 197 -87 1
> 12730 5498 -728 -177 -168 4
> 9826 7593 259 0 -48 2
! 15327 11736 200 sims=413048 RUNNER
! 12749 -4631 0 sims=413048 BLOCKER
> 9309 3750 253 -419 53 3
> 9165 4705 -88 197 -87 1
> 12730 5498 -728 -177 -168 4
> 9826 7593 259 0 -48 2
! -73872 -44501 200
! 76738 -66721 0
> 9682 3491 317 -220 53 3
> 9077 4902 -74 167 -69 1
> 11829 5221 -766 -235 -150 4
> 10085 7593 220 0 -48 2
! 15700 11477 200 sims=388256 RUNNER
! 15370 -2869 0 sims=388256 BLOCKER
> 9682 3491 317 -220 53 3
> 9077 4902 -74 167 -69 1
> 11829 5221 -766 -235 -150 4
> 10085 7593 220 0 -48 2
! -55084 -69093 0
! 76997 -66721 0
> 10119 3431 371 -51 53 3
> 9003 5069 -62 141 -51 1
> 11063 4986 -651 -199 -132 5
> 10305 7593 187 0 -48 2
! 16137 11417 200 sims=400712 RUNNER
! 17390 -377 0 sims=400712 BLOCKER
> 10119 3431 371 -51 53 3
> 9003 5069 -62 141 -51 1
> 11063 4986 -651 -199 -132 5
> 10305 7593 187 0 -48 2
! -29610 -86368 0
! 77217 -66721 200
> 10610 3540 417 92 53 3
> 8941 5210 -52 119 -33 1
> 10412 4787 -553 -169 -114 5
> 10626 7444 272 -126 -48 2
! 16628 11526 200 sims=371640 RUNNER
! 15234 -2561 0 sims=371640 BLOCKER
> 10610 3540 417 92 53 3
> 8941 5210 -52 119 -33 1
> 10412 4787 -553 -169 -114 5
> 10626 7444 272 -126 -48 2
! -40 -94665 0
! 77538 -66870 200
> 11147 3792 456 213 53 3
> 8889 5329 -44 101 -51 1
> 9859 4618 -470 -143 -96 5
> 11032 7169 344 -233 -48 2
! 19339 9528 200 sims=436048 RUNNER
! 17276 -117 200 sims=436048 BLOCKER
> 11147 3792 456 213 53 3
> 8889 5329 -44 101 -51 1
> 9859 4618 -470 -143 -96 5
> 11032 7169 344 -233 -48 2
! 30650 -93196 0
! 77944 -67145 200
> 11767 4120 526 278 35 3
> 9013 5321 105 -6 -33 1
> 9389 4475 -399 -121 -78 5
> 11510 6787 406 -324 -48 2
! 21330 7044 200 sims=436912 RUNNER
! 15306 -2450 200 sims=436912 BLOCKER
> 11767 4120 526 278 35 3
> 9013 5321 105 -6 -33 1
> 9389 4475 -399 -121 -78 5
> 11510 6787 406 -324 -48 2
! 59388 -82127 0
! 98112 -43213 200
> 12484 4456 609 286 17 3
> 9244 5160 196 -137 -51 1
> 8990 4354 -339 -102 -60 5
> 12089 6363 492 -360 -30 2
! 20676 10192 0 sims=415776 RUNNER
! 15537 -2611 200 sims=415776 BLOCKER
> 12484 4456 609 286 17 3
> 9244 5160 196 -137 -51 1
> 8990 4354 -339 -102 -60 5
> 12089 6363 492 -360 -30 2
! 83304 -62559 200
! 109903 -14428 200
> 13093 4742 517 243 35 3
> 9566 4868 273 -248 -51 1
> 8800 4118 -161 -200 -42 5
> 12777 5961 584 -341 -12 2
! 19111 12728 0 sims=384600 RUNNER
! 13150 -4468 0 sims=384600 BLOCKER
> 13093 4742 517 243 35 3
> 9566 4868 273 -248 -51 1
> 8800 4118 -161 -200 -42 5
> 12777 5961 584 -341 -12 2
! 100154 -36555 0
! 99379 -44039 0
> 13649 4873 599 -253 53 3
> 9839 4620 232 -210 -69 1
> 8639 3918 -136 -170 -24 5
> 13322 5732 336 170 -30 2
! 16905 14328 0 sims=412544 RUNNER
! 10362 -5366 0 sims=412544 BLOCKER
> 13649 4873 599 -253 53 3
> 9839 4620 232 -210 -69 1
> 8639 3918 -136 -170 -24 5
> 13322 5732 336 170 -30 2
! 108091 -6534 0
! 111136 -15059 0
> 14248 4620 509 -215 71 3
> 10071 4410 197 -178 -87 1
> 8503 3748 -115 -144 -6 5
> 13658 5902 285 144 -12 2
! 14423 14618 0 sims=410744 RUNNER
! 13655 -4926 0 sims=410744 BLOCKER
> 14248 4620 509 -215 71 3
> 10071 4410 197 -178 -87 1
> 8503 3748 -115 -144 -6 5
> 13658 5902 285 144 -12 2
! 106317 24539 200
! 100260 -44098 0
> 14757 4405 432 -182 89 3
> 10268 4232 167 -151 -69 1
> 8584 3646 68 -87 12 5
> 13943 6046 242 122 -30 2
! 11833 13968 200 sims=389424 RUNNER
! 10791 -5754 0 sims=389424 BLOCKER
> 14757 4405 432 -182 89 3
> 10268 4232 167 -151 -69 1
> 8584 3646 68 -87 12 5
> 13943 6046 242 122 -30 2
! 95186 53645 200
! 80855 -68268 0
> 15131 4414 317 7 107 3
> 10435 4081 141 -128 -87 1
> 8825 3659 205 11 30 5
> 14185 6168 205 103 -48 2
! 15306 14412 200 sims=391744 RUNNER
! 7847 -5578 0 sims=391744 BLOCKER
> 15131 4414 317 7 107 3
> 10435 4081 141 -128 -87 1
> 8825 3659 205 11 30 5
> 14185 6168 205 103 -48 2
! 106639 24450 200
! 81097 -68146 0
> 15452 4621 272 175 89 3
> 10576 3953 119 -108 -105 1
> 9226 3712 340 44 12 5
> 14390 6271 174 87 -48 2
! 18708 14076 200 sims=373496 RUNNER
! 5130 -4434 0 sims=373496 BLOCKER
> 15452 4621 272 175 89 3
> 10576 3953 119 -108 -105 1
> 9226 3712 340 44 12 5
> 14390 6271 174 87 -48 2
! 107040 24503 0
! 100992 -43729 200
> 15789 4985 286 309 71 3
> 10695 3845 101 -91 -123 1
> 9566 3756 289 37 12 5
> 14737 6258 295 -11 -30 2
! 15964 14983 0 sims=361736 RUNNER
! 2924 -2448 0 sims=361736 BLOCKER
> 15789 4985 286 309 71 3
> 10695 3845 101 -91 -123 1
> 9566 3756 289 37 12 5
> 14737 6258 295 -11 -30 2
! 96168 53755 200
! 112551 -14533 200
> 16075 5294 243 262 89 3
> 10816 3751 355 -119 -141 1
> 10009 3896 123 159 30 5
> 15228 6205 417 -44 -12 2
! 13151 14857 0 sims=379080 RUNNER
! 1480 167 0 sims=379080 BLOCKER
> 16075 5294 243 262 89 3
> 10816 3751 355 -119 -141 1
> 10009 3896 123 159 30 5
> 15228 6205 417 -44 -12 2
! 107823 24687 200
! 114680 16657 0
> 16318 5556 206 222 107 3
> 11171 3632 301 -101 -159 1
> 10328 4097 270 170 12 5
> 15645 6161 354 -37 6 2
! 10582 13748 0 sims=388480 RUNNER
! 1185 3109 0 sims=388480 BLOCKER
> 16318 5556 206 222 107 3
> 11171 3632 301 -101 -159 1
> 10328 4097 270 170 12 5
> 15645 6161 354 -37 6 2
! 109780 -6355 200
! 115097 16613 0
> 16659 5667 358 38 125 3
> 11472 3531 255 -85 -177 1
> 10797 4246 398 126 -6 5
> 15864 6235 117 119 6 2
! 8673 11685 200 sims=403576 RUNNER
! 1813 6119 0 sims=403576 BLOCKER
> 16659 5667 358 38 125 3
> 11472 3531 255 -85 -177 1
> 10797 4246 398 126 -6 5
> 15864 6235 117 119 6 2
! 102151 -36427 200
! 115316 16687 0
> 16857 5825 168 134 143 3
> 11727 3446 216 -72 -195 1
> 11378 4291 493 37 -24 5
> 15981 6354 99 101 6 2
! 7402 9081 200 sims=412992 RUNNER
! 3340 8892 0 sims=412992 BLOCKER
> 16857 5825 168 134 143 3
> 11727 3446 216 -72 -195 1
> 11378 4291 493 37 -24 5
> 15981 6354 99 101 6 2
! 85692 -62622 0
! 113795 -14437 0
> 16836 6024 -17 169 161 3
> 11943 3374 183 -61 147 1
> 11871 4328 419 31 -42 5
> 16080 6455 84 85 -12 2
! 6838 6199 200 sims=378832 RUNNER
! 5650 11145 0 sims=378832 BLOCKER
> 16836 6024 -17 169 161 3
> 11943 3374 183 -61 147 1
> 11871 4328 419 31 -42 5
> 16080 6455 84 85 -12 2
! 61870 -82274 0
! 102682 -43545 200
> 16993 5977 184 -70 179 3
> 12126 3313 155 -51 129 1
> 12290 4359 356 26 -60 5
> 15963 6659 -150 204 -30 2
! 6995 6152 200 sims=404864 RUNNER
! 8542 12649 0 sims=404864 BLOCKER
> 16993 5977 184 -70 179 3
> 12126 3313 155 -51 129 1
> 12290 4359 356 26 -60 5
> 15963 6659 -150 204 -30 2
! 33081 -93455 200
! 82875 -67655 0
> 16977 5911 -13 -56 179 3
> 12281 3262 131 -43 111 1
> 12688 4189 337 -144 -78 5
> 15813 6863 -127 173 -48 2
! 7522 9167 0 sims=362480 RUNNER
! 11758 13248 0 sims=362480 BLOCKER
> 16977 5911 -13 -56 179 3
> 12281 3262 131 -43 111 1
> 12688 4189 337 -144 -78 5
> 15813 6863 -127 173 -48 2
! 2235 -95263 200
! 56486 -84491 200
> 16964 5855 -11 -47 161 3
> 12412 3219 111 -36 93 1
> 13004 3846 268 -291 -96 5
> 15767 6853 -38 -8 -66 2
! 8978 11873 200 sims=377600 RUNNER
! 11889 13205 200 sims=377600 BLOCKER
> 16964 5855 -11 -47 161 3
> 12412 3219 111 -36 93 1
> 13004 3846 268 -291 -96 5
> 15767 6853 -38 -8 -66 2
! -27669 -87508 0
! 82679 -67461 0
> 16793 5928 -145 62 143 3
> 12417 3315 -41 48 93 1
> 13368 3623 354 -157 -114 5
> 15729 6845 -32 -6 -48 2
! 11057 14120 0 sims=348912 RUNNER
! 8833 12651 0 sims=348912 BLOCKER
> 16793 5928 -145 62 143 3
> 12417 3315 -41 48 93 1
> 13368 3623 354 -157 -114 5
> 15729 6845 -32 -6 -48 2
! -53545 -70691 200
! 82641 -67469 200
> 16648 5990 -123 52 125 3
> 12376 3363 -34 40 111 1
> 13588 3317 187 -259 -132 5
> 15831 6690 86 -131 -48 2
! 13724 15553 200 sims=394496 RUNNER
! 6083 11134 200 sims=394496 BLOCKER
> 16648 5990 -123 52 125 3
> 12376 3363 -34 40 111 1
> 13588 3317 187 -259 -132 5
> 15831 6690 86 -131 -48 2
! -73014 -46682 200
! 102433 -43310 0
> 16599 6138 146 -9 107 3
> 12216 3558 -135 166 129 1
> 13602 2958 11 -305 -150 5
> 15784 6654 -227 104 -30 2
! 10863 14330 200 sims=416792 RUNNER
! 3829 9004 200 sims=416792 BLOCKER
> 16599 6138 146 -9 107 3
> 12216 3558 -135 166 129 1
> 13602 2958 11 -305 -150 5
> 15784 6654 -227 104 -30 2
! -84212 -17833 200
! 113598 -14137 0
> 16630 6293 26 131 125 3
> 11913 3833 -257 233 147 1
> 13417 2611 -156 -294 -168 0
> 15557 6758 -192 88 -12 2
! 8644 12311 200 sims=404304 RUNNER
! 2254 6421 200 sims=404304 BLOCKER
> 16630 6293 26 131 125 3
> 11913 3833 -257 233 147 1
> 13417 2611 -156 -294 -168 0
> 15557 6758 -192 88 -12 2
! -86035 13063 200
! 115009 17210 0
> 16496 6544 -113 213 143 3
> 11463 4118 -382 242 165 1
> 13062 2338 -301 -232 174 0
> 15365 6846 -163 74 6 2
! 7041 9800 200 sims=390968 RUNNER
! 1477 3595 200 sims=390968 BLOCKER
> 16496 6544 -113 213 143 3
> 11463 4118 -382 242 165 1
> 13062 2338 -301 -232 174 0
> 15365 6846 -163 74 6 2
! -86390 12790 200
! 114817 17298 200
> 16194 6822 -256 236 161 3
> 10881 4350 -494 196 -177 1
> 12562 2127 -424 -179 174 0
> 15401 6941 30 80 6 2
! 6739 10078 SHIELD sims=386776 RUNNER
! 1545 766 200 sims=386776 BLOCKER
> 16194 6822 -256 236 161 3
> 10881 4350 -494 196 -177 1
> 12562 2127 -424 -179 174 0
> 15401 6941 30 80 6 2
! -78792 42800 200
! 106755 47614 SHIELD
> 16239 7013 39 162 161 3
> 10200 4474 -578 105 -159 1
> 11955 2029 -515 -83 156 0
> 15130 7066 -231 106 24 2
! 6784 10269 0 sims=397320 RUNNER
! 2429 -1819 200 sims=397320 BLOCKER
> 16239 7013 39 162 161 3
> 10200 4474 -578 105 -159 1
> 11955 2029 -515 -83 156 0
> 15130 7066 -231 106 24 2
! -87497 12481 200
! 106484 47739 0
> 16278 7175 33 137 161 3
> 9467 4453 -623 -17 -141 1
> 11241 1967 -606 -52 174 0
> 14899 7172 -196 90 24 2
! 6280 7350 0 sims=405504 RUNNER
! 4021 -3934 200 sims=405504 BLOCKER
> 16278 7175 33 137 161 3
> 9467 4453 -623 -17 -141 1
> 11241 1967 -606 -52 174 0
> 14899 7172 -196 90 24 2
! -80113 42640 200
! 114351 17624 0
> 16311 7312 28 116 179 3
> 8735 4268 -622 -157 -123 1
> 10452 1996 -670 24 156 0
> 14703 7262 -166 76 6 2
! 6313 7487 0 sims=392488 RUNNER
! 6147 -5391 0 sims=392488 BLOCKER
> 16311 7312 28 116 179 3
> 8735 4268 -622 -157 -123 1
> 10452 1996 -670 24 156 0
> 14703 7262 -166 76 6 2
! -63862 68909 200
! 112517 -13529 200
> 16339 7428 23 98 179 3
> 8113 4111 -528 -133 -105 1
> 9633 2154 -695 134 138 0
> 14537 7338 -141 64 -12 2
! 6341 7603 200 sims=410752 RUNNER
! 8636 -5875 200 sims=410752 BLOCKER
> 16339 7428 23 98 179 3
> 8113 4111 -528 -133 -105 1
> 9633 2154 -695 134 138 0
> 14537 7338 -141 64 -12 2
! -81721 42827 200
! 113989 17790 200
> 16162 7530 -150 86 179 3
> 7595 3778 -439 -282 -87 1
> 8755 2369 -746 183 156 0
> 14595 7423 49 72 6 2
! 6164 7705 200 sims=385632 RUNNER
! 11179 -5558 200 sims=385632 BLOCKER
> 16162 7530 -150 86 179 3
> 7595 3778 -439 -282 -87 1
> 8755 2369 -746 183 156 0
> 14595 7423 49 72 6 2
! -82599 43042 200
! 105949 48096 200
> 15812 7620 -297 76 179 3
> 7228 3309 -312 -398 -69 1
> 7826 2633 -789 224 156 0
> 14827 7576 196 130 24 2
! 5814 7795 SHIELD sims=395520 RUNNER
! 10812 -6027 SHIELD sims=395520 BLOCKER
> 15812 7620 -297 76 179 3
> 7228 3309 -312 -398 -69 1
> 7826 2633 -789 224 156 0
> 14827 7576 196 130 24 2
! -83528 43306 SHIELD
! 114279 18028 SHIELD
> 15823 7705 167 77 179 3
> 6462 3415 -709 155 -69 1
> 7491 2353 -226 -303 156 0
> 14715 7697 -253 98 6 2
! 6260 4781 0 sims=347480 RUNNER
! 12755 -4356 0 sims=347480 BLOCKER
> 15823 7705 167 77 179 3
> 6462 3415 -709 155 -69 1
> 7491 2353 -226 -303 156 0
> 14715 7697 -253 98 6 2
! -83863 43026 0
! 114167 18149 0
> 15990 7782 141 65 197 3
> 5753 3570 -602 131 -51 1
> 7265 2050 -192 -257 156 0
> 14462 7795 -215 83 6 2
! 5992 7957 0 sims=396128 RUNNER
! 14140 -1876 0 sims=396128 BLOCKER
> 15990 7782 141 65 197 3
> 5753 3570 -602 131 -51 1
> 7265 2050 -192 -257 156 0
> 14462 7795 -215 83 6 2
! -67049 68963 200
! 113914 18247 0
> 16131 7847 119 55 179 3
> 5151 3701 -511 111 -33 1
> 7073 1793 -163 -218 138 0
> 14247 7878 -182 70 6 2
! 6133 8022 0 sims=375024 RUNNER
! 14810 1113 0 sims=375024 BLOCKER
> 16131 7847 119 55 179 3
> 5151 3701 -511 111 -33 1
> 7073 1793 -163 -218 138 0
> 14247 7878 -182 70 6 2
! -67241 68706 0
! 112061 -12913 0
> 16250 7902 101 46 179 3
> 4640 3812 -434 94 -15 1
> 6910 1575 -138 -185 138 0
> 14065 7948 -154 59 -12 2
! 6687 4978 200 sims=389176 RUNNER
! 14626 4335 200 sims=389176 BLOCKER
> 16250 7902 101 46 179 3
> 4640 3812 -434 94 -15 1
> 6910 1575 -138 -185 138 0
> 14065 7948 -154 59 -12 2
! -67404 68488 200
! 111879 -12843 200
> 16160 7890 -76 -10 197 3
> 4406 3916 -199 88 3 1
> 6623 1524 -243 -43 138 0
> 14107 7965 35 14 -12 2
! 6162 8065 200 sims=396008 RUNNER
! 14392 4439 200 sims=396008 BLOCKER
> 16160 7890 -76 -10 197 3
> 4406 3916 -199 88 3 1
> 6623 1524 -243 -43 138 0
> 14107 7965 35 14 -12 2
! -67691 68437 200
! 111921 -12826 200
> 15884 7884 -234 -5 179 3
> 4407 4014 0 83 3 1
> 6231 1615 -332 77 138 0
> 14338 7937 196 -23 -12 2
! 5886 8059 200 sims=382672 RUNNER
! 14066 1426 0 sims=382672 BLOCKER
> 15884 7884 -234 -5 179 3
> 4407 4014 0 83 3 1
> 6231 1615 -332 77 138 0
> 14338 7937 196 -23 -12 2
! -85123 42288 200
! 113790 18389 200
> 15531 7877 332 -47 179 3
> 4407 4097 0 70 -15 1
> 5716 1773 -437 134 156 0
> 14652 7940 -365 44 6 2
! 5533 8052 200 sims=387520 RUNNER
! 14393 4620 0 sims=387520 BLOCKER
> 15531 7877 332 -47 179 3
> 4407 4097 0 70 -15 1
> 5716 1773 -437 134 156 0
> 14652 7940 -365 44 6 2
! -68598 68686 200
! 112466 -12851 200
> 15663 7834 112 -36 179 3
> 4407 4167 0 59 3 1
> 5130 2041 -497 227 138 1
> 14483 7942 -143 2 -12 2
! 5665 8009 200 sims=385512 RUNNER
! 14066 1579 0 sims=385512 BLOCKER
> 15663 7834 112 -36 179 3
> 4407 4167 0 59 3 1
> 5130 2041 -497 227 138 1
> 14483 7942 -143 2 -12 2
! -44869 88643 0
! 112297 -12849 200
> 15575 7802 -74 -27 179 3
> 4407 4226 0 50 -15 1
> 4633 2268 -422 192 120 1
> 14536 7902 44 -33 -12 2
! 5577 7977 200 sims=403288 RUNNER
! 14393 4749 0 sims=403288 BLOCKER
> 15575 7802 -74 -27 179 3
> 4407 4226 0 50 -15 1
> 4633 2268 -422 192 120 1
> 14536 7902 44 -33 -12 2
! -16158 100082 0
! 112350 -12889 200
> 15572 7753 203 -61 179 3
> 4407 4276 0 42 3 1
> 4211 2460 -358 163 102 1
> 14505 7853 -233 -21 -12 2
! 5574 7928 200 sims=386504 RUNNER
! 14066 1688 0 sims=386504 BLOCKER
> 15572 7753 203 -61 179 3
> 4407 4276 0 42 3 1
> 4211 2460 -358 163 102 1
> 14505 7853 -233 -21 -12 2
! 14663 101912 0
! 112319 -12938 200
> 15575 7696 2 -48 179 3
> 4407 4318 0 35 -15 1
> 3853 2623 -304 138 84 1
> 14468 7790 -31 -53 -12 2
! 5577 7871 200 sims=376464 RUNNER
! 14393 4841 0 sims=376464 BLOCKER
> 15575 7696 2 -48 179 3
> 4407 4318 0 35 -15 1
> 3853 2623 -304 138 84 1
> 14468 7790 -31 -53 -12 2
! 44526 93977 0
! 112282 -13001 200
> 15431 7648 141 -57 179 3
> 4407 4353 0 29 3 1
> 3549 2761 -258 117 66 1
> 14578 7699 -169 -60 -12 2
! 5433 7823 200 sims=369856 RUNNER
! 14066 1765 0 sims=369856 BLOCKER
> 15431 7648 141 -57 179 3
> 4407 4353 0 29 3 1
> 3549 2761 -258 117 66 1
> 14578 7699 -169 -60 -12 2
! 70462 77075 200
! 114030 18151 200
> 15434 7590 88 -55 179 3
> 4407 4382 0 24 -15 1
> 3425 3027 -105 225 48 1
> 14546 7665 -113 -22 6 2
! 5436 7765 200 sims=322320 RUNNER
! 12794 -1064 0 sims=322320 BLOCKER
> 15434 7590 88 -55 179 3
> 4407 4382 0 24 -15 1
> 3425 3027 -105 225 48 1
> 14546 7665 -113 -22 6 2
! 70338 77341 200
! 112360 -13126 200
> 15437 7528 88 -59 179 3
> 4407 4406 0 20 -33 1
> 3454 3401 24 317 48 1
> 14513 7611 -113 -38 -12 2
! 5982 10784 200 sims=349608 RUNNER
! 14066 1818 0 sims=349608 BLOCKER
> 15437 7528 88 -59 179 3
> 4407 4406 0 20 -33 1
> 3454 3401 24 317 48 1
> 14513 7611 -113 -38 -12 2
! 90056 53400 0
! 113965 18063 200
> 15405 7528 95 -10 161 3
> 4407 4426 0 17 -15 1
> 3478 3718 20 269 30 1
> 14530 7600 -108 0 6 2
! 5407 7703 200 sims=369416 RUNNER
! 12794 -1020 0 sims=369416 BLOCKER
> 15405 7528 95 -10 161 3
> 4407 4426 0 17 -15 1
> 3478 3718 20 269 30 1
> 14530 7600 -108 0 6 2
! 101292 24509 0
! 113982 18052 200
> 15428 7508 93 -24 179 3
> 4407 4443 0 14 -33 1
> 3498 3987 17 228 12 1
> 14493 7634 -105 36 6 2
! 5430 7683 200 sims=353440 RUNNER
! 10700 -3328 0 sims=353440 BLOCKER
> 15428 7508 93 -24 179 3
> 4407 4443 0 14 -33 1
> 3498 3987 17 228 12 1
> 14493 7634 -105 36 6 2
! 102950 -6465 0
! 112307 -13157 200
> 15376 7478 90 -48 179 3
> 4407 4457 0 11 -51 1
> 3515 4215 14 193 -6 1
> 14529 7638 -103 26 -12 2
! 5921 10734 200 sims=351200 RUNNER
! 7991 -4879 0 sims=351200 BLOCKER
> 15376 7478 90 -48 179 3
> 4407 4457 0 11 -51 1
> 3515 4215 14 193 -6 1
> 14529 7638 -103 26 -12 2
! 101329 25006 0
! 112343 -13153 200
> 15422 7467 97 -19 161 3
> 4407 4468 0 9 -69 1
> 3529 4408 11 164 12 1
> 14476 7650 -102 21 -12 2
! 5967 10723 200 sims=373424 RUNNER
! 4930 -5518 0 sims=373424 BLOCKER
> 15422 7467 97 -19 161 3
> 4407 4468 0 9 -69 1
> 3529 4408 11 164 12 1
> 14476 7650 -102 21 -12 2
! 101343 25199 200
! 112290 -13141 200
> 15364 7508 103 9 161 3
> 4545 4475 188 4 -87 1
> 3598 4616 -12 178 12 1
> 14535 7635 -102 11 -12 2
! 5366 7683 200 sims=404760 RUNNER
! 1957 -5184 0 sims=404760 BLOCKER
> 15364 7508 103 9 161 3
> 4545 4475 188 4 -87 1
> 3598 4616 -12 178 12 1
> 14535 7635 -102 11 -12 2
! 101412 25407 200
! 113987 18087 200
> 15435 7493 97 -19 179 3
> 4733 4479 159 3 -105 1
> 3782 4836 156 186 12 1
> 14464 7695 -97 56 6 2
! 5980 10749 200 sims=404072 RUNNER
! -713 -3908 0 sims=404072 BLOCKER
> 15435 7493 97 -19 179 3
> 4733 4479 159 3 -105 1
> 3782 4836 156 186 12 1
> 14464 7695 -97 56 6 2
! 103234 -5616 200
! 112278 -13096 200
> 15344 7539 101 0 161 3
> 4892 4482 135 2 -123 1
> 4137 5001 301 140 -6 1
> 14561 7710 -96 51 -12 2
! 5346 7714 200 sims=411960 RUNNER
! -2879 -1811 0 sims=411960 BLOCKER
> 15344 7539 101 0 161 3
> 4892 4482 135 2 -123 1
> 4137 5001 301 140 -6 1
> 14561 7710 -96 51 -12 2
! 95491 -35672 200
! 112375 -13081 200
> 15455 7497 95 -36 179 3
> 5112 4405 256 -130 -141 1
> 4536 5139 269 182 -24 1
> 14451 7765 -94 47 -12 2
! 6000 10753 200 sims=428176 RUNNER
! -4224 821 0 sims=428176 BLOCKER
> 15455 7497 95 -36 179 3
> 5112 4405 256 -130 -141 1
> 4536 5139 269 182 -24 1
> 14451 7765 -94 47 -12 2
! 95890 -35534 200
! 112265 -13026 200
> 15361 7526 -79 24 161 3
> 5368 4275 217 -110 -159 1
> 4988 5240 383 85 -24 1
> 14553 7770 86 4 -12 2
! 5906 10782 SHIELD sims=421624 RUNNER
! -4618 3752 0 sims=421624 BLOCKER
> 15361 7526 -79 24 161 3
> 5368 4275 217 -110 -159 1
> 4988 5240 383 85 -24 1
> 14553 7770 86 4 -12 2
! 96342 -35433 200
! 112367 -13021 200
> 15337 7533 -13 3 161 3
> 5585 4165 184 -93 -177 1
> 5554 5244 480 3 -24 1
> 14281 7904 -296 133 -12 2
! 5882 10789 0 sims=435320 RUNNER
! -4074 6753 200 sims=435320 BLOCKER
> 15337 7533 -13 3 161 3
> 5585 4165 184 -93 -177 1
> 5554 5244 480 3 -24 1
> 14281 7904 -296 133 -12 2
! 105006 -5208 200
! 100883 -42096 200
> 15324 7536 -11 2 161 3
> 5576 4124 -7 -35 -195 1
> 6233 5226 577 -15 -6 1
> 14158 7937 -104 28 -30 2
! 7338 13554 0 sims=432440 RUNNER
! -2811 9570 200 sims=432440 BLOCKER
> 15324 7536 -11 2 161 3
> 5576 4124 -7 -35 -195 1
> 6233 5226 577 -15 -6 1
> 14158 7937 -104 28 -30 2
! 104047 26017 0
! 111972 -12854 200
> 15313 7538 -9 1 143 3
> 5401 4198 -148 62 147 1
> 6810 5211 490 -12 12 2
> 14250 7923 77 -11 -12 2
! 5858 10794 0 sims=418224 RUNNER
! -892 11969 0 sims=418224 BLOCKER
> 15313 7538 -9 1 143 3
> 5401 4198 -148 62 147 1
> 6810 5211 490 -12 12 2
> 14250 7923 77 -11 -12 2
! 93412 55210 0
! 100852 -42077 200
> 15304 7539 -7 0 161 3
> 5253 4260 -125 52 129 1
> 7300 5199 416 -10 30 2
> 14500 7812 212 -94 -30 2
! 7318 13557 0 sims=443264 RUNNER
! 1669 13596 0 sims=443264 BLOCKER
> 15304 7539 -7 0 161 3
> 5253 4260 -125 52 129 1
> 7300 5199 416 -10 30 2
> 14500 7812 212 -94 -30 2
! 74213 79513 0
! 112314 -12979 200
> 15663 7414 345 -119 143 3
> 5128 4312 -106 44 111 1
> 7716 5189 353 -8 48 2
> 14541 7801 -4 4 -12 2
! 6208 10670 200 sims=449544 RUNNER
! 4605 14298 0 sims=449544 BLOCKER
> 15663 7414 345 -119 143 3
> 5128 4312 -106 44 111 1
> 7716 5189 353 -8 48 2
> 14541 7801 -4 4 -12 2
! 48389 96543 0
! 112355 -12990 200
> 15819 7360 132 -45 161 3
> 5022 4356 -90 37 93 1
> 8069 5181 300 -6 66 2
> 14733 7763 162 -31 -12 2
! 6364 10616 200 sims=449728 RUNNER
! 1438 13692 0 sims=449728 BLOCKER
> 15819 7360 132 -45 161 3
> 5022 4356 -90 37 93 1
> 8069 5181 300 -6 66 2
> 14733 7763 162 -31 -12 2
! 18521 104633 0
! 101335 -42237 0
> 15762 7380 -48 17 161 3
> 4932 4393 -76 31 111 1
> 8369 5175 255 -5 84 2
> 14895 7732 137 -26 -30 2
! 5764 7555 0 sims=432816 RUNNER
! 4409 14379 0 sims=432816 BLOCKER
> 15762 7380 -48 17 161 3
> 4932 4393 -76 31 111 1
> 8369 5175 255 -5 84 2
> 14895 7732 137 -26 -30 2
! -12422 102989 0
! 101497 -42268 200
> 15946 7303 262 -109 179 3
> 4856 4424 -64 26 93 1
> 8624 5170 216 -4 102 2
> 14974 7700 -39 16 -30 2
! 6491 10559 200 sims=452984 RUNNER
! 1272 13760 0 sims=452984 BLOCKER
> 15946 7303 262 -109 179 3
> 4856 4424 -64 26 93 1
> 8624 5170 216 -4 102 2
> 14974 7700 -39 16 -30 2
! -41375 91772 0
! 101576 -42300 200
> 16019 7259 61 -37 161 3
> 4792 4450 -54 22 111 1
> 8840 5166 183 -3 120 2
> 15108 7616 114 -71 -30 2
! 8033 13277 200 sims=421592 RUNNER
! 4269 14436 0 sims=421592 BLOCKER
> 16019 7259 61 -37 161 3
> 4792 4450 -54 22 111 1
> 8840 5166 183 -3 120 2
> 15108 7616 114 -71 -30 2
! -65474 72079 200
! 112922 -13175 0
> 15990 7320 118 4 143 3
> 4738 4472 -45 18 93 1
> 8874 5297 29 111 138 2
> 15152 7568 -105 5 -12 2
! 6535 10576 200 sims=438600 RUNNER
! 1154 13808 0 sims=438600 BLOCKER
> 15990 7320 118 4 143 3
> 4738 4472 -45 18 93 1
> 8874 5297 29 111 138 2
> 15152 7568 -105 5 -12 2
! -82480 45970 200
! 112966 -13223 200
> 16041 7357 113 12 161 3
> 4693 4490 -38 15 111 1
> 8720 5489 -130 163 156 2
> 15120 7564 -96 15 -12 2
! 6043 7532 200 sims=419080 RUNNER
! 4170 14476 0 sims=419080 BLOCKER
> 16041 7357 113 12 161 3
> 4693 4490 -38 15 111 1
> 8720 5489 -130 163 156 2
> 15120 7564 -96 15 -12 2
! -82634 46162 200
! 112934 -13227 200
> 16006 7361 104 -26 179 3
> 4655 4505 -32 12 93 1
> 8407 5733 -265 207 156 2
> 15168 7549 -94 17 -12 2
! 6551 10617 200 sims=429040 RUNNER
! 7243 14164 200 sims=429040 BLOCKER
> 16006 7361 104 -26 179 3
> 4655 4505 -32 12 93 1
> 8407 5733 -265 207 156 2
> 15168 7549 -94 17 -12 2
! -91045 16185 200
! 112982 -13242 200
> 16070 7368 108 -5 161 3
> 4675 4710 16 174 75 1
> 7943 5961 -394 193 174 2
> 15120 7557 -94 18 -12 2
! 6072 7543 0 sims=422400 RUNNER
! 10121 13097 200 sims=422400 BLOCKER
> 16070 7368 108 -5 161 3
> 4675 4710 16 174 75 1
> 7943 5961 -394 193 174 2
> 15120 7557 -94 18 -12 2
! -91509 16413 200
! 112934 -13234 200
> 16178 7363 91 -4 179 3
> 4800 5052 106 290 57 1
> 7350 6175 -503 181 174 2
> 15222 7533 86 -20 -12 2
! 6723 10619 200 sims=409792 RUNNER
! 10246 13439 200 sims=409792 BLOCKER
> 16178 7363 91 -4 179 3
> 4800 5052 106 290 57 1
> 7350 6175 -503 181 174 2
> 15222 7533 86 -20 -12 2
! -90464 -14616 200
! 114674 17985 0
> 16106 7421 99 29 161 3
> 5015 5510 182 389 57 1
> 6651 6314 -593 118 -168 2
> 15282 7516 -109 5 6 2
! 6108 7596 200 sims=418104 RUNNER
! 12786 11803 0 sims=418104 BLOCKER
> 16106 7421 99 29 161 3
> 5015 5510 182 389 57 1
> 6651 6314 -593 118 -168 2
> 15282 7516 -109 5 6 2
! -79951 -43685 200
! 114734 17968 200
> 16186 7432 95 6 179 3
> 5197 5899 154 330 39 1
> 5885 6332 -651 15 -150 2
> 15191 7563 -105 43 6 2
! 6731 10688 200 sims=430120 RUNNER
! 12968 12192 SHIELD sims=430120 BLOCKER
> 16186 7432 95 6 179 3
> 5197 5899 154 330 39 1
> 5885 6332 -651 15 -150 2
> 15191 7563 -105 43 6 2
! -80717 -43667 SHIELD
! 113005 -13228 200
> 16092 7503 -79 60 161 3
> 4645 5782 -478 -105 39 1
> 5940 6794 55 398 -150 2
> 15282 7564 77 1 -12 2
! 6094 7678 0 sims=428840 RUNNER
! 13981 9366 0 sims=428840 BLOCKER
> 16092 7503 -79 60 161 3
> 4645 5782 -478 -105 39 1
> 5940 6794 55 398 -150 2
> 15282 7564 77 1 -12 2
! -91874 -13997 200
! 114734 18016 200
> 16357 7537 235 28 179 3
> 4167 5677 -406 -89 21 1
> 5995 7192 46 338 -168 2
> 15214 7612 -67 41 6 2
! 6359 7712 200 sims=433736 RUNNER
! 11938 11970 0 sims=433736 BLOCKER
> 16357 7537 235 28 179 3
> 4167 5677 -406 -89 21 1
> 5995 7192 46 338 -168 2
> 15214 7612 -67 41 6 2
! -91819 -13599 0
! 114666 18064 0
> 16392 7569 29 26 179 3
> 3761 5588 -345 -75 39 1
> 6041 7530 39 287 -168 2
> 15147 7653 -56 34 6 2
! 6937 10825 0 sims=420064 RUNNER
! 9207 13975 0 sims=420064 BLOCKER
> 16392 7569 29 26 179 3
> 3761 5588 -345 -75 39 1
> 6041 7530 39 287 -168 2
> 15147 7653 -56 34 6 2
! -93411 17982 200
! 112961 -13138 200
> 16421 7595 24 22 161 3
> 3416 5513 -293 -63 57 1
> 6080 7817 33 243 174 2
> 15287 7645 118 -6 -12 2
! 6423 7770 200 sims=383024 RUNNER
! 8862 13900 200 sims=383024 BLOCKER
> 16421 7595 24 22 161 3
> 3416 5513 -293 -63 57 1
> 6080 7817 33 243 174 2
> 15287 7645 118 -6 -12 2
! -91734 -12974 200
! 114739 18097 0
> 16245 7621 -149 21 179 3
> 3232 5618 -156 89 57 1
> 5917 8018 -138 171 -168 2
> 15405 7639 100 -5 6 2
! 6247 7796 200 sims=414056 RUNNER
! 8678 14005 200 sims=414056 BLOCKER
> 16245 7621 -149 21 179 3
> 3232 5618 -156 89 57 1
> 5917 8018 -138 171 -168 2
> 15405 7639 100 -5 6 2
! -80685 -41981 200
! 114857 18091 200
> 16504 7632 253 8 179 3
> 3185 5875 -40 218 57 1
> 5606 8089 -264 60 -150 2
> 15096 7668 -296 25 6 2
! 6506 7807 200 sims=431440 RUNNER
! 10956 12168 200 sims=431440 BLOCKER
> 16504 7632 253 8 179 3
> 3185 5875 -40 218 57 1
> 5606 8089 -264 60 -150 2
> 15096 7668 -296 25 6 2
! -61307 -66225 200
! 114548 18120 0
> 16557 7644 45 9 179 3
> 3300 6219 98 292 39 1
> 5208 8000 -338 -75 -132 2
> 14800 7693 -251 21 6 2
! 6559 7819 200 sims=445520 RUNNER
! 11071 12512 200 sims=445520 BLOCKER
> 16557 7644 45 9 179 3
> 3300 6219 98 292 39 1
> 5208 8000 -338 -75 -132 2
> 14800 7693 -251 21 6 2
! -61705 -66314 200
! 112614 -13098 200
> 16402 7657 -131 10 179 3
> 3553 6637 215 355 39 1
> 4736 7776 -401 -190 -132 2
> 14745 7672 -47 -17 -12 2
! 6404 7832 200 sims=410472 RUNNER
! 11324 12930 200 sims=410472 BLOCKER
> 16402 7657 -131 10 179 3
> 3553 6637 215 355 39 1
> 4736 7776 -401 -190 -132 2
> 14745 7672 -47 -17 -12 2
! -62177 -66538 200
! 114197 18124 200
> 16071 7671 -281 11 179 3
> 3660 6847 -407 -333 39 1
> 4464 7708 267 454 -132 2
> 14897 7676 129 3 6 2
! 6073 7846 SHIELD sims=426712 RUNNER
! 9106 15234 200 sims=426712 BLOCKER
> 16071 7671 -281 11 179 3
> 3660 6847 -407 -333 39 1
> 4464 7708 267 454 -132 2
> 14897 7676 129 3 6 2
! -62449 -66606 200
! 112711 -13115 SHIELD
