@ 0 reCurse
@ 1 YurkovAS
CP 3
CP 11294 2824
CP 7518 6936
CP 5988 5381
> 11662 3162 0 0 -1 1
> 10926 2486 0 0 -1 1
> 12399 3839 0 0 -1 1
> 10189 1809 0 0 -1 1
! -37846 90046 200
! -22366 96781 200
> 11662 3162 0 0 -1 1
> 10926 2486 0 0 -1 1
> 12399 3839 0 0 -1 1
> 10189 1809 0 0 -1 1
! 5838 11386 BOOST sims=327152 RUNNER
! 5341 10555 BOOST sims=327152 BLOCKER
> 11563 3336 -84 147 120 1
> 10859 2675 -56 160 109 1
> 11973 4330 -362 416 131 1
> 9874 2378 -267 483 119 1
! -62751 70249 200
! -49322 82538 200
> 11563 3336 -84 147 120 1
> 10859 2675 -56 160 109 1
> 11973 4330 -362 416 131 1
> 9874 2378 -267 483 119 1
! 3401 9480 200 sims=333872 RUNNER
! 7966 12194 0 sims=333872 BLOCKER
> 11331 3618 -197 239 138 1
> 10683 2995 -149 271 127 1
> 11440 4849 -453 441 149 1
> 9607 2861 -226 410 101 1
! -80023 44291 200
! -71232 60352 200
> 11331 3618 -197 239 138 1
> 10683 2995 -149 271 127 1
> 11440 4849 -453 441 149 1
> 9607 2861 -226 410 101 1
! 1696 7099 200 sims=271761 RUNNER
! 10826 12786 200 sims=271761 BLOCKER
> 10952 3939 -322 273 156 1
> 10370 3381 -265 327 145 1
> 10792 5335 -550 413 167 1
> 9405 3470 -171 517 83 1
! -80402 44612 200
! -71545 60738 200
> 10952 3939 -322 273 156 1
> 10370 3381 -265 327 145 1
> 10792 5335 -550 413 167 1
> 9405 3470 -171 517 83 1
! 830 4463 0 sims=288365 RUNNER
! 13631 12533 0 sims=288365 BLOCKER
> 10569 4409 -319 405 156 1
> 9981 3669 -199 207 145 1
> 10242 5748 -467 351 185 1
> 9072 4025 -419 503 65 1
! -88883 14861 200
! -85649 32906 200
> 10569 4409 -319 405 156 1
> 9981 3669 -199 207 145 1
> 10242 5748 -467 351 185 1
> 9072 4025 -419 503 65 1
! 1037 1841 200 sims=324604 RUNNER
! 15892 11339 200 sims=324604 BLOCKER
> 10051 4835 -440 362 174 1
> 9591 3934 -331 225 163 1
> 9591 6021 -553 231 203 1
> 8789 4674 -240 551 47 1
! -89401 15287 200
! -72324 61291 BOOST
> 10051 4835 -440 362 174 1
> 9591 3934 -331 225 163 1
> 9591 6021 -553 231 203 1
> 8789 4674 -240 551 47 1
! 2044 -540 0 sims=242067 RUNNER
! 17535 9522 0 sims=242067 BLOCKER
> 9412 5218 -543 325 174 1
> 8776 4440 -602 258 145 1
> 9038 6252 -470 196 221 1
> 8501 5317 -335 718 29 1
! -81942 45891 200
! -51405 84303 0
> 9412 5218 -543 325 174 1
> 8776 4440 -602 258 145 1
> 9038 6252 -470 196 221 1
> 8501 5317 -335 718 29 1
! 3888 -2320 0 sims=278257 RUNNER
! 18317 7225 0 sims=278257 BLOCKER
> 8870 5574 -374 279 156 1
> 8174 4698 -511 219 127 1
> 8661 6555 -202 393 239 1
> 7889 5978 -724 449 11 1
! -65444 72487 200
! -24382 99249 0
> 8870 5574 -374 279 156 1
> 8174 4698 -511 219 127 1
> 8661 6555 -202 393 239 1
> 7889 5978 -724 449 11 1
! 6411 -3189 200 sims=312795 RUNNER
! 17814 4759 200 sims=312795 BLOCKER
> 8346 5952 -449 161 138 1
> 7663 4917 -434 186 109 1
> 8415 6788 -204 358 -103 1
> 7364 6403 -446 360 -7 2
! -65968 72865 200
! 5917 104901 200
> 8346 5952 -449 161 138 1
> 7663 4917 -434 186 109 1
> 8415 6788 -204 358 -103 1
> 7364 6403 -446 360 -7 2
! 6165 -2956 200 sims=309036 BLOCKER
! 16427 2177 200 sims=309036 RUNNER
> 7766 6236 -300 117 138 1
> 7226 5303 -371 328 91 1
> 8166 6951 -211 138 -103 1
> 7082 6690 -432 367 -25 2
! -83588 46909 SHIELD
! 36463 100933 200
> 7766 6236 -300 117 138 1
> 7226 5303 -371 328 91 1
> 8166 6951 -211 138 -103 1
> 7082 6690 -432 367 -25 2
! 9038 -3011 200 sims=308154 BLOCKER
! 14396 -130 0 sims=308154 RUNNER
> 7464 6346 -232 119 156 2
> 6850 5753 -587 93 73 1
> 8060 7032 -72 97 -85 2
> 6650 7057 -367 311 -43 2
! -83890 47019 0
! 64207 87668 200
> 7464 6346 -232 119 156 2
> 6850 5753 -587 93 73 1
> 8060 7032 -72 97 -85 2
> 6650 7057 -367 311 -43 2
! 5810 -2712 200 sims=324520 RUNNER
! 11498 -1689 200 sims=324520 BLOCKER
> 7232 6465 -197 101 156 2
> 6378 6010 -401 218 55 1
> 7943 6934 -99 -83 -103 2
> 6380 7193 -229 115 -61 2
! -92220 16917 SHIELD
! 86241 66191 200
> 7232 6465 -197 101 156 2
> 6378 6010 -401 218 55 1
> 7943 6934 -99 -83 -103 2
> 6380 7193 -229 115 -61 2
! 2793 -1638 200 sims=257516 RUNNER
! 8288 -2623 0 sims=257516 BLOCKER
> 7015 6556 -190 73 174 2
> 6137 6348 -205 287 37 1
> 7937 6781 59 -95 -121 2
> 6151 7308 -194 97 -79 2
! -90799 -14235 0
! 63494 88263 200
> 7015 6556 -190 73 174 2
> 6137 6348 -205 287 37 1
> 7937 6781 59 -95 -121 2
> 6151 7308 -194 97 -79 2
! 390 220 200 sims=306971 RUNNER
! 10999 -1438 200 sims=306971 BLOCKER
> 6825 6629 -161 62 -168 2
> 6041 6430 -83 -66 55 1
> 7845 6555 -78 -192 -139 2
> 6059 7599 -75 383 -61 2
! -90989 -14162 SHIELD
! 85904 66611 0
> 6825 6629 -161 62 -168 2
> 6041 6430 -83 -66 55 1
> 7845 6555 -78 -192 -139 2
> 6059 7599 -75 383 -61 2
! -1360 2648 200 sims=359912 RUNNER
! 13373 779 200 sims=359912 BLOCKER
> 6676 6694 -124 56 -168 2
> 5841 6330 -196 -93 37 1
> 7583 6285 -222 -229 -157 2
> 6130 7846 60 209 -43 2
! -91138 -14097 0
! 100392 38886 200
> 6676 6694 -124 56 -168 2
> 5841 6330 -196 -93 37 1
> 7583 6285 -222 -229 -157 2
> 6130 7846 60 209 -43 2
! -2379 5413 0 sims=346969 RUNNER
! 10978 -900 200 sims=346969 BLOCKER
> 6552 6750 -105 47 -168 2
> 5834 6302 -5 -23 19 1
> 7361 6056 -188 -194 -175 2
> 6287 7880 133 28 -61 2
! -80050 -43249 0
! 105818 8047 200
> 6552 6750 -105 47 -168 2
> 5834 6302 -5 -23 19 1
> 7361 6056 -188 -194 -175 2
> 6287 7880 133 28 -61 2
! -1844 2149 200 sims=366226 RUNNER
! 13601 1060 200 sims=366226 BLOCKER
> 6590 6898 65 149 -150 2
> 5886 6182 10 -126 1 1
> 6989 5784 -316 -231 -157 2
> 6566 7772 237 -92 -43 2
! -60323 -67416 0
! 101516 -23055 200
> 6590 6898 65 149 -150 2
> 5886 6182 10 -126 1 1
> 6989 5784 -316 -231 -157 2
> 6566 7772 237 -92 -43 2
! -558 -777 200 sims=343588 RUNNER
! 11414 -974 0 sims=343588 BLOCKER
> 6649 6883 47 -74 -132 2
> 6018 6059 -70 58 -17 1
> 6591 5360 -155 -523 -139 2
> 6809 7844 208 123 -61 2
! -60264 -67431 200
! 87933 -51298 200
> 6649 6883 47 -74 -132 2
> 6018 6059 -70 58 -17 1
> 6591 5360 -155 -523 -139 2
> 6809 7844 208 123 -61 2
! 1441 -3212 0 sims=424389 RUNNER
! 11657 -902 200 sims=424389 BLOCKER
> 6564 6663 41 -21 -132 2
> 6110 6000 -35 -216 -35 1
> 6436 4837 -131 -444 -121 0
> 7114 7792 259 -44 -61 2
! -34109 -84691 200
! 66291 -73863 200
> 6564 6663 41 -21 -132 2
> 6110 6000 -35 -216 -35 1
> 6436 4837 -131 -444 -121 0
> 7114 7792 259 -44 -61 2
! 4186 -4907 0 sims=378658 RUNNER
! 11962 -954 200 sims=378658 BLOCKER
> 6524 6459 -34 -173 -114 2
> 6195 5624 72 -319 -53 1
> 6305 4393 -111 -377 -103 0
> 7470 7573 302 -186 -61 2
! -3928 -92993 200
! 88110 -51733 200
> 6524 6459 -34 -173 -114 2
> 6195 5624 72 -319 -53 1
> 6305 4393 -111 -377 -103 0
> 7470 7573 302 -186 -61 2
! 7177 -5569 0 sims=382767 RUNNER
! 12318 -1173 200 sims=382767 BLOCKER
> 6469 6087 -46 -316 -96 2
> 6431 5190 200 -368 -35 1
> 6194 4016 -94 -320 -85 0
> 7869 7212 339 -306 -61 2
! 27260 -91727 0
! 102061 -24047 0
> 6469 6087 -46 -316 -96 2
> 6431 5190 200 -368 -35 1
> 6194 4016 -94 -320 -85 0
> 7869 7212 339 -306 -61 2
! 10101 -5189 0 sims=398412 RUNNER
! 12717 -1534 200 sims=398412 BLOCKER
> 6423 5771 -39 -268 -78 0
> 6631 4822 170 -312 -17 1
> 6100 3696 -79 -272 -67 0
> 8305 6731 370 -408 -61 2
! 56422 -80831 0
! 106615 6567 200
> 6423 5771 -39 -268 -78 0
> 6631 4822 170 -312 -17 1
> 6100 3696 -79 -272 -67 0
> 8305 6731 370 -408 -61 2
! 12661 -3851 200 sims=404726 RUNNER
! 10213 -3085 0 sims=404726 BLOCKER
> 6384 5503 -33 -227 -60 0
> 7001 4513 314 -262 1 1
> 6152 3273 44 -359 -49 0
> 8675 6323 314 -346 -79 2
! 80698 -61410 200
! 106985 6258 200
> 6384 5503 -33 -227 -60 0
> 7001 4513 314 -262 1 1
> 6152 3273 44 -359 -49 0
> 8675 6323 314 -346 -79 2
! 14724 -1877 200 sims=404236 RUNNER
! 13523 -2423 0 sims=404236 BLOCKER
> 6500 5142 98 -306 -42 0
> 7515 4254 436 -219 1 1
> 6367 2811 183 -392 -31 0
> 8989 5977 266 -294 -61 2
! 97854 -35531 200
! 103145 -24983 0
> 6500 5142 98 -306 -42 0
> 7515 4254 436 -219 1 1
> 6367 2811 183 -392 -31 0
> 8989 5977 266 -294 -61 2
! 16111 561 200 sims=399840 RUNNER
! 10897 -3839 0 sims=399840 BLOCKER
> 6781 4755 238 -329 -24 0
> 7951 4035 370 -186 -17 1
> 6745 2374 321 -371 -13 0
> 9255 5683 226 -249 -79 2
! 98135 -35918 200
! 89866 -53322 0
> 6781 4755 238 -329 -24 0
> 7951 4035 370 -186 -17 1
> 6745 2374 321 -371 -13 0
> 9255 5683 226 -249 -79 2
! 16707 3246 0 sims=339878 RUNNER
! 8036 -4242 200 sims=339878 BLOCKER
> 7202 4345 357 -348 -24 0
> 8321 3849 314 -158 -35 1
> 7066 2003 272 -315 5 0
> 9457 5235 171 -380 -97 2
! 98556 -36328 0
! 103951 -25388 200
> 7202 4345 357 -348 -24 0
> 8321 3849 314 -158 -35 1
> 7066 2003 272 -315 5 0
> 9457 5235 171 -380 -97 2
! 16271 5910 200 sims=343553 RUNNER
! 5231 -3828 200 sims=343553 BLOCKER
> 7559 3997 303 -295 -24 0
> 8826 3633 429 -184 -17 1
> 7522 1766 387 -201 23 0
> 9543 4674 73 -477 -115 2
! 107011 -6455 200
! 90741 -53724 SHIELD
> 7559 3997 303 -295 -24 0
> 8826 3633 429 -184 -17 1
> 7522 1766 387 -201 23 0
> 9543 4674 73 -477 -115 2
! 15069 8327 200 sims=341544 RUNNER
! 2723 -2640 200 sims=341544 BLOCKER
> 8061 3681 426 -268 -6 0
> 9242 3423 322 -241 -35 1
> 8060 1696 457 -59 41 0
> 9609 4313 364 318 -133 2
! 105875 24472 0
! 69423 -76440 0
> 8061 3681 426 -268 -6 0
> 9242 3423 322 -241 -35 1
> 8060 1696 457 -59 41 0
> 9609 4313 364 318 -133 2
! 13210 10268 0 sims=371357 RUNNER
! 5383 -4750 200 sims=371357 BLOCKER
> 8487 3413 362 -227 12 0
> 9564 3182 273 -204 -53 1
> 8517 1637 388 -50 59 0
> 9888 4450 237 116 -115 2
! 95089 53412 0
! 42120 -91369 0
> 8487 3413 362 -227 12 0
> 9564 3182 273 -204 -53 1
> 8517 1637 388 -50 59 0
> 9888 4450 237 116 -115 2
! 10767 11381 0 sims=356783 RUNNER
! 8669 -5475 200 sims=356783 BLOCKER
> 8849 3186 307 -192 30 0
> 9837 2978 232 -173 -71 1
> 8905 1587 329 -42 77 0
> 10101 4367 180 -70 -97 2
! 75762 77500 200
! 11582 -97006 0
> 8849 3186 307 -192 30 0
> 9837 2978 232 -173 -71 1
> 8905 1587 329 -42 77 0
> 10101 4367 180 -70 -97 2
! 11155 11331 200 sims=353220 RUNNER
! 8882 -5558 200 sims=353220 BLOCKER
> 9290 3143 374 -36 48 0
> 10069 2805 197 -147 -89 1
> 9279 1740 317 129 77 0
> 10257 4098 132 -228 -97 2
! 95892 53142 200
! 11814 -97179 200
> 9290 3143 374 -36 48 0
> 10069 2805 197 -147 -89 1
> 9279 1740 317 129 77 0
> 10257 4098 132 -228 -97 2
! 14429 10312 200 sims=309617 RUNNER
! 6031 -4965 200 sims=309617 BLOCKER
> 9747 3115 55 -362 30 0
> 10342 2520 549 31 -89 1
> 9627 1978 -22 -71 59 0
> 10395 3781 450 68 -115 2
! 96349 53114 200
! -18895 -93110 0
> 9747 3115 55 -362 30 0
> 10342 2520 549 31 -89 1
> 9627 1978 -22 -71 59 0
> 10395 3781 450 68 -115 2
! 17174 8539 200 sims=369516 RUNNER
! 3575 -3533 200 sims=369516 BLOCKER
> 9975 2853 193 -222 30 0
> 10891 2551 466 26 -107 1
> 9756 2038 109 51 41 0
> 10709 3703 266 -66 -133 2
! 96577 52852 200
! -46466 -79364 0
> 9975 2853 193 -222 30 0
> 10891 2551 466 26 -107 1
> 9756 2038 109 51 41 0
> 10709 3703 266 -66 -133 2
! 18961 5945 200 sims=353682 RUNNER
! 1963 -1145 0 sims=353682 BLOCKER
> 10395 2907 368 82 30 0
> 11357 2577 396 22 -125 1
> 9995 1991 192 -76 23 0
> 10975 3637 226 -56 -151 2
! 77308 77221 0
! -68506 -57604 0
> 10395 2907 368 82 30 0
> 11357 2577 396 22 -125 1
> 9995 1991 192 -76 23 0
> 10975 3637 226 -56 -151 2
! 17542 8552 200 sims=416437 RUNNER
! 1159 1729 200 sims=416437 BLOCKER
> 10647 2819 152 -166 48 0
> 11753 2599 336 18 -143 1
> 10338 2046 291 46 41 0
> 11120 3713 185 156 -169 2
! 51320 94173 SHIELD
! -82798 -29957 0
> 10647 2819 152 -166 48 0
> 11753 2599 336 18 -143 1
> 10338 2046 291 46 41 0
> 11120 3713 185 156 -169 2
! 15488 10618 0 sims=417781 RUNNER
! 1195 4932 200 sims=417781 BLOCKER
> 10813 2690 143 -105 66 1
> 12089 2617 285 15 -161 1
> 10487 1727 108 -317 59 0
> 11106 3893 -11 153 -187 2
! 21265 102142 0
! -82462 -29939 200
> 10813 2690 143 -105 66 1
> 12089 2617 285 15 -161 1
> 10487 1727 108 -317 59 0
> 11106 3893 -11 153 -187 2
! 15637 10299 200 sims=411047 RUNNER
! 2043 8119 200 sims=411047 BLOCKER
> 10956 2585 121 -89 84 1
> 12185 2567 81 -42 -161 1
> 10698 1581 179 -123 59 0
> 10914 4131 -163 201 -205 2
! -9835 100399 0
! -82366 -29989 0
> 10956 2585 121 -89 84 1
> 12185 2567 81 -42 -161 1
> 10698 1581 179 -123 59 0
> 10914 4131 -163 201 -205 2
! 12948 11325 200 sims=398013 RUNNER
! 3600 10951 200 sims=398013 BLOCKER
> 11077 2496 102 -75 102 1
> 12266 2525 68 -35 -161 1
> 10922 1653 190 61 77 0
> 10605 4468 -262 286 137 2
! -38922 89098 0
! -67597 -57656 200
> 11077 2496 102 -75 102 1
> 12266 2525 68 -35 -161 1
> 10922 1653 190 61 77 0
> 10605 4468 -262 286 137 2
! 13172 11397 200 sims=360101 RUNNER
! 1542 8694 0 sims=360101 BLOCKER
> 11228 2708 136 228 120 1
> 12174 2370 -77 -132 -143 1
> 11108 1622 150 -74 77 0
> 10343 4754 -222 243 155 2
! -63086 69621 200
! -82377 -30186 200
> 11228 2708 136 228 120 1
> 12174 2370 -77 -132 -143 1
> 11108 1622 150 -74 77 0
> 10343 4754 -222 243 155 2
! 13358 11366 200 sims=409388 RUNNER
! 3029 11574 0 sims=409388 BLOCKER
> 11215 3070 -10 307 138 1
> 11955 2206 162 107 -161 1
> 11256 1709 -222 -172 77 0
> 10121 4997 -188 206 137 2
! -38784 89672 200
! -82596 -30350 200
> 11215 3070 -10 307 138 1
> 11955 2206 162 107 -161 1
> 11256 1709 -222 -172 77 0
> 10121 4997 -188 206 137 2
! 16406 10281 200 sims=422037 RUNNER
! 1058 9223 0 sims=422037 BLOCKER
> 11105 3550 -93 408 120 1
> 11928 2248 -23 35 -161 1
> 11137 1708 -101 0 59 0
> 9933 5203 -159 175 155 2
! -63209 70463 200
! -82623 -30308 200
> 11105 3550 -93 408 120 1
> 11928 2248 -23 35 -161 1
> 11137 1708 -101 0 59 0
> 9933 5203 -159 175 155 2
! 18684 8269 200 sims=402325 RUNNER
! 8 6422 0 sims=402325 BLOCKER
> 10863 4092 -205 460 138 1
> 11839 2303 34 123 -161 1
> 11064 1754 -171 -37 41 0
> 9774 5378 -135 148 173 2
! -63451 71005 200
! -68024 -57878 200
> 10863 4092 -205 460 138 1
> 11839 2303 34 123 -161 1
> 11064 1754 -171 -37 41 0
> 9774 5378 -135 148 173 2
! 18611 8315 200 sims=409633 RUNNER
! -42 3470 0 sims=409633 BLOCKER
> 10509 4686 -300 504 138 1
> 11713 2306 -106 2 -143 1
> 11044 1848 -17 80 41 0
> 9639 5526 -114 125 191 2
! -80845 45359 0
! -68150 -57875 200
> 10509 4686 -300 504 138 1
> 11713 2306 -106 2 -143 1
> 11044 1848 -17 80 41 0
> 9639 5526 -114 125 191 2
! 18591 8409 200 sims=395892 RUNNER
! 893 678 0 sims=395892 BLOCKER
> 10209 5190 -255 428 156 1
> 11864 2473 136 146 -143 1
> 10761 1774 -248 -67 41 0
> 9525 5651 -96 106 209 2
! -89243 15642 0
! -82687 -30083 200
> 10209 5190 -255 428 156 1
> 11864 2473 136 146 -143 1
> 10761 1774 -248 -67 41 0
> 9525 5651 -96 106 209 2
! 18308 8335 200 sims=409500 RUNNER
! 779 803 SHIELD sims=409500 BLOCKER
> 10387 5337 183 104 174 1
> 11811 2554 -45 68 -161 1
> 10664 1838 -82 54 41 0
> 9386 5785 -121 116 -151 2
! -80967 46010 200
! -68052 -57627 200
> 10387 5337 183 104 174 1
> 11811 2554 -45 68 -161 1
> 10664 1838 -82 54 41 0
> 9386 5785 -121 116 -151 2
! 18211 8399 200 sims=432103 RUNNER
! -430 3877 0 sims=432103 BLOCKER
> 10387 5522 0 157 156 1
> 11606 2502 -174 -44 -143 1
> 10733 2023 58 157 41 0
> 9265 5901 -102 98 -169 2
! -80967 46195 200
! -82945 -30054 200
> 10387 5522 0 157 156 1
> 11606 2502 -174 -44 -143 1
> 10733 2023 58 157 41 0
> 9265 5901 -102 98 -169 2
! 19938 5930 0 sims=398909 RUNNER
! -660 7120 0 sims=398909 BLOCKER
> 10204 5760 -155 202 156 1
> 11509 2534 64 104 -161 1
> 10525 2039 -323 -64 23 0
> 9163 5999 -86 83 -187 2
! -89248 16212 200
! -83042 -30022 0
> 10204 5760 -155 202 156 1
> 11509 2534 64 104 -161 1
> 10525 2039 -323 -64 23 0
> 9163 5999 -86 83 -187 2
! 19730 5946 200 sims=388507 RUNNER
! -653 4091 0 sims=388507 BLOCKER
> 9871 5980 -61 156 174 1
> 11573 2638 54 88 -161 1
> 10386 2053 -118 12 23 0
> 9057 6085 -312 103 -169 2
! -89581 16432 200
! -82978 -29918 200
> 9871 5980 -61 156 174 1
> 11573 2638 54 88 -161 1
> 10386 2053 -118 12 23 0
> 9057 6085 -312 103 -169 2
! 19591 5960 200 sims=402885 RUNNER
! 311 1237 0 sims=402885 BLOCKER
> 9611 6157 -220 150 174 1
> 11438 2661 -114 19 -161 1
> 10452 2143 56 76 23 0
> 8745 6188 -265 87 -151 2
! -89841 16609 200
! -68425 -57520 200
> 9611 6157 -220 150 174 1
> 11438 2661 -114 19 -161 1
> 10452 2143 56 76 23 0
> 8745 6188 -265 87 -151 2
! 19657 6050 200 sims=365421 RUNNER
! 1925 -1126 0 sims=365421 BLOCKER
> 9304 6329 -188 146 174 1
> 11393 2682 196 144 -143 1
> 10463 2174 -225 -99 23 0
> 8368 6274 -392 72 -133 2
! -90148 16781 200
! -83158 -29874 200
> 9304 6329 -188 146 174 1
> 11393 2682 196 144 -143 1
> 10463 2174 -225 -99 23 0
> 8368 6274 -392 72 -133 2
! 19668 6081 200 sims=383845 RUNNER
! 4142 -2789 0 sims=383845 BLOCKER
> 8917 6496 -328 141 174 1
> 11400 2761 5 67 -161 1
> 10422 2153 -34 -17 23 0
> 7976 6346 -333 61 -115 2
! -88897 -14295 200
! -68463 -57420 200
> 8917 6496 -328 141 174 1
> 11400 2761 5 67 -161 1
> 10422 2153 -34 -17 23 0
> 7976 6346 -333 61 -115 2
! 17969 8714 200 sims=363881 RUNNER
! 6757 -3579 0 sims=363881 BLOCKER
> 8424 6603 -272 124 -168 1
> 11245 2708 -131 -45 -143 1
> 10539 2267 99 97 41 0
> 7613 6400 -455 11 -97 2
! -78178 -43396 200
! -68618 -57473 200
> 8424 6603 -272 124 -168 1
> 11245 2708 -131 -45 -143 1
> 10539 2267 99 97 41 0
> 7613 6400 -455 11 -97 2
! 18086 8828 SHIELD sims=380471 RUNNER
! 9521 -3416 200 sims=380471 BLOCKER
> 7979 6627 -378 20 -150 2
> 11629 2963 368 243 -143 1
> 10571 2322 22 44 41 0
> 7196 6215 -354 -157 -79 2
! -58934 -67687 200
! -68234 -57218 200
> 7979 6627 -378 20 -150 2
> 11629 2963 368 243 -143 1
> 10571 2322 22 44 41 0
> 7196 6215 -354 -157 -79 2
! 18118 8883 0 sims=387359 RUNNER
! 12044 -2531 200 sims=387359 BLOCKER
> 7467 6498 -435 -109 -132 2
> 11837 3086 177 104 -143 1
> 10593 2366 18 37 41 0
> 6939 5883 -218 -282 -61 2
! -33206 -84856 200
! -68026 -57095 200
> 7467 6498 -435 -109 -132 2
> 11837 3086 177 104 -143 1
> 10593 2366 18 37 41 0
> 6939 5883 -218 -282 -61 2
! 19798 6273 0 sims=379435 RUNNER
! 14253 -937 200 sims=379435 BLOCKER
> 7076 6361 -326 -108 -114 2
> 11854 3070 14 -13 -143 1
> 10611 2403 15 31 23 0
> 6742 5310 -173 -494 -43 2
! -3376 -93091 200
! -68009 -57111 200
> 7076 6361 -326 -108 -114 2
> 11854 3070 14 -13 -143 1
> 10611 2403 15 31 23 0
> 6742 5310 -173 -494 -43 2
! 18158 8964 0 sims=370482 RUNNER
! 15805 1084 200 sims=370482 BLOCKER
> 6729 6054 -294 -260 -96 2
> 11708 2937 -123 -113 -143 1
> 10626 2434 12 26 41 0
> 6750 4731 7 -491 -25 2
! 27520 -91760 200
! -82843 -29619 200
> 6729 6054 -294 -260 -96 2
> 11708 2937 -123 -113 -143 1
> 10626 2434 12 26 41 0
> 6750 4731 7 -491 -25 2
! 19831 6341 200 sims=374388 RUNNER
! 16675 3512 200 sims=374388 BLOCKER
> 6477 5598 -214 -387 -78 0
> 11567 2831 187 39 -161 1
> 10651 2466 -285 -102 23 0
> 6956 4216 174 -438 -7 2
! 56476 -81004 200
! -88417 1085 200
> 6477 5598 -214 -387 -78 0
> 11567 2831 187 39 -161 1
> 10651 2466 -285 -102 23 0
> 6956 4216 174 -438 -7 2
! 19856 6373 200 sims=370825 RUNNER
! 16019 -10 200 sims=370825 BLOCKER
> 6363 5038 -96 -476 -60 0
> 11554 2867 -11 30 -179 1
> 10550 2442 -85 -20 23 0
> 7311 3693 301 -444 -25 2
! 80677 -61875 200
! -82997 -29689 200
> 6363 5038 -96 -476 -60 0
> 11554 2867 -11 30 -179 1
> 10550 2442 -85 -20 23 0
> 7311 3693 301 -444 -25 2
! 19755 6349 200 sims=369866 RUNNER
! 17236 2474 200 sims=369866 BLOCKER
> 6416 4428 44 -518 -42 0
> 11373 2841 69 81 -161 1
> 10630 2491 -155 -62 23 0
> 7811 3225 424 -398 -7 2
! 97770 -36245 200
! -83178 -29715 200
> 6416 4428 44 -518 -42 0
> 11373 2841 69 81 -161 1
> 10630 2491 -155 -62 23 0
> 7811 3225 424 -398 -7 2
! 18177 9052 200 sims=332192 RUNNER
! 17627 5133 0 sims=332192 BLOCKER
> 6643 3829 192 -509 -24 0
> 11391 2922 39 80 -161 1
> 10487 2495 -144 -7 41 0
> 8235 2827 360 -338 11 2
! 106095 -6623 200
! -83160 -29634 200
> 6643 3829 192 -509 -24 0
> 11391 2922 39 80 -161 1
> 10487 2495 -144 -7 41 0
> 8235 2827 360 -338 11 2
! 19692 6402 200 sims=342524 RUNNER
! 16981 7675 0 sims=342524 BLOCKER
> 7034 3299 332 -450 -6 0
> 11241 2937 -127 12 -161 1
> 10527 2566 34 60 23 0
> 8595 2489 306 -287 29 2
! 106486 -7153 200
! -83310 -29619 0
> 7034 3299 332 -450 -6 0
> 11241 2937 -127 12 -161 1
> 10527 2566 34 60 23 0
> 8595 2489 306 -287 29 2
! 19732 6473 200 sims=286286 RUNNER
! 15415 9803 200 sims=286286 BLOCKER
> 7565 2828 451 -400 -6 0
> 11433 3115 166 153 -161 1
> 10426 2538 -89 -25 23 0
> 9037 2348 376 -119 47 2
! 105379 23619 0
! -68430 -57066 200
> 7565 2828 451 -400 -6 0
> 11433 3115 166 153 -161 1
> 10426 2538 -89 -25 23 0
> 9037 2348 376 -119 47 2
! 17973 9099 0 sims=345940 RUNNER
! 13263 11411 0 sims=345940 BLOCKER
> 8016 2428 383 -340 12 0
> 11439 3148 5 27 -143 1
> 10337 2513 -75 -21 41 0
> 9413 2229 319 -101 65 2
! 105830 23219 0
! -83112 -29408 200
> 8016 2428 383 -340 12 0
> 11439 3148 5 27 -143 1
> 10337 2513 -75 -21 41 0
> 9413 2229 319 -101 65 2
! 19542 6420 200 sims=277725 RUNNER
! 10632 12154 0 sims=277725 BLOCKER
> 8399 2088 325 -289 12 0
> 11255 3110 -156 -32 -161 1
> 10446 2570 92 48 23 0
> 9732 2128 271 -85 83 2
! 107851 -8364 200
! -88729 1364 SHIELD
> 8399 2088 325 -289 12 0
> 11255 3110 -156 -32 -161 1
> 10446 2570 92 48 23 0
> 9732 2128 271 -85 83 2
! 20408 3442 200 sims=301266 RUNNER
! 13958 11191 200 sims=301266 BLOCKER
> 8917 1777 -242 -440 -6 0
> 11164 3131 -36 50 -179 1
> 10480 2355 -133 -359 5 0
> 9697 1979 404 -105 65 2
! 106731 22568 200
! -88820 1385 0
> 8917 1777 -242 -440 -6 0
> 11164 3131 -36 50 -179 1
> 10480 2355 -133 -359 5 0
> 9697 1979 404 -105 65 2
! 19685 6262 200 sims=396396 RUNNER
! 13923 11042 SHIELD sims=396396 BLOCKER
> 8871 1379 -39 -338 12 0
> 11128 3181 -30 42 -179 1
> 11065 2330 593 24 23 1
> 10048 1848 288 -115 65 2
! 95473 51378 200
! -84502 32418 0
> 8871 1379 -39 -338 12 0
> 11128 3181 -30 42 -179 1
> 11065 2330 593 24 23 1
> 10048 1848 288 -115 65 2
! 18612 8891 0 sims=431536 RUNNER
! 11267 11773 0 sims=431536 BLOCKER
> 9005 1141 114 -202 30 0
> 11098 3223 -25 35 -197 1
> 11658 2354 504 20 41 1
> 10336 1733 244 -97 83 2
! 75918 75455 200
! -70817 60580 0
> 9005 1141 114 -202 30 0
> 11098 3223 -25 35 -197 1
> 11658 2354 504 20 41 1
> 10336 1733 244 -97 83 2
! 16808 10926 0 sims=404656 RUNNER
! 8428 11549 0 sims=404656 BLOCKER
> 9253 1088 210 -45 48 0
> 11073 3258 -21 29 -215 1
> 12162 2374 428 17 59 1
> 10580 1636 207 -82 101 2
! 76166 75402 200
! -49108 83121 200
> 9253 1088 210 -45 48 0
> 11073 3258 -21 29 -215 1
> 12162 2374 428 17 59 1
> 10580 1636 207 -82 101 2
! 14412 12118 0 sims=387646 RUNNER
! 5732 10382 0 sims=387646 BLOCKER
> 9597 1192 292 88 48 0
> 10932 3447 -120 160 -233 1
> 12590 2391 363 14 77 1
> 10787 1554 175 -69 119 2
! 96199 51191 200
! -21624 97998 0
> 9597 1192 292 88 48 0
> 10932 3447 -120 160 -233 1
> 12590 2391 363 14 77 1
> 10787 1554 175 -69 119 2
! 11718 12353 200 sims=369159 RUNNER
! 3473 8374 200 sims=369159 BLOCKER
> 10054 1377 29 42 30 0
> 10812 3607 -102 136 -251 1
> 12936 2604 293 181 95 1
> 10824 1624 390 174 137 2
! 96656 51376 200
! 9066 103591 0
> 10054 1377 29 42 30 0
> 10812 3607 -102 136 -251 1
> 12936 2604 293 181 95 1
> 10824 1624 390 174 137 2
! 9029 11809 200 sims=362089 RUNNER
! 1761 5850 200 sims=362089 BLOCKER
> 10256 1519 171 120 30 0
> 10710 3743 -86 115 91 1
> 13151 2969 182 310 113 1
> 11033 1883 177 219 155 2
! 96858 51518 200
! 8964 103727 0
> 10256 1519 171 120 30 0
> 10710 3743 -86 115 91 1
> 13151 2969 182 310 113 1
> 11033 1883 177 219 155 2
! 6590 10516 200 sims=347228 RUNNER
! 1108 3102 200 sims=347228 BLOCKER
> 10372 1621 55 64 30 0
> 10624 3858 -73 97 91 1
> 13202 3430 43 391 131 1
> 11239 2244 218 329 173 2
! 77285 75935 200
! 39861 99488 0
> 10372 1621 55 64 30 0
> 10624 3858 -73 97 91 1
> 13202 3430 43 391 131 1
> 11239 2244 218 329 173 2
! 4630 8580 200 sims=383593 RUNNER
! 1423 336 0 sims=383593 BLOCKER
> 10561 1834 160 180 48 0
> 10551 3955 -62 82 73 1
> 13074 3924 -109 419 149 1
> 11457 2573 185 279 191 2
! 51234 93188 200
! 67908 85870 200
> 10561 1834 160 180 48 0
> 10551 3955 -62 82 73 1
> 13074 3924 -109 419 149 1
> 11457 2573 185 279 191 2
! 4502 9074 200 sims=366471 RUNNER
! 2711 -2275 200 sims=366471 BLOCKER
> 10802 2197 205 308 66 0
> 10604 4201 44 208 55 1
> 12794 4446 -238 443 149 1
> 11467 2755 8 154 209 2
! 21254 101649 SHIELD
! 39841 99831 200
> 10802 2197 205 308 66 0
> 10604 4201 44 208 55 1
> 12794 4446 -238 443 149 1
> 11467 2755 8 154 209 2
! 6233 11993 200 sims=398013 RUNNER
! 2721 -2093 SHIELD sims=398013 BLOCKER
> 10868 2388 11 124 84 0
> 10706 4600 87 339 73 1
> 12425 5040 -313 504 131 1
> 11614 3026 169 267 -151 2
! 51541 93742 200
! 8960 104584 200
> 10868 2388 11 124 84 0
> 10706 4600 87 339 73 1
> 12425 5040 -313 504 131 1
> 11614 3026 169 267 -151 2
! 8518 14245 200 sims=438207 RUNNER
! 1798 1118 0 sims=438207 BLOCKER
> 10879 2512 9 105 66 1
> 10790 5139 70 458 91 1
> 12034 5728 -332 584 113 1
> 11783 3293 143 226 -169 2
! 51552 93866 0
! 9044 105123 200
> 10879 2512 9 105 66 1
> 10790 5139 70 458 91 1
> 12034 5728 -332 584 113 1
> 11783 3293 143 226 -169 2
! 5473 13275 200 sims=369803 RUNNER
! 1858 4512 0 sims=369803 BLOCKER
> 10888 2617 7 89 66 1
> 10857 5797 56 559 91 1
> 11571 6463 -393 624 131 1
> 11926 3519 121 192 -187 2
! 21340 102069 0
! -21699 100348 200
> 10888 2617 7 89 66 1
> 10857 5797 56 559 91 1
> 11571 6463 -393 624 131 1
> 11926 3519 121 192 -187 2
! 2999 11613 0 sims=376523 RUNNER
! 2863 7745 0 sims=376523 BLOCKER
> 10895 2706 5 75 84 1
> 10734 6413 -199 414 109 1
> 11292 7219 -141 752 149 1
> 12047 3711 102 163 155 2
! -9896 100520 200
! -21822 100964 0
> 10895 2706 5 75 84 1
> 10734 6413 -199 414 109 1
> 11292 7219 -141 752 149 1
> 12047 3711 102 163 155 2
! 1548 9469 200 sims=392812 RUNNER
! 4733 10531 200 sims=392812 BLOCKER
> 10858 2977 -31 230 102 1
> 10535 6827 -169 351 109 1
> 10956 8016 -285 677 167 1
> 12003 4010 -37 254 137 2
! -39141 89579 200
! -49646 86690 0
> 10858 2977 -31 230 102 1
> 10535 6827 -169 351 109 1
> 10956 8016 -285 677 167 1
> 12003 4010 -37 254 137 2
! 994 7144 200 sims=412279 RUNNER
! 2940 8236 200 sims=412279 BLOCKER
> 10727 3380 -111 342 120 1
> 10366 7178 -143 298 127 1
> 10472 8676 -411 560 185 1
> 11785 4349 -185 287 155 2
! -63587 70293 200
! -71549 64535 200
> 10727 3380 -111 342 120 1
> 10366 7178 -143 298 127 1
> 10472 8676 -411 560 185 1
> 11785 4349 -185 287 155 2
! 1267 4769 200 sims=405601 RUNNER
! 1860 5568 200 sims=405601 BLOCKER
> 10467 3856 -220 404 138 1
> 10059 7591 -260 350 145 1
> 9877 9158 -505 409 203 1
> 11401 4660 -325 264 173 2
! -63847 70769 200
! -85571 36828 200
> 10467 3856 -220 404 138 1
> 10059 7591 -260 350 145 1
> 9877 9158 -505 409 203 1
> 11401 4660 -325 264 173 2
! 2330 2597 200 sims=416745 RUNNER
! 1585 2752 200 sims=416745 BLOCKER
> 10098 4394 -313 457 138 1
> 9608 7999 -383 347 163 1
> 9221 9436 -557 236 221 1
> 10880 4886 -443 191 191 2
! -39901 90996 200
! -86022 37236 200
> 10098 4394 -313 457 138 1
> 9608 7999 -383 347 163 1
> 9221 9436 -557 236 221 1
> 10880 4886 -443 191 191 2
! 4071 864 0 sims=412986 RUNNER
! 955 6105 200 sims=412986 BLOCKER
> 9443 4900 -647 383 120 1
> 9034 8404 -488 344 163 1
> 8664 9672 -473 200 239 1
> 10481 5226 -248 335 173 2
! -11348 102714 200
! -72881 65761 0
> 9443 4900 -647 383 120 1
> 9034 8404 -488 344 163 1
> 8664 9672 -473 200 239 1
> 10481 5226 -248 335 173 2
! 6414 -72 0 sims=384328 RUNNER
! 665 3318 200 sims=384328 BLOCKER
> 8754 5479 -585 491 102 1
> 8546 8748 -414 292 145 1
> 8191 9872 -402 170 -103 1
> 10037 5523 -377 252 191 2
! 19206 104931 0
! -51635 88611 0
> 8754 5479 -585 491 102 1
> 8546 8748 -414 292 145 1
> 8191 9872 -402 170 -103 1
> 10037 5523 -377 252 191 2
! 9063 -90 0 sims=410445 RUNNER
! 1291 675 0 sims=410445 BLOCKER
> 8169 5970 -497 417 84 1
> 8132 9040 -351 248 127 1
> 7789 10042 -341 144 -85 1
> 9660 5775 -320 214 209 2
! 48842 97324 0
! -52049 88903 0
> 8169 5970 -497 417 84 1
> 8132 9040 -351 248 127 1
> 7789 10042 -341 144 -85 1
> 9660 5775 -320 214 209 2
! 5539 298 200 sims=395101 RUNNER
! -156 3867 0 sims=395101 BLOCKER
> 7672 6387 -422 354 66 2
> 7782 9286 -199 25 127 1
> 7402 9993 -427 141 -103 1
> 9340 5989 -272 181 -169 2
! 74585 80701 0
! -74133 66643 200
> 7672 6387 -422 354 66 2
> 7782 9286 -199 25 127 1
> 7402 9993 -427 141 -103 1
> 9340 5989 -272 181 -169 2
! 2252 1421 200 sims=451668 RUNNER
! 594 1141 0 sims=451668 BLOCKER
> 7250 6741 -358 300 48 2
> 7491 9296 -245 4 145 1
> 6800 10092 -513 88 -121 1
> 9068 6170 -231 153 -151 2
! 93852 56740 0
! -88139 38533 0
> 7250 6741 -358 300 48 2
> 7491 9296 -245 4 145 1
> 6800 10092 -513 88 -121 1
> 9068 6170 -231 153 -151 2
! 4550 348 200 sims=468496 RUNNER
! 2248 -1144 0 sims=468496 BLOCKER
> 6892 7041 -304 255 30 2
> 7246 9300 -208 3 163 1
> 6242 9985 -474 -90 -103 1
> 8837 6323 -196 130 -133 2
! 104706 27832 0
! -92738 7554 0
> 6892 7041 -304 255 30 2
> 7246 9300 -208 3 163 1
> 6242 9985 -474 -90 -103 1
> 8837 6323 -196 130 -133 2
! 7114 23 200 sims=478863 RUNNER
! 91 1475 0 sims=478863 BLOCKER
> 6588 7296 -258 216 12 2
> 7038 9303 -176 2 181 1
> 5785 9696 -388 -245 -85 1
> 8641 6453 -166 110 -151 2
! 106040 -3156 0
! -87513 -23253 0
> 6588 7296 -258 216 12 2
> 7038 9303 -176 2 181 1
> 5785 9696 -388 -245 -85 1
> 8641 6453 -166 110 -151 2
! 9692 491 200 sims=387002 RUNNER
! -1175 4545 200 sims=387002 BLOCKER
> 6330 7512 -219 183 -6 2
> 6862 9305 -149 1 -161 1
> 5475 9267 -263 -364 -67 1
> 8279 6525 -307 61 -169 2
! 97684 -33161 0
! -73001 -50876 0
> 6330 7512 -219 183 -6 2
> 6862 9305 -149 1 -161 1
> 5475 9267 -263 -364 -67 1
> 8279 6525 -307 61 -169 2
! 9382 62 200 sims=418362 RUNNER
! -1646 7744 0 sims=418362 BLOCKER
> 6111 7695 -186 155 -24 2
> 6713 9306 -126 0 -143 1
> 5290 8719 -157 -465 -67 1
> 7972 6586 -260 51 -187 2
! 80425 -59218 200
! -50644 -72609 200
> 6111 7695 -186 155 -24 2
> 6713 9306 -126 0 -143 1
> 5290 8719 -157 -465 -67 1
> 7972 6586 -260 51 -187 2
! 11851 1172 200 sims=399609 RUNNER
! -1844 4678 0 sims=399609 BLOCKER
> 6074 7716 -31 17 -42 2
> 6472 9142 -204 -139 -125 1
> 5264 8103 -21 -523 -49 1
> 7712 6637 -221 43 -169 2
! 56073 -78886 BOOST
! -22765 -86488 200
> 6074 7716 -31 17 -42 2
> 6472 9142 -204 -139 -125 1
> 5264 8103 -21 -523 -49 1
> 7712 6637 -221 43 -169 2
! 13836 2953 0 sims=360857 RUNNER
! -2213 7856 200 sims=360857 BLOCKER
> 6368 7170 249 -464 -60 2
> 6210 8812 -223 -280 -107 1
> 5243 7580 -17 -444 -31 1
> 7292 6704 -356 57 -187 2
! 27159 -90644 200
! -23027 -86818 0
> 6368 7170 249 -464 -60 2
> 6210 8812 -223 -280 -107 1
> 5243 7580 -17 -444 -31 1
> 7292 6704 -356 57 -187 2
! 14987 5330 200 sims=389739 RUNNER
! -2524 4796 0 sims=389739 BLOCKER
> 6119 6700 65 -577 -78 2
> 5987 8532 -189 -238 -107 1
> 5373 7116 -348 -149 -13 1
> 7523 6546 378 -200 -169 2
! 56118 -79902 200
! 7732 -91452 200
> 6119 6700 65 -577 -78 2
> 5987 8532 -189 -238 -107 1
> 5373 7116 -348 -149 -13 1
> 7523 6546 378 -200 -169 2
! 15335 7988 200 sims=432593 RUNNER
! -1223 1698 0 sims=432593 BLOCKER
> 6284 5950 140 -637 -60 2
> 5801 8094 -157 -372 -89 1
> 5224 6984 -126 -111 5 1
> 7901 6346 321 -170 -151 2
! 80598 -60963 200
! 38357 -86457 200
> 6284 5950 140 -637 -60 2
> 5801 8094 -157 -372 -89 1
> 5224 6984 -126 -111 5 1
> 7901 6346 321 -170 -151 2
! 14429 10891 200 sims=428379 RUNNER
! 1081 -968 0 sims=428379 BLOCKER
> 6573 5179 245 -655 -42 0
> 5753 7598 170 -110 -71 1
> 5238 6886 -199 -394 23 1
> 8222 6176 272 -144 -133 2
! 97927 -35494 200
! 7498 -92386 0
> 6573 5179 245 -655 -42 0
> 5753 7598 170 -110 -71 1
> 5238 6886 -199 -394 23 1
> 8222 6176 272 -144 -133 2
! 12785 13447 200 sims=409157 RUNNER
! -524 1328 0 sims=409157 BLOCKER
> 7001 4443 363 -625 -24 0
> 5923 7488 144 -93 -89 1
> 5190 6623 -40 -223 41 1
> 8494 6032 231 -122 -151 2
! 106453 -6009 200
! -23314 -88142 200
> 7001 4443 363 -625 -24 0
> 5923 7488 144 -93 -89 1
> 5190 6623 -40 -223 41 1
> 8494 6032 231 -122 -151 2
! 10340 15195 0 sims=414099 RUNNER
! -1322 4124 0 sims=414099 BLOCKER
> 7563 3797 477 -549 -6 0
> 6009 7204 72 -241 -107 1
> 5150 6400 -34 -189 59 1
> 8725 5910 196 -103 -169 2
! 105377 24588 200
! -51348 -74711 0
> 7563 3797 477 -549 -6 0
> 6009 7204 72 -241 -107 1
> 5150 6400 -34 -189 59 1
> 8725 5910 196 -103 -169 2
! 10300 14972 200 sims=429751 RUNNER
! -1200 7129 200 sims=429751 BLOCKER
> 8236 3290 571 -431 12 0
> 6081 6963 61 -204 -125 1
> 5219 6382 58 -14 59 1
> 8722 5831 -2 -66 -187 2
! 94838 53289 200
! -73782 -53218 200
> 8236 3290 571 -431 12 0
> 6081 6963 61 -204 -125 1
> 5219 6382 58 -14 59 1
> 8722 5831 -2 -66 -187 2
! 12766 12943 200 sims=414001 RUNNER
! -341 10057 0 sims=414001 BLOCKER
> 8980 2959 632 -281 30 0
> 6199 6750 275 -91 -143 1
> 5212 6388 -181 -84 41 1
> 8720 5765 -1 -56 155 2
! 75893 77273 200
! -88352 -25806 0
> 8980 2959 632 -281 30 0
> 6199 6750 275 -91 -143 1
> 5212 6388 -181 -84 41 1
> 8720 5765 -1 -56 155 2
! 14417 10295 200 sims=403200 RUNNER
! 1406 12585 200 sims=403200 BLOCKER
> 9746 2827 650 -112 48 0
> 6474 6659 233 -77 -161 1
> 5215 6382 2 -4 23 1
> 8573 5845 -125 68 137 2
! 50419 94181 0
! -93510 4913 200
> 9746 2827 650 -112 48 0
> 6474 6659 233 -77 -161 1
> 5215 6382 2 -4 23 1
> 8573 5845 -125 68 137 2
! 14420 10289 200 sims=399826 RUNNER
! -490 10071 200 sims=399826 BLOCKER
> 10396 2715 552 -95 66 0
> 6507 6579 28 -68 -179 1
> 5401 6456 158 63 23 1
> 8267 5998 -260 129 155 2
! 20848 102167 200
! -89123 35816 200
> 10396 2715 552 -95 66 0
> 6507 6579 28 -68 -179 1
> 5401 6456 158 63 23 1
> 8267 5998 -260 129 155 2
! 14606 10363 200 sims=347067 RUNNER
! 953 12818 0 sims=347067 BLOCKER
