@ 0 reCurse
@ 1 YurkovAS
CP 4
CP 12960 7227
CP 5627 2593
CP 4123 7410
CP 13493 2363
> 12693 7650 0 0 -1 1
> 13227 6804 0 0 -1 1
> 12159 8495 0 0 -1 1
> 13761 5959 0 0 -1 1
! -68626 -50548 200
! -54985 -66319 200
> 12693 7650 0 0 -1 1
> 13227 6804 0 0 -1 1
> 12159 8495 0 0 -1 1
> 13761 5959 0 0 -1 1
! 3249 3955 BOOST sims=264904 RUNNER
! 4698 1733 BOOST sims=264904 BLOCKER
> 12530 7534 -138 -98 -144 1
> 13091 6658 -115 -124 -133 1
> 11580 8200 -492 -250 -153 1
> 13172 5684 -500 -233 -155 1
! -68371 -51244 200
! -74371 -41822 200
> 12530 7534 -138 -98 -144 1
> 13091 6658 -115 -124 -133 1
> 11580 8200 -492 -250 -153 1
> 13172 5684 -500 -233 -155 1
! 4509 1129 200 sims=361824 RUNNER
! 4109 1458 200 sims=361824 BLOCKER
> 12230 7318 -254 -183 -144 1
> 12801 6437 -246 -187 -151 1
> 10947 7809 -538 -332 -135 1
> 12491 5366 -579 -269 -155 1
! -82875 -23583 200
! -74661 -42043 200
> 12230 7318 -254 -183 -144 1
> 12801 6437 -246 -187 -151 1
> 10947 7809 -538 -332 -135 1
> 12491 5366 -579 -269 -155 1
! 3876 738 200 sims=367440 RUNNER
! 3428 1140 200 sims=367440 BLOCKER
> 11786 7073 -377 -208 -162 1
> 12380 6153 -357 -241 -151 1
> 10268 7336 -577 -402 -135 1
> 11731 5012 -646 -300 -155 1
! -83319 -23828 200
! -75082 -42327 200
> 11786 7073 -377 -208 -162 1
> 12380 6153 -357 -241 -151 1
> 10268 7336 -577 -402 -135 1
> 11731 5012 -646 -300 -155 1
! 5728 -1574 200 sims=337192 RUNNER
! 1806 3793 0 sims=337192 BLOCKER
> 11219 6803 -482 -229 -162 1
> 11848 5815 -452 -287 -151 1
> 9600 6756 -567 -493 -117 1
> 11085 4712 -549 -255 -173 1
! -69682 -51975 200
! -75614 -42665 200
> 11219 6803 -482 -229 -162 1
> 11848 5815 -452 -287 -151 1
> 9600 6756 -567 -493 -117 1
> 11085 4712 -549 -255 -173 1
! 8036 -3121 200 sims=319592 RUNNER
! 1269 6620 0 sims=319592 BLOCKER
> 10575 6456 -547 -294 -144 1
> 11221 5431 -532 -326 -151 1
> 9002 6065 -508 -586 -99 1
> 10536 4457 -466 -216 -191 1
! -48203 -74445 200
! -76241 -43049 200
> 10575 6456 -547 -294 -144 1
> 11221 5431 -532 -326 -151 1
> 9002 6065 -508 -586 -99 1
> 10536 4457 -466 -216 -191 1
! 4462 -2845 0 sims=312880 RUNNER
! 1790 9305 0 sims=312880 BLOCKER
> 9910 6000 -564 -387 -126 1
> 10514 5008 -600 -359 -151 1
> 8494 5479 -431 -498 -117 1
> 10070 4241 -396 -183 -209 1
! -48868 -74901 200
! -57685 -68127 200
> 9910 6000 -564 -387 -126 1
> 10514 5008 -600 -359 -151 1
> 8494 5479 -431 -498 -117 1
> 10070 4241 -396 -183 -209 1
! 1423 -1592 200 sims=326048 RUNNER
! 1324 9089 SHIELD sims=326048 BLOCKER
> 9228 5451 -579 -466 -126 1
> 10086 5078 -300 176 -133 1
> 7922 4840 -486 -543 -135 1
> 9643 4000 -369 -216 151 1
! -49550 -75450 200
! -77376 -43402 200
> 9228 5451 -579 -466 -126 1
> 10086 5078 -300 176 -133 1
> 7922 4840 -486 -543 -135 1
> 9643 4000 -369 -216 151 1
! -988 300 200 sims=362872 RUNNER
! 2823 11314 0 sims=362872 BLOCKER
> 8531 4823 -592 -533 -126 1
> 9611 5157 -403 67 -151 1
> 7258 4206 -564 -538 -153 1
> 9274 3784 -313 -183 133 1
! -72370 -53955 200
! -88551 -13923 200
> 8531 4823 -592 -533 -126 1
> 9611 5157 -403 67 -151 1
> 7258 4206 -564 -538 -153 1
> 9274 3784 -313 -183 133 1
! -2619 2642 0 sims=362864 RUNNER
! 2454 11098 0 sims=362864 BLOCKER
> 7777 4172 -640 -552 -144 1
> 9012 5186 -509 24 -169 1
> 6694 3668 -479 -457 -171 1
> 8961 3601 -266 -155 133 1
! -87328 -26729 0
! -89150 -13894 0
> 7777 4172 -640 -552 -144 1
> 9012 5186 -509 24 -169 1
> 6694 3668 -479 -457 -171 1
> 8961 3601 -266 -155 133 1
! -3183 5232 200 sims=352760 RUNNER
! 2141 10915 0 sims=352760 BLOCKER
> 7137 3620 -544 -469 -162 1
> 8503 5210 -432 20 -169 1
> 6017 3242 -575 -361 171 1
> 8695 3446 -226 -131 133 1
! -92863 3620 0
! -78959 -43270 200
> 7137 3620 -544 -469 -162 1
> 8503 5210 -432 20 -169 1
> 6017 3242 -575 -361 171 1
> 8695 3446 -226 -131 133 1
! -2893 7782 200 sims=350120 RUNNER
! 1875 10760 200 sims=350120 BLOCKER
> 6593 3151 -462 -398 -180 1
> 7896 5133 -515 -65 -151 1
> 5264 2972 -640 -229 153 2
> 8333 3461 -308 12 133 1
! -88512 34052 0
! -90266 -13947 0
> 6593 3151 -462 -398 -180 1
> 7896 5133 -515 -65 -151 1
> 5264 2972 -640 -229 153 2
> 8333 3461 -308 12 133 1
! -1807 10043 200 sims=352136 RUNNER
! 4107 12524 0 sims=352136 BLOCKER
> 6131 2753 -392 -338 162 2
> 7381 5068 -437 -55 -169 1
> 4483 2884 -664 -74 135 2
> 8025 3473 -261 10 115 1
! -74770 61531 200
! -91873 17255 0
> 6131 2753 -392 -338 162 2
> 7381 5068 -437 -55 -169 1
> 4483 2884 -664 -74 135 2
> 8025 3473 -261 10 115 1
! -57 11794 200 sims=355656 RUNNER
! 6806 13398 200 sims=355656 BLOCKER
> 5577 2533 -470 -187 144 2
> 6944 5013 -371 -46 173 1
> 3728 2988 -641 88 117 2
> 7740 3682 -242 177 97 1
! -53201 83434 200
! -92310 17199 0
> 5577 2533 -470 -187 144 2
> 6944 5013 -371 -46 173 1
> 3728 2988 -641 88 117 2
> 7740 3682 -242 177 97 1
! 2164 12865 200 sims=332488 RUNNER
! 6521 13607 200 sims=332488 BLOCKER
> 4989 2508 -499 -21 126 2
> 6573 4967 -315 -39 173 1
> 3056 3274 -571 242 99 2
> 7474 4058 -226 319 97 1
! -25912 97613 200
! -84057 47228 0
> 4989 2508 -499 -21 126 2
> 6573 4967 -315 -39 173 1
> 3056 3274 -571 242 99 2
> 7474 4058 -226 319 97 1
! 4620 13151 0 sims=342344 RUNNER
! 9382 13874 0 sims=342344 BLOCKER
> 4428 2677 -476 143 108 2
> 6258 4928 -267 -33 155 1
> 2485 3516 -485 205 81 2
> 7248 4377 -192 271 79 1
! 4428 102677 200
! -84372 47189 200
> 4428 2677 -476 143 108 2
> 6258 4928 -267 -33 155 1
> 2485 3516 -485 205 81 2
> 7248 4377 -192 271 79 1
! 7025 12426 200 sims=395848 RUNNER
! 6029 14302 0 sims=395848 BLOCKER
> 3952 3020 -404 291 90 2
> 5810 4980 -381 43 155 1
> 2091 3899 -335 325 63 2
> 7056 4648 -163 230 97 1
! 34853 98125 200
! -67325 73179 200
> 3952 3020 -404 291 90 2
> 5810 4980 -381 43 155 1
> 2091 3899 -335 325 63 2
> 7056 4648 -163 230 97 1
! 9162 10970 200 sims=371232 RUNNER
! 2830 13711 0 sims=371232 BLOCKER
> 3610 3501 -290 409 72 2
> 5283 5159 -448 152 137 1
> 1897 4365 -164 396 45 2
> 6893 4878 -138 195 115 1
! 62388 84402 0
! -85347 47420 200
> 3610 3501 -290 409 72 2
> 5283 5159 -448 152 137 1
> 1897 4365 -164 396 45 2
> 6893 4878 -138 195 115 1
! 10807 8905 0 sims=345088 RUNNER
! 73 12192 0 sims=345088 BLOCKER
> 3320 3910 -246 347 54 2
> 4654 5396 -534 201 155 1
> 1733 4761 -139 336 27 2
> 6755 5073 -117 165 133 1
! 84221 62688 200
! -94600 17582 200
> 3320 3910 -246 347 54 2
> 4654 5396 -534 201 155 1
> 1733 4761 -139 336 27 2
> 6755 5073 -117 165 133 1
! 11610 6325 0 sims=349656 RUNNER
! -1991 9921 0 sims=349656 BLOCKER
> 3236 4375 -71 394 36 2
> 3921 5621 -622 191 173 1
> 1594 5097 -118 285 9 2
> 6638 5238 -99 140 151 1
! 84137 63153 200
! -94241 -13459 0
> 3236 4375 -71 394 36 2
> 3921 5621 -622 191 173 1
> 1594 5097 -118 285 9 2
> 6638 5238 -99 140 151 1
! 11471 3533 200 sims=348016 RUNNER
! -2108 10086 200 sims=348016 BLOCKER
> 3327 4887 77 434 36 2
> 3299 5812 -528 162 -169 1
> 1674 5351 67 215 -9 2
> 6364 5475 -232 201 151 1
! 62105 85788 200
! -84163 -42668 200
> 3327 4887 77 434 36 2
> 3299 5812 -528 162 -169 1
> 1674 5351 67 215 -9 2
> 6364 5475 -232 201 151 1
! 11551 3787 200 sims=334704 RUNNER
! -2382 10323 200 sims=334704 BLOCKER
> 3522 5483 165 506 54 2
> 2649 5903 107 398 -151 1
> 1886 5509 -479 -186 -9 2
> 5957 5773 -345 253 151 1
! 62300 86384 200
! -65550 -67232 0
> 3522 5483 165 506 54 2
> 2649 5903 107 398 -151 1
> 1886 5509 -479 -186 -9 2
> 5957 5773 -345 253 151 1
! 11763 7073 200 sims=343376 RUNNER
! -2789 10621 200 sims=343376 BLOCKER
> 3805 6151 240 567 54 2
> 2756 6301 90 338 -133 1
> 1605 5354 -239 -131 9 2
> 5437 6123 -441 297 151 1
! 84706 64929 200
! -39505 -84329 200
> 3805 6151 240 567 54 2
> 2756 6301 90 338 -133 1
> 1605 5354 -239 -131 9 2
> 5437 6123 -441 297 151 1
! 11482 6918 200 sims=344416 RUNNER
! -3309 10971 200 sims=344416 BLOCKER
> 4101 6875 -336 835 36 3
> 2761 6458 4 133 -115 1
> 1564 5254 -35 -84 9 2
> 4927 6477 154 81 151 1
! 99206 37776 200
! -9426 -92796 200
> 4101 6875 -336 835 36 3
> 2761 6458 4 133 -115 1
> 1564 5254 -35 -84 9 2
> 4927 6477 154 81 151 1
! 10474 9794 200 sims=361288 RUNNER
! -4889 8385 200 sims=361288 BLOCKER
> 3955 7772 -123 762 18 3
> 2741 6392 -17 -55 -97 1
> 1707 5261 121 5 27 2
> 4885 6596 -35 101 169 1
! 103955 7771 200
! -39520 -84238 200
> 3955 7772 -123 762 18 3
> 2741 6392 -17 -55 -97 1
> 1707 5261 121 5 27 2
> 4885 6596 -35 101 169 1
! 8778 12332 200 sims=347784 RUNNER
! -5040 5377 0 sims=347784 BLOCKER
> 4032 8534 65 647 0 3
> 2639 6156 -86 -200 -115 1
> 1969 5407 223 124 45 2
> 4850 6697 -29 85 187 1
! 99137 -22367 200
! -65560 -66979 SHIELD
> 4032 8534 65 647 0 3
> 2639 6156 -86 -200 -115 1
> 1969 5407 223 124 45 2
> 4850 6697 -29 85 187 1
! 9040 12478 SHIELD sims=358248 RUNNER
! -4213 2471 200 sims=358248 BLOCKER
> 4287 9119 216 497 -18 3
> 2713 6138 178 115 -133 1
> 2032 5349 -61 -180 45 2
> 4640 6697 -178 0 -155 1
! 85188 -49659 200
! -39548 -84492 0
> 4287 9119 216 497 -18 3
> 2713 6138 178 115 -133 1
> 2032 5349 -61 -180 45 2
> 4640 6697 -178 0 -155 1
! 9103 12420 0 sims=352408 RUNNER
! -2674 -123 200 sims=352408 BLOCKER
> 4665 9498 321 322 -36 3
> 2891 6253 151 97 -115 1
> 1971 5169 -51 -153 45 2
> 4316 6561 -275 -115 -137 1
! 85566 -49280 200
! -39370 -84377 0
> 4665 9498 321 322 -36 3
> 2891 6253 151 97 -115 1
> 1971 5169 -51 -153 45 2
> 4316 6561 -275 -115 -137 1
! 10881 9709 0 sims=363760 RUNNER
! -4747 2335 200 sims=363760 BLOCKER
> 5148 9702 410 173 -36 3
> 3042 6350 128 82 -115 1
> 1920 5016 -43 -130 27 2
> 3860 6361 -387 -169 -155 1
! 63926 -71199 200
! -9145 -92904 SHIELD
> 5148 9702 410 173 -36 3
> 3042 6350 128 82 -115 1
> 1920 5016 -43 -130 27 2
> 3860 6361 -387 -169 -155 1
! 10830 9556 0 sims=376328 RUNNER
! -3454 -459 200 sims=376328 BLOCKER
> 5676 9713 448 9 -54 3
> 3053 6432 6 69 -97 1
> 1877 4886 -36 -110 27 2
> 4497 6056 569 -259 -137 1
! 64454 -71188 200
! 22133 -91730 0
> 5676 9713 448 9 -54 3
> 3053 6432 6 69 -97 1
> 1877 4886 -36 -110 27 2
> 4497 6056 569 -259 -137 1
! 8948 11957 0 sims=392432 RUNNER
! -351 -2690 0 sims=392432 BLOCKER
> 6242 9560 480 -129 -54 3
> 3059 6501 5 58 -79 1
> 1841 4776 -30 -93 45 2
> 5066 5797 483 -220 -119 1
! 65020 -71341 200
! -9128 -92753 0
> 6242 9560 480 -129 -54 3
> 3059 6501 5 58 -79 1
> 1841 4776 -30 -93 45 2
> 5066 5797 483 -220 -119 1
! 6381 13686 200 sims=315152 RUNNER
! 3158 -4019 0 sims=315152 BLOCKER
> 6840 9269 507 -247 -54 3
> 3064 6559 4 49 -97 1
> 1902 4861 51 72 63 2
> 5549 5577 410 -187 -101 1
! 65618 -71632 200
! -39197 -84071 0
> 6840 9269 507 -247 -54 3
> 3064 6559 4 49 -97 1
> 1902 4861 51 72 63 2
> 5549 5577 410 -187 -101 1
! 8973 11932 0 sims=390848 RUNNER
! 6768 -4348 0 sims=390848 BLOCKER
> 7465 8860 530 -347 -54 3
> 3068 6608 3 41 -115 1
> 1953 4933 43 61 45 2
> 5959 5390 348 -158 -83 1
! 66243 -72041 200
! -39193 -84022 200
> 7465 8860 530 -347 -54 3
> 3068 6608 3 41 -115 1
> 1953 4933 43 61 45 2
> 5959 5390 348 -158 -83 1
! 10863 9473 200 sims=387248 RUNNER
! 10185 -3673 200 sims=387248 BLOCKER
> 8113 8351 550 -432 -54 3
> 2986 6468 -69 -119 -115 1
> 2174 5085 188 129 27 2
> 6392 5051 367 -288 -65 1
! 66891 -72550 200
! -9201 -92786 200
> 8113 8351 550 -432 -54 3
> 2986 6468 -69 -119 -115 1
> 2174 5085 188 129 27 2
> 6392 5051 367 -288 -65 1
! 9245 12156 0 sims=386944 RUNNER
! 13212 -2263 200 sims=386944 BLOCKER
> 8781 7757 567 -504 -54 3
> 2893 6150 -79 -269 -97 1
> 2362 5214 159 109 45 2
> 6895 4617 427 -369 -47 1
! 67559 -73144 200
! -39368 -84480 200
> 8781 7757 567 -504 -54 3
> 2893 6150 -79 -269 -97 1
> 2362 5214 159 109 45 2
> 6895 4617 427 -369 -47 1
! 6902 14124 0 sims=376656 RUNNER
! 15641 -231 0 sims=376656 BLOCKER
> 9466 7091 581 -565 -54 3
> 2911 6022 130 95 -115 1
> 2339 5001 -134 -385 63 2
> 7322 4248 362 -313 -29 1
! 40367 -88014 200
! -65288 -67113 0
> 9466 7091 581 -565 -54 3
> 2911 6022 130 95 -115 1
> 2339 5001 -134 -385 63 2
> 7322 4248 362 -313 -29 1
! 9410 12072 200 sims=383552 RUNNER
! 17138 2340 200 sims=383552 BLOCKER
> 10109 6336 546 -641 -72 3
> 3041 6117 110 80 -133 1
> 2346 4757 6 -207 45 2
> 7880 3897 474 -298 -11 1
! 68887 -74565 200
! -39220 -84513 0
> 10109 6336 546 -641 -72 3
> 3041 6117 110 80 -133 1
> 2346 4757 6 -207 45 2
> 7880 3897 474 -298 -11 1
! 11256 9297 200 sims=389648 RUNNER
! 17805 5116 200 sims=389648 BLOCKER
> 10773 5533 564 -682 -54 3
> 3151 6197 93 68 -115 1
> 2530 4641 156 -98 27 2
> 8553 3623 571 -232 7 1
! 91674 -53245 200
! -9036 -93057 0
> 10773 5533 564 -682 -54 3
> 3151 6197 93 68 -115 1
> 2530 4641 156 -98 27 2
> 8553 3623 571 -232 7 1
! 11440 9181 200 sims=387648 RUNNER
! 17616 7849 200 sims=387648 BLOCKER
> 11499 4733 616 -679 -36 3
> 3244 6265 79 57 -97 1
> 2864 4634 284 -6 27 2
> 9305 3476 639 -125 25 1
! 70277 -76168 200
! 22324 -91897 200
> 11499 4733 616 -679 -36 3
> 3244 6265 79 57 -97 1
> 2864 4634 284 -6 27 2
> 9305 3476 639 -125 25 1
! 9935 11705 200 sims=386384 RUNNER
! 16619 10296 200 sims=386384 BLOCKER
> 12233 3892 623 -714 -54 3
> 3361 6126 99 -118 -79 1
> 3289 4769 361 115 45 2
> 10090 3487 667 9 43 1
! 93134 -54886 0
! 51841 -81336 200
> 12233 3892 623 -714 -54 3
> 3361 6126 99 -118 -79 1
> 3289 4769 361 115 45 2
> 10090 3487 667 9 43 1
! 7829 13679 200 sims=392664 RUNNER
! 14938 12233 0 sims=392664 BLOCKER
> 12856 3178 529 -606 -36 3
> 3555 5840 68 176 -61 1
> 3742 5055 482 -176 63 2
> 10757 3496 566 7 61 1
! 107961 -27723 200
! 76690 -62359 0
> 12856 3178 529 -606 -36 3
> 3555 5840 68 176 -61 1
> 3742 5055 482 -176 63 2
> 10757 3496 566 7 61 1
! 5306 14932 200 sims=389200 RUNNER
! 12665 13312 200 sims=389200 BLOCKER
> 13575 2510 611 -567 -18 0
> 3623 6016 57 149 -43 1
> 4255 5077 436 18 81 2
> 11361 3699 513 172 79 1
! 113575 2509 200
! 94253 -36245 0
> 13575 2510 611 -567 -18 0
> 3623 6016 57 149 -43 1
> 4255 5077 436 18 81 2
> 11361 3699 513 172 79 1
! 2691 14954 200 sims=385424 RUNNER
! 10142 13624 0 sims=385424 BLOCKER
> 14386 1943 689 -481 0 0
> 3680 6165 48 126 -25 1
> 4660 5293 344 183 99 2
> 11874 3871 436 146 97 1
! 109491 32844 0
! 102934 -6022 200
> 14386 1943 689 -481 0 0
> 3680 6165 48 126 -25 1
> 4660 5293 344 183 99 2
> 11874 3871 436 146 97 1
! 120 14203 200 sims=377792 RUNNER
! 7648 12934 0 sims=377792 BLOCKER
> 15075 1462 585 -408 18 0
> 3927 6267 209 86 -7 1
> 4913 5654 215 307 117 2
> 12310 4017 370 124 115 1
! 95976 60240 200
! 102089 25347 0
> 15075 1462 585 -408 18 0
> 3927 6267 209 86 -7 1
> 4913 5654 215 307 117 2
> 12310 4017 370 124 115 1
! -2158 12725 200 sims=369600 RUNNER
! 11091 13942 0 sims=369600 BLOCKER
> 15822 1172 634 -246 36 0
> 4136 6353 177 73 11 1
> 4987 6102 62 381 135 2
> 12680 4141 314 105 97 1
! 74600 82073 0
! 102298 25433 200
> 15822 1172 634 -246 36 0
> 4136 6353 177 73 11 1
> 4987 6102 62 381 135 2
> 12680 4141 314 105 97 1
! -3923 10642 200 sims=358408 RUNNER
! 8454 13204 0 sims=358408 BLOCKER
> 16456 926 538 -209 54 0
> 4047 6581 -146 211 11 1
> 5333 6457 365 284 153 2
> 12994 4246 266 89 115 1
! 47357 96031 0
! 103301 -5605 200
> 16456 926 538 -209 54 0
> 4047 6581 -146 211 11 1
> 5333 6457 365 284 153 2
> 12994 4246 266 89 115 1
! -4544 8021 200 sims=379368 RUNNER
! 11775 14171 0 sims=379368 BLOCKER
> 16994 717 457 -177 72 0
> 4100 6768 44 158 -7 1
> 5500 6772 142 267 171 2
> 13260 4335 226 75 97 1
! 16994 100717 0
! 102262 25848 200
> 16994 717 457 -177 72 0
> 4100 6768 44 158 -7 1
> 5500 6772 142 267 171 2
> 13260 4335 226 75 97 1
! -4377 5208 200 sims=343872 RUNNER
! 9034 13398 0 sims=343872 BLOCKER
> 17451 540 388 -150 90 0
> 4340 6964 204 166 11 1
> 5444 7008 -47 200 -171 2
> 13486 4410 192 63 115 1
! -13450 95645 200
! 102502 26044 200
> 17451 540 388 -150 90 0
> 4340 6964 204 166 11 1
> 5444 7008 -47 200 -171 2
> 13486 4410 192 63 115 1
! -4433 5444 200 sims=355816 RUNNER
! 12267 14335 0 sims=355816 BLOCKER
> 17777 580 277 34 108 0
> 4400 7157 -208 154 11 1
> 5540 7188 340 162 -171 2
> 13678 4473 163 53 97 1
! -41001 81481 200
! 103654 -5029 200
> 17777 580 277 34 108 0
> 4400 7157 -208 154 11 1
> 5540 7188 340 162 -171 2
> 13678 4473 163 53 97 1
! -4337 5624 200 sims=345544 RUNNER
! 9452 13536 0 sims=345544 BLOCKER
> 17936 776 135 166 126 0
> 4391 7287 -8 110 -7 1
> 5682 7319 121 111 -171 2
> 13841 4526 138 45 115 1
! -62965 59554 200
! 103645 -4900 200
> 17936 776 135 166 126 0
> 4391 7287 -8 110 -7 1
> 5682 7319 121 111 -171 2
> 13841 4526 138 45 115 1
! -4195 5755 200 sims=342808 RUNNER
! 7021 11840 0 sims=342808 BLOCKER
> 17909 1060 -22 241 144 0
> 4582 7373 161 72 -7 1
> 5605 7399 -65 67 -171 2
> 13979 4571 117 38 133 1
! -62992 59838 200
! 103836 -4814 SHIELD
> 17909 1060 -22 241 144 0
> 4582 7373 161 72 -7 1
> 5605 7399 -65 67 -171 2
> 13979 4571 117 38 133 1
! -4272 8963 0 sims=334384 RUNNER
! 9753 13634 0 sims=334384 BLOCKER
> 17725 1419 -156 304 144 0
> 4743 7445 101 60 -7 1
> 5545 7466 293 66 171 2
> 14096 4609 99 32 115 1
! -63176 60197 200
! 102905 26525 0
> 17725 1419 -156 304 144 0
> 4743 7445 101 60 -7 1
> 5545 7466 293 66 171 2
> 14096 4609 99 32 115 1
! -4332 5902 200 sims=330816 RUNNER
! 7276 11923 0 sims=330816 BLOCKER
> 17407 1841 -270 358 144 0
> 4767 7504 -18 49 11 1
> 5717 7502 185 31 -171 2
> 14195 4641 84 27 133 1
! -63494 60619 200
! 104021 -4682 0
> 17407 1841 -270 358 144 0
> 4767 7504 -18 49 11 1
> 5717 7502 185 31 -171 2
> 14195 4641 84 27 133 1
! -4160 5938 200 sims=311128 RUNNER
! 9969 13704 0 sims=311128 BLOCKER
> 16975 2317 -367 404 144 0
> 4749 7553 -15 41 -7 1
> 5704 7502 -10 0 -171 2
> 14279 4668 71 22 115 1
! -78130 33218 200
! 95379 -34708 0
> 16975 2317 -367 404 144 0
> 4749 7553 -15 41 -7 1
> 5704 7502 -10 0 -171 2
> 14279 4668 71 22 115 1
! -4173 9066 200 sims=312016 RUNNER
! 13060 14593 0 sims=312016 BLOCKER
> 16418 2783 -473 395 162 0
> 4694 7597 -195 48 -25 1
> 5536 7530 6 13 171 2
> 14350 4690 60 18 97 1
! -78687 33684 0
! 103948 -4590 200
> 16418 2783 -473 395 162 0
> 4694 7597 -195 48 -25 1
> 5536 7530 6 13 171 2
> 14350 4690 60 18 97 1
! -4341 5966 200 sims=339232 RUNNER
! 10124 13753 0 sims=339232 BLOCKER
> 15945 3178 -402 335 162 0
> 4534 7636 -178 37 -7 1
> 5508 7496 19 -33 -171 2
> 14410 4708 51 15 115 1
! -64956 61956 200
! 103788 -4551 200
> 15945 3178 -402 335 162 0
> 4534 7636 -178 37 -7 1
> 5508 7496 19 -33 -171 2
> 14410 4708 51 15 115 1
! -4369 9060 200 sims=341440 RUNNER
! 7590 12022 0 sims=341440 BLOCKER
> 15381 3631 -479 384 144 0
> 4544 7651 -162 46 -7 1
> 5340 7492 28 -36 171 2
> 14461 4723 43 12 133 1
! -43397 84532 200
! 95174 -34610 200
> 15381 3631 -479 384 144 0
> 4544 7651 -162 46 -7 1
> 5340 7492 28 -36 171 2
> 14461 4723 43 12 133 1
! -4537 9056 200 sims=300864 RUNNER
! 5715 9571 0 sims=300864 BLOCKER
> 14879 4026 -150 -106 126 0
> 4365 7652 -163 3 -25 1
> 5369 7448 35 -40 171 2
> 14410 4886 -320 580 151 1
! -16022 99131 200
! 103619 -4535 200
> 14879 4026 -150 -106 126 0
> 4365 7652 -163 3 -25 1
> 5369 7448 35 -40 171 2
> 14410 4886 -320 580 151 1
! -4508 9012 200 sims=362760 RUNNER
! 4594 6794 0 sims=362760 BLOCKER
> 14667 4110 -180 71 108 0
> 4401 7631 30 -18 -7 1
> 5206 7439 -138 -7 171 2
> 14090 5466 -272 493 169 1
! -16234 99215 200
! 95031 -34630 200
> 14667 4110 -180 71 108 0
> 4401 7631 30 -18 -7 1
> 5206 7439 -138 -7 171 2
> 14090 5466 -272 493 169 1
! -4671 9003 200 sims=355888 RUNNER
! 4165 4247 200 sims=355888 BLOCKER
> 14425 4371 -205 222 108 0
> 4093 7652 -284 23 -25 1
> 5390 7339 178 -90 171 2
> 13619 5935 -399 398 187 1
! -16476 99476 200
! 103347 -4535 200
> 14425 4371 -205 222 108 0
> 4093 7652 -284 23 -25 1
> 5390 7339 178 -90 171 2
> 13619 5935 -399 398 187 1
! -4487 8903 200 sims=373040 RUNNER
! 4556 1709 200 sims=373040 BLOCKER
> 14158 4783 -226 350 108 0
> 4008 7651 -72 -1 -7 1
> 5370 7280 -16 -49 171 2
> 13039 6248 -493 266 205 1
! -16743 99888 200
! 103262 -4536 200
> 14158 4783 -226 350 108 0
> 4008 7651 -72 -1 -7 1
> 5370 7280 -16 -49 171 2
> 13039 6248 -493 266 205 1
! -4507 8844 200 sims=378848 RUNNER
! 5725 -572 200 sims=378848 BLOCKER
> 13870 5323 -244 459 108 0
> 4135 7626 107 -21 -7 1
> 5156 7262 -181 -15 171 2
> 12400 6378 -543 110 -137 1
! -44908 86224 200
! 94765 -34635 200
> 13870 5323 -244 459 108 0
> 4135 7626 107 -21 -7 1
> 5156 7262 -181 -15 171 2
> 12400 6378 -543 110 -137 1
! -3754 11802 200 sims=329032 RUNNER
! 3337 2152 200 sims=329032 BLOCKER
> 13508 5944 -307 527 126 0
> 4063 7659 -286 114 -25 1
> 5157 7199 225 -139 153 2
> 11676 6403 -615 21 -155 1
! -17393 101049 200
! 94693 -34602 200
> 13508 5944 -307 527 126 0
> 4063 7659 -286 114 -25 1
> 5157 7199 225 -139 153 2
> 11676 6403 -615 21 -155 1
! -3753 11739 200 sims=362880 RUNNER
! 1751 5184 200 sims=362880 BLOCKER
> 13139 6661 -313 609 108 1
> 3958 7688 -89 25 -25 1
> 5204 7151 39 -40 153 2
> 10862 6400 -691 -2 -173 1
! -45639 87562 0
! 94588 -34573 200
> 13139 6661 -313 609 108 1
> 3958 7688 -89 25 -25 1
> 5204 7151 39 -40 153 2
> 10862 6400 -691 -2 -173 1
! -3706 11691 200 sims=346824 RUNNER
! 1046 8308 200 sims=346824 BLOCKER
> 12826 7270 -266 517 126 1
> 4050 7628 78 -50 -25 1
> 5065 7202 -118 43 153 2
> 9975 6436 -754 30 -191 1
! -68075 66048 0
! 94680 -34633 200
> 12826 7270 -266 517 126 1
> 4050 7628 78 -50 -25 1
> 5065 7202 -118 43 153 2
> 9975 6436 -754 30 -191 1
! -3845 11742 200 sims=331752 RUNNER
! 159 8344 200 sims=331752 BLOCKER
> 12560 7787 -226 439 144 1
> 4017 7609 -265 78 -25 1
> 5061 7220 234 -79 153 2
> 9025 6504 -807 57 169 1
! -82545 38688 0
! 103271 -4578 200
> 12560 7787 -226 439 144 1
> 4017 7609 -265 78 -25 1
> 5061 7220 234 -79 153 2
> 9025 6504 -807 57 169 1
! -4816 8784 200 sims=354560 RUNNER
! -791 8412 200 sims=354560 BLOCKER
> 12334 8226 -192 373 162 1
> 3951 7663 -56 45 -7 1
> 5097 7172 30 -40 171 2
> 8022 6599 -852 80 169 1
! -87666 8226 0
! 102113 26743 200
> 12334 8226 -192 373 162 1
> 3951 7663 -56 45 -7 1
> 5097 7172 30 -40 171 2
> 8022 6599 -852 80 169 1
! -3813 11712 200 sims=342624 RUNNER
! -1903 5380 200 sims=342624 BLOCKER
> 12142 8599 -163 317 180 1
> 4091 7746 119 70 11 1
> 4949 7223 -125 43 153 2
> 6971 6655 -892 47 187 1
! -82963 -22302 200
! 103345 -4440 0
> 12142 8599 -163 317 180 1
> 4091 7746 119 70 11 1
> 4949 7223 -125 43 153 2
> 6971 6655 -892 47 187 1
! -2122 14294 200 sims=350144 RUNNER
! -2845 8563 200 sims=350144 BLOCKER
> 11789 8854 -300 216 -162 1
> 4065 7919 -162 246 -7 1
> 4828 7304 37 -30 135 2
> 5883 6740 -925 72 169 1
! -69112 -49924 200
! 94695 -34342 0
> 11789 8854 -300 216 -162 1
> 4065 7919 -162 246 -7 1
> 4828 7304 37 -30 135 2
> 5883 6740 -925 72 169 1
! -2243 14375 SHIELD sims=383168 RUNNER
! -3933 8648 SHIELD sims=383168 BLOCKER
> 11327 8952 -392 83 -144 1
> 3903 8165 -137 209 -25 1
> 4536 7552 -487 413 135 3
> 5287 6534 -267 -378 169 1
! -47451 -71949 200
! 77038 -60034 0
> 11327 8952 -392 83 -144 1
> 3903 8165 -137 209 -25 1
> 4536 7552 -487 413 135 3
> 5287 6534 -267 -378 169 1
! -4 16462 0 sims=409424 RUNNER
! -4638 5315 0 sims=409424 BLOCKER
> 10817 8873 -433 -66 -126 1
> 3549 8595 -349 414 -43 1
> 4266 7744 -181 114 117 3
> 5020 6156 -226 -321 187 1
! -20084 -86232 200
! 94179 -33666 200
> 10817 8873 -433 -66 -126 1
> 3549 8595 -349 414 -43 1
> 4266 7744 -181 114 117 3
> 5020 6156 -226 -321 187 1
! 2702 17621 0 sims=406648 RUNNER
! -4043 1930 0 sims=406648 BLOCKER
> 10322 8617 -420 -217 -108 1
> 3381 8924 -142 280 -25 1
> 4085 7858 -153 96 99 3
> 4794 5835 -192 -272 -155 1
! -48456 -72284 200
! 102635 -3263 0
> 10322 8617 -420 -217 -108 1
> 3381 8924 -142 280 -25 1
> 4085 7858 -153 96 99 3
> 4794 5835 -192 -272 -155 1
! 5649 17735 0 sims=388776 RUNNER
! -4269 1609 0 sims=388776 BLOCKER
> 9784 8238 -456 -321 -126 1
> 3239 9204 -120 238 -7 1
> 3932 7954 -130 81 81 3
> 4602 5563 -163 -231 -155 1
! -48994 -72663 200
! 93869 -33057 200
> 9784 8238 -456 -321 -126 1
> 3239 9204 -120 238 -7 1
> 3932 7954 -130 81 81 3
> 4602 5563 -163 -231 -155 1
! 8472 16864 200 sims=393224 RUNNER
! -5323 4344 0 sims=393224 BLOCKER
> 9210 7755 -487 -410 -126 1
> 3300 9357 52 130 -25 1
> 3893 8213 -33 220 63 3
> 4439 5332 -138 -196 -173 1
! -21691 -87350 200
! 76435 -58842 0
> 9210 7755 -487 -410 -126 1
> 3300 9357 52 130 -25 1
> 3893 8213 -33 220 63 3
> 4439 5332 -138 -196 -173 1
! 10964 15284 200 sims=366784 RUNNER
! -5377 7240 0 sims=366784 BLOCKER
> 8661 7155 -466 -510 -108 1
> 3352 9487 44 110 -43 1
> 4001 8574 92 307 45 3
> 4301 5136 -117 -166 -191 1
! -22240 -87950 200
! 76487 -58712 0
> 8661 7155 -466 -510 -108 1
> 3352 9487 44 110 -43 1
> 4001 8574 92 307 45 3
> 4301 5136 -117 -166 -191 1
! 12911 13114 0 sims=379848 RUNNER
! -4445 9984 0 sims=379848 BLOCKER
> 8133 6455 -448 -595 -108 1
> 3396 9597 37 93 -43 1
> 4093 8881 78 260 27 3
> 4184 4970 -99 -141 -209 1
! -22768 -88650 200
! 76531 -58602 0
> 8133 6455 -448 -595 -108 1
> 3396 9597 37 93 -43 1
> 4093 8881 78 260 27 3
> 4184 4970 -99 -141 -209 1
! 13970 10445 0 sims=380264 RUNNER
! -2636 12284 0 sims=380264 BLOCKER
> 7623 5670 -433 -667 -108 1
> 3433 9690 31 79 -43 1
> 4171 9141 66 221 9 3
> 4085 4829 -84 -119 -227 1
! -51155 -75231 200
! 51913 -77772 200
> 7623 5670 -433 -667 -108 1
> 3433 9690 31 79 -43 1
> 4171 9141 66 221 9 3
> 4085 4829 -84 -119 -227 1
! 14048 7577 0 sims=384160 RUNNER
! -141 13892 0 sims=384160 BLOCKER
> 7072 4841 -467 -704 -126 1
> 3470 9643 -57 7 -61 1
> 4328 9313 222 98 -9 3
> 4001 4710 -71 -101 -245 1
! -51706 -76060 200
! 76605 -58556 200
> 7072 4841 -467 -704 -126 1
> 3470 9643 -57 7 -61 1
> 4328 9313 222 98 -9 3
> 4001 4710 -71 -101 -245 1
! 13238 4773 200 sims=396848 RUNNER
! 2782 14635 0 sims=396848 BLOCKER
> 6487 3975 -496 -735 -126 1
> 3559 9514 75 -109 -43 1
> 4728 9320 340 6 -27 3
> 3930 4609 -60 -85 97 1
! -74414 -54803 200
! 76694 -58685 200
> 6487 3975 -496 -735 -126 1
> 3559 9514 75 -109 -43 1
> 4728 9320 340 6 -27 3
> 3930 4609 -60 -85 97 1
! 11799 2249 200 sims=399656 RUNNER
! 5838 14425 0 sims=399656 BLOCKER
> 5829 3122 -559 -724 -144 2
> 3780 9269 188 -208 -43 1
> 5209 9185 409 -115 -45 3
> 3870 4524 -51 -72 79 1
! -89276 -27779 0
! 52260 -78193 200
> 5829 3122 -559 -724 -144 2
> 3780 9269 188 -208 -43 1
> 5209 9185 409 -115 -45 3
> 3870 4524 -51 -72 79 1
! 12280 2114 200 sims=395376 RUNNER
! 5778 14340 200 sims=395376 BLOCKER
> 5270 2398 -475 -615 -162 2
> 4065 8886 242 -325 -61 1
> 5759 8929 467 -217 -45 3
> 3857 4648 -10 105 79 1
! -94730 2398 0
! 23145 -89276 200
> 5270 2398 -475 -615 -162 2
> 4065 8886 242 -325 -61 1
> 5759 8929 467 -217 -45 3
> 3857 4648 -10 105 79 1
! 12830 1858 200 sims=396928 RUNNER
! 8705 13394 200 sims=396928 BLOCKER
> 4795 1783 -403 -522 -180 2
> 4345 8365 238 -443 -79 1
> 6367 8571 517 -304 -45 3
> 3944 4928 73 237 61 1
! -90310 32684 0
! 52825 -79097 0
> 4795 1783 -403 -522 -180 2
> 4345 8365 238 -443 -79 1
> 6367 8571 517 -304 -45 3
> 3944 4928 73 237 61 1
! 13438 1500 200 sims=392200 RUNNER
! 8792 13674 200 sims=392200 BLOCKER
> 4392 1261 -342 -443 162 2
> 4583 7922 202 -376 -61 1
> 7025 8126 559 -378 -45 3
> 4114 5340 144 350 61 1
! -76509 60039 0
! 77718 -60277 200
> 4392 1261 -342 -443 162 2
> 4583 7922 202 -376 -61 1
> 7025 8126 559 -378 -45 3
> 4114 5340 144 350 61 1
! 14096 1055 200 sims=383080 RUNNER
! 8962 14086 200 sims=383080 BLOCKER
> 4050 818 -290 -376 144 2
> 4931 7410 296 -435 -43 1
> 7725 7607 595 -441 -45 3
> 4355 5865 204 446 61 1
! -54728 81719 200
! 95561 -34851 200
> 4050 818 -290 -376 144 2
> 4931 7410 296 -435 -43 1
> 7725 7607 595 -441 -45 3
> 4355 5865 204 446 61 1
! 14796 536 200 sims=374368 RUNNER
! 11669 12685 200 sims=374368 BLOCKER
> 3642 604 -346 -182 126 2
> 5408 6890 405 -441 -25 1
> 8461 7025 625 -495 -45 3
> 4705 6447 297 495 43 1
! -27259 95709 200
! 104662 -5297 200
> 3642 604 -346 -182 126 2
> 5408 6890 405 -441 -25 1
> 8461 7025 625 -495 -45 3
> 4705 6447 297 495 43 1
! 15532 -46 200 sims=382152 RUNNER
! 13768 10673 200 sims=382152 BLOCKER
> 3234 612 -346 6 108 2
> 6311 6577 788 -255 -7 1
> 9227 6389 651 -540 -45 3
> 4884 6874 131 352 25 1
! 3234 100612 200
! 105565 -5610 200
> 3234 612 -346 6 108 2
> 6311 6577 788 -255 -7 1
> 9227 6389 651 -540 -45 3
> 4884 6874 131 352 25 1
! 13767 -2521 200 sims=352112 RUNNER
! 14809 8093 0 sims=352112 BLOCKER
> 2888 818 -294 175 90 2
> 7298 6298 838 -237 -7 1
> 9969 5671 630 -610 -63 3
> 5015 7226 111 299 7 1
! 33789 95923 200
! 106552 -5889 0
> 2888 818 -294 175 90 2
> 7298 6298 838 -237 -7 1
> 9969 5671 630 -610 -63 3
> 5015 7226 111 299 7 1
! 17040 -1400 0 sims=373384 RUNNER
! 14831 5318 0 sims=373384 BLOCKER
> 2656 1183 -197 310 72 2
> 8136 6061 712 -201 -7 1
> 10599 5061 535 -518 -45 3
> 5126 7525 94 254 -11 1
! 33557 96288 200
! 107390 -6126 0
> 2656 1183 -197 310 72 2
> 8136 6061 712 -201 -7 1
> 10599 5061 535 -518 -45 3
> 5126 7525 94 254 -11 1
! 19509 521 0 sims=404208 RUNNER
! 13872 2677 0 sims=404208 BLOCKER
> 2521 1683 -114 425 72 2
> 8848 5860 605 -170 -7 1
> 11134 4543 454 -440 -27 3
> 5220 7779 79 215 -29 1
! 33422 96788 200
! 99478 -36401 0
> 2521 1683 -114 425 72 2
> 8848 5860 605 -170 -7 1
> 11134 4543 454 -440 -27 3
> 5220 7779 79 215 -29 1
! 18205 -2528 0 sims=395392 RUNNER
! 12040 465 200 sims=395392 BLOCKER
> 2469 2298 -44 522 72 2
> 9453 5690 514 -144 -25 1
> 11588 4103 385 -374 -45 3
> 5435 7848 183 58 -47 1
! 61247 83199 200
! 108707 -6497 0
> 2469 2298 -44 522 72 2
> 9453 5690 514 -144 -25 1
> 11588 4103 385 -374 -45 3
> 5435 7848 183 58 -47 1
! 20498 -437 0 sims=394784 RUNNER
! 12255 534 200 sims=394784 BLOCKER
> 2543 2982 62 581 54 2
> 9967 5546 436 -122 -7 1
> 11973 3729 327 -317 -27 3
> 5754 7760 271 -75 -47 1
! 61321 83883 200
! 109221 -6641 0
> 2543 2982 62 581 54 2
> 9967 5546 436 -122 -7 1
> 11973 3729 327 -317 -27 3
> 5754 7760 271 -75 -47 1
! 21850 2165 0 sims=392752 RUNNER
! 12574 446 200 sims=392752 BLOCKER
> 2723 3725 152 631 54 2
> 10403 5424 370 -103 -7 1
> 12300 3412 277 -269 -9 3
> 6161 7539 346 -188 -47 1
! 61501 84626 200
! 109657 -6763 0
> 2723 3725 152 631 54 2
> 10403 5424 370 -103 -7 1
> 12300 3412 277 -269 -9 3
> 6161 7539 346 -188 -47 1
! 22177 4976 0 sims=390664 RUNNER
! 12981 225 200 sims=390664 BLOCKER
> 2993 4518 229 673 54 2
> 10773 5321 314 -87 -7 1
> 12577 3143 235 -228 9 3
> 6643 7205 410 -284 -47 1
! 61771 85419 200
! 110027 -6866 0
> 2993 4518 229 673 54 2
> 10773 5321 314 -87 -7 1
> 12577 3143 235 -228 9 3
> 6643 7205 410 -284 -47 1
! 21487 7683 0 sims=389232 RUNNER
! 13463 -109 200 sims=389232 BLOCKER
> 3340 5353 294 709 54 2
> 11087 5234 266 -73 -7 1
> 12812 2915 199 -193 27 3
> 7189 6775 464 -365 -47 1
! 84241 64131 200
! 110341 -6953 0
> 3340 5353 294 709 54 2
> 11087 5234 266 -73 -7 1
> 12812 2915 199 -193 27 3
> 7189 6775 464 -365 -47 1
! 21722 7455 200 sims=391024 RUNNER
! 15935 1927 200 sims=391024 BLOCKER
> 3796 6180 387 702 36 2
> 11353 5161 226 -62 -7 1
> 13189 2813 320 -86 27 0
> 7828 6313 543 -392 -29 1
! 98901 37081 0
! 110607 -7026 0
> 3796 6180 387 702 36 2
> 11353 5161 226 -62 -7 1
> 13189 2813 320 -86 27 0
> 7828 6313 543 -392 -29 1
! 20260 9884 0 sims=371664 RUNNER
! 14648 -1001 200 sims=371664 BLOCKER
> 4183 6882 328 596 18 3
> 11579 5099 192 -52 -7 1
> 13509 2727 272 -73 45 0
> 8507 5775 577 -457 -47 1
! 104183 6881 200
! 110833 -7088 0
> 4183 6882 328 596 18 3
> 11579 5099 192 -52 -7 1
> 13509 2727 272 -73 45 0
> 8507 5775 577 -457 -47 1
! 18049 11637 200 sims=384760 RUNNER
! 17253 927 0 sims=384760 BLOCKER
> 4711 7478 448 506 0 3
> 11771 5047 163 -44 -7 1
> 13872 2832 308 89 63 0
> 9084 5318 490 -388 -29 1
! 99816 -23423 200
! 109933 24127 200
> 4711 7478 448 506 0 3
> 11771 5047 163 -44 -7 1
> 13872 2832 308 89 63 0
> 9084 5318 490 -388 -29 1
! 15436 12709 200 sims=397120 RUNNER
! 15904 -1996 0 sims=397120 BLOCKER
> 5349 7922 542 377 -18 3
> 12130 5041 305 -4 11 1
> 14211 3119 288 243 81 0
> 9574 4930 416 -329 -47 1
! 86250 -50856 200
! 99591 53521 0
> 5349 7922 542 377 -18 3
> 12130 5041 305 -4 11 1
> 14211 3119 288 243 81 0
> 9574 4930 416 -329 -47 1
! 12647 12996 0 sims=390096 RUNNER
! 18320 82 0 sims=390096 BLOCKER
> 6053 8181 598 220 -36 3
> 12435 5037 259 -3 29 1
> 14499 3362 244 206 99 0
> 9990 4601 353 -279 -29 1
! 64831 -72720 200
! 110597 24117 0
> 6053 8181 598 220 -36 3
> 12435 5037 259 -3 29 1
> 14499 3362 244 206 99 0
> 9990 4601 353 -279 -29 1
! 9959 12272 0 sims=257560 RUNNER
! 16810 -2713 0 sims=257560 BLOCKER
> 6769 8239 608 49 -54 3
> 12694 5034 220 -2 11 1
> 14743 3568 207 175 117 0
> 10343 4322 300 -237 -47 1
! 37670 -86866 200
! 100155 53514 0
> 6769 8239 608 49 -54 3
> 12694 5034 220 -2 11 1
> 14743 3568 207 175 117 0
> 10343 4322 300 -237 -47 1
! 7672 10639 0 sims=387200 RUNNER
! 19089 -526 0 sims=387200 BLOCKER
> 7439 8098 569 -120 -72 3
> 12914 5032 187 -1 29 1
> 14950 3743 175 148 135 0
> 10643 4085 255 -201 -29 1
! 38340 -87007 200
! 111076 24112 0
> 7439 8098 569 -120 -72 3
> 12914 5032 187 -1 29 1
> 14950 3743 175 148 135 0
> 10643 4085 255 -201 -29 1
! 6040 8283 0 sims=339824 RUNNER
! 17463 -3229 0 sims=339824 BLOCKER
> 8070 7788 536 -263 -72 3
> 13101 5031 158 0 11 1
> 15125 3891 148 125 153 0
> 10898 3884 216 -170 -47 1
! 38971 -87317 200
! 112355 -7155 0
> 8070 7788 536 -263 -72 3
> 13101 5031 158 0 11 1
> 15125 3891 148 125 153 0
> 10898 3884 216 -170 -47 1
! 8054 10962 200 sims=343600 RUNNER
! 19644 -964 0 sims=343600 BLOCKER
> 8668 7335 508 -385 -72 3
> 13259 5031 134 0 -7 1
> 15132 4157 5 226 135 0
> 11114 3714 183 -144 -29 1
! 8667 -92665 200
! 111421 24111 200
> 8668 7335 508 -385 -72 3
> 13259 5031 134 0 -7 1
> 15132 4157 5 226 135 0
> 11114 3714 183 -144 -29 1
! 10592 13067 200 sims=369408 RUNNER
! 20930 1806 0 sims=369408 BLOCKER
> 9176 6750 431 -497 -90 3
> 13589 5069 280 32 11 1
> 15046 4561 -72 343 117 0
> 11297 3570 155 -122 -11 1
! 9175 -93250 200
! 101050 53549 200
> 9176 6750 431 -497 -90 3
> 13589 5069 280 32 11 1
> 15046 4561 -72 343 117 0
> 11297 3570 155 -122 -11 1
! 7975 11632 200 sims=356416 RUNNER
! 21222 4789 0 sims=356416 BLOCKER
> 9607 6053 366 -592 -90 3
> 14044 5198 386 109 29 1
> 14833 5045 -181 411 135 0
> 11452 3448 131 -103 7 1
! 40508 -89052 200
! 82243 78333 SHIELD
> 9607 6053 366 -592 -90 3
> 14044 5198 386 109 29 1
> 14833 5045 -181 411 135 0
> 11452 3448 131 -103 7 1
! 7762 12116 SHIELD sims=370032 RUNNER
! 20515 7674 0 sims=370032 BLOCKER
> 10035 5271 363 -664 -72 3
> 13831 5422 -184 191 47 1
> 15251 5341 358 250 135 0
> 11583 3345 111 -87 25 1
! 68813 -75630 0
! 82030 78557 0
> 10035 5271 363 -664 -72 3
> 13831 5422 -184 191 47 1
> 15251 5341 358 250 135 0
> 11583 3345 111 -87 25 1
! 6341 9881 0 sims=377408 RUNNER
! 18897 10165 0 sims=377408 BLOCKER
> 10398 4607 308 -564 -54 3
> 13647 5613 -156 162 47 1
> 15609 5591 304 212 153 0
> 11694 3258 94 -73 43 1
! 91299 -54171 0
! 101108 54093 0
> 10398 4607 308 -564 -54 3
> 13647 5613 -156 162 47 1
> 15609 5591 304 212 153 0
> 11694 3258 94 -73 43 1
! 5732 7155 0 sims=361904 RUNNER
! 16542 12004 0 sims=361904 BLOCKER
> 10706 4043 261 -479 -36 3
> 13491 5775 -132 137 29 1
> 15913 5803 258 180 171 0
> 11788 3185 79 -62 61 1
! 105811 -26858 0
! 111653 24855 0
> 10706 4043 261 -479 -36 3
> 13491 5775 -132 137 29 1
> 15913 5803 258 180 171 0
> 11788 3185 79 -62 61 1
! 7003 10343 0 sims=346624 RUNNER
! 13696 13001 0 sims=346624 BLOCKER
> 10967 3564 221 -407 -18 3
> 13359 5912 -112 116 11 1
> 16171 5983 219 153 153 0
> 11867 3123 67 -52 79 1
! 110967 3563 0
! 100820 54392 0
> 10967 3564 221 -407 -18 3
> 13359 5912 -112 116 11 1
> 16171 5983 219 153 153 0
> 11867 3123 67 -52 79 1
! 6294 7547 200 sims=348928 RUNNER
! 13775 12939 SHIELD sims=348928 BLOCKER
> 11094 3177 -152 -272 0 3
> 13247 6028 -95 98 29 1
> 16192 6167 18 156 171 0
> 11943 3069 91 -51 79 1
! 111094 3176 200
! 111409 25108 200
> 11094 3177 -152 -272 0 3
> 13247 6028 -95 98 29 1
> 16192 6167 18 156 171 0
> 11943 3069 91 -51 79 1
! 7282 10707 200 sims=352240 RUNNER
! 13851 12885 0 sims=352240 BLOCKER
> 11142 2905 40 -231 0 3
> 13348 6164 86 115 11 1
> 16032 6414 -136 209 153 0
> 12034 3018 77 -43 79 1
! 111142 2904 200
! 100809 54644 200
> 11142 2905 40 -231 0 3
> 13348 6164 86 115 11 1
> 16032 6414 -136 209 153 0
> 12034 3018 77 -43 79 1
! 8961 13485 200 sims=351168 RUNNER
! 13942 12834 0 sims=351168 BLOCKER
> 11361 2666 73 -244 0 3
> 13609 6376 221 180 29 1
> 15755 6764 -235 297 135 0
> 12132 2983 196 11 79 1
! 111361 2665 200
! 81808 79511 200
> 11361 2666 73 -244 0 3
> 13609 6376 221 180 29 1
> 15755 6764 -235 297 135 0
> 12132 2983 196 11 79 1
! 11215 15674 200 sims=356328 RUNNER
! 10913 12908 0 sims=356328 BLOCKER
> 11634 2422 232 -207 0 3
> 13966 6702 303 277 47 1
> 15429 7239 -276 403 117 0
> 12328 2994 166 9 97 1
! 106739 33323 200
! 56227 97332 200
> 11634 2422 232 -207 0 3
> 13966 6702 303 277 47 1
> 15429 7239 -276 403 117 0
> 12328 2994 166 9 97 1
! 13865 17116 200 sims=386048 RUNNER
! 14236 12810 200 sims=386048 BLOCKER
> 12056 2277 358 -123 18 3
> 14354 7160 329 389 65 1
> 15122 7840 -261 510 99 0
> 12532 3199 173 174 79 1
! 92957 61055 200
! 26540 106414 200
> 12056 2277 358 -123 18 3
> 14354 7160 329 389 65 1
> 15122 7840 -261 510 99 0
> 12532 3199 173 174 79 1
! 13558 17717 200 sims=371840 RUNNER
! 11313 13124 0 sims=371840 BLOCKER
> 12576 2272 441 -4 36 3
> 14707 7748 300 499 83 1
> 14830 8548 -248 601 99 0
> 12705 3373 147 147 97 1
! 71354 83173 0
! -4373 105910 SHIELD
> 12576 2272 441 -4 36 3
> 14707 7748 300 499 83 1
> 14830 8548 -248 601 99 0
> 12705 3373 147 147 97 1
! 10290 17458 200 sims=361296 RUNNER
! 14613 13189 0 sims=361296 BLOCKER
> 13017 2268 374 -3 54 0
> 15007 8247 255 424 101 1
> 14491 9327 -287 662 117 0
> 12852 3520 124 124 79 1
! 43918 97373 0
! -33473 95708 0
> 13017 2268 374 -3 54 0
> 15007 8247 255 424 101 1
> 14491 9327 -287 662 117 0
> 12852 3520 124 124 79 1
! 7420 16398 0 sims=396472 RUNNER
! 14760 13336 200 sims=396472 BLOCKER
> 13391 2265 317 -2 72 0
> 15262 8671 216 360 119 1
> 14204 9989 -243 562 135 0
> 13014 3840 137 272 79 1
! 13391 102265 200
! -57873 76870 0
> 13391 2265 317 -2 72 0
> 15262 8671 216 360 119 1
> 14204 9989 -243 562 135 0
> 13014 3840 137 272 79 1
! 5294 14529 0 sims=380424 RUNNER
! 11795 13765 0 sims=380424 BLOCKER
> 13708 2463 269 168 90 0
> 15478 9031 183 306 137 1
> 13961 10551 -206 477 153 0
> 13151 4112 116 231 97 1
! -17193 97568 200
! -75152 51292 0
> 13708 2463 269 168 90 0
> 15478 9031 183 306 137 1
> 13961 10551 -206 477 153 0
> 13151 4112 116 231 97 1
! 4084 12115 0 sims=376112 RUNNER
! 15059 13928 0 sims=376112 BLOCKER
> 13915 2821 176 304 108 0
> 15661 9337 155 260 155 1
> 13755 11028 -175 405 171 0
> 13267 4343 98 196 79 1
! -44863 83722 200
! -83593 21523 0
> 13915 2821 176 304 108 0
> 15661 9337 155 260 155 1
> 13755 11028 -175 405 171 0
> 13267 4343 98 196 79 1
! 3878 9464 0 sims=381288 RUNNER
! 18115 13089 0 sims=381288 BLOCKER
> 13973 3287 49 395 126 0
> 15816 9597 131 221 173 1
> 13580 11433 -148 344 -171 0
> 13365 4539 83 166 61 1
! -66928 62065 200
! -82346 -9483 200
> 13973 3287 49 395 126 0
> 15816 9597 131 221 173 1
> 13580 11433 -148 344 -171 0
> 13365 4539 83 166 61 1
! 4670 6893 0 sims=370824 RUNNER
! 20679 11359 0 sims=370824 BLOCKER
> 13860 3800 -95 435 144 0
> 15751 9780 -55 155 -169 1
> 13432 11777 -125 292 -153 0
> 13448 4705 70 141 43 1
! -44918 84701 0
! -71711 -38700 200
> 13860 3800 -95 435 144 0
> 15751 9780 -55 155 -169 1
> 13432 11777 -125 292 -153 0
> 13448 4705 70 141 43 1
! 6361 4706 200 sims=381488 RUNNER
! 20762 11525 SHIELD sims=381488 BLOCKER
> 13867 3999 124 -106 126 0
> 15521 9838 -195 49 -151 1
> 13166 11928 -226 127 -135 0
> 13508 4870 39 167 43 1
! -44911 84900 200
! -82641 -9242 200
> 13867 3999 124 -106 126 0
> 15521 9838 -195 49 -151 1
> 13166 11928 -226 127 -135 0
> 13508 4870 39 167 43 1
! 8626 3018 200 sims=378936 RUNNER
! 22571 9096 0 sims=378936 BLOCKER
> 13873 4055 5 47 126 0
> 15130 9849 -332 9 -169 1
> 12849 11877 -269 -43 -117 0
> 13547 5037 33 141 25 1
! -44905 84956 200
! -83032 -9231 200
> 13873 4055 5 47 126 0
> 15130 9849 -332 9 -169 1
> 12849 11877 -269 -43 -117 0
> 13547 5037 33 141 25 1
! 11285 2000 200 sims=378320 RUNNER
! 23472 6256 0 sims=378320 BLOCKER
> 13760 4264 -95 177 126 0
> 14602 9820 -449 -24 -169 1
> 12549 11636 -255 -204 -99 0
> 13580 5178 28 119 7 1
! -17141 99369 200
! -84652 22007 200
> 13760 4264 -95 177 126 0
> 14602 9820 -449 -24 -169 1
> 12549 11636 -255 -204 -99 0
> 13580 5178 28 119 7 1
! 14113 1759 0 sims=356896 RUNNER
! 23396 3270 0 sims=356896 BLOCKER
> 13619 4493 -107 86 108 0
> 13954 9820 -550 0 173 1
> 12294 11432 -216 -173 -81 0
> 13592 5435 -2 327 -11 1
! -17282 99598 200
! -76676 52081 0
> 13619 4493 -107 86 108 0
> 13954 9820 -550 0 173 1
> 12294 11432 -216 -173 -81 0
> 13592 5435 -2 327 -11 1
! 16834 2522 0 sims=296120 RUNNER
! 22338 587 0 sims=296120 BLOCKER
> 13450 4769 -143 234 108 0
> 13404 9820 -467 0 155 1
> 12078 11259 -183 -147 -63 0
> 13590 5762 -1 277 -29 1
! -17451 99874 200
! -59731 78019 0
> 13450 4769 -143 234 108 0
> 13404 9820 -467 0 155 1
> 12078 11259 -183 -147 -63 0
> 13590 5762 -1 277 -29 1
! 19149 4188 0 sims=358992 RUNNER
! 20410 -1552 0 sims=358992 BLOCKER
> 13245 5193 -174 360 108 0
> 12937 9820 -396 0 137 1
> 11895 11112 -155 -124 -45 0
> 13589 6039 0 235 -47 1
! 13245 105193 0
! -35543 97281 200
> 13245 5193 -174 360 108 0
> 12937 9820 -396 0 137 1
> 11895 11112 -155 -124 -45 0
> 13589 6039 0 235 -47 1
! 20805 6572 200 sims=359960 RUNNER
! 17815 -3024 200 sims=359960 BLOCKER
> 13071 5553 -147 306 90 0
> 12444 9995 -419 148 119 1
> 11918 10897 19 -182 -27 0
> 13674 6093 71 45 -65 1
! 43972 100658 200
! -6636 108157 200
> 13071 5553 -147 306 90 0
> 12444 9995 -419 148 119 1
> 11918 10897 19 -182 -27 0
> 13674 6093 71 45 -65 1
! 18989 3826 0 sims=364216 RUNNER
! 14893 -3832 200 sims=364216 BLOCKER
> 12777 5871 -256 265 72 0
> 12184 9944 -128 -227 101 1
> 11740 11110 -243 365 -45 0
> 13979 6118 264 26 -83 1
! 71555 86772 200
! 24370 109198 0
> 12777 5871 -256 265 72 0
> 12184 9944 -128 -227 101 1
> 11740 11110 -243 365 -45 0
> 13979 6118 264 26 -83 1
! 20650 6570 200 sims=394304 RUNNER
! 12071 -3698 200 sims=394304 BLOCKER
> 12639 6298 -117 362 54 0
> 12056 9717 -108 -192 83 1
> 11675 11384 -55 233 -27 0
> 14205 5948 191 -144 -101 1
! 43540 101403 200
! 54317 100347 0
> 12639 6298 -117 362 54 0
> 12056 9717 -108 -192 83 1
> 11675 11384 -55 233 -27 0
> 14205 5948 191 -144 -101 1
! 18746 4313 200 sims=390944 RUNNER
! 9357 -2798 200 sims=390944 BLOCKER
> 12584 6850 -46 469 72 1
> 11948 9525 -91 -163 65 1
> 11761 11476 73 77 -45 0
> 14299 5629 79 -271 -119 1
! 12584 106850 0
! 80147 82660 0
> 12584 6850 -46 469 72 1
> 11948 9525 -91 -163 65 1
> 11761 11476 73 77 -45 0
> 14299 5629 79 -271 -119 1
! 20671 6936 200 sims=362360 RUNNER
! 6985 -1191 200 sims=362360 BLOCKER
> 12538 7319 -39 398 90 1
> 11857 9362 -77 -138 47 1
> 12012 11462 213 -11 -27 0
> 14232 5222 -57 -346 -137 1
! 43439 102424 0
! 99318 57842 0
> 12538 7319 -39 398 90 1
> 11857 9362 -77 -138 47 1
> 12012 11462 213 -11 -27 0
> 14232 5222 -57 -346 -137 1
! 20922 6922 200 sims=376632 RUNNER
! 5169 996 200 sims=376632 BLOCKER
> 12499 7717 -33 338 72 1
> 11780 9224 -65 -117 29 1
> 12403 11360 332 -86 -27 0
> 13994 4791 -202 -365 -155 1
! 43400 102822 200
! 109942 28304 200
> 12499 7717 -33 338 72 1
> 11780 9224 -65 -117 29 1
> 12403 11360 332 -86 -27 0
> 13994 4791 -202 -365 -155 1
! 21313 6820 200 sims=376984 RUNNER
! 4069 3572 200 sims=376984 BLOCKER
> 12528 8245 24 448 72 1
> 11911 9145 111 -67 11 1
> 12913 11183 433 -150 -27 0
> 13593 4402 -340 -330 -173 1
! 12528 108245 0
! 99372 57625 SHIELD
> 12528 8245 24 448 72 1
> 11911 9145 111 -67 11 1
> 12913 11183 433 -150 -27 0
> 13593 4402 -340 -330 -173 1
! 21823 6643 200 sims=382720 RUNNER
! 3777 6310 200 sims=382720 BLOCKER
> 12748 8494 484 -90 90 1
> 12002 9098 47 -9 29 1
> 13524 10942 519 -204 -27 0
> 13057 4110 -455 -248 -191 1
! -18153 103599 0
! 110164 28178 0
> 12748 8494 484 -90 90 1
> 12002 9098 47 -9 29 1
> 13524 10942 519 -204 -27 0
> 13057 4110 -455 -248 -191 1
! 20595 3871 0 sims=383528 RUNNER
! 3132 2891 200 sims=383528 BLOCKER
> 13232 8404 411 -76 108 1
> 12049 9089 39 -7 11 1
> 14043 10738 441 -173 -45 0
> 12403 3838 -555 -231 -173 1
! -45546 89305 0
! 111303 -3097 0
> 13232 8404 411 -76 108 1
> 12049 9089 39 -7 11 1
> 14043 10738 441 -173 -45 0
> 12403 3838 -555 -231 -173 1
! 18583 1828 0 sims=387784 RUNNER
! 2478 2619 200 sims=387784 BLOCKER
> 13643 8328 349 -64 126 1
> 12088 9082 33 -5 -7 1
> 14484 10565 374 -147 -63 0
> 11649 3583 -640 -217 -173 1
! -67258 67106 0
! 102718 -33179 0
> 13643 8328 349 -64 126 1
> 12088 9082 33 -5 -7 1
> 14484 10565 374 -147 -63 0
> 11649 3583 -640 -217 -173 1
! 16048 688 0 sims=381824 RUNNER
! 1833 5491 0 sims=381824 BLOCKER
> 13992 8264 296 -54 144 1
> 12121 9077 28 -4 -25 1
> 14858 10418 317 -124 -81 0
> 11009 3366 -544 -184 -191 1
! -81113 39165 0
! 102751 -33184 0
> 13992 8264 296 -54 144 1
> 12121 9077 28 -4 -25 1
> 14858 10418 317 -124 -81 0
> 11009 3366 -544 -184 -191 1
! 13294 541 200 sims=386808 RUNNER
! 1084 2147 0 sims=386808 BLOCKER
> 14288 8210 251 -45 162 1
> 12149 9073 23 -3 -25 1
> 15144 10096 242 -273 -99 0
> 10465 3182 -462 -156 -173 1
! -85712 8210 200
! 85284 -59126 0
> 14288 8210 251 -45 162 1
> 12149 9073 23 -3 -25 1
> 15144 10096 242 -273 -99 0
> 10465 3182 -462 -156 -173 1
! 10604 1186 200 sims=322792 RUNNER
! 649 5090 0 sims=322792 BLOCKER
> 14339 8165 43 -38 180 1
> 12172 9070 19 -2 -43 1
> 15295 9645 128 -383 -117 0
> 10003 3026 -392 -132 -191 1
! -80766 -22736 0
! 85307 -59129 0
> 14339 8165 43 -38 180 1
> 12172 9070 19 -2 -43 1
> 15295 9645 128 -383 -117 0
> 10003 3026 -392 -132 -191 1
! 8224 2574 200 sims=374648 RUNNER
! 1257 7874 0 sims=374648 BLOCKER
> 14382 8127 36 -32 -162 1
> 12191 9068 16 -1 -43 1
> 15282 9121 -11 -445 -135 0
> 9611 2894 -333 -112 -209 1
! -66519 -50651 0
! 85326 -59131 200
> 14382 8127 36 -32 -162 1
> 12191 9068 16 -1 -43 1
> 15282 9121 -11 -445 -135 0
> 9611 2894 -333 -112 -209 1
! 6372 4581 200 sims=380336 RUNNER
! -205 4802 0 sims=380336 BLOCKER
> 14418 8095 30 -27 -144 1
> 12353 8931 137 -116 -43 1
> 15093 8585 -160 -455 -153 0
> 9278 2782 -283 -95 169 1
! -44360 -72806 200
! 85488 -59268 200
> 14418 8095 30 -27 -144 1
> 12353 8931 137 -116 -43 1
> 15093 8585 -160 -455 -153 0
> 9278 2782 -283 -95 169 1
! 5216 7021 0 sims=366544 RUNNER
! 532 7630 0 sims=366544 BLOCKER
> 14174 7801 -232 -267 -126 1
> 12636 8679 240 -214 -43 1
> 15089 8235 22 -280 -171 0
> 8995 2687 -240 -80 151 1
! -44604 -73100 200
! 85771 -59520 0
> 14174 7801 -232 -267 -126 1
> 12636 8679 240 -214 -43 1
> 15089 8235 22 -280 -171 0
> 8995 2687 -240 -80 151 1
! 5212 9799 0 sims=349360 RUNNER
! -821 4595 0 sims=349360 BLOCKER
> 13824 7372 -297 -364 -126 1
> 12876 8465 204 -181 -43 1
> 15111 7955 18 -238 171 0
> 8755 2607 -204 -68 169 1
! -17077 -87733 200
! 103506 -33796 200
> 13824 7372 -297 -364 -126 1
> 12876 8465 204 -181 -43 1
> 15111 7955 18 -238 171 0
> 8755 2607 -204 -68 169 1
! 6201 12495 200 sims=390888 RUNNER
! 9 7455 0 sims=390888 BLOCKER
> 13465 6818 -304 -471 -108 1
> 13261 8199 327 -225 -25 1
> 14951 7808 -136 -125 153 0
> 8551 2539 -173 -57 151 1
! -45313 -74083 200
! 112515 -3988 200
> 13465 6818 -304 -471 -108 1
> 13261 8199 327 -225 -25 1
> 14951 7808 -136 -125 153 0
> 8551 2539 -173 -57 151 1
! 5074 9372 0 sims=376200 RUNNER
! -1265 4447 0 sims=376200 BLOCKER
> 13043 6185 -358 -537 -126 1
> 13787 7950 446 -211 -7 1
> 14815 7683 -115 -106 171 0
> 8378 2482 -147 -48 169 1
! -45735 -74716 200
! 104417 -34311 200
> 13043 6185 -358 -537 -126 1
> 13787 7950 446 -211 -7 1
> 14815 7683 -115 -106 171 0
> 8378 2482 -147 -48 169 1
! 4938 9247 SHIELD sims=379616 RUNNER
! -368 7330 0 sims=379616 BLOCKER
> 12567 5486 -404 -593 -126 1
> 13528 7886 -612 47 -25 1
> 14789 7554 16 -120 171 0
> 8231 2434 -124 -40 151 1
! -68334 -53292 200
! 112782 -4301 200
> 12567 5486 -404 -593 -126 1
> 13528 7886 -612 47 -25 1
> 14789 7554 16 -120 171 0
> 8231 2434 -124 -40 151 1
! 5879 12094 0 sims=392944 RUNNER
! -1585 4342 0 sims=392944 BLOCKER
> 12001 4775 -480 -603 -144 1
> 13115 7909 -351 19 -7 1
> 14805 7434 13 -102 153 0
> 8107 2394 -105 -34 169 1
! -68900 -54003 200
! 103745 -34352 200
> 12001 4775 -480 -603 -144 1
> 13115 7909 -351 19 -7 1
> 14805 7434 13 -102 153 0
> 8107 2394 -105 -34 169 1
! 4928 8998 0 sims=374664 RUNNER
! -639 7242 0 sims=374664 BLOCKER
> 11359 4054 -545 -612 -144 1
> 12945 7843 -144 -55 -25 1
> 14818 7332 11 -86 171 0
> 8002 2360 -89 -28 151 1
! -83746 -26847 0
! 103575 -34418 200
> 11359 4054 -545 -612 -144 1
> 12945 7843 -144 -55 -25 1
> 14818 7332 11 -86 171 0
> 8002 2360 -89 -28 151 1
! 4941 8896 0 sims=357328 RUNNER
! -1814 4268 0 sims=357328 BLOCKER
> 10814 3442 -463 -520 -162 1
> 12982 7703 31 -118 -25 1
> 14829 7246 9 -73 171 0
> 7913 2332 -75 -23 169 1
! -89186 3442 200
! 112236 -4484 200
> 10814 3442 -463 -520 -162 1
> 12982 7703 31 -118 -25 1
> 14829 7246 9 -73 171 0
> 7913 2332 -75 -23 169 1
! 4952 8810 200 sims=359936 RUNNER
! -833 7180 0 sims=359936 BLOCKER
> 10151 2922 -563 -442 180 1
> 13212 7561 195 -121 -7 1
> 14640 7204 -160 -35 171 0
> 7838 2309 -63 -19 151 1
! -84954 33823 0
! 112466 -4626 200
> 10151 2922 -563 -442 180 1
> 13212 7561 195 -121 -7 1
> 14640 7204 -160 -35 171 0
> 7838 2309 -63 -19 151 1
! 4763 8768 200 sims=342912 RUNNER
! 1018 9623 0 sims=342912 BLOCKER
> 9588 2480 -478 -375 162 1
> 13520 7442 -283 63 -7 1
> 14368 7174 314 -190 171 0
> 7775 2290 -53 -16 133 1
! -85517 33381 200
! 104150 -34819 200
> 9588 2480 -478 -375 162 1
> 13520 7442 -283 63 -7 1
> 14368 7174 314 -190 171 0
> 7775 2290 -53 -16 133 1
! 5458 11714 200 sims=348016 RUNNER
! 3549 11353 0 sims=348016 BLOCKER
> 8920 2167 -567 -266 162 1
> 13418 7420 -86 -18 -25 1
> 14504 7075 115 -84 153 0
> 7722 2274 -45 -13 115 1
! -71981 60945 0
! 104048 -34841 200
> 8920 2167 -567 -266 162 1
> 13418 7420 -86 -18 -25 1
> 14504 7075 115 -84 153 0
> 7722 2274 -45 -13 115 1
! 4627 8639 200 sims=341064 RUNNER
! 3496 11337 SHIELD sims=341064 BLOCKER
> 8411 1874 33 -464 144 1
> 13513 7317 80 -87 -25 1
> 14421 7022 -70 -44 171 0
> 7671 2264 -89 12 115 1
! -72490 60652 200
! 104143 -34944 200
> 8411 1874 33 -464 144 1
> 13513 7317 80 -87 -25 1
> 14421 7022 -70 -44 171 0
> 7671 2264 -89 12 115 1
! 5511 11562 200 sims=316800 RUNNER
! 851 9578 0 sims=316800 BLOCKER
> 8282 1528 -109 -294 144 1
> 13395 7261 -225 -8 -25 1
> 14552 6953 236 -97 153 0
> 7582 2276 -75 10 133 1
! -72619 60306 200
! 112649 -4926 200
> 8282 1528 -109 -294 144 1
> 13395 7261 -225 -8 -25 1
> 14552 6953 236 -97 153 0
> 7582 2276 -75 10 133 1
! 4675 8517 200 sims=338112 RUNNER
! -1164 7124 0 sims=338112 BLOCKER
> 8011 1352 -230 -149 144 1
> 13369 7229 -22 -27 -7 1
> 14590 6887 32 -55 171 0
> 7507 2286 -63 8 151 1
! -50767 82253 200
! 103999 -35032 200
> 8011 1352 -230 -149 144 1
> 13369 7229 -22 -27 -7 1
> 14590 6887 32 -55 171 0
> 7507 2286 -63 8 151 1
! 5680 11427 200 sims=319896 RUNNER
! -2309 4194 0 sims=319896 BLOCKER
> 7663 1365 -295 10 126 1
> 13528 7117 135 -94 -25 1
> 14444 6923 -124 30 153 0
> 7444 2294 -53 6 169 1
! -23238 96470 200
! 112782 -5070 200
> 7663 1365 -295 10 126 1
> 13528 7117 135 -94 -25 1
> 14444 6923 -124 30 153 0
> 7444 2294 -53 6 169 1
! 5534 11463 SHIELD sims=307312 RUNNER
! -2481 1075 200 sims=307312 BLOCKER
> 7322 1485 -265 -27 108 1
> 13252 7116 -440 39 -7 1
> 14381 6941 -32 11 153 0
> 7177 2356 -251 182 187 1
! -23579 96590 200
! 112506 -5071 200
> 7322 1485 -265 -27 108 1
> 13252 7116 -440 39 -7 1
> 14381 6941 -32 11 153 0
> 7177 2356 -251 182 187 1
! 5471 11481 0 sims=329064 RUNNER
! -1886 -1870 0 sims=329064 BLOCKER
> 6995 1648 -277 138 108 1
> 13011 7131 -205 12 -7 1
> 14349 6952 -27 9 153 0
> 6926 2538 -213 154 205 1
! -23906 96753 200
! 112265 -5056 200
> 6995 1648 -277 138 108 1
> 13011 7131 -205 12 -7 1
> 14349 6952 -27 9 153 0
> 6926 2538 -213 154 205 1
! 5439 11492 0 sims=305568 RUNNER
! -388 -4282 0 sims=305568 BLOCKER
> 6657 1876 -287 102 108 1
> 13005 7119 -5 -10 -7 1
> 14322 6961 -22 7 153 0
> 6712 2792 -181 307 -137 1
! 6657 101876 200
! 112259 -5068 200
> 6657 1876 -287 102 108 1
> 13005 7119 -5 -10 -7 1
> 14322 6961 -22 7 153 0
> 6712 2792 -181 307 -137 1
! 4445 8525 0 sims=322072 RUNNER
! -2351 -1434 0 sims=322072 BLOCKER
> 6370 2178 -243 256 90 1
> 13199 7085 164 -29 -7 1
> 14300 6968 -18 5 171 0
> 6531 3099 -153 260 -155 1
! 37271 97283 200
! 112453 -5102 200
> 6370 2178 -243 256 90 1
> 13199 7085 164 -29 -7 1
> 14300 6968 -18 5 171 0
> 6531 3099 -153 260 -155 1
! 5390 11508 200 sims=318000 RUNNER
! -3394 1880 0 sims=318000 BLOCKER
> 6178 2576 -194 207 72 2
> 13302 7043 -171 -23 -7 1
> 14363 7052 312 59 153 0
> 6389 3407 -89 392 -173 1
! 6178 102576 200
! 111464 26123 200
> 6178 2576 -194 207 72 2
> 13302 7043 -171 -23 -7 1
> 14363 7052 312 59 153 0
> 6389 3407 -89 392 -173 1
! 4486 8616 200 sims=338816 RUNNER
! -2674 -819 0 sims=338816 BLOCKER
> 5984 2983 -164 345 90 2
> 13327 7058 21 12 11 1
> 14477 7142 97 76 171 0
> 6300 3799 -75 333 -155 1
! -24917 98088 0
! 111489 26138 200
> 5984 2983 -164 345 90 2
> 13327 7058 21 12 11 1
> 14477 7142 97 76 171 0
> 6300 3799 -75 333 -155 1
! 4600 5578 200 sims=339328 RUNNER
! -2763 -427 200 sims=339328 BLOCKER
> 5797 3262 -189 148 108 2
> 13544 7108 184 42 11 1
> 14376 7187 -85 38 -171 0
> 6066 4114 -168 356 -155 1
! 5797 103262 200
! 111706 26188 200
> 5797 3262 -189 148 108 2
> 13544 7108 184 42 11 1
> 14376 7187 -85 38 -171 0
> 6066 4114 -168 356 -155 1
! 4499 5623 SHIELD sims=339320 RUNNER
! -1248 -2706 0 sims=339320 BLOCKER
> 5608 3610 -160 295 90 2
> 13143 7114 -395 0 11 1
> 14369 7232 0 39 -171 0
> 5898 4470 -142 302 -137 1
! -25293 98715 200
! 111305 26194 200
> 5608 3610 -160 295 90 2
> 13143 7114 -395 0 11 1
> 14369 7232 0 39 -171 0
> 5898 4470 -142 302 -137 1
! 4492 5668 0 sims=353688 RUNNER
! -1416 -2350 200 sims=353688 BLOCKER
> 5314 3892 -280 153 108 2
> 12944 7152 -168 32 11 1
> 14369 7271 0 33 -171 0
> 5682 4839 -152 399 -137 1
! 5314 103892 200
! 111106 26232 200
> 5314 3892 -280 153 108 2
> 12944 7152 -168 32 11 1
> 14369 7271 0 33 -171 0
> 5682 4839 -152 399 -137 1
! 4492 5707 0 sims=349640 RUNNER
! -1632 -1981 200 sims=349640 BLOCKER
> 5034 4245 -238 300 90 2
> 12972 7222 24 59 11 1
> 14369 7304 0 28 -171 0
> 5384 5102 -253 223 -137 1
! 35935 99350 200
! 112226 -4964 200
> 5034 4245 -238 300 90 2
> 12972 7222 24 59 11 1
> 14369 7304 0 28 -171 0
> 5384 5102 -253 223 -137 1
! 4492 5740 0 sims=328416 RUNNER
! 536 -3644 200 sims=328416 BLOCKER
> 4725 4412 -303 43 72 2
> 13195 7257 189 29 -7 1
> 14369 7332 0 23 -171 0
> 5167 5473 -144 414 -119 1
! 63503 85313 200
! 112449 -4930 0
> 4725 4412 -303 43 72 2
> 13195 7257 189 29 -7 1
> 14369 7332 0 23 -171 0
> 5167 5473 -144 414 -119 1
! 4492 8896 200 sims=304952 RUNNER
! 319 -3273 200 sims=304952 BLOCKER
> 4540 4617 -157 174 54 2
> 13378 7285 -160 -15 -7 1
> 14178 7387 152 86 171 0
> 4926 5712 -204 203 -119 1
! 35441 99722 200
! 111540 26365 200
> 4540 4617 -157 174 54 2
> 13378 7285 -160 -15 -7 1
> 14178 7387 152 86 171 0
> 4926 5712 -204 203 -119 1
! 4301 5823 200 sims=303376 RUNNER
! 3018 -4104 200 sims=303376 BLOCKER
> 4437 4958 -182 -1 72 2
> 13270 7289 -102 2 11 1
> 14276 7461 94 64 -171 0
> 4692 5742 -104 317 -101 1
! 35338 100063 200
! 111432 26369 200
> 4437 4958 -182 -1 72 2
> 13270 7289 -102 2 11 1
> 14276 7461 94 64 -171 0
> 4692 5742 -104 317 -101 1
! 5366 2921 200 sims=309528 RUNNER
! 2784 -4074 200 sims=309528 BLOCKER
> 4285 5049 -143 34 72 2
> 13364 7329 80 34 11 1
> 14192 7434 -71 -22 -153 0
> 4582 5961 -79 228 -101 1
! 35186 100154 200
! 112618 -4857 200
> 4285 5049 -143 34 72 2
> 13364 7329 80 34 11 1
> 14192 7434 -71 -22 -153 0
> 4582 5961 -79 228 -101 1
! 4315 5870 0 sims=295936 RUNNER
! 2674 -3855 200 sims=295936 BLOCKER
> 4191 5237 -130 16 72 2
> 13329 7298 -58 -29 -7 1
> 14434 7452 235 19 -171 0
> 4478 6029 -37 200 -101 1
! 35092 100342 200
! 111491 26378 0
> 4191 5237 -130 16 72 2
> 13329 7298 -58 -29 -7 1
> 14434 7452 235 19 -171 0
> 4478 6029 -37 200 -101 1
! 4557 9016 200 sims=272576 RUNNER
! -370 -2717 200 sims=272576 BLOCKER
> 4065 5285 -120 2 72 2
> 13271 7269 -49 -24 11 1
> 14471 7502 31 42 171 0
> 4402 6213 -51 194 -119 1
! 34966 100390 200
! 111433 26349 200
> 4065 5285 -120 2 72 2
> 13271 7269 -49 -24 11 1
> 14471 7502 31 42 171 0
> 4402 6213 -51 194 -119 1
! 4594 5938 200 sims=323040 RUNNER
! -446 -2533 200 sims=323040 BLOCKER
> 4005 5471 -106 -11 72 2
> 13418 7283 125 12 11 1
> 14304 7513 -141 9 -171 0
> 4256 6238 -68 190 -119 1
! 34906 100576 200
! 100879 55763 200
> 4005 5471 -106 -11 72 2
> 13418 7283 125 12 11 1
> 14304 7513 -141 9 -171 0
> 4256 6238 -68 190 -119 1
! 4427 9077 0 sims=320832 RUNNER
! 2348 -3578 200 sims=320832 BLOCKER
> 3896 5451 -95 -23 72 2
> 13393 7306 -116 -5 29 1
> 14488 7608 251 105 171 0
> 4215 6431 -32 170 -101 1
! 34797 100556 200
! 100854 55786 200
> 3896 5451 -95 -23 72 2
> 13393 7306 -116 -5 29 1
> 14488 7608 251 105 171 0
> 4215 6431 -32 170 -101 1
! 4611 6044 200 sims=334824 RUNNER
! 2307 -3385 200 sims=334824 BLOCKER
> 3863 5618 -28 142 72 2
> 13452 7398 50 78 29 1
> 14541 7682 45 62 -171 0
> 4145 6405 -59 -22 -101 1
! 3863 105618 0
! 111614 26478 200
> 3863 5618 -28 142 72 2
> 13452 7398 50 78 29 1
> 14541 7682 45 62 -171 0
> 4145 6405 -59 -22 -101 1
! 5631 3142 200 sims=323888 RUNNER
! 2237 -3411 SHIELD sims=323888 BLOCKER
> 3755 5540 -111 -118 90 2
> 13623 7498 -124 27 11 1
> 14483 7669 220 46 -153 0
> 4094 6405 -41 5 -101 1
! 34656 100645 200
! 112877 -4688 200
> 3755 5540 -111 -118 90 2
> 13623 7498 -124 27 11 1
> 14483 7669 220 46 -153 0
> 4094 6405 -41 5 -101 1
! 4606 6105 200 sims=329424 RUNNER
! -754 -2341 0 sims=329424 BLOCKER
> 3706 5612 -41 61 72 2
> 13698 7501 63 2 -7 1
> 14505 7684 19 12 -171 0
> 4053 6410 -34 4 -119 1
! 34607 100717 200
! 111860 26581 200
> 3706 5612 -41 61 72 2
> 13698 7501 63 2 -7 1
> 14505 7684 19 12 -171 0
> 4053 6410 -34 4 -119 1
! 4628 9248 200 sims=308416 RUNNER
! -3261 -410 0 sims=308416 BLOCKER
> 3653 5702 -69 21 72 2
> 13570 7450 -131 -48 11 1
> 14714 7818 200 119 171 0
> 4093 6576 58 195 -137 1
! 34554 100807 200
! 101031 55930 0
> 3653 5702 -69 21 72 2
> 13570 7450 -131 -48 11 1
> 14714 7818 200 119 171 0
> 4093 6576 58 195 -137 1
! 4837 6254 200 sims=318328 RUNNER
! -755 -2170 0 sims=318328 BLOCKER
> 3646 5913 -6 179 72 2
> 13439 7402 -111 -40 29 1
> 14716 7906 2 74 -171 0
> 4151 6771 49 165 -119 1
! 62424 86814 200
! 100900 55882 0
> 3646 5913 -6 179 72 2
> 13439 7402 -111 -40 29 1
> 14716 7906 2 74 -171 0
> 4151 6771 49 165 -119 1
! 5806 3366 200 sims=250512 RUNNER
! -697 -1975 200 sims=250512 BLOCKER
> 3659 6095 -77 14 54 2
> 13328 7362 -94 -34 29 1
> 14540 7889 -149 -14 -153 0
> 4202 6920 131 267 -119 1
! 62437 86996 200
! 100789 55842 200
> 3659 6095 -77 14 54 2
> 13328 7362 -94 -34 29 1
> 14540 7889 -149 -14 -153 0
> 4202 6920 131 267 -119 1
! 5630 3349 200 sims=313112 RUNNER
! -3112 100 200 sims=313112 BLOCKER
> 3700 6271 34 149 54 2
> 13409 7425 68 53 29 1
> 14213 7784 -278 -89 -153 0
> 4187 7051 -12 111 -137 1
! 34601 101376 200
! 100870 55905 SHIELD
> 3700 6271 34 149 54 2
> 13409 7425 68 53 29 1
> 14213 7784 -278 -89 -153 0
> 4187 7051 -12 111 -137 1
! 5303 3244 SHIELD sims=304408 RUNNER
! -661 -1695 200 sims=304408 BLOCKER
> 3617 6332 -125 -33 72 2
> 13210 7358 -231 -85 29 1
> 14202 7815 53 54 -153 0
> 4257 7265 114 267 -119 1
! 62395 87233 200
! 100671 55838 0
> 3617 6332 -125 -33 72 2
> 13210 7358 -231 -85 29 1
> 14202 7815 53 54 -153 0
> 4257 7265 114 267 -119 1
! 4325 6251 0 sims=309880 RUNNER
! -591 -1481 200 sims=309880 BLOCKER
> 3610 6461 -6 109 54 2
> 12979 7273 -196 -72 29 1
> 14255 7869 45 45 -171 0
> 4274 7357 14 78 -119 1
! 62388 87362 200
! 111141 26353 0
> 3610 6461 -6 109 54 2
> 12979 7273 -196 -72 29 1
> 14255 7869 45 45 -171 0
> 4274 7357 14 78 -119 1
! 5345 3329 0 sims=321920 RUNNER
! -574 -1389 200 sims=321920 BLOCKER
> 3661 6660 -127 -34 54 2
> 12783 7201 -166 -61 11 1
> 14300 7914 38 38 -153 0
> 4251 7332 151 182 -119 1
! 62439 87561 200
! 110945 26281 0
> 3661 6660 -127 -34 54 2
> 12783 7201 -166 -61 11 1
> 14300 7914 38 38 -153 0
> 4251 7332 151 182 -119 1
! 5390 3374 0 sims=333968 RUNNER
! -3063 512 200 sims=333968 BLOCKER
> 3652 6788 -8 108 54 2
> 12617 7140 -141 -51 11 1
> 14338 7952 32 32 -153 0
> 4256 7378 4 38 -137 1
! 84553 65566 200
! 110779 26220 200
> 3652 6788 -8 108 54 2
> 12617 7140 -141 -51 11 1
> 14338 7952 32 32 -153 0
> 4256 7378 4 38 -137 1
! 5428 3412 200 sims=327056 RUNNER
! -3058 558 200 sims=327056 BLOCKER
> 3523 6739 -136 -67 36 2
> 12672 7127 47 -10 11 1
> 14192 7893 -124 -49 -153 0
> 4396 7554 146 175 -137 1
! 84424 65517 200
! 100133 55607 200
> 3523 6739 -136 -67 36 2
> 12672 7127 47 -10 11 1
> 14192 7893 -124 -49 -153 0
> 4396 7554 146 175 -137 1
! 5282 3353 200 sims=322264 RUNNER
! -2918 734 200 sims=322264 BLOCKER
> 3549 6790 21 42 36 2
> 12894 7214 188 73 29 1
> 13890 7753 -256 -118 -153 0
> 4396 7593 0 32 -137 1
! 84450 65568 200
! 81093 80349 SHIELD
> 3549 6790 21 42 36 2
> 12894 7214 188 73 29 1
> 13890 7753 -256 -118 -153 0
> 4396 7593 0 32 -137 1
! 4980 3213 SHIELD sims=317896 RUNNER
! -2918 773 200 sims=317896 BLOCKER
> 3695 6912 -93 -118 36 2
> 12955 7212 -191 -145 47 1
> 13761 7710 133 106 -153 0
> 4286 7526 124 165 -137 1
! 62473 87813 200
! 55216 97842 0
> 3695 6912 -93 -118 36 2
> 12955 7212 -191 -145 47 1
> 13761 7710 133 106 -153 0
> 4286 7526 124 165 -137 1
! 4851 3170 0 sims=321024 RUNNER
! -562 -1220 200 sims=321024 BLOCKER
> 3720 6956 20 37 54 2
> 12764 7067 -162 -123 65 1
> 13894 7816 113 90 -153 0
> 4313 7516 22 -8 -119 1
! 84621 65734 200
! 80963 80202 200
> 3720 6956 20 37 54 2
> 12764 7067 -162 -123 65 1
> 13894 7816 113 90 -153 0
> 4313 7516 22 -8 -119 1
! 6823 745 0 sims=339704 RUNNER
! -3001 696 200 sims=339704 BLOCKER
> 3602 6828 -109 -118 36 3
> 12602 6944 -137 -104 47 1
> 14007 7906 96 76 -135 0
> 4488 7654 158 126 -137 1
! 98707 37729 200
! 100063 55424 0
> 3602 6828 -109 -118 36 3
> 12602 6944 -137 -104 47 1
> 14007 7906 96 76 -135 0
> 4488 7654 158 126 -137 1
! 5097 3366 0 sims=363472 RUNNER
! -360 -1092 200 sims=363472 BLOCKER
> 3683 6772 69 -47 18 3
> 12465 6840 -116 -88 29 1
> 14103 7982 81 64 -153 0
> 4549 7605 51 -41 -119 1
! 103683 6771 200
! 99926 55320 200
> 3683 6772 69 -47 18 3
> 12465 6840 -116 -88 29 1
> 14103 7982 81 64 -153 0
> 4549 7605 51 -41 -119 1
! 7032 911 200 sims=353064 RUNNER
! 2641 -2211 200 sims=353064 BLOCKER
> 3952 6725 228 -39 0 3
> 12524 6849 50 7 29 1
> 14043 7905 -51 -65 -135 0
> 4562 7368 10 -201 -101 1
! 99057 -24176 200
! 80723 79984 200
> 3952 6725 228 -39 0 3
> 12524 6849 50 7 29 1
> 14043 7905 -51 -65 -135 0
> 4562 7368 10 -201 -101 1
! 5133 3365 200 sims=350000 RUNNER
! 5781 -2557 200 sims=350000 BLOCKER
