@ 0 YurkovAS
@ 1 reCurse
CP 4
CP 8029 7896
CP 13282 5527
CP 9555 1383
CP 3615 4430
> 7823 7440 0 0 -1 1
> 8235 8352 0 0 -1 1
> 7412 6529 0 0 -1 1
> 8646 9263 0 0 -1 1
! 16015 1704 BOOST sims=259320 RUNNER
! 17145 3812 BOOST sims=259320 BLOCKER
> 7823 7440 0 0 -1 1
> 8235 8352 0 0 -1 1
> 7412 6529 0 0 -1 1
> 8646 9263 0 0 -1 1
! 106361 20987 200
! 86509 -53484 200
> 8355 7067 452 -316 -35 1
> 8814 8057 492 -250 -27 1
> 7610 6558 168 24 8 1
> 8802 9138 132 -106 -39 1
! 17918 4143 200 sims=299736 RUNNER
! 15885 986 0 sims=299736 BLOCKER
> 8355 7067 452 -316 -35 1
> 8814 8057 492 -250 -27 1
> 7610 6558 168 24 8 1
> 8802 9138 132 -106 -39 1
! 106636 20475 200
! 63265 -74729 200
> 8998 6693 546 -318 -17 1
> 9306 7807 418 -212 -45 1
> 7976 6610 311 44 8 1
> 9043 8865 205 -232 -57 1
! 18996 6868 200 sims=313552 RUNNER
! 13846 -1103 0 sims=313552 BLOCKER
> 8998 6693 546 -318 -17 1
> 9306 7807 418 -212 -45 1
> 7976 6610 311 44 8 1
> 9043 8865 205 -232 -57 1
! 107002 20527 200
! 63506 -75002 200
> 9744 6378 634 -267 1 1
> 9724 7595 355 -180 -63 1
> 8485 6682 432 61 8 1
> 9357 8465 266 -339 -57 1
! 19199 9634 0 sims=299704 RUNNER
! 11288 -2282 0 sims=299704 BLOCKER
> 9744 6378 634 -267 1 1
> 9724 7595 355 -180 -63 1
> 8485 6682 432 61 8 1
> 9357 8465 266 -339 -57 1
! 106965 -10682 200
! 87071 -54467 200
> 10378 6111 538 -226 19 1
> 10139 7285 403 -374 -81 1
> 9114 6708 534 22 -10 1
> 9719 8130 256 -173 -39 1
! 18364 12129 0 sims=274616 RUNNER
! 8575 -2592 0 sims=274616 BLOCKER
> 10378 6111 538 -226 19 1
> 10139 7285 403 -374 -81 1
> 9114 6708 534 22 -10 1
> 9719 8130 256 -173 -39 1
! 107594 -10656 0
! 103077 -27706 200
> 10916 5885 457 -192 37 1
> 10542 6911 342 -317 -99 1
> 9648 6730 453 18 -10 1
> 10162 7885 376 -207 -21 1
! 16652 14077 0 sims=258768 RUNNER
! 8978 -2966 SHIELD sims=258768 BLOCKER
> 10916 5885 457 -192 37 1
> 10542 6911 342 -317 -99 1
> 9648 6730 453 18 -10 1
> 10162 7885 376 -207 -21 1
! 97942 -40217 0
! 87876 -55047 200
> 11373 5693 388 -163 55 1
> 10885 6594 304 -271 -99 1
> 10094 6749 246 39 -28 1
> 10693 7552 451 -282 -39 1
! 14297 15256 0 sims=251544 RUNNER
! 6345 -2316 0 sims=251544 BLOCKER
> 11373 5693 388 -163 55 1
> 10885 6594 304 -271 -99 1
> 10094 6749 246 39 -28 1
> 10693 7552 451 -282 -39 1
! 98388 -40198 0
! 65156 -76315 200
> 11761 5530 329 -138 73 1
> 11188 6300 250 -403 -117 1
> 10340 6788 209 33 -28 1
> 11254 7125 483 -209 -57 1
! 11586 15528 200 sims=314904 RUNNER
! 6648 -2610 0 sims=314904 BLOCKER
> 11761 5530 329 -138 73 1
> 11188 6300 250 -403 -117 1
> 10340 6788 209 33 -28 1
> 11254 7125 483 -209 -57 1
! 98634 -40159 200
! 37135 -89467 0
> 12168 5524 433 -77 91 1
> 11356 5965 55 -212 -117 1
> 10726 6727 327 -51 -28 1
> 11737 6916 410 -177 -75 1
! 8912 14979 0 sims=329728 RUNNER
! 4285 -1106 0 sims=329728 BLOCKER
> 12168 5524 433 -77 91 1
> 11356 5965 55 -212 -117 1
> 10726 6727 327 -51 -28 1
> 11737 6916 410 -177 -75 1
! 99020 -40220 200
! 6503 -92946 200
> 12601 5447 368 -65 109 1
> 11411 5753 46 -180 -135 1
> 11230 6582 428 -123 -28 1
> 12137 6539 339 -320 -93 1
! 6583 13433 200 sims=303992 RUNNER
! 4340 -1318 200 sims=303992 BLOCKER
> 12601 5447 368 -65 109 1
> 11411 5753 46 -180 -135 1
> 11230 6582 428 -123 -28 1
> 12137 6539 339 -320 -93 1
! 99524 -40365 SHIELD
! -23699 -86819 200
> 12930 5422 453 -276 127 2
> 11316 5432 -81 -273 -135 1
> 11647 6464 303 -78 -28 1
> 12436 6104 589 -330 -111 1
! 4738 11158 200 sims=339264 RUNNER
! 6776 -3478 0 sims=339264 BLOCKER
> 12930 5422 453 -276 127 2
> 11316 5432 -81 -273 -135 1
> 11647 6464 303 -78 -28 1
> 12436 6104 589 -330 -111 1
! 81112 -65470 0
! -23400 -87254 200
> 13443 4954 456 -426 145 2
> 11235 5159 -68 -232 -117 1
> 11950 6386 257 -66 -46 1
> 12730 5894 228 -149 -111 1
! 3880 7878 200 sims=334456 RUNNER
! 4164 -1912 0 sims=334456 BLOCKER
> 13443 4954 456 -426 145 2
> 11235 5159 -68 -232 -117 1
> 11950 6386 257 -66 -46 1
> 12730 5894 228 -149 -111 1
! 55787 -83493 0
! -23106 -87464 200
> 13708 4586 225 -312 163 2
> 11167 4927 -57 -197 -135 1
> 12207 6320 218 -56 -64 1
> 12886 5558 132 -285 -111 2
! 4145 7510 200 sims=320512 RUNNER
! 6627 -3983 0 sims=320512 BLOCKER
> 13708 4586 225 -312 163 2
> 11167 4927 -57 -197 -135 1
> 12207 6320 218 -56 -64 1
> 12886 5558 132 -285 -111 2
! 56044 -83559 0
! 7652 -94304 200
> 13742 4332 28 -215 163 2
> 11110 4730 -48 -167 -117 1
> 12425 6264 185 -47 -64 1
> 13008 5073 103 -412 -93 2
! 3744 4157 200 sims=348736 RUNNER
! 9546 -5147 0 sims=348736 BLOCKER
> 13742 4332 28 -215 163 2
> 11110 4730 -48 -167 -117 1
> 12425 6264 185 -47 -64 1
> 13008 5073 103 -412 -93 2
! 26342 -92762 200
! 38889 -91519 200
> 13758 3933 162 -482 181 2
> 11062 4563 -40 -141 -99 1
> 12638 6019 180 -208 -82 1
> 12975 4649 -176 -217 -75 2
! 4195 6857 0 sims=371496 RUNNER
! 12626 -5314 0 sims=371496 BLOCKER
> 13758 3933 162 -482 181 2
> 11062 4563 -40 -141 -99 1
> 12638 6019 180 -208 -82 1
> 12975 4649 -176 -217 -75 2
! -4726 -92461 200
! 7741 -95213 200
> 13920 3451 137 -409 163 2
> 11022 4422 -34 -119 -81 1
> 12783 5614 123 -344 -100 2
> 12789 4232 -158 -354 -93 2
! 3922 3276 0 sims=368584 RUNNER
! 9458 -5455 200 sims=368584 BLOCKER
> 13920 3451 137 -409 163 2
> 11022 4422 -34 -119 -81 1
> 12783 5614 123 -344 -100 2
> 12789 4232 -158 -354 -93 2
! -34164 -82680 200
! -23047 -89126 0
> 14057 3042 116 -347 181 2
> 10957 4105 -55 -269 -99 1
> 12812 5093 24 -442 -118 2
> 12631 3878 -134 -300 -111 2
! 4494 5966 200 sims=352784 RUNNER
! 12521 -5772 0 sims=352784 BLOCKER
> 14057 3042 116 -347 181 2
> 10957 4105 -55 -269 -99 1
> 12812 5093 24 -442 -118 2
> 12631 3878 -134 -300 -111 2
! -59122 -64372 0
! -50301 -73836 0
> 13982 2753 -63 -245 163 2
> 10902 3836 -46 -228 -81 1
> 12836 4651 20 -375 -136 2
> 12497 3578 -113 -255 -129 2
! 3984 2578 200 sims=338480 RUNNER
! 15442 -5074 0 sims=338480 BLOCKER
> 13982 2753 -63 -245 163 2
> 10902 3836 -46 -228 -81 1
> 12836 4651 20 -375 -136 2
> 12497 3578 -113 -255 -129 2
! -77043 -39186 200
! -23339 -89780 0
> 13719 2505 -223 -211 181 2
> 10856 3608 -39 -193 -63 1
> 12676 4188 -135 -393 -154 2
> 12384 3323 -96 -216 -111 2
! 4264 -751 200 sims=311744 RUNNER
! 17927 -3463 0 sims=311744 BLOCKER
> 13719 2505 -223 -211 181 2
> 10856 3608 -39 -193 -63 1
> 12676 4188 -135 -393 -154 2
> 12384 3323 -96 -216 -111 2
! -86350 -9729 200
! 7150 -96539 200
> 13307 2229 -350 -234 199 2
> 10817 3415 -33 -164 -45 1
> 12343 3767 -283 -357 -172 2
> 12278 2907 -90 -353 -93 2
! 3309 2054 200 sims=311120 RUNNER
! 19727 -1125 200 sims=311120 BLOCKER
> 13307 2229 -350 -234 199 2
> 10817 3415 -33 -164 -45 1
> 12343 3767 -283 -357 -172 2
> 12278 2907 -90 -353 -93 2
! -86683 -10150 0
! 38159 -93685 200
> 12892 1898 -50 -489 -179 2
> 10962 3160 123 -216 -27 1
> 12060 3410 -240 -303 -172 2
> 12104 2454 -449 -176 -75 2
! 3329 4822 0 sims=317416 RUNNER
! 20839 1596 200 sims=317416 BLOCKER
> 12892 1898 -50 -489 -179 2
> 10962 3160 123 -216 -27 1
> 12060 3410 -240 -303 -172 2
> 12104 2454 -449 -176 -75 2
! -86966 -10507 0
! 37985 -94138 0
> 12842 1409 -42 -415 -197 2
> 11061 2850 -181 -338 -9 1
> 12041 3169 249 -129 -172 2
> 11655 2278 -381 -149 -75 2
! 3279 4333 200 sims=303472 RUNNER
! 20938 1286 SHIELD sims=303472 BLOCKER
> 12842 1409 -42 -415 -197 2
> 11061 2850 -181 -338 -9 1
> 12041 3169 249 -129 -172 2
> 11655 2278 -381 -149 -75 2
! -77838 -40668 200
! 66118 -81589 0
> 12609 1052 -198 -303 163 2
> 10847 2544 -184 -257 -9 1
> 12110 2952 58 -184 -154 2
> 11602 1813 -17 -421 -57 2
! 4417 6788 0 sims=349808 RUNNER
! 20724 4108 0 sims=349808 BLOCKER
> 12609 1052 -198 -303 163 2
> 10847 2544 -184 -257 -9 1
> 12110 2952 58 -184 -154 2
> 11602 1813 -17 -421 -57 2
! -77769 -40885 200
! 66065 -82054 SHIELD
> 12411 749 -168 -257 145 2
> 10663 2287 -156 -218 9 1
> 11988 2680 -103 -230 -154 2
> 11585 1392 -14 -357 -57 2
! 6393 8735 200 sims=333768 RUNNER
! 19573 6827 0 sims=333768 BLOCKER
> 12411 749 -168 -257 145 2
> 10663 2287 -156 -218 9 1
> 11988 2680 -103 -230 -154 2
> 11585 1392 -14 -357 -57 2
! -77891 -41157 200
! 89299 -61540 200
> 12226 576 12 -270 127 2
> 10507 2069 -132 -185 27 1
> 11705 2362 -240 -270 -154 2
> 11467 1111 -269 -115 -39 2
! 4034 6312 200 sims=307304 RUNNER
! 20384 3633 0 sims=307304 BLOCKER
> 12226 576 12 -270 127 2
> 10507 2069 -132 -185 27 1
> 11705 2362 -240 -270 -154 2
> 11467 1111 -269 -115 -39 2
! -87321 -11555 200
! 104825 -34725 0
> 12074 421 -129 -131 145 2
> 10375 1884 -112 -157 9 1
> 11267 2064 -372 -253 -172 2
> 11198 996 -228 -97 -21 2
! 6056 8407 200 sims=292800 RUNNER
! 20252 3448 SHIELD sims=292800 BLOCKER
> 12074 421 -129 -131 145 2
> 10375 1884 -112 -157 9 1
> 11267 2064 -372 -253 -172 2
> 11198 996 -228 -97 -21 2
! -87213 19428 200
! 111060 -4237 0
> 11825 450 -211 24 127 2
> 10201 1714 -164 -148 9 1
> 11320 1977 211 -38 170 2
> 10970 899 -193 -82 -3 2
! 5807 8436 200 sims=292712 RUNNER
! 19111 6254 0 sims=292712 BLOCKER
> 11825 450 -211 24 127 2
> 10201 1714 -164 -148 9 1
> 11320 1977 211 -38 170 2
> 10970 899 -193 -82 -3 2
! -87706 -11940 200
! 110832 -4334 200
> 11728 523 43 2 127 2
> 10037 1566 -139 -125 27 1
> 11333 1911 11 -55 -172 2
> 10743 917 -319 75 -3 2
! 3536 6259 200 sims=302872 RUNNER
! 19914 3130 0 sims=302872 BLOCKER
> 11728 523 43 2 127 2
> 10037 1566 -139 -125 27 1
> 11333 1911 11 -55 -172 2
> 10743 917 -319 75 -3 2
! -87693 -12006 200
! 107335 26798 0
> 11607 640 -102 99 145 2
> 9817 1513 -288 44 9 1
> 11146 1828 -158 -70 -172 2
> 10505 920 -100 -86 15 2
! 2044 3564 200 sims=297992 RUNNER
! 19694 3077 0 sims=297992 BLOCKER
> 11607 640 -102 99 145 2
> 9817 1513 -288 44 9 1
> 11146 1828 -158 -70 -172 2
> 10505 920 -100 -86 15 2
! -87880 -12089 200
! 94372 55383 0
> 11314 797 -249 133 163 2
> 9529 1557 -244 37 9 1
> 10790 1730 -302 -83 -172 2
> 10405 834 -85 -73 33 2
! 1751 3721 SHIELD sims=278784 RUNNER
! 19406 -7 200 sims=278784 BLOCKER
> 11314 797 -249 133 163 2
> 9529 1557 -244 37 9 1
> 10790 1730 -302 -83 -172 2
> 10405 834 -85 -73 33 2
! -79089 -42107 0
! 73337 78548 0
> 11072 931 -191 115 163 2
> 9483 1563 -39 4 -9 1
> 10488 1647 -256 -70 -154 2
> 10250 751 -277 -90 51 2
! 1074 756 0 sims=266488 RUNNER
! 19360 3127 0 sims=266488 BLOCKER
> 11072 931 -191 115 163 2
> 9483 1563 -39 4 -9 1
> 10488 1647 -256 -70 -154 2
> 10250 751 -277 -90 51 2
! -61446 -67818 200
! 73182 78465 0
> 10924 1017 54 -46 181 2
> 9294 1574 -330 17 9 1
> 10195 1460 -258 -47 -136 2
> 9973 661 -235 -76 51 2
! 926 842 0 sims=287056 RUNNER
! 19171 10 200 sims=287056 BLOCKER
> 10924 1017 54 -46 181 2
> 9294 1574 -330 17 9 1
> 10195 1460 -258 -47 -136 2
> 9973 661 -235 -76 51 2
! -79684 -42377 200
! 72905 78375 200
> 10978 971 45 -39 -179 2
> 9014 1574 -325 8 -9 1
> 9965 1561 -101 100 -154 3
> 9803 491 -150 -168 51 2
! 1415 3895 0 sims=340896 RUNNER
! 18891 3138 0 sims=340896 BLOCKER
> 10978 971 45 -39 -179 2
> 9014 1574 -325 8 -9 1
> 9965 1561 -101 100 -154 3
> 9803 491 -150 -168 51 2
! -89061 -12356 200
! 72735 78205 200
> 11023 932 38 -33 -197 2
> 8689 1582 -276 6 9 1
> 9666 1633 -254 61 -172 3
> 9779 478 -20 -10 51 2
! 1460 3856 200 sims=332752 RUNNER
! 17599 6122 200 sims=332752 BLOCKER
> 11023 932 38 -33 -197 2
> 8689 1582 -276 6 9 1
> 9666 1633 -254 61 -172 3
> 9779 478 -20 -10 51 2
! -88814 18997 200
! 93646 54941 200
> 10870 957 -130 21 163 2
> 8417 1668 -382 63 27 1
> 9389 1740 -84 100 170 3
> 9927 577 125 84 33 2
! 872 782 200 sims=335056 RUNNER
! 15488 8739 0 sims=335056 BLOCKER
> 10870 957 -130 21 163 2
> 8417 1668 -382 63 27 1
> 9389 1740 -84 100 170 3
> 9927 577 125 84 33 2
! -89637 -12177 200
! 93794 55040 200
> 10929 1145 218 233 181 2
> 8035 1731 -324 53 45 1
> 9107 1812 -239 61 -172 3
> 9831 600 -250 -54 33 2
! 1474 -2111 200 sims=343512 RUNNER
! 16945 6271 200 sims=343512 BLOCKER
> 10929 1145 218 233 181 2
> 8035 1731 -324 53 45 1
> 9107 1812 -239 61 -172 3
> 9831 600 -250 -54 33 2
! -80772 -42025 200
! 93698 55063 200
> 10958 1313 24 142 199 2
> 7889 1875 -123 122 27 1
> 8688 1785 -355 -22 -154 3
> 9749 655 -69 46 33 2
! 1503 -1943 200 sims=352048 RUNNER
! 16799 6415 SHIELD sims=352048 BLOCKER
> 10958 1313 24 142 199 2
> 7889 1875 -123 122 27 1
> 8688 1785 -355 -22 -154 3
> 9749 655 -69 46 33 2
! -90338 -12132 0
! 93616 55118 200
> 10793 1390 -140 65 -161 2
> 7728 2001 -137 107 27 1
> 8712 1719 26 -56 -172 3
> 9848 810 83 131 33 2
! 1338 -1866 200 sims=358328 RUNNER
! 14799 9072 0 sims=358328 BLOCKER
> 10793 1390 -140 65 -161 2
> 7728 2001 -137 107 27 1
> 8712 1719 26 -56 -172 3
> 9848 810 83 131 33 2
! -90314 -12198 200
! 93715 55273 200
> 10714 1566 146 299 -161 2
> 7591 2108 -116 90 45 1
> 8540 1635 -146 -71 -172 3
> 9849 874 -212 -95 33 3
! 2728 -4452 200 sims=382280 RUNNER
! 12131 11018 0 sims=382280 BLOCKER
> 10714 1566 146 299 -161 2
> 7591 2108 -116 90 45 1
> 8540 1635 -146 -71 -172 3
> 9849 874 -212 -95 33 3
! -89940 18999 200
! 72781 78588 200
> 10700 1745 -11 151 -143 2
> 7475 2198 -98 76 63 1
> 8197 1599 -291 -30 170 3
> 9763 934 -73 51 51 3
! 2714 -4273 200 sims=357752 RUNNER
! 9039 12075 0 sims=357752 BLOCKER
> 10700 1745 -11 151 -143 2
> 7475 2198 -98 76 63 1
> 8197 1599 -291 -30 170 3
> 9763 934 -73 51 51 3
! -80097 48546 200
! 93630 55397 200
> 10529 1776 -145 26 -143 2
> 7306 2356 -214 216 81 1
> 7801 1580 -266 -97 152 3
> 9858 1094 80 135 33 3
! 2543 -4242 SHIELD sims=374824 RUNNER
! 8870 12233 200 sims=374824 BLOCKER
> 10529 1776 -145 26 -143 2
> 7306 2356 -214 216 81 1
> 7801 1580 -266 -97 152 3
> 9858 1094 80 135 33 3
! -61664 73514 200
! 72790 78808 200
> 10418 1839 -77 71 -143 2
> 7123 2770 -155 351 81 1
> 7396 1627 -344 39 134 3
> 9722 1016 -279 -243 51 3
! 4682 -6353 0 sims=366928 RUNNER
! 11663 11680 0 sims=366928 BLOCKER
> 10418 1839 -77 71 -143 2
> 7123 2770 -155 351 81 1
> 7396 1627 -344 39 134 3
> 9722 1016 -279 -243 51 3
! -36441 91506 200
! 72654 78730 200
> 10341 1910 -65 60 -125 2
> 6968 3121 -131 298 63 1
> 6964 1846 -366 185 116 3
> 9569 928 -130 -74 51 3
! 4605 -6282 0 sims=385968 RUNNER
! 11508 12031 200 sims=385968 BLOCKER
> 10341 1910 -65 60 -125 2
> 6968 3121 -131 298 63 1
> 6964 1846 -366 185 116 3
> 9569 928 -130 -74 51 3
! -62501 73780 200
! 72501 78642 200
> 10276 1970 -55 51 -125 2
> 6928 3597 -34 404 63 1
> 6459 2175 -429 279 134 3
> 9565 1009 -3 69 51 3
! 4540 -6222 0 sims=376008 RUNNER
! 13999 10668 0 sims=376008 BLOCKER
> 10276 1970 -55 51 -125 2
> 6928 3597 -34 404 63 1
> 6459 2175 -429 279 134 3
> 9565 1009 -3 69 51 3
! -63006 74109 200
! 72497 78723 200
> 10221 2021 -46 43 -125 2
> 6894 4001 -28 343 45 1
> 5891 2598 -482 359 134 3
> 9688 1233 104 190 51 3
! 2235 -3997 0 sims=366096 RUNNER
! 11434 12911 0 sims=366096 BLOCKER
> 10221 2021 -46 43 -125 2
> 6894 4001 -28 343 45 1
> 5891 2598 -482 359 134 3
> 9688 1233 104 190 51 3
! -63574 74532 200
! 45524 94591 200
> 10315 2270 152 318 -143 2
> 6866 4344 -23 291 63 1
> 5270 3101 -527 427 134 3
> 9724 1403 -41 38 69 3
! 4579 -5922 200 sims=310984 RUNNER
! 13937 11415 0 sims=310984 BLOCKER
> 10315 2270 152 318 -143 2
> 6866 4344 -23 291 63 1
> 5270 3101 -527 427 134 3
> 9724 1403 -41 38 69 3
! -38567 92980 200
! 72656 79117 0
> 10352 2424 31 131 -125 2
> 6843 4635 -19 247 45 1
> 4655 3708 -522 515 116 3
> 9683 1441 -34 32 51 3
! 4616 -5768 200 sims=381144 RUNNER
! 11383 13545 0 sims=381144 BLOCKER
> 10352 2424 31 131 -125 2
> 6843 4635 -19 247 45 1
> 4655 3708 -522 515 116 3
> 9683 1441 -34 32 51 3
! -9262 102734 0
! 72615 79155 200
> 10268 2391 -71 -27 -125 2
> 6824 4882 -16 209 63 1
> 4133 4223 -443 437 98 0
> 9775 1628 78 159 51 3
! 4532 -5801 SHIELD sims=359656 RUNNER
! 13895 11953 0 sims=359656 BLOCKER
> 10268 2391 -71 -27 -125 2
> 6824 4882 -16 209 63 1
> 4133 4223 -443 437 98 0
> 9775 1628 78 159 51 3
! -9784 103249 0
! 45611 94986 200
> 10229 2413 -23 33 -125 2
> 6808 5091 -13 177 45 1
> 3690 4660 -376 371 98 0
> 9602 1480 -238 -265 69 3
! 4493 -5779 0 sims=398672 RUNNER
! 11348 14001 0 sims=398672 BLOCKER
> 10229 2413 -23 33 -125 2
> 6808 5091 -13 177 45 1
> 3690 4660 -376 371 98 0
> 9602 1480 -238 -265 69 3
! 21054 103140 0
! 72534 79194 200
> 10206 2446 -19 28 -125 2
> 6795 5268 -11 150 63 1
> 3314 5031 -319 315 80 0
> 9490 1370 -95 -93 51 3
! 4470 -5746 0 sims=385640 RUNNER
! 13866 12339 0 sims=385640 BLOCKER
> 10206 2446 -19 28 -125 2
> 6795 5268 -11 150 63 1
> 3314 5031 -319 315 80 0
> 9490 1370 -95 -93 51 3
! 50261 93325 0
! 72422 79084 200
> 10187 2474 -16 23 -125 2
> 6784 5418 -9 127 45 1
> 2995 5346 -271 267 62 0
> 9521 1432 26 53 51 3
! 4451 -5718 0 sims=385256 RUNNER
! 11324 14328 0 sims=385256 BLOCKER
> 10187 2474 -16 23 -125 2
> 6784 5418 -9 127 45 1
> 2995 5346 -271 267 62 0
> 9521 1432 26 53 51 3
! 74929 74811 0
! 72453 79146 200
> 10171 2497 -13 19 -125 2
> 6775 5545 -7 107 63 1
> 2724 5613 -230 226 44 0
> 9673 1640 129 177 51 3
! 2185 -3521 0 sims=361688 RUNNER
! 13846 12616 0 sims=361688 BLOCKER
> 10171 2497 -13 19 -125 2
> 6775 5545 -7 107 63 1
> 2724 5613 -230 226 44 0
> 9673 1640 129 177 51 3
! 92603 49450 0
! 45509 94998 200
> 10264 2702 160 315 -143 2
> 6768 5652 -5 90 45 1
> 2494 5839 -195 192 26 0
> 9767 1818 0 10 69 3
! 4528 -5490 200 sims=385064 RUNNER
! 11308 14562 0 sims=385064 BLOCKER
> 10264 2702 160 315 -143 2
> 6768 5652 -5 90 45 1
> 2494 5839 -195 192 26 0
> 9767 1818 0 10 69 3
! 101520 19756 200
! 15000 101680 0
> 10309 2853 38 128 -125 2
> 6763 5742 -4 76 63 1
> 2497 6059 2 186 8 0
> 9767 1828 0 8 87 3
! 7385 -6710 200 sims=274360 RUNNER
! 13834 12813 200 sims=274360 BLOCKER
> 10309 2853 38 128 -125 2
> 6763 5742 -4 76 63 1
> 2497 6059 2 186 8 0
> 9767 1828 0 8 87 3
! 100977 -11305 200
! 45603 95186 200
> 10289 2790 -17 -53 -107 2
> 6900 5959 116 184 45 1
> 2696 6210 169 128 -10 0
> 9839 2023 60 165 69 3
! 4553 -5402 0 sims=356608 RUNNER
! 11440 14869 0 sims=356608 BLOCKER
> 10289 2790 -17 -53 -107 2
> 6900 5959 116 184 45 1
> 2696 6210 169 128 -10 0
> 9839 2023 60 165 69 3
! 90990 -40737 200
! 72771 79737 200
> 10443 3026 169 265 -125 2
> 7016 6143 98 156 63 1
> 3042 6244 293 28 -28 0
> 9854 2055 -25 -38 51 3
! 2457 -2992 200 sims=372816 RUNNER
! 8580 16020 0 sims=372816 BLOCKER
> 10443 3026 169 265 -125 2
> 7016 6143 98 156 63 1
> 3042 6244 293 28 -28 0
> 9854 2055 -25 -38 51 3
! 91336 -40703 200
! 45690 95413 0
> 10452 3171 7 122 -143 2
> 7114 6299 83 132 81 1
> 3512 6178 399 -56 -28 0
> 9829 2017 -21 -32 69 3
! 4716 -5021 200 sims=378096 RUNNER
! 5550 16176 0 sims=378096 BLOCKER
> 10452 3171 7 122 -143 2
> 7114 6299 83 132 81 1
> 3512 6178 399 -56 -28 0
> 9829 2017 -21 -32 69 3
! 91806 -40769 200
! 15062 101879 0
> 10344 3129 -91 -35 -125 2
> 7197 6431 70 112 99 1
> 4088 6028 489 -127 -28 0
> 9808 1985 -17 -27 87 3
! 7420 -6434 200 sims=392464 RUNNER
! 2657 15341 0 sims=392464 BLOCKER
> 10344 3129 -91 -35 -125 2
> 7197 6431 70 112 99 1
> 4088 6028 489 -127 -28 0
> 9808 1985 -17 -27 87 3
! 102568 -11336 0
! 45644 95343 200
> 10195 2903 -127 -192 -107 2
> 7267 6543 59 95 117 1
> 4577 5901 415 -107 -10 0
> 9863 2145 46 135 69 3
! 7271 -6660 SHIELD sims=374408 RUNNER
! 196 13614 0 sims=374408 BLOCKER
> 10195 2903 -127 -192 -107 2
> 7267 6543 59 95 117 1
> 4577 5901 415 -107 -10 0
> 9863 2145 46 135 69 3
! 103603 19818 200
! 45699 95503 200
> 10107 2801 -72 -82 -107 2
> 7326 6638 50 80 135 1
> 5190 5822 521 -67 8 0
> 9587 1565 -251 -531 69 3
! 4371 -5391 0 sims=328176 RUNNER
! -1584 11178 0 sims=328176 BLOCKER
> 10107 2801 -72 -82 -107 2
> 7326 6638 50 80 135 1
> 5190 5822 521 -67 8 0
> 9587 1565 -251 -531 69 3
! 95069 49659 200
! 45423 94923 200
> 10035 2719 -61 -69 -125 2
> 7376 6718 42 68 153 1
> 5891 5843 595 17 26 0
> 9408 1221 -152 -292 69 3
! 7111 -6844 0 sims=393792 RUNNER
! -2501 8282 0 sims=393792 BLOCKER
> 10035 2719 -61 -69 -125 2
> 7376 6718 42 68 153 1
> 5891 5843 595 17 26 0
> 9408 1221 -152 -292 69 3
! 77824 75308 0
! 45244 94579 200
> 9974 2650 -51 -58 -107 2
> 7418 6786 35 57 171 1
> 6486 5860 505 14 44 0
> 9328 1116 -68 -89 69 3
! 7050 -6913 0 sims=374688 RUNNER
! -2459 5222 0 sims=374688 BLOCKER
> 9974 2650 -51 -58 -107 2
> 7418 6786 35 57 171 1
> 6486 5860 505 14 44 0
> 9328 1116 -68 -89 69 3
! 53433 94154 0
! 45164 94474 200
> 9923 2592 -43 -49 -107 2
> 7453 6843 29 48 -171 1
> 6991 5874 429 11 62 0
> 9332 1214 3 83 69 3
! 6999 -6971 200 sims=306912 RUNNER
! -1457 2303 0 sims=306912 BLOCKER
> 9923 2592 -43 -49 -107 2
> 7453 6843 29 48 -171 1
> 6991 5874 429 11 62 0
> 9332 1214 3 83 69 3
! 24355 104354 0
! 45168 94572 200
> 9822 2352 -86 -204 -107 2
> 7482 6891 24 40 -153 1
> 7420 5885 364 9 80 0
> 9407 1484 63 229 69 3
! 6898 -7211 SHIELD sims=360832 RUNNER
! 411 -180 0 sims=360832 BLOCKER
> 9822 2352 -86 -204 -107 2
> 7482 6891 24 40 -153 1
> 7420 5885 364 9 80 0
> 9407 1484 63 229 69 3
! -6497 104911 200
! 45243 94842 SHIELD
> 9868 2408 101 170 -107 2
> 7506 6931 20 34 -135 1
> 7756 6092 285 175 98 0
> 9338 1453 -120 -149 69 3
! 6944 -7155 0 sims=359488 RUNNER
! 2966 -1979 200 sims=359488 BLOCKER
> 9868 2408 101 170 -107 2
> 7506 6931 20 34 -135 1
> 7756 6092 285 175 98 0
> 9338 1453 -120 -149 69 3
! -36081 95971 200
! 45174 94811 0
> 9969 2578 85 144 -107 2
> 7326 7054 -176 160 -117 1
> 8063 6179 283 18 116 0
> 9218 1304 -102 -126 69 3
! 7045 -6985 0 sims=380096 RUNNER
! 5762 -2823 0 sims=380096 BLOCKER
> 9969 2578 85 144 -107 2
> 7326 7054 -176 160 -117 1
> 8063 6179 283 18 116 0
> 9218 1304 -102 -126 69 3
! -35774 96058 200
! 45054 94662 0
> 10054 2722 72 122 -107 2
> 7150 7214 -149 136 -99 1
> 8258 6377 166 168 116 0
> 9116 1178 -86 -107 69 3
! 4318 -5470 0 sims=384064 RUNNER
! 8714 -2663 0 sims=384064 BLOCKER
> 10054 2722 72 122 -107 2
> 7150 7214 -149 136 -99 1
> 8258 6377 166 168 116 0
> 9116 1178 -86 -107 69 3
! -35579 96256 200
! 72048 78892 0
> 10126 2844 61 103 -125 2
> 7001 7350 -126 115 -81 1
> 8336 6725 66 295 116 0
> 9030 1071 -73 -90 51 3
! 7202 -6719 200 sims=377624 RUNNER
! 11541 -1560 200 sims=377624 BLOCKER
> 10126 2844 61 103 -125 2
> 7001 7350 -126 115 -81 1
> 8336 6725 66 295 116 0
> 9030 1071 -73 -90 51 3
! -5581 105751 200
! 71962 78785 200
> 10129 2756 2 -75 -107 2
> 6966 7287 -29 -53 -63 1
> 8374 7218 32 419 98 0
> 9083 1136 44 55 51 3
! 4393 -5436 200 sims=373464 RUNNER
! 14037 216 200 sims=373464 BLOCKER
> 10129 2756 2 -75 -107 2
> 6966 7287 -29 -53 -63 1
> 8374 7218 32 419 98 0
> 9083 1136 44 55 51 3
! 25738 105698 0
! 72015 78850 200
> 10016 2517 -95 -203 -125 2
> 7078 7093 95 -165 -45 1
> 8406 7637 27 356 80 1
> 9253 1346 144 178 51 3
! 4280 -5675 200 sims=342136 RUNNER
! 15988 2553 200 sims=342136 BLOCKER
> 10016 2517 -95 -203 -125 2
> 7078 7093 95 -165 -45 1
> 8406 7637 27 356 80 1
> 9253 1346 144 178 51 3
! 55353 95931 0
! 72185 79060 200
> 9939 2362 204 298 -125 2
> 7351 6837 232 -217 -27 1
> 8433 7993 22 302 62 1
> 9390 1467 -153 -327 51 3
! 4203 -5830 200 sims=349424 RUNNER
! 17228 5273 200 sims=349424 BLOCKER
> 9939 2362 204 298 -125 2
> 7351 6837 232 -217 -27 1
> 8433 7993 22 302 62 1
> 9390 1467 -153 -327 51 3
! 80367 77458 0
! 72322 79181 200
> 10028 2496 75 114 -125 2
> 7781 6589 365 -211 -9 1
> 8455 8295 18 256 44 1
> 9363 1295 -23 -145 51 3
! 4292 -5696 200 sims=323136 RUNNER
! 17658 5025 200 sims=323136 BLOCKER
> 10028 2496 75 114 -125 2
> 7781 6589 365 -211 -9 1
> 8455 8295 18 256 44 1
> 9363 1295 -23 -145 51 3
! 98334 52132 0
! 45199 94653 200
> 9988 2446 -33 -42 -125 2
> 8344 6347 478 -205 -9 1
> 8473 8551 15 217 26 1
> 9412 1337 41 35 69 3
! 7064 -7117 200 sims=339416 RUNNER
! 18221 7911 0 sims=339416 BLOCKER
> 9988 2446 -33 -42 -125 2
> 8344 6347 478 -205 -9 1
> 8473 8551 15 217 26 1
> 9412 1337 41 35 69 3
! 107499 22468 200
! 45248 94695 200
> 9920 2254 128 169 -107 2
> 8822 6142 406 -174 9 1
> 8686 8796 181 208 8 1
> 9501 1517 -110 -179 69 3
! 4184 -5938 200 sims=333120 RUNNER
! 18699 4578 0 sims=333120 BLOCKER
> 9920 2254 128 169 -107 2
> 8822 6142 406 -174 9 1
> 8686 8796 181 208 8 1
> 9501 1517 -110 -179 69 3
! 107166 -8568 200
! 72433 79231 200
> 9933 2259 11 4 -125 2
> 9228 5968 345 -147 -9 1
> 9064 8969 321 147 -10 1
> 9517 1493 13 -20 51 3
! 4197 -5933 200 sims=309216 RUNNER
! 19105 7532 0 sims=309216 BLOCKER
> 9933 2259 11 4 -125 2
> 9228 5968 345 -147 -9 1
> 9064 8969 321 147 -10 1
> 9517 1493 13 -20 51 3
! 97358 -37978 200
! 45353 94851 200
> 9974 2368 64 145 -125 2
> 9573 5821 293 -124 9 1
> 9562 9022 422 45 -28 1
> 9457 1391 -80 -140 69 3
! 7050 -7195 200 sims=352784 RUNNER
! 18483 10361 200 sims=352784 BLOCKER
> 9974 2368 64 145 -125 2
> 9573 5821 293 -124 9 1
> 9562 9022 422 45 -28 1
> 9457 1391 -80 -140 69 3
! 79027 -62912 BOOST
! 45293 94749 200
> 9980 2322 4 -39 -107 2
> 10044 5788 400 -28 27 1
> 10436 8599 742 -359 -46 1
> 9449 1438 -7 39 69 3
! 4244 -5870 200 sims=314816 RUNNER
! 19921 7352 200 sims=314816 BLOCKER
> 9980 2322 4 -39 -107 2
> 10044 5788 400 -28 27 1
> 10436 8599 742 -359 -46 1
> 9449 1438 -7 39 69 3
! 54273 -81280 200
! 72381 79152 200
> 9987 2314 108 160 -125 2
> 10642 5791 507 2 9 1
> 11266 8060 705 -457 -64 1
> 9450 1438 -101 -167 51 3
! 4251 -5878 200 sims=343640 RUNNER
! 19552 10331 200 sims=343640 BLOCKER
> 9987 2314 108 160 -125 2
> 10642 5791 507 2 9 1
> 11266 8060 705 -457 -64 1
> 9450 1438 -101 -167 51 3
! 25183 -90966 0
! 72382 79152 200
> 9980 2310 -5 -3 -125 2
> 11327 5884 582 78 27 1
> 11971 7603 599 -388 -82 1
> 9475 1426 21 -9 51 3
! 4244 -5882 200 sims=336824 RUNNER
! 18398 12955 200 sims=336824 BLOCKER
> 9980 2310 -5 -3 -125 2
> 11327 5884 582 78 27 1
> 11971 7603 599 -388 -82 1
> 9475 1426 21 -9 51 3
! -5393 -90877 200
! 45311 94784 200
> 9951 2306 66 158 -125 2
> 12050 6103 614 186 45 1
> 12535 7018 479 -497 -100 1
> 9477 1441 -89 -148 69 3
! 7027 -7257 200 sims=347216 RUNNER
! 19121 13174 SHIELD sims=347216 BLOCKER
> 9951 2306 66 158 -125 2
> 12050 6103 614 186 45 1
> 12535 7018 479 -497 -100 1
> 9477 1441 -89 -148 69 3
! -34412 -81276 200
! 45313 94799 200
> 9959 2273 6 -28 -107 2
> 12605 6194 452 46 45 1
> 13513 7298 1021 544 -118 1
> 9460 1480 -14 32 69 3
! 4223 -5919 200 sims=344976 RUNNER
! 17145 15104 0 sims=344976 BLOCKER
> 9959 2273 6 -28 -107 2
> 12605 6194 452 46 45 1
> 13513 7298 1021 544 -118 1
> 9460 1480 -14 32 69 3
! -58421 -62167 200
! 72392 79194 200
> 10012 2335 107 151 -125 2
> 13057 6240 384 39 63 1
> 14390 7703 745 344 -136 1
> 9410 1413 -105 -154 51 3
! 4276 -5857 200 sims=365520 RUNNER
! 14621 16117 0 sims=365520 BLOCKER
> 10012 2335 107 151 -125 2
> 13057 6240 384 39 63 1
> 14390 7703 745 344 -136 1
> 9410 1413 -105 -154 51 3
! -75489 -36134 200
! 72342 79127 200
> 10004 2322 -6 -10 -125 2
> 13441 6279 326 33 81 1
> 14955 7959 480 217 -154 1
> 9431 1414 17 1 51 3
! 4268 -5870 200 sims=368456 RUNNER
! 15005 16156 0 sims=368456 BLOCKER
> 10004 2322 -6 -10 -125 2
> 13441 6279 326 33 81 1
> 14955 7959 480 217 -154 1
> 9431 1414 17 1 51 3
! -74924 -35878 200
! 45267 94772 200
> 9962 2269 90 149 -125 2
> 13767 6312 277 28 81 1
> 15255 8088 255 109 -154 1
> 9441 1481 -117 -137 69 3
! 4226 -5923 200 sims=364624 RUNNER
! 15331 16189 200 sims=364624 BLOCKER
> 9962 2269 90 149 -125 2
> 13767 6312 277 28 81 1
> 15255 8088 255 109 -154 1
> 9441 1481 -117 -137 69 3
! -56679 -61377 200
! 72373 79195 200
> 9937 2254 -21 -12 -125 2
> 14075 6538 262 191 81 1
> 15366 8058 94 -25 -136 1
> 9450 1499 7 15 51 3
! 4201 -5938 200 sims=293440 RUNNER
! 18615 15448 0 sims=293440 BLOCKER
> 9937 2254 -21 -12 -125 2
> 14075 6538 262 191 81 1
> 15366 8058 94 -25 -136 1
> 9450 1499 7 15 51 3
! -31581 -80236 200
! 72382 79213 200
> 9981 2364 82 164 -125 2
> 14337 6729 222 162 63 1
> 15366 7856 0 -171 -118 1
> 9403 1384 -84 -168 51 3
! 4245 -5828 200 sims=348008 RUNNER
! 21408 13800 0 sims=348008 BLOCKER
> 9981 2364 82 164 -125 2
> 14337 6729 222 162 63 1
> 15366 7856 0 -171 -118 1
> 9403 1384 -84 -168 51 3
! -56568 -61609 200
! 45239 94742 200
> 9948 2364 -27 0 -125 2
> 14559 6891 188 137 45 1
> 15222 7546 -122 -263 -136 1
> 9391 1403 -10 15 69 3
! 4212 -5828 200 sims=352392 RUNNER
! 21630 13962 SHIELD sims=352392 BLOCKER
> 9948 2364 -27 0 -125 2
> 14559 6891 188 137 45 1
> 15222 7546 -122 -263 -136 1
> 9391 1403 -10 15 69 3
! -56712 -61919 0
! 72323 79117 200
> 9855 2294 40 174 -125 2
> 14698 6982 103 63 45 1
> 15587 7743 457 307 -136 1
> 9459 1479 -62 -168 51 3
! 6931 -7269 200 sims=360168 RUNNER
! 23608 11522 0 sims=360168 BLOCKER
> 9855 2294 40 174 -125 2
> 14698 6982 103 63 45 1
> 15587 7743 457 307 -136 1
> 9459 1479 -62 -168 51 3
! -56347 -61722 200
! 45295 94837 200
> 9837 2277 -15 -14 -107 2
> 14801 7045 87 53 27 1
> 15900 7911 266 142 -136 1
> 9469 1498 8 15 69 3
! 6913 -7286 200 sims=343464 RUNNER
! 24678 8609 0 sims=343464 BLOCKER
> 9837 2277 -15 -14 -107 2
> 14801 7045 87 53 27 1
> 15900 7911 266 142 -136 1
> 9469 1498 8 15 69 3
! -73979 -35926 0
! 45305 94856 200
> 9924 2407 96 157 -107 2
> 14888 7098 73 45 9 1
> 16166 8053 226 120 -154 1
> 9388 1365 -91 -160 69 3
! 7000 -7156 200 sims=356672 RUNNER
! 23798 11638 0 sims=356672 BLOCKER
> 9924 2407 96 157 -107 2
> 14888 7098 73 45 9 1
> 16166 8053 226 120 -154 1
> 9388 1365 -91 -160 69 3
! -73713 -35784 200
! 72320 79079 200
> 9962 2373 31 -29 -107 2
> 14961 7143 62 38 27 1
> 16212 8085 39 27 -154 1
> 9423 1360 29 -3 51 3
! 4226 -5819 200 sims=294368 RUNNER
! 22032 14214 0 sims=294368 BLOCKER
> 9962 2373 31 -29 -107 2
> 14961 7143 62 38 27 1
> 16212 8085 39 27 -154 1
> 9423 1360 29 -3 51 3
! -55722 -61380 200
! 72355 79074 200
> 9907 2242 78 154 -125 2
> 15023 7181 52 32 45 1
> 16107 7973 -89 -95 -136 1
> 9549 1451 -17 -188 51 3
! 4171 -5950 200 sims=341856 RUNNER
! 23933 11721 0 sims=341856 BLOCKER
> 9907 2242 78 154 -125 2
> 15023 7181 52 32 45 1
> 16107 7973 -89 -95 -136 1
> 9549 1451 -17 -188 51 3
! -30840 -80321 200
! 45385 94809 200
> 9870 2232 -31 -8 -125 2
> 15075 7213 44 27 27 1
> 15924 7701 -155 -230 -118 1
> 9604 1450 46 -1 69 3
! 6946 -7331 200 sims=327144 RUNNER
! 24952 8777 200 sims=327144 BLOCKER
> 9870 2232 -31 -8 -125 2
> 15075 7213 44 27 27 1
> 15924 7701 -155 -230 -118 1
> 9604 1450 46 -1 69 3
! -31023 -80593 200
! 14837 101312 200
> 9908 2409 39 171 -107 2
> 14897 7060 -285 -198 9 1
> 16094 7506 279 -97 -118 1
> 9533 1272 -67 -172 87 3
! 6984 -7154 200 sims=356608 RUNNER
! 24774 5496 0 sims=356608 BLOCKER
> 9908 2409 39 171 -107 2
> 14897 7060 -285 -198 9 1
> 16094 7506 279 -97 -118 1
> 9533 1272 -67 -172 87 3
! -55840 -61959 200
! 14766 101134 200
> 9889 2389 -16 -17 -107 2
> 14612 6862 -242 -168 -9 1
> 16229 7270 114 -200 -136 1
> 9476 1300 -48 23 87 3
! 6965 -7174 200 sims=340440 RUNNER
! 24489 5298 200 sims=340440 BLOCKER
> 9889 2389 -16 -17 -107 2
> 14612 6862 -242 -168 -9 1
> 16229 7270 114 -200 -136 1
> 9476 1300 -48 23 87 3
! -73650 -36567 200
! 45312 94658 200
> 9839 2234 83 149 -107 2
> 14568 6663 -37 -169 -9 1
> 16163 6982 -55 -244 -154 1
> 9475 1456 -126 -148 69 3
! 6915 -7329 200 sims=335392 RUNNER
! 24445 8227 0 sims=335392 BLOCKER
> 9839 2234 83 149 -107 2
> 14568 6663 -37 -169 -9 1
> 16163 6982 -55 -244 -154 1
> 9475 1456 -126 -148 69 3
! -82863 -6935 200
! 72407 79170 200
> 9864 2192 20 -35 -107 2
> 14531 6494 -31 -143 9 1
> 15910 6710 -215 -231 -172 1
> 9475 1463 0 6 51 3
! 4128 -6000 200 sims=323808 RUNNER
! 24408 8058 200 sims=323808 BLOCKER
> 9864 2192 20 -35 -107 2
> 14531 6494 -31 -143 9 1
> 15910 6710 -215 -231 -172 1
> 9475 1463 0 6 51 3
! -73969 -37127 0
! 45311 94821 200
> 9957 2343 89 148 -125 2
> 14698 6382 141 -94 9 1
> 15695 6479 -182 -196 -154 1
> 9359 1306 -109 -153 69 3
! 7033 -7220 200 sims=344416 RUNNER
! 24575 7946 SHIELD sims=344416 BLOCKER
> 9957 2343 89 148 -125 2
> 14698 6382 141 -94 9 1
> 15695 6479 -182 -196 -154 1
> 9359 1306 -109 -153 69 3
! -83331 -7438 0
! 72291 79020 200
> 9988 2300 25 -36 -107 2
> 14816 6287 69 -82 9 1
> 15743 6293 350 -144 -172 1
> 9376 1308 14 2 51 3
! 4252 -5892 200 sims=343520 RUNNER
! 24693 4723 0 sims=343520 BLOCKER
> 9988 2300 25 -36 -107 2
> 14816 6287 69 -82 9 1
> 15743 6293 350 -144 -172 1
> 9376 1308 14 2 51 3
! -74136 -37544 200
! 72308 79022 200
> 9929 2151 110 138 -125 2
> 14885 6205 58 -69 -9 1
> 15913 6061 144 -196 -154 1
> 9485 1415 -67 -174 51 3
! 4193 -6041 200 sims=334368 RUNNER
! 23795 1665 0 sims=334368 BLOCKER
> 9929 2151 110 138 -125 2
> 14885 6205 58 -69 -9 1
> 15913 6061 144 -196 -154 1
> 9485 1415 -67 -174 51 3
! -83113 -7856 200
! 45321 94773 200
> 9924 2125 -4 -21 -125 2
> 14943 6136 49 -58 -27 1
> 15859 5837 -45 -190 -172 1
> 9490 1428 3 10 69 3
! 4188 -6067 200 sims=294984 RUNNER
! 22014 -935 0 sims=294984 BLOCKER
> 9924 2125 -4 -21 -125 2
> 14943 6136 49 -58 -27 1
> 15859 5837 -45 -190 -172 1
> 9490 1428 3 10 69 3
! -82621 23201 200
! 72422 79142 200
> 10020 2286 90 152 -125 2
> 14933 6109 -129 39 -45 1
> 15676 5651 -34 -220 170 1
> 9404 1248 -82 -168 51 3
! 4284 -5906 200 sims=303752 RUNNER
! 19473 -2801 200 sims=303752 BLOCKER
> 10020 2286 90 152 -125 2
> 14933 6109 -129 39 -45 1
> 15676 5651 -34 -220 170 1
> 9404 1248 -82 -168 51 3
! -82804 23015 200
! 45240 94606 200
> 9995 2274 -21 -10 -125 2
> 14829 6020 -156 -24 -63 1
> 15511 5416 -72 -251 170 1
> 9394 1267 -8 15 69 3
! 4259 -5918 200 sims=295280 RUNNER
! 19369 -2890 200 sims=295280 BLOCKER
> 9995 2274 -21 -10 -125 2
> 14829 6020 -156 -24 -63 1
> 15511 5416 -72 -251 170 1
> 9394 1267 -8 15 69 3
! -72783 52363 200
! 72326 78981 200
> 9884 2146 54 169 -125 2
> 14719 5864 -174 -49 -63 1
> 15307 5213 -92 -255 152 1
> 9487 1392 -69 -172 51 3
! 6960 -7417 200 sims=271696 RUNNER
! 19259 -3046 200 sims=271696 BLOCKER
> 9884 2146 54 169 -125 2
> 14719 5864 -174 -49 -63 1
> 15307 5213 -92 -255 152 1
> 9487 1392 -69 -172 51 3
! -54158 77147 200
! 45323 94750 200
> 9880 2124 -3 -18 -107 2
> 14554 5730 -189 -57 -63 1
> 15157 5009 -77 -230 134 1
> 9490 1407 2 12 69 3
! 4144 -6068 200 sims=285224 RUNNER
! 19094 -3180 200 sims=285224 BLOCKER
> 9880 2124 -3 -18 -107 2
> 14554 5730 -189 -57 -63 1
> 15157 5009 -77 -230 134 1
> 9490 1407 2 12 69 3
! -54308 76943 200
! 45326 94765 200
> 9958 2302 73 163 -125 2
> 14419 5538 -201 -60 -63 1
> 14978 4880 -65 -212 134 1
> 9368 1246 -110 -148 69 3
! 4222 -5890 200 sims=304416 RUNNER
! 21490 -1533 200 sims=304416 BLOCKER
> 9958 2302 73 163 -125 2
> 14419 5538 -201 -60 -63 1
> 14978 4880 -65 -212 134 1
> 9368 1246 -110 -148 69 3
! -54487 76814 0
! 45204 94604 200
> 9916 2301 -35 0 -125 2
> 14359 5337 -50 -171 -45 1
> 14913 4668 -55 -180 134 1
> 9330 1285 -32 32 69 3
! 6992 -7262 200 sims=327144 RUNNER
! 21430 -1734 200 sims=327144 BLOCKER
> 9916 2301 -35 0 -125 2
> 14359 5337 -50 -171 -45 1
> 14913 4668 -55 -180 134 1
> 9330 1285 -32 32 69 3
! -28924 94547 200
! 45166 94643 200
> 9848 2145 124 120 -107 2
> 14245 5271 -134 -11 -45 1
> 14976 4421 91 -254 116 1
> 9344 1468 -170 -97 69 3
! 4112 -6047 200 sims=337648 RUNNER
! 21316 -1800 200 sims=337648 BLOCKER
> 9848 2145 124 120 -107 2
> 14245 5271 -134 -11 -45 1
> 14976 4421 91 -254 116 1
> 9344 1468 -170 -97 69 3
! -54489 76355 200
! 72276 79182 200
> 9857 2101 7 -37 -125 2
> 14252 5119 6 -129 -45 1
> 14928 4311 -40 -93 134 1
> 9300 1526 -37 49 51 3
! 4121 -6091 200 sims=318176 RUNNER
! 18792 -3791 0 sims=318176 BLOCKER
> 9857 2101 7 -37 -125 2
> 14252 5119 6 -129 -45 1
> 14928 4311 -40 -93 134 1
> 9300 1526 -37 49 51 3
! -73366 51258 200
! 93167 55989 200
