@ 0 YurkovAS
@ 1 reCurse
CP 4
CP 12459 1330
CP 10540 6004
CP 3594 5193
CP 13588 7614
> 12922 1520 0 0 -1 1
> 11996 1140 0 0 -1 1
> 13847 1900 0 0 -1 1
> 11071 760 0 0 -1 1
! 11014 11336 BOOST sims=270746 RUNNER
! 8906 10651 BOOST sims=270746 BLOCKER
> 12922 1520 0 0 -1 1
> 11996 1140 0 0 -1 1
> 13847 1900 0 0 -1 1
> 11071 760 0 0 -1 1
! -21764 95344 200
! 996 100251 200
> 12798 2158 -105 542 101 1
> 11795 1758 -170 525 108 1
> 13776 2087 -60 158 111 1
> 11051 959 -17 169 96 1
! 7950 10904 200 sims=352541 RUNNER
! 11795 11758 0 sims=352541 BLOCKER
> 12798 2158 -105 542 101 1
> 11795 1758 -170 525 108 1
> 13776 2087 -60 158 111 1
> 11051 959 -17 169 96 1
! -49155 79801 200
! -29622 92313 200
> 12596 2875 -171 609 119 1
> 11625 2283 -144 446 90 1
> 13591 2401 -157 266 129 1
> 10953 1311 -83 299 114 1
! 5282 9695 200 sims=314909 RUNNER
! 14715 11794 0 sims=314909 BLOCKER
> 12596 2875 -171 609 119 1
> 11625 2283 -144 446 90 1
> 13591 2401 -157 266 129 1
> 10953 1311 -83 299 114 1
! -49340 80115 200
! -55960 75625 200
> 12279 3620 -269 633 137 1
> 11481 2729 -122 379 72 1
> 13308 2822 -240 358 129 1
> 10737 1759 -183 380 132 1
! 3216 7846 200 sims=310702 RUNNER
! 17359 10819 0 sims=310702 BLOCKER
> 12279 3620 -269 633 137 1
> 11481 2729 -122 379 72 1
> 13308 2822 -240 358 129 1
> 10737 1759 -183 380 132 1
! -49623 80536 200
! -56176 76073 200
> 11829 4338 -382 609 155 1
> 11359 3108 -103 322 54 1
> 12942 3335 -310 436 129 1
> 10420 2288 -269 449 132 1
! 1904 5557 200 sims=307440 RUNNER
! 17237 11198 200 sims=307440 BLOCKER
> 11829 4338 -382 609 155 1
> 11359 3108 -103 322 54 1
> 12942 3335 -310 436 129 1
> 10420 2288 -269 449 132 1
! -70925 57798 200
! -56493 76602 200
> 11248 4971 -493 538 173 1
> 11374 3592 12 411 54 1
> 12464 3880 -406 463 147 1
> 10017 2886 -342 507 132 1
! 1432 3063 200 sims=304822 RUNNER
! 19464 9470 0 sims=304822 BLOCKER
> 11248 4971 -493 538 173 1
> 11374 3592 12 411 54 1
> 12464 3880 -406 463 147 1
> 10017 2886 -342 507 132 1
! -84128 29761 SHIELD
! -30656 94240 200
> 10559 5471 -585 424 191 2
> 11308 3967 -493 118 36 1
> 12066 4347 -294 416 165 1
> 9594 3576 -359 586 114 1
! 634 6690 200 sims=303429 RUNNER
! 17186 12057 200 sims=303429 BLOCKER
> 10559 5471 -585 424 191 2
> 11308 3967 -493 118 36 1
> 12066 4347 -294 416 165 1
> 9594 3576 -359 586 114 1
! -71801 58810 0
! -31079 94930 200
> 9775 5919 -665 381 173 2
> 10933 4247 -319 237 54 1
> 11772 4763 -249 353 147 1
> 9154 4345 -374 653 114 1
! -150 7138 200 sims=313243 RUNNER
! 14023 13758 200 sims=313243 BLOCKER
> 9775 5919 -665 381 173 2
> 10933 4247 -319 237 54 1
> 11772 4763 -249 353 147 1
> 9154 4345 -374 653 114 1
! -84820 30644 0
! -57759 78659 200
> 8911 6324 -733 344 173 2
> 10676 4674 -218 363 72 1
> 11523 5116 -211 300 165 1
> 8646 5147 -431 681 132 1
! -905 4416 200 sims=180250 RUNNER
! 16554 12764 200 sims=180250 BLOCKER
> 8911 6324 -733 344 173 2
> 10676 4674 -218 363 72 1
> 11523 5116 -211 300 165 1
> 8646 5147 -431 681 132 1
! -88339 -117 SHIELD
! -77956 55147 200
> 7983 6729 -786 666 191 2
> 10519 5179 -344 357 54 1
> 11318 5418 -153 263 -177 1
> 8041 5829 -517 257 150 1
! -763 1881 200 sims=343770 RUNNER
! 18609 11057 200 sims=343770 BLOCKER
> 7983 6729 -786 666 191 2
> 10519 5179 -344 357 54 1
> 11318 5418 -153 263 -177 1
> 8041 5829 -517 257 150 1
! -82040 -30418 0
! -89773 26620 0
> 7022 7298 -816 483 209 2
> 10337 5654 -154 403 36 2
> 11165 5681 -130 223 -159 1
> 7524 6086 -439 218 168 1
! 202 -16 200 sims=362411 RUNNER
! 19848 8744 200 sims=362411 BLOCKER
> 7022 7298 -816 483 209 2
> 10337 5654 -154 403 36 2
> 11165 5681 -130 223 -159 1
> 7524 6086 -439 218 168 1
! -66549 -57250 0
! -91928 -4366 0
> 6070 7635 -809 286 227 2
> 10206 6122 -140 398 18 2
> 11202 5901 60 186 -141 1
> 7085 6304 -373 185 -174 1
! 1844 -1428 200 sims=295365 RUNNER
! 20206 6122 0 sims=295365 BLOCKER
> 6070 7635 -809 286 227 2
> 10206 6122 -140 398 18 2
> 11202 5901 60 186 -141 1
> 7085 6304 -373 185 -174 1
! -82156 -29935 0
! -84269 -34369 200
> 5176 7740 -759 89 245 2
> 10066 6520 -119 338 0 2
> 11262 6087 51 158 -159 1
> 6529 6408 -472 88 -156 1
! 3957 -2185 200 sims=371434 RUNNER
! 19577 3430 0 sims=371434 BLOCKER
> 5176 7740 -759 89 245 2
> 10066 6520 -119 338 0 2
> 11262 6087 51 158 -159 1
> 6529 6408 -472 88 -156 1
! -82096 -29749 200
! -84825 -34265 0
> 4393 7630 -665 -93 -97 2
> 9947 6858 -101 287 -18 2
> 11126 6173 -115 73 -159 1
> 6057 6496 -401 74 -156 1
! 6301 -2186 200 sims=378847 RUNNER
! 18037 980 0 sims=378847 BLOCKER
> 4393 7630 -665 -93 -97 2
> 9947 6858 -101 287 -18 2
> 11126 6173 -115 73 -159 1
> 6057 6496 -401 74 -156 1
! -82232 -29663 200
! -85297 -34177 200
> 3766 7341 -532 -245 -79 2
> 9846 7145 -85 243 -36 2
> 10824 6174 -256 1 -159 2
> 5473 6489 -496 -6 -156 1
! 8614 -1405 200 sims=380520 RUNNER
! 15724 -945 0 sims=380520 BLOCKER
> 3766 7341 -532 -245 -79 2
> 9846 7145 -85 243 -36 2
> 10824 6174 -256 1 -159 2
> 5473 6489 -496 -6 -156 1
! -89038 940 200
! -85881 -34184 200
> 3331 6921 -369 -356 -61 2
> 9761 7388 -72 206 -54 2
> 10368 6165 -387 -8 -177 2
> 4794 6402 -576 -74 -156 1
! 10645 101 0 sims=369936 RUNNER
! 12851 -2123 0 sims=369936 BLOCKER
> 3331 6921 -369 -356 -61 2
> 9761 7388 -72 206 -54 2
> 10368 6165 -387 -8 -177 2
> 4794 6402 -576 -74 -156 1
! -82990 -29671 200
! -86560 -34271 200
> 2962 6565 -313 -302 -43 2
> 9689 7594 -61 175 -72 2
> 9794 6085 -487 -67 -159 2
> 4035 6247 -644 -132 -156 1
! 12025 2339 0 sims=369320 RUNNER
! 15567 -496 200 sims=369320 BLOCKER
> 2962 6565 -313 -302 -43 2
> 9689 7594 -61 175 -72 2
> 9794 6085 -487 -67 -159 2
> 4035 6247 -644 -132 -156 1
! -90068 851 200
! -87319 -34426 0
> 2607 6272 -564 -192 -25 2
> 9746 7607 48 11 -54 2
> 9107 6008 -583 -65 -177 2
> 3433 6106 -248 -176 -156 1
! 12532 5053 200 sims=347508 RUNNER
! 17836 1729 0 sims=347508 BLOCKER
> 2607 6272 -564 -192 -25 2
> 9746 7607 48 11 -54 2
> 9107 6008 -583 -65 -177 2
> 3433 6106 -248 -176 -156 1
! -90755 774 200
! -96019 -4346 0
> 2242 6056 -310 -183 -7 2
> 9794 7618 40 9 -36 2
> 8324 5933 -665 -64 -177 2
> 3185 5930 -210 -149 -174 1
! 12058 7964 200 sims=351379 RUNNER
! 19305 4528 200 sims=351379 BLOCKER
> 2242 6056 -310 -183 -7 2
> 9794 7618 40 9 -36 2
> 8324 5933 -665 -64 -177 2
> 3185 5930 -210 -149 -174 1
! -91538 699 200
! -94629 26721 0
> 2128 5911 -96 -123 11 2
> 10024 7565 195 -44 -18 2
> 7459 5859 -735 -63 -177 2
> 2975 5781 -178 -126 168 1
! 10874 10759 200 sims=324590 RUNNER
! 20024 7565 0 sims=324590 BLOCKER
> 2128 5911 -96 -123 11 2
> 10024 7565 195 -44 -18 2
> 7459 5859 -735 -63 -177 2
> 2975 5781 -178 -126 168 1
! -85899 -29977 200
! -83627 55781 0
> 2031 5920 -130 16 29 2
> 10219 7521 165 -37 0 2
> 6537 5724 -783 -114 -159 2
> 2973 5620 45 -145 150 1
! 11847 7828 0 sims=365421 RUNNER
! 19730 10611 0 sims=365421 BLOCKER
> 2031 5920 -130 16 29 2
> 10219 7521 165 -37 0 2
> 6537 5724 -783 -114 -159 2
> 2973 5620 45 -145 150 1
! -93325 490 200
! -63940 79934 200
> 1901 5936 -110 13 11 2
> 10384 7484 140 -31 18 2
> 5554 5600 -835 -105 -177 2
> 2884 5624 -75 3 132 1
! 10647 10784 200 sims=336084 RUNNER
! 20384 7484 0 sims=336084 BLOCKER
> 1901 5936 -110 13 11 2
> 10384 7484 140 -31 18 2
> 5554 5600 -835 -105 -177 2
> 2884 5624 -75 3 132 1
! -91038 31481 0
! -64029 79938 200
> 1927 6060 -161 173 29 2
> 10524 7453 119 -26 0 2
> 4719 5495 -709 -89 165 2
> 2714 5761 38 49 132 1
! 11743 7968 0 sims=339829 RUNNER
! 20035 10543 0 sims=339829 BLOCKER
> 1927 6060 -161 173 29 2
> 10524 7453 119 -26 0 2
> 4719 5495 -709 -89 165 2
> 2714 5761 38 49 132 1
! -79148 59958 200
! -37959 97115 SHIELD
> 1766 6233 -136 147 11 2
> 10643 7427 101 -22 18 2
> 3842 5515 -745 16 147 3
> 2752 5810 32 41 114 1
! 11691 5014 0 sims=356944 RUNNER
! 20643 7427 0 sims=356944 BLOCKER
> 1766 6233 -136 147 11 2
> 10643 7427 101 -22 18 2
> 3842 5515 -745 16 147 3
> 2752 5810 32 41 114 1
! -59090 83229 200
! -7700 105262 0
> 1546 6425 -631 399 -7 2
> 10744 7405 85 -18 0 2
> 3514 5510 -13 -90 129 3
> 2325 5983 -184 -3 96 1
! 10609 2199 200 sims=386001 RUNNER
! 20255 10495 0 sims=386001 BLOCKER
> 1546 6425 -631 399 -7 2
> 10744 7405 85 -18 0 2
> 3514 5510 -13 -90 129 3
> 2325 5983 -184 -3 96 1
! -80353 59973 0
! 23116 103797 0
> 1096 6739 -382 267 -25 2
> 10829 7387 72 -15 18 2
> 3501 5420 -11 -76 147 3
> 2141 5980 -156 -2 78 1
! 8410 -81 200 sims=384916 RUNNER
! 20829 7387 0 sims=384916 BLOCKER
> 1096 6739 -382 267 -25 2
> 10829 7387 72 -15 18 2
> 3501 5420 -11 -76 147 3
> 2141 5980 -156 -2 78 1
! -59431 83134 0
! 52141 92582 0
> 860 6870 -200 111 -43 2
> 10901 7372 61 -12 0 2
> 3490 5344 -9 -64 129 3
> 1985 5978 -132 -1 60 1
! 8174 50 200 sims=385028 RUNNER
! 20412 10462 0 sims=385028 BLOCKER
> 860 6870 -200 111 -43 2
> 10901 7372 61 -12 0 2
> 3490 5344 -9 -64 129 3
> 1985 5978 -132 -1 60 1
! -80377 59807 0
! 51985 92580 0
> 806 6845 -45 -21 -43 2
> 10962 7360 51 -10 18 2
> 3481 5280 -7 -54 147 3
> 1853 5977 -112 0 60 1
! 8120 25 200 sims=372778 RUNNER
! 20962 7360 0 sims=372778 BLOCKER
> 806 6845 -45 -21 -43 2
> 10962 7360 51 -10 18 2
> 3481 5280 -7 -54 147 3
> 1853 5977 -112 0 60 1
! -93111 31161 200
! 76167 72890 0
> 907 6688 86 -133 -43 2
> 11013 7350 43 -8 0 2
> 3281 5278 -170 -1 165 3
> 1741 5977 -95 0 42 1
! 9970 2462 0 sims=320222 RUNNER
! 20524 10440 0 sims=320222 BLOCKER
> 907 6688 86 -133 -43 2
> 11013 7350 43 -8 0 2
> 3281 5278 -170 -1 165 3
> 1741 5977 -95 0 42 1
! -80586 59741 0
! 93095 46650 SHIELD
> 993 6555 73 -113 -25 2
> 11056 7342 36 -6 18 2
> 3111 5277 -144 0 147 3
> 1646 5977 -80 0 24 1
! 10056 2329 200 sims=336294 RUNNER
! 21056 7342 0 sims=336294 BLOCKER
> 993 6555 73 -113 -25 2
> 11056 7342 36 -6 18 2
> 3111 5277 -144 0 147 3
> 1646 5977 -80 0 24 1
! -59821 82991 0
! 93000 46650 0
> 1020 6566 -21 50 -25 2
> 11092 7336 30 -5 0 2
> 2967 5277 -122 0 129 3
> 1793 5769 170 -218 24 1
! 10083 2340 200 sims=356195 RUNNER
! 20603 10426 0 sims=356195 BLOCKER
> 1020 6566 -21 50 -25 2
> 11092 7336 30 -5 0 2
> 2967 5277 -122 0 129 3
> 1793 5769 170 -218 24 1
! -80900 59740 200
! 93147 46442 SHIELD
> 1180 6531 136 -29 -25 2
> 11122 7331 25 -4 18 2
> 2796 5354 542 -118 147 3
> 1951 5554 65 -164 24 1
! 8494 -289 200 sims=380905 RUNNER
! 21122 7331 0 sims=380905 BLOCKER
> 1180 6531 136 -29 -25 2
> 11122 7331 25 -4 18 2
> 2796 5354 542 -118 147 3
> 1951 5554 65 -164 24 1
! -81071 59817 200
! 93305 46227 0
> 1462 6366 239 -140 -43 2
> 11147 7327 21 -3 0 2
> 3170 5345 318 -7 147 3
> 2016 5390 55 -139 24 1
! 8776 -454 200 sims=361634 RUNNER
! 20658 10417 0 sims=361634 BLOCKER
> 1462 6366 239 -140 -43 2
> 11147 7327 21 -3 0 2
> 3170 5345 318 -7 147 3
> 2016 5390 55 -139 24 1
! -93422 31226 200
! 101468 15842 200
> 1847 6090 327 -234 -43 2
> 11168 7324 17 -2 18 2
> 3295 5390 106 38 165 3
> 2071 5251 46 -118 6 1
! 10910 1864 0 sims=347109 RUNNER
! 21168 7324 0 sims=347109 BLOCKER
> 1847 6090 327 -234 -43 2
> 11168 7324 17 -2 18 2
> 3295 5390 106 38 165 3
> 2071 5251 46 -118 6 1
! -93297 31271 200
! 93425 45924 0
> 2158 5972 254 -33 -25 2
> 11185 7322 14 -1 0 2
> 3208 5480 -74 76 165 3
> 2133 5017 62 -266 24 1
! 9472 -848 0 sims=365421 RUNNER
! 20696 10412 0 sims=365421 BLOCKER
> 2158 5972 254 -33 -25 2
> 11185 7322 14 -1 0 2
> 3208 5480 -74 76 165 3
> 2133 5017 62 -266 24 1
! -93384 31361 200
! 76447 71930 0
> 2257 6024 -182 190 -43 2
> 11199 7321 11 0 18 2
> 3096 5523 171 -109 165 3
> 2195 4751 52 -226 42 1
! 9571 -796 200 sims=356370 RUNNER
! 21199 7321 0 sims=356370 BLOCKER
> 2257 6024 -182 190 -43 2
> 11199 7321 11 0 18 2
> 3096 5523 171 -109 165 3
> 2195 4751 52 -226 42 1
! -80771 59986 200
! 76509 71664 0
> 2221 6078 -30 45 -43 2
> 11210 7321 9 0 0 2
> 3099 5523 2 0 147 3
> 2247 4525 44 -192 42 1
! 7069 -2668 200 sims=353164 RUNNER
! 20721 10411 0 sims=353164 BLOCKER
> 2221 6078 -30 45 -43 2
> 11210 7321 9 0 0 2
> 3099 5523 2 0 147 3
> 2247 4525 44 -192 42 1
! -93493 31404 200
! 52247 91127 0
> 2223 5988 -171 29 -61 2
> 11219 7321 7 0 18 2
> 2973 5535 65 -95 165 3
> 2291 4333 37 -163 60 1
! 9537 -832 200 sims=356265 RUNNER
! 21219 7321 0 sims=356265 BLOCKER
> 2223 5988 -171 29 -61 2
> 11219 7321 7 0 18 2
> 2973 5535 65 -95 165 3
> 2291 4333 37 -163 60 1
! -96889 301 200
! 76605 71246 0
> 2173 5898 -137 -11 -43 2
> 11226 7321 5 0 0 2
> 2864 5412 1 -169 -177 3
> 2328 4170 31 -138 42 1
! 9487 -922 200 sims=341635 RUNNER
! 20737 10411 0 sims=341635 BLOCKER
> 2173 5898 -137 -11 -43 2
> 11226 7321 5 0 0 2
> 2864 5412 1 -169 -177 3
> 2328 4170 31 -138 42 1
! -93728 31293 0
! 76642 71083 200
> 2182 5751 7 -125 -43 2
> 11231 7321 4 0 18 2
> 2865 5243 0 -143 165 3
> 2508 4166 152 -3 42 1
! 9496 -1069 200 sims=328083 RUNNER
! 21231 7321 0 sims=328083 BLOCKER
> 2182 5751 7 -125 -43 2
> 11231 7321 4 0 18 2
> 2865 5243 0 -143 165 3
> 2508 4166 152 -3 42 1
! -93727 31124 200
! 76822 71079 0
> 2075 5688 -125 -27 -43 2
> 11235 7321 3 0 0 2
> 2932 4953 91 -272 165 3
> 2660 4163 129 -2 42 1
! 11138 1462 200 sims=329077 RUNNER
! 20746 10411 0 sims=329077 BLOCKER
> 2075 5688 -125 -27 -43 2
> 11235 7321 3 0 0 2
> 2932 4953 91 -272 165 3
> 2660 4163 129 -2 42 1
! -96930 -280 200
! 52660 90765 200
> 2131 5576 47 -94 -25 2
> 11238 7321 2 0 18 2
> 2980 5146 49 193 -177 3
> 2733 3858 52 -287 60 1
! 12056 4357 0 sims=342370 RUNNER
! 21238 7321 0 sims=342370 BLOCKER
> 2131 5576 47 -94 -25 2
> 11238 7321 2 0 18 2
> 2980 5146 49 193 -177 3
> 2733 3858 52 -287 60 1
! -96882 -87 200
! 23524 101672 200
> 2050 5531 -185 6 -7 2
> 11240 7321 1 0 0 2
> 2957 5279 97 68 -177 3
> 2827 3767 79 -77 78 1
! 11113 1305 200 sims=332920 RUNNER
! 20751 10411 0 sims=332920 BLOCKER
> 2050 5531 -185 6 -7 2
> 11240 7321 1 0 0 2
> 2957 5279 97 68 -177 3
> 2827 3767 79 -77 78 1
! -93635 31160 200
! 52827 90369 0
> 2046 5452 -3 -66 -25 2
> 11241 7321 0 0 18 2
> 2861 5399 -81 101 165 3
> 2906 3690 67 -65 60 1
! 11971 4233 0 sims=367549 RUNNER
! 21241 7321 0 sims=367549 BLOCKER
> 2046 5452 -3 -66 -25 2
> 11241 7321 0 0 18 2
> 2861 5399 -81 101 165 3
> 2906 3690 67 -65 60 1
! -97001 165 200
! 77220 70603 0
> 1774 5401 -245 -42 -7 2
> 11241 7321 0 0 0 2
> 2849 5475 4 63 -177 3
> 2973 3625 56 -55 42 1
! 10837 1175 200 sims=348754 RUNNER
! 20752 10411 0 sims=348754 BLOCKER
> 1774 5401 -245 -42 -7 2
> 11241 7321 0 0 0 2
> 2849 5475 4 63 -177 3
> 2973 3625 56 -55 42 1
! -90509 -30361 200
! 94327 44298 0
> 1710 5274 -54 -107 -25 2
> 11241 7321 0 0 18 2
> 2666 5466 -155 -7 -159 3
> 3029 3570 47 -46 24 1
! 11635 4055 200 sims=350399 RUNNER
! 21241 7321 0 sims=350399 BLOCKER
> 1710 5274 -54 -107 -25 2
> 11241 7321 0 0 18 2
> 2666 5466 -155 -7 -159 3
> 3029 3570 47 -46 24 1
! -75048 -57465 200
! 77343 70483 200
> 1594 5079 -242 -201 -7 2
> 11241 7321 0 0 0 2
> 2616 5397 100 -23 -141 3
> 3225 3658 166 74 42 1
! 11410 6987 200 sims=375039 RUNNER
! 20752 10411 0 sims=375039 BLOCKER
> 1594 5079 -242 -201 -7 2
> 11241 7321 0 0 0 2
> 2616 5397 100 -23 -141 3
> 3225 3658 166 74 42 1
! -51847 -78470 0
! 53225 90260 0
> 1548 4916 -38 -138 11 2
> 11241 7321 0 0 18 2
> 2716 5374 85 -19 -123 3
> 3391 3732 141 62 60 1
! 11364 6824 200 sims=354319 RUNNER
! 21241 7321 0 sims=354319 BLOCKER
> 1548 4916 -38 -138 11 2
> 11241 7321 0 0 18 2
> 2716 5374 85 -19 -123 3
> 3391 3732 141 62 60 1
! -74998 -57557 200
! 24182 101546 0
> 1706 4816 134 -84 11 2
> 11241 7321 0 0 0 2
> 2646 5229 -59 -123 -141 3
> 3532 3794 119 52 78 1
! 11522 6724 200 sims=342188 RUNNER
! 20752 10411 0 sims=342188 BLOCKER
> 1706 4816 134 -84 11 2
> 11241 7321 0 0 0 2
> 2646 5229 -59 -123 -141 3
> 3532 3794 119 52 78 1
! -75068 -57702 200
! 24323 101608 0
> 1715 4623 -167 -244 11 2
> 11241 7321 0 0 18 2
> 2753 5127 265 -5 -141 3
> 3651 3846 101 44 78 1
! 10461 9471 200 sims=362320 RUNNER
! 21241 7321 0 sims=362320 BLOCKER
> 1715 4623 -167 -244 11 2
> 11241 7321 0 0 18 2
> 2753 5127 265 -5 -141 3
> 3651 3846 101 44 78 1
! -74961 -57804 200
! 24442 101660 0
> 1723 4476 6 -124 29 2
> 11241 7321 0 0 0 2
> 2863 4996 93 -111 -141 3
> 3752 3890 85 37 78 1
! 8543 11790 200 sims=328363 RUNNER
! 20752 10411 0 sims=328363 BLOCKER
> 1723 4476 6 -124 29 2
> 11241 7321 0 0 0 2
> 2863 4996 93 -111 -141 3
> 3752 3890 85 37 78 1
! -90495 -30840 200
! 53752 90492 0
> 1865 4498 121 18 47 2
> 11241 7321 0 0 18 2
> 2769 4813 -79 -155 -159 3
> 3837 3927 72 31 60 1
! 10611 9346 200 sims=284039 RUNNER
! 21241 7321 0 sims=284039 BLOCKER
> 1865 4498 121 18 47 2
> 11241 7321 0 0 18 2
> 2769 4813 -79 -155 -159 3
> 3837 3927 72 31 60 1
! -97093 -420 200
! 24628 101741 0
> 1708 4467 -260 -67 29 2
> 11241 7321 0 0 0 2
> 2943 4794 275 24 -177 3
> 3909 3958 61 26 78 1
! 11524 6375 200 sims=377363 RUNNER
! 20752 10411 0 sims=377363 BLOCKER
> 1708 4467 -260 -67 29 2
> 11241 7321 0 0 0 2
> 2943 4794 275 24 -177 3
> 3909 3958 61 26 78 1
! -96919 -439 200
! -6543 103410 0
> 1644 4438 -54 -24 11 2
> 11241 7321 0 0 18 2
> 3018 4808 63 11 -177 3
> 3970 3984 51 22 96 1
! 11569 3219 200 sims=342944 RUNNER
! 21241 7321 0 sims=342944 BLOCKER
> 1644 4438 -54 -24 11 2
> 11241 7321 0 0 18 2
> 3018 4808 63 11 -177 3
> 3970 3984 51 22 96 1
! -90340 -31028 200
! 24761 101798 0
> 1789 4390 122 -41 -7 2
> 11241 7321 0 0 0 2
> 2894 4747 -105 -51 -159 3
> 4021 4006 43 18 78 1
! 11605 6298 200 sims=328006 RUNNER
! 20752 10411 0 sims=328006 BLOCKER
> 1789 4390 122 -41 -7 2
> 11241 7321 0 0 0 2
> 2894 4747 -105 -51 -159 3
> 4021 4006 43 18 78 1
! -74820 -58184 200
! 54021 90608 0
> 1877 4310 -216 -164 11 2
> 11241 7321 0 0 18 2
> 2864 4647 265 12 -141 3
> 4064 4024 36 15 60 1
! 10623 9158 200 sims=357105 RUNNER
! 21241 7321 0 sims=357105 BLOCKER
> 1877 4310 -216 -164 11 2
> 11241 7321 0 0 18 2
> 2864 4647 265 12 -141 3
> 4064 4024 36 15 60 1
! -90494 -31189 200
! 54064 90626 0
> 1836 4243 -34 -56 29 2
> 11241 7321 0 0 0 2
> 2942 4587 66 -50 -159 3
> 4100 4039 30 12 60 1
! 8656 11557 200 sims=359618 RUNNER
! 20752 10411 0 sims=359618 BLOCKER
> 1836 4243 -34 -56 29 2
> 11241 7321 0 0 0 2
> 2942 4587 66 -50 -159 3
> 4100 4039 30 12 60 1
! -96920 -646 200
! 24891 101853 0
> 1938 4333 87 76 47 2
> 11241 7321 0 0 18 2
> 2808 4527 -113 -51 -177 3
> 4130 4051 25 10 78 1
! 10684 9181 200 sims=366009 RUNNER
! 21241 7321 0 sims=366009 BLOCKER
> 1938 4333 87 76 47 2
> 11241 7321 0 0 18 2
> 2808 4527 -113 -51 -177 3
> 4130 4051 25 10 78 1
! -93784 30408 200
! -6322 103503 0
> 1711 4401 -269 41 29 2
> 11241 7321 0 0 0 2
> 2991 4632 231 105 165 3
> 4155 4061 21 8 96 1
! 11527 6309 200 sims=374661 RUNNER
! 20752 10411 0 sims=374661 BLOCKER
> 1711 4401 -269 41 29 2
> 11241 7321 0 0 0 2
> 2991 4632 231 105 165 3
> 4155 4061 21 8 96 1
! -96871 -601 200
! -36518 95415 0
> 1638 4480 -61 67 11 2
> 11241 7321 0 0 18 2
> 3022 4727 26 80 -177 3
> 4176 4069 17 6 114 1
! 10384 9328 200 sims=347081 RUNNER
! 21241 7321 0 sims=347081 BLOCKER
> 1638 4480 -61 67 11 2
> 11241 7321 0 0 18 2
> 3022 4727 26 80 -177 3
> 4176 4069 17 6 114 1
! -90336 -31109 200
! -6276 103521 0
> 1752 4644 96 139 29 2
> 11241 7321 0 0 0 2
> 2861 4735 -136 7 -159 3
> 4193 4075 14 5 96 1
! 11568 6552 200 sims=343266 RUNNER
! 20752 10411 0 sims=343266 BLOCKER
> 1752 4644 96 139 29 2
> 11241 7321 0 0 0 2
> 2861 4735 -136 7 -159 3
> 4193 4075 14 5 96 1
! -97001 -498 200
! -36480 95429 0
> 1725 4820 -285 149 11 2
> 11241 7321 0 0 18 2
> 2845 4732 248 -1 -177 3
> 4207 4080 11 4 114 1
! 11650 3601 200 sims=368865 RUNNER
! 21241 7321 0 sims=368865 BLOCKER
> 1725 4820 -285 149 11 2
> 11241 7321 0 0 18 2
> 2845 4732 248 -1 -177 3
> 4207 4080 11 4 114 1
! -93747 30613 200
! -6245 103532 0
> 1639 4945 -73 105 -7 2
> 11241 7321 0 0 0 2
> 2900 4783 46 43 165 3
> 4218 4084 9 3 96 1
! 10702 719 200 sims=352149 RUNNER
! 20752 10411 0 sims=352149 BLOCKER
> 1639 4945 -73 105 -7 2
> 11241 7321 0 0 0 2
> 2900 4783 46 43 165 3
> 4218 4084 9 3 96 1
! -93692 30664 200
! -36455 95438 0
> 1747 4965 92 17 -25 2
> 11241 7321 0 0 18 2
> 2753 4878 -125 80 165 3
> 4227 4087 7 2 114 1
! 11672 3746 0 sims=363650 RUNNER
! 21241 7321 0 sims=363650 BLOCKER
> 1747 4965 92 17 -25 2
> 11241 7321 0 0 18 2
> 2753 4878 -125 80 165 3
> 4227 4087 7 2 114 1
! -97109 -355 200
! -62686 78401 0
> 1630 4998 -277 41 -7 2
> 11241 7321 0 0 0 2
> 2637 4932 79 32 -177 3
> 4234 4089 5 1 132 1
! 11555 3779 200 sims=363706 RUNNER
! 20752 10411 0 sims=363706 BLOCKER
> 1630 4998 -277 41 -7 2
> 11241 7321 0 0 0 2
> 2637 4932 79 32 -177 3
> 4234 4089 5 1 132 1
! -93955 30813 0
! -36439 95443 0
> 1552 5015 -66 14 -7 2
> 11241 7321 0 0 18 2
> 2716 4964 67 27 165 3
> 4239 4090 4 0 114 1
! 10615 789 0 sims=349048 RUNNER
! 21241 7321 0 sims=349048 BLOCKER
> 1552 5015 -66 14 -7 2
> 11241 7321 0 0 18 2
> 2716 4964 67 27 165 3
> 4239 4090 4 0 114 1
! -97146 -269 200
! -6213 103542 0
> 1486 5029 -56 11 -25 2
> 11241 7321 0 0 0 2
> 2583 4981 -112 14 -177 3
> 4243 4090 3 0 96 1
! 10549 803 200 sims=359030 RUNNER
! 20752 10411 0 sims=359030 BLOCKER
> 1486 5029 -56 11 -25 2
> 11241 7321 0 0 0 2
> 2583 4981 -112 14 -177 3
> 4243 4090 3 0 96 1
! -90775 -30855 200
! 25034 101904 0
> 1485 4961 -253 -45 -25 2
> 11241 7321 0 0 18 2
> 2410 4918 106 -65 -159 3
> 4246 4090 2 0 78 1
! 11410 3742 200 sims=383012 RUNNER
! 21241 7321 0 sims=383012 BLOCKER
> 1485 4961 -253 -45 -25 2
> 11241 7321 0 0 18 2
> 2410 4918 106 -65 -159 3
> 4246 4090 2 0 78 1
! -97452 -315 0
! -6206 103542 0
> 1431 4892 -46 -58 -7 2
> 11241 7321 0 0 0 2
> 2516 4853 90 -55 -177 3
> 4248 4090 1 0 96 1
! 10494 666 200 sims=345261 RUNNER
! 20752 4231 0 sims=345261 BLOCKER
> 1431 4892 -46 -58 -7 2
> 11241 7321 0 0 0 2
> 2516 4853 90 -55 -177 3
> 4248 4090 1 0 96 1
! -94076 30734 200
! -36425 95444 0
> 1566 4749 114 -121 -25 2
> 11241 7321 0 0 -18 2
> 2413 4850 -87 -2 165 3
> 4249 4090 0 0 114 1
! 11491 3530 0 sims=325899 RUNNER
! 21241 7321 0 sims=325899 BLOCKER
> 1566 4749 114 -121 -25 2
> 11241 7321 0 0 -18 2
> 2413 4850 -87 -2 165 3
> 4249 4090 0 0 114 1
! -97449 -383 200
! -62664 78404 0
> 1355 4580 -223 -149 -7 2
> 11241 7321 0 0 0 2
> 2451 4885 76 36 -177 3
> 4249 4090 0 0 132 1
! 11171 6488 200 sims=374283 RUNNER
! 20752 4231 0 sims=374283 BLOCKER
> 1355 4580 -223 -149 -7 2
> 11241 7321 0 0 0 2
> 2451 4885 76 36 -177 3
> 4249 4090 0 0 132 1
! -90907 -30951 0
! -82353 54090 0
> 1328 4469 -22 -94 11 2
> 11241 7321 0 0 -18 2
> 2527 4921 64 30 -159 3
> 4249 4090 0 0 150 1
! 11144 6377 200 sims=346122 RUNNER
! 21241 7321 0 sims=346122 BLOCKER
> 1328 4469 -22 -94 11 2
> 11241 7321 0 0 -18 2
> 2527 4921 64 30 -159 3
> 4249 4090 0 0 150 1
! -75187 -58010 200
! -93565 24881 0
> 1502 4413 148 -47 11 2
> 11241 7321 0 0 0 2
> 2436 4825 -77 -81 -141 3
> 4249 4090 0 0 168 1
! 10248 9261 200 sims=346535 RUNNER
! 20752 4231 0 sims=346535 BLOCKER
> 1502 4413 148 -47 11 2
> 11241 7321 0 0 0 2
> 2436 4825 -77 -81 -141 3
> 4249 4090 0 0 168 1
! -75278 -58106 200
! -93565 24881 0
> 1467 4307 -202 -165 29 2
> 11241 7321 0 0 -18 2
> 2562 4774 279 31 -141 3
> 4249 4090 0 0 168 1
! 10213 9155 200 sims=353752 RUNNER
! 21241 7321 0 sims=353752 BLOCKER
> 1467 4307 -202 -165 29 2
> 11241 7321 0 0 -18 2
> 2562 4774 279 31 -141 3
> 4249 4090 0 0 168 1
! -90796 -31062 200
! -82353 54090 0
> 1440 4239 -23 -57 29 2
> 11241 7321 0 0 0 2
> 2654 4733 78 -34 -159 3
> 4249 4090 0 0 150 1
! 8260 11553 200 sims=303730 RUNNER
! 20752 10411 0 sims=303730 BLOCKER
> 1440 4239 -23 -57 29 2
> 11241 7321 0 0 0 2
> 2654 4733 78 -34 -159 3
> 4249 4090 0 0 150 1
! -97208 -500 0
! -62664 78404 0
> 1553 4328 96 75 47 2
> 11241 7321 0 0 18 2
> 2732 4699 66 -28 -177 3
> 4249 4090 0 0 132 1
! 10299 9176 200 sims=296583 RUNNER
! 21241 7321 0 sims=296583 BLOCKER
> 1553 4328 96 75 47 2
> 11241 7321 0 0 18 2
> 2732 4699 66 -28 -177 3
> 4249 4090 0 0 132 1
! -93860 30580 200
! -62664 78404 0
> 1824 4500 230 146 29 2
> 11241 7321 0 0 0 2
> 2605 4723 -108 20 165 3
> 4249 4090 0 0 132 1
! 11640 6408 0 sims=380653 RUNNER
! 20752 4231 0 sims=380653 BLOCKER
> 1824 4500 230 146 29 2
> 11241 7321 0 0 0 2
> 2605 4723 -108 20 165 3
> 4249 4090 0 0 132 1
! -97257 -510 SHIELD
! -62664 78404 0
> 1447 4473 -339 -27 11 2
> 11241 7321 0 0 -18 2
> 2558 4760 -38 32 -177 3
> 4249 4090 0 0 132 1
! 11372 3254 200 sims=372386 RUNNER
! 21241 7321 0 sims=372386 BLOCKER
> 1447 4473 -339 -27 11 2
> 11241 7321 0 0 -18 2
> 2558 4760 -38 32 -177 3
> 4249 4090 0 0 132 1
! -94034 30641 200
! -82353 54090 0
> 1307 4422 -119 -43 -7 2
> 11241 7321 0 0 0 2
> 2520 4792 -32 27 165 3
> 4249 4090 0 0 150 1
! 10370 196 200 sims=363006 RUNNER
! 20752 10411 0 sims=363006 BLOCKER
> 1307 4422 -119 -43 -7 2
> 11241 7321 0 0 0 2
> 2520 4792 -32 27 165 3
> 4249 4090 0 0 150 1
! -81347 59255 0
! -93565 24881 0
> 1369 4294 52 -108 -25 2
> 11241 7321 0 0 18 2
> 2488 4819 -27 22 147 3
> 4249 4090 0 0 168 1
! 11294 3075 0 sims=397404 RUNNER
! 21241 7321 0 sims=397404 BLOCKER
> 1369 4294 52 -108 -25 2
> 11241 7321 0 0 18 2
> 2488 4819 -27 22 147 3
> 4249 4090 0 0 168 1
! -60444 82533 0
! -95203 -6362 200
> 1421 4186 44 -91 -7 2
> 11241 7321 0 0 0 2
> 2461 4841 -22 18 129 3
> 4050 4069 -169 -17 -174 1
! 11237 6094 200 sims=385882 RUNNER
! 20752 4231 0 sims=385882 BLOCKER
> 1421 4186 44 -91 -7 2
> 11241 7321 0 0 0 2
> 2461 4841 -22 18 129 3
> 4050 4069 -169 -17 -174 1
! -33375 98199 0
! -95402 -6383 200
> 1661 4133 204 -44 11 2
> 11241 7321 0 0 -18 2
> 2439 4859 -18 15 111 3
> 3682 4031 -312 -32 -174 1
! 11477 6041 200 sims=363258 RUNNER
! 21241 7321 0 sims=363258 BLOCKER
> 1661 4133 204 -44 11 2
> 11241 7321 0 0 -18 2
> 2439 4859 -18 15 111 3
> 3682 4031 -312 -32 -174 1
! -2794 104721 SHIELD
! -94132 24822 200
> 2061 4127 340 -4 11 2
> 11241 7321 0 0 0 2
> 2421 4874 -15 12 93 3
> 3174 4041 -431 8 168 1
! 11877 6035 SHIELD sims=365029 RUNNER
! 20752 10411 0 sims=365029 BLOCKER
> 2061 4127 340 -4 11 2
> 11241 7321 0 0 0 2
> 2421 4874 -15 12 93 3
> 3174 4041 -431 8 168 1
! 28302 101466 0
! -96278 -6411 SHIELD
> 1949 4151 -362 42 11 2
> 11241 7321 0 0 18 2
> 2463 5042 51 183 75 3
> 3189 4006 279 -55 -174 1
! 11765 6059 0 sims=413217 RUNNER
! 21241 7321 0 sims=413217 BLOCKER
> 1949 4151 -362 42 11 2
> 11241 7321 0 0 18 2
> 2463 5042 51 183 75 3
> 3189 4006 279 -55 -174 1
! 56926 88909 0
! -94625 24797 0
> 1587 4193 -307 35 11 2
> 11241 7321 0 0 0 2
> 2514 5225 43 155 57 3
> 3468 3951 237 -46 168 1
! 11403 6101 0 sims=410193 RUNNER
! 20752 4231 0 sims=410193 BLOCKER
> 1587 4193 -307 35 11 2
> 11241 7321 0 0 0 2
> 2514 5225 43 155 57 3
> 3468 3951 237 -46 168 1
! 80228 68157 200
! -94346 24742 0
> 1280 4228 -260 29 11 2
> 11241 7321 0 0 -18 2
> 2557 5380 36 131 39 3
> 3705 3905 201 -39 168 1
! 11096 6136 0 sims=390516 RUNNER
! 21241 7321 0 sims=390516 BLOCKER
> 1280 4228 -260 29 11 2
> 11241 7321 0 0 -18 2
> 2557 5380 36 131 39 3
> 3705 3905 201 -39 168 1
! 95915 41216 200
! -82897 53905 200
> 1020 4257 -221 24 11 2
> 11241 7321 0 0 0 2
> 2780 5583 189 172 21 3
> 3906 3866 170 -33 150 1
! 10836 6165 200 sims=385203 RUNNER
! 20752 10411 0 sims=385203 BLOCKER
> 1020 4257 -221 24 11 2
> 11241 7321 0 0 0 2
> 2780 5583 189 172 21 3
> 3906 3866 170 -33 150 1
! 96138 41419 200
! -82696 53866 200
> 995 4319 -20 52 11 2
> 11241 7321 0 0 18 2
> 3156 5827 319 207 21 3
> 3903 3933 -2 56 150 1
! 9741 9167 200 sims=369663 RUNNER
! 21241 7321 0 sims=369663 BLOCKER
> 995 4319 -20 52 11 2
> 11241 7321 0 0 18 2
> 3156 5827 319 207 21 3
> 3903 3933 -2 56 150 1
! 96514 41663 200
! -82699 53933 200
> 1150 4468 131 126 29 2
> 11241 7321 0 0 0 2
> 3662 6106 429 236 21 3
> 3728 4089 -148 132 150 1
! 10966 6376 0 sims=384111 RUNNER
! 20752 10411 0 sims=384111 BLOCKER
> 1150 4468 131 126 29 2
> 11241 7321 0 0 0 2
> 3662 6106 429 236 21 3
> 3728 4089 -148 132 150 1
! 97020 41942 200
! -63185 78403 0
> 1281 4594 111 107 11 2
> 11241 7321 0 0 18 2
> 4278 6414 523 261 21 3
> 3580 4221 -125 112 132 1
! 11206 3375 200 sims=382172 RUNNER
! 21241 7321 0 sims=382172 BLOCKER
> 1281 4594 111 107 11 2
> 11241 7321 0 0 18 2
> 4278 6414 523 261 21 3
> 3580 4221 -125 112 132 1
! 104140 11647 200
! -83022 54221 200
> 1591 4677 263 70 -7 2
> 11241 7321 0 0 0 2
> 5001 6685 614 230 3 3
> 3282 4433 -253 180 150 1
! 11516 3458 200 sims=367080 RUNNER
! 20752 10411 0 sims=367080 BLOCKER
> 1591 4677 263 70 -7 2
> 11241 7321 0 0 0 2
> 5001 6685 614 230 3 3
> 3282 4433 -253 180 150 1
! 104863 11918 200
! -94532 25224 200
> 2036 4724 -388 108 -7 2
> 11241 7321 0 0 18 2
> 5815 6925 691 204 3 3
> 2849 4653 399 118 168 1
! 11961 3505 200 sims=323386 RUNNER
! 21241 7321 0 sims=323386 BLOCKER
> 2036 4724 -388 108 -7 2
> 11241 7321 0 0 18 2
> 5815 6925 691 204 3 3
> 2849 4653 399 118 168 1
! 105677 12158 200
! -96603 -5799 200
> 1847 4808 -161 71 -7 2
> 11241 7321 0 0 0 2
> 6706 7139 757 182 3 3
> 3049 4750 170 82 -174 1
! 11772 3589 200 sims=349993 RUNNER
! 20752 10411 0 sims=349993 BLOCKER
> 1847 4808 -161 71 -7 2
> 11241 7321 0 0 0 2
> 6706 7139 757 182 3 3
> 3049 4750 170 82 -174 1
! 100064 42975 200
! -96403 -5702 200
> 1885 4855 31 39 -7 2
> 11241 7321 0 0 18 2
> 7650 7393 802 215 21 3
> 3020 4811 -24 51 -174 1
! 11701 6763 200 sims=343154 RUNNER
! 19331 13199 0 sims=343154 BLOCKER
> 1885 4855 31 39 -7 2
> 11241 7321 0 0 18 2
> 7650 7393 802 215 21 3
> 3020 4811 -24 51 -174 1
! 107512 12626 0
! -96432 -5641 200
> 2003 4943 -181 102 11 2
> 11241 7321 0 0 36 2
> 8452 7608 681 182 3 3
> 2906 4830 185 -11 -174 1
! 11819 6851 200 sims=346094 RUNNER
! 17119 15411 0 sims=346094 BLOCKER
> 2003 4943 -181 102 11 2
> 11241 7321 0 0 36 2
> 8452 7608 681 182 3 3
> 2906 4830 185 -11 -174 1
! 105044 -18273 0
! -94908 25621 0
> 2018 5083 13 119 11 2
> 11241 7321 0 0 54 2
> 9133 7790 578 154 -15 3
> 3091 4819 157 -9 168 1
! 11943 3864 200 sims=334712 RUNNER
! 14331 16832 0 sims=334712 BLOCKER
> 2018 5083 13 119 11 2
> 11241 7321 0 0 54 2
> 9133 7790 578 154 -15 3
> 3091 4819 157 -9 168 1
! 105725 -18092 200
! -83511 54819 200
> 2230 5178 179 80 -7 2
> 11241 7321 0 0 72 2
> 9904 7892 655 86 -15 3
> 3075 4910 -13 77 150 1
! 11293 952 0 sims=300286 RUNNER
! 11241 17321 200 sims=300286 BLOCKER
> 2230 5178 179 80 -7 2
> 11241 7321 0 0 72 2
> 9904 7892 655 86 -15 3
> 3075 4910 -13 77 150 1
! 93770 -46572 200
! -83527 54910 200
> 2132 5347 -153 166 -25 2
> 11398 7431 608 -177 90 2
> 10570 7959 90 328 -33 3
> 3166 4998 146 51 150 1
! 11195 1121 200 sims=346773 RUNNER
! 8308 16942 0 sims=346773 BLOCKER
> 2132 5347 -153 166 -25 2
> 11398 7431 608 -177 90 2
> 10570 7959 90 328 -33 3
> 3166 4998 146 51 150 1
! 94436 -46505 200
! -94648 25789 200
> 2160 5428 24 69 -25 2
> 12006 7254 516 -150 108 2
> 10828 8178 219 186 -33 3
> 3116 5091 -42 78 168 1
! 11223 1202 200 sims=283311 RUNNER
! 6128 15344 200 sims=283311 BLOCKER
> 2160 5428 24 69 -25 2
> 12006 7254 516 -150 108 2
> 10828 8178 219 186 -33 3
> 3116 5091 -42 78 168 1
! 94694 -46286 200
! -94698 25882 200
> 2132 5498 -194 121 -25 2
> 12404 7266 338 10 126 2
> 11215 8255 328 65 -33 3
> 3112 5125 167 -33 168 1
! 11195 1272 200 sims=332591 RUNNER
! 4314 13144 200 sims=332591 BLOCKER
> 2132 5498 -194 121 -25 2
> 12404 7266 338 10 126 2
> 11215 8255 328 65 -33 3
> 3112 5125 167 -33 168 1
! 74146 -69459 200
! -83490 55125 200
> 2119 5534 -10 31 -25 2
> 12580 7394 149 108 144 2
> 11669 8165 385 -76 -51 3
> 3106 5192 -5 56 150 1
! 12044 4315 200 sims=318122 RUNNER
! 4490 13272 200 sims=318122 BLOCKER
> 2119 5534 -10 31 -25 2
> 12580 7394 149 108 144 2
> 11669 8165 385 -76 -51 3
> 3106 5192 -5 56 150 1
! 95536 -46298 200
! -63807 79506 SHIELD
> 2308 5541 160 5 -7 2
> 12790 7416 425 -205 144 2
> 11999 8183 33 240 -33 3
> 3101 5248 -4 47 132 1
! 11371 1315 0 sims=322973 RUNNER
! 6912 15506 200 sims=322973 BLOCKER
> 2308 5541 160 5 -7 2
> 12790 7416 425 -205 144 2
> 11999 8183 33 240 -33 3
> 3101 5248 -4 47 132 1
! 95865 -46281 200
! -37572 96602 0
> 2328 5598 -26 65 -25 2
> 13097 7373 261 -36 126 2
> 12200 8314 170 111 -33 3
> 3237 5243 159 -21 114 1
! 11391 1372 200 sims=307979 RUNNER
! 5007 13251 200 sims=307979 BLOCKER
> 2328 5598 -26 65 -25 2
> 13097 7373 261 -36 126 2
> 12200 8314 170 111 -33 3
> 3237 5243 159 -21 114 1
! 75131 -69400 BOOST
! -7215 104695 0
> 2483 5578 131 -16 -25 2
> 13315 7326 472 -352 144 2
> 12660 8049 103 87 -51 3
> 3396 5222 135 -17 96 1
! 11546 1352 200 sims=332759 RUNNER
! 3804 10416 200 sims=332759 BLOCKER
> 2483 5578 131 -16 -25 2
> 13315 7326 472 -352 144 2
> 12660 8049 103 87 -51 3
> 3396 5222 135 -17 96 1
! 48496 -85309 200
! 24187 103036 SHIELD
> 2769 5487 -17 19 -25 2
> 13597 7036 239 -246 162 2
> 12835 7949 148 -84 -69 3
> 3534 5204 143 -24 78 1
! 11832 1261 200 sims=347095 RUNNER
! 3597 7036 200 sims=347095 BLOCKER
> 2769 5487 -17 19 -25 2
> 13597 7036 239 -246 162 2
> 12835 7949 148 -84 -69 3
> 3534 5204 143 -24 78 1
! 18068 -91913 200
! 53534 91806 0
> 2863 5446 29 -17 -25 2
> 13636 6790 33 -209 180 2
> 12993 7665 134 -241 -87 0
> 3747 5156 231 -58 60 1
! 12788 4227 200 sims=361060 RUNNER
! 4125 3700 200 sims=361060 BLOCKER
> 2863 5446 29 -17 -25 2
> 13636 6790 33 -209 180 2
> 12993 7665 134 -241 -87 0
> 3747 5156 231 -58 60 1
! 48829 -85693 0
! 53747 91758 0
> 3091 5405 193 -35 -7 3
> 13479 6519 -133 -230 -162 2
> 13127 7424 113 -204 -69 0
> 3978 5098 196 -49 60 1
! 12907 7313 0 sims=354949 RUNNER
! 5389 641 0 sims=354949 BLOCKER
> 3091 5405 193 -35 -7 3
> 13479 6519 -133 -230 -162 2
> 13127 7424 113 -204 -69 0
> 3978 5098 196 -49 60 1
! 18360 -92438 200
! 78292 72011 200
> 3284 5370 164 -29 11 3
> 13360 6223 -71 -388 -144 2
> 13236 7086 63 -150 -87 0
> 4174 5049 166 -41 42 1
! 12030 10218 200 sims=367115 RUNNER
! 7482 -1867 0 sims=367115 BLOCKER
> 3284 5370 164 -29 11 3
> 13360 6223 -71 -388 -144 2
> 13236 7086 63 -150 -87 0
> 4174 5049 166 -41 42 1
! 18469 -92776 200
! 54174 91651 200
> 3623 5438 288 57 29 3
> 13289 5835 -60 -329 -126 2
> 13309 6736 62 -297 -87 0
> 4440 5181 226 112 60 1
! 13439 7346 0 sims=347683 RUNNER
! 10199 -3676 0 sims=347683 BLOCKER
> 3623 5438 288 57 29 3
> 13289 5835 -60 -329 -126 2
> 13309 6736 62 -297 -87 0
> 4440 5181 226 112 60 1
! 18542 -93126 200
! 78754 72094 200
> 3911 5495 244 48 11 3
> 13220 5437 -72 -443 -108 2
> 13391 6308 83 -258 -87 0
> 4815 5427 318 208 42 1
! 13727 7403 200 sims=356874 RUNNER
! 13220 -4563 0 sims=356874 BLOCKER
> 3911 5495 244 48 11 3
> 13220 5437 -72 -443 -108 2
> 13391 6308 83 -258 -87 0
> 4815 5427 318 208 42 1
! -12491 -90284 200
! 96169 46100 0
> 4326 5580 222 66 11 3
> 13148 4994 -61 -376 -90 2
> 13422 5857 26 -383 -105 0
> 5158 5636 421 183 24 1
! 14142 7488 200 sims=318892 RUNNER
! 16238 -4517 0 sims=318892 BLOCKER
> 4326 5580 222 66 11 3
> 13148 4994 -61 -376 -90 2
> 13422 5857 26 -383 -105 0
> 5158 5636 421 183 24 1
! -12459 -90735 200
! 96512 46309 0
> 4744 5684 355 88 11 3
> 13056 4541 -116 -482 -72 2
> 13427 5358 42 -326 -105 0
> 5579 5819 357 155 24 1
! 14560 7592 200 sims=316505 RUNNER
! 18934 -3549 0 sims=316505 BLOCKER
> 4744 5684 355 88 11 3
> 13056 4541 -116 -482 -72 2
> 13427 5358 42 -326 -105 0
> 5579 5819 357 155 24 1
! -41036 -78509 200
! 105031 16271 0
> 5137 5782 290 75 11 3
> 12940 4059 -98 -409 -54 2
> 13360 4864 -56 -419 -123 0
> 6094 6003 481 163 6 1
! 14953 7690 200 sims=312928 RUNNER
! 21030 -1819 0 sims=312928 BLOCKER
> 5137 5782 290 75 11 3
> 12940 4059 -98 -409 -54 2
> 13360 4864 -56 -419 -123 0
> 6094 6003 481 163 6 1
! -41103 -79003 0
! 105546 16455 0
> 5623 5895 413 96 11 3
> 12842 3650 -83 -347 -36 2
> 13304 4445 -47 -356 -123 0
> 6575 6166 408 138 6 1
! 15439 7803 200 sims=340403 RUNNER
! 22353 560 0 sims=340403 BLOCKER
> 5623 5895 413 96 11 3
> 12842 3650 -83 -347 -36 2
> 13304 4445 -47 -356 -123 0
> 6575 6166 408 138 6 1
! -41159 -79422 200
! 106027 16618 0
> 6232 6029 347 51 11 3
> 12718 3236 -165 -450 -18 2
> 13189 3989 -37 -289 -123 0
> 6984 6304 517 179 6 1
! 16048 7937 200 sims=349580 RUNNER
! 22718 3236 0 sims=349580 BLOCKER
> 6232 6029 347 51 11 3
> 12718 3236 -165 -450 -18 2
> 13189 3989 -37 -289 -123 0
> 6984 6304 517 179 6 1
! -41274 -79878 200
! 104798 -14487 0
> 6775 6118 461 75 11 3
> 12553 2786 -140 -382 0 2
> 13043 3532 -124 -388 -123 0
> 7501 6483 439 152 -12 1
! 16591 8026 200 sims=320887 RUNNER
! 22064 5876 200 sims=320887 BLOCKER
> 6775 6118 461 75 11 3
> 12553 2786 -140 -382 0 2
> 13043 3532 -124 -388 -123 0
> 7501 6483 439 152 -12 1
! -41420 -80335 200
! 94103 -43517 0
> 7261 6142 401 14 11 3
> 12470 2247 -110 -525 18 2
> 12943 3195 -44 -219 -123 0
> 8112 6724 530 210 -30 1
! 17077 8050 200 sims=261688 RUNNER
! 20560 8125 0 sims=261688 BLOCKER
> 7261 6142 401 14 11 3
> 12470 2247 -110 -525 18 2
> 12943 3195 -44 -219 -123 0
> 8112 6724 530 210 -30 1
! -12939 -93397 200
! 75024 -67590 0
> 7858 6194 507 44 11 3
> 12360 1722 -93 -446 36 2
> 12847 2783 -81 -350 -105 0
> 8642 6934 450 178 -48 1
! 17674 8102 200 sims=320194 RUNNER
! 18238 9812 200 sims=320194 BLOCKER
> 7858 6194 507 44 11 3
> 12360 1722 -93 -446 36 2
> 12847 2783 -81 -350 -105 0
> 8642 6934 450 178 -48 1
! -41616 -81084 200
! 49315 -84420 0
> 8561 6276 597 69 11 3
> 12385 1438 20 -241 54 2
> 12657 2265 -161 -440 -123 0
> 9092 7112 382 151 -66 1
! 17307 11124 200 sims=350490 RUNNER
! 18263 9528 SHIELD sims=350490 BLOCKER
> 8561 6276 597 69 11 3
> 12385 1438 20 -241 54 2
> 12657 2265 -161 -440 -123 0
> 9092 7112 382 151 -66 1
! -65057 -60666 SHIELD
! 49765 -84242 200
> 9277 6326 540 -97 29 3
> 12358 1032 -39 -401 54 2
> 12543 1990 -80 -176 -141 0
> 9612 7196 509 212 -66 1
! 16097 13640 200 sims=386274 RUNNER
! 15448 10543 0 sims=386274 BLOCKER
> 9277 6326 540 -97 29 3
> 12358 1032 -39 -401 54 2
> 12543 1990 -80 -176 -141 0
> 9612 7196 509 212 -66 1
! -80815 -33846 0
! 20064 -92256 200
> 9953 6375 574 41 47 3
> 12319 631 -33 -340 72 2
> 12463 1814 -68 -149 -159 1
> 10142 7209 450 11 -84 1
! 16773 13689 200 sims=369110 RUNNER
! 12319 10631 0 sims=369110 BLOCKER
> 9953 6375 574 41 47 3
> 12319 631 -33 -340 72 2
> 12463 1814 -68 -149 -159 1
> 10142 7209 450 11 -84 1
! -87399 -3419 200
! 20594 -92243 200
> 10593 6209 534 -186 47 3
> 12286 291 -28 -289 90 2
> 12395 1665 -57 -126 -177 1
> 10684 7374 469 186 -84 1
! 14819 15272 200 sims=376516 RUNNER
! 12286 10291 0 sims=376516 BLOCKER
> 10593 6209 534 -186 47 3
> 12286 291 -28 -289 90 2
> 12395 1665 -57 -126 -177 1
> 10684 7374 469 186 -84 1
! -84197 27546 0
! 51357 -83980 200
> 11212 6204 525 -4 65 3
> 12258 2 -23 -245 90 2
> 12338 1539 -48 -107 -195 1
> 11234 7377 467 2 -66 1
! 12431 16129 200 sims=362194 RUNNER
! 9168 9513 200 sims=362194 BLOCKER
> 11212 6204 525 -4 65 3
> 12258 2 -23 -245 90 2
> 12338 1539 -48 -107 -195 1
> 11234 7377 467 2 -66 1
! -71529 56002 200
! 21686 -92075 200
> 11762 6381 482 -164 83 3
> 12173 -53 -72 -46 108 2
> 12122 1541 -183 1 147 1
> 11721 7198 399 162 -84 1
! 9854 16197 200 sims=346346 RUNNER
! 12173 9947 200 sims=346346 BLOCKER
> 11762 6381 482 -164 83 3
> 12173 -53 -72 -46 108 2
> 12122 1541 -183 1 147 1
> 11721 7198 399 162 -84 1
! -50810 79255 200
! 22173 -92254 200
> 12213 6301 385 -103 101 3
> 12101 101 -61 130 90 2
> 11813 1697 -262 132 129 1
> 12134 7274 349 99 -84 1
! 10305 16117 200 sims=354263 RUNNER
! 9011 9612 200 sims=354263 BLOCKER
> 12213 6301 385 -103 101 3
> 12101 101 -61 130 90 2
> 11813 1697 -262 132 129 1
> 12134 7274 349 99 -84 1
! -24023 95055 200
! 22586 -92178 200
> 12561 6374 308 -104 101 3
> 11978 421 -104 272 108 2
> 11479 2016 -283 270 111 1
> 12502 7194 301 99 -84 1
! 10653 16190 200 sims=307237 RUNNER
! 6100 8511 200 sims=307237 BLOCKER
> 12561 6374 308 -104 101 3
> 11978 421 -104 272 108 2
> 11479 2016 -283 270 111 1
> 12502 7194 301 99 -84 1
! 6245 101878 200
! 22954 -92258 200
> 12844 6274 241 -106 101 3
> 11756 855 -188 368 126 2
> 11186 2486 -249 399 93 1
> 12811 7287 261 99 -84 1
! 10936 16090 200 sims=360640 RUNNER
! 3666 6733 200 sims=360640 BLOCKER
> 12844 6274 241 -106 101 3
> 11756 855 -188 368 126 2
> 11186 2486 -249 399 93 1
> 12811 7287 261 99 -84 1
! 37067 99078 200
! -7980 -90527 200
> 13047 6364 172 76 101 3
> 11406 1341 -297 412 144 2
> 10989 3078 -167 503 75 1
> 13030 7190 186 -82 -102 1
! 14266 16289 0 sims=313229 RUNNER
! 1895 4431 200 sims=313229 BLOCKER
> 13047 6364 172 76 101 3
> 11406 1341 -297 412 144 2
> 10989 3078 -167 503 75 1
> 13030 7190 186 -82 -102 1
! 5755 102940 200
! -7761 -90624 200
> 13227 6113 153 -235 83 3
> 10919 1815 -414 402 162 2
> 10812 3781 -150 597 93 1
> 13167 7239 115 63 -102 1
! 11319 15929 200 sims=340179 RUNNER
! 1408 4905 200 sims=340179 BLOCKER
> 13227 6113 153 -235 83 3
> 10919 1815 -414 402 162 2
> 10812 3781 -150 597 93 1
> 13167 7239 115 63 -102 1
! 5578 103643 200
! 23619 -92213 200
> 13342 6074 97 -32 101 3
> 10315 2279 -513 394 162 2
> 10652 4578 -136 677 93 1
> 13303 7103 115 -115 -84 1
! 14561 15999 200 sims=336518 RUNNER
! 804 5369 200 sims=336518 BLOCKER
> 13342 6074 97 -32 101 3
> 10315 2279 -513 394 162 2
> 10652 4578 -136 677 93 1
> 13303 7103 115 -115 -84 1
! 5418 104440 200
! -7488 -90711 200
> 13482 5998 134 -258 83 3
> 9612 2735 -597 387 162 2
> 10506 5455 -124 745 93 2
> 13358 7035 31 135 -102 1
! 14701 15923 200 sims=355278 RUNNER
! 101 5825 200 sims=355278 BLOCKER
> 13482 5998 134 -258 83 3
> 9612 2735 -597 387 162 2
> 10506 5455 -124 745 93 2
> 13358 7035 31 135 -102 1
! -25330 98813 0
! 23810 -92417 0
> 13640 5939 134 -50 83 3
> 8825 3184 -669 381 162 2
> 10382 6200 -105 633 111 2
> 13389 7170 26 114 -84 1
! 11732 15755 200 sims=368914 RUNNER
! -1175 3184 0 sims=368914 BLOCKER
> 13640 5939 134 -50 83 3
> 8825 3184 -669 381 162 2
> 10382 6200 -105 633 111 2
> 13389 7170 26 114 -84 1
! -52549 83914 0
! 54062 -84184 200
> 13736 6085 81 124 101 3
> 8156 3565 -568 323 180 2
> 10277 6833 -89 538 129 2
> 13496 7101 91 -58 -66 1
! 8888 14831 200 sims=349153 RUNNER
! -1355 6655 0 sims=349153 BLOCKER
> 13736 6085 81 124 101 3
> 8156 3565 -568 323 180 2
> 10277 6833 -89 538 129 2
> 13496 7101 91 -58 -66 1
! -73590 61296 0
! 23948 -92351 200
> 13796 6066 98 -217 119 3
> 7588 3888 -482 274 162 2
> 10188 7371 -75 457 147 2
> 13532 7162 -17 253 -84 1
! 11888 15882 200 sims=366926 RUNNER
! -2412 3888 0 sims=366926 BLOCKER
> 13796 6066 98 -217 119 3
> 7588 3888 -482 274 162 2
> 10188 7371 -75 457 147 2
> 13532 7162 -17 253 -84 1
! -86404 33252 0
! 23984 -92290 200
> 13856 6045 50 -17 101 3
> 7106 4162 -409 232 180 2
> 10113 7828 -63 388 165 2
> 13536 7216 3 45 -84 1
! 11948 15861 200 sims=301826 RUNNER
! -2405 7252 0 sims=301826 BLOCKER
> 13856 6045 50 -17 101 3
> 7106 4162 -409 232 180 2
> 10113 7828 -63 388 165 2
> 13536 7216 3 45 -84 1
! -89749 2594 0
! 54209 -84138 200
> 13868 6224 10 152 101 3
> 6697 4394 -347 197 162 2
> 10050 8216 -53 329 183 2
> 13620 7078 71 -117 -66 1
! 11960 16040 SHIELD sims=363419 RUNNER
! -3303 4394 0 sims=363419 BLOCKER
> 13868 6224 10 152 101 3
> 6697 4394 -347 197 162 2
> 10050 8216 -53 329 183 2
> 13620 7078 71 -117 -66 1
! -83308 -27620 200
! 54293 -84276 SHIELD
> 13931 6198 75 -95 101 3
> 6350 4591 -294 167 180 2
> 9810 8473 -203 218 -159 2
> 13638 7139 -6 124 -66 1
! 12023 16014 0 sims=354109 RUNNER
! -3161 1501 0 sims=354109 BLOCKER
> 13931 6198 75 -95 101 3
> 6350 4591 -294 167 180 2
> 9810 8473 -203 218 -159 2
> 13638 7139 -6 124 -66 1
! -67904 -54458 200
! 54311 -84215 0
> 14006 6103 63 -80 101 3
> 6056 4758 -249 141 -162 2
> 9452 8565 -304 78 -141 2
> 13632 7263 -5 105 -66 1
! 12098 15919 0 sims=366422 RUNNER
! -3944 4758 0 sims=366422 BLOCKER
> 14006 6103 63 -80 101 3
> 6056 4758 -249 141 -162 2
> 9452 8565 -304 78 -141 2
> 13632 7263 -5 105 -66 1
! -45011 -75302 200
! 54305 -84091 0
> 14069 6023 53 -68 101 3
> 5807 4899 -211 119 180 2
> 9039 8475 -350 -76 -123 2
> 13627 7368 -4 89 -66 1
! 9221 14769 0 sims=366534 RUNNER
! -3704 1809 0 sims=366534 BLOCKER
> 14069 6023 53 -68 101 3
> 5807 4899 -211 119 180 2
> 9039 8475 -350 -76 -123 2
> 13627 7368 -4 89 -66 1
! -16843 -88117 200
! 24079 -92084 200
> 14122 5955 45 -57 119 3
> 5596 5018 -179 101 -162 2
> 8637 8206 -341 -228 -105 2
> 13623 7457 -3 75 -84 1
! 12214 15771 200 sims=365911 RUNNER
! -4404 5018 0 sims=365911 BLOCKER
> 14122 5955 45 -57 119 3
> 5596 5018 -179 101 -162 2
> 8637 8206 -341 -228 -105 2
> 13623 7457 -3 75 -84 1
! -45826 -75661 200
! 24075 -91995 200
> 14129 6094 5 118 101 3
> 5417 5119 -152 85 180 2
> 8187 7810 -382 -336 -123 2
> 13641 7333 15 -105 -84 1
! 12221 15910 200 sims=336665 RUNNER
! -4094 8209 0 sims=336665 BLOCKER
> 14129 6094 5 118 101 3
> 5417 5119 -152 85 180 2
> 8187 7810 -382 -336 -123 2
> 13641 7333 15 -105 -84 1
! -46276 -76057 200
! 54314 -84021 200
> 14128 6347 207 -178 101 3
> 5265 5204 -129 72 162 2
> 7696 7306 -417 -428 -123 2
> 13705 7107 -153 201 -66 1
! 9280 15093 200 sims=349195 RUNNER
! -2825 11082 0 sims=349195 BLOCKER
> 14128 6347 207 -178 101 3
> 5265 5204 -129 72 162 2
> 7696 7306 -417 -428 -123 2
> 13705 7107 -153 201 -66 1
! -70018 -55625 200
! 80617 -67207 200
> 14238 6344 93 -2 119 3
> 5136 5276 -109 61 144 2
> 7124 6752 -486 -470 -141 2
> 13686 7159 -16 44 -48 1
! 6924 13164 200 sims=356720 RUNNER
! -742 13366 0 sims=356720 BLOCKER
> 14238 6344 93 -2 119 3
> 5136 5276 -109 61 144 2
> 7124 6752 -486 -470 -141 2
> 13686 7159 -16 44 -48 1
! -86234 -29084 0
! 80598 -67155 200
> 14246 6387 93 -93 137 3
> 5027 5337 -92 51 126 2
> 6638 6282 -413 -399 -159 2
> 13743 7145 -38 118 -48 1
! 9398 15133 200 sims=331695 RUNNER
! 1937 14848 0 sims=331695 BLOCKER
> 14246 6387 93 -93 137 3
> 5027 5337 -92 51 126 2
> 6638 6282 -413 -399 -159 2
> 13743 7145 -38 118 -48 1
! -93224 1048 0
! 54416 -84209 200
> 14271 6429 92 -63 119 3
> 4935 5388 -78 43 108 2
> 6225 5883 -351 -339 -177 2
> 13757 7120 -59 78 -66 1
! 9423 15175 200 sims=340732 RUNNER
! 4935 15388 0 sims=340732 BLOCKER
> 14271 6429 92 -63 119 3
> 4935 5388 -78 43 108 2
> 6225 5883 -351 -339 -177 2
> 13757 7120 -59 78 -66 1
! -90367 31764 0
! 80669 -67194 200
> 14357 6424 108 -50 119 3
> 4857 5431 -66 36 90 2
> 5874 5544 -298 -288 -195 2
> 13741 7167 -48 85 -48 1
! 7043 13244 200 sims=332444 RUNNER
! 7947 14942 200 sims=332444 BLOCKER
> 14357 6424 108 -50 119 3
> 4857 5431 -66 36 90 2
> 5874 5544 -298 -288 -195 2
> 13741 7167 -48 85 -48 1
! -90718 31425 0
! 80653 -67147 200
> 14340 6485 85 -68 137 3
> 4853 5657 -3 192 72 2
> 5576 5256 -253 -244 165 2
> 13806 7129 -44 88 -48 1
! 9492 15231 200 sims=343994 RUNNER
! 10731 13747 200 sims=343994 BLOCKER
> 14340 6485 85 -68 137 3
> 4853 5657 -3 192 72 2
> 5576 5256 -253 -244 165 2
> 13806 7129 -44 88 -48 1
! -78291 59719 200
! 80718 -67185 200
> 14441 6457 108 -50 119 3
> 4834 6108 -35 397 54 2
> 5289 5024 -224 -211 147 2
> 13783 7203 -42 89 -48 1
! 7127 13277 200 sims=359254 RUNNER
! 12924 11986 200 sims=359254 BLOCKER
> 14441 6457 108 -50 119 3
> 4834 6108 -35 397 54 2
> 5289 5024 -224 -211 147 2
> 13783 7203 -42 89 -48 1
! -78578 59487 200
! 80695 -67111 200
> 14403 6543 89 -65 137 3
> 4961 6623 107 437 36 2
> 4897 4922 -332 -86 147 2
> 13874 7144 -44 88 -48 1
! 7089 13363 200 sims=357455 RUNNER
! 14472 9713 200 sims=357455 BLOCKER
> 14403 6543 89 -65 137 3
> 4961 6623 107 437 36 2
> 4897 4922 -332 -86 147 2
> 13874 7144 -44 88 -48 1
! -58035 82636 200
! 80786 -67170 200
> 14489 6451 73 -78 137 3
> 5258 7122 252 423 18 2
> 4439 4991 -389 59 129 2
> 13820 7247 -46 87 -48 1
! 9641 15197 200 sims=305753 RUNNER
! 15258 7122 200 sims=305753 BLOCKER
> 14489 6451 73 -78 137 3
> 5258 7122 252 423 18 2
> 4439 4991 -389 59 129 2
> 13820 7247 -46 87 -48 1
! -31397 98349 200
! 80732 -67067 200
> 14465 6548 -20 82 119 3
> 5710 7545 384 359 0 2
> 3978 5237 -391 208 111 3
> 13908 7185 74 -52 -48 1
! 7151 13368 200 sims=317793 RUNNER
! 15221 4455 200 sims=317793 BLOCKER
> 14465 6548 -20 82 119 3
> 5710 7545 384 359 0 2
> 3978 5237 -391 208 111 3
> 13908 7185 74 -52 -48 1
! -1255 105099 0
! 80820 -67129 200
> 14638 6378 172 -173 137 3
> 6284 7842 488 252 -18 2
> 3587 5445 -332 176 93 3
> 13777 7373 -137 189 -48 1
! 7324 13198 200 sims=343693 RUNNER
! 15795 4752 200 sims=343693 BLOCKER
> 14638 6378 172 -173 137 3
> 6284 7842 488 252 -18 2
> 3587 5445 -332 176 93 3
> 13777 7373 -137 189 -48 1
! 29468 102037 0
! 80689 -66941 200
> 14664 6341 21 -31 137 3
> 6962 8032 576 161 -18 2
> 3255 5621 -282 149 75 3
> 13774 7413 -2 34 -48 1
! 7350 13161 200 sims=356034 RUNNER
! 16473 4942 200 sims=356034 BLOCKER
> 14664 6341 21 -31 137 3
> 6962 8032 576 161 -18 2
> 3255 5621 -282 149 75 3
> 13774 7413 -2 34 -48 1
! 57718 89488 0
! 80686 -66901 200
> 14539 6446 -106 89 137 3
> 7728 8131 651 84 -18 2
> 2973 5770 -239 126 57 3
> 13906 7298 112 -97 -48 1
! 7225 13266 SHIELD sims=349510 RUNNER
! 17239 5041 200 sims=349510 BLOCKER
> 14539 6446 -106 89 137 3
> 7728 8131 651 84 -18 2
> 2973 5770 -239 126 57 3
> 13906 7298 112 -97 -48 1
! 80687 68702 200
! 54579 -84056 200
> 14456 6504 -47 16 137 3
> 8569 8153 715 18 -18 2
> 2889 6022 -71 214 39 3
> 13873 7332 -264 356 -66 1
! 9608 15250 0 sims=362572 RUNNER
! 18080 5063 200 sims=362572 BLOCKER
> 14456 6504 -47 16 137 3
> 8569 8153 715 18 -18 2
> 2889 6022 -71 214 39 3
> 13873 7332 -264 356 -66 1
! 96247 41858 200
! 54546 -84022 200
> 14409 6520 -39 13 119 3
> 9474 8109 769 -37 -18 2
> 3005 6308 98 242 21 3
> 13690 7505 -155 147 -66 1
! 7095 13340 0 sims=351323 RUNNER
! 19474 8109 200 sims=351323 BLOCKER
> 14409 6520 -39 13 119 3
> 9474 8109 769 -37 -18 2
> 3005 6308 98 242 21 3
> 13690 7505 -155 147 -66 1
! 102867 11541 200
! 80602 -66809 200
> 14370 6533 -33 11 137 3
> 10443 8072 823 -31 0 2
> 3303 6560 253 214 3 3
> 13669 7503 -17 -1 -48 1
! 5307 10759 0 sims=349034 RUNNER
! 19954 4982 200 sims=349034 BLOCKER
> 14370 6533 -33 11 137 3
> 10443 8072 823 -31 0 2
> 3303 6560 253 214 3 3
> 13669 7503 -17 -1 -48 1
! 96661 42396 200
! 54342 -83851 200
> 14337 6544 -28 9 155 3
> 11456 7979 861 -78 -18 2
> 3743 6846 373 242 21 3
> 13733 7319 54 -156 -66 1
! 7023 13364 200 sims=322623 RUNNER
! 19546 2101 0 sims=322623 BLOCKER
> 14337 6544 -28 9 155 3
> 11456 7979 861 -78 -18 2
> 3743 6846 373 242 21 3
> 13733 7319 54 -156 -66 1
! 97101 42682 200
! 54406 -84035 200
> 14408 6388 158 -252 137 3
> 12317 7901 731 -66 -36 2
> 4303 7160 475 266 21 3
> 13623 7282 -191 88 -66 1
! 9560 15134 200 sims=349398 RUNNER
! 18195 -189 200 sims=349398 BLOCKER
> 14408 6388 158 -252 137 3
> 12317 7901 731 -66 -36 2
> 4303 7160 475 266 21 3
> 13623 7282 -191 88 -66 1
! 104165 12393 200
! 80535 -67032 200
> 14469 6311 51 -65 119 3
> 13003 7801 176 234 -54 2
> 4978 7436 573 234 3 3
> 13728 7094 496 -479 -48 1
! 9621 15057 SHIELD sims=327887 RUNNER
! 16093 -1710 200 sims=327887 BLOCKER
> 14469 6311 51 -65 119 3
> 13003 7801 176 234 -54 2
> 4978 7436 573 234 3 3
> 13728 7094 496 -479 -48 1
! 104840 12669 200
! 80640 -67220 200
> 14585 6175 127 -146 119 3
> 13241 7845 202 37 -72 2
> 5751 7680 656 207 3 3
> 13708 7173 -307 383 -48 1
! 7271 12995 0 sims=326935 RUNNER
! 16331 -1666 200 sims=326935 BLOCKER
> 14585 6175 127 -146 119 3
> 13241 7845 202 37 -72 2
> 5751 7680 656 207 3 3
> 13708 7173 -307 383 -48 1
! 102343 -18201 200
! 80620 -67141 200
> 14712 6029 107 -124 137 3
> 13194 8144 -48 266 -72 2
> 6600 7835 721 131 -15 3
> 13845 6955 125 -197 -48 1
! 9864 14775 0 sims=359674 RUNNER
! 13194 -1856 0 sims=359674 BLOCKER
> 14712 6029 107 -124 137 3
> 13194 8144 -48 266 -72 2
> 6600 7835 721 131 -15 3
> 13845 6955 125 -197 -48 1
! 106462 13068 200
! 100447 -43045 0
> 14819 5905 90 -105 119 3
> 13146 8410 -40 226 -90 2
> 7521 7976 782 120 3 3
> 13970 6758 106 -167 -30 1
! 9971 14651 0 sims=342104 RUNNER
! 10056 -1101 0 sims=342104 BLOCKER
> 14819 5905 90 -105 119 3
> 13146 8410 -40 226 -90 2
> 7521 7976 782 120 3 3
> 13970 6758 106 -167 -30 1
! 104113 -17905 200
! 100572 -43242 200
> 14909 5800 76 -89 119 3
> 13106 8636 -34 192 -108 2
> 8496 8044 828 58 -15 3
> 14249 6491 237 -226 -30 1
! 13001 15616 200 sims=334509 RUNNER
! 7228 546 200 sims=334509 BLOCKER
> 14909 5800 76 -89 119 3
> 13106 8636 -34 192 -108 2
> 8496 8044 828 58 -15 3
> 14249 6491 237 -226 -30 1
! 105088 -17838 200
! 81161 -67823 200
> 15246 5613 380 -251 101 3
> 12954 8666 -128 25 -126 2
> 9517 8050 868 5 -15 3
> 14320 6411 -33 24 -48 1
! 13338 15429 200 sims=346346 RUNNER
! 9864 -845 200 sims=346346 BLOCKER
> 15246 5613 380 -251 101 3
> 12954 8666 -128 25 -126 2
> 9517 8050 868 5 -15 3
> 14320 6411 -33 24 -48 1
! 109379 13283 200
! 100922 -43589 0
> 15588 5558 290 -46 101 3
> 12764 8501 -161 -140 -108 2
> 10585 8065 907 13 3 3
> 14287 6435 -28 20 -30 1
! 13680 15374 200 sims=284424 RUNNER
! 6886 411 200 sims=284424 BLOCKER
> 15588 5558 290 -46 101 3
> 12764 8501 -161 -140 -108 2
> 10585 8065 907 13 3 3
> 14287 6435 -28 20 -30 1
! 110447 13298 200
! 112101 -14356 200
> 15840 5708 214 127 101 3
> 12485 8199 -236 -256 -126 2
> 11692 8088 940 19 3 3
> 14455 6413 142 -18 -12 1
! 17059 15633 200 sims=405090 RUNNER
! 6607 109 SHIELD sims=405090 BLOCKER
> 15840 5708 214 127 101 3
> 12485 8199 -236 -256 -126 2
> 11692 8088 940 19 3 3
> 14455 6413 142 -18 -12 1
! 108284 -17793 SHIELD
! 113907 16865 200
> 16078 6034 202 276 83 3
> 13439 8110 811 -75 -126 2
> 11442 7940 -213 -125 -15 3
> 14796 6416 289 2 6 1
! 17297 15959 200 sims=366681 RUNNER
! 5349 2232 0 sims=366681 BLOCKER
> 16078 6034 202 276 83 3
> 13439 8110 811 -75 -126 2
> 11442 7940 -213 -125 -15 3
> 14796 6416 289 2 6 1
! 108034 -17942 0
! 106150 47089 200
> 16304 6509 192 403 83 3
> 14250 8035 689 -63 -144 2
> 11229 7815 -181 -106 -15 3
> 15268 6499 400 70 24 1
! 14396 16325 200 sims=330722 RUNNER
! 8372 -55 0 sims=330722 BLOCKER
> 16304 6509 192 403 83 3
> 14250 8035 689 -63 -144 2
> 11229 7815 -181 -106 -15 3
> 15268 6499 400 70 24 1
! 111091 13048 0
! 89582 73412 200
> 16509 7130 307 583 101 3
> 14939 7972 585 -53 -126 2
> 11048 7709 -153 -90 3 3
> 15765 6681 289 99 42 1
! 11661 15876 0 sims=365064 RUNNER
! 9061 -118 0 sims=365064 BLOCKER
> 16509 7130 307 583 101 3
> 14939 7972 585 -53 -126 2
> 11048 7709 -153 -90 3 3
> 15765 6681 289 99 42 1
! 110910 12942 0
! 65765 93283 0
> 16816 7713 260 495 119 3
> 15524 7919 497 -45 -126 2
> 10895 7619 -130 -76 3 3
> 16054 6780 245 84 60 1
! 9502 14533 0 sims=361963 RUNNER
! 12434 -1592 200 sims=361963 BLOCKER
> 16816 7713 260 495 119 3
> 15524 7919 497 -45 -126 2
> 10895 7619 -130 -76 3 3
> 16054 6780 245 84 60 1
! 110757 12852 200
! 36845 104594 200
> 17076 8208 221 420 137 3
> 15925 7743 148 182 -108 2
> 10965 7553 59 -55 3 3
> 16375 7000 465 -144 78 1
! 8013 12434 200 sims=394352 RUNNER
! 10047 -347 200 sims=394352 BLOCKER
> 17076 8208 221 420 137 3
> 15925 7743 148 182 -108 2
> 10965 7553 59 -55 3 3
> 16375 7000 465 -144 78 1
! 110827 12786 200
! 5922 106452 0
> 17116 8713 33 428 155 3
> 15955 7763 25 17 -126 2
> 11224 7508 219 -37 3 3
> 16840 6856 395 -122 96 1
! 7191 9932 200 sims=396508 RUNNER
! 10077 -327 200 sims=396508 BLOCKER
> 17116 8713 33 428 155 3
> 15955 7763 25 17 -126 2
> 11224 7508 219 -37 3 3
> 16840 6856 395 -122 96 1
! 104582 43344 200
! -23833 98210 200
> 16950 9165 -140 384 173 3
> 15862 7618 -78 -123 -126 2
> 11630 7543 344 29 21 3
> 17154 6917 266 51 114 1
! 7134 7257 200 sims=399154 RUNNER
! 9984 -472 200 sims=399154 BLOCKER
> 16950 9165 -140 384 173 3
> 15862 7618 -78 -123 -126 2
> 11630 7543 344 29 21 3
> 17154 6917 266 51 114 1
! 104988 43379 200
! -49759 81231 200
> 16614 9511 -285 293 191 3
> 15666 7333 -166 -242 -126 2
> 12161 7644 451 85 21 3
> 17286 7117 112 169 132 1
! 7868 4663 200 sims=392714 RUNNER
! 9788 -757 200 sims=392714 BLOCKER
> 16614 9511 -285 293 191 3
> 15666 7333 -166 -242 -126 2
> 12161 7644 451 85 21 3
> 17286 7117 112 169 132 1
! 89875 70576 200
! -69316 57117 200
> 16154 9707 -390 166 209 3
> 15382 6929 -241 -343 -126 2
> 12767 7855 515 179 39 3
> 17225 7386 -52 228 150 1
! 6338 7799 200 sims=380065 RUNNER
! 9504 -1161 200 sims=380065 BLOCKER
> 16154 9707 -390 166 209 3
> 15382 6929 -241 -343 -126 2
> 12767 7855 515 179 39 3
> 17225 7386 -52 228 150 1
! 67230 91722 0
! -80589 28177 200
> 15568 9835 -498 108 -169 3
> 15023 6424 -304 -429 -126 2
> 13282 8034 437 152 57 0
> 16977 7656 -210 229 168 1
! 6822 4987 200 sims=396291 RUNNER
! 11933 -3087 0 sims=396291 BLOCKER
> 15568 9835 -498 108 -169 3
> 15023 6424 -304 -429 -126 2
> 13282 8034 437 152 57 0
> 16977 7656 -210 229 168 1
! 90996 70966 0
! -82475 -2796 200
> 14895 9846 -571 9 -151 3
> 14719 5995 -258 -364 -108 2
> 13719 8186 371 129 39 0
> 16568 7864 -347 176 -174 1
! 8075 2532 200 sims=377006 RUNNER
! 8841 -2095 0 sims=377006 BLOCKER
> 14895 9846 -571 9 -151 3
> 14719 5995 -258 -364 -108 2
> 13719 8186 371 129 39 0
> 16568 7864 -347 176 -174 1
! 68182 92053 200
! -74786 -32809 200
> 14188 9709 -601 -116 -133 3
> 14461 5631 -219 -309 -126 2
> 14199 8483 407 252 57 0
> 16038 7959 -450 80 -156 1
! 9962 646 0 sims=373072 RUNNER
! 11371 -3880 0 sims=373072 BLOCKER
> 14188 9709 -601 -116 -133 3
> 14461 5631 -219 -309 -126 2
> 14199 8483 407 252 57 0
> 16038 7959 -450 80 -156 1
! 91913 71415 0
! -83414 -2493 0
> 13587 9593 -510 -98 -115 3
> 14242 5322 -186 -262 -108 2
> 14606 8735 345 214 39 0
> 15588 8039 -382 68 -174 1
! 12368 -332 0 sims=398314 RUNNER
! 8364 -2768 0 sims=398314 BLOCKER
> 13587 9593 -510 -98 -115 3
> 14242 5322 -186 -262 -108 2
> 14606 8735 345 214 39 0
> 15588 8039 -382 68 -174 1
! 107964 44571 0
! -75766 -32634 0
> 13077 9495 -433 -83 -97 3
> 14056 5060 -158 -222 -126 2
> 14951 8949 293 181 21 0
> 15206 8107 -324 57 -156 1
! 14985 -321 0 sims=383677 RUNNER
! 10966 -4451 0 sims=383677 BLOCKER
> 13077 9495 -433 -83 -97 3
> 14056 5060 -158 -222 -126 2
> 14951 8949 293 181 21 0
> 15206 8107 -324 57 -156 1
! 114813 14182 0
! -76148 -32566 0
> 12644 9412 -368 -70 -79 3
> 13898 4838 -134 -188 -108 2
> 15244 9130 249 153 3 0
> 14882 8164 -275 48 -156 1
! 17492 666 0 sims=386876 RUNNER
! 8020 -3252 0 sims=386876 BLOCKER
> 12644 9412 -368 -70 -79 3
> 13898 4838 -134 -188 -108 2
> 15244 9130 249 153 3 0
> 14882 8164 -275 48 -156 1
! 111836 -16751 0
! -84570 -2288 0
> 12276 9342 -312 -59 -61 3
> 13764 4650 -113 -159 -126 2
> 15493 9283 211 130 -15 0
> 14607 8212 -233 40 -174 1
! 19590 2522 0 sims=371350 RUNNER
! 10674 -4861 0 sims=371350 BLOCKER
> 12276 9342 -312 -59 -61 3
> 13764 4650 -113 -159 -126 2
> 15493 9283 211 130 -15 0
> 14607 8212 -233 40 -174 1
! 99359 -45181 0
! -84845 -2240 0
> 11964 9283 -265 -50 -43 3
> 13651 4491 -96 -135 -108 2
> 15704 9413 179 110 -33 0
> 14374 8252 -198 34 -174 1
! 16812 537 200 sims=387086 RUNNER
! 7773 -3599 0 sims=387086 BLOCKER
> 11964 9283 -265 -50 -43 3
> 13651 4491 -96 -135 -108 2
> 15704 9413 179 110 -33 0
> 14374 8252 -198 34 -174 1
! 78635 -68301 200
! -85078 -2200 0
> 11796 9058 -142 -191 -61 3
> 13555 4356 -81 -114 -126 2
> 16009 9368 259 -38 -51 0
> 14176 8286 -168 28 -174 1
! 19110 2238 200 sims=386939 RUNNER
! 10465 -5155 0 sims=386939 BLOCKER
> 11796 9058 -142 -191 -61 3
> 13555 4356 -81 -114 -126 2
> 16009 9368 259 -38 -51 0
> 14176 8286 -168 28 -174 1
! 51845 -83990 200
! -77178 -32387 200
> 11800 8731 3 -278 -43 3
> 13474 4242 -68 -96 -108 2
> 16340 9143 281 -191 -69 0
> 13825 8233 -298 -45 -156 1
! 20863 4505 0 sims=304045 RUNNER
! 7596 -3848 0 sims=304045 BLOCKER
> 11800 8731 3 -278 -43 3
> 13474 4242 -68 -96 -108 2
> 16340 9143 281 -191 -69 0
> 13825 8233 -298 -45 -156 1
! 21573 -90719 200
! -77529 -32440 200
> 11803 8453 2 -236 -25 3
> 13406 4146 -57 -81 -126 2
> 16631 8752 247 -332 -87 0
> 13344 8107 -408 -107 -156 1
! 21728 7234 200 sims=370769 RUNNER
! 10316 -5365 0 sims=370769 BLOCKER
> 11803 8453 2 -236 -25 3
> 13406 4146 -57 -81 -126 2
> 16631 8752 247 -332 -87 0
> 13344 8107 -408 -107 -156 1
! -9251 -87840 200
! -86108 -2345 0
> 12004 8193 170 -221 -7 3
> 13349 4065 -48 -68 -108 2
> 16826 8227 165 -446 -105 0
> 12936 8000 -346 -90 -174 1
! 21929 6974 SHIELD sims=382921 RUNNER
! 7471 -4025 0 sims=382921 BLOCKER
> 12004 8193 170 -221 -7 3
> 13349 4065 -48 -68 -108 2
> 16826 8227 165 -446 -105 0
> 12936 8000 -346 -90 -174 1
! -37637 -75640 200
! -84878 28791 0
> 12106 7985 63 -171 -7 3
> 13301 3997 -40 -57 -126 2
> 16882 7613 47 -521 -123 0
> 13268 7776 511 -236 168 1
! 21922 9893 0 sims=365967 RUNNER
! 10211 -5514 0 sims=365967 BLOCKER
> 12106 7985 63 -171 -7 3
> 13301 3997 -40 -57 -126 2
> 16882 7613 47 -521 -123 0
> 13268 7776 511 -236 168 1
! -60832 -55318 200
! -84546 28567 200
> 12169 7814 53 -145 11 3
> 13261 3940 -34 -48 -108 2
> 16774 6966 -92 -549 -141 0
> 13583 7582 268 -165 168 1
! 21985 9722 0 sims=356090 RUNNER
! 13261 -6060 0 sims=356090 BLOCKER
> 12169 7814 53 -145 11 3
> 13261 3940 -34 -48 -108 2
> 16774 6966 -92 -549 -141 0
> 13583 7582 268 -165 168 1
! -76584 -28870 200
! -84231 28373 200
> 12222 7669 45 -123 11 3
> 13227 3892 -28 -40 -90 2
> 16495 6345 -236 -527 -159 0
> 13655 7459 61 -104 168 1
! 22038 9577 0 sims=338947 RUNNER
! 16317 -5619 0 sims=338947 BLOCKER
> 12222 7669 45 -123 11 3
> 13227 3892 -28 -40 -90 2
> 16495 6345 -236 -527 -159 0
> 13655 7459 61 -104 168 1
! -61219 -56586 200
! -84159 28250 200
> 12267 7546 38 -104 11 3
> 13199 3852 -23 -34 -72 2
> 16104 5692 -332 -554 -141 0
> 13520 7397 -114 -53 168 1
! 22083 9454 200 sims=322581 RUNNER
! 19077 -4238 0 sims=322581 BLOCKER
> 12267 7546 38 -104 11 3
> 13199 3852 -23 -34 -72 2
> 16104 5692 -332 -554 -141 0
> 13520 7397 -114 -53 168 1
! -61610 -57239 200
! -84294 28188 200
> 12417 7491 -261 3 11 3
> 13176 3818 -19 -28 -54 2
> 15617 5012 -414 -577 -141 0
> 13294 7375 197 -69 168 1
! 22342 6272 200 sims=309736 RUNNER
! 21266 -2060 200 sims=309736 BLOCKER
> 12417 7491 -261 3 11 3
> 13176 3818 -19 -28 -54 2
> 15617 5012 -414 -577 -141 0
> 13294 7375 197 -69 168 1
! -62097 -57919 0
! -73308 57375 200
> 12355 7470 -53 -18 -7 3
> 13319 3672 121 -123 -36 2
> 15203 4435 -351 -490 -141 0
> 13318 7406 20 26 150 1
! 22280 6251 200 sims=315245 RUNNER
! 22830 582 200 sims=315245 BLOCKER
> 12355 7470 -53 -18 -7 3
> 13319 3672 121 -123 -36 2
> 15203 4435 -351 -490 -141 0
> 13318 7406 20 26 150 1
! -39260 -79432 200
! -84496 28197 200
> 12342 7429 -150 -33 -7 3
> 13630 3487 264 -157 -18 2
> 14743 3777 -390 -559 -123 0
> 13301 7472 124 54 168 1
! 22158 9337 200 sims=367640 RUNNER
! 23141 397 SHIELD sims=367640 BLOCKER
> 12342 7429 -150 -33 -7 3
> 13630 3487 264 -157 -18 2
> 14743 3777 -390 -559 -123 0
> 13301 7472 124 54 168 1
! -39720 -80090 SHIELD
! -86151 -2980 200
> 12388 7434 39 4 11 3
> 13539 3288 -363 -203 -18 2
> 14708 3260 256 -405 -123 0
> 13226 7505 -63 28 -174 1
! 22204 9342 200 sims=371504 RUNNER
! 21629 -2590 0 sims=371504 BLOCKER
> 12388 7434 39 4 11 3
> 13539 3288 -363 -203 -18 2
> 14708 3260 256 -405 -123 0
> 13226 7505 -63 28 -174 1
! -63006 -59671 0
! -86226 -2947 200
> 12168 7437 -222 0 11 3
> 13176 3085 -308 -172 -36 2
> 14964 2855 217 -344 -141 0
> 13420 7551 199 42 -174 1
! 22093 6218 200 sims=366387 RUNNER
! 22687 -5 0 sims=366387 BLOCKER
> 12168 7437 -222 0 11 3
> 13176 3085 -308 -172 -36 2
> 14964 2855 217 -344 -141 0
> 13420 7551 199 42 -174 1
! -78394 -32981 0
! -86032 -2901 200
> 12145 7413 -19 -20 -7 3
> 12868 2913 -261 -146 -18 2
> 15181 2511 184 -292 -159 0
> 13420 7572 0 17 -174 1
! 21961 9321 200 sims=304178 RUNNER
! 20958 -2965 0 sims=304178 BLOCKER
> 12145 7413 -19 -20 -7 3
> 12868 2913 -261 -146 -18 2
> 15181 2511 184 -292 -159 0
> 13420 7572 0 17 -174 1
! -78177 -33325 0
! -86032 -2880 200
> 12322 7431 150 15 11 3
> 12607 2767 -221 -124 -36 2
> 15365 2219 156 -248 -159 0
> 13221 7568 -169 -3 -174 1
! 22138 9339 SHIELD sims=363356 RUNNER
! 22118 -323 200 sims=363356 BLOCKER
> 12322 7431 150 15 11 3
> 12607 2767 -221 -124 -36 2
> 15365 2219 156 -248 -159 0
> 13221 7568 -169 -3 -174 1
! -84497 -3014 200
! -86231 -2884 SHIELD
> 12266 7412 -138 -31 11 3
> 12576 2581 -26 -157 -18 2
> 15321 1961 -37 -219 -177 0
> 13258 7599 122 41 -174 1
! 22191 6193 0 sims=304304 RUNNER
! 22087 -509 200 sims=304304 BLOCKER
> 12266 7412 -138 -31 11 3
> 12576 2581 -26 -157 -18 2
> 15321 1961 -37 -219 -177 0
> 13258 7599 122 41 -174 1
! -84541 -3272 200
! -86194 -2853 0
> 12128 7381 -117 -26 -7 3
> 12740 2362 139 -185 -18 2
> 15084 1732 -201 -195 -177 0
> 13380 7640 103 34 -174 1
! 22053 6162 0 sims=354319 RUNNER
! 20830 -3516 200 sims=354319 BLOCKER
> 12128 7381 -117 -26 -7 3
> 12740 2362 139 -185 -18 2
> 15084 1732 -201 -195 -177 0
> 13380 7640 103 34 -174 1
! -81508 27613 200
! -86072 -2812 0
> 12011 7355 -99 -22 -7 3
> 13041 2059 255 -257 -36 2
> 14690 1589 -335 -121 165 0
> 13483 7674 87 28 -174 1
! 21827 9263 0 sims=352366 RUNNER
! 22552 -1031 0 sims=352366 BLOCKER
> 12011 7355 -99 -22 -7 3
> 13041 2059 255 -257 -36 2
> 14690 1589 -335 -121 165 0
> 13483 7674 87 28 -174 1
! -85172 -3644 200
! -85969 -2778 0
> 11912 7333 -84 -18 11 3
> 13296 1802 216 -218 -18 2
> 14155 1458 -454 -111 -177 0
> 13570 7702 73 23 -174 1
! 21728 9241 200 sims=377111 RUNNER
! 22807 -1288 SHIELD sims=377111 BLOCKER
> 11912 7333 -84 -18 11 3
> 13296 1802 216 -218 -18 2
> 14155 1458 -454 -111 -177 0
> 13570 7702 73 23 -174 1
! -82437 27339 SHIELD
! -85882 -2750 200
> 12024 7353 95 17 11 3
> 13026 1799 -326 40 -18 2
> 14187 1132 124 -319 165 0
> 13444 7704 -107 1 -174 1
! 21840 9261 200 sims=351568 RUNNER
! 23026 1799 0 sims=351568 BLOCKER
> 12024 7353 95 17 11 3
> 13026 1799 -326 40 -18 2
> 14187 1132 124 -319 165 0
> 13444 7704 -107 1 -174 1
! -69680 55595 0
! -77910 -32969 200
> 12315 7408 247 46 11 3
> 12700 1839 -277 34 0 2
> 14311 813 105 -271 147 0
> 13154 7624 -246 -68 -156 1
! 22131 9316 SHIELD sims=334810 RUNNER
! 22211 -1251 0 sims=334810 BLOCKER
> 12315 7408 247 46 11 3
> 12700 1839 -277 34 0 2
> 14311 813 105 -271 147 0
> 13154 7624 -246 -68 -156 1
! -48621 78527 0
! -86298 -2828 SHIELD
