@ 0 reCurse
@ 1 YurkovAS
CP 5
CP 8723 7442
CP 7227 2135
CP 3581 5282
CP 13813 5091
CP 10675 2296
> 8242 7578 0 0 -1 1
> 9204 7306 0 0 -1 1
> 7279 7849 0 0 -1 1
> 10167 7035 0 0 -1 1
! -10089 -90727 200
! -53623 -70493 200
> 8242 7578 0 0 -1 1
> 9204 7306 0 0 -1 1
> 7279 7849 0 0 -1 1
> 10167 7035 0 0 -1 1
! 4523 -1764 BOOST sims=318304 RUNNER
! 2974 88 BOOST sims=318304 BLOCKER
> 8205 7381 -31 -167 -101 1
> 9078 7150 -106 -132 -129 1
> 7100 7224 -152 -531 -106 1
> 9699 6583 -397 -383 -136 1
! 20391 -91873 200
! -53854 -70564 0
> 8205 7381 -31 -167 -101 1
> 9078 7150 -106 -132 -129 1
> 7100 7224 -152 -531 -106 1
> 9699 6583 -397 -383 -136 1
! 7449 -2770 0 sims=328264 RUNNER
! 711 2199 0 sims=328264 BLOCKER
> 8155 7018 -156 -300 -83 1
> 9016 7015 60 -122 -129 1
> 6948 6693 -129 -451 -88 1
> 9302 6200 -337 -325 -154 1
! -10926 -91144 200
! -26820 -86343 0
> 8155 7018 -156 -300 -83 1
> 9016 7015 60 -122 -129 1
> 6948 6693 -129 -451 -88 1
> 9302 6200 -337 -325 -154 1
! 10368 -2704 200 sims=341568 RUNNER
! -601 4808 200 sims=341568 BLOCKER
> 7961 6522 -165 -421 -101 1
> 9076 6893 51 -103 -111 1
> 6887 6054 -51 -543 -70 1
> 8767 5847 -454 -299 -172 1
! 20147 -92732 0
! -53856 -70821 200
> 7961 6522 -165 -421 -101 1
> 9076 6893 51 -103 -111 1
> 6887 6054 -51 -543 -70 1
> 8767 5847 -454 -299 -172 1
! 10307 -3343 200 sims=348440 RUNNER
! -1136 4455 SHIELD sims=348440 BLOCKER
> 7741 6157 -453 -38 -83 1
> 9001 6635 -63 -219 -129 1
> 6904 5323 14 -621 -70 1
> 8318 5542 -354 -286 -172 1
! 50002 -84473 0
! -53931 -71079 200
> 7741 6157 -453 -38 -83 1
> 9001 6635 -63 -219 -129 1
> 6904 5323 14 -621 -70 1
> 8318 5542 -354 -286 -172 1
! 7253 -4671 0 sims=397712 RUNNER
! -1585 4150 0 sims=397712 BLOCKER
> 7288 6119 -385 -32 -65 1
> 8812 6261 -160 -318 -129 1
> 6918 4702 11 -527 -88 1
> 7964 5256 -300 -243 -172 1
! 75487 -67016 200
! -75055 -48202 200
> 7288 6119 -385 -32 -65 1
> 8812 6261 -160 -318 -129 1
> 6918 4702 11 -527 -88 1
> 7964 5256 -300 -243 -172 1
! 10338 -4695 0 sims=350072 RUNNER
! -1939 3864 0 sims=350072 BLOCKER
> 7039 5941 -211 -151 -47 1
> 8484 5834 -278 -362 -147 1
> 6929 4175 9 -447 -70 1
> 7664 5013 -255 -206 -172 1
! 75238 -67194 0
! -54448 -71880 200
> 7039 5941 -211 -151 -47 1
> 8484 5834 -278 -362 -147 1
> 6929 4175 9 -447 -70 1
> 7664 5013 -255 -206 -172 1
! 7278 -5819 0 sims=339520 RUNNER
! -2184 6749 0 sims=339520 BLOCKER
> 6828 5790 -179 -128 -47 1
> 8080 5317 -343 -439 -129 1
> 6938 3728 7 -379 -88 1
> 7409 4807 -216 -175 170 1
! 75027 -67345 200
! -54852 -72397 SHIELD
> 6828 5790 -179 -128 -47 1
> 8080 5317 -343 -439 -129 1
> 6938 3728 7 -379 -88 1
> 7409 4807 -216 -175 170 1
! 4182 -5885 0 sims=329240 RUNNER
! -2439 6543 SHIELD sims=329240 BLOCKER
> 6785 5516 -36 -233 -47 1
> 7911 5003 -113 -245 -129 1
> 6945 3349 5 -322 -106 1
> 7019 4507 -361 -276 170 1
! 49046 -85114 200
! -75956 -49460 200
> 6785 5516 -36 -233 -47 1
> 7911 5003 -113 -245 -129 1
> 6945 3349 5 -322 -106 1
> 7019 4507 -361 -276 170 1
! 1353 -4941 0 sims=385408 RUNNER
! -1810 9202 0 sims=385408 BLOCKER
> 6834 5102 41 -352 -65 1
> 7798 4758 -96 -208 -147 1
> 6950 3027 4 -273 -124 1
> 6658 4231 -306 -234 152 1
! 49095 -85528 200
! -76069 -49705 0
> 6834 5102 41 -352 -65 1
> 7798 4758 -96 -208 -147 1
> 6950 3027 4 -273 -124 1
> 6658 4231 -306 -234 152 1
! 1358 -5263 200 sims=366104 RUNNER
! -289 11424 0 sims=366104 BLOCKER
> 6904 4581 -19 -326 -65 1
> 7762 4543 136 -202 -147 1
> 6842 2588 -91 -372 -124 2
> 6347 3992 -351 -299 134 1
! 49165 -86049 200
! -76105 -49920 0
> 6904 4581 -19 -326 -65 1
> 7762 4543 136 -202 -147 1
> 6842 2588 -91 -372 -124 2
> 6347 3992 -351 -299 134 1
! -1038 -3569 0 sims=420664 RUNNER
! 1963 12980 0 sims=420664 BLOCKER
> 6970 4074 55 -431 -65 1
> 7898 4341 115 -171 -147 1
> 6751 2216 -77 -316 -142 2
> 5996 3693 -298 -254 116 1
! 19156 -95180 200
! -88694 -21540 200
> 6970 4074 55 -431 -65 1
> 7898 4341 115 -171 -147 1
> 6751 2216 -77 -316 -142 2
> 5996 3693 -298 -254 116 1
! -2646 -1204 0 sims=403704 RUNNER
! 4604 13596 0 sims=403704 BLOCKER
> 7049 3444 67 -535 -83 1
> 7820 4118 -66 -189 -165 1
> 6674 1900 -65 -268 -160 2
> 5698 3439 -253 -215 98 1
! -12032 -94718 200
! -88772 -21763 200
> 7049 3444 67 -535 -83 1
> 7820 4118 -66 -189 -165 1
> 6674 1900 -65 -268 -160 2
> 5698 3439 -253 -215 98 1
! -3320 1551 200 sims=394808 RUNNER
! 1314 12427 0 sims=394808 BLOCKER
> 7078 2713 24 -621 -101 2
> 7561 3877 -220 -204 -165 1
> 6409 1625 -225 -233 -178 2
> 5445 3224 -215 -182 116 1
! -41403 -84748 0
! -92301 9110 200
> 7078 2713 24 -621 -101 2
> 7561 3877 -220 -204 -165 1
> 6409 1625 -225 -233 -178 2
> 5445 3224 -215 -182 116 1
! -3204 4381 200 sims=382584 RUNNER
! 4053 13127 0 sims=382584 BLOCKER
> 7102 2092 20 -527 -119 2
> 7141 3683 -356 -164 177 1
> 5992 1447 -354 -151 164 2
> 5230 3042 -182 -154 98 1
! -66033 -66107 0
! -86217 39519 200
> 7102 2092 20 -527 -119 2
> 7141 3683 -356 -164 177 1
> 5992 1447 -354 -151 164 2
> 5230 3042 -182 -154 98 1
! -2298 7039 0 sims=448984 RUNNER
! 6966 12890 0 sims=448984 BLOCKER
> 7122 1565 17 -447 -137 2
> 6598 3591 -461 -78 159 1
> 5638 1296 -300 -128 146 2
> 5048 2888 -154 -130 80 1
! -83508 -40696 0
! -93264 8824 200
> 7122 1565 17 -447 -137 2
> 6598 3591 -461 -78 159 1
> 5638 1296 -300 -128 146 2
> 5048 2888 -154 -130 80 1
! -519 9176 200 sims=414560 RUNNER
! 6784 12736 200 sims=414560 BLOCKER
> 7139 1118 14 -379 -155 2
> 5937 3523 -561 -57 177 1
> 5215 1326 -359 25 128 2
> 4929 2955 -101 56 80 1
! -92115 -11068 0
! -87421 39359 SHIELD
> 7139 1118 14 -379 -155 2
> 5937 3523 -561 -57 177 1
> 5215 1326 -359 25 128 2
> 4929 2955 -101 56 80 1
! 1795 10723 0 sims=379256 RUNNER
! 9624 11784 200 sims=379256 BLOCKER
> 7153 739 11 -322 -173 2
> 5418 3490 -393 0 159 1
> 4856 1351 -305 21 110 2
> 4502 2943 -839 -287 62 1
! -91009 19819 200
! -87940 39326 0
> 7153 739 11 -322 -173 2
> 5418 3490 -393 0 159 1
> 4856 1351 -305 21 110 2
> 4502 2943 -839 -287 62 1
! 4507 11345 200 sims=387176 RUNNER
! 11695 9890 200 sims=387176 BLOCKER
> 6968 455 -157 -241 169 2
> 5025 3490 -334 0 159 1
> 4544 1572 -265 187 92 2
> 3807 2795 -590 -125 44 1
! -80493 48936 200
! -94837 8723 0
> 6968 455 -157 -241 169 2
> 5025 3490 -334 0 159 1
> 4544 1572 -265 187 92 2
> 3807 2795 -590 -125 44 1
! 7300 11185 200 sims=372232 RUNNER
! 11000 9742 200 sims=372232 BLOCKER
> 6636 311 -282 -122 151 2
> 4691 3490 -283 0 177 1
> 4334 1951 -178 322 74 2
> 3361 2809 -379 11 44 1
! -61563 73446 200
! -91901 -22391 0
> 6636 311 -282 -122 151 2
> 4691 3490 -283 0 177 1
> 4334 1951 -178 322 74 2
> 3361 2809 -379 11 44 1
! 7090 11564 200 sims=356816 RUNNER
! 12349 7193 200 sims=356816 BLOCKER
> 6218 335 -355 20 133 2
> 4408 3490 -240 0 -165 1
> 4211 2465 -104 437 74 2
> 3162 2908 -169 83 26 1
! -36043 90965 200
! -79459 -50973 SHIELD
> 6218 335 -355 20 133 2
> 4408 3490 -240 0 -165 1
> 4211 2465 -104 437 74 2
> 3162 2908 -169 83 26 1
! 9803 10755 0 sims=397784 RUNNER
! 10355 9855 200 sims=397784 BLOCKER
> 5778 536 -373 171 115 2
> 4174 3528 -193 69 -147 1
> 4048 2525 -196 -319 56 2
> 3137 3130 -21 188 44 1
! -6408 99790 200
! -92418 -22353 SHIELD
> 5778 536 -373 171 115 2
> 4174 3528 -193 69 -147 1
> 4048 2525 -196 -319 56 2
> 3137 3130 -21 188 44 1
! 9640 10815 200 sims=361240 RUNNER
! 12125 7514 0 sims=361240 BLOCKER
> 5381 906 -337 314 97 2
> 3981 3597 -164 58 -165 1
> 3964 2372 -71 -130 56 2
> 3116 3318 -17 159 26 1
! -6805 100160 200
! -95881 8830 SHIELD
> 5381 906 -337 314 97 2
> 3981 3597 -164 58 -165 1
> 3964 2372 -71 -130 56 2
> 3116 3318 -17 159 26 1
! 6720 11985 200 sims=357136 RUNNER
! 13019 4710 200 sims=357136 BLOCKER
> 5020 1419 -307 435 97 2
> 3862 3669 -85 66 177 1
> 3948 2434 -13 52 74 2
> 2848 3363 -388 -12 8 1
! -37241 92049 200
! -92730 -22212 0
> 5020 1419 -307 435 97 2
> 3862 3669 -85 66 177 1
> 3948 2434 -13 52 74 2
> 2848 3363 -388 -12 8 1
! 6704 12047 200 sims=381184 RUNNER
! 12696 1627 0 sims=381184 BLOCKER
> 4628 2035 -332 523 115 2
> 3777 3735 -72 56 -165 1
> 3990 2678 35 207 74 2
> 2460 3351 -329 -10 -10 1
! -37633 92665 SHIELD
! -80090 -50728 200
> 4628 2035 -332 523 115 2
> 3777 3735 -72 56 -165 1
> 3990 2678 35 207 74 2
> 2460 3351 -329 -10 -10 1
! 6746 12291 SHIELD sims=402840 RUNNER
! 12363 4743 200 sims=402840 BLOCKER
> 4558 2288 3 150 115 2
> 3657 4084 -192 851 -147 1
> 3767 3126 -242 389 74 2
> 2329 3369 -111 15 8 1
! -63641 75423 0
! -59275 -73630 0
> 4558 2288 3 150 115 2
> 3657 4084 -192 851 -147 1
> 3767 3126 -242 389 74 2
> 2329 3369 -111 15 8 1
! 9359 11416 0 sims=372992 RUNNER
! 12232 4761 200 sims=372992 BLOCKER
> 4561 2438 2 127 133 2
> 3465 4935 -163 723 -129 1
> 3525 3515 -205 330 56 2
> 2416 3412 73 36 8 1
! -82900 50919 0
! -32371 -88423 200
> 4561 2438 2 127 133 2
> 3465 4935 -163 723 -129 1
> 3525 3515 -205 330 56 2
> 2416 3412 73 36 8 1
! 11405 9672 0 sims=337032 RUNNER
! 11404 7796 200 sims=337032 BLOCKER
> 4563 2565 1 107 151 2
> 3230 5471 -199 455 -111 1
> 3399 3872 118 382 38 2
> 2590 3508 -78 3 26 1
! -82898 51046 0
! -2003 -94391 200
> 4563 2565 1 107 151 2
> 3230 5471 -199 455 -111 1
> 3399 3872 118 382 38 2
> 2590 3508 -78 3 26 1
! 12796 7292 0 sims=357880 RUNNER
! 12493 4900 200 sims=357880 BLOCKER
> 4564 2672 0 90 151 2
> 3021 5726 -178 216 -93 1
> 3517 4254 100 324 20 2
> 2710 3539 102 26 8 1
! -63635 75807 200
! 28902 -90866 BOOST
> 4564 2672 0 90 151 2
> 3021 5726 -178 216 -93 1
> 3517 4254 100 324 20 2
> 2710 3539 102 26 8 1
! 13511 4603 0 sims=303824 RUNNER
! 12613 4931 200 sims=303824 BLOCKER
> 4428 2908 -115 200 133 2
> 3011 5314 -8 -350 -75 1
> 3617 4578 85 275 2 2
> 3010 3593 255 45 8 1
! -83033 51389 200
! 57474 -78553 0
> 4428 2908 -115 200 133 2
> 3011 5314 -8 -350 -75 1
> 3617 4578 85 275 2 2
> 3010 3593 255 45 8 1
! 13611 4927 SHIELD sims=338704 RUNNER
! 12913 4985 200 sims=338704 BLOCKER
> 4138 3205 -246 252 151 2
> 2753 5148 -373 -28 -57 1
> 3727 4835 108 206 2 3
> 3463 3666 385 61 8 1
! -83323 51686 0
! 80467 -57784 200
> 4138 3205 -246 252 151 2
> 2753 5148 -373 -28 -57 1
> 3727 4835 108 206 2 3
> 3463 3666 385 61 8 1
! 13340 2079 0 sims=382800 RUNNER
! 13366 5058 SHIELD sims=382800 BLOCKER
> 4804 2825 587 -338 151 2
> 2535 4994 -184 -130 -39 1
> 3835 5041 91 175 -16 3
> 3757 3790 247 107 8 1
! -82657 51306 200
! 95893 -30842 200
> 4804 2825 587 -338 151 2
> 2535 4994 -184 -130 -39 1
> 3835 5041 91 175 -16 3
> 3757 3790 247 107 8 1
! 12125 -551 0 sims=388968 RUNNER
! 13605 2054 0 sims=388968 BLOCKER
> 5216 2584 350 -204 151 2
> 2538 4792 2 -171 -21 1
> 3926 5216 77 148 -34 3
> 4004 3897 209 90 -10 1
! -92946 21664 200
! 102400 -441 200
> 5216 2584 350 -204 151 2
> 2538 4792 2 -171 -21 1
> 3926 5216 77 148 -34 3
> 4004 3897 209 90 -10 1
! 13539 2460 0 sims=346168 RUNNER
! 12833 -798 0 sims=346168 BLOCKER
> 5370 2418 130 -140 169 2
> 2740 4611 171 -154 -3 1
> 4003 5364 65 125 -16 3
> 4213 3987 177 76 -28 1
! -82091 50899 200
! 99332 30492 200
> 5370 2418 130 -140 169 2
> 2740 4611 171 -154 -3 1
> 4003 5364 65 125 -16 3
> 4213 3987 177 76 -28 1
! 12293 -228 0 sims=391808 RUNNER
! 11160 -3206 0 sims=391808 BLOCKER
> 5325 2375 -38 -36 151 2
> 3104 4509 309 -86 15 1
> 4068 5489 55 106 -34 3
> 4390 4063 150 64 -46 1
! -82136 50856 200
! 99696 30390 200
> 5325 2375 -38 -36 151 2
> 3104 4509 309 -86 15 1
> 4068 5489 55 106 -34 3
> 4390 4063 150 64 -46 1
! 10225 -2391 0 sims=381816 RUNNER
! 8774 -4925 0 sims=381816 BLOCKER
> 5112 2436 -180 51 151 2
> 3606 4475 426 -29 15 1
> 4123 5595 46 90 -52 3
> 4540 4127 127 54 -64 1
! -63087 75571 200
! 87473 58938 200
> 5112 2436 -180 51 151 2
> 3606 4475 426 -29 15 1
> 4123 5595 46 90 -52 3
> 4540 4127 127 54 -64 1
! 7543 -3802 200 sims=395672 RUNNER
! 8924 -4861 SHIELD sims=395672 BLOCKER
> 4796 2633 -268 167 133 2
> 3852 4730 -54 349 33 1
> 4237 5497 97 -83 -70 3
> 4702 4163 163 17 -64 1
! -37465 93263 200
! 87719 59193 0
> 4796 2633 -268 167 133 2
> 3852 4730 -54 349 33 1
> 4237 5497 97 -83 -70 3
> 4702 4163 163 17 -64 1
! 10394 -2383 200 sims=391656 RUNNER
! 11649 -3030 0 sims=391656 BLOCKER
> 4443 2981 -299 296 115 2
> 3639 4827 -205 43 33 1
> 4616 5508 346 48 -52 3
> 4865 4180 138 14 -46 1
! -7743 102235 200
! 66571 82541 200
> 4443 2981 -299 296 115 2
> 3639 4827 -205 43 33 1
> 4616 5508 346 48 -52 3
> 4865 4180 138 14 -46 1
! 12906 -84 200 sims=412784 RUNNER
! 13694 -515 0 sims=412784 BLOCKER
> 4120 3476 -274 420 97 2
> 3560 5025 -67 168 51 1
> 5128 5444 435 -54 -34 3
> 5003 4194 117 11 -28 1
! 23200 101638 200
! 87427 59488 200
> 4120 3476 -274 420 97 2
> 3560 5025 -67 168 51 1
> 5128 5444 435 -54 -34 3
> 5003 4194 117 11 -28 1
! 14741 2688 200 sims=417672 RUNNER
! 14851 2458 0 sims=417672 BLOCKER
> 3884 4092 -200 523 79 2
> 3661 5302 85 235 33 1
> 5755 5335 533 -92 -16 3
> 5120 4205 99 9 -10 1
! -8302 103346 200
! 100253 31183 0
> 3884 4092 -200 523 79 2
> 3661 5302 85 235 33 1
> 5755 5335 533 -92 -16 3
> 5120 4205 99 9 -10 1
! 15749 5684 200 sims=426232 RUNNER
! 15023 5597 200 sims=426232 BLOCKER
> 3656 4740 -209 213 97 3
> 3750 5610 91 599 15 1
> 6488 5250 622 -72 2 3
> 5417 4242 252 31 8 1
! 22736 102902 0
! 103612 376 200
> 3656 4740 -209 213 97 3
> 3750 5610 91 599 15 1
> 6488 5250 622 -72 2 3
> 5417 4242 252 31 8 1
! 16482 5599 200 sims=429064 RUNNER
! 15320 5634 200 sims=429064 BLOCKER
> 3447 4953 -177 181 79 3
> 4041 6199 247 500 -3 1
> 7310 5185 698 -55 2 3
> 5867 4301 382 50 8 1
! 51927 92414 0
! 97398 -29637 200
> 3447 4953 -177 181 79 3
> 4041 6199 247 500 -3 1
> 7310 5185 698 -55 2 3
> 5867 4301 382 50 8 1
! 17304 5534 200 sims=462912 RUNNER
! 15770 5693 200 sims=462912 BLOCKER
> 3270 5134 -150 153 61 3
> 4475 6627 368 364 -21 1
> 8208 5137 763 -40 2 3
> 6447 4379 493 66 8 1
! 76405 73333 200
! 82189 -56305 200
> 3270 5134 -150 153 61 3
> 4475 6627 368 364 -21 1
> 8208 5137 763 -40 2 3
> 6447 4379 493 66 8 1
! 18202 5486 200 sims=434016 RUNNER
! 16350 5771 200 sims=434016 BLOCKER
> 3266 5423 -3 245 43 3
> 4998 6865 444 202 -39 1
> 9171 5104 818 -28 2 3
> 7138 4473 587 79 8 1
! 93896 47684 200
! 82712 -56067 200
> 3266 5423 -3 245 43 3
> 4998 6865 444 202 -39 1
> 9171 5104 818 -28 2 3
> 7138 4473 587 79 8 1
! 18784 2348 0 sims=422304 RUNNER
! 17041 5865 200 sims=422304 BLOCKER
> 3444 5753 151 280 25 3
> 5597 6941 509 64 -39 1
> 9989 5076 695 -23 -16 3
> 7923 4580 667 90 8 1
! 102698 17939 200
! 98955 -28895 200
> 3444 5753 151 280 25 3
> 5597 6941 509 64 -39 1
> 9989 5076 695 -23 -16 3
> 7923 4580 667 90 8 1
! 19983 5425 0 sims=417120 RUNNER
! 17771 2844 0 sims=417120 BLOCKER
> 3794 6057 297 258 7 3
> 6293 6933 591 -6 -21 1
> 10684 5053 590 -19 2 3
> 8590 4670 566 76 -10 1
! 101956 -13023 200
! 84007 -55999 200
> 3794 6057 297 258 7 3
> 6293 6933 591 -6 -21 1
> 10684 5053 590 -19 2 3
> 8590 4670 566 76 -10 1
! 20297 2297 0 sims=343072 RUNNER
! 17419 -25 200 sims=343072 BLOCKER
> 4287 6277 419 186 -11 3
> 7039 6801 634 -112 -39 1
> 11274 5034 501 -16 -16 3
> 9333 4652 631 -15 -28 1
! 102449 -12804 200
! 84753 -56131 200
> 4287 6277 419 186 -11 3
> 7039 6801 634 -112 -39 1
> 11274 5034 501 -16 -16 3
> 9333 4652 631 -15 -28 1
! 21268 5383 0 sims=438480 RUNNER
! 16280 -2541 0 sims=438480 BLOCKER
> 4902 6425 523 125 -11 3
> 7828 6563 671 -202 -39 1
> 11775 5018 425 -13 2 3
> 9964 4637 536 -12 -46 1
! 103064 -12656 200
! 85542 -56369 0
> 4902 6425 523 125 -11 3
> 7828 6563 671 -202 -39 1
> 11775 5018 425 -13 2 3
> 9964 4637 536 -12 -46 1
! 21388 2262 0 sims=426576 RUNNER
! 18793 -58 0 sims=426576 BLOCKER
> 5621 6512 611 73 -11 3
> 8499 6361 570 -171 -39 1
> 12200 5005 361 -11 -16 3
> 10500 4625 455 -10 -28 1
! 103783 -12569 200
! 86213 -56571 0
> 5621 6512 611 73 -11 3
> 8499 6361 570 -171 -39 1
> 12200 5005 361 -11 -16 3
> 10500 4625 455 -10 -28 1
! 20490 -587 0 sims=414272 RUNNER
! 20348 2889 0 sims=414272 BLOCKER
> 6428 6547 686 29 -11 3
> 9069 6190 484 -145 -39 1
> 12561 4994 306 -9 -34 3
> 10955 4615 386 -8 -10 1
! 104590 -12534 200
! 63532 -77677 0
> 6428 6547 686 29 -11 3
> 9069 6190 484 -145 -39 1
> 12561 4994 306 -9 -34 3
> 10955 4615 386 -8 -10 1
! 18718 -2886 0 sims=408152 RUNNER
! 20858 6007 0 sims=408152 BLOCKER
> 7310 6538 749 -7 -11 3
> 9553 6045 411 -123 -57 1
> 12867 4985 260 -7 -52 3
> 11341 4607 328 -6 8 1
! 94771 -41943 200
! 35434 -90547 200
> 7310 6538 749 -7 -11 3
> 9553 6045 411 -123 -57 1
> 12867 4985 260 -7 -52 3
> 11341 4607 328 -6 8 1
! 16287 -4412 0 sims=413992 RUNNER
! 20329 8991 0 sims=413992 BLOCKER
> 8234 6434 785 -88 -29 3
> 10016 5729 393 -268 -75 1
> 13127 4978 221 -5 -70 3
> 11669 4601 278 -5 26 1
! 76433 -66701 200
! 64479 -78138 200
> 8234 6434 785 -88 -29 3
> 10016 5729 393 -268 -75 1
> 13127 4978 221 -5 -70 3
> 11669 4601 278 -5 26 1
! 13476 -5016 0 sims=439168 RUNNER
! 18862 11548 0 sims=439168 BLOCKER
> 9155 6200 783 -199 -47 3
> 10518 5293 426 -370 -57 1
> 13348 4973 187 -4 -88 4
> 11947 4596 236 -4 44 1
! 96616 -42281 0
! 88232 -57639 0
> 9155 6200 783 -199 -47 3
> 10518 5293 426 -370 -57 1
> 13348 4973 187 -4 -88 4
> 11947 4596 236 -4 44 1
! 10592 -4640 0 sims=423160 RUNNER
! 16642 13425 0 sims=423160 BLOCKER
> 9938 6001 665 -169 -29 3
> 10944 4923 362 -314 -39 1
> 13535 4969 158 -3 -106 4
> 12183 4592 200 -3 62 1
! 97399 -42480 200
! 104302 -30913 0
> 9938 6001 665 -169 -29 3
> 10944 4923 362 -314 -39 1
> 13535 4969 158 -3 -106 4
> 12183 4592 200 -3 62 1
! 7943 -3321 0 sims=430824 RUNNER
! 13919 14440 0 sims=430824 BLOCKER
> 10778 5735 713 -226 -29 3
> 11306 4609 307 -266 -21 1
> 13693 4966 134 -2 -124 4
> 12383 4589 170 -2 80 1
! 98239 -42746 200
! 111168 -624 0
> 10778 5735 713 -226 -29 3
> 11306 4609 307 -266 -21 1
> 13693 4966 134 -2 -124 4
> 12383 4589 170 -2 80 1
! 10937 -4647 200 sims=394664 RUNNER
! 10991 14492 200 sims=394664 BLOCKER
> 11666 5412 754 -274 -29 3
> 11613 4343 260 -226 -3 1
> 13772 4772 67 -165 -106 4
> 12525 4785 120 166 98 1
! 99127 -43069 SHIELD
! 104970 -31493 SHIELD
> 11666 5412 754 -274 -29 3
> 11613 4343 260 -226 -3 1
> 13772 4772 67 -165 -106 4
> 12525 4785 120 166 98 1
! 14121 -5222 200 sims=445000 RUNNER
! 11133 14688 SHIELD sims=445000 BLOCKER
> 12012 5441 114 157 -29 3
> 11873 4117 221 -192 -21 1
> 13846 4407 62 -310 -88 4
> 13053 4648 628 -249 98 1
! 80211 -67694 0
! 105231 -31719 0
> 12012 5441 114 157 -29 3
> 11873 4117 221 -192 -21 1
> 13846 4407 62 -310 -88 4
> 13053 4648 628 -249 98 1
! 14195 -5587 200 sims=432736 RUNNER
! 8669 13636 0 sims=432736 BLOCKER
> 12126 5598 96 133 -47 3
> 12094 3925 187 -163 -21 1
> 14310 3763 416 -555 -88 4
> 13286 4533 175 -89 116 1
! 54387 -85032 0
! 89808 -59007 0
> 12126 5598 96 133 -47 3
> 12094 3925 187 -163 -21 1
> 14310 3763 416 -555 -88 4
> 13286 4533 175 -89 116 1
! 11554 -5850 0 sims=471880 RUNNER
! 6339 11726 0 sims=471880 BLOCKER
> 12222 5731 81 113 -65 3
> 12281 3762 158 -138 -39 1
> 14726 3208 353 -471 -106 4
> 13461 4444 148 -75 134 1
! 80421 -67404 0
! 66744 -80105 0
> 12222 5731 81 113 -65 3
> 12281 3762 158 -138 -39 1
> 14726 3208 353 -471 -106 4
> 13461 4444 148 -75 134 1
! 9134 -5082 0 sims=375128 RUNNER
! 9077 13432 0 sims=375128 BLOCKER
> 12303 5844 68 96 -47 3
> 12439 3624 134 -117 -57 1
> 15079 2737 300 -400 -124 4
> 13609 4369 125 -63 116 1
! 80502 -67291 200
! 66902 -80243 0
> 12303 5844 68 96 -47 3
> 12439 3624 134 -117 -57 1
> 15079 2737 300 -400 -124 4
> 13609 4369 125 -63 116 1
! 7199 -3420 200 sims=435304 RUNNER
! 9225 13357 200 sims=435304 BLOCKER
> 12507 5794 173 -42 -47 3
> 12573 3507 113 -99 -57 1
> 15221 2214 121 -444 -142 4
> 13646 4486 31 99 116 1
! 80706 -67341 200
! 38454 -93085 0
> 12507 5794 173 -42 -47 3
> 12573 3507 113 -99 -57 1
> 15221 2214 121 -444 -142 4
> 13646 4486 31 99 116 1
! 5824 -1206 200 sims=432048 RUNNER
! 6699 11679 200 sims=432048 BLOCKER
> 12816 5606 262 -160 -47 3
> 12686 3408 96 -84 -75 1
> 15154 1702 -56 -435 -160 4
> 13538 4729 -91 206 134 1
! 81015 -67529 SHIELD
! 7452 -96454 0
> 12816 5606 262 -160 -47 3
> 12686 3408 96 -84 -75 1
> 15154 1702 -56 -435 -160 4
> 13538 4729 -91 206 134 1
! 5160 1353 200 sims=503800 RUNNER
! 6591 11922 SHIELD sims=503800 BLOCKER
> 12974 5581 -39 204 -47 3
> 12782 3324 81 -71 -93 1
> 14898 1260 -217 -375 -178 4
> 13551 4800 184 -165 134 1
! 55235 -85049 0
! -23054 -90034 200
> 12974 5581 -39 204 -47 3
> 12782 3324 81 -71 -93 1
> 14898 1260 -217 -375 -178 4
> 13551 4800 184 -165 134 1
! 5285 4016 200 sims=457472 RUNNER
! 4722 9495 0 sims=457472 BLOCKER
> 12935 5785 -33 173 -65 3
> 12791 3066 7 -219 -111 1
> 14489 940 -347 -271 164 4
> 13735 4635 156 -140 152 1
! 25121 -93469 200
! -23045 -90292 200
> 12935 5785 -33 173 -65 3
> 12791 3066 7 -219 -111 1
> 14489 940 -347 -271 164 4
> 13735 4635 156 -140 152 1
! 6199 6532 0 sims=464960 RUNNER
! 3887 6371 0 sims=464960 BLOCKER
> 12902 5958 -28 147 -83 3
> 12726 2660 -54 -344 -111 1
> 14142 669 -294 -230 146 4
> 13891 4495 132 -119 170 1
! 55163 -84672 0
! -23110 -90698 0
> 12902 5958 -28 147 -83 3
> 12726 2660 -54 -344 -111 1
> 14142 669 -294 -230 146 4
> 13891 4495 132 -119 170 1
! 7985 8549 0 sims=466952 RUNNER
! 3988 3103 0 sims=466952 BLOCKER
> 12874 6105 -23 124 -65 3
> 12672 2316 -45 -292 -111 1
> 13848 439 -249 -195 128 4
> 14023 4376 112 -101 188 1
! 81073 -67030 200
! 7438 -97546 0
> 12874 6105 -23 124 -65 3
> 12672 2316 -45 -292 -111 1
> 13848 439 -249 -195 128 4
> 14023 4376 112 -101 188 1
! 10428 9836 0 sims=414864 RUNNER
! 5035 -8 200 sims=414864 BLOCKER
> 12987 6083 96 -18 -47 3
> 12627 2024 -38 -248 -93 1
> 13599 244 -211 -165 110 4
> 13955 4187 -57 -160 206 1
! 55248 -84547 200
! 38508 -94568 200
> 12987 6083 96 -18 -47 3
> 12627 2024 -38 -248 -93 1
> 13599 244 -211 -165 110 4
> 13955 4187 -57 -160 206 1
! 13250 10238 200 sims=464528 RUNNER
! 4052 2795 0 sims=464528 BLOCKER
> 13168 5884 153 -169 -65 3
> 12641 1583 11 -375 -75 1
> 13381 279 -185 29 92 4
> 13898 4027 -48 -136 -172 1
! 25354 -93370 200
! 67104 -82284 0
> 13168 5884 153 -169 -65 3
> 12641 1583 11 -375 -75 1
> 13381 279 -185 29 92 4
> 13898 4027 -48 -136 -172 1
! 9961 9676 0 sims=437168 RUNNER
! 4050 5763 0 sims=437168 BLOCKER
> 13345 5516 150 -312 -83 3
> 12652 1208 9 -318 -57 1
> 13196 308 -157 24 110 4
> 13850 3891 -40 -115 170 1
! -5736 -92646 0
! 67115 -82659 200
> 13345 5516 150 -312 -83 3
> 12652 1208 9 -318 -57 1
> 13196 308 -157 24 110 4
> 13850 3891 -40 -115 170 1
! 12847 10302 0 sims=431712 RUNNER
! 5021 8586 200 sims=431712 BLOCKER
> 13495 5204 127 -265 -101 4
> 12597 999 -160 3 -57 1
> 13212 55 127 -396 92 4
> 13633 3870 -184 -17 152 1
! -34986 -82257 0
! 90311 -61933 0
> 13495 5204 127 -265 -101 4
> 12597 999 -160 3 -57 1
> 13212 55 127 -396 92 4
> 13633 3870 -184 -17 152 1
! 12863 10049 200 sims=451616 RUNNER
! 6686 11063 0 sims=451616 BLOCKER
> 13622 4939 107 -225 -119 4
> 12437 1002 -136 2 -39 1
> 13332 -141 102 -166 92 4
> 13449 3853 -156 -14 134 1
! -34859 -82522 0
! 105795 -34834 200
> 13622 4939 107 -225 -119 4
> 12437 1002 -136 2 -39 1
> 13332 -141 102 -166 92 4
> 13449 3853 -156 -14 134 1
! 9912 9256 0 sims=429728 RUNNER
! 9065 12841 0 sims=429728 BLOCKER
> 13729 4714 90 -191 -119 4
> 12488 932 43 -59 -21 1
> 13434 -307 86 -141 110 4
> 13293 3839 -132 -11 116 1
! -59406 -63485 0
! 90202 -62000 0
> 13729 4714 90 -191 -119 4
> 12488 932 43 -59 -21 1
> 13434 -307 86 -141 110 4
> 13293 3839 -132 -11 116 1
! 7277 7573 0 sims=376768 RUNNER
! 11901 13742 0 sims=376768 BLOCKER
> 13819 4523 76 -162 -137 4
> 12531 873 36 -50 -39 1
> 13520 -448 73 -119 128 4
> 13161 3828 -112 -9 98 1
! -59316 -63676 0
! 66994 -82994 0
> 13819 4523 76 -162 -137 4
> 12531 873 36 -50 -39 1
> 13520 -448 73 -119 128 4
> 13161 3828 -112 -9 98 1
! 5230 5144 200 sims=438720 RUNNER
! 14897 13676 0 sims=438720 BLOCKER
> 13895 4361 64 -137 -137 4
> 12567 823 30 -42 -57 1
> 13427 -455 -78 -6 146 4
> 13049 3819 -95 -7 80 1
! -59240 -63838 200
! 38448 -95769 200
> 13895 4361 64 -137 -137 4
> 12567 823 30 -42 -57 1
> 13427 -455 -78 -6 146 4
> 13049 3819 -95 -7 80 1
! 3814 2301 200 sims=448600 RUNNER
! 17744 12648 0 sims=448600 BLOCKER
> 13813 4088 -69 -232 -137 4
> 12649 588 69 -199 -75 1
> 13157 -406 -229 41 164 4
> 12954 3812 -80 -5 62 1
! -76817 -38173 200
! 7415 -99274 200
> 13813 4088 -69 -232 -137 4
> 12649 588 69 -199 -75 1
> 13157 -406 -229 41 164 4
> 12954 3812 -80 -5 62 1
! 4867 5186 0 sims=395208 RUNNER
! 20147 10759 0 sims=395208 BLOCKER
> 13694 3796 -18 -233 -155 4
> 12622 375 -134 62 -93 1
> 13013 -551 -10 -366 146 4
> 12743 3783 -261 -39 44 1
! -76936 -38465 200
! 7388 -99487 0
> 13694 3796 -18 -233 -155 4
> 12622 375 -134 62 -93 1
> 13013 -551 -10 -366 146 4
> 12743 3783 -261 -39 44 1
! 6856 7329 0 sims=425800 RUNNER
! 17438 12612 0 sims=425800 BLOCKER
> 13495 3478 -169 -269 -155 4
> 12488 437 -113 52 -93 1
> 13003 -917 -8 -311 128 4
> 12482 3744 -221 -33 62 1
! -85759 -8708 200
! 7254 -99425 0
> 13495 3478 -169 -269 -155 4
> 12488 437 -113 52 -93 1
> 13003 -917 -8 -311 128 4
> 12482 3744 -221 -33 62 1
! 4713 4675 200 sims=445456 RUNNER
! 14218 13592 0 sims=445456 BLOCKER
> 13127 3185 -312 -249 -173 4
> 12375 489 -96 44 -93 1
> 12829 -1116 -147 -169 146 4
> 12261 3711 -187 -28 80 1
! -86127 -9001 200
! -23461 -92869 0
> 13127 3185 -312 -249 -173 4
> 12375 489 -96 44 -93 1
> 12829 -1116 -147 -169 146 4
> 12261 3711 -187 -28 80 1
! 4539 4476 200 sims=430560 RUNNER
! 10869 13614 200 sims=430560 BLOCKER
> 12616 2912 -433 -232 -173 4
> 12279 533 -81 37 -111 1
> 12516 -1173 -265 -48 146 4
> 12046 3881 -182 144 98 1
! -86638 -9274 200
! -50653 -77181 0
> 12616 2912 -433 -232 -173 4
> 12279 533 -81 37 -111 1
> 12516 -1173 -265 -48 146 4
> 12046 3881 -182 144 98 1
! 4226 4419 200 sims=440632 RUNNER
! 7662 12869 200 sims=440632 BLOCKER
> 11984 2656 -536 -217 -173 4
> 12198 570 -68 31 -129 1
> 12085 -1109 -366 54 146 4
> 11776 4205 -229 275 116 1
! -87270 -9530 200
! -71669 -53893 200
> 11984 2656 -536 -217 -173 4
> 12198 570 -68 31 -129 1
> 12085 -1109 -366 54 146 4
> 11776 4205 -229 275 116 1
! 5928 6771 200 sims=442984 RUNNER
! 4829 11398 0 sims=442984 BLOCKER
> 11249 2415 -624 -205 -173 0
> 11962 492 -200 -66 -147 1
> 11596 -897 -415 179 128 4
> 11547 4480 -194 233 134 1
! -86913 21495 0
! -84630 -25389 200
> 11249 2415 -624 -205 -173 0
> 11962 492 -200 -66 -147 1
> 11596 -897 -415 179 128 4
> 11547 4480 -194 233 134 1
! 8176 8500 0 sims=442904 RUNNER
! 7163 13468 0 sims=442904 BLOCKER
> 10625 2210 -530 -174 169 0
> 11569 374 -334 -100 -165 1
> 11181 -718 -352 152 110 4
> 11353 4713 -164 198 116 1
! -76836 50691 0
! -85023 -25507 SHIELD
> 10625 2210 -530 -174 169 0
> 11569 374 -334 -100 -165 1
> 11181 -718 -352 152 110 4
> 11353 4713 -164 198 116 1
! 10832 9276 0 sims=417008 RUNNER
! 4406 11906 0 sims=417008 BLOCKER
> 10095 2036 -450 -147 151 0
> 11235 274 -283 -85 -165 1
> 10829 -566 -299 129 92 4
> 11189 4911 -139 168 134 1
! -58104 75171 0
! -85357 -25607 0
> 10095 2036 -450 -147 151 0
> 11235 274 -283 -85 -165 1
> 10829 -566 -299 129 92 4
> 11189 4911 -139 168 134 1
! 13585 9047 0 sims=449184 RUNNER
! 6805 13899 0 sims=449184 BLOCKER
> 9645 1889 -382 -124 133 0
> 10980 235 -148 77 -165 1
> 10502 -483 -346 -40 74 4
> 11050 5079 -118 142 116 1
! -32616 92519 0
! -88882 5468 200
> 9645 1889 -382 -124 133 0
> 10980 235 -148 77 -165 1
> 10502 -483 -346 -40 74 4
> 11050 5079 -118 142 116 1
! 16094 7807 200 sims=452296 RUNNER
! 4103 12272 0 sims=452296 BLOCKER
> 9263 1765 -324 -105 115 0
> 10832 312 -125 65 177 1
> 10268 -357 -199 106 56 4
> 10932 5221 -100 120 134 1
! -2923 101019 0
! -85760 -25569 SHIELD
> 9263 1765 -324 -105 115 0
> 10832 312 -125 65 177 1
> 10268 -357 -199 106 56 4
> 10932 5221 -100 120 134 1
! 18148 5800 200 sims=427704 RUNNER
! 6548 14209 0 sims=427704 BLOCKER
> 8939 1660 -275 -89 97 0
> 10719 391 -88 75 -165 1
> 10102 -269 -217 -12 38 4
> 10832 5341 -85 102 116 1
! 28019 99822 200
! -89143 5624 200
> 8939 1660 -275 -89 97 0
> 10719 391 -88 75 -165 1
> 10102 -269 -217 -12 38 4
> 10832 5341 -85 102 116 1
! 19499 3151 200 sims=462000 RUNNER
! 3885 12534 0 sims=462000 BLOCKER
> 8702 1767 -201 91 79 0
> 10631 466 -74 63 177 1
> 10073 -213 -24 47 20 4
> 10747 5443 -72 86 134 1
! 57182 89228 0
! -82727 36302 0
> 8702 1767 -201 91 79 0
> 10631 466 -74 63 177 1
> 10073 -213 -24 47 20 4
> 10747 5443 -72 86 134 1
! 17953 5944 200 sims=445584 RUNNER
! 1918 10138 0 sims=445584 BLOCKER
> 8501 1858 -170 77 61 0
> 10642 642 52 206 159 1
> 10121 -156 -1 -8 38 4
> 10675 5529 -61 73 152 1
! 81636 70057 0
! -89220 5875 0
> 8501 1858 -170 77 61 0
> 10642 642 52 206 159 1
> 10121 -156 -1 -8 38 4
> 10675 5529 -61 73 152 1
! 15713 8134 200 sims=440432 RUNNER
! 827 7265 0 sims=440432 BLOCKER
> 8331 1935 -144 65 43 0
> 10694 848 44 175 177 1
> 10232 2 94 134 56 4
> 10614 5602 -51 62 170 1
! 98961 44196 200
! -85898 -25033 0
> 8331 1935 -144 65 43 0
> 10694 848 44 175 177 1
> 10232 2 94 134 56 4
> 10614 5602 -51 62 170 1
! 12988 9615 200 sims=437616 RUNNER
! 1785 10297 0 sims=437616 BLOCKER
> 8368 2085 31 127 25 0
> 10748 1042 119 308 -165 1
> 10371 309 44 117 74 4
> 10563 5664 -43 52 152 1
! 107622 14271 200
! -73119 -53421 200
> 8368 2085 31 127 25 0
> 10748 1042 119 308 -165 1
> 10371 309 44 117 74 4
> 10563 5664 -43 52 152 1
! 15963 8599 200 sims=451104 RUNNER
! 715 7400 0 sims=451104 BLOCKER
> 8598 2236 195 128 7 0
> 10774 1397 33 323 -147 1
> 10452 436 57 85 56 4
> 10520 5716 -36 44 170 1
! 106760 -16844 200
! -52158 -76317 0
> 8598 2236 195 128 7 0
> 10774 1397 33 323 -147 1
> 10452 436 57 85 56 4
> 10520 5716 -36 44 170 1
! 13208 10049 200 sims=459264 RUNNER
! 1691 10411 0 sims=459264 BLOCKER
> 8989 2326 332 76 -11 0
> 10807 1720 28 274 -129 1
> 10564 713 95 235 74 4
> 10484 5760 -30 37 152 1
! 107151 -16755 0
! -25029 -91638 200
> 8989 2326 332 76 -11 0
> 10807 1720 28 274 -129 1
> 10564 713 95 235 74 4
> 10484 5760 -30 37 152 1
! 10215 10707 200 sims=353272 RUNNER
! 3537 12953 0 sims=353272 BLOCKER
> 9321 2402 282 64 -11 0
> 10789 1936 24 379 -111 1
> 10626 1019 13 64 92 4
> 10454 5797 -25 31 134 1
! 96782 -46079 0
! 5555 -97926 200
> 9321 2402 282 64 -11 0
> 10789 1936 24 379 -111 1
> 10626 1019 13 64 92 4
> 10454 5797 -25 31 134 1
! 10277 11013 200 sims=434360 RUNNER
! 6070 14785 0 sims=434360 BLOCKER
> 9603 2466 239 54 -29 0
> 10803 2115 11 152 -93 1
> 10632 1283 5 224 92 4
> 10429 5828 -21 26 116 1
! 97064 -46015 200
! -25033 -91243 200
> 9603 2466 239 54 -29 0
> 10803 2115 11 152 -93 1
> 10632 1283 5 224 92 4
> 10429 5828 -21 26 116 1
! 10283 11277 200 sims=367328 RUNNER
! 3482 13021 0 sims=367328 BLOCKER
> 10017 2423 351 -36 -29 0
> 10827 2483 29 353 -111 1
> 10545 1304 -82 -23 92 4
> 10408 5854 -17 22 134 1
! 97478 -46058 200
! -52105 -75231 0
> 10017 2423 351 -36 -29 0
> 10827 2483 29 353 -111 1
> 10545 1304 -82 -23 92 4
> 10408 5854 -17 22 134 1
! 13301 10917 200 sims=403224 RUNNER
! 6024 14842 0 sims=403224 BLOCKER
> 10106 2250 65 -147 -29 0
> 11293 2876 405 335 -129 1
> 10518 1473 -22 143 74 4
> 10391 5876 -14 18 116 1
! 78305 -70885 200
! -51639 -74838 200
> 10106 2250 65 -147 -29 0
> 11293 2876 405 335 -129 1
> 10518 1473 -22 143 74 4
> 10391 5876 -14 18 116 1
! 10169 11467 0 sims=421576 RUNNER
! 3444 13069 0 sims=421576 BLOCKER
> 10115 2319 -24 118 -47 0
> 11572 3056 237 152 -129 1
> 10689 1254 176 -246 92 4
> 10377 5894 -11 15 134 1
! 78314 -70816 200
! -72295 -51407 0
> 10115 2319 -24 118 -47 0
> 11572 3056 237 152 -129 1
> 10689 1254 176 -246 92 4
> 10377 5894 -11 15 134 1
! 7269 10651 200 sims=439016 RUNNER
! 5993 14882 0 sims=439016 BLOCKER
> 10227 2291 95 -24 -47 0
> 11809 3208 201 129 -147 1
> 10797 1196 91 -49 110 4
> 10366 5909 -9 12 116 1
! 52488 -88339 200
! -51123 -74506 200
> 10227 2291 95 -24 -47 0
> 11809 3208 201 129 -147 1
> 10797 1196 91 -49 110 4
> 10366 5909 -9 12 116 1
! 4640 9076 200 sims=362456 RUNNER
! 3419 13102 0 sims=362456 BLOCKER
> 10407 2086 152 -174 -65 0
> 11884 3182 63 -22 -129 1
> 10765 1305 -27 92 128 4
> 10357 5921 -7 10 134 1
! 78606 -71049 SHIELD
! -71983 -51281 0
> 10407 2086 152 -174 -65 0
> 11884 3182 63 -22 -129 1
> 10765 1305 -27 92 128 4
> 10357 5921 -7 10 134 1
! 7345 10702 0 sims=430456 RUNNER
! 5973 14909 0 sims=430456 BLOCKER
> 10540 1955 109 -103 -47 0
> 11947 3160 53 -18 -147 1
> 10927 970 174 -367 110 4
> 10350 5931 -5 8 116 1
! 98001 -46526 0
! -50985 -74554 0
> 10540 1955 109 -103 -47 0
> 11947 3160 53 -18 -147 1
> 10927 970 174 -367 110 4
> 10350 5931 -5 8 116 1
! 7507 10367 200 sims=434688 RUNNER
! 3403 13124 0 sims=434688 BLOCKER
> 10649 1852 92 -87 -29 0
> 12000 3142 45 -15 -129 1
> 11033 791 89 -152 110 4
> 10345 5939 -4 6 134 1
! 108811 -17229 0
! -50932 -74572 200
> 10649 1852 92 -87 -29 0
> 12000 3142 45 -15 -129 1
> 11033 791 89 -152 110 4
> 10345 5939 -4 6 134 1
! 7613 10188 200 sims=418760 RUNNER
! 5961 14927 0 sims=418760 BLOCKER
> 10741 1765 78 -73 -11 0
> 11919 2972 -68 -144 -129 1
> 11054 827 17 30 110 4
> 10341 5945 -3 5 116 1
! 108903 -17316 0
! -71948 -51491 200
> 10741 1765 78 -73 -11 0
> 11919 2972 -68 -144 -129 1
> 11054 827 17 30 110 4
> 10341 5945 -3 5 116 1
! 7634 10224 200 sims=405856 RUNNER
! 3394 13138 0 sims=405856 BLOCKER
> 10781 1814 -12 194 -11 0
> 11683 2719 -200 -214 -147 1
> 11040 923 35 -71 110 4
> 10338 5950 -2 4 134 1
! 98242 -46667 200
! -51249 -74995 200
> 10781 1814 -12 194 -11 0
> 11683 2719 -200 -214 -147 1
> 11040 923 35 -71 110 4
> 10338 5950 -2 4 134 1
! 10691 10917 200 sims=437848 RUNNER
! 5954 14938 0 sims=437848 BLOCKER
> 10796 1805 -357 -4 -29 0
> 11494 2492 121 98 -129 1
> 11079 1016 121 -215 92 4
> 10336 5954 -1 3 116 1
! 108958 -17276 0
! -24342 -90866 200
> 10796 1805 -357 -4 -29 0
> 11494 2492 121 98 -129 1
> 11079 1016 121 -215 92 4
> 10336 5954 -1 3 116 1
! 7659 10413 200 sims=464640 RUNNER
! 3389 13147 0 sims=464640 BLOCKER
> 10439 1801 -303 -3 -11 0
> 11543 2403 41 -75 -111 1
> 11132 989 44 -23 110 4
> 10335 5957 0 2 134 1
! 109693 13987 0
! -51389 -75311 200
> 10439 1801 -303 -3 -11 0
> 11543 2403 41 -75 -111 1
> 11132 989 44 -23 110 4
> 10335 5957 0 2 134 1
! 7712 10386 200 sims=419360 RUNNER
! 5951 14945 0 sims=419360 BLOCKER
> 10136 1798 -257 -2 7 0
> 11458 2173 -72 -195 -129 1
> 11108 1154 -20 140 110 4
> 10335 5959 0 1 116 1
! 109390 13984 0
! -51474 -75541 200
> 10136 1798 -257 -2 7 0
> 11458 2173 -72 -195 -129 1
> 11108 1154 -20 140 110 4
> 10335 5959 0 1 116 1
! 10759 11148 200 sims=453624 RUNNER
! 3388 13152 0 sims=453624 BLOCKER
> 9879 1796 -218 -1 7 0
> 11412 2224 44 263 -129 1
> 10929 1092 -235 -272 92 4
> 10335 5960 0 0 134 1
! 100509 44057 200
! -51520 -75490 200
> 9879 1796 -218 -1 7 0
> 11412 2224 44 263 -129 1
> 10929 1092 -235 -272 92 4
> 10335 5960 0 0 134 1
! 13685 10705 200 sims=450968 RUNNER
! 5951 14948 0 sims=450968 BLOCKER
> 9842 1880 -31 70 25 0
> 11330 2332 -69 91 -129 1
> 10749 1012 -152 -67 74 4
> 10335 5960 0 0 116 1
! 100472 44141 0
! -51602 -75382 200
> 9842 1880 -31 70 25 0
> 11330 2332 -69 91 -129 1
> 10749 1012 -152 -67 74 4
> 10335 5960 0 0 116 1
! 13505 10625 200 sims=431456 RUNNER
! 3388 13153 0 sims=431456 BLOCKER
> 9811 1950 -26 59 25 0
> 11135 2268 -165 -54 -129 1
> 10652 1137 -82 106 74 4
> 10335 5960 0 0 134 1
! 109065 14136 0
! -24701 -91090 0
> 9811 1950 -26 59 25 0
> 11135 2268 -165 -54 -129 1
> 10652 1137 -82 106 74 4
> 10335 5960 0 0 134 1
! 13408 10750 200 sims=400568 RUNNER
! 5951 14948 0 sims=400568 BLOCKER
> 9785 2009 -22 50 7 0
> 10970 2214 -140 -45 -111 1
> 10625 1435 -22 253 74 4
> 10335 5960 0 0 116 1
! 107947 -17071 0
! -24866 -91144 SHIELD
> 9785 2009 -22 50 7 0
> 10970 2214 -140 -45 -111 1
> 10625 1435 -22 253 74 4
> 10335 5960 0 0 116 1
! 13381 11048 SHIELD sims=458648 RUNNER
! 3388 13153 0 sims=458648 BLOCKER
> 9763 2059 -18 42 -11 0
> 10939 2414 -8 210 -111 1
> 10494 1443 -129 -33 74 4
> 10335 5960 0 0 134 1
! 97224 -46422 200
! -51993 -75300 200
> 9763 2059 -18 42 -11 0
> 10939 2414 -8 210 -111 1
> 10494 1443 -129 -33 74 4
> 10335 5960 0 0 134 1
! 16086 9733 0 sims=401784 RUNNER
! 5951 14948 0 sims=401784 BLOCKER
> 9877 2053 8 95 -29 0
> 10931 2624 -6 178 -129 1
> 10408 1361 15 -170 56 4
> 10335 5960 0 0 116 1
! 78076 -71082 200
! -24905 -90734 0
> 9877 2053 8 95 -29 0
> 10931 2624 -6 178 -129 1
> 10408 1361 15 -170 56 4
> 10335 5960 0 0 116 1
! 13164 10974 0 sims=432184 RUNNER
! 3388 13153 0 sims=432184 BLOCKER
> 10021 2002 122 -43 -47 0
> 10925 2802 -5 151 -111 1
> 10423 1191 12 -144 74 4
> 10335 5960 0 0 134 1
! 52282 -88628 200
! 5691 -97060 0
> 10021 2002 122 -43 -47 0
> 10925 2802 -5 151 -111 1
> 10423 1191 12 -144 74 4
> 10335 5960 0 0 134 1
! 13179 10804 0 sims=398688 RUNNER
! 5951 14948 0 sims=398688 BLOCKER
> 10209 1831 121 -38 -65 0
> 10920 2953 -4 128 -93 1
> 10454 994 63 -274 74 4
> 10335 5960 0 0 116 1
! 52470 -88799 200
! 5686 -96909 0
> 10209 1831 121 -38 -65 0
> 10920 2953 -4 128 -93 1
> 10454 994 63 -274 74 4
> 10335 5960 0 0 116 1
! 13210 10607 200 sims=357192 RUNNER
! 3388 13153 0 sims=357192 BLOCKER
> 10387 1714 131 -23 -65 0
> 10916 3081 -3 108 -93 1
> 10599 810 143 -231 74 4
> 10335 5960 0 0 134 1
! 52648 -88916 200
! 5682 -96781 0
> 10387 1714 131 -23 -65 0
> 10916 3081 -3 108 -93 1
> 10599 810 143 -231 74 4
> 10335 5960 0 0 134 1
! 13355 10423 200 sims=283872 RUNNER
! 5951 14948 0 sims=283872 BLOCKER
> 10591 1553 140 -7 -65 0
> 10913 3189 -2 91 -93 1
> 10808 728 211 -199 74 4
> 10335 5960 0 0 116 1
! 78790 -71582 0
! 36794 -93403 0
> 10591 1553 140 -7 -65 0
> 10913 3189 -2 91 -93 1
> 10808 728 211 -199 74 4
> 10335 5960 0 0 116 1
! 13564 10341 200 sims=415032 RUNNER
! 3388 13153 0 sims=415032 BLOCKER
> 10731 1546 119 -5 -47 0
> 10911 3280 -1 77 -75 1
> 11074 721 226 -5 74 4
> 10335 5960 0 0 134 1
! 98192 -46935 0
! 36792 -93312 0
> 10731 1546 119 -5 -47 0
> 10911 3280 -1 77 -75 1
> 11074 721 226 -5 74 4
> 10335 5960 0 0 134 1
! 16666 9011 200 sims=386688 RUNNER
! 5951 14948 0 sims=386688 BLOCKER
> 10850 1541 101 -4 -29 0
> 10910 3357 0 65 -75 1
> 11412 882 287 136 56 4
> 10335 5960 0 0 116 1
! 109012 -17540 200
! 65373 -80510 0
> 10850 1541 101 -4 -29 0
> 10910 3357 0 65 -75 1
> 11412 882 287 136 56 4
> 10335 5960 0 0 116 1
! 14168 10495 0 sims=359824 RUNNER
! 3388 13153 0 sims=359824 BLOCKER
> 11079 1569 141 78 -11 0
> 10910 3422 0 55 -57 1
> 11767 948 354 1 74 4
> 10335 5960 0 0 134 1
! 110333 13755 0
! 88624 -59510 0
> 11079 1569 141 78 -11 0
> 10910 3422 0 55 -57 1
> 11767 948 354 1 74 4
> 10335 5960 0 0 134 1
! 11418 10942 0 sims=431192 RUNNER
! 5951 14948 0 sims=431192 BLOCKER
> 11220 1647 119 66 7 0
> 10910 3477 0 46 -39 1
> 12121 949 300 0 92 4
> 10335 5960 0 0 116 1
! 101850 43908 0
! 65373 -80390 0
> 11220 1647 119 66 7 0
> 10910 3477 0 46 -39 1
> 12121 949 300 0 92 4
> 10335 5960 0 0 116 1
! 8701 10346 0 sims=447904 RUNNER
! 3388 13153 0 sims=447904 BLOCKER
> 11339 1713 101 56 25 0
> 10910 3523 0 39 -57 1
> 12421 949 255 0 110 4
> 10335 5960 0 0 134 1
! 84474 69912 0
! 65373 -80344 0
> 11339 1713 101 56 25 0
> 10910 3523 0 39 -57 1
> 12421 949 255 0 110 4
> 10335 5960 0 0 134 1
! 6264 8829 0 sims=467016 RUNNER
! 5951 14948 0 sims=467016 BLOCKER
> 11440 1769 85 47 43 0
> 10910 3562 0 33 -57 1
> 12676 949 216 0 128 4
> 10335 5960 0 0 116 1
! 59920 89230 200
! 36791 -93030 0
> 11440 1769 85 47 43 0
> 10910 3562 0 33 -57 1
> 12676 949 216 0 128 4
> 10335 5960 0 0 116 1
! 4386 6541 200 sims=467896 RUNNER
! 3388 13153 0 sims=467896 BLOCKER
> 11622 1991 154 188 61 0
> 10910 3595 0 28 -75 1
> 12726 1061 42 95 146 4
> 10335 5960 0 0 134 1
! 30702 100153 0
! 36791 -92997 200
> 11622 1991 154 188 61 0
> 10910 3595 0 28 -75 1
> 12726 1061 42 95 146 4
> 10335 5960 0 0 134 1
! 4436 6653 200 sims=463720 RUNNER
! 5951 14948 0 sims=463720 BLOCKER
> 11776 2179 130 159 79 0
> 10962 3430 43 -140 -75 1
> 12602 1268 -105 175 146 4
> 10335 5960 0 0 116 1
! -410 101433 0
! 36843 -93162 0
> 11776 2179 130 159 79 0
> 10962 3430 43 -140 -75 1
> 12602 1268 -105 175 146 4
> 10335 5960 0 0 116 1
! 4312 6860 200 sims=396416 RUNNER
! 3388 13153 0 sims=396416 BLOCKER
> 11906 2338 110 135 97 0
> 11005 3290 36 -119 -75 1
> 12331 1555 -230 243 146 4
> 10335 5960 0 0 134 1
! -30355 92968 SHIELD
! 36886 -93302 200
> 11906 2338 110 135 97 0
> 11005 3290 36 -119 -75 1
> 12331 1555 -230 243 146 4
> 10335 5960 0 0 134 1
! 6174 9435 0 sims=416928 RUNNER
! 5951 14948 0 sims=416928 BLOCKER
> 12006 2497 80 147 115 0
> 11093 2978 74 -265 -75 1
> 12197 1559 -65 -118 128 4
> 10335 5960 0 0 116 1
! -30255 93127 0
! 65556 -80889 0
> 12006 2497 80 147 115 0
> 11093 2978 74 -265 -75 1
> 12197 1559 -65 -118 128 4
> 10335 5960 0 0 116 1
! 8777 10956 200 sims=449232 RUNNER
! 8943 15863 0 sims=449232 BLOCKER
> 12086 2644 68 124 115 0
> 11167 2713 62 -225 -57 1
> 12064 1629 -113 59 110 4
> 10335 5960 0 0 98 1
! -100 101898 200
! 88881 -60219 200
> 12086 2644 68 124 115 0
> 11167 2713 62 -225 -57 1
> 12064 1629 -113 59 110 4
> 10335 5960 0 0 98 1
! 5907 9509 200 sims=447024 RUNNER
! 5951 14948 200 sims=447024 BLOCKER
> 12154 2768 57 105 97 0
> 11307 2453 -214 172 -39 1
> 11905 1755 198 -286 128 4
> 10247 6140 -74 152 116 1
! -30107 93398 0
! 65770 -81414 200
> 12154 2768 57 105 97 0
> 11307 2453 -214 172 -39 1
> 11905 1755 198 -286 128 4
> 10247 6140 -74 152 116 1
! 5748 9635 200 sims=469744 RUNNER
! 3300 13333 200 sims=469744 BLOCKER
> 12211 2873 48 89 115 0
> 11202 2457 -89 3 -57 1
> 11980 1627 63 -109 128 4
> 10034 6436 -180 251 134 1
! -30050 93503 200
! 88916 -60475 200
> 12211 2873 48 89 115 0
> 11202 2457 -89 3 -57 1
> 11980 1627 63 -109 128 4
> 10034 6436 -180 251 134 1
! 3690 7219 200 sims=468560 RUNNER
! 1205 11131 0 sims=468560 BLOCKER
> 12174 3143 -31 229 115 0
> 11268 2334 56 -104 -39 1
> 11877 1630 -87 2 146 4
> 9854 6687 -153 213 152 1
! -30087 93773 200
! 65731 -81533 200
> 12174 3143 -31 229 115 0
> 11268 2334 56 -104 -39 1
> 11877 1630 -87 2 146 4
> 9854 6687 -153 213 152 1
! 5720 9510 0 sims=451080 RUNNER
! 6 8423 0 sims=451080 BLOCKER
> 12058 3553 -98 348 115 0
> 11276 2245 -65 9 -57 1
> 11947 1449 131 -238 128 4
> 9701 6900 -130 181 170 1
! -56141 76688 200
! 65739 -81622 0
> 12058 3553 -98 348 115 0
> 11276 2245 -65 9 -57 1
> 11947 1449 131 -238 128 4
> 9701 6900 -130 181 170 1
! 3657 7041 200 sims=446112 RUNNER
! -202 5508 0 sims=446112 BLOCKER
> 11824 4047 -199 420 133 0
> 11211 2254 -55 7 -57 1
> 11912 1323 -29 -107 146 4
> 9571 7081 -110 153 188 1
! -30437 94677 200
! 65674 -81613 200
> 11824 4047 -199 420 133 0
> 11211 2254 -55 7 -57 1
> 11912 1323 -29 -107 146 4
> 9571 7081 -110 153 188 1
! 5755 9203 200 sims=456552 RUNNER
! 583 2697 0 sims=456552 BLOCKER
> 11540 4648 -240 511 115 0
> 11265 2093 45 -136 -57 1
> 11760 1374 -129 43 128 4
> 9461 7234 -93 130 206 1
! -56659 77783 200
! 65728 -81774 200
> 11540 4648 -240 511 115 0
> 11265 2093 45 -136 -57 1
> 11760 1374 -129 43 128 4
> 9461 7234 -93 130 206 1
! 5603 9254 SHIELD sims=430880 RUNNER
! 2268 287 0 sims=430880 BLOCKER
> 11164 5305 -319 558 133 0
> 11039 2350 -255 312 -57 1
> 11669 1361 -71 -20 128 4
> 9368 7364 -79 110 224 1
! -76297 53786 200
! 65502 -81517 200
> 11164 5305 -319 558 133 0
> 11039 2350 -255 312 -57 1
> 11669 1361 -71 -20 128 4
> 9368 7364 -79 110 224 1
! 5512 9241 0 sims=430408 RUNNER
! 4673 -1465 0 sims=430408 BLOCKER
> 10670 5960 -419 556 151 0
> 10893 2494 -124 122 -57 1
> 11598 1341 -60 -17 128 4
> 9289 7474 -67 93 -118 1
! -87492 25040 0
! 65356 -81373 200
> 10670 5960 -419 556 151 0
> 10893 2494 -124 122 -57 1
> 11598 1341 -60 -17 128 4
> 9289 7474 -67 93 -118 1
! 5441 9221 0 sims=437568 RUNNER
! 7553 -2374 0 sims=437568 BLOCKER
> 10251 6516 -356 472 169 0
> 10878 2448 -12 -38 -57 1
> 11538 1324 -51 -14 128 4
> 9222 7567 -56 79 -100 1
! -77210 54997 200
! 65341 -81419 200
> 10251 6516 -356 472 169 0
> 10878 2448 -12 -38 -57 1
> 11538 1324 -51 -14 128 4
> 9222 7567 -56 79 -100 1
! 8118 10721 0 sims=428832 RUNNER
! 4527 -1262 200 sims=428832 BLOCKER
> 9760 7060 35 172 151 0
> 10975 2242 82 -174 -57 1
> 11487 1310 -43 -11 110 4
> 9033 7495 -614 228 -118 1
! -88402 26140 200
! 65438 -81625 0
> 9760 7060 35 172 151 0
> 10975 2242 82 -174 -57 1
> 11487 1310 -43 -11 110 4
> 9033 7495 -614 228 -118 1
! 5330 9190 200 sims=425304 RUNNER
! 7297 -2353 200 sims=425304 BLOCKER
> 9599 7270 -137 178 169 0
> 10998 2189 -77 155 -57 1
> 11379 1335 5 -178 128 4
> 8384 7526 -551 26 -100 1
! -89655 -4916 200
! 36879 -94403 200
> 9599 7270 -137 178 169 0
> 10998 2189 -77 155 -57 1
> 11379 1335 5 -178 128 4
> 8384 7526 -551 26 -100 1
! 7959 10732 200 sims=436920 RUNNER
! 9776 -2377 200 sims=436920 BLOCKER
> 9263 7424 -285 130 -173 1
> 10973 2151 -21 -32 -75 1
> 11316 1345 -53 8 110 4
> 7861 7354 -444 -146 -82 1
! -81367 -34837 0
! 36854 -94441 200
> 9263 7424 -285 130 -173 1
> 10973 2151 -21 -32 -75 1
> 11316 1345 -53 8 110 4
> 7861 7354 -444 -146 -82 1
! 7896 10742 200 sims=416840 RUNNER
! 12245 -1634 200 sims=416840 BLOCKER
> 8978 7554 -242 110 -155 1
> 10857 2266 -124 157 -75 1
> 11342 1200 47 -182 110 4
> 7505 7028 -302 -276 -64 1
! -64157 -60645 200
! 36738 -94326 200
> 8978 7554 -242 110 -155 1
> 10857 2266 -124 157 -75 1
> 11342 1200 47 -182 110 4
> 7505 7028 -302 -276 -64 1
! 7922 10597 200 sims=409744 RUNNER
! 8897 -2875 200 sims=409744 BLOCKER
> 8590 7528 -330 -22 -137 1
> 10785 2230 -61 -30 -75 1
> 11321 1206 -18 5 110 4
> 7231 6554 -233 -402 -82 1
! -39891 -79933 200
! 65248 -81637 200
> 8590 7528 -330 -22 -137 1
> 10785 2230 -61 -30 -75 1
> 11321 1206 -18 5 110 4
> 7231 6554 -233 -402 -82 1
! 5164 9086 200 sims=406120 RUNNER
! 11615 -2434 0 sims=406120 BLOCKER
> 8163 7331 -362 -167 -119 1
> 10809 2078 -119 138 -57 1
> 11204 1323 40 -168 128 4
> 6998 6152 -198 -341 -64 1
! -10917 -90831 200
! 65272 -81789 200
> 8163 7331 -362 -167 -119 1
> 10809 2078 -119 138 -57 1
> 11204 1323 40 -168 128 4
> 6998 6152 -198 -341 -64 1
! 7784 10720 200 sims=429792 RUNNER
! 13945 -1041 0 sims=429792 BLOCKER
> 7763 6968 -340 -308 -101 1
> 10798 2049 -67 84 -57 1
> 11176 1342 34 -92 110 4
> 6800 5811 -168 -289 -46 1
! 19949 -92286 200
! 65261 -81818 200
> 7763 6968 -340 -308 -101 1
> 10798 2049 -67 84 -57 1
> 11176 1342 34 -92 110 4
> 6800 5811 -168 -289 -46 1
! 7756 10739 200 sims=357456 RUNNER
! 15629 1116 0 sims=357456 BLOCKER
> 7447 6461 -268 -430 -83 1
> 10738 2155 -51 91 -57 1
> 11243 1248 57 -81 110 4
> 6632 5522 -142 -245 -28 1
! 19633 -92793 200
! 65201 -81712 200
> 7447 6461 -268 -430 -83 1
> 10738 2155 -51 91 -57 1
> 11243 1248 57 -81 110 4
> 6632 5522 -142 -245 -28 1
! 7823 10645 200 sims=323992 RUNNER
! 16480 3786 200 sims=323992 BLOCKER
> 7214 5844 49 -240 -83 1
> 10796 2078 49 -65 -57 1
> 11232 1355 -9 90 110 4
> 6677 5230 -210 -531 -10 1
! -11867 -92318 200
! 65259 -81789 200
> 7214 5844 49 -240 -83 1
> 10796 2078 49 -65 -57 1
> 11232 1355 -9 90 110 4
> 6677 5230 -210 -531 -10 1
! 5075 9235 0 sims=363312 RUNNER
! 16580 6622 200 sims=363312 BLOCKER
> 7225 5408 9 -370 -101 1
> 10789 2117 -25 65 -57 1
> 11388 1173 152 -186 128 4
> 6665 4727 -10 -427 8 1
! -11855 -92754 200
! 65252 -81750 200
> 7225 5408 9 -370 -101 1
> 10789 2117 -25 65 -57 1
> 11388 1173 152 -186 128 4
> 6665 4727 -10 -427 8 1
! 3098 6765 200 sims=350440 RUNNER
! 15653 9111 200 sims=350440 BLOCKER
> 7335 5012 137 -282 -101 1
> 10873 2014 71 -87 -57 1
> 11374 1099 -11 -63 146 4
> 6696 4217 -17 -486 26 1
! -11745 -93150 200
! 36754 -94578 200
> 7335 5012 137 -282 -101 1
> 10873 2014 71 -87 -57 1
> 11374 1099 -11 -63 146 4
> 6696 4217 -17 -486 26 1
! 5217 8979 200 sims=351440 RUNNER
! 13889 11164 200 sims=351440 BLOCKER
> 7434 4534 84 -406 -101 1
> 10902 1919 -69 103 -75 1
> 11334 1008 59 -260 128 4
> 6823 3870 107 -295 44 1
! -11646 -93628 0
! 36783 -94673 200
> 7434 4534 84 -406 -101 1
> 10902 1919 -69 103 -75 1
> 11334 1008 59 -260 128 4
> 6823 3870 107 -295 44 1
! 7914 10405 200 sims=356688 RUNNER
! 14016 10817 200 sims=356688 BLOCKER
> 7652 4268 245 -163 -101 1
> 10885 1829 -14 -76 -75 1
> 11325 936 -7 -61 110 4
> 6940 3574 39 -314 44 1
! -40829 -83193 0
! 65348 -82038 200
> 7652 4268 245 -163 -101 1
> 10885 1829 -14 -76 -75 1
> 11325 936 -7 -61 110 4
> 6940 3574 39 -314 44 1
! 10976 10930 200 sims=361960 RUNNER
! 14133 10521 200 sims=361960 BLOCKER
> 7897 4105 208 -138 -119 1
> 10887 1755 -78 81 -57 1
> 11404 906 146 -170 92 4
> 7123 3399 155 -148 44 1
! -40584 -83356 200
! 88601 -61177 200
> 7897 4105 208 -138 -119 1
> 10887 1755 -78 81 -57 1
> 11404 906 146 -170 92 4
> 7123 3399 155 -148 44 1
! 7984 10303 200 sims=323408 RUNNER
! 14316 10346 200 sims=323408 BLOCKER
> 8080 3847 319 -94 -119 1
> 10964 1710 65 -38 -39 1
> 11482 924 65 15 110 4
> 7350 3335 28 -179 44 1
! -65055 -64352 200
! 88678 -61222 0
> 8080 3847 319 -94 -119 1
> 10964 1710 65 -38 -39 1
> 11482 924 65 15 110 4
> 7350 3335 28 -179 44 1
! 5325 8804 200 sims=331072 RUNNER
! 16338 7719 200 sims=331072 BLOCKER
