@ 0 reCurse
@ 1 YurkovAS
CP 3
CP 7471 6925
CP 6011 5357
CP 11295 2803
> 7105 7266 0 0 -1 1
> 7837 6584 0 0 -1 1
> 6373 7947 0 0 -1 1
> 8569 5903 0 0 -1 1
! -42616 -79496 200
! -88337 -20811 0
> 7105 7266 0 0 -1 1
> 7837 6584 0 0 -1 1
> 6373 7947 0 0 -1 1
> 8569 5903 0 0 -1 1
! 8623 -1797 BOOST sims=248535 RUNNER
! -1090 3315 BOOST sims=248535 BLOCKER
> 7139 6978 -111 -170 -120 1
> 7924 6538 330 -44 -164 1
> 6298 7486 -195 -289 -77 1
> 7942 5723 -517 -324 -165 1
! -67175 -59935 200
! -88202 -21025 200
> 7139 6978 -111 -170 -120 1
> 7924 6538 330 -44 -164 1
> 6298 7486 -195 -289 -77 1
> 7942 5723 -517 -324 -165 1
! 11448 -1086 200 sims=330253 RUNNER
! -445 277 0 sims=330253 BLOCKER
> 6916 6654 -47 -351 -138 1
> 8062 6439 117 -84 -164 1
> 6169 7045 -250 -298 -59 1
> 7425 5399 -439 -275 -147 1
! -43084 -79948 200
! -74841 -49480 0
> 6916 6654 -47 -351 -138 1
> 8062 6439 117 -84 -164 1
> 6169 7045 -250 -298 -59 1
> 7425 5399 -439 -275 -147 1
! 11319 -1527 200 sims=338009 RUNNER
! 1132 -2372 0 sims=338009 BLOCKER
> 6769 6130 -124 -445 -120 1
> 8179 6355 99 -71 -146 1
> 6022 6576 -124 -399 -59 1
> 6986 5124 -373 -233 -129 1
! -67545 -60783 200
! -53387 -72446 0
> 6769 6130 -124 -445 -120 1
> 8179 6355 99 -71 -146 1
> 6022 6576 -124 -399 -59 1
> 6986 5124 -373 -233 -129 1
! 13569 15 200 sims=332472 RUNNER
! 3402 -4212 200 sims=332472 BLOCKER
> 6626 5502 -64 -368 -138 1
> 8278 6284 84 -60 -128 1
> 5920 6136 -135 -338 -41 1
> 6540 4663 -386 -592 -111 1
! -43374 -81100 0
! -25924 -87685 0
> 6626 5502 -64 -368 -138 1
> 8278 6284 84 -60 -128 1
> 5920 6136 -135 -338 -41 1
> 6540 4663 -386 -592 -111 1
! 15125 2229 0 sims=379897 RUNNER
! 6017 -5323 0 sims=379897 BLOCKER
> 6562 5134 -54 -312 -120 2
> 8362 6224 71 -51 -110 1
> 5785 5798 -114 -287 -23 2
> 6154 4071 -328 -503 -93 1
! -14229 -92680 0
! -25840 -87745 0
> 6562 5134 -54 -312 -120 2
> 8362 6224 71 -51 -110 1
> 5785 5798 -114 -287 -23 2
> 6154 4071 -328 -503 -93 1
! 15747 4926 200 sims=385861 RUNNER
! 8742 -5588 0 sims=385861 BLOCKER
> 6508 4822 -45 -265 -102 2
> 8433 6173 60 -43 -110 1
> 5870 5494 72 -258 -5 2
> 5826 3568 -278 -427 -75 1
! 16960 -94630 0
! -53133 -72628 200
> 6508 4822 -45 -265 -102 2
> 8433 6173 60 -43 -110 1
> 5870 5494 72 -258 -5 2
> 5826 3568 -278 -427 -75 1
! 15075 1587 200 sims=367829 RUNNER
! 11272 -4819 200 sims=367829 BLOCKER
> 6535 4463 85 -387 -84 2
> 8370 5972 -53 -170 -128 1
> 6054 5252 94 -123 -23 2
> 5657 2973 -143 -505 -57 1
! 47208 -86891 0
! -53196 -72829 200
> 6535 4463 85 -387 -84 2
> 8370 5972 -53 -170 -128 1
> 6054 5252 94 -123 -23 2
> 5657 2973 -143 -505 -57 1
! 13601 -1309 200 sims=382354 RUNNER
! 13428 -3320 200 sims=382354 BLOCKER
> 6620 4076 72 -328 -66 2
> 8194 5644 -149 -278 -128 1
> 6299 4998 208 -216 -41 2
> 5669 2342 10 -536 -39 1
! 73532 -70238 200
! -26008 -88325 200
> 6620 4076 72 -328 -66 2
> 8194 5644 -149 -278 -128 1
> 6299 4998 208 -216 -41 2
> 5669 2342 10 -536 -39 1
! 11449 -3574 200 sims=365988 RUNNER
! 15005 -1242 200 sims=365988 BLOCKER
> 6826 3599 174 -405 -48 2
> 7977 5178 -184 -396 -110 1
> 6610 4611 264 -329 -59 2
> 5866 1734 167 -516 -21 1
! 93428 -46401 200
! -26225 -88791 200
> 6826 3599 174 -405 -48 2
> 7977 5178 -184 -396 -110 1
> 6610 4611 264 -329 -59 2
> 5866 1734 167 -516 -21 1
! 14157 -1950 0 sims=362250 RUNNER
! 15852 1211 200 sims=362250 BLOCKER
> 7173 3094 295 -429 -30 2
> 7725 4594 -214 -496 -110 1
> 6874 4282 224 -279 -41 2
> 6233 1208 311 -447 -3 1
! 104987 -17697 0
! -26477 -89375 SHIELD
> 7173 3094 295 -429 -30 2
> 7725 4594 -214 -496 -110 1
> 6874 4282 224 -279 -41 2
> 6233 1208 311 -447 -3 1
! 16079 375 0 sims=381479 RUNNER
! 15892 3796 0 sims=381479 BLOCKER
> 7468 2665 250 -364 -12 2
> 7576 4121 -111 -396 -110 1
> 6448 3775 -517 -484 -23 2
> 6544 761 264 -379 15 1
! 106920 13117 200
! 4085 -95818 0
> 7468 2665 250 -364 -12 2
> 7576 4121 -111 -396 -110 1
> 6448 3775 -517 -484 -23 2
> 6544 761 264 -379 15 1
! 16410 2903 200 sims=384636 RUNNER
! 14931 6207 200 sims=384636 BLOCKER
> 7917 2322 381 -291 6 2
> 7465 3725 -94 -336 -92 1
> 6130 3274 -270 -426 -5 2
> 6976 491 366 -229 33 1
! 99271 42995 200
! 3974 -96214 0
> 7917 2322 381 -291 6 2
> 7465 3725 -94 -336 -92 1
> 6130 3274 -270 -426 -5 2
> 6976 491 366 -229 33 1
! 15874 5524 200 sims=372239 RUNNER
! 13269 8262 200 sims=372239 BLOCKER
> 8481 2112 479 -178 24 2
> 7371 3389 -79 -285 -92 1
> 6055 2893 -63 -323 13 2
> 7468 417 418 -62 51 1
! 82795 69025 200
! 3880 -96550 0
> 8481 2112 479 -178 24 2
> 7371 3389 -79 -285 -92 1
> 6055 2893 -63 -323 13 2
> 7468 417 418 -62 51 1
! 14627 8043 0 sims=367444 RUNNER
! 11052 9753 200 sims=367444 BLOCKER
> 9109 2068 533 -37 42 2
> 7292 3104 -67 -242 -92 1
> 5992 2570 -53 -274 31 2
> 7958 542 416 106 69 1
! 59109 88670 200
! 34855 -93022 0
> 9109 2068 533 -37 42 2
> 7292 3104 -67 -242 -92 1
> 5992 2570 -53 -274 31 2
> 7958 542 416 106 69 1
! 12553 10117 0 sims=374325 RUNNER
! 8481 10528 200 sims=374325 BLOCKER
> 9742 2204 538 115 60 2
> 7225 2862 -56 -205 -74 1
> 5939 2296 -45 -232 49 2
> 8384 848 362 259 87 1
! 30533 100018 200
! 63144 -80041 0
> 9742 2204 538 115 60 2
> 7225 2862 -56 -205 -74 1
> 5939 2296 -45 -232 49 2
> 8384 848 362 259 87 1
! 14511 7446 0 sims=381227 RUNNER
! 5796 10507 200 sims=381227 BLOCKER
> 10322 2515 492 264 78 2
> 7169 2657 -47 -174 -56 1
> 5894 2064 -38 -197 31 2
> 8694 1300 263 384 105 1
! -130 101967 0
! 85970 -58909 0
> 10322 2515 492 264 78 2
> 7169 2657 -47 -174 -56 1
> 5894 2064 -38 -197 31 2
> 8694 1300 263 384 105 1
! 15638 4314 0 sims=378819 RUNNER
! 3248 9687 200 sims=378819 BLOCKER
> 10814 2779 418 224 96 0
> 7122 2483 -39 -147 -38 1
> 5856 1867 -32 -167 13 2
> 8848 1852 130 468 123 1
! -29859 94133 0
! 101091 -31719 0
> 10814 2779 418 224 96 0
> 7122 2483 -39 -147 -38 1
> 5856 1867 -32 -167 13 2
> 8848 1852 130 468 123 1
! 14428 7017 200 sims=385826 RUNNER
! 3402 10239 200 sims=385826 BLOCKER
> 11232 3003 355 190 114 0
> 7083 2336 -33 -124 -20 1
> 5995 1803 118 -54 31 2
> 8869 2488 17 540 123 1
! -55681 77317 0
! 101052 -31866 0
> 11232 3003 355 190 114 0
> 7083 2336 -33 -124 -20 1
> 5995 1803 118 -54 31 2
> 8869 2488 17 540 123 1
! 15739 4053 0 sims=368802 RUNNER
! 1098 8781 0 sims=368802 BLOCKER
> 11587 3193 301 161 132 0
> 7050 2212 -28 -105 -20 1
> 6113 1749 100 -45 13 2
> 8886 3028 14 459 141 1
! -75015 53193 200
! 85851 -59354 0
> 11587 3193 301 161 132 0
> 7050 2212 -28 -105 -20 1
> 6113 1749 100 -45 13 2
> 8886 3028 14 459 141 1
! 16075 877 0 sims=365981 RUNNER
! 3440 11415 0 sims=365981 BLOCKER
> 11715 3454 108 221 150 0
> 7022 2107 -23 -89 -38 1
> 6213 1704 85 -38 -5 2
> 8900 3487 11 390 123 1
! -86099 24245 200
! 100991 -32095 0
> 11715 3454 108 221 150 0
> 7022 2107 -23 -89 -38 1
> 6213 1704 85 -38 -5 2
> 8900 3487 11 390 123 1
! 15957 3954 0 sims=364476 RUNNER
! 1129 9780 0 sims=364476 BLOCKER
> 11627 3717 -74 223 168 0
> 7020 2029 116 -7 -20 1
> 6277 1655 -64 -100 13 2
> 8911 3877 9 331 141 1
! -87825 -6735 200
! 100989 -32173 0
> 11627 3717 -74 223 168 0
> 7020 2029 116 -7 -20 1
> 6277 1655 -64 -100 13 2
> 8911 3877 9 331 141 1
! 16021 3905 200 sims=372953 RUNNER
! 3465 12264 0 sims=372953 BLOCKER
> 11354 3919 -231 171 -174 0
> 7136 2022 98 -5 -20 1
> 6408 1600 111 -46 13 2
> 8920 4208 7 281 123 1
! -86460 24710 200
! 85937 -59544 0
> 11354 3919 -231 171 -174 0
> 7136 2022 98 -5 -20 1
> 6408 1600 111 -46 13 2
> 8920 4208 7 281 123 1
! 16152 3850 200 sims=346157 RUNNER
! 6332 13867 0 sims=346157 BLOCKER
> 10927 4132 -362 180 168 0
> 7371 2102 234 89 -38 1
> 6577 1514 108 -94 13 2
> 8927 4489 5 238 105 1
! -86887 24923 0
! 63290 -80801 0
> 10927 4132 -362 180 168 0
> 7371 2102 234 89 -38 1
> 6577 1514 108 -94 13 2
> 8927 4489 5 238 105 1
! 16321 3764 200 sims=357595 RUNNER
! 9450 14475 0 sims=357595 BLOCKER
> 10565 4312 -307 153 168 0
> 7605 2191 198 75 -56 1
> 6880 1465 257 -41 13 2
> 8932 4727 4 202 87 1
! -88887 -6140 0
! 63524 -80712 0
> 10565 4312 -307 153 168 0
> 7605 2191 198 75 -56 1
> 6880 1465 257 -41 13 2
> 8932 4727 4 202 87 1
! 15452 6615 200 sims=348481 RUNNER
! 12516 14063 0 sims=348481 BLOCKER
> 10258 4465 -260 130 -174 0
> 7803 2266 168 63 -56 1
> 7308 1527 364 52 31 2
> 8936 4929 3 171 69 1
! -87556 25256 0
! 35366 -93860 200
> 10258 4465 -260 130 -174 0
> 7803 2266 168 63 -56 1
> 7308 1527 364 52 31 2
> 8936 4929 3 171 69 1
! 15880 6677 200 sims=329000 RUNNER
! 15229 12700 0 sims=329000 BLOCKER
> 9998 4595 -221 110 168 0
> 8196 2406 374 182 -74 1
> 7674 1413 270 -160 31 2
> 8939 5100 2 145 51 1
! -76604 54595 200
! 4705 -97533 200
> 9998 4595 -221 110 168 0
> 8196 2406 374 182 -74 1
> 7674 1413 270 -160 31 2
> 8939 5100 2 145 51 1
! 14235 8960 200 sims=335153 RUNNER
! 17326 10546 0 sims=335153 BLOCKER
> 9608 4803 -75 6 150 0
> 8563 2388 311 -15 -92 1
> 8075 1404 341 -7 49 2
> 8937 5247 -258 294 33 1
! -88206 25594 200
! 5072 -97551 200
> 9608 4803 -75 6 150 0
> 8563 2388 311 -15 -92 1
> 8075 1404 341 -7 49 2
> 8937 5247 -258 294 33 1
! 16647 6554 200 sims=333354 RUNNER
! 18596 7835 0 sims=333354 BLOCKER
> 9337 4851 -230 40 168 0
> 8896 2238 383 104 -92 1
> 8559 1435 310 -205 31 2
> 8679 5541 -219 249 15 1
! -77265 54851 200
! 5405 -97701 200
> 9337 4851 -230 40 168 0
> 8896 2238 383 104 -92 1
> 8559 1435 310 -205 31 2
> 8679 5541 -219 249 15 1
! 15120 8982 0 sims=358624 RUNNER
! 18665 5018 0 sims=358624 BLOCKER
> 8934 4991 -342 118 150 0
> 9272 2142 319 -81 -92 1
> 8869 1230 263 -174 49 2
> 8460 5790 -186 211 -3 1
! -57979 79305 0
! -24930 -91827 0
> 8934 4991 -342 118 150 0
> 9272 2142 319 -81 -92 1
> 8869 1230 263 -174 49 2
> 8460 5790 -186 211 -3 1
! 12776 10435 200 sims=335867 RUNNER
! 17796 2206 0 sims=335867 BLOCKER
> 8592 5109 -290 100 132 0
> 9591 2061 271 -68 -110 1
> 9210 1240 289 8 67 2
> 8274 6001 -158 179 -21 1
! -32081 96463 200
! -24611 -91908 200
> 8592 5109 -290 100 132 0
> 9591 2061 271 -68 -110 1
> 9210 1240 289 8 67 2
> 8274 6001 -158 179 -21 1
! 13117 10445 200 sims=310156 RUNNER
! 16045 -292 0 sims=310156 BLOCKER
> 8222 5385 -293 83 114 0
> 9953 2139 346 146 -110 1
> 9418 1098 138 -201 67 2
> 8115 6187 -156 308 -39 1
! -2230 104837 200
! -51613 -76662 0
> 8222 5385 -293 83 114 0
> 9953 2139 346 146 -110 1
> 9418 1098 138 -201 67 2
> 8115 6187 -156 308 -39 1
! 13325 10303 200 sims=335944 RUNNER
! 13561 -2200 200 sims=335944 BLOCKER
> 7931 5473 -246 65 96 0
> 10299 2285 294 124 -128 1
> 9634 1081 183 -14 67 2
> 8045 6521 -60 293 -57 1
! 28722 103287 200
! -51267 -76516 200
> 7931 5473 -246 65 96 0
> 10299 2285 294 124 -128 1
> 9634 1081 183 -14 67 2
> 8045 6521 -60 293 -57 1
! 13541 10286 200 sims=335678 RUNNER
! 10633 -3138 200 sims=335678 BLOCKER
> 7727 5734 -173 221 78 0
> 10470 2251 145 -28 -128 1
> 9895 1251 221 144 67 2
> 8037 6621 -6 84 -75 1
! 57727 92336 200
! -51096 -76550 200
> 7727 5734 -173 221 78 0
> 10470 2251 145 -28 -128 1
> 9895 1251 221 144 67 2
> 8037 6621 -6 84 -75 1
! 16456 8798 200 sims=302141 RUNNER
! 7514 -3365 200 sims=302141 BLOCKER
> 7529 5849 -215 -7 60 0
> 10598 2266 248 277 -128 1
> 10141 1346 69 -184 49 2
> 8146 6784 139 244 -93 1
! 57529 92451 200
! -23604 -91703 200
> 7529 5849 -215 -7 60 0
> 10598 2266 248 277 -128 1
> 10141 1346 69 -184 49 2
> 8146 6784 139 244 -93 1
! 14048 10551 200 sims=324933 RUNNER
! 4562 -2552 200 sims=324933 BLOCKER
> 7414 6015 -97 141 60 0
> 10778 2355 152 75 -110 1
> 10288 1346 125 0 67 2
> 8213 6841 57 48 -111 1
! 57414 92617 200
! -23424 -91614 200
> 7414 6015 -97 141 60 0
> 10778 2355 152 75 -110 1
> 10288 1346 125 0 67 2
> 8213 6841 57 48 -111 1
! 14195 10551 200 sims=329672 RUNNER
! 1920 -930 200 sims=329672 BLOCKER
> 7417 6329 2 267 60 1
> 10862 2242 71 -95 -110 1
> 10491 1530 172 156 67 2
> 8144 6734 -58 -91 -129 1
! 81731 73242 0
! -50704 -76559 200
> 7417 6329 2 267 60 1
> 10862 2242 71 -95 -110 1
> 10491 1530 172 156 67 2
> 8144 6734 -58 -91 -129 1
! 14398 10735 SHIELD sims=341586 RUNNER
! -243 1288 0 sims=341586 BLOCKER
> 7246 6511 -170 142 42 1
> 11199 2736 288 423 -128 1
> 10624 1611 112 68 67 2
> 8259 6728 122 7 -147 1
! 98600 47184 0
! -23003 -91233 200
> 7246 6511 -170 142 42 1
> 11199 2736 288 423 -128 1
> 10624 1611 112 68 67 2
> 8259 6728 122 7 -147 1
! 14531 10816 0 sims=376075 RUNNER
! -128 1282 200 sims=376075 BLOCKER
> 7076 6653 -144 120 24 1
> 11419 2971 186 199 -110 1
> 10736 1679 95 57 67 2
> 8213 6626 -38 -86 -147 1
! 106528 17105 0
! -50147 -75830 200
> 7076 6653 -144 120 24 1
> 11419 2971 186 199 -110 1
> 10736 1679 95 57 67 2
> 8213 6626 -38 -86 -147 1
! 14643 10884 0 sims=348754 RUNNER
! -1446 4038 0 sims=348754 BLOCKER
> 6932 6773 -122 102 6 1
> 11482 3012 53 35 -128 1
> 10831 1736 80 48 67 2
> 8175 6540 -32 -73 -165 1
! 104746 -14018 200
! -22720 -90957 200
> 6932 6773 -122 102 6 1
> 11482 3012 53 35 -128 1
> 10831 1736 80 48 67 2
> 8175 6540 -32 -73 -165 1
! 14738 10941 0 sims=326095 RUNNER
! -1811 7063 200 sims=326095 BLOCKER
> 7006 6833 62 51 -12 1
> 11467 2859 -13 -129 -110 1
> 10911 1784 68 40 67 2
> 7943 6477 -196 -53 177 1
! 93608 -43167 200
! -50099 -75942 200
> 7006 6833 62 51 -12 1
> 11467 2859 -13 -129 -110 1
> 10911 1784 68 40 67 2
> 7943 6477 -196 -53 177 1
! 14818 10989 200 sims=307475 RUNNER
! -1716 3889 0 sims=307475 BLOCKER
> 7074 6868 -91 104 -30 1
> 11408 2727 105 199 -128 1
> 10980 1853 -97 -252 67 2
> 7914 6340 125 -191 -165 1
! 73986 -67446 200
! -50158 -76074 200
> 7074 6868 -91 104 -30 1
> 11408 2727 105 199 -128 1
> 10980 1853 -97 -252 67 2
> 7914 6340 125 -191 -165 1
! 14887 11058 200 sims=327950 RUNNER
! -2072 6863 200 sims=327950 BLOCKER
> 7117 6823 36 -37 -48 1
> 11390 2768 -15 35 -128 1
> 10961 1785 -16 -57 67 2
> 7839 6159 -63 -153 177 1
! 47790 -84531 200
! -22812 -91201 200
> 7117 6823 36 -37 -48 1
> 11390 2768 -15 35 -128 1
> 10961 1785 -16 -57 67 2
> 7839 6159 -63 -153 177 1
! 14868 10990 200 sims=314951 RUNNER
! -1497 9743 200 sims=314951 BLOCKER
> 7119 6731 -98 33 -66 1
> 11323 2654 30 117 -110 1
> 11007 1873 -48 -139 67 2
> 7705 5950 -13 -289 159 1
! 17571 -92721 200
! -22879 -91315 200
> 7119 6731 -98 33 -66 1
> 11323 2654 30 117 -110 1
> 11007 1873 -48 -139 67 2
> 7705 5950 -13 -289 159 1
! 14914 11078 200 sims=319907 RUNNER
! -2281 6473 0 sims=319907 BLOCKER
> 7042 6565 -65 -141 -84 1
> 11331 2701 25 87 -110 1
> 10990 1800 -32 -109 67 2
> 7692 5661 -11 -245 177 1
! -13749 -91249 200
! -22871 -91268 200
> 7042 6565 -65 -141 -84 1
> 11331 2701 25 87 -110 1
> 10990 1800 -32 -109 67 2
> 7692 5661 -11 -245 177 1
! 14897 11005 200 sims=280224 RUNNER
! -1967 3073 0 sims=280224 BLOCKER
> 6935 6228 -90 -286 -102 1
> 11300 2634 24 88 -110 1
> 11024 1841 -22 -110 67 2
> 7681 5416 -9 -208 -165 1
! -43065 -80374 200
! -22902 -91335 200
> 6935 6228 -90 -286 -102 1
> 11300 2634 24 88 -110 1
> 11024 1841 -22 -110 67 2
> 7681 5416 -9 -208 -165 1
! 14931 11046 200 sims=332612 RUNNER
! -706 -30 0 sims=332612 BLOCKER
> 6745 5769 -161 -390 -120 1
> 11311 2699 21 91 -110 1
> 11024 1750 -11 -113 67 2
> 7672 5208 -7 -176 -147 1
! -14046 -92045 0
! 7820 -97240 200
> 6745 5769 -161 -390 -120 1
> 11311 2699 21 91 -110 1
> 11024 1750 -11 -113 67 2
> 7672 5208 -7 -176 -147 1
! 11896 11712 200 sims=363076 RUNNER
! 1379 -2563 0 sims=363076 BLOCKER
> 6584 5379 -136 -331 -102 2
> 11325 2590 11 -92 -92 1
> 11030 1836 5 73 85 2
> 7665 5032 -5 -149 -129 1
! 17036 -94073 0
! -22877 -91379 200
> 6584 5379 -136 -331 -102 2
> 11325 2590 11 -92 -92 1
> 11030 1836 5 73 85 2
> 7665 5032 -5 -149 -129 1
! 14937 11041 0 sims=345191 RUNNER
! 4081 -4304 0 sims=345191 BLOCKER
> 6448 5048 -115 -281 -84 2
> 11393 2628 60 39 -110 1
> 10910 1591 -105 -215 67 2
> 7660 4883 -4 -126 -111 1
! 47121 -86306 0
! -50173 -76173 200
> 6448 5048 -115 -281 -84 2
> 11393 2628 60 39 -110 1
> 10910 1591 -105 -215 67 2
> 7660 4883 -4 -126 -111 1
! 14817 10796 200 sims=338870 RUNNER
! 7137 -5103 0 sims=338870 BLOCKER
> 6333 4767 -97 -238 -66 2
> 11330 2509 -53 -100 -128 1
> 10883 1560 -22 -26 67 2
> 7656 4757 -3 -107 -93 1
! 73245 -69547 0
! -22872 -91460 200
> 6333 4767 -97 -238 -66 2
> 11330 2509 -53 -100 -128 1
> 10883 1560 -22 -26 67 2
> 7656 4757 -3 -107 -93 1
! 11755 11522 200 sims=330540 RUNNER
! 10244 -4902 0 sims=330540 BLOCKER
> 6236 4529 -82 -202 -48 2
> 11311 2408 84 98 -110 1
> 10776 1546 -191 -196 85 2
> 7653 4650 -2 -90 -75 1
! 92838 -45471 200
! -50255 -76393 0
> 6236 4529 -82 -202 -48 2
> 11311 2408 84 98 -110 1
> 10776 1546 -191 -196 85 2
> 7653 4650 -2 -90 -75 1
! 11648 11508 200 sims=344589 RUNNER
! 13099 -3737 200 sims=344589 BLOCKER
> 6327 4227 77 -256 -30 2
> 11395 2506 71 83 -128 1
> 10602 1549 -147 2 85 2
> 7760 4392 90 -219 -57 1
! 104141 -16564 200
! -71508 -53413 200
> 6327 4227 77 -256 -30 2
> 11395 2506 71 83 -128 1
> 10602 1549 -147 2 85 2
> 7760 4392 90 -219 -57 1
! 8352 11293 200 sims=311409 RUNNER
! 15531 -1901 0 sims=311409 BLOCKER
> 6600 3929 231 -252 -12 2
> 11300 2477 -80 -24 -146 1
> 10410 1746 -163 167 103 2
> 7850 4173 76 -186 -39 1
! 93202 -46071 200
! -84826 -25086 200
> 6600 3929 231 -252 -12 2
> 11300 2477 -80 -24 -146 1
> 10410 1746 -163 167 103 2
> 7850 4173 76 -186 -39 1
! 5260 10318 200 sims=311514 RUNNER
! 17186 589 0 sims=311514 BLOCKER
> 7004 3577 343 -299 -30 2
> 11028 2398 -231 -67 -164 1
> 10144 2084 -226 287 121 2
> 7926 3987 64 -158 -21 1
! 104818 -17214 200
! -88911 5888 200
> 7004 3577 343 -299 -30 2
> 11028 2398 -231 -67 -164 1
> 10144 2084 -226 287 121 2
> 7926 3987 64 -158 -21 1
! 4994 10656 200 sims=310772 RUNNER
! 17912 3464 200 sims=310772 BLOCKER
> 7543 3236 457 -289 -12 2
> 10597 2338 -366 -51 -182 1
> 9815 2542 -279 389 121 2
> 8190 3819 224 -143 -3 1
! 105357 -17555 0
! -83372 36540 200
> 7543 3236 457 -289 -12 2
> 10597 2338 -366 -51 -182 1
> 9815 2542 -279 389 121 2
> 8190 3819 224 -143 -3 1
! 4665 11114 200 sims=308021 RUNNER
! 17526 235 0 sims=308021 BLOCKER
> 8000 2947 388 -245 -12 2
> 10043 2355 -470 14 -200 1
> 9433 3102 -324 476 121 2
> 8414 3676 190 -121 -21 1
! 107452 13399 200
! -89896 5845 0
> 8000 2947 388 -245 -12 2
> 10043 2355 -470 14 -200 1
> 9433 3102 -324 476 121 2
> 8414 3676 190 -121 -21 1
! 1886 9663 0 sims=314188 RUNNER
! 17750 92 SHIELD sims=314188 BLOCKER
> 8587 2723 498 -190 6 2
> 9573 2369 -399 11 178 1
> 9677 3377 720 52 139 2
> 8547 3575 61 -67 -21 1
! 108039 13175 SHIELD
! -84396 36571 0
> 8587 2723 498 -190 6 2
> 9573 2369 -399 11 178 1
> 9677 3377 720 52 139 2
> 8547 3575 61 -67 -21 1
! 472 7284 0 sims=405013 RUNNER
! 18533 3052 0 sims=405013 BLOCKER
> 8974 2578 293 -109 6 2
> 10287 1931 960 -515 160 1
> 10397 3429 612 44 157 2
> 8608 3508 51 -56 -3 1
! 100328 43251 0
! -68514 63497 200
> 8974 2578 293 -109 6 2
> 10287 1931 960 -515 160 1
> 10397 3429 612 44 157 2
> 8608 3508 51 -56 -3 1
! 435 4301 0 sims=373842 RUNNER
! 18267 6096 0 sims=373842 BLOCKER
> 9267 2469 249 -92 24 2
> 11089 1539 682 -333 142 1
> 11009 3473 520 37 175 2
> 8659 3452 43 -47 15 1
! 108719 12921 200
! -82880 35741 200
> 9267 2469 249 -92 24 2
> 11089 1539 682 -333 142 1
> 11009 3473 520 37 175 2
> 8659 3452 43 -47 15 1
! 1265 1223 200 sims=371224 RUNNER
! 17046 8898 0 sims=371224 BLOCKER
> 9516 2377 211 -78 6 2
> 11583 1274 419 -224 160 1
> 11334 3465 276 -6 193 2
> 8702 3405 36 -39 33 1
! 107330 -18414 200
! -67218 62840 200
> 9516 2377 211 -78 6 2
> 11583 1274 419 -224 160 1
> 11334 3465 276 -6 193 2
> 8702 3405 36 -39 33 1
! 2762 -1685 200 sims=358008 RUNNER
! 14995 11176 0 sims=358008 BLOCKER
> 9727 2299 179 -66 -12 2
> 11844 1173 222 -85 142 1
> 11439 3356 88 -92 -149 0
> 8738 3366 30 -33 51 1
! 109179 12751 200
! -66957 62739 200
> 9727 2299 179 -66 -12 2
> 11844 1173 222 -85 142 1
> 11439 3356 88 -92 -149 0
> 8738 3366 30 -33 51 1
! 1695 1106 200 sims=354200 RUNNER
! 12322 12702 200 sims=354200 BLOCKER
> 10105 2254 321 -38 6 2
> 11908 1211 54 32 142 1
> 11332 3219 -90 -116 -167 0
> 8840 3520 86 130 69 1
! 101459 42927 200
! -44011 84114 200
> 10105 2254 321 -38 6 2
> 11908 1211 54 32 142 1
> 11332 3219 -90 -116 -167 0
> 8840 3520 86 130 69 1
! 1588 969 200 sims=351351 RUNNER
! 9363 13506 0 sims=351351 BLOCKER
> 10609 2297 428 36 24 2
> 11850 1409 -49 168 124 1
> 11047 3058 -242 -136 -167 0
> 8926 3650 73 110 87 1
! 84923 69210 SHIELD
! -44069 84312 200
> 10609 2297 428 36 24 2
> 11850 1409 -49 168 124 1
> 11047 3058 -242 -136 -167 0
> 8926 3650 73 110 87 1
! 1303 808 SHIELD sims=374241 RUNNER
! 6338 13309 200 sims=374241 BLOCKER
> 10893 2008 216 -302 42 2
> 11689 1743 -136 283 124 1
> 10949 3247 -58 217 -167 0
> 8947 3953 18 257 105 1
! 60893 88610 200
! -67112 63309 0
> 10893 2008 216 -302 42 2
> 11689 1743 -136 283 124 1
> 10949 3247 -58 217 -167 0
> 8947 3953 18 257 105 1
! 2377 -1903 0 sims=353206 RUNNER
! 3501 12340 0 sims=353206 BLOCKER
> 10666 1833 -224 -139 60 2
> 11996 1899 292 123 142 1
> 10891 3464 -49 184 -149 0
> 8965 4210 15 218 123 1
! 84980 68746 200
! -81973 36101 200
> 10666 1833 -224 -139 60 2
> 11996 1899 292 123 142 1
> 10891 3464 -49 184 -149 0
> 8965 4210 15 218 123 1
! 4330 -4083 0 sims=367696 RUNNER
! 1194 10503 0 sims=367696 BLOCKER
> 10442 1694 -190 -118 42 2
> 12100 2090 88 162 160 1
> 10842 3648 -41 156 -131 0
> 8980 4428 12 185 141 1
! 84756 68607 0
! -66701 63656 200
> 10442 1694 -190 -118 42 2
> 12100 2090 88 162 160 1
> 10842 3648 -41 156 -131 0
> 8980 4428 12 185 141 1
! 6935 -5557 0 sims=354718 RUNNER
! 3534 12815 0 sims=354718 BLOCKER
> 10252 1576 -161 -100 42 2
> 12030 2375 -59 242 142 1
> 10801 3804 -34 132 -113 0
> 8992 4613 10 157 123 1
! 84566 68489 200
! -43889 85278 0
> 10252 1576 -161 -100 42 2
> 12030 2375 -59 242 142 1
> 10801 3804 -34 132 -113 0
> 8992 4613 10 157 123 1
! 9929 -6158 0 sims=348222 RUNNER
! 1221 10906 0 sims=348222 BLOCKER
> 10240 1610 -10 28 42 2
> 11971 2617 -50 205 124 1
> 10767 3936 -28 112 -95 0
> 9002 4770 8 133 141 1
! 84554 68523 200
! -15592 98743 200
> 10240 1610 -10 28 42 2
> 11971 2617 -50 205 124 1
> 10767 3936 -28 112 -95 0
> 9002 4770 8 133 141 1
! 13017 -5808 0 sims=338366 RUNNER
! 3556 13157 0 sims=338366 BLOCKER
> 10379 1772 117 137 42 2
> 11866 3014 -89 337 106 1
> 10739 4048 -23 95 -77 0
> 9010 4903 6 113 123 1
! 60379 88374 200
! -15697 99140 200
> 10379 1772 117 137 42 2
> 11866 3014 -89 337 106 1
> 10739 4048 -23 95 -77 0
> 9010 4903 6 113 123 1
! 9867 -5914 200 sims=356188 RUNNER
! 1239 11196 0 sims=356188 BLOCKER
> 10596 2082 184 263 60 2
> 11722 3543 -122 449 106 1
> 10699 3944 -34 -88 -95 0
> 9016 5016 5 96 141 1
! 31387 99896 200
! -44197 86446 0
> 10596 2082 184 263 60 2
> 11722 3543 -122 449 106 1
> 10699 3944 -34 -88 -95 0
> 9016 5016 5 96 141 1
! 12949 -5800 200 sims=364539 RUNNER
! 3570 13403 0 sims=364539 BLOCKER
> 10822 2541 191 389 78 0
> 11600 3992 -103 381 124 1
> 10710 3661 9 -240 -77 0
> 9021 5112 4 81 123 1
! 369 101993 0
! -67201 65558 0
> 10822 2541 191 389 78 0
> 11600 3992 -103 381 124 1
> 10710 3661 9 -240 -77 0
> 9021 5112 4 81 123 1
! 15860 -4911 200 sims=354025 RUNNER
! 1250 11405 0 sims=354025 BLOCKER
> 11095 2486 281 -315 96 0
> 11497 4373 -87 323 142 1
> 10740 3693 -23 296 -59 0
> 9025 5193 3 68 141 1
! 642 101938 200
! -82472 38575 0
> 11095 2486 281 -315 96 0
> 11497 4373 -87 323 142 1
> 10740 3693 -23 296 -59 0
> 9025 5193 3 68 141 1
! 12990 -6051 0 sims=360437 RUNNER
! 3579 13580 0 sims=360437 BLOCKER
> 11355 2370 221 -98 96 0
> 11410 4696 -73 274 160 1
> 10717 3989 -19 251 -77 0
> 9028 5261 2 57 123 1
! -29318 93724 200
! -88529 8186 0
> 11355 2370 221 -98 96 0
> 11410 4696 -73 274 160 1
> 10717 3989 -19 251 -77 0
> 9028 5261 2 57 123 1
! 9845 -5973 0 sims=368536 RUNNER
! 1257 11554 0 sims=368536 BLOCKER
> 11495 2455 118 72 114 0
> 11337 4970 -62 232 178 1
> 10698 4240 -16 213 -95 0
> 9030 5318 1 48 141 1
! -55418 76769 200
! -84789 -22593 200
> 11495 2455 118 72 114 0
> 11337 4970 -62 232 178 1
> 10698 4240 -16 213 -95 0
> 9030 5318 1 48 141 1
! 9826 -5722 200 sims=331772 RUNNER
! 3584 13705 0 sims=331772 BLOCKER
> 11479 2676 -13 187 132 0
> 11083 5147 -216 150 -164 1
> 10665 4254 -28 11 -95 0
> 9031 5366 0 40 123 1
! -29194 94030 0
! -71820 -50772 0
> 11479 2676 -13 187 132 0
> 11083 5147 -216 150 -164 1
> 10665 4254 -28 11 -95 0
> 9031 5366 0 40 123 1
! 6758 -4951 0 sims=319095 RUNNER
! 1260 11659 0 sims=319095 BLOCKER
> 11466 2863 -11 158 114 0
> 10867 5297 -183 127 -146 1
> 10637 4265 -23 9 -113 0
> 9031 5406 0 34 141 1
! 1013 102315 200
! -50699 -73504 0
> 11466 2863 -11 158 114 0
> 10867 5297 -183 127 -146 1
> 10637 4265 -23 9 -113 0
> 9031 5406 0 34 141 1
! 4076 -3282 0 sims=382606 RUNNER
! 3585 13793 0 sims=382606 BLOCKER
> 11434 3220 -27 303 96 0
> 10684 5424 -155 107 -128 1
> 10614 4274 -19 7 -131 0
> 9031 5440 0 28 123 1
! -29239 94574 0
! -23518 -88545 200
> 11434 3220 -27 303 96 0
> 10684 5424 -155 107 -128 1
> 10614 4274 -19 7 -131 0
> 9031 5440 0 28 123 1
! 2042 -876 0 sims=356419 RUNNER
! 1260 11733 0 sims=356419 BLOCKER
> 11407 3523 -22 257 114 0
> 10461 5343 -189 -68 -110 1
> 10595 4281 -16 5 -149 0
> 9031 5468 0 23 141 1
! -55506 77837 0
! -23741 -88626 0
> 11407 3523 -22 257 114 0
> 10461 5343 -189 -68 -110 1
> 10595 4281 -16 5 -149 0
> 9031 5468 0 23 141 1
! 851 2031 0 sims=306467 RUNNER
! 3585 13855 0 sims=306467 BLOCKER
> 11385 3780 -18 218 132 0
> 10272 5275 -160 -57 -110 1
> 10579 4286 -13 4 -167 0
> 9031 5491 0 19 123 1
! -55528 78094 0
! 6781 -94664 0
> 11385 3780 -18 218 132 0
> 10272 5275 -160 -57 -110 1
> 10579 4286 -13 4 -167 0
> 9031 5491 0 19 123 1
! 617 5158 0 sims=296765 RUNNER
! 6443 15150 0 sims=296765 BLOCKER
> 11367 3998 -15 185 132 0
> 10112 5218 -136 -48 -92 1
> 10566 4290 -11 3 -185 0
> 9031 5510 0 16 105 1
! -75235 53998 200
! 37675 -90908 200
> 11367 3998 -15 185 132 0
> 10112 5218 -136 -48 -92 1
> 10566 4290 -11 3 -185 0
> 9031 5510 0 16 105 1
! 1361 8197 200 sims=301805 RUNNER
! 3585 13897 0 sims=301805 BLOCKER
> 11230 4276 32 215 150 0
> 9982 5070 -203 49 -74 1
> 10369 4285 -224 -158 -203 0
> 9031 5526 0 13 123 1
! -86584 25067 200
! 6491 -94869 200
> 11230 4276 32 215 150 0
> 9982 5070 -203 49 -74 1
> 10369 4285 -224 -158 -203 0
> 9031 5526 0 13 123 1
! 2822 10846 200 sims=328860 RUNNER
! 6443 15185 0 sims=328860 BLOCKER
> 11066 4533 -139 218 168 0
> 9723 5032 -249 35 -92 1
> 10043 4145 -247 -186 -221 0
> 9031 5539 0 11 105 1
! -88386 -5919 200
! -24479 -88937 200
> 11066 4533 -139 218 168 0
> 9723 5032 -249 35 -92 1
> 10043 4145 -247 -186 -221 0
> 9031 5539 0 11 105 1
! 2496 10706 200 sims=328307 RUNNER
! 6443 15198 SHIELD sims=328307 BLOCKER
> 10728 4730 -287 167 -174 0
> 9465 4871 -216 -12 -110 1
> 9667 4014 -268 -294 139 0
> 9023 5559 -12 22 105 1
! -87086 25521 200
! -52101 -73930 0
> 10728 4730 -287 167 -174 0
> 9465 4871 -216 -12 -110 1
> 9667 4014 -268 -294 139 0
> 9023 5559 -12 22 105 1
! 4517 12586 0 sims=330603 RUNNER
! 6435 15218 SHIELD sims=330603 BLOCKER
> 10245 4939 -410 177 168 0
> 9319 4736 -106 -146 -128 1
> 9399 3720 -227 -249 121 0
> 9004 5593 -17 32 105 1
! -76357 54939 200
! -24883 -89233 200
> 10245 4939 -410 177 168 0
> 9319 4736 -106 -146 -128 1
> 9399 3720 -227 -249 121 0
> 9004 5593 -17 32 105 1
! 7149 13464 0 sims=341999 RUNNER
! 9527 15579 0 sims=341999 BLOCKER
> 9671 5210 -50 -33 150 0
> 9145 4402 -148 -283 -110 1
> 9172 3471 -192 -211 103 0
> 8978 5631 -459 295 87 1
! -76931 55210 200
! -25057 -89567 0
> 9671 5210 -50 -33 150 0
> 9145 4402 -148 -283 -110 1
> 9172 3471 -192 -211 103 0
> 8978 5631 -459 295 87 1
! 4022 12043 200 sims=351932 RUNNER
! 12562 14967 0 sims=351932 BLOCKER
> 9448 5277 -189 56 150 0
> 9004 4226 -112 -39 -110 1
> 8870 3324 -264 -234 121 0
> 8519 5926 -390 250 69 1
! -57465 79591 200
! -52562 -74575 200
> 9448 5277 -189 56 150 0
> 9004 4226 -112 -39 -110 1
> 8870 3324 -264 -234 121 0
> 8519 5926 -390 250 69 1
! 1323 9885 200 sims=342132 RUNNER
! 14812 13697 0 sims=342132 BLOCKER
> 9125 5482 -274 173 132 0
> 8769 4029 -199 -167 -128 1
> 8455 3221 -352 -87 139 0
> 8129 6176 -331 212 51 1
! -57788 79796 200
! -74134 -51890 200
> 9125 5482 -274 173 132 0
> 8769 4029 -199 -167 -128 1
> 8455 3221 -352 -87 139 0
> 8129 6176 -331 212 51 1
! 3305 11793 200 sims=322686 RUNNER
! 16516 11622 0 sims=322686 BLOCKER
> 8717 5804 -346 273 132 0
> 8499 3957 -206 -11 -146 1
> 7905 3099 -490 -154 121 0
> 7798 6388 -281 180 33 1
! -77885 55804 200
! -87627 -23606 0
> 8717 5804 -346 273 132 0
> 8499 3957 -206 -11 -146 1
> 7905 3099 -490 -154 121 0
> 7798 6388 -281 180 33 1
! 5655 12843 200 sims=319956 RUNNER
! 17457 8976 0 sims=319956 BLOCKER
> 8211 6170 -218 188 150 0
> 8293 3946 -175 -9 -164 1
> 7370 3140 -454 34 103 0
> 7504 6575 -461 281 15 1
! -89603 26961 0
! -91646 7436 200
> 8211 6170 -218 188 150 0
> 8293 3946 -175 -9 -164 1
> 7370 3140 -454 34 103 0
> 7504 6575 -461 281 15 1
! 8242 13102 200 sims=363832 RUNNER
! 17490 6052 0 sims=363832 BLOCKER
> 7993 6358 -185 159 168 0
> 7918 3944 -318 -1 -182 1
> 6933 3373 -371 198 85 0
> 7043 6856 -391 238 -3 1
! -91459 -4094 0
! -86051 38146 200
> 7993 6358 -185 159 168 0
> 7918 3944 -318 -1 -182 1
> 6933 3373 -371 198 85 0
> 7043 6856 -391 238 -3 1
! 10840 12578 0 sims=348614 RUNNER
! 16379 3272 200 sims=348614 BLOCKER
> 7808 6517 -157 135 -174 1
> 7412 4011 -430 57 -200 1
> 6562 3571 -315 168 67 0
> 6839 7022 -173 141 -21 1
! -83546 -34156 200
! -92527 7501 200
> 7808 6517 -157 135 -174 1
> 7412 4011 -430 57 -200 1
> 6562 3571 -315 168 67 0
> 6839 7022 -173 141 -21 1
! 7434 13533 200 sims=322686 RUNNER
! 16825 6499 0 sims=322686 BLOCKER
> 7468 6571 -288 45 -156 1
> 7030 4187 -204 204 178 1
> 6017 3826 -584 162 85 0
> 6666 7163 -147 119 -3 1
! -66846 -60341 200
! -86939 38389 200
> 7468 6571 -288 45 -156 1
> 7030 4187 -204 204 178 1
> 6017 3826 -584 162 85 0
> 6666 7163 -147 119 -3 1
! 6889 13788 200 sims=347550 RUNNER
! 16002 3579 0 sims=347550 BLOCKER
> 7031 6482 -371 -75 -138 1
> 6638 4459 -333 231 160 1
> 5450 4187 -481 307 85 0
> 6519 7282 -124 101 -21 1
! -42969 -80120 200
! -72163 66025 200
> 7031 6482 -371 -75 -138 1
> 6638 4459 -333 231 160 1
> 5450 4187 -481 307 85 0
> 6519 7282 -124 101 -21 1
! 3200 13931 200 sims=343455 RUNNER
! 14290 989 200 sims=343455 BLOCKER
> 6560 6234 -400 -210 -120 1
> 6147 4813 -417 301 142 2
> 4924 4689 -447 426 103 0
> 6550 7257 26 -21 -39 1
! -67754 -60679 200
! -49772 87716 0
> 6560 6234 -400 -210 -120 1
> 6147 4813 -417 301 142 2
> 4924 4689 -447 426 103 0
> 6550 7257 26 -21 -39 1
! 5796 14651 200 sims=369936 RUNNER
! 14321 964 200 sims=369936 BLOCKER
> 6011 5890 -466 -292 -138 2
> 5730 5114 -354 255 124 2
> 4494 5314 -365 531 85 0
> 6731 7110 154 -124 -39 1
! -43989 -80712 0
! -21833 101240 SHIELD
> 6011 5890 -466 -292 -138 2
> 5730 5114 -354 255 124 2
> 4494 5314 -365 531 85 0
> 6731 7110 154 -124 -39 1
! 8401 14519 0 sims=390390 RUNNER
! 14502 817 200 sims=390390 BLOCKER
> 5875 6497 -101 552 -120 2
> 5343 5279 -330 136 106 2
> 4129 5845 -310 451 67 0
> 7040 6860 263 -212 -39 1
! -14916 -91317 0
! 8832 105218 0
> 5875 6497 -101 552 -120 2
> 5343 5279 -330 136 106 2
> 4129 5845 -310 451 67 0
> 7040 6860 263 -212 -39 1
! 10690 13392 200 sims=397334 RUNNER
! 14811 567 200 sims=397334 BLOCKER
> 5774 7049 -85 469 -102 2
> 5013 5415 -280 115 88 2
> 3950 6447 -151 511 49 0
> 7458 6522 355 -287 -39 1
! 16226 -92403 200
! 39215 99384 0
> 5774 7049 -85 469 -102 2
> 5013 5415 -280 115 88 2
> 3950 6447 -151 511 49 0
> 7458 6522 355 -287 -39 1
! 12522 11597 200 sims=400890 RUNNER
! 12904 -1865 200 sims=400890 BLOCKER
> 5710 7319 -54 229 -84 2
> 4733 5530 -238 97 70 2
> 3970 7061 17 521 31 0
> 7922 6067 394 -386 -57 1
! 46383 -84035 200
! 66299 84331 200
> 5710 7319 -54 229 -84 2
> 4733 5530 -238 97 70 2
> 3970 7061 17 521 31 0
> 7922 6067 394 -386 -57 1
! 13714 9311 200 sims=396340 RUNNER
! 15693 -226 0 sims=396340 BLOCKER
> 5737 7365 23 39 -66 2
> 4495 5627 -202 82 52 2
> 4182 7627 180 481 13 0
> 8316 5681 334 -328 -39 1
! 72649 -66949 200
! 87398 61546 200
> 5737 7365 23 39 -66 2
> 4495 5627 -202 82 52 2
> 4182 7627 180 481 13 0
> 8316 5681 334 -328 -39 1
! 14144 6755 200 sims=400113 RUNNER
! 13762 -2706 0 sims=400113 BLOCKER
> 5894 7255 133 -93 -48 2
> 4459 5821 -30 164 34 2
> 4561 8091 322 394 -5 0
> 8650 5353 283 -278 -57 1
! 92496 -42745 200
! 100585 33384 200
> 5894 7255 133 -93 -48 2
> 4459 5821 -30 164 34 2
> 4561 8091 322 394 -5 0
> 8650 5353 283 -278 -57 1
! 13766 4184 200 sims=405615 RUNNER
! 16421 -940 0 sims=405615 BLOCKER
> 6200 7062 260 -164 -30 2
> 4621 6040 137 186 16 2
> 5067 8407 430 268 -23 0
> 8933 5075 240 -236 -39 1
! 73112 -67252 200
! 100747 33603 200
> 6200 7062 260 -164 -30 2
> 4621 6040 137 186 16 2
> 5067 8407 430 268 -23 0
> 8933 5075 240 -236 -39 1
! 12614 1846 200 sims=387618 RUNNER
! 14379 -3312 0 sims=387618 BLOCKER
> 6594 6749 334 -265 -48 2
> 4950 6281 279 204 16 2
> 5648 8544 493 116 -41 0
> 9173 4839 204 -200 -57 1
! 93196 -43251 200
! 101076 33844 200
> 6594 6749 334 -265 -48 2
> 4950 6281 279 204 16 2
> 5648 8544 493 116 -41 0
> 9173 4839 204 -200 -57 1
! 10798 -28 200 sims=371140 RUNNER
! 11761 -4820 0 sims=371140 BLOCKER
> 7101 6384 431 -310 -30 2
> 5421 6540 400 220 16 2
> 6244 8489 506 -47 -59 0
> 9377 4639 173 -170 -75 1
! 93703 -43616 200
! 101547 34103 200
> 7101 6384 431 -310 -30 2
> 5421 6540 400 220 16 2
> 6244 8489 506 -47 -59 0
> 9377 4639 173 -170 -75 1
! 8494 -1255 0 sims=370825 RUNNER
! 8854 -5347 0 sims=370825 BLOCKER
> 7705 5974 513 -348 -30 2
> 6013 6815 503 233 16 2
> 6750 8442 430 -39 -77 0
> 9550 4469 147 -144 -93 1
! 94307 -44026 200
! 88916 62734 0
> 7705 5974 513 -348 -30 2
> 6013 6815 503 233 16 2
> 6750 8442 430 -39 -77 0
> 9550 4469 147 -144 -93 1
! 5878 -1520 0 sims=350112 RUNNER
! 5966 -4867 0 sims=350112 BLOCKER
> 8391 5526 583 -380 -30 2
> 6516 7048 427 198 34 2
> 7180 8403 365 -33 -95 0
> 9697 4325 124 -122 -111 1
! 75303 -68788 0
! 68082 85849 0
> 8391 5526 583 -380 -30 2
> 6516 7048 427 198 34 2
> 7180 8403 365 -33 -95 0
> 9697 4325 124 -122 -111 1
! 3273 -802 0 sims=349006 RUNNER
! 3404 -3446 200 sims=349006 BLOCKER
> 8974 5146 495 -323 -48 2
> 6943 7246 362 168 52 2
> 7545 8370 310 -28 -113 0
> 9695 4048 -1 -235 -129 1
! 75886 -69168 0
! 41145 101215 0
> 8974 5146 495 -323 -48 2
> 6943 7246 362 168 52 2
> 7545 8370 310 -28 -113 0
> 9695 4048 -1 -235 -129 1
! 984 823 200 sims=343749 RUNNER
! 1308 -1398 0 sims=343749 BLOCKER
> 9469 4823 420 -274 -48 2
> 7305 7414 307 142 70 2
> 7724 8191 151 -152 -131 0
> 9694 3813 0 -199 -147 1
! 76381 -69491 200
! 41507 101383 200
> 9469 4823 420 -274 -48 2
> 7305 7414 307 142 70 2
> 7724 8191 151 -152 -131 0
> 9694 3813 0 -199 -147 1
! 1163 644 SHIELD sims=368123 RUNNER
! 35 1225 0 sims=368123 BLOCKER
> 10023 4400 470 -359 -48 2
> 7290 7030 -74 -438 70 2
> 7914 8110 167 -57 -131 0
> 9694 3614 0 -169 -165 1
! 50696 -86954 200
! 68856 85831 200
> 10023 4400 470 -359 -48 2
> 7290 7030 -74 -438 70 2
> 7914 8110 167 -57 -131 0
> 9694 3614 0 -169 -165 1
! -658 2960 0 sims=378707 RUNNER
! -292 4137 0 sims=378707 BLOCKER
> 10574 3858 468 -460 -66 2
> 7339 6750 41 -238 52 2
> 8081 8053 141 -48 -149 0
> 9694 3445 0 -143 177 1
! 21026 -95594 200
! 41541 100719 200
> 10574 3858 468 -460 -66 2
> 7339 6750 41 -238 52 2
> 8081 8053 141 -48 -149 0
> 9694 3445 0 -143 177 1
! -491 2903 0 sims=377692 RUNNER
! 358 7029 200 sims=377692 BLOCKER
> 11063 3199 415 -560 -84 0
> 7448 6700 92 -42 70 2
> 8222 8005 119 -40 -149 0
> 9507 3374 -158 -60 159 1
! -9728 -94615 0
! 41650 100669 200
> 11063 3199 415 -560 -84 0
> 7448 6700 92 -42 70 2
> 8222 8005 119 -40 -149 0
> 9507 3374 -158 -60 159 1
! 1661 458 0 sims=381010 RUNNER
! 1736 9667 200 sims=381010 BLOCKER
> 11478 2639 352 -476 -102 0
> 7608 6846 136 124 70 2
> 8341 7965 101 -34 -131 0
> 9194 3440 -266 55 141 1
! -38522 -83963 0
! 69174 85647 200
> 11478 2639 352 -476 -102 0
> 7608 6846 136 124 70 2
> 8341 7965 101 -34 -131 0
> 9194 3440 -266 55 141 1
! 1780 418 200 sims=351260 RUNNER
! 3748 11827 200 sims=351260 BLOCKER
> 11830 2163 299 -404 -120 0
> 7861 7119 -41 -146 52 2
> 8317 7789 236 228 -131 0
> 8819 3663 -318 189 123 1
! -62484 -64750 0
! 69427 85920 200
> 11830 2163 299 -404 -120 0
> 7861 7119 -41 -146 52 2
> 8317 7789 236 228 -131 0
> 8819 3663 -318 189 123 1
! -255 2639 200 sims=351029 RUNNER
! 6231 13322 200 sims=351029 BLOCKER
> 12129 1759 254 -343 -138 0
> 7943 7131 69 9 52 2
> 8382 7914 54 106 -149 0
> 8449 4045 -314 324 105 1
! -79225 -38914 0
! 42145 101100 200
> 12129 1759 254 -343 -138 0
> 7943 7131 69 9 52 2
> 8382 7914 54 106 -149 0
> 8449 4045 -314 324 105 1
! 1821 367 200 sims=349167 RUNNER
! 8972 14031 0 sims=349167 BLOCKER
> 12383 1416 215 -291 -156 0
> 7980 7136 -7 -68 70 2
> 8406 8061 58 198 -131 0
> 8135 4369 -266 275 87 1
! -87069 -9036 0
! 42182 101105 200
> 12383 1416 215 -291 -156 0
> 7980 7136 -7 -68 70 2
> 8406 8061 58 198 -131 0
> 8135 4369 -266 275 87 1
! 4499 -1144 200 sims=354543 RUNNER
! 11719 13705 0 sims=354543 BLOCKER
> 12598 1125 182 -247 -174 0
> 8041 7256 52 101 70 2
> 8386 8075 -17 11 -113 0
> 7869 4644 -226 233 69 1
! -85216 21916 200
! 42243 101225 200
> 12598 1125 182 -247 -174 0
> 8041 7256 52 101 70 2
> 8386 8075 -17 11 -113 0
> 7869 4644 -226 233 69 1
! 1825 528 200 sims=335839 RUNNER
! 14162 12415 0 sims=335839 BLOCKER
> 12584 920 -11 -174 -192 0
> 8009 7165 -54 -147 70 2
> 8390 8315 31 274 -131 0
> 7643 4877 -192 198 51 1
! -74018 50920 200
! 11498 107104 200
> 12584 920 -11 -174 -192 0
> 8009 7165 -54 -147 70 2
> 8390 8315 31 274 -131 0
> 7643 4877 -192 198 51 1
! 4483 -890 200 sims=361725 RUNNER
! 11227 14213 200 sims=361725 BLOCKER
> 12400 846 -156 -62 -210 0
> 7962 7218 -39 44 88 2
> 8343 8405 -40 76 -113 0
> 7523 5262 -102 327 69 1
! -74202 50846 200
! 42164 101187 0
> 12400 846 -156 -62 -210 0
> 7962 7218 -39 44 88 2
> 8343 8405 -40 76 -113 0
> 7523 5262 -102 327 69 1
! 4436 -800 200 sims=345842 RUNNER
! 13816 13033 0 sims=345842 BLOCKER
> 12071 884 -279 32 150 0
> 7923 7262 -33 37 70 2
> 8225 8297 -100 -91 -113 0
> 7421 5589 -86 277 51 1
! -54842 75198 200
! 11412 107201 200
> 12071 884 -279 32 150 0
> 7923 7262 -33 37 70 2
> 8225 8297 -100 -91 -113 0
> 7421 5589 -86 277 51 1
! 4318 -908 200 sims=317695 RUNNER
! 15808 11035 0 sims=317695 BLOCKER
> 11658 1065 -350 153 132 0
> 7826 7253 -148 -234 88 2
> 8118 8268 -25 202 -113 0
> 7335 5866 -73 235 33 1
! -55255 75379 200
! 11315 107192 0
> 11658 1065 -350 153 132 0
> 7826 7253 -148 -234 88 2
> 8118 8268 -25 202 -113 0
> 7335 5866 -73 235 33 1
! 7246 -1694 200 sims=349790 RUNNER
! 13628 13637 0 sims=349790 BLOCKER
> 11174 1367 -411 256 132 0
> 7678 7019 -125 -198 88 2
> 8076 8271 -36 2 -95 0
> 7262 6101 -62 199 51 1
! -29499 92721 200
! 41880 100988 0
> 11174 1367 -411 256 132 0
> 7678 7019 -125 -198 88 2
> 8076 8271 -36 2 -95 0
> 7262 6101 -62 199 51 1
! 7204 -1691 200 sims=304857 RUNNER
! 10846 15437 0 sims=304857 BLOCKER
> 10682 1806 -418 372 114 0
> 7636 6974 47 114 70 2
> 8023 8074 -45 -167 -95 0
> 7117 6147 -206 -113 69 1
! -56231 76120 200
! 41838 100943 200
> 10682 1806 -418 372 114 0
> 7636 6974 47 114 70 2
> 8023 8074 -45 -167 -95 0
> 7117 6147 -206 -113 69 1
! 4116 -1131 200 sims=292299 RUNNER
! 13410 13918 0 sims=292299 BLOCKER
> 10130 2327 -469 442 132 0
> 7644 6965 -94 -301 70 2
> 8007 8034 88 260 -113 0
> 6911 6034 -175 -96 51 1
! -56783 76641 200
! 41846 100934 200
> 10130 2327 -469 442 132 0
> 7644 6965 -94 -301 70 2
> 8007 8034 88 260 -113 0
> 6911 6034 -175 -96 51 1
! 4100 -1171 200 sims=289758 RUNNER
! 15298 11480 200 sims=289758 BLOCKER
> 9527 2918 -512 502 132 0
> 7618 6852 -21 -96 70 2
> 8017 8110 8 64 -113 0
> 6904 6047 -6 10 33 1
! -31146 94272 200
! 11107 106791 200
> 9527 2918 -512 502 132 0
> 7618 6852 -21 -96 70 2
> 8017 8110 8 64 -113 0
> 6904 6047 -6 10 33 1
! 4110 -1095 200 sims=309029 RUNNER
! 16563 8635 200 sims=309029 BLOCKER
> 8934 3603 -504 582 114 0
> 7604 6956 -11 88 88 2
> 7947 7990 -59 -102 -113 0
> 7091 6109 159 52 15 1
! -31739 94957 0
! 41806 100925 200
> 8934 3603 -504 582 114 0
> 7604 6956 -11 88 88 2
> 7947 7990 -59 -102 -113 0
> 7091 6109 159 52 15 1
! 4040 -1215 200 sims=283584 RUNNER
! 17077 5586 0 sims=283584 BLOCKER
> 8430 4185 -428 494 114 0
> 7567 6942 -108 -245 70 2
> 7905 7994 40 237 -113 0
> 7250 6161 135 44 -3 1
! -2022 103637 200
! 41769 100911 200
> 8430 4185 -428 494 114 0
> 7567 6942 -108 -245 70 2
> 7905 7994 40 237 -113 0
> 7250 6161 135 44 -3 1
! 3998 -1211 200 sims=309967 RUNNER
! 16586 2577 200 sims=309967 BLOCKER
> 7981 4878 -381 588 96 0
> 7561 7008 6 100 70 2
> 7867 8047 -32 44 -113 0
> 7538 6011 233 -172 -21 1
! -2471 104330 SHIELD
! 69127 85809 0
> 7981 4878 -381 588 96 0
> 7561 7008 6 100 70 2
> 7867 8047 -32 44 -113 0
> 7538 6011 233 -172 -21 1
! 6995 -1915 200 sims=359352 RUNNER
! 16874 2427 SHIELD sims=359352 BLOCKER
> 7694 5007 -175 -222 96 0
> 7567 7108 5 85 52 2
> 7818 7892 -42 -131 -95 0
> 7677 6298 49 576 -21 1
! 28485 102821 0
! 90470 63027 200
> 7694 5007 -175 -222 96 0
> 7567 7108 5 85 52 2
> 7818 7892 -42 -131 -95 0
> 7677 6298 49 576 -21 1
! 3911 -1313 0 sims=354088 RUNNER
! 17013 2714 SHIELD sims=354088 BLOCKER
> 7519 4785 -148 -188 78 0
> 7236 7963 -304 756 34 2
> 8068 8686 225 717 -113 0
> 7747 6716 60 347 -21 1
! -2933 104237 0
! 103362 35526 0
> 7519 4785 -148 -188 78 0
> 7236 7963 -304 756 34 2
> 8068 8686 225 717 -113 0
> 7747 6716 60 347 -21 1
! 4161 -519 200 sims=398048 RUNNER
! 15518 423 0 sims=398048 BLOCKER
> 7371 4597 -125 -159 96 0
> 6932 8719 -258 642 16 2
> 8215 9219 124 452 -113 0
> 7807 7063 51 294 -39 1
! -3081 104049 0
! 106871 5229 0
> 7371 4597 -125 -159 96 0
> 6932 8719 -258 642 16 2
> 8215 9219 124 452 -113 0
> 7807 7063 51 294 -39 1
! 4308 14 200 sims=392686 RUNNER
! 13253 -1324 0 sims=392686 BLOCKER
> 7246 4438 -106 -135 96 0
> 6674 9361 -219 545 -2 2
> 8261 9487 38 227 -113 0
> 7858 7357 43 249 -57 1
! -3206 103890 200
! 100643 -24841 0
> 7246 4438 -106 -135 96 0
> 6674 9361 -219 545 -2 2
> 8261 9487 38 227 -113 0
> 7858 7357 43 249 -57 1
! 1700 1940 200 sims=385140 RUNNER
! 10446 -2302 0 sims=385140 BLOCKER
> 7119 4502 -107 54 96 0
> 6455 9906 -186 463 -20 2
> 8168 9563 -79 64 -131 0
> 7901 7606 36 211 -75 1
! 27910 102316 BOOST
! 85256 -51660 200
> 7119 4502 -107 54 96 0
> 6455 9906 -186 463 -20 2
> 8168 9563 -79 64 -131 0
> 7901 7606 36 211 -75 1
! 4261 358 0 sims=357329 RUNNER
! 7378 -2380 200 sims=357329 BLOCKER
> 7147 5192 23 586 78 0
> 6427 10246 -24 288 -38 2
> 8089 9627 -67 54 -113 0
> 7927 7617 21 9 -93 1
! 57147 91794 200
! 85227 -51320 200
> 7147 5192 23 586 78 0
> 6427 10246 -24 288 -38 2
> 8089 9627 -67 54 -113 0
> 7927 7617 21 9 -93 1
! 4182 422 200 sims=358050 RUNNER
! 4343 -1719 0 sims=358050 BLOCKER
> 7270 5951 104 645 60 0
> 6561 10411 113 140 -38 2
> 7944 9497 -123 -110 -113 0
> 7948 7626 17 7 -111 1
! 57270 92553 200
! 62480 -72492 0
> 7270 5951 104 645 60 0
> 6561 10411 113 140 -38 2
> 7944 9497 -123 -110 -113 0
> 7948 7626 17 7 -111 1
! 7072 -465 200 sims=351757 RUNNER
! 7425 -2360 0 sims=351757 BLOCKER
