@ 0 YurkovAS
@ 1 reCurse
CP 4
CP 12960 7227
CP 5627 2593
CP 4123 7410
CP 13493 2363
> 12693 7650 0 0 -1 1
> 13227 6804 0 0 -1 1
> 12159 8495 0 0 -1 1
> 13761 5959 0 0 -1 1
! 4813 1493 BOOST sims=253960 RUNNER
! 4655 1654 BOOST sims=253960 BLOCKER
> 12693 7650 0 0 -1 1
> 13227 6804 0 0 -1 1
> 12159 8495 0 0 -1 1
> 13761 5959 0 0 -1 1
! -62039 -58546 200
! -62301 -58960 200
> 12181 7250 -435 -340 -142 1
> 12670 6469 -473 -284 -149 1
> 12011 8361 -126 -113 -138 1
> 13609 5829 -129 -110 -140 1
! 4301 1093 200 sims=345040 RUNNER
! 2926 4219 200 sims=345040 BLOCKER
> 12181 7250 -435 -340 -142 1
> 12670 6469 -473 -284 -149 1
> 12011 8361 -126 -113 -138 1
> 13609 5829 -129 -110 -140 1
! -37989 -78241 200
! -79109 -31631 200
> 11566 6822 -593 -252 -142 1
> 12024 6105 -477 -420 -167 1
> 11785 8075 -192 -243 -120 1
> 13295 5643 -266 -158 -158 1
! 3686 665 200 sims=365736 RUNNER
! 2280 3855 200 sims=365736 BLOCKER
> 11566 6822 -593 -252 -142 1
> 12024 6105 -477 -420 -167 1
> 11785 8075 -192 -243 -120 1
> 13295 5643 -266 -158 -158 1
! -9006 -89739 200
! -86461 -1332 200
> 10815 6447 -638 -318 -142 1
> 11352 5640 -571 -395 -167 1
> 11551 7636 -198 -372 -102 1
> 12830 5469 -395 -147 -176 1
! 2935 290 200 sims=368728 RUNNER
! 2780 490 0 sims=368728 BLOCKER
> 10815 6447 -638 -318 -142 1
> 11352 5640 -571 -395 -167 1
> 11551 7636 -198 -372 -102 1
> 12830 5469 -395 -147 -176 1
! -38449 -78966 200
! -79888 -31991 200
> 10019 6006 -676 -374 -142 1
> 10781 5245 -485 -335 -149 1
> 11253 7091 -253 -463 -120 1
> 12250 5247 -493 -188 -158 1
! 4427 -2284 0 sims=338448 RUNNER
! 1037 2995 0 sims=338448 BLOCKER
> 10019 6006 -676 -374 -142 1
> 10781 5245 -485 -335 -149 1
> 11253 7091 -253 -463 -120 1
> 12250 5247 -493 -188 -158 1
! -63061 -59822 200
! -87506 -1728 0
> 9343 5632 -574 -317 -124 1
> 10296 4910 -412 -284 -167 1
> 10851 6494 -341 -507 -138 1
> 11757 5059 -419 -159 -176 1
! 3751 -2658 200 sims=332848 RUNNER
! 334 5782 0 sims=332848 BLOCKER
> 9343 5632 -574 -317 -124 1
> 10296 4910 -412 -284 -167 1
> 10851 6494 -341 -507 -138 1
> 11757 5059 -419 -159 -176 1
! -39149 -80108 200
! -85272 29251 0
> 8657 5149 -582 -410 -124 1
> 9884 4626 -350 -241 -185 1
> 10410 5814 -374 -578 -120 1
> 11338 4900 -356 -135 166 1
! 777 -1008 0 sims=327656 RUNNER
! 679 8533 0 sims=327656 BLOCKER
> 8657 5149 -582 -410 -124 1
> 9884 4626 -350 -241 -185 1
> 10410 5814 -374 -578 -120 1
> 11338 4900 -356 -135 166 1
! -39590 -80788 200
! -85691 29092 200
> 8075 4739 -494 -348 -142 1
> 9528 4375 -513 -573 -203 1
> 9942 5073 -186 -269 -120 1
> 10788 4813 -467 -73 166 1
! 2483 -3551 0 sims=310976 RUNNER
! 1981 10936 0 sims=310976 BLOCKER
> 8075 4739 -494 -348 -142 1
> 9528 4375 -513 -573 -203 1
> 9942 5073 -186 -269 -120 1
> 10788 4813 -467 -73 166 1
! -10849 -92741 200
! -86241 29005 200
> 7581 4391 -419 -295 -124 1
> 9015 3802 -436 -487 -221 1
> 9285 4713 -627 -288 -102 1
> 10556 4683 -127 -127 166 1
! -299 -1766 200 sims=303952 RUNNER
! 1468 10363 200 sims=303952 BLOCKER
> 7581 4391 -419 -295 -124 1
> 9015 3802 -436 -487 -221 1
> 9285 4713 -627 -288 -102 1
> 10556 4683 -127 -127 166 1
! -40715 -81889 200
! -89200 -2292 200
> 7004 3973 -490 -355 -142 1
> 8428 3446 -498 -302 139 1
> 8558 4252 -617 -392 -120 1
> 10229 4542 -277 -119 -176 1
! -2393 553 0 sims=304664 RUNNER
! 3278 12018 200 sims=304664 BLOCKER
> 7004 3973 -490 -355 -142 1
> 8428 3446 -498 -302 139 1
> 8558 4252 -617 -392 -120 1
> 10229 4542 -277 -119 -176 1
! -12233 -93562 200
! -89527 -2433 200
> 6514 3618 -416 -301 -160 1
> 7756 2877 -573 -497 121 1
> 7970 4103 -497 -113 -102 1
> 9752 4409 -405 -113 -176 1
! -3480 3269 0 sims=318616 RUNNER
! 5506 12621 200 sims=318616 BLOCKER
> 6514 3618 -416 -301 -160 1
> 7756 2877 -573 -497 121 1
> 7970 4103 -497 -113 -102 1
> 9752 4409 -405 -113 -176 1
! -12821 -93711 200
! -87277 28601 200
> 6098 3317 -353 -255 -178 1
> 7138 2575 -525 -256 103 1
> 7431 3794 -457 -262 -102 1
> 9153 4344 -509 -54 166 1
! -3515 6073 0 sims=301400 RUNNER
! 8010 12537 200 sims=301400 BLOCKER
> 6098 3317 -353 -255 -178 1
> 7138 2575 -525 -256 103 1
> 7431 3794 -457 -262 -102 1
> 9153 4344 -509 -54 166 1
! -42569 -82808 200
! -87876 28536 0
> 5745 3062 -300 -216 164 2
> 6630 2518 -431 -48 85 1
> 6874 3359 -473 -369 -120 1
> 8644 4290 -432 -45 166 1
! -2545 8654 0 sims=328344 RUNNER
! 4380 12262 0 sims=328344 BLOCKER
> 5745 3062 -300 -216 164 2
> 6630 2518 -431 -48 85 1
> 6874 3359 -473 -369 -120 1
> 8644 4290 -432 -45 166 1
! -67440 -63554 SHIELD
! -76160 57281 200
> 5445 2846 -255 -183 146 2
> 6069 2046 -510 -512 103 1
> 6414 3032 -387 -266 -138 1
> 8042 4351 -511 51 148 1
! -712 10726 0 sims=323040 RUNNER
! 919 10618 200 sims=323040 BLOCKER
> 5445 2846 -255 -183 146 2
> 6069 2046 -510 -512 103 1
> 6414 3032 -387 -266 -138 1
> 8042 4351 -511 51 148 1
! -84940 -37641 0
! -88987 28543 200
> 5190 2663 -216 -155 128 2
> 5456 1705 -521 -289 121 1
> 6027 2766 -328 -226 -156 2
> 7337 4450 -599 84 166 1
! 1770 12060 200 sims=312776 RUNNER
! 3206 11449 200 sims=312776 BLOCKER
> 5190 2663 -216 -155 128 2
> 5456 1705 -521 -289 121 1
> 6027 2766 -328 -226 -156 2
> 7337 4450 -599 84 166 1
! -93425 -7686 0
! -92419 -2525 0
> 4906 2696 -241 27 110 2
> 4890 1611 -481 -80 103 1
> 5699 2540 -278 -192 -174 2
> 6738 4534 -509 71 -176 1
! 4557 12690 200 sims=296536 RUNNER
! 5762 11573 200 sims=296536 BLOCKER
> 4906 2696 -241 27 110 2
> 4890 1611 -481 -80 103 1
> 5699 2540 -278 -192 -174 2
> 6738 4534 -509 71 -176 1
! -92115 23331 0
! -93018 -2441 0
> 4658 2923 -210 192 92 2
> 4426 1730 -394 101 85 1
> 5421 2348 -236 -163 -192 2
> 6229 4605 -432 60 -176 1
! 7414 12536 0 sims=332248 RUNNER
! 2176 11474 200 sims=332248 BLOCKER
> 4658 2923 -210 192 92 2
> 4426 1730 -394 101 85 1
> 5421 2348 -236 -163 -192 2
> 6229 4605 -432 60 -176 1
! -81181 52348 200
! -86489 -32855 200
> 4448 3115 -178 163 74 2
> 3987 2026 -373 251 103 1
> 5012 2285 -347 -53 -210 2
> 5612 4590 -524 -12 -158 1
! 4099 13109 0 sims=303456 RUNNER
! 4859 11988 200 sims=303456 BLOCKER
> 4448 3115 -178 163 74 2
> 3987 2026 -373 251 103 1
> 5012 2285 -347 -53 -210 2
> 5612 4590 -524 -12 -158 1
! -61901 76599 200
! -70992 -59688 0
> 4270 3278 -151 138 92 2
> 3631 2476 -302 382 85 1
> 4531 2381 -408 81 132 2
> 5088 4578 -445 -10 -140 1
! 7026 12891 200 sims=297776 RUNNER
! 4503 12438 200 sims=297776 BLOCKER
> 4270 3278 -151 138 92 2
> 3631 2476 -302 382 85 1
> 4531 2381 -408 81 132 2
> 5088 4578 -445 -10 -140 1
! -36142 93735 200
! -47903 -80226 0
> 4174 3608 -81 280 74 2
> 3346 3057 -241 494 85 1
> 4042 2645 -415 224 114 2
> 4643 4568 -378 -8 -122 1
! 6930 13221 200 sims=313200 RUNNER
! 7253 12262 0 sims=313200 BLOCKER
> 4174 3608 -81 280 74 2
> 3346 3057 -241 494 85 1
> 4042 2645 -415 224 114 2
> 4643 4568 -378 -8 -122 1
! -6410 102097 0
! -19549 -92461 0
> 4028 3792 -210 -52 74 2
> 3105 3551 -204 419 67 1
> 3627 2869 -352 190 96 2
> 4385 4848 -132 447 -104 1
! 3679 13786 200 sims=317720 RUNNER
! 3977 13513 0 sims=317720 BLOCKER
> 4028 3792 -210 -52 74 2
> 3105 3551 -204 419 67 1
> 3627 2869 -352 190 96 2
> 4385 4848 -132 447 -104 1
! 24418 100683 200
! -19807 -92181 200
> 3811 3940 -184 125 92 2
> 2901 3970 -173 356 85 1
> 3317 3255 -263 327 78 2
> 4205 5101 -153 214 -104 1
! 3462 13934 200 sims=290640 RUNNER
! 6808 13175 0 sims=290640 BLOCKER
> 3811 3940 -184 125 92 2
> 2901 3970 -173 356 85 1
> 3317 3255 -263 327 78 2
> 4205 5101 -153 214 -104 1
! -7135 102707 200
! -48787 -79703 0
> 3620 4265 -162 276 92 2
> 2632 4492 -241 465 67 1
> 3129 3615 -147 284 96 2
> 4052 5315 -130 181 -122 1
! 6376 13878 200 sims=296648 RUNNER
! 9193 12039 200 sims=296648 BLOCKER
> 3620 4265 -162 276 92 2
> 2632 4492 -241 465 67 1
> 3129 3615 -147 284 96 2
> 4052 5315 -130 181 -122 1
! 23920 101429 0
! -48940 -79489 200
> 3456 4612 -260 37 74 2
> 2522 5108 -93 523 49 1
> 2982 3899 -124 241 78 2
> 3873 5448 -31 370 -122 1
! 9048 12902 200 sims=296888 RUNNER
! 11094 10258 0 sims=296888 BLOCKER
> 3456 4612 -260 37 74 2
> 2522 5108 -93 523 49 1
> 2982 3899 -124 241 78 2
> 3873 5448 -31 370 -122 1
! 52982 90501 0
! -49119 -79356 200
> 3308 4815 -125 172 56 2
> 2429 5631 -79 444 31 1
> 2858 4140 -105 204 60 2
> 3736 5648 -116 170 -122 1
! 11188 10972 0 sims=266056 RUNNER
! 12173 7881 0 sims=266056 BLOCKER
> 3308 4815 -125 172 56 2
> 2429 5631 -79 444 31 1
> 2858 4140 -105 204 60 2
> 3736 5648 -116 170 -122 1
! 52858 90742 0
! -49256 -79156 0
> 3237 5068 -40 244 38 2
> 2350 6075 -67 377 13 1
> 2699 4263 -154 75 60 2
> 3620 5818 -98 144 -122 1
! 8829 13358 200 sims=268136 RUNNER
! 12312 5203 200 sims=268136 BLOCKER
> 3237 5068 -40 244 38 2
> 2350 6075 -67 377 13 1
> 2699 4263 -154 75 60 2
> 3620 5818 -98 144 -122 1
! 77013 71176 0
! -72984 -58460 200
> 3107 5070 -126 -29 56 2
> 2482 6435 112 305 -5 1
> 2545 4338 -130 63 42 2
> 3571 6241 -25 391 -140 1
! 8699 13360 200 sims=286288 RUNNER
! 12444 5563 200 sims=286288 BLOCKER
> 3107 5070 -126 -29 56 2
> 2482 6435 112 305 -5 1
> 2545 4338 -130 63 42 2
> 3571 6241 -25 391 -140 1
! 52545 90940 0
! -49420 -78563 200
> 3093 5207 -12 116 56 2
> 2693 6754 -60 347 -5 1
> 2415 4401 -110 53 60 2
> 3540 6431 213 84 -122 1
! 5849 14820 200 sims=289040 RUNNER
! 11898 2847 0 sims=289040 BLOCKER
> 3093 5207 -12 116 56 2
> 2693 6754 -60 347 -5 1
> 2415 4401 -110 53 60 2
> 3540 6431 213 84 -122 1
! 52415 91003 0
! -73064 -57847 200
> 3136 5515 36 262 74 2
> 2633 7101 -51 294 -23 1
> 2305 4454 -93 45 60 2
> 3600 6386 50 -37 -140 1
! 5892 15128 SHIELD sims=296128 RUNNER
! 10180 540 200 sims=296128 BLOCKER
> 3136 5515 36 262 74 2
> 2633 7101 -51 294 -23 1
> 2305 4454 -93 45 60 2
> 3600 6386 50 -37 -140 1
! 52305 91056 200
! -89118 -31074 200
> 3152 5741 0 167 74 2
> 2733 7264 84 138 -41 1
> 2312 4672 5 185 60 2
> 3661 6630 190 460 -158 1
! 5908 15354 0 sims=316424 RUNNER
! 11938 3357 0 sims=316424 BLOCKER
> 3152 5741 0 167 74 2
> 2733 7264 84 138 -41 1
> 2312 4672 5 185 60 2
> 3661 6630 190 460 -158 1
! 76626 71585 200
! -72943 -57648 200
> 3152 5908 0 141 74 2
> 2817 7402 71 117 -23 1
> 2466 4991 130 271 42 2
> 3698 6961 31 281 -140 1
! 5908 15521 0 sims=233088 RUNNER
! 10364 841 0 sims=233088 BLOCKER
> 3152 5908 0 141 74 2
> 2817 7402 71 117 -23 1
> 2466 4991 130 271 42 2
> 3698 6961 31 281 -140 1
! 93820 45664 0
! -89020 -30499 200
> 3152 6049 0 119 74 2
> 2838 7545 -120 194 -41 1
> 2596 5262 110 230 24 2
> 3593 7141 49 79 -158 1
! 5908 15662 0 sims=265888 RUNNER
! 7988 -1027 200 sims=265888 BLOCKER
> 3152 6049 0 119 74 2
> 2838 7545 -120 194 -41 1
> 2596 5262 110 230 24 2
> 3593 7141 49 79 -158 1
! 93950 45935 0
! -73011 -57137 0
> 3152 6168 0 101 74 2
> 2821 7568 -14 19 -59 1
> 2706 5492 93 195 24 2
> 3642 7220 41 67 -140 1
! 8744 14458 200 sims=249552 RUNNER
! 10368 1007 0 sims=249552 BLOCKER
> 3152 6168 0 101 74 2
> 2821 7568 -14 19 -59 1
> 2706 5492 93 195 24 2
> 3642 7220 41 67 -140 1
! 102158 15944 0
! -49349 -77584 200
> 3243 6390 -50 -89 56 2
> 2807 7587 -11 16 -41 1
> 2799 5687 79 165 6 2
> 3597 7162 90 229 -122 1
! 5999 16003 0 sims=265984 RUNNER
! 7957 -985 0 sims=265984 BLOCKER
> 3243 6390 -50 -89 56 2
> 2807 7587 -11 16 -41 1
> 2799 5687 79 165 6 2
> 3597 7162 90 229 -122 1
! 94153 46360 0
! -49395 -77642 200
> 3302 6448 28 -17 74 2
> 2796 7603 -9 13 -59 1
> 2743 5639 -62 -63 24 2
> 3607 7287 44 195 -122 1
! 8894 14738 200 sims=282896 RUNNER
! 5046 -2141 0 sims=282896 BLOCKER
> 3302 6448 28 -17 74 2
> 2796 7603 -9 13 -59 1
> 2743 5639 -62 -63 24 2
> 3607 7287 44 195 -122 1
! 77057 72552 0
! -20585 -89742 200
> 3411 6495 66 -45 56 2
> 2787 7616 -7 11 -77 1
> 2681 5576 -52 -53 42 2
> 3634 7390 48 172 -104 1
! 6167 16108 200 sims=281480 RUNNER
! 1915 -2346 200 sims=281480 BLOCKER
> 3411 6495 66 -45 56 2
> 2787 7616 -7 11 -77 1
> 2681 5576 -52 -53 42 2
> 3634 7390 48 172 -104 1
! 52681 92178 200
! 10609 -92366 200
> 3516 6573 61 -50 74 2
> 2763 7428 -20 -160 -95 1
> 2729 5696 40 102 60 2
> 3712 7431 93 151 -86 1
! 6272 16186 200 sims=181304 RUNNER
! 5013 -2316 200 sims=181304 BLOCKER
> 3516 6573 61 -50 74 2
> 2763 7428 -20 -160 -95 1
> 2729 5696 40 102 60 2
> 3712 7431 93 151 -86 1
! 23520 103510 200
! -20480 -89598 200
> 3605 6589 60 -60 74 2
> 2788 7073 21 -301 -77 1
> 2811 5994 69 252 78 2
> 3784 7514 76 144 -104 1
! 6361 16202 200 sims=314672 RUNNER
! 5038 -2671 SHIELD sims=314672 BLOCKER
> 3605 6589 60 -60 74 2
> 2788 7073 21 -301 -77 1
> 2811 5994 69 252 78 2
> 3784 7514 76 144 -104 1
! 52811 92596 SHIELD
! -20408 -89515 200
> 3712 6664 71 -69 74 2
> 2793 7042 -9 210 -77 1
> 2896 5976 86 -251 60 2
> 3820 7522 49 139 -104 1
! 3363 16658 200 sims=262688 RUNNER
! 7943 -1530 0 sims=262688 BLOCKER
> 3712 6664 71 -69 74 2
> 2793 7042 -9 210 -77 1
> 2896 5976 86 -251 60 2
> 3820 7522 49 139 -104 1
! 77210 72889 200
! 10795 -92234 200
> 3757 6655 29 -69 92 2
> 2784 7252 -7 178 -59 1
> 2982 5725 73 -213 42 2
> 3902 7602 78 129 -86 1
! 6513 16268 200 sims=324392 RUNNER
! 10331 691 0 sims=324392 BLOCKER
> 3757 6655 29 -69 92 2
> 2784 7252 -7 178 -59 1
> 2982 5725 73 -213 42 2
> 3902 7602 78 129 -86 1
! 94336 46398 200
! -20290 -89427 200
> 3836 6738 48 -78 74 2
> 2777 7430 -5 151 -41 1
> 3055 5512 62 -181 24 2
> 3937 7577 48 127 -104 1
! 6592 16351 200 sims=305704 RUNNER
! 11982 3523 0 sims=305704 BLOCKER
> 3836 6738 48 -78 74 2
> 2777 7430 -5 151 -41 1
> 3055 5512 62 -181 24 2
> 3937 7577 48 127 -104 1
! 77369 72425 0
! 10912 -92179 200
> 3920 6689 66 -84 74 2
> 2772 7581 -4 128 -23 1
> 3117 5331 52 -153 42 2
> 4018 7668 73 120 -86 1
! 3571 16683 200 sims=281784 RUNNER
! 10319 1020 0 sims=281784 BLOCKER
> 3920 6689 66 -84 74 2
> 2772 7581 -4 128 -23 1
> 3117 5331 52 -153 42 2
> 4018 7668 73 120 -86 1
! 53117 91933 200
! 41478 -85050 200
> 3979 6805 50 98 92 2
> 2768 7709 -3 108 -41 1
> 3269 5351 129 17 60 2
> 4166 7603 125 -55 -68 1
! 3630 16799 SHIELD sims=322552 RUNNER
! 11973 3802 0 sims=322552 BLOCKER
> 3979 6805 50 98 92 2
> 2768 7709 -3 108 -41 1
> 3269 5351 129 17 60 2
> 4166 7603 125 -55 -68 1
! 24060 103165 0
! 11141 -92153 200
> 4016 6850 30 35 92 3
> 2765 7817 -2 91 -23 1
> 3398 5368 109 14 78 2
> 4437 7880 237 264 -86 1
! 596 16247 0 sims=326840 RUNNER
! 10312 1256 0 sims=326840 BLOCKER
> 4016 6850 30 35 92 3
> 2765 7817 -2 91 -23 1
> 3398 5368 109 14 78 2
> 4437 7880 237 264 -86 1
! -7054 104820 200
! 41897 -84838 200
> 4046 6885 25 29 110 3
> 2763 7908 -1 77 -41 1
> 3486 5581 74 180 96 2
> 4749 7959 265 66 -68 1
! 3697 16879 0 sims=334512 RUNNER
! 7913 -664 200 sims=334512 BLOCKER
> 4046 6885 25 29 110 3
> 2763 7908 -1 77 -41 1
> 3486 5581 74 180 96 2
> 4749 7959 265 66 -68 1
! -37187 96935 200
! 69027 -68645 200
> 4071 6914 21 24 92 3
> 2865 7814 86 -80 -59 1
> 3479 5944 -6 308 114 2
> 5143 7872 334 -74 -50 1
! 6827 16527 0 sims=310168 RUNNER
! 8015 -758 200 sims=310168 BLOCKER
> 4071 6914 21 24 92 3
> 2865 7814 86 -80 -59 1
> 3479 5944 -6 308 114 2
> 5143 7872 334 -74 -50 1
! -37194 97298 200
! 89947 -45120 200
> 4092 6938 17 20 74 3
> 3054 7563 160 -213 -59 1
> 3392 6435 -74 417 114 2
> 5647 7692 428 -152 -32 1
! 6848 16551 SHIELD sims=364744 RUNNER
! 8204 -1009 SHIELD sims=364744 BLOCKER
> 4092 6938 17 20 74 3
> 3054 7563 160 -213 -59 1
> 3392 6435 -74 417 114 2
> 5647 7692 428 -152 -32 1
! -7060 105887 SHIELD
! 102676 -16500 200
> 4109 6958 14 17 74 3
> 3139 7632 -10 368 -59 1
> 3393 6570 83 -195 96 2
> 6269 7492 528 -170 -14 1
! 9701 15248 0 sims=373528 RUNNER
! 10686 1071 0 sims=373528 BLOCKER
> 4109 6958 14 17 74 3
> 3139 7632 -10 368 -59 1
> 3393 6570 83 -195 96 2
> 6269 7492 528 -170 -14 1
! 24184 104384 0
! 106025 14467 0
> 4123 6975 11 14 56 3
> 3129 8000 -8 312 -41 1
> 3476 6375 70 -165 78 2
> 6797 7322 448 -144 4 1
! 12003 13132 0 sims=320232 RUNNER
! 12334 4093 0 sims=320232 BLOCKER
> 4123 6975 11 14 56 3
> 3129 8000 -8 312 -41 1
> 3476 6375 70 -165 78 2
> 6797 7322 448 -144 4 1
! 24267 104189 0
! 99515 44782 0
> 4134 6989 9 11 38 3
> 3121 8312 -6 265 -23 1
> 3546 6210 59 -140 78 2
> 7245 7178 380 -122 22 1
! 13531 10409 0 sims=334568 RUNNER
! 10668 1751 0 sims=334568 BLOCKER
> 4134 6989 9 11 38 3
> 3121 8312 -6 265 -23 1
> 3546 6210 59 -140 78 2
> 7245 7178 380 -122 22 1
! -6906 105662 0
! 107001 14153 0
> 4143 7000 7 9 20 3
> 3115 8577 -5 225 -41 1
> 3605 6070 50 -119 96 2
> 7625 7056 323 -103 4 1
! 14137 7349 0 sims=317872 RUNNER
! 10662 2016 200 sims=317872 BLOCKER
> 4143 7000 7 9 20 3
> 3115 8577 -5 225 -41 1
> 3605 6070 50 -119 96 2
> 7625 7056 323 -103 4 1
! 24396 103884 0
! 104654 -17136 0
> 4150 7009 5 7 2 3
> 3261 8671 124 79 -41 1
> 3655 5951 42 -101 78 2
> 7948 6953 274 -87 -14 1
! 13763 4253 200 sims=334528 RUNNER
! 10808 2110 200 sims=334528 BLOCKER
> 4150 7009 5 7 2 3
> 3261 8671 124 79 -41 1
> 3655 5951 42 -101 78 2
> 7948 6953 274 -87 -14 1
! -6797 105403 0
! 104977 -17239 0
> 4347 6961 167 -40 -16 3
> 3536 8619 233 -44 -41 1
> 3697 5850 35 -85 96 2
> 8222 6866 232 -73 -14 1
! 12637 1369 200 sims=354592 RUNNER
! 8686 47 200 sims=354592 BLOCKER
> 4347 6961 167 -40 -16 3
> 3536 8619 233 -44 -41 1
> 3697 5850 35 -85 96 2
> 8222 6866 232 -73 -14 1
! 24488 103664 200
! 93026 -46126 0
> 4680 6809 282 -129 -34 3
> 3872 8404 285 -183 -59 1
> 3774 5961 65 94 78 2
> 8454 6793 197 -62 -32 1
! 12970 1217 200 sims=370544 RUNNER
! 6122 -1340 200 sims=370544 BLOCKER
> 4680 6809 282 -129 -34 3
> 3872 8404 285 -183 -59 1
> 3774 5961 65 94 78 2
> 8454 6793 197 -62 -32 1
! -6678 105413 200
! 72732 -69811 0
> 5128 6568 380 -204 -34 3
> 4202 8026 280 -321 -77 1
> 3818 6254 37 248 96 2
> 8651 6731 167 -52 -50 1
! 13418 976 200 sims=373144 RUNNER
! 3330 -1936 200 sims=373144 BLOCKER
> 5128 6568 380 -204 -34 3
> 4202 8026 280 -321 -77 1
> 3818 6254 37 248 96 2
> 8651 6731 167 -52 -50 1
! -36855 97608 200
! 46111 -85987 200
> 5674 6252 463 -268 -34 3
> 4465 7506 223 -442 -95 1
> 3774 6685 -37 366 114 2
> 8893 6494 205 -201 -68 1
! 13964 660 200 sims=390104 RUNNER
! 6715 -2238 200 sims=390104 BLOCKER
> 5674 6252 463 -268 -34 3
> 4465 7506 223 -442 -95 1
> 3774 6685 -37 366 114 2
> 8893 6494 205 -201 -68 1
! -6678 106137 0
! 15868 -93262 0
> 6303 5872 534 -322 -34 3
> 4733 6869 227 -541 -77 1
> 3737 7051 -31 311 96 3
> 9098 6293 174 -170 -86 1
! 14593 280 200 sims=371160 RUNNER
! 9883 -1703 200 sims=371160 BLOCKER
> 6303 5872 534 -322 -34 3
> 4733 6869 227 -541 -77 1
> 3737 7051 -31 311 96 3
> 9098 6293 174 -170 -86 1
! 24528 104865 0
! 16073 -93463 200
> 7003 5438 594 -368 -34 3
> 5063 6157 280 -605 -59 1
> 3706 7362 -26 264 78 3
> 9286 5923 159 -314 -86 1
! 16616 2682 0 sims=374584 RUNNER
! 12610 -404 200 sims=374584 BLOCKER
> 7003 5438 594 -368 -34 3
> 5063 6157 280 -605 -59 1
> 3706 7362 -26 264 78 3
> 9286 5923 159 -314 -86 1
! 53706 93964 0
! -14906 -91106 200
> 7597 5070 504 -312 -16 3
> 5494 5421 366 -625 -41 1
> 3680 7626 -22 224 60 3
> 9397 5415 94 -431 -104 1
! 17210 2314 200 sims=348080 RUNNER
! 14699 1514 200 sims=348080 BLOCKER
> 7597 5070 504 -312 -16 3
> 5494 5421 366 -625 -41 1
> 3680 7626 -22 224 60 3
> 9397 5415 94 -431 -104 1
! 77994 74539 200
! -43595 -79389 0
> 8293 4703 591 -312 -16 3
> 6044 4718 467 -597 -23 1
> 3807 7984 107 304 42 3
> 9491 4984 79 -366 -122 1
! 18287 5052 200 sims=346784 RUNNER
! 16006 3846 200 sims=346784 BLOCKER
> 8293 4703 591 -312 -16 3
> 6044 4718 467 -597 -23 1
> 3807 7984 107 304 42 3
> 9491 4984 79 -366 -122 1
! 95161 48657 200
! -67113 -59294 200
> 8642 4291 -59 -436 2 3
> 6710 4104 566 -522 -5 1
> 4097 8369 246 327 24 3
> 9859 4597 668 -242 -140 1
! 18255 1535 200 sims=362008 RUNNER
! 16454 6354 200 sims=362008 BLOCKER
> 8642 4291 -59 -436 2 3
> 6710 4104 566 -522 -5 1
> 4097 8369 246 327 24 3
> 9859 4597 668 -242 -140 1
! 103549 18821 0
! -82859 -32863 200
> 8775 3800 113 -417 -16 3
> 7471 3627 646 -405 13 1
> 4343 8696 209 277 6 3
> 10342 4280 410 -269 -158 1
! 18769 4149 200 sims=336784 RUNNER
! 17215 5877 200 sims=336784 BLOCKER
> 8775 3800 113 -417 -16 3
> 7471 3627 646 -405 13 1
> 4343 8696 209 277 6 3
> 10342 4280 410 -269 -158 1
! 102157 -12095 200
! -66262 -59998 200
> 9102 3392 710 -278 2 3
> 8298 3265 270 -375 13 1
> 4748 8931 343 200 -12 3
> 10599 3882 218 -337 -140 1
! 18499 6812 200 sims=322584 RUNNER
! 18260 2393 200 sims=322584 BLOCKER
> 9102 3392 710 -278 2 3
> 8298 3265 270 -375 13 1
> 4748 8931 343 200 -12 3
> 10599 3882 218 -337 -140 1
! 91350 -41069 200
! -66005 -60396 200
> 9909 3151 63 -420 20 3
> 8767 2873 398 -333 -5 1
> 5264 9031 438 85 -30 3
> 10755 3448 754 -152 -140 1
! 19306 6571 200 sims=336120 RUNNER
! 18511 5123 200 sims=336120 BLOCKER
> 9909 3151 63 -420 20 3
> 8767 2873 398 -333 -5 1
> 5264 9031 438 85 -30 3
> 10755 3448 754 -152 -140 1
! 72176 -65283 200
! -81963 -34012 200
> 10160 2799 213 -298 20 3
> 9360 2585 503 -244 13 1
> 5836 8967 486 -54 -48 3
> 11324 3221 483 -192 -158 1
! 19557 6219 200 sims=304488 RUNNER
! 19104 4835 200 sims=304488 BLOCKER
> 10160 2799 213 -298 20 3
> 9360 2585 503 -244 13 1
> 5836 8967 486 -54 -48 3
> 11324 3221 483 -192 -158 1
! 72748 -65347 200
! -88432 -3754 200
> 10818 2640 582 -129 20 3
> 9801 2316 351 -235 13 1
> 6456 8764 526 -172 -48 3
> 11607 3015 240 -175 -176 1
! 20215 6060 SHIELD sims=316336 RUNNER
! 19545 4566 200 sims=316336 BLOCKER
> 10818 2640 582 -129 20 3
> 9801 2316 351 -235 13 1
> 6456 8764 526 -172 -48 3
> 11607 3015 240 -175 -176 1
! 47129 -82590 200
! -81111 -34445 0
> 11359 2490 449 -132 20 3
> 10347 2126 463 -161 13 1
> 7063 8409 516 -301 -66 3
> 12255 3049 651 80 -158 1
! 19239 8647 0 sims=319632 RUNNER
! 18919 7276 0 sims=319632 BLOCKER
> 11359 2490 449 -132 20 3
> 10347 2126 463 -161 13 1
> 7063 8409 516 -301 -66 3
> 12255 3049 651 80 -158 1
! 73975 -65905 200
! -80463 -34411 200
> 11808 2358 381 -112 38 3
> 10810 1965 393 -136 31 1
> 7713 7959 552 -382 -48 3
> 12721 3054 395 4 -158 1
! 17400 10648 0 sims=303872 RUNNER
! 17371 9512 0 sims=303872 BLOCKER
> 11808 2358 381 -112 38 3
> 10810 1965 393 -136 31 1
> 7713 7959 552 -382 -48 3
> 12721 3054 395 4 -158 1
! 48386 -83395 200
! -63883 -61224 200
> 12189 2246 323 -95 56 3
> 11203 1829 334 -115 49 1
> 8346 7394 538 -480 -66 3
> 12963 2929 205 -105 -140 1
! 14945 11859 0 sims=282080 RUNNER
! 15110 11034 0 sims=282080 BLOCKER
> 12189 2246 323 -95 56 3
> 11203 1829 334 -115 49 1
> 8346 7394 538 -480 -66 3
> 12963 2929 205 -105 -140 1
! 75258 -66920 200
! -63641 -61349 200
> 12471 2109 103 -256 74 3
> 11537 1714 283 -97 67 1
> 9018 6765 571 -534 -48 3
> 13056 2738 215 -22 -140 1
! 15227 11722 200 sims=306504 RUNNER
! 12409 11676 200 sims=306504 BLOCKER
> 12471 2109 103 -256 74 3
> 11537 1714 283 -97 67 1
> 9018 6765 571 -534 -48 3
> 13056 2738 215 -22 -140 1
! 75930 -67549 200
! -79662 -34722 200
> 12618 1994 304 -96 74 3
> 11796 1805 -10 16 85 1
> 9723 6082 599 -580 -48 3
> 13138 2703 120 30 -158 1
! 15374 11607 200 sims=317872 RUNNER
! 15703 11010 200 sims=317872 BLOCKER
> 12618 1994 304 -96 74 3
> 11796 1805 -10 16 85 1
> 9723 6082 599 -580 -48 3
> 13138 2703 120 30 -158 1
! 50396 -85272 200
! -63466 -61575 BOOST
> 12662 1473 59 -503 74 3
> 11767 2014 -84 182 67 1
> 10403 5319 578 -648 -66 3
> 13173 2924 67 243 -140 1
! 12313 11467 200 sims=339664 RUNNER
! 15674 11219 200 sims=339664 BLOCKER
> 12662 1473 59 -503 74 3
> 11767 2014 -84 182 67 1
> 10403 5319 578 -648 -66 3
> 13173 2924 67 243 -140 1
! 51076 -86035 200
! -39818 -81880 0
> 12714 1170 44 -257 92 3
> 11761 2380 -4 311 67 1
> 11062 4488 560 -706 -66 3
> 13240 3167 56 206 -122 1
! 15470 10783 200 sims=326904 RUNNER
! 12633 12342 0 sims=326904 BLOCKER
> 12714 1170 44 -257 92 3
> 11761 2380 -4 311 67 1
> 11062 4488 560 -706 -66 3
> 13240 3167 56 206 -122 1
! 21514 -94964 200
! -10952 -93862 200
> 12813 1105 84 -55 74 3
> 11757 2691 -3 264 85 1
> 11643 3583 493 -769 -84 3
> 13248 3179 6 10 -104 1
! 15569 10718 200 sims=379816 RUNNER
! 12629 12653 SHIELD sims=379816 BLOCKER
> 12813 1105 84 -55 74 3
> 11757 2691 -3 264 85 1
> 11643 3583 493 -769 -84 3
> 13248 3179 6 10 -104 1
! 52316 -87771 SHIELD
! 20223 -96577 200
> 12952 1242 118 116 74 3
> 11837 1985 75 -683 85 1
> 12053 3784 341 253 -66 3
> 13268 2989 16 -161 -86 1
! 12603 11236 200 sims=342072 RUNNER
! 12709 11947 0 sims=342072 BLOCKER
> 12952 1242 118 116 74 3
> 11837 1985 75 -683 85 1
> 12053 3784 341 253 -66 3
> 13268 2989 16 -161 -86 1
! 22505 -95668 200
! 20243 -96767 200
> 13063 1558 94 268 92 3
> 11912 1302 63 -580 85 1
> 12394 4037 289 215 -84 3
> 13298 2628 25 -306 -86 1
! 12714 11552 SHIELD sims=347128 RUNNER
! 12784 11264 0 sims=347128 BLOCKER
> 13063 1558 94 268 92 3
> 11912 1302 63 -580 85 1
> 12394 4037 289 215 -84 3
> 13298 2628 25 -306 -86 1
! 53067 -87317 0
! -10894 -94401 SHIELD
> 13088 1557 -41 -243 92 3
> 11975 722 53 -493 85 1
> 12683 4252 245 182 -66 3
> 13392 2591 142 211 -104 1
! 15844 11170 0 sims=330384 RUNNER
! 15882 9927 0 sims=330384 BLOCKER
> 13088 1557 -41 -243 92 3
> 11975 722 53 -493 85 1
> 12683 4252 245 182 -66 3
> 13392 2591 142 211 -104 1
! 23135 -95200 0
! -10800 -94438 0
> 13047 1314 -34 -206 74 3
> 12028 229 45 -419 67 1
> 12928 4434 208 154 -84 3
> 13534 2802 120 179 -104 1
! 18639 9604 0 sims=312280 RUNNER
! 15935 9434 200 sims=312280 BLOCKER
> 13047 1314 -34 -206 74 3
> 12028 229 45 -419 67 1
> 12928 4434 208 154 -84 3
> 13534 2802 120 179 -104 1
! -7863 -93380 200
! -10658 -94227 0
> 13013 1108 -28 -175 56 3
> 12151 -6 104 -199 67 1
> 13094 4392 141 -35 -102 3
> 13654 2981 102 152 -104 1
! 15769 10721 0 sims=283392 RUNNER
! 18712 7541 200 sims=283392 BLOCKER
> 13013 1108 -28 -175 56 3
> 12151 -6 104 -199 67 1
> 13094 4392 141 -35 -102 3
> 13654 2981 102 152 -104 1
! -36906 -82210 200
! -10538 -94048 0
> 12985 933 -23 -148 74 3
> 12386 -54 199 -40 49 1
> 13135 4184 34 -176 -120 3
> 13756 3133 86 129 -104 1
! 15741 10546 200 sims=294264 RUNNER
! 16293 9151 200 sims=294264 BLOCKER
> 12985 933 -23 -148 74 3
> 12386 -54 199 -40 49 1
> 13135 4184 34 -176 -120 3
> 13756 3133 86 129 -104 1
! -7656 -93630 200
! 20731 -96623 200
> 13017 977 27 37 74 3
> 12663 90 235 122 67 1
> 13127 3812 -6 -315 -102 3
> 13856 3062 84 -59 -86 1
! 15773 10590 200 sims=268712 RUNNER
! 16570 9295 200 sims=268712 BLOCKER
> 13017 977 27 37 74 3
> 12663 90 235 122 67 1
> 13127 3812 -6 -315 -102 3
> 13856 3062 84 -59 -86 1
! -7664 -94002 200
! -10336 -93967 200
> 13099 1206 69 194 74 3
> 12976 396 266 260 67 1
> 13079 3301 -40 -434 -102 3
> 13892 2809 30 -215 -104 1
! 18691 9496 200 sims=273184 RUNNER
! 16883 9601 200 sims=273184 BLOCKER
> 13099 1206 69 194 74 3
> 12976 396 266 260 67 1
> 13079 3301 -40 -434 -102 3
> 13892 2809 30 -215 -104 1
! -7712 -94513 200
! -39100 -81995 200
> 13296 1705 170 450 56 3
> 13304 701 275 232 67 1
> 12997 2671 -69 -535 -102 0
> 13816 2424 -64 -326 -122 1
! 18888 9995 SHIELD sims=335288 RUNNER
! 14176 10663 0 sims=335288 BLOCKER
> 13296 1705 170 450 56 3
> 13304 701 275 232 67 1
> 12997 2671 -69 -535 -102 0
> 13816 2424 -64 -326 -122 1
! 23449 -96781 SHIELD
! -62788 -61854 SHIELD
> 13133 1408 -155 -388 56 3
> 13727 500 541 -702 85 1
> 12834 2399 -185 -99 -84 0
> 14164 2624 341 228 -140 1
! 15889 11021 0 sims=373056 RUNNER
! 11477 10244 200 sims=373056 BLOCKER
> 13133 1408 -155 -388 56 3
> 13727 500 541 -702 85 1
> 12834 2399 -185 -99 -84 0
> 14164 2624 341 228 -140 1
! 53507 -88955 0
! -78554 -34836 200
> 12978 1020 -131 -329 74 3
> 14223 -7 421 -431 103 1
> 12649 2300 -157 -84 -66 0
> 14505 2852 289 193 -158 1
! 18570 9310 0 sims=371480 RUNNER
! 11973 9737 200 sims=371480 BLOCKER
> 12978 1020 -131 -329 74 3
> 14223 -7 421 -431 103 1
> 12649 2300 -157 -84 -66 0
> 14505 2852 289 193 -158 1
! 79561 -72014 0
! -85251 -4123 200
> 12847 691 -111 -279 56 3
> 14599 -243 319 -200 103 1
> 12492 2216 -133 -71 -48 0
> 14794 3045 245 164 -176 1
! 18439 8981 0 sims=367664 RUNNER
! 12349 9501 200 sims=367664 BLOCKER
> 12847 691 -111 -279 56 3
> 14599 -243 319 -200 103 1
> 12492 2216 -133 -71 -48 0
> 14794 3045 245 164 -176 1
! 99094 -47784 0
! -77924 -34415 0
> 12736 412 -94 -237 56 3
> 14873 -248 232 -4 103 1
> 12359 2145 -113 -60 -30 0
> 15039 3209 208 139 -158 1
! 18328 8702 200 sims=358680 RUNNER
! 12623 9496 200 sims=358680 BLOCKER
> 12736 412 -94 -237 56 3
> 14873 -248 232 -4 103 1
> 12359 2145 -113 -60 -30 0
> 15039 3209 208 139 -158 1
! 110173 -18646 200
! -61565 -61069 200
> 12754 341 15 -60 56 3
> 15060 -57 158 162 103 1
> 12442 2043 70 -86 -12 0
> 15094 3219 46 8 -140 1
! 15510 9954 0 sims=356864 RUNNER
! 15932 9905 200 sims=356864 BLOCKER
> 12754 341 15 -60 56 3
> 15060 -57 158 162 103 1
> 12442 2043 70 -86 -12 0
> 15094 3219 46 8 -140 1
! 111894 12495 0
! -61510 -61059 200
> 12769 281 12 -51 74 3
> 15235 304 149 307 85 1
> 12512 1957 59 -73 6 0
> 14987 3098 -91 -102 -140 1
! 12420 10275 200 sims=337016 RUNNER
! 12985 10048 200 sims=337016 BLOCKER
> 12769 281 12 -51 74 3
> 15235 304 149 307 85 1
> 12512 1957 59 -73 6 0
> 14987 3098 -91 -102 -140 1
! 103866 42630 0
! -61617 -61180 200
> 12774 430 4 126 92 3
> 15339 806 88 426 103 1
> 12571 1884 50 -62 24 0
> 14743 2867 -207 -195 -140 1
! 15530 10043 200 sims=360048 RUNNER
! 13089 10550 200 sims=360048 BLOCKER
> 12774 430 4 126 92 3
> 15339 806 88 426 103 1
> 12571 1884 50 -62 24 0
> 14743 2867 -207 -195 -140 1
! 86885 68797 0
! -61861 -61411 0
> 12833 748 50 270 74 3
> 15382 1427 36 527 103 1
> 12621 1822 42 -52 42 0
> 14536 2672 -175 -165 -140 1
! 18425 9038 0 sims=318504 RUNNER
! 10232 9999 200 sims=318504 BLOCKER
> 12833 748 50 270 74 3
> 15382 1427 36 527 103 1
> 12621 1822 42 -52 42 0
> 14536 2672 -175 -165 -140 1
! 62621 88424 0
! -62068 -61606 200
> 12888 1002 114 -21 56 3
> 15315 2125 -56 593 121 1
> 12658 1786 -36 207 60 0
> 14208 2378 -278 -249 -140 1
! 20768 7159 0 sims=362256 RUNNER
! 7768 8686 200 sims=362256 BLOCKER
> 12888 1002 114 -21 56 3
> 15315 2125 -56 593 121 1
> 12658 1786 -36 207 60 0
> 14208 2378 -278 -249 -140 1
! 33449 99600 200
! -38783 -82426 0
> 13002 981 96 -17 38 3
> 15108 2849 -175 615 139 1
> 12664 2189 4 342 78 0
> 13930 2129 -236 -211 -122 1
! 18594 9271 200 sims=356848 RUNNER
! 5903 6756 0 sims=356848 BLOCKER
> 13002 981 96 -17 38 3
> 15108 2849 -175 615 139 1
> 12664 2189 4 342 78 0
> 13930 2129 -236 -211 -122 1
! 33455 100003 200
! -10262 -94900 200
> 13172 1079 -198 -376 56 3
> 14933 3464 -148 522 157 1
> 12710 2727 38 456 78 0
> 13683 1775 133 158 -104 1
! 15928 10692 200 sims=368736 RUNNER
! 4971 4336 200 sims=368736 BLOCKER
> 13172 1079 -198 -376 56 3
> 14933 3464 -148 522 157 1
> 12710 2727 38 456 78 0
> 13683 1775 133 158 -104 1
! 33501 100541 200
! -39309 -83029 200
> 13029 895 -121 -156 74 3
> 14586 4003 -295 458 175 1
> 12790 3379 67 553 78 0
> 13710 1763 22 -9 -122 1
! 15785 10508 200 sims=313912 RUNNER
! 4624 4875 200 sims=313912 BLOCKER
> 13029 895 -121 -156 74 3
> 14586 4003 -295 458 175 1
> 12790 3379 67 553 78 0
> 13710 1763 22 -9 -122 1
! 62790 89981 200
! -62894 -62515 0
> 12963 931 -55 30 74 3
> 14092 4478 -420 404 175 1
> 12957 4105 141 617 60 0
> 13732 1754 18 -7 -140 1
! 18555 9221 200 sims=369912 RUNNER
! 4130 5350 SHIELD sims=369912 BLOCKER
> 12963 931 -55 30 74 3
> 14092 4478 -420 404 175 1
> 12957 4105 141 617 60 0
> 13732 1754 18 -7 -140 1
! 87271 71018 SHIELD
! -78986 -35706 200
> 12999 1106 -164 -47 56 3
> 13867 4941 129 491 175 1
> 12903 4663 -367 376 42 0
> 13585 1693 70 144 -158 1
! 20879 7263 200 sims=368184 RUNNER
! 4123 2691 0 sims=368184 BLOCKER
> 12999 1106 -164 -47 56 3
> 13867 4941 129 491 175 1
> 12903 4663 -367 376 42 0
> 13585 1693 70 144 -158 1
! 62903 91265 0
! -63019 -62585 200
> 12910 1099 -106 -37 38 3
> 13996 5432 109 417 193 1
> 12536 5039 -311 319 60 0
> 13584 1792 30 114 -140 1
! 18502 9389 200 sims=365680 RUNNER
! 5424 282 0 sims=365680 BLOCKER
> 12910 1099 -106 -37 38 3
> 13996 5432 109 417 193 1
> 12536 5039 -311 319 60 0
> 13584 1792 30 114 -140 1
! 62536 91641 0
! -63020 -62486 200
> 12895 1207 -124 -21 56 3
> 14105 5849 92 354 -149 1
> 12225 5358 -264 271 60 0
> 13481 1798 24 118 -140 1
! 20775 7364 200 sims=361816 RUNNER
! 5533 699 0 sims=361816 BLOCKER
> 12895 1207 -124 -21 56 3
> 14105 5849 92 354 -149 1
> 12225 5358 -264 271 60 0
> 13481 1798 24 118 -140 1
! 86539 72271 0
! -63123 -62480 200
> 12802 1180 -100 -45 38 3
> 14197 6203 78 300 -149 1
> 11961 5629 -224 230 42 0
> 13478 1917 19 123 -140 1
! 20682 7337 200 sims=355256 RUNNER
! 4453 3953 200 sims=355256 BLOCKER
> 12802 1180 -100 -45 38 3
> 14197 6203 78 300 -149 1
> 11961 5629 -224 230 42 0
> 13478 1917 19 123 -140 1
! 86275 72542 200
! -39513 -82887 200
> 12860 1258 48 66 38 3
> 14080 6458 -99 216 -167 1
> 11886 5993 -64 309 42 0
> 13391 1870 -73 -39 -122 1
! 18452 9548 0 sims=341512 RUNNER
! 4336 4208 200 sims=341512 BLOCKER
> 12860 1258 48 66 38 3
> 14080 6458 -99 216 -167 1
> 11886 5993 -64 309 42 0
> 13391 1870 -73 -39 -122 1
! 103240 46666 200
! -63213 -62408 200
> 12682 1062 -157 -172 56 3
> 13786 6629 -249 145 -167 1
> 12005 6383 100 331 24 0
> 13391 1964 5 86 -140 1
! 20562 7219 200 sims=251448 RUNNER
! 3824 7501 200 sims=251448 BLOCKER
> 12682 1062 -157 -172 56 3
> 13786 6629 -249 145 -167 1
> 12005 6383 100 331 24 0
> 13391 1964 5 86 -140 1
! 86319 73296 BOOST
! -39600 -82840 0
> 12683 1013 0 -41 38 3
> 13338 6791 -381 138 -185 1
> 12588 7149 495 651 42 1
> 13396 2050 4 73 -122 1
! 18275 9303 200 sims=395000 RUNNER
! 3594 4541 200 sims=395000 BLOCKER
> 12683 1013 0 -41 38 3
> 13338 6791 -381 138 -185 1
> 12588 7149 495 651 42 1
> 13396 2050 4 73 -122 1
! 103942 47822 0
! -10796 -94979 200
> 12795 1138 95 106 56 3
> 13327 6576 13 -194 -167 1
> 12518 8108 -81 827 24 1
> 13352 1929 -37 -102 -104 1
! 15551 10751 0 sims=374312 RUNNER
! 3583 4326 200 sims=374312 BLOCKER
> 12795 1138 95 106 56 3
> 13327 6576 13 -194 -167 1
> 12518 8108 -81 827 24 1
> 13352 1929 -37 -102 -104 1
! 111970 18560 0
! -39640 -82875 200
> 12727 1018 -140 -217 74 3
> 13145 6337 -154 -203 -167 1
> 12437 8935 -68 702 6 1
> 13372 1883 99 76 -122 1
! 18319 9308 200 sims=377928 RUNNER
! 3401 4087 200 sims=377928 BLOCKER
> 12727 1018 -140 -217 74 3
> 13145 6337 -154 -203 -167 1
> 12437 8935 -68 702 6 1
> 13372 1883 99 76 -122 1
! 110251 -11856 0
! -63232 -62395 200
> 12699 967 -23 -43 56 3
> 12796 6089 -296 -210 -167 1
> 12369 9637 -57 596 -12 1
> 13318 1830 -46 -44 -140 1
! 20579 7124 200 sims=377104 RUNNER
! 3052 3839 200 sims=377104 BLOCKER
> 12699 967 -23 -43 56 3
> 12796 6089 -296 -210 -167 1
> 12369 9637 -57 596 -12 1
> 13318 1830 -46 -44 -140 1
! 98971 -40363 0
! -39673 -82974 200
> 12757 928 -70 -219 38 3
> 12305 5834 -417 -216 -167 1
> 12312 10233 -48 506 -30 1
> 13243 1735 55 105 -122 1
! 18349 9218 200 sims=377984 RUNNER
! 2561 3584 200 sims=377984 BLOCKER
> 12757 928 -70 -219 38 3
> 12305 5834 -417 -216 -167 1
> 12312 10233 -48 506 -30 1
> 13243 1735 55 105 -122 1
! 79224 -64081 0
! -10949 -95294 200
> 12799 875 35 -45 56 3
> 11693 5573 -520 -221 -167 1
> 12264 10739 -40 430 -48 1
> 13250 1646 5 -75 -104 1
! 15555 10488 200 sims=353952 RUNNER
! 3121 423 200 sims=353952 BLOCKER
> 12799 875 35 -45 56 3
> 11693 5573 -520 -221 -167 1
> 12264 10739 -40 430 -48 1
> 13250 1646 5 -75 -104 1
! 52937 -80615 0
! -39742 -83158 0
> 12815 900 -28 -46 74 3
> 11002 5249 -587 -275 -149 1
> 12224 11169 -34 365 -66 1
> 13329 1693 109 108 -122 1
! 18407 9190 200 sims=362224 RUNNER
! 1258 2999 0 sims=362224 BLOCKER
> 12815 900 -28 -46 74 3
> 11002 5249 -587 -275 -149 1
> 12224 11169 -34 365 -66 1
> 13329 1693 109 108 -122 1
! 22676 -88283 200
! -63275 -62585 200
> 12874 979 -22 -53 56 3
> 10415 4974 -498 -233 -167 1
> 12211 11335 -11 141 -84 1
> 13310 1713 56 137 -140 1
! 18466 9269 200 sims=368192 RUNNER
! 1843 -176 0 sims=368192 BLOCKER
> 12874 979 -22 -53 56 3
> 10415 4974 -498 -233 -167 1
> 12211 11335 -11 141 -84 1
> 13310 1713 56 137 -140 1
! -8580 -86479 200
! -39681 -83091 200
> 12885 955 -15 -64 56 3
> 9917 4741 -423 -198 -149 1
> 12158 11280 -44 -46 -102 1
> 13339 1818 49 132 -122 1
! 18477 9245 200 sims=366520 RUNNER
! 173 2491 0 sims=366520 BLOCKER
> 12885 955 -15 -64 56 3
> 9917 4741 -423 -198 -149 1
> 12158 11280 -44 -46 -102 1
> 13339 1818 49 132 -122 1
! -37842 -75322 200
! -10853 -95211 200
> 12974 1042 -1 -75 56 3
> 9494 4543 -359 -168 -167 1
> 12014 11061 -122 -186 -120 1
> 13347 1771 83 109 -104 1
! 15730 10655 200 sims=373056 RUNNER
! 922 -607 0 sims=373056 BLOCKER
> 12974 1042 -1 -75 56 3
> 9494 4543 -359 -168 -167 1
> 12014 11061 -122 -186 -120 1
> 13347 1771 83 109 -104 1
! -8777 -86753 200
! -39645 -83033 200
> 12939 985 -38 -64 74 3
> 9135 4375 -305 -142 -149 1
> 11850 10679 -139 -324 -102 1
> 13413 1884 64 112 -122 1
! 18531 9275 200 sims=331872 RUNNER
! -609 2125 0 sims=331872 BLOCKER
> 12939 985 -38 -64 74 3
> 9135 4375 -305 -142 -149 1
> 11850 10679 -139 -324 -102 1
> 13413 1884 64 112 -122 1
! -38150 -75923 200
! -39579 -82920 200
> 13013 1087 62 86 56 3
> 8830 4233 -259 -120 -167 1
> 11611 10182 -203 -422 -120 1
> 13371 1826 -35 -48 -122 1
! 15769 10700 0 sims=359568 RUNNER
! 258 -917 0 sims=359568 BLOCKER
> 13013 1087 62 86 56 3
> 8830 4233 -259 -120 -167 1
> 11611 10182 -203 -422 -120 1
> 13371 1826 -35 -48 -122 1
! -62703 -56731 200
! -10821 -95203 200
> 12928 869 -80 -201 74 3
> 8571 4113 -220 -102 -149 1
> 11259 9626 -298 -472 -138 1
> 13435 1888 62 68 -104 1
! 18520 9159 200 sims=370360 RUNNER
! -1173 1863 0 sims=370360 BLOCKER
> 12928 869 -80 -201 74 3
> 8571 4113 -220 -102 -149 1
> 11259 9626 -298 -472 -138 1
> 13435 1888 62 68 -104 1
! -38741 -76976 200
! -39557 -82916 200
> 12960 834 27 -29 56 3
> 8351 4011 -187 -86 -167 1
> 10861 8981 -338 -548 -120 1
> 13391 1786 -37 -86 -122 1
! 15716 10447 200 sims=348248 RUNNER
! -1611 4883 0 sims=348248 BLOCKER
> 12960 834 27 -29 56 3
> 8351 4011 -187 -86 -167 1
> 10861 8981 -338 -548 -120 1
> 13391 1786 -37 -86 -122 1
! -39139 -77621 200
! -10801 -95243 200
> 12944 792 -102 -223 74 3
> 8164 3925 -158 -73 -185 1
> 10423 8260 -372 -613 -120 1
> 13403 1711 100 124 -104 1
! 15700 10405 200 sims=366136 RUNNER
! -1041 7832 0 sims=366136 BLOCKER
> 12944 792 -102 -223 74 3
> 8164 3925 -158 -73 -185 1
> 10423 8260 -372 -613 -120 1
> 13403 1711 100 124 -104 1
! -63891 -58653 200
! -39589 -83093 0
> 12897 761 -39 -26 74 3
> 8006 3852 -134 -62 -203 1
> 9902 7513 -442 -634 -138 1
> 13503 1835 85 105 -122 1
! 18489 9051 200 sims=352104 RUNNER
! 459 10413 0 sims=352104 BLOCKER
> 12897 761 -39 -26 74 3
> 8006 3852 -134 -62 -203 1
> 9902 7513 -442 -634 -138 1
> 13503 1835 85 105 -122 1
! -40098 -79089 200
! -39489 -82969 200
> 12970 901 61 118 56 3
> 7872 3790 -113 -52 -221 1
> 9360 6706 -460 -686 -120 1
> 13482 1770 -17 -54 -122 1
! 15726 10514 200 sims=347072 RUNNER
! 2722 12362 0 sims=347072 BLOCKER
> 12970 901 61 118 56 3
> 7872 3790 -113 -52 -221 1
> 9360 6706 -460 -686 -120 1
> 13482 1770 -17 -54 -122 1
! -11431 -91108 0
! -39510 -83034 200
> 12889 897 -163 -152 74 3
> 7759 3738 -96 -44 -239 1
> 8900 6020 -391 -583 -102 1
> 13557 1860 157 226 -122 1
! 18481 9187 200 sims=349728 RUNNER
! 5509 13482 0 sims=349728 BLOCKER
> 12889 897 -163 -152 74 3
> 7759 3738 -96 -44 -239 1
> 8900 6020 -391 -583 -102 1
> 13557 1860 157 226 -122 1
! -11891 -91794 200
! -63047 -62418 200
> 12838 911 -43 11 56 3
> 7663 3694 -81 -37 103 1
> 8467 5241 -367 -661 -102 1
> 13561 1957 3 82 -140 1
! 18430 9201 200 sims=321088 RUNNER
! 8535 13656 200 sims=321088 BLOCKER
> 12838 911 -43 11 56 3
> 7663 3694 -81 -37 103 1
> 8467 5241 -367 -661 -102 1
> 13561 1957 3 82 -140 1
! -41533 -81361 200
! -39430 -82847 200
> 12907 1088 58 150 56 3
> 7533 3757 -553 -604 85 1
> 8067 4506 102 32 -120 1
> 13458 1869 -87 -74 -122 1
! 20787 7245 0 sims=340120 RUNNER
! 11440 12962 200 sims=340120 BLOCKER
> 12907 1088 58 150 56 3
> 7533 3757 -553 -604 85 1
> 8067 4506 102 32 -120 1
> 13458 1869 -87 -74 -122 1
! -66247 -62407 200
! -39534 -82935 200
> 12784 986 -182 -194 38 3
> 7058 3337 -403 -356 67 1
> 8020 4404 -39 -86 -138 1
> 13446 1877 67 114 -122 1
! 18376 9276 200 sims=335856 RUNNER
! 13619 10884 200 sims=335856 BLOCKER
> 12784 986 -182 -194 38 3
> 7058 3337 -403 -356 67 1
> 8020 4404 -39 -86 -138 1
> 13446 1877 67 114 -122 1
! -66294 -62508 200
! -39546 -82927 0
> 12714 958 -59 -23 56 3
> 6786 3132 -231 -174 49 1
> 7832 4184 -159 -186 -138 1
> 13513 1991 56 96 -122 1
! 18306 9248 200 sims=325536 RUNNER
! 13347 10679 200 sims=325536 BLOCKER
> 12714 958 -59 -23 56 3
> 6786 3132 -231 -174 49 1
> 7832 4184 -159 -186 -138 1
> 13513 1991 56 96 -122 1
! -66482 -62728 200
! -63091 -62287 200
> 12767 1101 44 121 56 3
> 6686 3109 -84 -19 49 1
> 7524 3864 -261 -271 -138 1
> 13416 1958 -82 -27 -140 1
! 18359 9391 200 sims=312160 RUNNER
! 13247 10656 200 sims=312160 BLOCKER
> 12767 1101 44 121 56 3
> 6686 3109 -84 -19 49 1
> 7524 3864 -261 -271 -138 1
> 13416 1958 -82 -27 -140 1
! -66790 -63048 0
! -39575 -82846 200
> 12728 1136 -175 -154 56 3
> 6602 3140 -289 -141 49 1
> 7394 3694 108 23 -138 1
> 13422 2013 148 231 -122 1
! 18320 9426 200 sims=327592 RUNNER
! 15174 8290 200 sims=327592 BLOCKER
> 12728 1136 -175 -154 56 3
> 6602 3140 -289 -141 49 1
> 7394 3694 108 23 -138 1
> 13422 2013 148 231 -122 1
! -83960 -36979 200
! -63182 -62265 200
> 12665 1148 -53 10 56 3
> 6484 3102 -99 -32 31 1
> 7319 3636 -63 -49 -156 1
> 13417 2115 -4 87 -140 1
! 18257 9438 200 sims=303040 RUNNER
! 15056 8252 200 sims=303040 BLOCKER
> 12665 1148 -53 10 56 3
> 6484 3102 -99 -32 31 1
> 7319 3636 -63 -49 -156 1
> 13417 2115 -4 87 -140 1
! -66995 -63276 0
! -39574 -82689 200
> 12724 1324 50 149 56 3
> 6556 3173 61 60 31 1
> 7256 3587 -53 -41 -138 1
> 13307 2032 -93 -70 -122 1
! 20604 7481 0 sims=320032 RUNNER
! 15128 8323 SHIELD sims=320032 BLOCKER
> 12724 1324 50 149 56 3
> 6556 3173 61 60 31 1
> 7256 3587 -53 -41 -138 1
> 13307 2032 -93 -70 -122 1
! -67058 -63325 0
! -39685 -82772 200
> 12553 1214 -209 -168 38 3
> 6596 3220 31 39 31 1
> 7417 3671 154 82 -138 1
> 13329 2051 83 91 -122 1
! 18145 9504 200 sims=337000 RUNNER
! 16340 5470 0 sims=337000 BLOCKER
> 12553 1214 -209 -168 38 3
> 6596 3220 31 39 31 1
> 7417 3671 154 82 -138 1
> 13329 2051 83 91 -122 1
! -66897 -63241 200
! -63275 -62227 200
> 12456 1212 -82 -1 56 3
> 6627 3259 26 33 13 1
> 7422 3619 4 -44 -138 1
> 13259 2013 -59 -31 -140 1
! 20336 7369 200 sims=319144 RUNNER
! 16371 5509 0 sims=319144 BLOCKER
> 12456 1212 -82 -1 56 3
> 6627 3259 26 33 13 1
> 7422 3619 4 -44 -138 1
> 13259 2013 -59 -31 -140 1
! -83932 -37054 200
! -79459 -35447 0
> 12532 1334 64 103 38 3
> 6489 3222 -173 -55 13 1
> 7407 3564 43 -22 -156 1
> 13200 1982 -50 -26 -158 1
! 21929 4754 0 sims=304912 RUNNER
! 16233 5472 0 sims=304912 BLOCKER
> 12532 1334 64 103 38 3
> 6489 3222 -173 -55 13 1
> 7407 3564 43 -22 -156 1
> 13200 1982 -50 -26 -158 1
! -66907 -63348 0
! -63404 -62296 200
> 12423 1269 -171 -132 20 3
> 6316 3167 -147 -46 13 1
> 7450 3542 36 -18 -138 1
> 13169 1995 53 88 -140 1
! 20303 7426 200 sims=286360 RUNNER
! 16060 5417 200 sims=286360 BLOCKER
> 12423 1269 -171 -132 20 3
> 6316 3167 -147 -46 13 1
> 7450 3542 36 -18 -138 1
> 13169 1995 53 88 -140 1
! -83904 -37131 200
! -39822 -82809 0
> 12410 1260 -11 -7 38 3
> 6364 3166 40 0 13 1
> 7303 3443 -124 -84 -156 1
> 13222 2083 45 74 -122 1
! 20290 7417 200 sims=319712 RUNNER
! 16108 5416 SHIELD sims=319712 BLOCKER
> 12410 1260 -11 -7 38 3
> 6364 3166 40 0 13 1
> 7303 3443 -124 -84 -156 1
> 13222 2083 45 74 -122 1
! -84051 -37230 0
! -39770 -82721 200
> 12557 1376 124 98 38 3
> 6404 3166 7 -6 13 1
> 7181 3360 163 -4 -156 1
> 13161 1987 -51 -81 -122 1
! 20437 7533 SHIELD sims=321744 RUNNER
! 14976 8316 0 sims=321744 BLOCKER
> 12557 1376 124 98 38 3
> 6404 3166 7 -6 13 1
> 7181 3360 163 -4 -156 1
> 13161 1987 -51 -81 -122 1
! -84173 -37313 200
! -63443 -62291 200
> 12631 1423 56 33 38 3
> 6275 3126 -111 -34 31 1
> 7297 3308 100 -43 -156 1
> 13454 2283 313 317 -140 1
! 18223 9713 0 sims=349240 RUNNER
! 16019 5376 0 sims=349240 BLOCKER
> 12631 1423 56 33 38 3
> 6275 3126 -111 -34 31 1
> 7297 3308 100 -43 -156 1
> 13454 2283 313 317 -140 1
! -92155 -7144 200
! -63150 -61995 200
> 12687 1456 47 28 56 3
> 6164 3092 -94 -28 13 1
> 7198 3244 -84 -54 -174 1
> 13614 2471 135 160 -140 1
! 20567 7613 0 sims=328464 RUNNER
! 15908 5342 0 sims=328464 BLOCKER
> 12687 1456 47 28 56 3
> 6164 3092 -94 -28 13 1
> 7198 3244 -84 -54 -174 1
> 13614 2471 135 160 -140 1
! -84156 -37429 200
! -62990 -61807 200
> 12734 1484 39 23 38 3
> 6070 3064 -79 -23 13 1
> 6931 3109 -226 -115 -156 1
> 13596 2502 -15 26 -140 1
! 20614 7641 0 sims=325768 RUNNER
! 16032 2192 200 sims=325768 BLOCKER
> 12734 1484 39 23 38 3
> 6070 3064 -79 -23 13 1
> 6931 3109 -226 -115 -156 1
> 13596 2502 -15 26 -140 1
! -92521 -7343 200
! -39395 -82302 200
> 12773 1507 33 19 38 3
> 5704 3003 -363 -54 -5 2
> 6992 2994 104 -95 -174 1
> 13475 2358 -102 -122 -122 1
! 18365 9797 200 sims=324368 RUNNER
! 15666 2131 200 sims=324368 BLOCKER
> 12773 1507 33 19 38 3
> 5704 3003 -363 -54 -5 2
> 6992 2994 104 -95 -174 1
> 13475 2358 -102 -122 -122 1
! -90822 23785 200
! -39517 -82446 200
> 12730 1473 -204 -224 56 3
> 5540 2932 -139 -60 -5 2
> 6900 2941 -77 -45 168 1
> 13455 2285 150 133 -122 1
! 18322 9763 200 sims=330304 RUNNER
! 15502 2060 200 sims=330304 BLOCKER
> 12730 1473 -204 -224 56 3
> 5540 2932 -139 -60 -5 2
> 6900 2941 -77 -45 168 1
> 13455 2285 150 133 -122 1
! -92552 -7511 200
! -63149 -61993 200
> 12638 1415 -78 -49 56 3
> 5600 2855 51 -65 -5 2
> 6624 2875 -234 -56 -174 1
> 13452 2289 -2 3 -140 1
! 20518 7572 200 sims=351768 RUNNER
! 15562 1983 SHIELD sims=351768 BLOCKER
> 12638 1415 -78 -49 56 3
> 5600 2855 51 -65 -5 2
> 6624 2875 -234 -56 -174 1
> 13452 2289 -2 3 -140 1
! -92828 -7577 SHIELD
! -63152 -61989 200
> 12718 1489 67 63 38 3
> 5591 2788 -198 -63 -5 2
> 6450 2821 42 -39 -174 1
> 13297 2163 -131 -106 -140 1
! 22115 4909 0 sims=340880 RUNNER
! 15335 5038 0 sims=340880 BLOCKER
> 12718 1489 67 63 38 3
> 5591 2788 -198 -63 -5 2
> 6450 2821 42 -39 -174 1
> 13297 2163 -131 -106 -140 1
! -91364 23612 0
! -39694 -82641 200
> 12547 1274 -194 -240 20 3
> 5393 2725 -168 -53 13 2
> 6492 2782 35 -33 168 1
> 13298 2166 49 59 -122 1
! 20427 7431 200 sims=352912 RUNNER
! 15137 4975 0 sims=352912 BLOCKER
> 12547 1274 -194 -240 20 3
> 5393 2725 -168 -53 13 2
> 6492 2782 35 -33 168 1
> 13298 2166 49 59 -122 1
! -92960 -7670 0
! -10894 -94863 0
> 12511 1157 -30 -99 38 3
> 5225 2672 -142 -45 13 2
> 6527 2749 29 -28 -174 1
> 13347 2225 41 50 -104 1
! 18103 9447 200 sims=348384 RUNNER
! 13797 7822 0 sims=348384 BLOCKER
> 12511 1157 -30 -99 38 3
> 5225 2672 -142 -45 13 2
> 6527 2749 29 -28 -174 1
> 13347 2225 41 50 -104 1
! -91287 23540 200
! -10845 -94804 0
> 12593 1224 69 56 56 3
> 5083 2627 -120 -38 31 2
> 6556 2721 24 -23 168 1
> 13388 2275 34 42 -104 1
! 18185 9514 200 sims=341488 RUNNER
! 11644 10174 200 sims=341488 BLOCKER
> 12593 1224 69 56 56 3
> 5083 2627 -120 -38 31 2
> 6556 2721 24 -23 168 1
> 13388 2275 34 42 -104 1
! -91258 23512 200
! -39604 -82529 200
> 12774 1446 153 188 56 3
> 5094 2740 9 95 49 2
> 6384 2740 -145 15 168 1
> 13316 2147 -61 -108 -122 1
! 18366 9736 SHIELD sims=348528 RUNNER
! 9001 11945 0 sims=348528 BLOCKER
> 12774 1446 153 188 56 3
> 5094 2740 9 95 49 2
> 6384 2740 -145 15 168 1
> 13316 2147 -61 -108 -122 1
! -91430 23531 200
! -39676 -82657 SHIELD
> 12756 1414 -60 -84 56 3
> 5103 2835 7 80 67 2
> 6043 2797 -289 48 168 2
> 13426 2259 138 152 -122 1
! 18348 9704 0 sims=320376 RUNNER
! 9010 12040 200 sims=320376 BLOCKER
> 12756 1414 -60 -84 56 3
> 5103 2835 7 80 67 2
> 6043 2797 -289 48 168 2
> 13426 2259 138 152 -122 1
! -80559 52797 0
! -10766 -94770 0
> 12696 1330 -51 -71 56 3
> 4989 3130 -209 268 67 2
> 5953 2814 36 -3 150 2
> 13564 2411 117 129 -104 1
! 20576 7487 0 sims=354664 RUNNER
! 11550 10677 0 sims=354664 BLOCKER
> 12696 1330 -51 -71 56 3
> 4989 3130 -209 268 67 2
> 5953 2814 36 -3 150 2
> 13564 2411 117 129 -104 1
! -91861 23605 200
! -39428 -82393 0
> 12645 1259 -43 -60 38 3
> 4780 3398 -177 227 49 2
> 5793 2853 -135 32 168 2
> 13681 2540 99 109 -122 1
! 18237 9549 0 sims=376424 RUNNER
! 8687 12603 200 sims=376424 BLOCKER
> 12645 1259 -43 -60 38 3
> 4780 3398 -177 227 49 2
> 5793 2853 -135 32 168 2
> 13681 2540 99 109 -122 1
! -80809 52853 200
! -62923 -61738 200
> 12602 1199 -36 -51 56 3
> 4681 3809 -84 349 67 2
> 5485 2985 -261 112 150 2
> 13780 2649 84 92 -140 1
! 18194 9489 200 sims=364112 RUNNER
! 11242 11356 0 sims=364112 BLOCKER
> 12602 1199 -36 -51 56 3
> 4681 3809 -84 349 67 2
> 5485 2985 -261 112 150 2
> 13780 2649 84 92 -140 1
! -61428 77299 0
! -62824 -61629 200
> 12678 1314 64 97 56 3
> 4597 4158 -71 296 49 2
> 5224 3097 -221 95 132 2
> 13711 2612 -58 -31 -140 1
! 18270 9604 200 sims=341440 RUNNER
! 13169 9308 0 sims=341440 BLOCKER
> 12678 1314 64 97 56 3
> 4597 4158 -71 296 49 2
> 5224 3097 -221 95 132 2
> 13711 2612 -58 -31 -140 1
! -35449 94451 200
! -39280 -82192 200
> 12854 1577 149 223 56 3
> 4526 4454 -60 251 31 2
> 4922 3375 -256 236 114 2
> 13547 2411 -139 -170 -122 1
! 18446 9867 SHIELD sims=308552 RUNNER
! 14270 6704 0 sims=308552 BLOCKER
> 12854 1577 149 223 56 3
> 4526 4454 -60 251 31 2
> 4922 3375 -256 236 114 2
> 13547 2411 -139 -170 -122 1
! -35751 94729 0
! -39445 -82393 SHIELD
> 12871 1648 -143 -122 56 3
> 4466 4705 -51 213 13 2
> 4666 3611 -217 200 114 2
> 13540 2393 152 167 -122 1
! 20751 7805 0 sims=338104 RUNNER
! 14428 3833 0 sims=338104 BLOCKER
> 12871 1648 -143 -122 56 3
> 4466 4705 -51 213 13 2
> 4666 3611 -217 200 114 2
> 13540 2393 152 167 -122 1
! -36007 94965 0
! -39452 -82411 0
> 12728 1526 -121 -103 38 3
> 4415 4918 -43 181 -5 2
> 4449 3811 -184 170 114 2
> 13692 2560 129 141 -122 1
! 20608 7683 0 sims=353120 RUNNER
! 13620 1011 0 sims=353120 BLOCKER
> 12728 1526 -121 -103 38 3
> 4415 4918 -43 181 -5 2
> 4449 3811 -184 170 114 2
> 13692 2560 129 141 -122 1
! -36224 95165 200
! -39300 -82244 0
> 12607 1423 -102 -87 38 3
> 4372 5099 -36 153 -23 2
> 4184 4164 -225 299 114 2
> 13821 2701 109 119 -122 1
! 20487 7580 0 sims=356936 RUNNER
! 11919 -1462 0 sims=356936 BLOCKER
> 12607 1423 -102 -87 38 3
> 4372 5099 -36 153 -23 2
> 4184 4164 -225 299 114 2
> 13821 2701 109 119 -122 1
! -6268 103616 0
! -62783 -61577 0
> 12505 1336 -86 -73 38 3
> 4336 5252 -30 130 -41 2
> 3959 4463 -191 254 96 2
> 13930 2820 92 101 -140 1
! 20385 7493 200 sims=349632 RUNNER
! 9486 -3320 200 sims=349632 BLOCKER
> 12505 1336 -86 -73 38 3
> 4336 5252 -30 130 -41 2
> 3959 4463 -191 254 96 2
> 13930 2820 92 101 -140 1
! 24750 102277 200
! -39061 -81984 200
> 12577 1386 60 42 38 3
> 4531 5403 196 177 -59 2
> 3688 4721 -261 169 78 2
> 13916 2751 -11 -58 -122 1
! 20457 7543 200 sims=358440 RUNNER
! 12078 -1158 200 sims=358440 BLOCKER
> 12577 1386 60 42 38 3
> 4531 5403 196 177 -59 2
> 3688 4721 -261 169 78 2
> 13916 2751 -11 -58 -122 1
! 53688 91323 200
! -62688 -61527 200
> 12795 1551 184 140 38 3
> 4878 5449 294 38 -41 2
> 3527 5063 -136 290 60 2
> 13752 2564 -139 -158 -140 1
! 18387 9841 200 sims=347488 RUNNER
! 14083 1542 200 sims=347488 BLOCKER
> 12795 1551 184 140 38 3
> 4878 5449 294 38 -41 2
> 3527 5063 -136 290 60 2
> 13752 2564 -139 -158 -140 1
! 77841 71976 200
! -78966 -34896 SHIELD
> 13038 1801 -425 -452 56 3
> 5356 5409 406 -34 -23 2
> 3540 5487 10 360 42 2
> 13618 2412 -50 -63 -158 1
! 20918 7958 200 sims=364576 RUNNER
! 14561 1502 200 sims=364576 BLOCKER
> 13038 1801 -425 -452 56 3
> 5356 5409 406 -34 -23 2
> 3540 5487 10 360 42 2
> 13618 2412 -50 -63 -158 1
! 77854 72400 200
! -62986 -61866 0
> 12771 1472 -227 -279 38 3
> 5946 5297 501 -95 -23 2
> 3699 5981 134 419 42 2
> 13568 2349 -42 -53 -140 1
! 20651 7629 200 sims=359984 RUNNER
! 15151 1390 200 sims=359984 BLOCKER
> 12771 1472 -227 -279 38 3
> 5946 5297 501 -95 -23 2
> 3699 5981 134 419 42 2
> 13568 2349 -42 -53 -140 1
! 95053 46654 200
! -79150 -35111 200
> 12702 1316 -58 -132 38 3
> 6631 5124 582 -147 -23 2
> 4016 6481 269 425 24 2
> 13526 2296 -35 -45 -158 1
! 20582 7473 200 sims=360992 RUNNER
! 15836 1217 200 sims=360992 BLOCKER
> 12702 1316 -58 -132 38 3
> 6631 5124 582 -147 -23 2
> 4016 6481 269 425 24 2
> 13526 2296 -35 -45 -158 1
! 103468 16933 0
! -63078 -61982 0
> 12802 1307 84 -7 38 3
> 7397 4899 651 -191 -23 2
> 4285 6906 228 361 6 3
> 13491 2251 -29 -38 -140 1
! 18394 9597 200 sims=336840 RUNNER
! 14944 -1662 200 sims=336840 BLOCKER
> 12802 1307 84 -7 38 3
> 7397 4899 651 -191 -23 2
> 4285 6906 228 361 6 3
> 13491 2251 -29 -38 -140 1
! 102099 -13885 200
! -39500 -82553 200
> 12932 1365 -61 -211 56 3
> 8199 4577 681 -273 -41 2
> 4709 7225 360 271 -12 3
> 13422 2144 113 169 -122 1
! 15688 10978 200 sims=351560 RUNNER
! 17404 670 200 sims=351560 BLOCKER
> 12932 1365 -61 -211 56 3
> 8199 4577 681 -273 -41 2
> 4709 7225 360 271 -12 3
> 13422 2144 113 169 -122 1
! 91311 -42775 200
! -39570 -82660 200
> 12926 1346 -4 -15 74 3
> 9064 4226 735 -298 -23 2
> 5242 7396 453 145 -30 3
> 13429 2143 5 0 -122 1
! 15682 10959 200 sims=335768 RUNNER
! 18269 319 200 sims=335768 BLOCKER
> 12926 1346 -4 -15 74 3
> 9064 4226 735 -298 -23 2
> 5242 7396 453 145 -30 3
> 13429 2143 5 0 -122 1
! 72154 -66918 200
! -63175 -62135 200
> 12859 1335 -121 -112 74 3
> 9983 3850 781 -319 -23 2
> 5829 7392 498 -3 -48 3
> 13399 2203 38 153 -140 1
! 15615 10948 200 sims=348816 RUNNER
! 19188 -57 200 sims=348816 BLOCKER
> 12859 1335 -121 -112 74 3
> 9983 3850 781 -319 -23 2
> 5829 7392 498 -3 -48 3
> 13399 2203 38 153 -140 1
! 72741 -66922 200
! -39592 -82601 200
> 12793 1415 -55 68 74 3
> 10948 3453 820 -337 -23 2
> 6461 7240 537 -128 -48 3
> 13331 2186 -57 -14 -122 1
! 18385 9705 0 sims=334320 RUNNER
! 18495 -3108 200 sims=334320 BLOCKER
> 12793 1415 -55 68 74 3
> 10948 3453 820 -337 -23 2
> 6461 7240 537 -128 -48 3
> 13331 2186 -57 -14 -122 1
! 73373 -67074 200
! -63273 -62092 200
> 12669 1383 -173 -125 56 3
> 11919 2985 825 -397 -41 2
> 7132 6963 570 -235 -48 3
> 13190 2143 -52 61 -140 1
! 18261 9673 200 sims=361704 RUNNER
! 17069 -5587 0 sims=361704 BLOCKER
> 12669 1383 -173 -125 56 3
> 11919 2985 825 -397 -41 2
> 7132 6963 570 -235 -48 3
> 13190 2143 -52 61 -140 1
! 74044 -67351 200
! -63414 -62135 SHIELD
> 12608 1424 -51 34 56 3
> 12388 2876 -464 605 -59 2
> 7836 6579 598 -326 -48 3
> 13174 2175 72 -42 -140 1
! 20488 7581 200 sims=333416 RUNNER
! 14638 -6868 0 sims=333416 BLOCKER
> 12608 1424 -51 34 56 3
> 12388 2876 -464 605 -59 2
> 7836 6579 598 -326 -48 3
> 13174 2175 72 -42 -140 1
! 74748 -67735 200
! -79544 -35285 200
> 12687 1551 -26 4 38 3
> 11924 3481 -394 514 -77 2
> 8568 6104 622 -403 -48 3
> 13274 2163 178 93 -158 1
! 20567 7708 200 sims=332000 RUNNER
! 11052 -6481 0 sims=332000 BLOCKER
> 12687 1551 -26 4 38 3
> 11924 3481 -394 514 -77 2
> 8568 6104 622 -403 -48 3
> 13274 2163 178 93 -158 1
! 75480 -68210 200
! -86482 -4812 0
> 12819 1678 111 108 38 3
> 11530 3995 -334 436 -95 2
> 9324 5552 642 -468 -48 3
> 13452 2256 151 79 -176 1
! 20699 7835 200 sims=320840 RUNNER
! 13780 -5749 0 sims=320840 BLOCKER
> 12819 1678 111 108 38 3
> 11530 3995 -334 436 -95 2
> 9324 5552 642 -468 -48 3
> 13452 2256 151 79 -176 1
! 95926 -44448 200
! -83577 26448 SHIELD
> 12909 1750 10 2 38 3
> 11196 4431 -283 370 -77 2
> 10139 4984 692 -482 -30 3
> 13621 2351 150 86 166 1
! 18501 10040 200 sims=323928 RUNNER
! 13446 -5313 SHIELD sims=323928 BLOCKER
> 12909 1750 10 2 38 3
> 11196 4431 -283 370 -77 2
> 10139 4984 692 -482 -30 3
> 13621 2351 150 86 166 1
! 77051 -69330 SHIELD
! -71183 55342 0
> 13031 1918 103 142 56 3
> 11688 4508 724 -50 -77 2
> 10056 4795 -376 -44 -48 3
> 13771 2437 127 73 148 1
! 15787 11531 200 sims=340040 RUNNER
! 10816 -5454 0 sims=340040 BLOCKER
> 13031 1918 103 142 56 3
> 11688 4508 724 -50 -77 2
> 10056 4795 -376 -44 -48 3
> 13771 2437 127 73 148 1
! 76968 -69519 0
! -71033 55428 SHIELD
> 13108 2213 -63 188 74 0
> 12412 4458 615 -42 -95 2
> 9680 4751 -319 -37 -48 3
> 13906 2514 127 71 148 1
! 15864 11826 200 sims=355832 RUNNER
! 8505 -4747 0 sims=355832 BLOCKER
> 13108 2213 -63 188 74 0
> 12412 4458 615 -42 -95 2
> 9680 4751 -319 -37 -48 3
> 13906 2514 127 71 148 1
! 76592 -69563 0
! -50372 79118 0
> 13100 2593 -6 323 74 0
> 13027 4416 522 -35 -113 2
> 9361 4714 -271 -31 -48 3
> 14033 2585 107 60 130 1
! 12751 12587 200 sims=370448 RUNNER
! 6466 -3131 0 sims=370448 BLOCKER
> 13100 2593 -6 323 74 0
> 13027 4416 522 -35 -113 2
> 9361 4714 -271 -31 -48 3
> 14033 2585 107 60 130 1
! 95963 -45286 0
! -50245 79189 0
> 13087 3116 -11 444 92 0
> 13549 4381 443 -29 -131 2
> 9090 4683 -230 -26 -30 3
> 14140 2645 90 51 130 1
! 12738 13110 200 sims=370160 RUNNER
! 9642 -4824 200 sims=370160 BLOCKER
> 13087 3116 -11 444 92 0
> 13549 4381 443 -29 -131 2
> 9090 4683 -230 -26 -30 3
> 14140 2645 90 51 130 1
! 76002 -69631 200
! -23320 95363 200
> 13069 3760 -15 547 92 0
> 13914 4168 310 -181 -113 2
> 8994 4508 -81 -148 -48 3
> 14230 2696 76 43 112 1
! 12720 13754 200 sims=364336 RUNNER
! 7353 -3379 200 sims=364336 BLOCKER
> 13069 3760 -15 547 92 0
> 13914 4168 310 -181 -113 2
> 8994 4508 -81 -148 -48 3
> 14230 2696 76 43 112 1
! 95596 -45492 200
! -50048 79300 200
> 13047 4507 -18 634 92 0
> 14093 3836 151 -282 -131 2
> 9086 4260 78 -210 -30 3
> 14177 2892 -44 166 130 1
! 9627 13904 0 sims=374080 RUNNER
! 7532 -3711 200 sims=374080 BLOCKER
> 13047 4507 -18 634 92 0
> 14093 3836 151 -282 -131 2
> 9086 4260 78 -210 -30 3
> 14177 2892 -44 166 130 1
! 106900 -16531 200
! -70627 55883 SHIELD
> 13029 5141 -15 538 110 0
> 14042 4226 -62 559 -131 2
> 9360 4008 232 -213 -12 3
> 14140 2976 -29 48 148 1
! 6872 13021 0 sims=386048 RUNNER
! 5470 -924 0 sims=386048 BLOCKER
> 13029 5141 -15 538 110 0
> 14042 4226 -62 559 -131 2
> 9360 4008 232 -213 -12 3
> 14140 2976 -29 48 148 1
! 107174 -16783 200
! -50138 79580 0
> 13014 5679 -12 457 128 0
> 13980 4785 -52 475 -149 2
> 9788 3753 363 -216 -12 3
> 14111 3024 -24 40 130 1
! 4724 11271 0 sims=370672 RUNNER
! 4236 2535 0 sims=370672 BLOCKER
> 13014 5679 -12 457 128 0
> 13980 4785 -52 475 -149 2
> 9788 3753 363 -216 -12 3
> 14111 3024 -24 40 130 1
! 107602 -17038 200
! -50167 79628 0
> 13002 6136 -10 388 146 0
> 13928 5260 -44 403 -167 2
> 10347 3495 474 -218 -12 3
> 14087 3064 -20 34 130 1
! 3389 8892 200 sims=370320 RUNNER
! 3966 6132 0 sims=370320 BLOCKER
> 13002 6136 -10 388 146 0
> 13928 5260 -44 403 -167 2
> 10347 3495 474 -218 -12 3
> 14087 3064 -20 34 130 1
! 108161 -17296 200
! -70717 56055 0
> 12800 6579 -171 376 164 0
> 13884 5663 -37 342 -185 2
> 11017 3235 569 -220 -12 3
> 14067 3098 -17 28 148 1
! 2806 6230 200 sims=366648 RUNNER
! 4679 9570 0 sims=366648 BLOCKER
> 12800 6579 -171 376 164 0
> 13884 5663 -37 342 -185 2
> 11017 3235 569 -220 -12 3
> 14067 3098 -17 28 148 1
! 108831 -17556 200
! -70737 56089 200
> 12429 6948 -315 313 182 1
> 13847 6005 -31 290 -203 2
> 11782 2973 649 -222 -12 3
> 13880 3232 -158 113 148 1
! 3032 3528 200 sims=395632 RUNNER
! 3885 6877 0 sims=395632 BLOCKER
> 12429 6948 -315 313 182 1
> 13847 6005 -31 290 -203 2
> 11782 2973 649 -222 -12 3
> 13880 3232 -158 113 148 1
! 111234 13425 0
! -83149 27424 200
> 11926 7193 -427 207 200 1
> 13816 6295 -26 246 175 2
> 12431 2751 551 -188 6 3
> 13528 3393 -299 137 166 1
! 4046 1036 200 sims=389904 RUNNER
! 4072 4045 0 sims=389904 BLOCKER
> 11926 7193 -427 207 200 1
> 13816 6295 -26 246 175 2
> 12431 2751 551 -188 6 3
> 13528 3393 -299 137 166 1
! 103785 43424 0
! -83501 27585 200
> 11341 7277 -496 71 218 1
> 13790 6541 -22 209 193 2
> 12982 2563 468 -159 24 0
> 13035 3578 -419 157 166 1
! 5749 -1013 200 sims=395704 RUNNER
! 5218 1391 0 sims=395704 BLOCKER
> 11341 7277 -496 71 218 1
> 13790 6541 -22 209 193 2
> 12982 2563 468 -159 24 0
> 13035 3578 -419 157 166 1
! 87296 69476 200
! -86721 -3397 200
> 10733 7182 -516 -80 -124 1
> 13768 6750 -18 177 -149 2
> 13599 2538 524 -21 42 0
> 12416 3721 -525 121 -176 1
! 5141 -1108 200 sims=389128 RUNNER
! 4024 4500 0 sims=389128 BLOCKER
> 10733 7182 -516 -80 -124 1
> 13768 6750 -18 177 -149 2
> 13599 2538 524 -21 42 0
> 12416 3721 -525 121 -176 1
! 63599 89140 200
! -87340 -3254 200
> 10105 6936 -533 -208 -124 1
> 13750 6927 -15 150 -167 2
> 14223 2690 530 129 60 0
> 11691 3828 -615 90 -176 1
! 4513 -1354 200 sims=376848 RUNNER
! 5178 1777 0 sims=376848 BLOCKER
> 10105 6936 -533 -208 -124 1
> 13750 6927 -15 150 -167 2
> 14223 2690 530 129 60 0
> 11691 3828 -615 90 -176 1
! 35014 100504 200
! -85338 28020 200
> 9460 6562 -548 -317 -124 1
> 13735 7077 -12 127 -149 2
> 14795 3015 485 275 78 0
> 10882 3966 -687 117 166 1
! 3868 -1728 200 sims=385808 RUNNER
! 3991 4827 0 sims=385808 BLOCKER
> 9460 6562 -548 -317 -124 1
> 13735 7077 -12 127 -149 2
> 14795 3015 485 275 78 0
> 10882 3966 -687 117 166 1
! 35586 100829 200
! -86147 28158 200
> 8800 6079 -560 -410 -124 1
> 13723 7204 -10 107 -167 2
> 15322 3486 447 400 78 0
> 10001 4131 -748 140 166 1
! 6044 -3534 0 sims=378304 RUNNER
! 5151 2054 0 sims=378304 BLOCKER
> 8800 6079 -560 -410 -124 1
> 13723 7204 -10 107 -167 2
> 15322 3486 447 400 78 0
> 10001 4131 -748 140 166 1
! 4869 102938 0
! -87028 28323 200
> 8240 5669 -476 -348 -106 1
> 13713 7311 -8 90 -149 2
> 15769 3886 379 340 96 0
> 9059 4319 -800 160 166 1
! 8589 -4325 200 sims=365288 RUNNER
! 3969 5061 0 sims=365288 BLOCKER
> 8240 5669 -476 -348 -106 1
> 13713 7311 -8 90 -149 2
> 15769 3886 379 340 96 0
> 9059 4319 -800 160 166 1
! -24904 95240 200
! -75745 57310 0
> 7771 5121 -398 -465 -88 1
> 13705 7401 -6 76 -167 2
> 16067 4409 253 444 114 0
> 8259 4479 -680 136 148 1
! 11191 -4276 0 sims=393336 RUNNER
! 5133 2251 0 sims=393336 BLOCKER
> 7771 5121 -398 -465 -88 1
> 13705 7401 -6 76 -167 2
> 16067 4409 253 444 114 0
> 8259 4479 -680 136 148 1
! -50846 78723 200
! -76545 57470 SHIELD
> 6665 5585 -946 402 -70 1
> 13699 7477 -5 64 -149 2
> 16186 5002 101 503 132 0
> 7650 4522 -517 35 148 1
! 7014 -4409 200 sims=389304 RUNNER
! 7138 -70 0 sims=389304 BLOCKER
> 6665 5585 -946 402 -70 1
> 13699 7477 -5 64 -149 2
> 16186 5002 101 503 132 0
> 7650 4522 -517 35 148 1
! -70416 55002 200
! -56628 81126 200
> 5726 5787 -798 171 -88 1
> 13694 7541 -4 54 -131 2
> 16114 5605 -61 512 150 0
> 7133 4557 -439 29 130 1
! 9146 -3610 200 sims=328416 RUNNER
! 9787 -1664 0 sims=328416 BLOCKER
> 5726 5787 -798 171 -88 1
> 13694 7541 -4 54 -131 2
> 16114 5605 -61 512 150 0
> 7133 4557 -439 29 130 1
! -81700 26396 200
! -77671 57548 0
> 4996 5770 -620 -14 -70 1
> 13690 7595 -3 45 -113 2
> 15857 6159 -218 470 168 0
> 6694 4586 -373 24 148 1
! 8416 -3627 200 sims=368536 RUNNER
! 12818 -2367 0 sims=368536 BLOCKER
> 4996 5770 -620 -14 -70 1
> 13690 7595 -3 45 -113 2
> 15857 6159 -218 470 168 0
> 6694 4586 -373 24 148 1
! -83595 -4293 200
! -90335 28778 0
> 4444 5568 -468 -171 -70 1
> 13687 7640 -2 38 -95 2
> 15440 6608 -354 381 -174 0
> 6321 4610 -317 20 166 1
! 7864 -3829 200 sims=363848 RUNNER
! 15937 -2104 0 sims=363848 BLOCKER
> 4444 5568 -468 -171 -70 1
> 13687 7640 -2 38 -95 2
> 15440 6608 -354 381 -174 0
> 6321 4610 -317 20 166 1
! -84012 -3844 200
! -93435 -2365 0
> 4044 5209 -339 -305 -70 1
> 13685 7678 -1 32 -77 2
> 14887 6968 -469 306 -174 0
> 6004 4630 -269 17 -176 1
! 10201 -2671 200 sims=359192 RUNNER
! 18835 -894 200 sims=359192 BLOCKER
> 4044 5209 -339 -305 -70 1
> 13685 7678 -1 32 -77 2
> 14887 6968 -469 306 -174 0
> 6004 4630 -269 17 -176 1
! -84565 -3484 200
! -86714 -32830 200
> 3828 4746 -183 -393 -52 1
> 13547 7687 -547 275 -59 2
> 14459 7104 66 -151 -174 0
> 5550 4572 -386 -49 -158 1
! 12118 -846 200 sims=378304 RUNNER
! 15797 -2057 200 sims=378304 BLOCKER
> 3828 4746 -183 -393 -52 1
> 13547 7687 -547 275 -59 2
> 14459 7104 66 -151 -174 0
> 5550 4572 -386 -49 -158 1
! -83355 27895 200
! -71054 -59706 200
> 3811 4241 -14 -429 -34 1
> 13045 7767 -426 68 -77 2
> 14329 6995 -110 -93 168 0
> 5011 4394 -458 -150 -140 1
! 13424 1485 0 sims=364152 RUNNER
! 12173 -2195 200 sims=364152 BLOCKER
> 3811 4241 -14 -429 -34 1
> 13045 7767 -426 68 -77 2
> 14329 6995 -110 -93 168 0
> 5011 4394 -458 -150 -140 1
! -83485 27786 200
! -47980 -80410 200
> 3700 3782 -410 -490 -16 1
> 12602 7636 -376 -111 -95 2
> 14023 6944 -259 -43 168 0
> 4544 4105 -80 -146 -122 1
! 13694 4131 200 sims=366800 RUNNER
! 8695 -1569 200 sims=366800 BLOCKER
> 3700 3782 -410 -490 -16 1
> 12602 7636 -376 -111 -95 2
> 14023 6944 -259 -43 168 0
> 4544 4105 -80 -146 -122 1
! -85429 -3508 200
! -19648 -92924 0
> 3490 3299 -178 -410 2 1
> 12148 7341 -386 -250 -113 2
> 13565 6880 -389 -54 -174 0
> 4464 3959 -68 -124 -104 1
! 12887 6719 200 sims=370120 RUNNER
! 5587 -206 200 sims=370120 BLOCKER
> 3490 3299 -178 -410 2 1
> 12148 7341 -386 -250 -113 2
> 13565 6880 -389 -54 -174 0
> 4464 3959 -68 -124 -104 1
! -77789 -33793 200
! -19728 -93070 200
> 3500 2957 8 -290 20 1
> 11631 6940 -439 -340 -131 2
> 12993 6745 -485 -115 -156 1
> 4348 3641 -98 -270 -104 1
! 11380 9114 200 sims=375528 RUNNER
! 3059 1790 200 sims=375528 BLOCKER
> 3500 2957 8 -290 20 1
> 11631 6940 -439 -340 -131 2
> 12993 6745 -485 -115 -156 1
> 4348 3641 -98 -270 -104 1
! -78361 -33928 200
! 11323 -96115 0
> 3666 2790 140 -141 38 1
> 11021 6497 -518 -376 -149 2
> 12325 6549 -567 -166 -156 1
> 4250 3371 -83 -229 -86 1
! 13063 6210 0 sims=339752 RUNNER
! 4460 -1050 0 sims=339752 BLOCKER
> 3666 2790 140 -141 38 1
> 11021 6497 -518 -376 -149 2
> 12325 6549 -567 -166 -156 1
> 4250 3371 -83 -229 -86 1
! -61989 -60363 200
! -19942 -93658 200
> 3545 2390 -116 -354 20 1
> 10503 6121 -440 -319 -131 2
> 11609 6249 -608 -254 -138 1
> 4379 3207 124 -125 -104 1
! 11425 8547 200 sims=327496 RUNNER
! 6596 -3084 0 sims=327496 BLOCKER
> 3545 2390 -116 -354 20 1
> 10503 6121 -440 -319 -131 2
> 11609 6249 -608 -254 -138 1
> 4379 3207 124 -125 -104 1
! -79745 -34424 200
! -48613 -81597 0
> 3587 2159 35 -196 38 1
> 10027 5797 -668 -313 -113 2
> 10854 5919 -378 -242 -156 1
> 4503 3082 105 -106 -122 1
! 11467 8316 200 sims=326264 RUNNER
! 9155 -4165 0 sims=326264 BLOCKER
> 3587 2159 35 -196 38 1
> 10027 5797 -668 -313 -113 2
> 10854 5919 -378 -242 -156 1
> 4503 3082 105 -106 -122 1
! -88598 -4533 200
! -48489 -81722 200
> 3780 2086 163 -61 38 1
> 9359 5484 -567 -266 -95 2
> 10277 5656 -490 -223 -174 1
> 4502 2806 0 -234 -122 1
! 11660 8243 SHIELD sims=311392 RUNNER
! 11609 -4260 0 sims=311392 BLOCKER
> 3780 2086 163 -61 38 1
> 9359 5484 -567 -266 -95 2
> 10277 5656 -490 -223 -174 1
> 4502 2806 0 -234 -122 1
! -81077 -35017 200
! -72102 -61472 200
> 3915 1997 91 -99 38 1
> 8792 5218 -481 -226 -77 2
> 9604 5352 -571 -258 -156 1
> 4627 2724 344 171 -140 1
! 13312 5417 0 sims=331240 RUNNER
! 11042 -4526 SHIELD sims=331240 BLOCKER
> 3915 1997 91 -99 38 1
> 8792 5218 -481 -226 -77 2
> 9604 5352 -571 -258 -156 1
> 4627 2724 344 171 -140 1
! -81750 -35321 200
! -71977 -61554 200
> 4006 1898 77 -84 20 1
> 8264 4985 -452 -199 -77 2
> 9325 5088 -202 -219 -156 1
> 4818 2766 162 36 -140 1
! 11886 8055 0 sims=350720 RUNNER
! 7392 -4977 0 sims=350720 BLOCKER
> 4006 1898 77 -84 20 1
> 8264 4985 -452 -199 -77 2
> 9325 5088 -202 -219 -156 1
> 4818 2766 162 36 -140 1
! -82029 -35585 200
! -48173 -82038 200
> 4083 1814 65 -71 38 1
> 7812 4786 -384 -169 -95 2
> 8940 4788 -327 -255 -156 1
> 4874 2632 47 -113 -122 1
! 9675 10104 0 sims=282512 RUNNER
! 10062 -4958 0 sims=282512 BLOCKER
> 4083 1814 65 -71 38 1
> 7812 4786 -384 -169 -95 2
> 8940 4788 -327 -255 -156 1
> 4874 2632 47 -113 -122 1
! -82414 -35885 200
! -71730 -61646 200
> 4148 1743 55 -60 56 1
> 7428 4617 -326 -143 -77 2
> 8430 4452 -433 -285 -156 1
> 4768 2390 -90 -205 -140 1
! 12028 7900 0 sims=275824 RUNNER
! 9678 -5127 0 sims=275824 BLOCKER
> 4148 1743 55 -60 56 1
> 7428 4617 -326 -143 -77 2
> 8430 4452 -433 -285 -156 1
> 4768 2390 -90 -205 -140 1
! -91022 -6000 200
! -71836 -61888 200
> 3992 1459 -188 -300 38 1
> 7072 4487 -458 -46 -77 2
> 7828 4134 -356 -334 -174 1
> 4736 2280 28 -33 -140 1
! 13389 4879 200 sims=307208 RUNNER
! 9322 -5257 200 sims=307208 BLOCKER
> 3992 1459 -188 -300 38 1
> 7072 4487 -458 -46 -77 2
> 7828 4134 -356 -334 -174 1
> 4736 2280 28 -33 -140 1
! -83526 -36539 200
! -48255 -82524 0
> 3992 1227 0 -196 20 1
> 6659 4246 -351 -204 -77 2
> 7289 3719 -457 -353 -156 1
> 4764 2247 23 -28 -122 1
! 11872 7384 200 sims=312464 RUNNER
! 5787 -5716 0 sims=312464 BLOCKER
> 3992 1227 0 -196 20 1
> 6659 4246 -351 -204 -77 2
> 7289 3719 -457 -353 -156 1
> 4764 2247 23 -28 -122 1
! -84065 -36954 200
! -19428 -94782 200
> 4150 1154 133 -61 38 1
> 6308 4042 -298 -173 -95 2
> 6649 3285 -543 -369 -156 1
> 4739 2025 -21 -188 -104 1
! 13547 4574 0 sims=284952 RUNNER
! 2401 -5163 200 sims=284952 BLOCKER
> 4150 1154 133 -61 38 1
> 6308 4042 -298 -173 -95 2
> 6649 3285 -543 -369 -156 1
> 4739 2025 -21 -188 -104 1
! -92803 -7167 0
! -19453 -95004 200
> 4210 988 -70 -317 20 1
> 5917 3734 -354 -190 -113 2
> 6121 2867 -426 -426 -174 2
> 4742 1748 124 -59 -104 1
! 12090 7145 0 sims=304512 RUNNER
! 5045 -6228 200 sims=304512 BLOCKER
> 4210 988 -70 -317 20 1
> 5917 3734 -354 -190 -113 2
> 6121 2867 -426 -426 -174 2
> 4742 1748 124 -59 -104 1
! -91693 23658 0
! 11717 -98008 0
> 4140 671 -59 -269 38 1
> 5546 3345 -315 -330 -95 2
> 5695 2441 -362 -362 168 2
> 4866 1689 105 -50 -86 1
! 9732 8961 0 sims=302456 RUNNER
! 7796 -6399 200 sims=302456 BLOCKER
> 4140 671 -59 -269 38 1
> 5546 3345 -315 -330 -95 2
> 5695 2441 -362 -362 168 2
> 4866 1689 105 -50 -86 1
! -80907 52441 SHIELD
! 42326 -91029 0
> 4081 402 -50 -228 56 1
> 5258 2971 -272 -85 -77 2
> 5364 2094 -244 -283 150 2
> 4676 1337 -504 -649 -68 1
! 11961 6559 0 sims=312440 RUNNER
! 4386 -6991 200 sims=312440 BLOCKER
> 4081 402 -50 -228 56 1
> 5258 2971 -272 -85 -77 2
> 5364 2094 -244 -283 150 2
> 4676 1337 -504 -649 -68 1
! -61549 76408 0
! 42136 -91381 SHIELD
> 3805 -277 -443 -994 38 1
> 4969 2687 -246 -241 -95 2
> 5120 1811 -207 -240 132 2
> 4195 733 -388 -471 -68 1
! 11685 5880 200 sims=332472 RUNNER
! 7219 -7057 200 sims=332472 BLOCKER
> 3805 -277 -443 -994 38 1
> 4969 2687 -246 -241 -95 2
> 5120 1811 -207 -240 132 2
> 4195 733 -388 -471 -68 1
! -35553 93165 SHIELD
! 11170 -99023 200
> 3520 -1148 -242 -740 38 1
> 4733 2438 -226 -76 -77 2
> 4917 1552 -170 -233 114 2
> 3807 262 -329 -400 -86 1
! 12917 2272 200 sims=338992 RUNNER
! 9883 -6134 0 sims=338992 BLOCKER
> 3520 -1148 -242 -740 38 1
> 4733 2438 -226 -76 -77 2
> 4917 1552 -170 -233 114 2
> 3807 262 -329 -400 -86 1
! -5535 101004 0
! 41267 -92456 0
> 3466 -1820 -45 -570 20 1
> 4507 2362 -192 -64 -59 2
> 4747 1319 -144 -198 96 2
> 3478 -138 -279 -340 -68 1
! 11346 4337 200 sims=352408 RUNNER
! 12054 -4199 0 sims=352408 BLOCKER
> 3466 -1820 -45 -570 20 1
> 4507 2362 -192 -64 -59 2
> 4747 1319 -144 -198 96 2
> 3478 -138 -279 -340 -68 1
! -35926 92673 0
! 67756 -76742 0
> 3579 -2267 95 -379 38 1
> 4315 2298 -163 -54 -41 2
> 4603 1121 -122 -168 114 2
> 3199 -478 -237 -289 -50 1
! 9171 6023 200 sims=359888 RUNNER
! 13520 -1609 0 sims=359888 BLOCKER
> 3579 -2267 95 -379 38 1
> 4315 2298 -163 -54 -41 2
> 4603 1121 -122 -168 114 2
> 3199 -478 -237 -289 -50 1
! -62310 75435 0
! 88003 -53470 200
> 3786 -2480 175 -181 56 1
> 4152 2244 -138 -45 -23 2
> 4481 953 -103 -142 132 2
> 3132 -873 -57 -335 -32 1
! 9378 5810 200 sims=368848 RUNNER
! 14114 1372 0 sims=368848 BLOCKER
> 3786 -2480 175 -181 56 1
> 4152 2244 -138 -45 -23 2
> 4481 953 -103 -142 132 2
> 3132 -873 -57 -335 -32 1
! -82121 50953 200
! 100161 -25065 200
> 4073 -2495 243 -12 56 1
> 4014 2199 -117 -38 -5 2
> 4205 911 -234 -35 150 2
> 3269 -1256 116 -325 -14 1
! 9665 5795 200 sims=373136 RUNNER
! 13758 4449 0 sims=373136 BLOCKER
> 4073 -2495 243 -12 56 1
> 4014 2199 -117 -38 -5 2
> 4205 911 -234 -35 150 2
> 3269 -1256 116 -325 -14 1
! -62708 75225 200
! 103025 5719 200
> 4428 -2341 301 130 56 1
> 3897 2161 -99 -32 13 2
> 3837 1025 -312 96 132 2
> 3585 -1567 268 -264 4 1
! 7184 7272 200 sims=373584 RUNNER
! 12469 7311 0 sims=373584 BLOCKER
> 4428 -2341 301 130 56 1
> 3897 2161 -99 -32 13 2
> 3837 1025 -312 96 132 2
> 3585 -1567 268 -264 4 1
! -36836 92379 200
! 96303 35893 200
> 4793 -2022 518 193 74 1
> 3798 2129 -84 -27 31 2
> 3444 1304 -334 236 114 2
> 4029 -1753 170 -80 22 1
! 4444 7972 200 sims=389120 RUNNER
! 10359 9676 0 sims=389120 BLOCKER
> 4793 -2022 518 193 74 1
> 3798 2129 -84 -27 31 2
> 3444 1304 -334 236 114 2
> 4029 -1753 170 -80 22 1
! -7008 100756 0
! 80633 62525 0
> 5304 -1629 434 333 92 1
> 3714 2102 -71 -22 49 2
> 3110 1540 -283 200 96 2
> 4199 -1833 144 -68 40 1
! 1884 7768 200 sims=363992 RUNNER
! 7621 11307 0 sims=363992 BLOCKER
> 5304 -1629 434 333 92 1
> 3714 2102 -71 -22 49 2
> 3110 1540 -283 200 96 2
> 4199 -1833 144 -68 40 1
! 23901 99354 200
! 57190 82971 200
> 5670 -1108 310 442 110 1
> 3760 2170 60 74 67 2
> 2752 1846 -326 243 78 2
> 4449 -1731 212 86 58 1
! -487 6772 200 sims=356160 RUNNER
! 4632 12132 200 sims=356160 BLOCKER
> 5670 -1108 310 442 110 1
> 3760 2170 60 74 67 2
> 2752 1846 -326 243 78 2
> 4449 -1731 212 86 58 1
! 52752 88448 200
! 28641 95298 200
> 5857 -508 158 509 128 1
> 3837 2443 65 232 85 2
> 2526 2262 -192 353 60 2
> 4709 -1451 221 238 76 1
! 2437 8889 200 sims=347672 RUNNER
! 1587 12187 200 sims=347672 BLOCKER
> 5857 -508 158 509 128 1
> 3837 2443 65 232 85 2
> 2526 2262 -192 353 60 2
> 4709 -1451 221 238 76 1
! 76840 69175 200
! -2266 98305 200
> 5947 189 76 592 110 1
> 3857 2870 17 362 103 2
> 2483 2749 -36 413 42 2
> 4916 -1013 175 371 94 1
! 2527 9586 200 sims=328232 RUNNER
! -1293 11442 200 sims=328232 BLOCKER
> 5947 189 76 592 110 1
> 3857 2870 17 362 103 2
> 2483 2749 -36 413 42 2
> 4916 -1013 175 371 94 1
! 93837 43422 200
! -32544 91705 200
> 5955 969 6 662 110 1
> 3771 3403 -73 453 121 2
> 2630 3243 124 420 24 2
> 5016 -457 85 472 112 1
! 2535 10366 200 sims=301976 RUNNER
! -3776 9964 0 sims=301976 BLOCKER
> 5955 969 6 662 110 1
> 3771 3403 -73 453 121 2
> 2630 3243 124 420 24 2
> 5016 -457 85 472 112 1
! 102082 13695 200
! -1959 99299 0
> 5893 1819 -53 722 110 1
> 3733 3864 256 454 139 2
> 2918 3676 -44 304 6 2
> 5101 15 72 401 94 1
! 2473 11216 200 sims=315992 RUNNER
! -5472 7771 200 sims=315992 BLOCKER
> 5893 1819 -53 722 110 1
> 3733 3864 256 454 139 2
> 2918 3676 -44 304 6 2
> 5101 15 72 401 94 1
! 94272 44349 200
! -32359 92733 200
> 5772 2729 -103 773 110 2
> 3805 4396 61 452 157 2
> 3057 4061 117 327 24 2
> 5098 601 -2 498 112 1
! -385 10609 0 sims=266080 RUNNER
! -6157 5268 0 sims=266080 BLOCKER
> 5772 2729 -103 773 110 2
> 3805 4396 61 452 157 2
> 3057 4061 117 327 24 2
> 5098 601 -2 498 112 1
! 94411 44734 200
! -1877 100357 200
> 5669 3502 -87 657 128 2
> 4045 4932 220 463 175 2
> 3178 4386 86 268 24 2
> 5082 1299 -13 592 94 1
! -2621 9094 200 sims=296016 RUNNER
! -5699 2682 200 sims=296016 BLOCKER
> 5669 3502 -87 657 128 2
> 4045 4932 220 463 175 2
> 3178 4386 86 268 24 2
> 5082 1299 -13 592 94 1
! 77492 71299 200
! -32378 94017 200
> 5416 4271 -214 653 146 2
> 4070 5350 21 355 193 2
> 3413 4788 199 341 42 2
> 4994 2076 -74 660 112 1
! -4197 7027 200 sims=274912 RUNNER
! -4502 200 200 sims=274912 BLOCKER
> 5416 4271 -214 653 146 2
> 4070 5350 21 355 193 2
> 3413 4788 199 341 42 2
> 4994 2076 -74 660 112 1
! 94767 45461 200
! -32466 94794 200
> 5010 4979 -345 601 164 2
> 4246 5902 190 505 -149 2
> 3468 4911 6 67 24 2
> 4845 2921 -126 718 112 1
! -4603 7735 200 sims=269896 RUNNER
! -2315 -1645 0 sims=269896 BLOCKER
> 5010 4979 -345 601 164 2
> 4246 5902 190 505 -149 2
> 3468 4911 6 67 24 2
> 4845 2921 -126 718 112 1
! 77782 71824 0
! -32615 95639 0
> 4478 5604 -421 337 164 2
> 4431 6438 126 649 -131 2
> 3474 4978 5 56 42 2
> 4719 3639 -107 610 112 1
! -5516 5255 0 sims=313968 RUNNER
! 524 -2767 200 sims=313968 BLOCKER
> 4478 5604 -421 337 164 2
> 4431 6438 126 649 -131 2
> 3474 4978 5 56 42 2
> 4719 3639 -107 610 112 1
! 53474 91580 0
! -32741 96357 200
> 4057 5941 -357 286 -178 2
> 4479 6903 40 395 -113 2
> 3479 5034 4 47 60 2
> 4537 4434 -154 676 112 1
! -5340 2521 0 sims=312344 RUNNER
! 3607 -3059 200 sims=312344 BLOCKER
> 4057 5941 -357 286 -178 2
> 4479 6903 40 395 -113 2
> 3479 5034 4 47 60 2
> 4537 4434 -154 676 112 1
! 53479 91636 200
! -2438 104190 200
> 3700 6227 -303 243 -160 2
> 4502 7099 19 166 -95 3
> 3570 5254 -126 181 60 2
> 4382 5310 72 750 94 1
! -4180 70 0 sims=334184 RUNNER
! 6752 -2645 200 sims=334184 BLOCKER
> 3700 6227 -303 243 -160 2
> 4502 7099 19 166 -95 3
> 3570 5254 -126 181 60 2
> 4382 5310 72 750 94 1
! 53570 91856 200
! -33078 98028 0
> 3397 6470 -257 206 -142 2
> 4566 7070 54 -24 -77 3
> 3544 5608 -22 301 60 2
> 4454 6060 61 637 112 1
! -2195 -1820 200 sims=317184 RUNNER
! 6816 -2674 SHIELD sims=317184 BLOCKER
> 3397 6470 -257 206 -142 2
> 4566 7070 54 -24 -77 3
> 3544 5608 -22 301 60 2
> 4454 6060 61 637 112 1
! 77858 72521 0
! -59824 82664 0
> 2993 6591 -371 167 -124 2
> 4631 7125 59 79 -77 3
> 3557 5828 38 122 42 2
> 4405 5905 -87 -462 130 1
! 237 -3022 0 sims=364456 RUNNER
! 9781 -1447 0 sims=364456 BLOCKER
> 2993 6591 -371 167 -124 2
> 4631 7125 59 79 -77 3
> 3557 5828 38 122 42 2
> 4405 5905 -87 -462 130 1
! 77871 72741 200
! -33055 98623 200
> 2622 6758 -315 141 -106 2
> 4690 7204 50 67 -59 3
> 3441 6082 -139 216 42 2
> 4546 5630 160 -233 112 1
! 2971 -3236 0 sims=385200 RUNNER
! 12237 643 0 sims=385200 BLOCKER
> 2622 6758 -315 141 -106 2
> 4690 7204 50 67 -59 3
> 3441 6082 -139 216 42 2
> 4546 5630 160 -233 112 1
! 94795 46755 200
! -59732 82234 200
> 2307 6899 -267 119 -88 2
> 4740 7271 42 56 -41 3
> 3485 6379 37 252 24 2
> 4577 5550 26 -67 130 1
! 5727 -2498 0 sims=374280 RUNNER
! 9890 -1301 0 sims=374280 BLOCKER
> 2307 6899 -267 119 -88 2
> 4740 7271 42 56 -41 3
> 3485 6379 37 252 24 2
> 4577 5550 26 -67 130 1
! 102937 16831 200
! -80227 58541 200
> 2040 7018 -226 101 -70 2
> 4782 7327 35 47 -59 3
> 3721 6652 200 231 6 2
> 4433 5589 -122 33 148 1
! 8197 -862 0 sims=373152 RUNNER
! 12329 766 200 sims=373152 BLOCKER
> 2040 7018 -226 101 -70 2
> 4782 7327 35 47 -59 3
> 3721 6652 200 231 6 2
> 4433 5589 -122 33 148 1
! 101535 -14139 0
! -92596 29781 200
> 1814 7119 -192 85 -52 2
> 4968 7243 158 -71 -41 3
> 3921 6883 170 196 -12 3
> 4117 5670 -268 69 166 1
! 10104 1527 0 sims=375704 RUNNER
! 12515 682 200 sims=375704 BLOCKER
> 1814 7119 -192 85 -52 2
> 4968 7243 158 -71 -41 3
> 3921 6883 170 196 -12 3
> 4117 5670 -268 69 166 1
! 90523 -43117 200
! -80687 58661 200
> 1622 7204 -163 72 -34 2
> 5277 7041 262 -171 -41 3
> 4264 6979 291 81 -30 3
> 3679 5845 -371 148 148 1
! 11235 4448 200 sims=364304 RUNNER
! 14482 3134 0 sims=364304 BLOCKER
> 1622 7204 -163 72 -34 2
> 5277 7041 262 -171 -41 3
> 4264 6979 291 81 -30 3
> 3679 5845 -371 148 148 1
! 71176 -67335 200
! -60599 82449 200
> 1651 7221 24 14 -16 2
> 5539 6870 222 -145 -23 3
> 4689 6911 361 -57 -48 3
> 3179 6146 -424 256 130 1
! 9941 1629 0 sims=353832 RUNNER
! 13086 309 0 sims=353832 BLOCKER
> 1651 7221 24 14 -16 2
> 5539 6870 222 -145 -23 3
> 4689 6911 361 -57 -48 3
> 3179 6146 -424 256 130 1
! 91291 -43089 200
! -61099 82750 200
> 1675 7235 20 11 -34 2
> 6022 6712 453 -136 -41 3
> 4962 6767 188 -120 -30 3
> 2626 6555 -469 347 130 1
! 11288 4479 0 sims=376248 RUNNER
! 13569 151 200 sims=376248 BLOCKER
> 1675 7235 20 11 -34 2
> 6022 6712 453 -136 -41 3
> 4962 6767 188 -120 -30 3
> 2626 6555 -469 347 130 1
! 102776 -14024 200
! -61652 83159 200
> 1350 7481 -535 385 -16 2
> 6626 6445 513 -227 -41 3
> 5346 6605 326 -137 -12 3
> 2373 6820 44 49 130 1
! 9640 1889 200 sims=379776 RUNNER
! 14173 -116 200 sims=379776 BLOCKER
> 1350 7481 -535 385 -16 2
> 6626 6445 513 -227 -41 3
> 5346 6605 326 -137 -12 3
> 2373 6820 44 49 130 1
! 103160 -14186 200
! -61905 83424 0
> 981 7754 -313 232 -34 2
> 7290 6087 564 -304 -41 3
> 5868 6426 443 -151 -12 3
> 2417 6869 37 41 130 1
! 7138 -126 200 sims=379680 RUNNER
! 14837 -474 200 sims=379680 BLOCKER
> 981 7754 -313 232 -34 2
> 7290 6087 564 -304 -41 3
> 5868 6426 443 -151 -12 3
> 2417 6869 37 41 130 1
! 103682 -14365 200
! -82387 59860 0
> 791 7828 -161 63 -52 2
> 8005 5652 607 -369 -41 3
> 6507 6233 542 -163 -12 3
> 2454 6910 31 34 148 1
! 9081 2236 0 sims=365976 RUNNER
! 17210 1745 0 sims=365976 BLOCKER
> 791 7828 -161 63 -52 2
> 8005 5652 607 -369 -41 3
> 6507 6233 542 -163 -12 3
> 2454 6910 31 34 148 1
! 93109 -43767 200
! -94575 31102 0
> 630 7891 -136 53 -34 2
> 8612 5283 515 -313 -23 3
> 7222 5970 607 -223 -30 3
> 2485 6944 26 28 166 1
! 10243 5135 200 sims=355080 RUNNER
! 16159 -1278 0 sims=355080 BLOCKER
> 630 7891 -136 53 -34 2
> 8612 5283 515 -313 -23 3
> 7222 5970 607 -223 -30 3
> 2485 6944 26 28 166 1
! 74134 -68344 200
! -94544 31136 0
> 686 7889 47 -1 -16 2
> 9127 4970 437 -266 -41 3
> 7963 5598 629 -315 -48 3
> 2511 6972 22 23 166 1
! 10680 8238 200 sims=343272 RUNNER
! 18332 1063 0 sims=343272 BLOCKER
> 686 7889 47 -1 -16 2
> 9127 4970 437 -266 -41 3
> 7963 5598 629 -315 -48 3
> 2511 6972 22 23 166 1
! 74875 -68716 0
! -82293 59963 200
> 933 7895 209 5 2 2
> 9564 4704 371 -226 -23 3
> 8592 5283 534 -267 -48 3
> 2363 7101 -125 109 148 1
! 10546 5139 0 sims=335256 RUNNER
! 19526 3832 0 sims=335256 BLOCKER
> 933 7895 209 5 2 2
> 9564 4704 371 -226 -23 3
> 8592 5283 534 -267 -48 3
> 2363 7101 -125 109 148 1
! 75504 -69031 200
! -61915 83705 200
> 1142 7900 177 4 -16 2
> 9953 4468 574 -341 -5 3
> 9242 4878 308 -203 -48 3
> 2109 7363 -215 222 130 1
! 9432 2308 0 sims=329656 RUNNER
! 19697 6718 0 sims=329656 BLOCKER
> 1142 7900 177 4 -16 2
> 9953 4468 574 -341 -5 3
> 9242 4878 308 -203 -48 3
> 2109 7363 -215 222 130 1
! 76154 -69436 200
! -82695 60354 200
> 1019 8068 -332 267 -34 2
> 10527 4127 487 -289 13 3
> 9684 4526 375 -298 -48 3
> 2025 7527 156 14 148 1
! 7176 188 200 sims=359632 RUNNER
! 19099 9277 0 sims=359632 BLOCKER
> 1019 8068 -332 267 -34 2
> 10527 4127 487 -289 13 3
> 9684 4526 375 -298 -48 3
> 2025 7527 156 14 148 1
! 96286 -45474 0
! -82779 60518 0
> 810 8177 -177 92 -52 2
> 11014 3838 413 -245 31 3
> 10059 4228 318 -253 -30 3
> 2181 7541 132 11 148 1
! 4230 -1220 200 sims=366000 RUNNER
! 17575 11385 0 sims=366000 BLOCKER
> 810 8177 -177 92 -52 2
> 11014 3838 413 -245 31 3
> 10059 4228 318 -253 -30 3
> 2181 7541 132 11 148 1
! 96661 -45772 200
! -94848 31733 0
> 701 8081 -92 -81 -70 2
> 11427 3593 351 -208 49 3
> 10550 3875 417 -300 -30 3
> 2313 7552 112 9 166 1
! 6858 201 200 sims=362616 RUNNER
! 15334 12798 200 sims=362616 BLOCKER
> 701 8081 -92 -81 -70 2
> 11427 3593 351 -208 49 3
> 10550 3875 417 -300 -30 3
> 2313 7552 112 9 166 1
! 108364 -16916 200
! -97443 576 0
> 732 7842 26 -202 -52 2
> 11978 3549 563 -53 67 3
> 11041 3554 322 -257 -12 3
> 2425 7561 95 7 184 1
! 6889 -38 200 sims=379760 RUNNER
! 12850 13511 200 sims=379760 BLOCKER
> 732 7842 26 -202 -52 2
> 11978 3549 563 -53 67 3
> 11041 3554 322 -257 -12 3
> 2425 7561 95 7 184 1
! 108855 -17237 200
! -90293 -29899 200
> 881 7482 126 -305 -52 2
> 12558 3695 493 124 85 3
> 11559 3255 439 -253 -12 3
> 2335 7493 -76 -57 -158 1
! 9171 1890 0 sims=382432 RUNNER
! 10308 13439 0 sims=382432 BLOCKER
> 881 7482 126 -305 -52 2
> 12558 3695 493 124 85 3
> 11559 3255 439 -253 -12 3
> 2335 7493 -76 -57 -158 1
! 111011 13707 200
! -74269 -56785 200
> 1007 7177 107 -259 -34 2
> 13051 3819 419 105 103 3
> 12197 3023 542 -197 6 3
> 2106 7307 -194 -157 -140 1
! 10620 4421 0 sims=366216 RUNNER
! 7901 12391 0 sims=366216 BLOCKER
> 1007 7177 107 -259 -34 2
> 13051 3819 419 105 103 3
> 12197 3023 542 -197 6 3
> 2106 7307 -194 -157 -140 1
! 103551 43696 200
! -50885 -77497 0
> 1114 6918 90 -220 -16 2
> 13470 3924 356 89 121 3
> 12922 2907 616 -98 24 3
> 1912 7150 -164 -133 -122 1
! 11108 7267 0 sims=362960 RUNNER
! 8320 12496 200 sims=362960 BLOCKER
> 1114 6918 90 -220 -16 2
> 13470 3924 356 89 121 3
> 12922 2907 616 -98 24 3
> 1912 7150 -164 -133 -122 1
! 87236 69820 0
! -22280 -89879 0
> 1018 6638 -107 -246 2 2
> 13723 4184 215 221 121 3
> 13538 2809 523 -83 42 0
> 1934 7077 44 -53 -104 1
! 10415 10058 200 sims=380544 RUNNER
! 6176 10745 0 sims=380544 BLOCKER
> 1018 6638 -107 -246 2 2
> 13723 4184 215 221 121 3
> 13538 2809 523 -83 42 0
> 1934 7077 44 -53 -104 1
! 63538 89411 0
! -22258 -89952 0
> 1099 6460 68 -150 20 2
> 13938 4405 182 187 139 3
> 14061 2726 444 -70 60 0
> 1978 7024 37 -45 -104 1
! 8979 12617 200 sims=375896 RUNNER
! 8788 12977 0 sims=375896 BLOCKER
> 1099 6460 68 -150 20 2
> 13938 4405 182 187 139 3
> 14061 2726 444 -70 60 0
> 1978 7024 37 -45 -104 1
! 34852 100540 200
! -22214 -90005 0
> 1325 6433 191 -22 38 2
> 14120 4592 154 158 121 3
> 14547 2852 412 106 78 0
> 2015 6979 31 -38 -104 1
! 6917 14723 200 sims=363984 RUNNER
! 8970 13164 200 sims=363984 BLOCKER
> 1325 6433 191 -22 38 2
> 14120 4592 154 158 121 3
> 14547 2852 412 106 78 0
> 2015 6979 31 -38 -104 1
! 4094 102304 0
! -22177 -90050 0
> 1436 6423 41 -51 56 2
> 14171 4921 43 280 121 3
> 14959 2958 350 90 96 0
> 2238 7095 242 141 -104 1
! 9316 12580 200 sims=365960 RUNNER
! 6624 11482 0 sims=365960 BLOCKER
> 1436 6423 41 -51 56 2
> 14171 4921 43 280 121 3
> 14959 2958 350 90 96 0
> 2238 7095 242 141 -104 1
! -25714 94312 200
! -50754 -77709 0
> 1635 6495 168 61 38 2
> 14214 5201 36 238 139 3
> 15228 3231 228 231 114 0
> 2480 7236 205 119 -122 1
! 9515 12652 200 sims=359872 RUNNER
! 5009 9108 0 sims=359872 BLOCKER
> 1635 6495 168 61 38 2
> 14214 5201 36 238 139 3
> 15228 3231 228 231 114 0
> 2480 7236 205 119 -122 1
! -51685 77545 200
! -50512 -77568 200
> 1960 6679 63 -17 38 2
> 14250 5439 30 202 157 3
> 15322 3611 80 322 132 0
> 2580 7186 297 131 -122 1
! 11357 10099 200 sims=357288 RUNNER
! 4288 6311 0 sims=357288 BLOCKER
> 1960 6679 63 -17 38 2
> 14250 5439 30 202 157 3
> 15322 3611 80 322 132 0
> 2580 7186 297 131 -122 1
! -51591 77925 200
! -74024 -57092 200
> 2075 6619 96 -51 20 2
> 14280 5641 25 171 175 3
> 15268 4082 -45 400 132 0
> 2860 7300 238 97 -140 1
! 9955 12776 200 sims=350264 RUNNER
! 4536 3391 0 sims=350264 BLOCKER
> 2075 6619 96 -51 20 2
> 14280 5641 25 171 175 3
> 15268 4082 -45 400 132 0
> 2860 7300 238 97 -140 1
! -25405 95436 0
! -50131 -77504 200
> 2329 6691 215 61 38 2
> 14305 5812 21 145 193 3
> 15223 4482 -38 340 114 0
> 2992 7227 112 -61 -122 1
! 11726 10111 0 sims=336000 RUNNER
! 5733 662 0 sims=336000 BLOCKER
> 2329 6691 215 61 38 2
> 14305 5812 21 145 193 3
> 15223 4482 -38 340 114 0
> 2992 7227 112 -61 -122 1
! 4770 103934 200
! -73612 -57051 200
> 2306 6562 -54 -137 20 2
> 14326 5957 17 123 -149 3
> 15164 5021 -50 458 96 0
> 3188 7227 201 27 -140 1
! 10186 12719 200 sims=340864 RUNNER
! 7765 -1590 0 sims=340864 BLOCKER
> 2306 6562 -54 -137 20 2
> 14326 5957 17 123 -149 3
> 15164 5021 -50 458 96 0
> 3188 7227 201 27 -140 1
! -25509 96375 0
! -49803 -77577 0
> 2410 6548 88 -11 38 2
> 14343 6080 14 104 -131 3
> 15114 5479 -42 389 114 0
> 3389 7254 170 22 -122 1
! 10290 12705 200 sims=347176 RUNNER
! 7782 -1467 SHIELD sims=347176 BLOCKER
> 2410 6548 88 -11 38 2
> 14343 6080 14 104 -131 3
> 15114 5479 -42 389 114 0
> 3389 7254 170 22 -122 1
! -51799 79793 0
! -73215 -57024 200
> 2656 6660 208 95 38 2
> 14354 6185 -12 100 -131 3
> 15103 5853 206 214 132 0
> 3406 7147 14 -90 -140 1
! 10536 12817 SHIELD sims=354000 RUNNER
! 5782 1035 0 sims=354000 BLOCKER
> 2656 6660 208 95 38 2
> 14354 6185 -12 100 -131 3
> 15103 5853 206 214 132 0
> 3406 7147 14 -90 -140 1
! -71499 55853 200
! -89312 -30313 200
> 2808 6719 117 42 38 2
> 14342 6285 -10 85 -149 3
> 15136 6167 27 266 150 0
> 3793 7342 451 245 -158 1
! 10688 12876 0 sims=363416 RUNNER
! 4598 4035 0 sims=363416 BLOCKER
> 2808 6719 117 42 38 2
> 14342 6285 -10 85 -149 3
> 15136 6167 27 266 150 0
> 3793 7342 451 245 -158 1
! -82678 26958 200
! -72811 -56936 200
> 2925 6761 99 35 38 2
> 14123 6400 -188 98 -167 3
> 15177 6444 37 235 168 0
> 4091 7458 253 98 -140 1
! 12322 10181 0 sims=358192 RUNNER
! 4379 4150 0 sims=358192 BLOCKER
> 2925 6761 99 35 38 2
> 14123 6400 -188 98 -167 3
> 15177 6444 37 235 168 0
> 4091 7458 253 98 -140 1
! -84275 -4008 200
! -88627 -30002 200
> 3024 6796 84 29 20 2
> 13935 6498 -159 83 -167 3
> 15015 6658 -137 181 -174 0
> 4159 7481 57 19 -158 1
! 10904 12953 0 sims=352744 RUNNER
! 5363 1348 0 sims=352744 BLOCKER
> 3024 6796 84 29 20 2
> 13935 6498 -159 83 -167 3
> 15015 6658 -137 181 -174 0
> 4159 7481 57 19 -158 1
! -84437 -3794 200
! -72445 -56797 200
> 3108 6825 71 24 38 2
> 13776 6581 -135 70 -149 3
> 14679 6818 -285 136 -174 0
> 4063 7371 -81 -93 -140 1
! 12505 10245 200 sims=347848 RUNNER
! 4032 4331 0 sims=347848 BLOCKER
> 3108 6825 71 24 38 2
> 13776 6581 -135 70 -149 3
> 14679 6818 -285 136 -174 0
> 4063 7371 -81 -93 -140 1
! -84773 -3634 200
! -88655 -30089 200
> 3123 6771 -205 -177 20 2
> 13466 6592 -369 -26 -167 3
> 14370 6992 -156 183 -174 0
> 4040 7350 199 113 -158 1
! 11003 12928 200 sims=378816 RUNNER
! 4894 1442 200 sims=378816 BLOCKER
> 3123 6771 -205 -177 20 2
> 13466 6592 -369 -26 -167 3
> 14370 6992 -156 183 -174 0
> 4040 7350 199 113 -158 1
! -85082 -3460 200
! -72564 -56928 200
> 3076 6717 -40 -45 38 2
> 12926 6463 -459 -109 -149 3
> 14015 7154 -301 137 -174 0
> 4086 7334 38 -13 -140 1
! 12473 10137 200 sims=369552 RUNNER
! 4354 1313 200 sims=369552 BLOCKER
> 3076 6717 -40 -45 38 2
> 12926 6463 -459 -109 -149 3
> 14015 7154 -301 137 -174 0
> 4086 7334 38 -13 -140 1
! -77339 -33519 200
! -88632 -30126 200
