@ 0 YurkovAS
@ 1 reCurse
CP 4
CP 10059 5950
CP 13920 1923
CP 8011 3267
CP 2694 7020
> 9698 5604 0 0 -1 1
> 10420 6296 0 0 -1 1
> 8976 4912 0 0 -1 1
> 11142 6988 0 0 -1 1
! 17469 -689 BOOST sims=271320 RUNNER
! 16981 -1251 BOOST sims=271320 BLOCKER
> 9698 5604 0 0 -1 1
> 10420 6296 0 0 -1 1
> 8976 4912 0 0 -1 1
> 11142 6988 0 0 -1 1
! 94552 -46824 200
! 83971 -61538 0
> 10203 5195 429 -347 -39 1
> 10846 5805 362 -416 -49 1
> 9147 4809 145 -87 -31 1
> 11142 6988 0 0 -43 1
! 19539 1611 200 sims=321279 RUNNER
! 14753 -3400 0 sims=321279 BLOCKER
> 10203 5195 429 -347 -39 1
> 10846 5805 362 -416 -49 1
> 9147 4809 145 -87 -31 1
> 11142 6988 0 0 -43 1
! 106583 -17686 200
! 59622 -80474 0
> 10754 4700 413 -486 -21 1
> 11273 5466 417 -223 -67 1
> 9487 4676 288 -112 -13 1
> 11142 6988 0 0 -61 1
! 18525 -1593 200 sims=277711 RUNNER
! 17834 -2081 0 sims=277711 BLOCKER
> 10754 4700 413 -486 -21 1
> 11273 5466 417 -223 -67 1
> 9487 4676 288 -112 -13 1
> 11142 6988 0 0 -61 1
! 106923 -17819 200
! 59622 -80474 200
> 11322 4088 483 -520 -39 1
> 11690 5243 354 -189 -49 1
> 9970 4519 410 -133 -13 1
> 11239 6813 82 -148 -61 1
! 20658 504 0 sims=327110 RUNNER
! 15597 -3962 0 sims=327110 BLOCKER
> 11322 4088 483 -520 -39 1
> 11690 5243 354 -189 -49 1
> 9970 4519 410 -133 -13 1
> 11239 6813 82 -148 -61 1
! 95686 -46984 200
! 30319 -91349 200
> 11805 3568 410 -442 -21 1
> 12044 5054 300 -160 -67 1
> 10551 4283 494 -200 -31 1
> 11359 6469 102 -292 -79 1
! 19576 -2725 0 sims=318731 RUNNER
! 12916 -4908 200 sims=318731 BLOCKER
> 11805 3568 410 -442 -21 1
> 12044 5054 300 -160 -67 1
> 10551 4283 494 -200 -31 1
> 11359 6469 102 -292 -79 1
! 76156 -71188 200
! 59839 -80993 0
> 12215 3126 348 -375 -39 1
> 12361 4695 269 -305 -85 1
> 11176 3932 531 -298 -49 1
> 11461 6177 86 -248 -61 1
! 21551 -458 0 sims=312984 RUNNER
! 10111 -5049 200 sims=312984 BLOCKER
> 12215 3126 348 -375 -39 1
> 12361 4695 269 -305 -85 1
> 11176 3932 531 -298 -49 1
> 11461 6177 86 -248 -61 1
! 76781 -71539 200
! 84596 -62022 200
> 12563 2751 295 -318 -21 1
> 12585 4195 190 -424 -103 1
> 11838 3483 562 -381 -49 1
> 11693 5793 197 -326 -43 1
! 20334 -3542 0 sims=306915 RUNNER
! 10335 -5549 200 sims=306915 BLOCKER
> 12563 2751 295 -318 -21 1
> 12585 4195 190 -424 -103 1
> 11838 3483 562 -381 -49 1
> 11693 5793 197 -326 -43 1
! 97554 -48020 SHIELD
! 84828 -62406 0
> 12858 2433 250 -270 -39 1
> 13007 3882 597 -3 -103 1
> 12372 3071 430 -376 -31 1
> 11890 5467 167 -277 -43 1
! 20629 -3860 SHIELD sims=328083 RUNNER
! 7857 -4690 200 sims=328083 BLOCKER
> 12858 2433 250 -270 -39 1
> 13007 3882 597 -3 -103 1
> 12372 3071 430 -376 -31 1
> 11890 5467 167 -277 -43 1
! 77977 -72400 0
! 60370 -81995 200
> 13129 2135 230 -253 -39 1
> 13501 3708 419 -148 -121 1
> 12592 2972 184 -81 -49 1
> 12154 5015 224 -384 -61 1
! 18575 -6252 0 sims=229159 RUNNER
! 5954 -2853 200 sims=229159 BLOCKER
> 13129 2135 230 -253 -39 1
> 13501 3708 419 -148 -121 1
> 12592 2972 184 -81 -49 1
> 12154 5015 224 -384 -61 1
! 98308 -48531 0
! 85289 -63184 200
> 13359 1882 195 -215 -57 2
> 13769 3429 227 -237 -139 1
> 12776 2891 156 -68 -31 1
> 12524 4495 314 -442 -43 1
! 15947 -7777 0 sims=251349 RUNNER
! 8619 -5143 200 sims=251349 BLOCKER
> 13359 1882 195 -215 -57 2
> 13769 3429 227 -237 -139 1
> 12776 2891 156 -68 -31 1
> 12524 4495 314 -442 -43 1
! 110212 -19604 0
! 85659 -63704 200
> 13554 1667 165 -182 -75 2
> 13893 3021 105 -347 -121 1
> 12932 2823 132 -57 -13 1
> 12984 3917 391 -491 -43 1
! 13031 -8319 0 sims=260582 RUNNER
! 6346 -3540 200 sims=260582 BLOCKER
> 13554 1667 165 -182 -75 2
> 13893 3021 105 -347 -121 1
> 12932 2823 132 -57 -13 1
> 12984 3917 391 -491 -43 1
! 112551 11538 200
! 61464 -83545 0
> 13719 1485 140 -154 -93 2
> 14066 2546 286 -402 -139 1
> 13021 2692 -113 -299 5 1
> 13398 3514 401 -155 -61 1
! 10135 -7851 0 sims=211645 RUNNER
! 4861 -1361 200 sims=211645 BLOCKER
> 13719 1485 140 -154 -93 2
> 14066 2546 286 -402 -139 1
> 13021 2692 -113 -299 5 1
> 13398 3514 401 -155 -61 1
! 110458 -19803 200
! 32478 -94648 0
> 13858 1328 15 -378 -111 2
> 14169 2068 190 -160 -157 2
> 13103 2348 69 -292 -13 1
> 13799 3359 340 -131 -79 1
! 7565 -6443 0 sims=300174 RUNNER
! 4207 1196 0 sims=300174 BLOCKER
> 13858 1328 15 -378 -111 2
> 14169 2068 190 -160 -157 2
> 13103 2348 69 -292 -13 1
> 13799 3359 340 -131 -79 1
! 98819 -49155 200
! 1611 -95895 200
> 13873 950 12 -321 -129 2
> 14359 1908 161 -136 -175 2
> 13343 1953 204 -335 -31 2
> 14115 3029 268 -280 -97 1
! 5486 -4496 200 sims=278866 RUNNER
! 4615 4158 200 sims=278866 BLOCKER
> 13873 950 12 -321 -129 2
> 14359 1908 161 -136 -175 2
> 13343 1953 204 -335 -31 2
> 14115 3029 268 -280 -97 1
! 110779 -20542 200
! -28146 -87601 200
> 13717 520 -132 -365 -147 2
> 14524 1800 377 -336 -193 2
> 13553 1548 8 -366 -13 2
> 14288 2610 80 -89 -115 1
! 4058 -2068 200 sims=295673 RUNNER
! 5952 6950 200 sims=295673 BLOCKER
> 13717 520 -132 -365 -147 2
> 14524 1800 377 -336 -193 2
> 13553 1548 8 -366 -13 2
> 14288 2610 80 -89 -115 1
