@ 0 reCurse
@ 1 YurkovAS
CP 6
CP 14573 7707
CP 10564 5033
CP 13125 2312
CP 4567 2200
CP 7331 4967
CP 3314 7257
> 14296 8123 0 0 -1 1
> 14850 7291 0 0 -1 1
> 13741 8955 0 0 -1 1
> 15405 6459 0 0 -1 1
! -78666 -28728 200
! -54889 -64377 200
> 14296 8123 0 0 -1 1
> 14850 7291 0 0 -1 1
> 13741 8955 0 0 -1 1
> 15405 6459 0 0 -1 1
! 5549 3219 BOOST sims=306000 RUNNER
! 5407 6284 BOOST sims=306000 BLOCKER
> 14110 8049 -158 -62 -158 1
> 14670 7265 -199 112 -134 1
> 13209 8582 -452 -316 -145 1
> 14796 6331 -471 -243 -179 1
! -62494 -56229 200
! -29167 -82614 200
> 14110 8049 -158 -62 -158 1
> 14670 7265 -199 112 -134 1
> 13209 8582 -452 -316 -145 1
> 14796 6331 -471 -243 -179 1
! 7191 596 200 sims=378096 RUNNER
! 5233 9255 0 sims=378096 BLOCKER
> 13798 7859 -265 -161 -140 1
> 14383 7198 -244 -57 -116 1
> 12637 8106 -486 -404 -127 1
> 14325 6088 -400 -206 -197 1
! -39193 -76945 200
! -55082 -64735 200
> 13798 7859 -265 -161 -140 1
> 14383 7198 -244 -57 -116 1
> 12637 8106 -486 -404 -127 1
> 14325 6088 -400 -206 -197 1
! 9381 -1349 200 sims=354328 RUNNER
! 6133 11824 200 sims=354328 BLOCKER
> 13404 7550 -419 -180 -122 1
> 14022 6976 -222 -270 -134 1
> 12086 7513 -468 -504 -109 1
> 13761 5997 -479 -77 -215 1
! -10788 -89479 200
! -29815 -82903 200
> 13404 7550 -419 -180 -122 1
> 14022 6976 -222 -270 -134 1
> 12086 7513 -468 -504 -109 1
> 13761 5997 -479 -77 -215 1
! 11911 -2485 0 sims=326704 RUNNER
! 7743 13983 200 sims=326704 BLOCKER
> 12935 7176 -398 -317 -104 1
> 13781 6636 -129 -168 -116 1
> 11618 7009 -397 -428 -91 1
> 13093 5970 -643 -143 -233 1
! -11257 -89853 200
! -55684 -65297 200
> 12935 7176 -398 -317 -104 1
> 13781 6636 -129 -168 -116 1
> 11618 7009 -397 -428 -91 1
> 13093 5970 -643 -143 -233 1
! 14542 -2554 200 sims=331488 RUNNER
! 9837 15425 0 sims=331488 BLOCKER
> 12489 6665 -379 -434 -104 1
> 13513 6324 -227 -265 -134 1
> 11279 6390 -287 -526 -73 1
> 12450 5827 -546 -121 -251 1
! -40503 -78139 0
! -74781 -40623 0
> 12489 6665 -379 -434 -104 1
> 13513 6324 -227 -265 -134 1
> 11279 6390 -287 -526 -73 1
> 12450 5827 -546 -121 -251 1
! 17015 -1802 200 sims=406144 RUNNER
! 9194 15282 SHIELD sims=406144 BLOCKER
> 12146 6704 -287 92 -122 1
> 13286 6059 -192 -225 -152 1
> 11097 5701 -775 -548 -55 1
> 11901 5659 -404 -152 109 1
! -12046 -90325 200
! -56179 -65874 200
> 12146 6704 -287 92 -122 1
> 13286 6059 -192 -225 -152 1
> 11097 5701 -775 -548 -55 1
> 11901 5659 -404 -152 109 1
! 19083 -317 200 sims=378200 RUNNER
! 11726 15657 0 sims=378200 BLOCKER
> 11811 6602 -285 -86 -104 1
> 12955 5690 -281 -313 -134 1
> 10482 5033 -522 -568 -37 2
> 11497 5507 -343 -129 91 1
! 18786 -93154 200
! -56510 -66243 0
> 11811 6602 -285 -86 -104 1
> 12955 5690 -281 -313 -134 1
> 10482 5033 -522 -568 -37 2
> 11497 5507 -343 -129 91 1
! 19937 1777 200 sims=343056 RUNNER
! 14421 15070 0 sims=343056 BLOCKER
> 11540 6316 -230 -242 -86 1
> 12674 5377 -238 -266 -134 1
> 10149 4400 -282 -538 -19 2
> 11154 5378 -291 -109 73 1
! -12652 -90713 200
! -56791 -66556 200
> 11540 6316 -230 -242 -86 1
> 12674 5377 -238 -266 -134 1
> 10149 4400 -282 -538 -19 2
> 11154 5378 -291 -109 73 1
! 20147 4225 200 sims=314992 RUNNER
! 16890 13570 0 sims=314992 BLOCKER
> 11297 5942 -119 -165 -104 1
> 12297 4967 -320 -348 -134 1
> 10067 3858 -69 -460 -1 2
> 10827 5207 -364 -298 55 2
! -12895 -91087 200
! -31540 -84912 200
> 11297 5942 -119 -165 -104 1
> 12297 4967 -320 -348 -134 1
> 10067 3858 -69 -460 -1 2
> 10827 5207 -364 -298 55 2
! 19630 6782 200 sims=300216 RUNNER
! 18813 11225 200 sims=300216 BLOCKER
> 11177 5644 -48 -184 -104 1
> 11889 4439 -346 -448 -116 1
> 10189 3456 103 -341 17 2
> 10575 4968 -267 -271 37 2
! -13015 -91385 200
! -31948 -85440 200
> 11177 5644 -48 -184 -104 1
> 11889 4439 -346 -448 -116 1
> 10189 3456 103 -341 17 2
> 10575 4968 -267 -271 37 2
! 19752 6380 200 sims=324240 RUNNER
! 18561 10986 200 sims=324240 BLOCKER
> 11125 5303 40 -217 -104 1
> 11455 3811 -368 -533 -116 1
> 10483 3173 250 -240 17 2
> 10424 4780 -213 -232 37 2
! 18100 -94453 200
! -32382 -86068 SHIELD
> 11125 5303 40 -217 -104 1
> 11455 3811 -368 -533 -116 1
> 10483 3173 250 -240 17 2
> 10424 4780 -213 -232 37 2
! 20046 6097 SHIELD sims=389736 RUNNER
! 19879 8036 200 sims=389736 BLOCKER
> 11179 4886 45 -354 -86 2
> 11335 3464 142 -110 -116 1
> 10485 2747 -242 -546 17 2
> 10400 4613 -20 -141 19 2
! 48639 -87832 200
! -58130 -68469 0
> 11179 4886 45 -354 -86 2
> 11335 3464 142 -110 -116 1
> 10485 2747 -242 -546 17 2
> 10400 4613 -20 -141 19 2
! 20048 5671 0 sims=370056 RUNNER
! 18386 10631 0 sims=370056 BLOCKER
> 11299 4347 101 -458 -68 2
> 11477 3354 120 -93 -134 1
> 10243 2201 -205 -464 17 2
> 10380 4472 -17 -119 37 2
! 75577 -72257 200
! -57988 -68579 SHIELD
> 11299 4347 101 -458 -68 2
> 11477 3354 120 -93 -134 1
> 10243 2201 -205 -464 17 2
> 10380 4472 -17 -119 37 2
! 18435 7937 0 sims=310944 RUNNER
! 16116 12664 0 sims=310944 BLOCKER
> 11430 4310 57 286 -50 2
> 11607 3204 115 -159 -134 1
> 10038 1737 -174 -394 35 2
> 10363 4353 -14 -101 55 2
! 48890 -88408 200
! -32230 -86675 0
> 11430 4310 57 286 -50 2
> 11607 3204 115 -159 -134 1
> 10038 1737 -174 -394 35 2
> 10363 4353 -14 -101 55 2
! 19601 4661 0 sims=415512 RUNNER
! 13287 13916 0 sims=415512 BLOCKER
> 11562 4411 112 85 -68 2
> 11722 3045 97 -135 -116 1
> 9864 1343 -147 -334 17 2
> 10349 4252 -11 -85 73 2
! 49022 -88307 200
! -57743 -68888 200
> 11562 4411 112 85 -68 2
> 11722 3045 97 -135 -116 1
> 9864 1343 -147 -334 17 2
> 10349 4252 -11 -85 73 2
! 18056 7079 200 sims=410672 RUNNER
! 10174 14250 0 sims=410672 BLOCKER
> 11749 4311 158 -85 -68 2
> 11819 2910 82 -114 -134 1
> 9881 1124 14 -186 35 2
> 10338 4167 -9 -72 91 2
! 49209 -88407 200
! -76475 -44037 0
> 11749 4311 158 -85 -68 2
> 11819 2910 82 -114 -134 1
> 9881 1124 14 -186 35 2
> 10338 4167 -9 -72 91 2
! 19444 4048 200 sims=391832 RUNNER
! 7082 13622 0 sims=391832 BLOCKER
> 11982 4041 197 -229 -68 2
> 11901 2796 69 -96 -152 1
> 10086 996 174 -108 17 2
> 10329 4095 -7 -61 109 2
! 49442 -88677 200
! -57564 -69137 200
> 11982 4041 197 -229 -68 2
> 11901 2796 69 -96 -152 1
> 10086 996 174 -108 17 2
> 10329 4095 -7 -61 109 2
! 18278 6732 200 sims=389232 RUNNER
! 4311 12081 0 sims=389232 BLOCKER
> 12254 3627 231 -352 -68 2
> 11831 2556 -59 -203 -134 1
> 10424 1003 287 5 35 2
> 10322 4034 -5 -51 127 2
! 19229 -96129 200
! -32006 -87323 200
> 12254 3627 231 -352 -68 2
> 11831 2556 -59 -203 -134 1
> 10424 1003 287 5 35 2
> 10322 4034 -5 -51 127 2
! 16442 8989 200 sims=399488 RUNNER
! 2130 9770 200 sims=399488 BLOCKER
> 12499 3075 208 -468 -86 2
> 11684 2173 -124 -325 -116 1
> 10831 1168 346 140 53 2
> 10153 4098 -143 54 145 2
! -11693 -93954 0
! -32153 -87706 SHIELD
> 12499 3075 208 -468 -86 2
> 11684 2173 -124 -325 -116 1
> 10831 1168 346 140 53 2
> 10153 4098 -143 54 145 2
! 16849 9154 SHIELD sims=399904 RUNNER
! 590 7022 200 sims=399904 BLOCKER
> 12707 2607 176 -397 -104 3
> 11643 1958 229 167 -116 1
> 11094 1198 -41 -324 53 2
> 9819 4210 -284 95 163 2
! -40285 -82197 0
! -32194 -87921 0
> 12707 2607 176 -397 -104 3
> 11643 1958 229 167 -116 1
> 11094 1198 -41 -324 53 2
> 9819 4210 -284 95 163 2
! 17112 9184 0 sims=373744 RUNNER
! -179 4035 200 sims=373744 BLOCKER
> 12883 2210 149 -337 -122 3
> 11872 2125 194 141 -116 1
> 11053 874 -34 -275 53 2
> 9335 4302 -411 77 181 2
! -63721 -62068 0
! -2045 -96901 0
> 12883 2210 149 -337 -122 3
> 11872 2125 194 141 -116 1
> 11053 874 -34 -275 53 2
> 9335 4302 -411 77 181 2
! 19245 6610 0 sims=381056 RUNNER
! -120 1046 0 sims=381056 BLOCKER
> 13032 1873 126 -286 -140 3
> 12066 2266 164 119 -98 1
> 11019 599 -28 -233 35 2
> 8924 4379 -349 65 199 2
! -79686 -35587 0
! -31771 -87613 0
> 13032 1873 126 -286 -140 3
> 12066 2266 164 119 -98 1
> 11019 599 -28 -233 35 2
> 8924 4379 -349 65 199 2
! 17037 8585 0 sims=321384 RUNNER
! 938 -1639 200 sims=321384 BLOCKER
> 13158 1587 107 -243 -158 3
> 12230 2385 139 101 -116 1
> 10991 366 -23 -198 53 2
> 8415 4324 -432 -47 217 2
! -86598 -5388 200
! -31607 -87494 0
> 13158 1587 107 -243 -158 3
> 12230 2385 139 101 -116 1
> 10991 366 -23 -198 53 2
> 8415 4324 -432 -47 217 2
! 17009 8352 200 sims=362832 RUNNER
! 2679 -3868 0 sims=362832 BLOCKER
> 13065 1330 -78 -218 -176 3
> 12369 2486 118 85 -116 1
> 11088 328 82 -32 53 2
> 7983 4277 -367 -39 235 2
! -83964 25522 200
! -57096 -69447 0
> 13065 1330 -78 -218 -176 3
> 12369 2486 118 85 -116 1
> 11088 328 82 -32 53 2
> 7983 4277 -367 -39 235 2
! 17106 8314 200 sims=356904 RUNNER
! -3 -1741 0 sims=356904 BLOCKER
> 12793 1160 -231 -144 166 3
> 12487 2571 100 72 -134 1
> 11290 456 172 108 53 2
> 7616 4238 -311 -33 -143 2
! -86963 -5815 200
! -31350 -87308 0
> 12793 1160 -231 -144 166 3
> 12487 2571 100 72 -134 1
> 11290 456 172 108 53 2
> 7616 4238 -311 -33 -143 2
! 19482 6192 200 sims=362280 RUNNER
! 1880 -3954 0 sims=362280 BLOCKER
> 12362 1002 -365 -134 -176 3
> 12587 2643 85 61 -116 1
> 11626 679 285 189 35 2
> 7305 4205 -264 -28 -125 2
! -87394 -5973 SHIELD
! -31250 -87236 0
> 12362 1002 -365 -134 -176 3
> 12587 2643 85 61 -116 1
> 11626 679 285 189 35 2
> 7305 4205 -264 -28 -125 2
! 19818 6415 SHIELD sims=391912 RUNNER
! -681 -1813 0 sims=391912 BLOCKER
> 12658 1158 254 133 -176 3
> 12672 2704 72 51 -116 1
> 11250 578 -322 -86 35 2
> 7041 4177 -224 -23 -143 2
! -84371 25350 0
! -31165 -87175 0
> 12658 1158 254 133 -176 3
> 12672 2704 72 51 -116 1
> 11250 578 -322 -86 35 2
> 7041 4177 -224 -23 -143 2
! 20813 3502 0 sims=399192 RUNNER
! 1305 -4015 0 sims=399192 BLOCKER
> 12912 1291 215 113 166 3
> 12744 2755 61 43 -116 1
> 10928 492 -273 -73 17 2
> 6817 4154 -190 -19 -125 2
! -86844 -5684 0
! -31093 -87124 0
> 12912 1291 215 113 166 3
> 12744 2755 61 43 -116 1
> 10928 492 -273 -73 17 2
> 6817 4154 -190 -19 -125 2
! 20491 3416 0 sims=366864 RUNNER
! -1169 -1864 0 sims=366864 BLOCKER
> 13127 1404 182 96 -176 3
> 12805 2798 51 36 -116 1
> 10655 419 -232 -62 17 2
> 6627 4135 -161 -16 -143 2
! -83902 25596 0
! -56660 -69135 0
> 13127 1404 182 96 -176 3
> 12805 2798 51 36 -116 1
> 10655 419 -232 -62 17 2
> 6627 4135 -161 -16 -143 2
! 18847 6155 0 sims=370184 RUNNER
! 891 -4057 0 sims=370184 BLOCKER
> 13309 1500 154 81 166 3
> 12856 2834 43 30 -134 1
> 10423 357 -197 -52 35 2
> 6466 4119 -136 -13 -125 2
! -86447 -5475 200
! -30981 -87045 0
> 13309 1500 154 81 166 3
> 12856 2834 43 30 -134 1
> 10423 357 -197 -52 35 2
> 6466 4119 -136 -13 -125 2
! 19986 3281 200 sims=368560 RUNNER
! -1520 -1899 0 sims=368560 BLOCKER
> 13263 1567 -38 56 -176 3
> 12899 2864 36 25 -116 1
> 10417 363 -4 5 17 2
> 6330 4106 -115 -11 -143 2
! -79455 -35893 200
! -30938 -87015 0
> 13263 1567 -38 56 -176 3
> 12899 2864 36 25 -116 1
> 10417 363 -4 5 17 2
> 6330 4106 -115 -11 -143 2
! 18609 6099 0 sims=423352 RUNNER
! 594 -4086 0 sims=423352 BLOCKER
> 13040 1548 -189 -16 -158 3
> 12935 2889 30 21 -116 1
> 10413 368 -3 4 35 2
> 6215 4095 -97 -9 -125 2
! -86716 -5427 0
! -56530 -69044 0
> 13040 1548 -189 -16 -158 3
> 12935 2889 30 21 -116 1
> 10413 368 -3 4 35 2
> 6215 4095 -97 -9 -125 2
! 16431 8354 200 sims=430080 RUNNER
! -1771 -1923 0 sims=430080 BLOCKER
> 12851 1532 -160 -13 -176 3
> 12965 2910 25 17 -134 1
> 10530 532 99 139 53 2
> 6118 4086 -82 -7 -143 2
! -84178 25724 0
! -75329 -44037 0
> 12851 1532 -160 -13 -176 3
> 12965 2910 25 17 -134 1
> 10530 532 99 139 53 2
> 6118 4086 -82 -7 -143 2
! 16548 8518 200 sims=414464 RUNNER
! 382 -4106 0 sims=414464 BLOCKER
> 12691 1519 -136 -11 166 3
> 12990 2927 21 14 -152 1
> 10749 831 186 253 53 2
> 6036 4079 -69 -5 -125 2
! -84338 25711 200
! -75304 -44020 0
> 12691 1519 -136 -11 166 3
> 12990 2927 21 14 -152 1
> 10749 831 186 253 53 2
> 6036 4079 -69 -5 -125 2
! 18941 6567 200 sims=402168 RUNNER
! -1950 -1939 0 sims=402168 BLOCKER
> 12361 1556 -280 31 166 3
> 13011 2941 17 11 -152 1
> 11099 1199 297 312 35 2
> 5967 4074 -58 -4 -143 2
! -84668 25748 SHIELD
! -75283 -44006 0
> 12361 1556 -280 31 166 3
> 13011 2941 17 11 -152 1
> 11099 1199 297 312 35 2
> 5967 4074 -58 -4 -143 2
! 19291 6935 SHIELD sims=420968 RUNNER
! 231 -4118 0 sims=420968 BLOCKER
> 12191 1605 277 109 166 3
> 13028 2952 14 9 -152 1
> 11286 1493 -263 182 35 2
> 5909 4070 -49 -3 -125 2
! -84838 25797 0
! -75266 -43995 0
> 12191 1605 277 109 166 3
> 13028 2952 14 9 -152 1
> 11286 1493 -263 182 35 2
> 5909 4070 -49 -3 -125 2
! 20849 4417 0 sims=399480 RUNNER
! 2985 -5493 0 sims=399480 BLOCKER
> 12468 1714 235 92 166 3
> 13042 2961 11 7 -152 1
> 11023 1675 -223 154 17 2
> 5860 4067 -41 -2 -107 2
! -87288 -5261 0
! -75252 -43986 0
> 12468 1714 235 92 166 3
> 13042 2961 11 7 -152 1
> 11023 1675 -223 154 17 2
> 5860 4067 -41 -2 -107 2
! 21021 1500 0 sims=406528 RUNNER
! 124 -4125 0 sims=406528 BLOCKER
> 12703 1806 199 78 -176 3
> 13053 2968 9 5 -152 1
> 10800 1829 -189 130 -1 2
> 5819 4065 -34 -1 -125 2
! -87053 -5169 0
! -75241 -43979 0
> 12703 1806 199 78 -176 3
> 13053 2968 9 5 -152 1
> 10800 1829 -189 130 -1 2
> 5819 4065 -34 -1 -125 2
! 20255 -1427 0 sims=349200 RUNNER
! -2167 -1953 0 sims=349200 BLOCKER
> 12902 1884 169 66 -176 3
> 13062 2973 7 4 -152 1
> 10611 1959 -160 110 -19 2
> 5785 4064 -28 0 -143 2
! -86854 -5091 200
! -75232 -43974 0
> 12902 1884 169 66 -176 3
> 13062 2973 7 4 -152 1
> 10611 1959 -160 110 -19 2
> 5785 4064 -28 0 -143 2
! 20609 1784 200 sims=406296 RUNNER
! 49 -4128 0 sims=406296 BLOCKER
> 12871 1936 -25 44 -176 3
> 13069 2977 5 3 -152 1
> 10651 2065 33 90 -1 2
> 5757 4064 -23 0 -125 2
! -84158 26128 0
! -85411 -14387 0
> 12871 1936 -25 44 -176 3
> 13069 2977 5 3 -152 1
> 10651 2065 33 90 -1 2
> 5757 4064 -23 0 -125 2
! 20649 1890 200 sims=402784 RUNNER
! -2229 -1954 0 sims=402784 BLOCKER
> 12846 1980 -21 37 166 3
> 13074 2980 4 2 -170 1
> 10884 2151 198 73 -1 2
> 5734 4064 -19 0 -143 2
! -84183 26172 200
! -85406 -14384 0
> 12846 1980 -21 37 166 3
> 13074 2980 4 2 -170 1
> 10884 2151 198 73 -1 2
> 5734 4064 -19 0 -143 2
! 20339 -1105 200 sims=376088 RUNNER
! -2 -4128 0 sims=376088 BLOCKER
> 12631 2065 -182 72 166 3
> 13078 2982 3 1 -170 1
> 11271 2159 329 6 -19 2
> 5715 4064 -16 0 -125 2
! -87125 -4910 200
! -75216 -43965 0
> 12631 2065 -182 72 166 3
> 13078 2982 3 1 -170 1
> 11271 2159 329 6 -19 2
> 5715 4064 -16 0 -125 2
! 20726 -1097 200 sims=396792 RUNNER
! -2271 -1954 0 sims=396792 BLOCKER
> 12590 2114 442 29 -176 3
> 13081 2983 2 0 -152 1
> 11449 2109 -326 -30 -19 2
> 5699 4064 -13 0 -143 2
! -84439 26306 200
! -56384 -68950 SHIELD
> 12590 2114 442 29 -176 3
> 13081 2983 2 0 -152 1
> 11449 2109 -326 -30 -19 2
> 5699 4064 -13 0 -143 2
! 21447 1934 200 sims=400464 RUNNER
! -37 -4128 0 sims=400464 BLOCKER
> 12838 2191 210 65 166 3
> 13083 2983 1 0 -134 1
> 11323 2075 -107 -28 -1 2
> 5686 4064 -11 0 -125 2
! -84191 26383 200
! -56382 -68950 SHIELD
> 12838 2191 210 65 166 3
> 13083 2983 1 0 -134 1
> 11323 2075 -107 -28 -1 2
> 5686 4064 -11 0 -125 2
! 21321 1900 200 sims=393864 RUNNER
! -2300 -1954 0 sims=393864 BLOCKER
> 12804 2147 -43 -83 166 3
> 13089 2999 6 18 -134 1
> 11416 2043 79 -26 -1 2
> 5675 4064 -9 0 -143 2
! -84225 26339 200
! -30748 -86880 0
> 12804 2147 -43 -83 166 3
> 13089 2999 6 18 -134 1
> 11416 2043 79 -26 -1 2
> 5675 4064 -9 0 -143 2
! 21414 1868 200 sims=351960 RUNNER
! -61 -4128 0 sims=351960 BLOCKER
> 12567 2112 -201 -29 166 3
> 13095 3017 5 15 -116 1
> 11695 2013 237 -25 -1 2
> 5666 4064 -7 0 -125 2
! -84462 26304 SHIELD
! -56370 -68916 200
> 12567 2112 -201 -29 166 3
> 13095 3017 5 15 -116 1
> 11695 2013 237 -25 -1 2
> 5666 4064 -7 0 -125 2
! 21693 1838 SHIELD sims=392960 RUNNER
! -2320 -1954 0 sims=392960 BLOCKER
> 12721 2127 196 20 166 3
> 13100 3032 4 12 -134 1
> 11577 1944 -165 -66 -1 2
> 5659 4064 -5 0 -143 2
! -87035 -4848 0
! -56365 -68901 0
> 12721 2127 196 20 166 3
> 13100 3032 4 12 -134 1
> 11577 1944 -165 -66 -1 2
> 5659 4064 -5 0 -143 2
! 21140 4868 0 sims=395512 RUNNER
! -77 -4128 0 sims=395512 BLOCKER
> 12917 2147 166 17 -176 3
> 13104 3044 3 10 -134 1
> 11412 1878 -140 -56 17 2
> 5654 4064 -4 0 -125 2
! -84112 26339 200
! -30733 -86835 200
> 12917 2147 166 17 -176 3
> 13104 3044 3 10 -134 1
> 11412 1878 -140 -56 17 2
> 5654 4064 -4 0 -125 2
! 20975 4802 0 sims=401024 RUNNER
! -2332 -1954 0 sims=401024 BLOCKER
> 13076 2060 128 -173 166 3
> 13026 2978 -59 43 -116 1
> 11272 1822 -119 -47 17 2
> 5650 4064 -3 0 -143 2
! -71728 55051 200
! -56439 -68955 0
> 13076 2060 128 -173 166 3
> 13026 2978 -59 43 -116 1
> 11272 1822 -119 -47 17 2
> 5650 4064 -3 0 -143 2
! 21270 1647 0 sims=428728 RUNNER
! -86 -4128 0 sims=428728 BLOCKER
> 13204 1887 108 -147 148 3
> 12967 3021 -50 36 -134 1
> 11153 1775 -101 -39 -1 2
> 5647 4064 -2 0 -125 2
! -83825 26079 0
! -30870 -86858 0
> 13204 1887 108 -147 148 3
> 12967 3021 -50 36 -134 1
> 11153 1775 -101 -39 -1 2
> 5647 4064 -2 0 -125 2
! 21151 1600 200 sims=429816 RUNNER
! -2339 -1954 0 sims=429816 BLOCKER
> 13312 1740 91 -124 166 3
> 12917 3057 -42 30 -116 1
> 11252 1732 84 -36 -1 2
> 5645 4064 -1 0 -143 2
! -71492 54731 0
! -30920 -86822 200
> 13312 1740 91 -124 166 3
> 12917 3057 -42 30 -116 1
> 11252 1732 84 -36 -1 2
> 5645 4064 -1 0 -143 2
! 21250 1557 200 sims=420304 RUNNER
! -91 -4128 0 sims=420304 BLOCKER
> 13403 1616 77 -105 148 3
> 12787 2907 -110 -127 -116 1
> 11536 1692 241 -33 -1 2
> 5644 4064 0 0 -125 2
! -83626 25808 0
! -1130 -96119 200
> 13403 1616 77 -105 148 3
> 12787 2907 -110 -127 -116 1
> 11536 1692 241 -33 -1 2
> 5644 4064 0 0 -125 2
! 20991 -1564 200 sims=391456 RUNNER
! -2342 -1954 0 sims=391456 BLOCKER
> 13480 1511 65 -89 166 3
> 12649 2582 -117 -276 -98 1
> 11966 1594 365 -83 -19 2
> 5644 4064 0 0 -143 2
! -71324 54502 200
! 30013 -95898 200
> 13480 1511 65 -89 166 3
> 12649 2582 -117 -276 -98 1
> 11966 1594 365 -83 -19 2
> 5644 4064 0 0 -143 2
! 21964 1419 200 sims=344296 RUNNER
! -92 -4128 0 sims=344296 BLOCKER
> 13375 1528 -88 14 148 3
> 12646 2319 106 67 -80 1
> 12452 1297 303 -542 -1 2
> 5644 4064 0 0 -125 2
! -83654 25720 0
! 59593 -85975 SHIELD
> 13375 1528 -88 14 148 3
> 12646 2319 106 67 -80 1
> 12452 1297 303 -542 -1 2
> 5644 4064 0 0 -125 2
! 22015 4221 200 sims=345824 RUNNER
! -2342 -1954 0 sims=345824 BLOCKER
> 13381 1608 74 117 166 3
> 12752 2386 90 56 -62 1
> 12852 747 271 -516 17 2
> 5644 4064 0 0 -143 2
! -83648 25800 200
! 84685 -67079 0
> 13381 1608 74 117 166 3
> 12752 2386 90 56 -62 1
> 12852 747 271 -516 17 2
> 5644 4064 0 0 -143 2
! 21044 6483 0 sims=244584 RUNNER
! -92 -4128 0 sims=244584 BLOCKER
> 13267 1763 0 -18 166 3
> 12836 2452 -25 207 -44 1
> 13123 231 230 -438 35 2
> 5644 4064 0 0 -125 2
! -83762 25955 200
! 59783 -85842 0
> 13267 1763 0 -18 166 3
> 12836 2452 -25 207 -44 1
> 13123 231 230 -438 35 2
> 5644 4064 0 0 -125 2
! 19141 8217 0 sims=379080 RUNNER
! 2720 -5499 0 sims=379080 BLOCKER
> 13073 1793 -164 25 166 3
> 12811 2659 -21 175 -62 1
> 13353 -207 195 -372 53 2
> 5644 4064 0 0 -107 2
! -83956 25985 200
! 84744 -66806 0
> 13073 1793 -164 25 166 3
> 12811 2659 -21 175 -62 1
> 13353 -207 195 -372 53 2
> 5644 4064 0 0 -107 2
! 16609 9248 200 sims=440208 RUNNER
! -92 -4128 0 sims=440208 BLOCKER
> 12715 1866 -304 62 166 3
> 12790 2834 -17 148 -44 1
> 13613 -390 221 -155 71 2
> 5644 4064 0 0 -125 2
! -72089 54857 200
! 59737 -85460 200
> 12715 1866 -304 62 166 3
> 12790 2834 -17 148 -44 1
> 13613 -390 221 -155 71 2
> 5644 4064 0 0 -125 2
! 13788 9608 200 sims=443224 RUNNER
! -2342 -1954 0 sims=443224 BLOCKER
> 12241 2034 -402 142 148 3
> 12867 2805 65 -24 -62 1
> 13838 -345 190 38 89 2
> 5644 4064 0 0 -143 2
! -72563 55025 200
! 84800 -66660 200
> 12241 2034 -402 142 148 3
> 12867 2805 65 -24 -62 1
> 13838 -345 190 38 89 2
> 5644 4064 0 0 -143 2
! 10914 9218 0 sims=386656 RUNNER
! -92 -4128 0 sims=386656 BLOCKER
> 11669 2282 -485 210 148 3
> 13076 2642 177 -138 -44 1
> 14028 -307 161 32 107 2
> 5644 4064 0 0 -125 2
! -85360 26474 200
! 60023 -85652 0
> 11669 2282 -485 210 148 3
> 13076 2642 177 -138 -44 1
> 14028 -307 161 32 107 2
> 5644 4064 0 0 -125 2
! 8292 7885 200 sims=317712 RUNNER
! 2720 -5499 0 sims=317712 BLOCKER
> 10990 2540 -577 219 166 3
> 13253 2504 150 -117 -62 1
> 14074 -111 39 166 125 2
> 5644 4064 0 0 -107 2
! -88766 -4435 200
! 30617 -95976 200
> 10990 2540 -577 219 166 3
> 13253 2504 150 -117 -62 1
> 14074 -111 39 166 125 2
> 5644 4064 0 0 -107 2
! 6088 5907 200 sims=360536 RUNNER
! 5819 -5934 0 sims=360536 BLOCKER
> 10213 2745 -660 174 -176 3
> 13438 2190 157 -266 -80 1
> 13953 175 -102 243 143 2
> 5644 4064 0 0 -89 2
! -89543 -4230 200
! -479 -96836 200
> 10213 2745 -660 174 -176 3
> 13438 2190 157 -266 -80 1
> 13953 175 -102 243 143 2
> 5644 4064 0 0 -89 2
! 8217 8367 200 sims=364464 RUNNER
! 8900 -5391 0 sims=364464 BLOCKER
> 9353 2905 -730 136 -176 3
> 13567 1726 109 -394 -98 1
> 13736 582 -184 345 125 2
> 5644 4064 0 0 -71 2
! -83365 -34555 200
! -30270 -88153 SHIELD
> 9353 2905 -730 136 -176 3
> 13567 1726 109 -394 -98 1
> 13736 582 -184 345 125 2
> 5644 4064 0 0 -71 2
! 8000 8774 SHIELD sims=366472 RUNNER
! 11662 -3922 200 sims=366472 BLOCKER
> 8438 2966 -778 51 -158 3
> 13660 1732 66 302 -116 1
> 13568 527 -130 -343 125 2
> 5764 3904 102 -135 -53 2
! -91318 -4009 200
! -55805 -70201 0
> 8438 2966 -778 51 -158 3
> 13660 1732 66 302 -116 1
> 13568 527 -130 -343 125 2
> 5764 3904 102 -135 -53 2
! 10644 10090 0 sims=413184 RUNNER
! 11782 -4082 200 sims=413184 BLOCKER
> 7460 3003 -830 31 -176 3
> 13726 2034 56 256 -134 1
> 13438 184 -110 -291 107 2
> 5986 3609 189 -250 -53 2
! -92296 -3972 SHIELD
! -74568 -44913 200
> 7460 3003 -830 31 -176 3
> 13726 2034 56 256 -134 1
> 13438 184 -110 -291 107 2
> 5986 3609 189 -250 -53 2
! 13613 10182 0 sims=428256 RUNNER
! 12004 -4377 SHIELD sims=428256 BLOCKER
> 6843 2914 54 -400 -176 3
> 13782 2290 47 217 -152 1
> 13328 -107 -93 -247 89 2
> 5962 3479 -599 214 -53 2
! -90186 27106 200
! -55683 -69643 0
> 6843 2914 54 -400 -176 3
> 13782 2290 47 217 -152 1
> 13328 -107 -93 -247 89 2
> 5962 3479 -599 214 -53 2
! 13503 9891 0 sims=431664 RUNNER
! 14154 -2257 0 sims=431664 BLOCKER
> 6897 2514 45 -340 166 3
> 13829 2507 39 184 -134 1
> 13235 -354 -79 -209 89 2
> 5363 3693 -509 181 -35 2
! -90132 26706 0
! -30008 -87372 200
> 6897 2514 45 -340 166 3
> 13829 2507 39 184 -134 1
> 13235 -354 -79 -209 89 2
> 5363 3693 -509 181 -35 2
! 16491 9101 200 sims=383616 RUNNER
! 14926 769 0 sims=383616 BLOCKER
> 6942 2174 38 -289 166 3
> 13780 2511 -41 3 -116 1
> 13221 -374 -11 -16 71 2
> 4854 3874 -432 153 -17 2
! -77862 55165 0
! -137 -96515 200
> 6942 2174 38 -289 166 3
> 13780 2511 -41 3 -116 1
> 13221 -374 -11 -16 71 2
> 4854 3874 -432 153 -17 2
! 13396 9624 0 sims=406704 RUNNER
! 14852 4049 0 sims=406704 BLOCKER
> 6980 1885 32 -245 148 3
> 13711 2316 -58 -165 -98 1
> 13210 -390 -9 -13 89 2
> 4422 4027 -367 130 1 2
! -77824 54876 200
! -30126 -87563 0
> 6980 1885 32 -245 148 3
> 13711 2316 -58 -165 -98 1
> 13210 -390 -9 -13 89 2
> 4422 4027 -367 130 1 2
! 10286 9173 200 sims=411552 RUNNER
! 14420 4202 200 sims=411552 BLOCKER
> 6842 1746 -116 -118 148 3
> 13653 2151 -49 -140 -116 1
> 13143 -212 -57 151 107 2
> 4255 4161 -141 113 1 2
! -77962 54737 200
! -30184 -87728 200
> 6842 1746 -116 -118 148 3
> 13653 2151 -49 -140 -116 1
> 13143 -212 -57 151 107 2
> 4255 4161 -141 113 1 2
! 13318 9786 200 sims=402872 RUNNER
! 14253 4336 200 sims=402872 BLOCKER
> 6556 1734 -242 -10 148 3
> 13516 1831 -116 -271 -116 1
> 13090 139 -45 298 89 2
> 4314 4278 50 99 1 2
! -78248 54725 200
! -30321 -88048 200
> 6556 1734 -242 -10 148 3
> 13516 1831 -116 -271 -116 1
> 13090 139 -45 298 89 2
> 4314 4278 50 99 1 2
! 16346 9594 200 sims=394376 RUNNER
! 13877 1354 0 sims=394376 BLOCKER
> 6144 1830 -349 81 148 3
> 13317 1399 38 408 -116 1
> 13105 608 -194 -377 71 2
> 4364 4377 42 84 -17 2
! -90885 26022 200
! -30520 -88480 200
> 6144 1830 -349 81 148 3
> 13317 1399 38 408 -116 1
> 13105 608 -194 -377 71 2
> 4364 4377 42 84 -17 2
! 16361 10063 200 sims=406672 RUNNER
! 14362 4552 0 sims=406672 BLOCKER
> 5601 1959 -461 109 166 3
> 13267 1627 -42 194 -116 1
> 12976 420 -109 -159 71 2
> 4406 4461 35 71 1 2
! -79203 54950 0
! -650 -97399 200
> 5601 1959 -461 109 166 3
> 13267 1627 -42 194 -116 1
> 12976 420 -109 -159 71 2
> 4406 4461 35 71 1 2
! 16232 9875 200 sims=373432 RUNNER
! 13969 1537 0 sims=373432 BLOCKER
> 5140 2068 -391 92 148 4
> 13197 1623 -59 -3 -98 1
> 12932 450 -37 25 71 2
> 4441 4532 29 60 -17 2
! -59138 78672 0
! -720 -97403 200
> 5140 2068 -391 92 148 4
> 13197 1623 -59 -3 -98 1
> 12932 450 -37 25 71 2
> 4441 4532 29 60 -17 2
! 13107 10448 200 sims=377184 RUNNER
! 14439 4707 0 sims=377184 BLOCKER
> 4749 2160 -332 78 130 4
> 13117 1445 23 176 -98 1
> 12892 652 -125 -156 89 2
> 4470 4592 24 51 1 2
! -32711 94878 0
! -30720 -88434 200
> 4749 2160 -332 78 130 4
> 13117 1445 23 176 -98 1
> 12892 652 -125 -156 89 2
> 4470 4592 24 51 1 2
! 16148 10107 200 sims=390144 RUNNER
! 14033 1668 0 sims=390144 BLOCKER
> 4417 2238 -282 66 112 4
> 13065 1486 -22 109 -116 1
> 12819 640 -83 -84 71 2
> 4494 4643 20 43 -17 2
! -2558 101994 0
! -852 -97540 0
> 4417 2238 -282 66 112 4
> 13065 1486 -22 109 -116 1
> 12819 640 -83 -84 71 2
> 4494 4643 20 43 -17 2
! 16075 10095 200 sims=390224 RUNNER
! 14492 4818 0 sims=390224 BLOCKER
> 4135 2304 -239 56 94 4
> 13043 1595 -18 92 -98 1
> 12801 745 -15 89 71 2
> 4514 4686 17 36 1 2
! 28327 99333 200
! -30794 -88284 200
> 4135 2304 -239 56 94 4
> 13043 1595 -18 92 -98 1
> 12801 745 -15 89 71 2
> 4514 4686 17 36 1 2
! 16057 10200 200 sims=386704 RUNNER
! 14077 1762 0 sims=386704 BLOCKER
> 3944 2554 -162 212 76 4
> 13018 1807 -2 248 -116 1
> 12770 724 -44 -86 71 2
> 4531 4722 14 30 -17 2
! 56935 87358 200
! -899 -97219 200
> 3944 2554 -162 212 76 4
> 13018 1807 -2 248 -116 1
> 12770 724 -44 -86 71 2
> 4531 4722 14 30 -17 2
! 16026 10179 200 sims=396304 RUNNER
! 14529 4897 0 sims=396304 BLOCKER
> 3888 2936 -47 324 58 4
> 12988 1857 -25 42 -98 1
> 12791 827 17 87 71 2
> 4545 4752 11 25 1 2
! 80492 67214 200
! -929 -97169 200
> 3888 2936 -47 324 58 4
> 12988 1857 -25 42 -98 1
> 12791 827 17 87 71 2
> 4545 4752 11 25 1 2
! 16047 10282 200 sims=365672 RUNNER
! 14108 1828 0 sims=365672 BLOCKER
> 3994 3389 90 384 40 4
> 12966 1898 13 243 -98 1
> 12843 906 11 -141 71 2
> 4556 4777 9 21 -17 2
! 96712 40849 0
! -951 -97128 200
> 3994 3389 90 384 40 4
> 12966 1898 13 243 -98 1
> 12843 906 11 -141 71 2
> 4556 4777 9 21 -17 2
! 13018 10904 200 sims=347864 RUNNER
! 12748 -959 0 sims=347864 BLOCKER
> 4084 3773 76 326 22 4
> 12951 1943 -12 38 -98 1
> 12858 965 12 50 89 2
> 4565 4798 7 17 -35 2
! 103840 10748 200
! -966 -97083 200
> 4084 3773 76 326 22 4
> 12951 1943 -12 38 -98 1
> 12858 965 12 50 89 2
> 4565 4798 7 17 -35 2
! 13033 10963 200 sims=353440 RUNNER
! 10583 -3188 200 sims=353440 BLOCKER
> 4281 3968 33 -80 4 4
> 12931 2013 -3 213 -98 1
> 12854 985 -16 -137 89 2
> 4771 4800 309 248 -53 2
! 96999 41428 200
! -986 -97013 200
> 4281 3968 33 -80 4 4
> 12931 2013 -3 213 -98 1
> 12854 985 -16 -137 89 2
> 4771 4800 309 248 -53 2
! 13029 10983 200 sims=377192 RUNNER
! 8027 -4655 0 sims=377192 BLOCKER
> 4499 3963 185 -4 22 4
> 12900 2028 -26 12 -98 1
> 12842 1048 -10 53 89 2
> 5080 5048 262 210 -71 2
! 97217 41423 200
! -1017 -96998 200
> 4499 3963 185 -4 22 4
> 12900 2028 -26 12 -98 1
> 12842 1048 -10 53 89 2
> 5080 5048 262 210 -71 2
! 13017 11046 200 sims=349848 RUNNER
! 5255 -4950 200 sims=349848 BLOCKER
> 4869 4034 314 60 22 4
> 12859 2101 -27 216 -98 1
> 12823 1042 -23 -159 89 2
> 5346 5058 225 8 -89 2
! 81473 68312 200
! 30223 -96379 200
> 4869 4034 314 60 22 4
> 12859 2101 -27 216 -98 1
> 12823 1042 -23 -159 89 2
> 5346 5058 225 8 -89 2
! 12998 11040 200 sims=339472 RUNNER
! 5521 -4940 200 sims=339472 BLOCKER
> 5293 4117 256 -188 40 4
> 12867 2120 6 16 -80 1
> 12804 1083 -16 34 89 2
> 5617 4972 335 185 -89 2
! 58284 88921 200
! -1050 -96906 200
> 5293 4117 256 -188 40 4
> 12867 2120 6 16 -80 1
> 12804 1083 -16 34 89 2
> 5617 4972 335 185 -89 2
! 16060 10538 200 sims=334376 RUNNER
! 2693 -4591 200 sims=334376 BLOCKER
> 5655 4099 307 -15 58 4
> 12850 2106 -9 191 -98 1
> 12849 1138 32 -156 71 2
> 5894 4966 235 -5 -107 2
! 29847 101128 200
! 30214 -96374 200
> 5655 4099 307 -15 58 4
> 12850 2106 -9 191 -98 1
> 12849 1138 32 -156 71 2
> 5894 4966 235 -5 -107 2
! 13024 11136 200 sims=351904 RUNNER
! 6069 -5032 200 sims=351904 BLOCKER
> 5931 3987 212 -176 76 4
> 12876 2100 21 -5 -80 1
> 12885 1182 30 37 89 2
> 6212 5052 292 154 -89 2
! 58922 88791 200
! 30240 -96380 200
> 5931 3987 212 -176 76 4
> 12876 2100 21 -5 -80 1
> 12885 1182 30 37 89 2
> 6212 5052 292 154 -89 2
! 13060 11180 200 sims=339992 RUNNER
! 3288 -4511 200 sims=339992 BLOCKER
> 6249 3981 270 -5 58 4
> 12931 2219 45 201 -80 1
> 12920 1098 29 -171 89 2
> 6446 5015 198 -31 -107 2
! 30441 101010 200
! -986 -96807 200
> 6249 3981 270 -5 58 4
> 12931 2219 45 201 -80 1
> 12920 1098 29 -171 89 2
> 6446 5015 198 -31 -107 2
! 13095 11096 200 sims=362376 RUNNER
! 6621 -4983 200 sims=362376 BLOCKER
> 6538 3991 211 -202 76 4
> 12948 2222 14 2 -98 1
> 12953 1127 27 24 89 2
> 6677 4963 230 167 -89 2
! 30730 101020 200
! 30312 -96258 200
> 6538 3991 211 -202 76 4
> 12948 2222 14 2 -98 1
> 12953 1127 27 24 89 2
> 6677 4963 230 167 -89 2
! 13128 11125 200 sims=353544 RUNNER
! 3753 -4600 200 sims=353544 BLOCKER
> 6797 3983 220 -6 76 4
> 12998 2151 44 190 -80 1
> 12982 1227 22 -165 89 2
> 6849 4939 145 -20 -107 2
! -178 103739 200
! -919 -96875 200
> 6797 3983 220 -6 76 4
> 12998 2151 44 190 -80 1
> 12982 1227 22 -165 89 2
> 6849 4939 145 -20 -107 2
! 13157 11225 200 sims=356048 RUNNER
! 7024 -5059 200 sims=356048 BLOCKER
> 6993 3919 161 -188 94 4
> 13014 2143 13 -6 -98 1
> 13008 1262 21 29 89 2
> 7007 4977 139 165 -89 2
! 17 103675 200
! -903 -96883 200
> 6993 3919 161 -188 94 4
> 13014 2143 13 -6 -98 1
> 13008 1262 21 29 89 2
> 7007 4977 139 165 -89 2
! 13183 11260 200 sims=341424 RUNNER
! 7182 -5021 200 sims=341424 BLOCKER
> 7140 3931 124 9 94 4
> 12999 2291 -13 194 -98 1
> 13033 1139 21 -173 89 2
> 7150 4942 121 -29 -89 2
! 164 103687 200
! -918 -96735 200
> 7140 3931 124 9 94 4
> 12999 2291 -13 194 -98 1
> 13033 1139 21 -173 89 2
> 7150 4942 121 -29 -89 2
! 13208 11137 200 sims=355424 RUNNER
! 7325 -5056 200 sims=355424 BLOCKER
> 7245 3913 85 -194 94 4
> 12958 2287 -34 -3 -98 1
> 13058 1166 20 22 89 2
> 7279 4939 113 176 -89 2
! -30215 96631 200
! 30322 -96193 200
> 7245 3913 85 -194 94 4
> 12958 2287 -34 -3 -98 1
> 13058 1166 20 22 89 2
> 7279 4939 113 176 -89 2
! 10134 10729 200 sims=331856 RUNNER
! 4355 -4624 200 sims=331856 BLOCKER
> 7255 3904 8 -7 112 4
> 12951 2176 -29 181 -80 1
> 13027 1290 -2 -170 107 2
> 7334 4924 46 -12 -107 2
! 279 103660 200
! 30315 -96304 200
> 7255 3904 8 -7 112 4
> 12951 2176 -29 181 -80 1
> 13027 1290 -2 -170 107 2
> 7334 4924 46 -12 -107 2
! 13202 11288 200 sims=349760 RUNNER
! 4410 -4639 200 sims=349760 BLOCKER
> 7233 3926 -36 -170 94 4
> 12957 2160 4 -13 -80 1
> 13029 1320 1 25 89 2
> 7338 4892 20 161 -107 2
! 257 103682 200
! 30321 -96320 200
> 7233 3926 -36 -170 94 4
> 12957 2160 4 -13 -80 1
> 13029 1320 1 25 89 2
> 7338 4892 20 161 -107 2
! 13204 11318 200 sims=344376 RUNNER
! 4414 -4671 200 sims=344376 BLOCKER
> 7183 3956 -42 25 94 4
> 12962 2342 1 190 -80 1
> 13067 1153 35 -178 89 2
> 7300 4862 -32 -25 -107 2
! 31375 100985 200
! 30326 -96138 200
> 7183 3956 -42 25 94 4
> 12962 2342 1 190 -80 1
> 13067 1153 35 -178 89 2
> 7300 4862 -32 -25 -107 2
! 13242 11151 200 sims=357312 RUNNER
! 7475 -5136 200 sims=357312 BLOCKER
> 7145 3847 -45 -188 76 4
> 12998 2335 30 -5 -80 1
> 13106 1175 32 18 89 2
> 7316 4965 26 183 -89 2
! 31337 100876 200
! 30362 -96145 200
> 7145 3847 -45 -188 76 4
> 12998 2335 30 -5 -80 1
> 13106 1175 32 18 89 2
> 7316 4965 26 183 -89 2
! 13281 11173 200 sims=343216 RUNNER
! 4392 -4598 200 sims=343216 BLOCKER
> 7148 3853 2 5 76 4
> 13057 2188 18 184 -80 1
> 13147 1338 67 -170 89 2
> 7284 4957 -27 -7 -107 2
! 31340 100882 200
! 30421 -96292 200
> 7148 3853 2 5 76 4
> 13057 2188 18 184 -80 1
> 13147 1338 67 -170 89 2
> 7284 4957 -27 -7 -107 2
! 10223 10901 200 sims=309432 RUNNER
! 7459 -5041 200 sims=309432 BLOCKER
> 7188 3953 7 -178 76 4
> 13110 2175 44 -11 -80 1
> 13156 1359 7 18 107 2
> 7270 4849 14 171 -89 2
! 31380 100982 200
! 30474 -96305 200
> 7188 3953 7 -178 76 4
> 13110 2175 44 -11 -80 1
> 13156 1359 7 18 107 2
> 7270 4849 14 171 -89 2
! 13331 11357 200 sims=339720 RUNNER
! 7445 -5149 200 sims=339720 BLOCKER
> 7243 3969 47 13 76 4
> 13166 2378 47 187 -80 1
> 13189 1166 28 -178 89 2
> 7288 4820 14 -24 -89 2
! 31435 100998 200
! -751 -96648 200
> 7243 3969 47 13 76 4
> 13166 2378 47 187 -80 1
> 13189 1166 28 -178 89 2
> 7288 4820 14 -24 -89 2
! 10265 10729 200 sims=351160 RUNNER
! 7463 -5178 200 sims=351160 BLOCKER
> 7321 3795 64 -192 76 4
> 13185 2367 16 -9 -98 1
> 13159 1179 -25 11 107 2
> 7323 4978 31 178 -89 2
! 345 103551 200
! -732 -96659 200
> 7321 3795 64 -192 76 4
> 13185 2367 16 -9 -98 1
> 13159 1179 -25 11 107 2
> 7323 4978 31 178 -89 2
! 13334 11177 200 sims=359720 RUNNER
! 7498 -5020 200 sims=359720 BLOCKER
> 7371 3803 42 6 94 4
> 13174 2189 5 178 -98 1
> 13136 1361 -33 -174 89 2
> 7358 4956 29 -18 -89 2
! 395 103559 200
! -743 -96837 200
> 7371 3803 42 6 94 4
> 13174 2189 5 178 -98 1
> 13136 1361 -33 -174 89 2
> 7358 4956 29 -18 -89 2
! 13311 11359 200 sims=341184 RUNNER
! 7533 -5042 200 sims=341184 BLOCKER
> 7400 3938 28 -185 94 4
> 13154 2221 -13 104 -98 1
> 13104 1335 -31 -99 89 2
> 7390 4808 23 174 -89 2
! 424 103694 200
! -763 -96805 200
> 7400 3938 28 -185 94 4
> 13154 2221 -13 104 -98 1
> 13104 1335 -31 -99 89 2
> 7390 4808 23 174 -89 2
! 13279 11333 200 sims=361008 RUNNER
! 7565 -5190 200 sims=361008 BLOCKER
> 7414 3953 11 12 94 4
> 13120 2247 -24 104 -98 1
> 13070 1316 -33 -98 89 2
> 7417 4782 22 -22 -89 2
! 438 103709 200
! -797 -96779 200
> 7414 3953 11 12 94 4
> 13120 2247 -24 104 -98 1
> 13070 1316 -33 -98 89 2
> 7417 4782 22 -22 -89 2
! 13245 11314 200 sims=354304 RUNNER
! 7592 -5216 200 sims=354304 BLOCKER
> 7409 3760 -4 -188 94 4
> 13071 2224 -35 105 -98 1
> 13037 1346 -33 -98 89 2
> 7445 4964 23 179 -89 2
! -30051 96478 0
! 30435 -96256 200
> 7409 3760 -4 -188 94 4
> 13071 2224 -35 105 -98 1
> 13037 1346 -33 -98 89 2
> 7445 4964 23 179 -89 2
! 13212 11344 200 sims=363624 RUNNER
! 7620 -5034 200 sims=363624 BLOCKER
> 7405 3572 -3 -159 112 4
> 13078 2259 10 105 -80 1
> 13000 1321 -35 -96 89 2
> 7472 4943 22 -17 -89 2
! 429 103328 200
! -839 -96767 200
> 7405 3572 -3 -159 112 4
> 13078 2259 10 105 -80 1
> 13000 1321 -35 -96 89 2
> 7472 4943 22 -17 -89 2
! 13175 11319 200 sims=375888 RUNNER
! 4548 -4620 200 sims=375888 BLOCKER
> 7388 3613 -14 34 94 4
> 13067 2225 5 104 -98 1
> 12962 1366 -47 -95 89 2
> 7436 4735 -30 -177 -107 2
! 31580 100642 200
! -850 -96801 200
> 7388 3613 -14 34 94 4
> 13067 2225 5 104 -98 1
> 12962 1366 -47 -95 89 2
> 7436 4735 -30 -177 -107 2
! 16218 10821 200 sims=369704 RUNNER
! 7611 -5263 200 sims=369704 BLOCKER
