@ 0 reCurse
@ 1 YurkovAS
CP 4
CP 4109 7394
CP 13482 2316
CP 12957 7242
CP 5664 2579
> 3871 6954 0 0 -1 1
> 4347 7834 0 0 -1 1
> 3394 6075 0 0 -1 1
> 4824 8713 0 0 -1 1
! 76094 -62210 200
! 101731 -14889 200
> 3871 6954 0 0 -1 1
> 4347 7834 0 0 -1 1
> 3394 6075 0 0 -1 1
> 4824 8713 0 0 -1 1
! 11484 197 BOOST sims=309640 RUNNER
! 13114 3121 BOOST sims=309640 BLOCKER
> 4015 6816 122 -117 -44 1
> 4542 7789 165 -38 -13 1
> 3920 5693 446 -324 -36 1
> 5363 8350 458 -308 -34 1
! 93894 -37021 200
! 90258 -43714 200
> 4015 6816 122 -117 -44 1
> 4542 7789 165 -38 -13 1
> 3920 5693 446 -324 -36 1
> 5363 8350 458 -308 -34 1
! 13431 2603 200 sims=403944 RUNNER
! 13653 2758 200 sims=403944 BLOCKER
> 4317 6611 256 -173 -26 1
> 4878 7648 285 -119 -31 1
> 4556 5307 540 -327 -18 1
> 5987 7930 530 -356 -34 1
! 76250 -62854 200
! 90594 -43855 200
> 4317 6611 256 -173 -26 1
> 4878 7648 285 -119 -31 1
> 4556 5307 540 -327 -18 1
> 5987 7930 530 -356 -34 1
! 14556 5307 200 sims=409896 RUNNER
! 14277 2338 200 sims=409896 BLOCKER
> 4717 6299 339 -265 -44 1
> 5334 7426 387 -188 -31 1
> 5296 4980 628 -277 0 1
> 6683 7462 591 -397 -34 1
! 94596 -37538 200
! 91050 -44077 200
> 4717 6299 339 -265 -44 1
> 5334 7426 387 -188 -31 1
> 5296 4980 628 -277 0 1
> 6683 7462 591 -397 -34 1
! 14807 1890 200 sims=409064 RUNNER
! 14973 1870 200 sims=409064 BLOCKER
> 5236 5946 440 -299 -26 1
> 5892 7135 474 -247 -31 1
> 6114 4641 695 -287 -18 1
> 7440 6953 643 -432 -34 1
! 95115 -37891 200
! 91608 -44368 200
> 5236 5946 440 -299 -26 1
> 5892 7135 474 -247 -31 1
> 6114 4641 695 -287 -18 1
> 7440 6953 643 -432 -34 1
! 15625 1551 200 sims=400400 RUNNER
! 13597 -927 200 sims=400400 BLOCKER
> 5856 5559 526 -328 -26 1
> 6537 6785 548 -297 -31 1
> 6999 4292 752 -296 -18 1
> 8206 6363 651 -501 -52 1
! 95735 -38278 200
! 92253 -44718 200
> 5856 5559 526 -328 -26 1
> 6537 6785 548 -297 -31 1
> 6999 4292 752 -296 -18 1
> 8206 6363 651 -501 -52 1
! 16999 4292 0 sims=361904 RUNNER
! 11626 -3034 0 sims=361904 BLOCKER
> 6562 5143 599 -353 -26 1
> 7256 6385 611 -340 -31 1
> 7751 3996 639 -251 0 1
> 8857 5862 553 -425 -70 1
! 105588 -8774 200
! 92972 -45118 200
> 6562 5143 599 -353 -26 1
> 7256 6385 611 -340 -31 1
> 7751 3996 639 -251 0 1
> 8857 5862 553 -425 -70 1
! 17262 906 200 sims=351528 RUNNER
! 9206 -4132 0 sims=351528 BLOCKER
> 7359 4762 677 -323 -8 1
> 8038 5942 665 -376 -31 1
> 8580 3683 704 -265 -18 1
> 9410 5437 470 -361 -88 1
! 106385 -9155 200
! 93754 -45561 200
> 7359 4762 677 -323 -8 1
> 8038 5942 665 -376 -31 1
> 8580 3683 704 -265 -18 1
> 9410 5437 470 -361 -88 1
! 18580 3683 200 sims=332504 RUNNER
! 6654 -4176 0 sims=332504 BLOCKER
> 8234 4411 743 -298 -8 1
> 8874 5463 710 -407 -31 1
> 9484 3418 768 -225 0 1
> 9880 5076 399 -306 -106 1
! 107260 -9506 200
! 74479 -70008 0
> 8234 4411 743 -298 -8 1
> 8874 5463 710 -407 -31 1
> 9484 3418 768 -225 0 1
> 9880 5076 399 -306 -106 1
! 18995 328 0 sims=307920 RUNNER
! 4288 -3214 0 sims=307920 BLOCKER
> 9175 4085 799 -276 -8 1
> 9539 5074 346 -241 -49 1
> 10252 3193 652 -191 -18 1
> 10324 4752 596 -364 -124 1
! 107655 21449 200
! 95255 -46429 200
> 9175 4085 799 -276 -8 1
> 9539 5074 346 -241 -49 1
> 10252 3193 652 -191 -18 1
> 10324 4752 596 -364 -124 1
! 20252 3193 0 sims=273680 RUNNER
! 2444 -1405 200 sims=273680 BLOCKER
> 10110 3802 426 -492 10 1
> 10056 4730 439 -292 -31 1
> 10904 3002 554 -162 0 1
> 10824 4307 792 -126 -142 1
! 98404 50749 200
! 95772 -46773 200
> 10110 3802 426 -492 10 1
> 10056 4730 439 -292 -31 1
> 10904 3002 554 -162 0 1
> 10824 4307 792 -126 -142 1
! 20904 3002 200 sims=274872 RUNNER
! 2944 -1850 200 sims=274872 BLOCKER
> 10713 3404 512 -338 28 1
> 10666 4335 518 -335 -31 1
> 11658 2840 640 -137 0 1
> 11458 4058 539 -211 -142 1
! 99007 50351 200
! 108102 -18160 200
> 10713 3404 512 -338 28 1
> 10666 4335 518 -335 -31 1
> 11658 2840 640 -137 0 1
> 11458 4058 539 -211 -142 1
! 21169 5930 0 sims=252144 RUNNER
! 3578 -2099 200 sims=252144 BLOCKER
> 11402 3160 585 -207 28 1
> 11108 4053 344 -228 -13 1
> 12298 2703 544 -116 18 1
> 12111 3626 585 -378 -142 1
! 99696 50107 200
! 110727 12768 200
> 11402 3160 585 -207 28 1
> 11108 4053 344 -228 -13 1
> 12298 2703 544 -116 18 1
> 12111 3626 585 -378 -142 1
! 20388 8581 200 sims=300736 RUNNER
! 2714 206 200 sims=300736 BLOCKER
> 11795 2810 299 -320 28 1
> 11651 3842 461 -178 5 1
> 13021 2622 638 -182 36 2
> 12859 3499 646 28 -160 1
! 81260 74743 200
! 103701 42915 200
> 11795 2810 299 -320 28 1
> 11651 3842 461 -178 5 1
> 13021 2622 638 -182 36 2
> 12859 3499 646 28 -160 1
! 18899 10712 0 sims=321512 RUNNER
! 2865 3150 200 sims=321512 BLOCKER
> 12233 2634 372 -149 46 1
> 12296 3742 548 -84 23 1
> 13659 2440 542 -154 54 2
> 13305 3520 379 17 -178 1
! 56070 92513 0
! 104346 42815 200
> 12233 2634 372 -149 46 1
> 12296 3742 548 -84 23 1
> 13659 2440 542 -154 54 2
> 13305 3520 379 17 -178 1
! 16749 11951 200 sims=337288 RUNNER
! 3692 6276 200 sims=337288 BLOCKER
> 12605 2485 316 -126 64 1
> 12722 3811 169 105 23 1
> 14263 2476 513 30 72 2
> 13798 3518 611 -48 164 1
! 26522 101511 200
! 112341 12526 200
> 12605 2485 316 -126 64 1
> 12722 3811 169 105 23 1
> 14263 2476 513 30 72 2
> 13798 3518 611 -48 164 1
! 14263 12476 200 sims=353864 RUNNER
! 5508 9110 200 sims=353864 BLOCKER
> 12949 2557 292 61 82 2
> 13090 3933 313 104 5 1
> 14776 2706 436 195 90 2
> 14243 3582 378 54 146 1
! -4415 101037 200
! 112709 12648 200
> 12949 2557 292 61 82 2
> 13090 3933 313 104 5 1
> 14776 2706 436 195 90 2
> 14243 3582 378 54 146 1
! 11686 12217 200 sims=346960 RUNNER
! 8086 11462 200 sims=346960 BLOCKER
> 13206 2815 218 219 100 2
> 13602 4054 435 103 5 1
> 15150 3091 318 327 108 2
> 14498 3794 216 179 128 1
! -4158 101295 200
! 113221 12769 SHIELD
> 13206 2815 218 219 100 2
> 13602 4054 435 103 5 1
> 15150 3091 318 327 108 2
> 14498 3794 216 179 128 1
! 9272 11181 0 sims=330688 RUNNER
! 6208 9386 200 sims=330688 BLOCKER
> 13389 3231 155 353 100 2
> 13986 4170 306 103 5 1
> 15551 3326 545 -27 126 2
> 14970 4046 394 390 146 1
! -3975 101711 200
! 106036 43243 0
> 13389 3231 155 353 100 2
> 13986 4170 306 103 5 1
> 15551 3326 545 -27 126 2
> 14970 4046 394 390 146 1
! 7461 9204 200 sims=377912 RUNNER
! 5357 6802 200 sims=377912 BLOCKER
> 13509 3781 102 467 100 2
> 14292 4273 260 87 23 1
> 15934 3417 325 76 144 2
> 15172 4491 171 378 164 1
! -3855 102261 200
! 89762 69878 SHIELD
> 13509 3781 102 467 100 2
> 14292 4273 260 87 23 1
> 15934 3417 325 76 144 2
> 15172 4491 171 378 164 1
! 6423 6507 200 sims=380896 RUNNER
! 5559 7247 200 sims=380896 BLOCKER
> 13576 4445 57 564 100 2
> 14552 4360 221 73 41 1
> 16069 3555 114 117 162 2
> 15151 4924 -18 368 164 1
! -33371 92739 200
! 66055 90076 0
> 13576 4445 57 564 100 2
> 14552 4360 221 73 41 1
> 16069 3555 114 117 162 2
> 15151 4924 -18 368 164 1
! 7979 9433 0 sims=405512 RUNNER
! 5157 4575 200 sims=405512 BLOCKER
> 13539 5186 -31 629 118 2
> 14773 4433 187 62 59 1
> 16183 3672 96 99 144 2
> 14933 5285 -185 306 -178 1
! -58394 74651 200
! 90243 70038 200
> 13539 5186 -31 629 118 2
> 14773 4433 187 62 59 1
> 16183 3672 96 99 144 2
> 14933 5285 -185 306 -178 1
! 6672 6762 200 sims=376520 RUNNER
! 5536 1865 200 sims=376520 BLOCKER
> 13364 5954 -148 652 136 2
> 14960 4495 158 52 41 1
> 16089 3833 -80 136 162 2
> 14560 5523 -316 201 -160 1
! -76515 49791 200
! 66463 90211 0
> 13364 5954 -148 652 136 2
> 14960 4495 158 52 41 1
> 16089 3833 -80 136 162 2
> 14560 5523 -316 201 -160 1
! 7999 9711 0 sims=327768 RUNNER
! 5163 2103 200 sims=327768 BLOCKER
> 13036 6694 -278 628 154 3
> 15118 4547 134 44 59 1
> 16009 3969 -68 115 144 2
> 14056 5656 -428 112 -160 1
! -85990 20611 0
! 37613 101984 SHIELD
> 13036 6694 -278 628 154 3
> 15118 4547 134 44 59 1
> 16009 3969 -68 115 144 2
> 14056 5656 -428 112 -160 1
! 10131 12059 200 sims=386944 RUNNER
! 4659 2236 200 sims=386944 BLOCKER
> 12758 7322 -236 533 172 3
> 15232 4604 62 69 77 1
> 16028 4118 359 -87 126 2
> 13440 5700 -523 37 -160 1
! -85722 -10042 0
! 6516 104223 0
> 12758 7322 -236 533 172 3
> 15232 4604 62 69 77 1
> 16028 4118 359 -87 126 2
> 13440 5700 -523 37 -160 1
! 7938 9996 200 sims=432552 RUNNER
! 5560 -457 200 sims=432552 BLOCKER
> 12522 7855 -200 453 -170 3
> 15294 4673 52 58 95 1
> 16225 4149 167 25 144 2
> 12759 5614 -578 -73 -142 1
! -75772 -39092 0
! 37789 102110 200
> 12522 7855 -200 453 -170 3
> 15294 4673 52 58 95 1
> 16225 4149 167 25 144 2
> 12759 5614 -578 -73 -142 1
! 8135 10027 200 sims=421256 RUNNER
! 4879 -543 200 sims=421256 BLOCKER
> 12322 8308 -170 385 -152 3
> 15346 4731 44 49 77 1
> 16230 4292 4 121 144 2
> 12023 5418 -625 -166 -142 1
! -57143 -63625 200
! 66849 90447 0
> 12322 8308 -170 385 -152 3
> 15346 4731 44 49 77 1
> 16230 4292 4 121 144 2
> 12023 5418 -625 -166 -142 1
! 6719 7382 200 sims=393328 RUNNER
! 2626 1998 200 sims=393328 BLOCKER
> 12013 8549 -262 204 -134 3
> 15319 4814 -166 138 59 1
> 16115 4441 45 58 162 2
> 11210 5184 -690 -199 -160 1
! -31824 -81330 200
! 90789 70419 0
> 12013 8549 -262 204 -134 3
> 15319 4814 -166 138 59 1
> 16115 4441 45 58 162 2
> 11210 5184 -690 -199 -160 1
! 6604 7531 200 sims=410440 RUNNER
! 3330 -973 0 sims=410440 BLOCKER
> 11663 8573 -297 20 -116 3
> 15153 4952 -141 117 41 1
> 15970 4561 -123 101 162 2
> 10520 4985 -586 -169 -142 1
! -2254 -90453 200
! 107203 44025 0
> 11663 8573 -297 20 -116 3
> 15153 4952 -141 117 41 1
> 15970 4561 -123 101 162 2
> 10520 4985 -586 -169 -142 1
! 6459 7651 200 sims=407088 RUNNER
! 1123 1565 0 sims=407088 BLOCKER
> 11338 8395 -276 -151 -98 3
> 14939 5106 -276 179 23 1
> 15730 4687 -109 58 162 2
> 9934 4816 -498 -143 -160 1
! -32499 -81484 200
! 114558 13821 0
> 11338 8395 -276 -151 -98 3
> 14939 5106 -276 179 23 1
> 15730 4687 -109 58 162 2
> 9934 4816 -498 -143 -160 1
! 7640 10565 200 sims=403200 RUNNER
! 2054 -1341 0 sims=403200 BLOCKER
> 10974 8064 -309 -281 -116 3
> 14663 5285 -234 152 5 1
> 15459 4863 -230 149 144 2
> 9436 4673 -423 -121 -142 1
! -32863 -81815 200
! 112100 -17210 200
> 10974 8064 -309 -281 -116 3
> 14663 5285 -234 152 5 1
> 15459 4863 -230 149 144 2
> 9436 4673 -423 -121 -142 1
! 9581 12953 200 sims=383848 RUNNER
! 39 1253 0 sims=383848 BLOCKER
> 10577 7603 -337 -391 -116 3
> 14387 5514 -311 233 -13 1
> 15349 5052 -17 121 126 2
> 9013 4552 -359 -102 -160 1
! -33260 -82276 200
! 114006 14229 0
> 10577 7603 -337 -391 -116 3
> 14387 5514 -311 233 -13 1
> 15349 5052 -17 121 126 2
> 9013 4552 -359 -102 -160 1
! 7259 10930 200 sims=393312 RUNNER
! -981 4203 0 sims=393312 BLOCKER
> 10152 7032 -360 -485 -116 3
> 14076 5747 -264 198 5 1
> 15170 5291 -151 202 144 2
> 8654 4450 -305 -86 -178 1
! -33685 -82847 200
! 111513 -16748 200
> 10152 7032 -360 -485 -116 3
> 14076 5747 -264 198 5 1
> 15170 5291 -151 202 144 2
> 8654 4450 -305 -86 -178 1
! 7080 11169 200 sims=388416 RUNNER
! -959 7206 0 sims=388416 BLOCKER
> 9704 6367 -380 -565 -116 3
> 14007 5900 -58 130 -13 1
> 14857 5611 -265 271 144 2
> 8349 4364 -259 -73 164 1
! -34133 -83512 200
! 111443 -16595 200
> 9704 6367 -380 -565 -116 3
> 14007 5900 -58 130 -13 1
> 14857 5611 -265 271 144 2
> 8349 4364 -259 -73 164 1
! 5346 8701 0 sims=378512 RUNNER
! 59 9956 0 sims=378512 BLOCKER
> 9236 5622 -397 -633 -116 3
> 13819 6091 -239 187 -13 1
> 14917 5776 130 114 162 2
> 8090 4291 -220 -62 146 1
! -60229 -66311 0
! 113438 14806 0
> 9236 5622 -397 -633 -116 3
> 13819 6091 -239 187 -13 1
> 14917 5776 130 114 162 2
> 8090 4291 -220 -62 146 1
! 5406 8866 200 sims=403000 RUNNER
! 1933 12171 0 sims=403000 BLOCKER
> 8839 4989 -337 -538 -134 3
> 13580 6278 -203 158 5 1
> 14857 5952 -51 149 162 2
> 7870 4229 -187 -52 128 1
! -79455 -41958 0
! 111017 -16217 200
> 8839 4989 -337 -538 -134 3
> 13580 6278 -203 158 5 1
> 14857 5952 -51 149 162 2
> 7870 4229 -187 -52 128 1
! 5346 9042 200 sims=394128 RUNNER
! 4450 13626 200 sims=394128 BLOCKER
> 8502 4451 -286 -457 -152 3
> 13572 6391 -6 96 -13 1
> 14616 6163 -205 179 162 2
> 7615 4365 -217 115 110 1
! -89978 -12913 200
! 111008 -16104 200
> 8502 4451 -286 -457 -152 3
> 13572 6391 -6 96 -13 1
> 14616 6163 -205 179 162 2
> 7615 4365 -217 115 110 1
! 5105 9253 200 sims=373200 RUNNER
! 1458 12245 0 sims=373200 BLOCKER
> 8141 3937 -245 -447 -170 3
> 13426 6504 -348 136 -13 1
> 14556 6342 173 111 162 2
> 7276 4502 -349 127 128 1
! -90885 17854 200
! 113045 15219 200
> 8141 3937 -245 -447 -170 3
> 13426 6504 -348 136 -13 1
> 14556 6342 173 111 162 2
> 7276 4502 -349 127 128 1
! 5045 9432 200 sims=409792 RUNNER
! 3856 13899 0 sims=409792 BLOCKER
> 7698 3518 -376 -356 -188 3
> 13277 6657 -126 130 5 1
> 14539 6515 -14 146 162 2
> 6927 4629 -296 107 110 1
! -91328 17435 200
! 112896 15372 200
> 7698 3518 -376 -356 -188 3
> 13277 6657 -126 130 5 1
> 14539 6515 -14 146 162 2
> 6927 4629 -296 107 110 1
! 4539 6515 200 sims=330920 RUNNER
! 770 12509 0 sims=330920 BLOCKER
> 7124 3190 -487 -278 172 3
> 13350 6804 62 125 5 1
> 14325 6661 -181 124 180 2
> 6631 4736 -251 90 128 1
! -82755 47027 0
! 110787 -15691 200
> 7124 3190 -487 -278 172 3
> 13350 6804 62 125 5 1
> 14325 6661 -181 124 180 2
> 6631 4736 -251 90 128 1
! 4814 9751 0 sims=399368 RUNNER
! 3211 14133 0 sims=399368 BLOCKER
> 6637 2912 -413 -236 154 3
> 13356 6924 -150 126 -13 1
> 14395 6745 215 47 162 2
> 6380 4826 -213 76 110 1
! -65296 72377 0
! 110792 -15571 200
> 6637 2912 -413 -236 154 3
> 13356 6924 -150 126 -13 1
> 14395 6745 215 47 162 2
> 6380 4826 -213 76 110 1
! 4395 6745 200 sims=407712 RUNNER
! 223 12706 0 sims=407712 BLOCKER
> 6224 2676 -351 -200 136 0
> 13401 7005 38 68 -13 1
> 14410 6792 12 39 180 2
> 6167 4902 -181 64 128 1
! -40723 90970 0
! 110837 -15490 200
> 6224 2676 -351 -200 136 0
> 13401 7005 38 68 -13 1
> 14410 6792 12 39 180 2
> 6167 4902 -181 64 128 1
! 4899 9882 200 sims=400584 RUNNER
! 2747 14299 0 sims=400584 BLOCKER
> 5873 2476 -298 -170 118 0
> 13451 7068 -149 95 -13 1
> 14415 6853 195 10 162 2
> 5986 4966 -153 54 110 1
! -11491 100956 0
! 110887 -15427 200
> 5873 2476 -298 -170 118 0
> 13451 7068 -149 95 -13 1
> 14415 6853 195 10 162 2
> 5986 4966 -153 54 110 1
! 4415 6853 200 sims=404176 RUNNER
! -171 12846 0 sims=404176 BLOCKER
> 5575 2306 -253 -144 100 0
> 13497 7118 38 42 -13 1
> 14410 6863 -4 8 180 2
> 5833 5020 -130 45 128 1
! 19492 101332 200
! 99213 -44385 200
> 5575 2306 -253 -144 100 0
> 13497 7118 38 42 -13 1
> 14410 6863 -4 8 180 2
> 5833 5020 -130 45 128 1
! 4899 9953 200 sims=398320 RUNNER
! 2413 14417 0 sims=398320 BLOCKER
> 5350 2360 -191 45 82 0
> 13440 7129 -169 42 -31 1
> 14482 6861 182 -34 162 2
> 5703 5065 -110 38 110 1
! 49187 92239 200
! 110876 -15366 200
> 5350 2360 -191 45 82 0
> 13440 7129 -169 42 -31 1
> 14482 6861 182 -34 162 2
> 5703 5065 -110 38 110 1
! 4971 9951 200 sims=396424 RUNNER
! -454 12945 0 sims=396424 BLOCKER
> 5247 2585 -87 191 64 0
> 13466 7126 21 -2 -13 1
> 14474 6889 -6 23 162 2
> 5593 5103 -93 32 128 1
! 74712 74518 200
! 110902 -15369 200
> 5247 2585 -87 191 64 0
> 13466 7126 21 -2 -13 1
> 14474 6889 -6 23 162 2
> 5593 5103 -93 32 128 1
! 4963 9979 200 sims=386272 RUNNER
! -2697 10695 0 sims=386272 BLOCKER
> 5299 2920 44 284 46 0
> 13491 7119 -174 35 -13 1
> 14469 6934 191 -3 162 2
> 5500 5135 -79 27 146 1
! 49136 92799 0
! 110927 -15376 0
> 5299 2920 44 284 46 0
> 13491 7119 -174 35 -13 1
> 14469 6934 191 -3 162 2
> 5500 5135 -79 27 146 1
! 4469 6934 200 sims=398744 RUNNER
! -657 13015 0 sims=398744 BLOCKER
> 5343 3204 37 241 64 0
> 13317 7154 -147 29 -13 1
> 14460 6931 -7 -2 180 2
> 5421 5162 -67 22 128 1
! 19260 102230 200
! 110753 -15341 200
> 5343 3204 37 241 64 0
> 13317 7154 -147 29 -13 1
> 14460 6931 -7 -2 180 2
> 5421 5162 -67 22 128 1
! 4949 10021 200 sims=398816 RUNNER
! -2869 10754 0 sims=398816 BLOCKER
> 5408 3643 55 373 82 0
> 13365 7138 40 -13 -13 1
> 14263 6991 -167 50 162 2
> 5354 5184 -56 18 146 1
! -11956 102123 0
! 110801 -15357 200
> 5408 3643 55 373 82 0
> 13365 7138 40 -13 -13 1
> 14263 6991 -167 50 162 2
> 5354 5184 -56 18 146 1
! 4263 6991 0 sims=374200 RUNNER
! -4259 7940 0 sims=374200 BLOCKER
> 5463 4016 46 317 100 0
> 13300 7125 -147 2 -13 1
> 14396 6996 205 -9 180 2
> 5298 5202 -47 15 164 1
! -41484 92310 0
! 112919 15840 200
> 5463 4016 46 317 100 0
> 13300 7125 -147 2 -13 1
> 14396 6996 205 -9 180 2
> 5298 5202 -47 15 164 1
! 4396 6996 200 sims=384400 RUNNER
! -4696 4853 0 sims=384400 BLOCKER
> 5509 4333 39 269 118 0
> 13352 7144 44 16 5 1
> 14401 6987 4 -7 180 2
> 5251 5217 -39 12 182 1
! -41438 92627 0
! 110789 -15351 200
> 5509 4333 39 269 118 0
> 13352 7144 44 16 5 1
> 14401 6987 4 -7 180 2
> 5251 5217 -39 12 182 1
! 4890 10077 200 sims=389464 RUNNER
! -4743 4868 SHIELD sims=389464 BLOCKER
> 5611 4446 154 -70 118 0
> 13421 7138 -161 24 -13 1
> 14385 7019 206 -2 162 2
> 5206 5245 -45 40 -178 1
! -41336 92740 200
! 113040 15853 0
> 5611 4446 154 -70 118 0
> 13421 7138 -161 24 -13 1
> 14385 7019 206 -2 162 2
> 5206 5245 -45 40 -178 1
! 4385 7019 200 sims=381800 RUNNER
! -4407 8001 0 sims=381800 BLOCKER
> 5671 4553 51 90 118 0
> 13260 7162 -136 20 5 1
> 14391 7017 5 -1 180 2
> 5161 5285 -38 34 164 1
! -66262 74018 200
! 110697 -15333 200
> 5671 4553 51 90 118 0
> 13260 7162 -136 20 5 1
> 14391 7017 5 -1 180 2
> 5161 5285 -38 34 164 1
! 4880 10107 200 sims=369648 RUNNER
! -3129 10877 0 sims=369648 BLOCKER
> 5645 4694 31 49 136 0
> 13319 7137 50 -21 -13 1
> 14206 7078 -157 51 162 2
> 5056 5407 -142 174 146 1
! -41302 92988 200
! 112938 15852 200
> 5645 4694 31 49 136 0
> 13319 7137 50 -21 -13 1
> 14206 7078 -157 51 162 2
> 5056 5407 -142 174 146 1
! 4206 7078 0 sims=359160 RUNNER
! -1101 13287 0 sims=359160 BLOCKER
> 5582 4920 -53 191 118 0
> 13249 7152 -134 17 5 1
> 14368 7110 213 22 180 2
> 4914 5581 -120 147 128 1
! -66351 74385 200
! 112868 15867 0
> 5582 4920 -53 191 118 0
> 13249 7152 -134 17 5 1
> 14368 7110 213 22 180 2
> 4914 5581 -120 147 128 1
! 4368 7110 200 sims=360712 RUNNER
! 1494 14978 0 sims=360712 BLOCKER
> 5421 5219 -32 165 136 0
> 13115 7169 -113 14 5 1
> 14381 7132 11 18 180 2
> 4758 5759 -236 240 110 1
! -41526 93513 200
! 112734 15884 200
> 5421 5219 -32 165 136 0
> 13115 7169 -113 14 5 1
> 14381 7132 11 18 180 2
> 4758 5759 -236 240 110 1
! 4381 7132 200 sims=367176 RUNNER
! 4409 15753 0 sims=367176 BLOCKER
> 5295 5561 -107 290 118 0
> 13201 7200 73 26 5 1
> 14192 7150 -160 15 180 2
> 4522 5999 -200 204 92 1
! -66638 75026 200
! 110638 -15295 200
> 5295 5561 -107 290 118 0
> 13201 7200 73 26 5 1
> 14192 7150 -160 15 180 2
> 4522 5999 -200 204 92 1
! 4681 10240 0 sims=352040 RUNNER
! 7278 15612 0 sims=352040 BLOCKER
> 5110 5963 -66 305 136 0
> 13232 7191 -136 0 -13 1
> 14268 7155 228 -3 162 2
> 4256 6230 -316 232 74 1
! -84769 49800 200
! 112851 15906 200
> 5110 5963 -66 305 136 0
> 13232 7191 -136 0 -13 1
> 14268 7155 228 -3 162 2
> 4256 6230 -316 232 74 1
! 4268 7155 200 sims=370184 RUNNER
! 9848 14520 200 sims=370184 BLOCKER
> 4864 6356 -208 333 154 0
> 13295 7208 53 14 5 1
> 14296 7152 23 -2 180 2
> 4052 6628 -173 338 56 1
! -67069 75821 200
! 110732 -15287 0
> 4864 6356 -208 333 154 0
> 13295 7208 53 14 5 1
> 14296 7152 23 -2 180 2
> 4052 6628 -173 338 56 1
! 4296 7152 200 sims=348736 RUNNER
! 11932 12785 200 sims=348736 BLOCKER
> 4761 6739 -42 309 136 0
> 13322 7224 -152 29 -13 1
> 14145 7148 47 -19 180 2
> 3788 7178 -269 483 38 1
! -42186 95033 200
! 110758 -15271 200
> 4761 6739 -42 309 136 0
> 13322 7224 -152 29 -13 1
> 14145 7148 47 -19 180 2
> 3788 7178 -269 483 38 1
! 4145 7148 200 sims=378616 RUNNER
! 13185 10598 0 sims=378616 BLOCKER
> 4625 7225 -115 412 118 1
> 13178 7226 -147 4 -13 1
> 14179 7111 53 -33 180 2
> 3519 7661 -228 410 20 1
! -12739 105705 0
! 110614 -15269 200
> 4625 7225 -115 412 118 1
> 13178 7226 -147 4 -13 1
> 14179 7111 53 -33 180 2
> 3519 7661 -228 410 20 1
! 4668 10201 200 sims=374360 RUNNER
! 13513 8010 0 sims=374360 BLOCKER
> 4510 7637 -97 350 100 1
> 13226 7185 40 -34 -13 1
> 14042 7140 -116 24 162 2
> 3291 8071 -193 348 2 1
! -12854 106117 0
! 112845 15900 200
> 4510 7637 -97 350 100 1
> 13226 7185 40 -34 -13 1
> 14042 7140 -116 24 162 2
> 3291 8071 -193 348 2 1
! 4042 7140 200 sims=370512 RUNNER
! 12904 5315 0 sims=370512 BLOCKER
> 4413 7987 -82 297 100 1
> 12927 7198 -269 11 5 1
> 14265 7135 203 -5 180 2
> 3098 8419 -164 295 -16 1
! 18330 107013 0
! 112546 15913 200
> 4413 7987 -82 297 100 1
> 12927 7198 -269 11 5 1
> 14265 7135 203 -5 180 2
> 3098 8419 -164 295 -16 1
! 4265 7135 200 sims=401824 RUNNER
! 11388 2827 200 sims=401824 BLOCKER
> 4331 8284 -69 252 82 1
> 12857 7226 -59 24 5 1
> 14268 7130 2 -4 180 2
> 3100 8602 1 155 -34 1
! 18248 107310 0
! 110294 -15269 200
> 4331 8284 -69 252 82 1
> 12857 7226 -59 24 5 1
> 14268 7130 2 -4 180 2
> 3100 8602 1 155 -34 1
! 4268 7130 200 sims=404120 RUNNER
! 9257 722 200 sims=404120 BLOCKER
> 4262 8536 -58 214 82 1
> 12993 7205 115 -17 -13 1
> 14070 7126 -168 -3 180 2
> 3224 8599 105 -2 -52 1
! 48099 98415 SHIELD
! 110429 -15290 200
> 4262 8536 -58 214 82 1
> 12993 7205 115 -17 -13 1
> 14070 7126 -168 -3 180 2
> 3224 8599 105 -2 -52 1
! 4559 10216 0 sims=386088 RUNNER
! 9381 719 200 sims=386088 BLOCKER
> 4204 8750 -49 181 64 1
> 13102 7154 -144 -29 -13 1
> 14102 7112 264 -25 162 2
> 3452 8439 193 -135 -52 1
! 73669 80683 200
! 112721 15869 200
> 4204 8750 -49 181 64 1
> 13102 7154 -144 -29 -13 1
> 14102 7112 264 -25 162 2
> 3452 8439 193 -135 -52 1
! 4102 7112 200 sims=404616 RUNNER
! 6872 -958 200 sims=404616 BLOCKER
> 4155 8931 -41 153 46 1
> 13157 7142 46 -9 5 1
> 14166 7087 54 -21 180 2
> 3713 8116 222 -274 -70 1
! 92449 55878 0
! 112776 15857 0
> 4155 8931 -41 153 46 1
> 13157 7142 46 -9 5 1
> 14166 7087 54 -21 180 2
> 3713 8116 222 -274 -70 1
! 4166 7087 200 sims=405576 RUNNER
! 9870 236 200 sims=405576 BLOCKER
> 4114 9084 -34 130 28 1
> 13203 7133 39 -7 5 1
> 14020 7066 -124 -17 180 2
> 4058 7684 293 -366 -52 1
! 102594 26448 0
! 112822 15848 200
> 4114 9084 -34 130 28 1
> 13203 7133 39 -7 5 1
> 14020 7066 -124 -17 180 2
> 4058 7684 293 -366 -52 1
! 4509 10156 0 sims=400840 RUNNER
! 12348 2092 200 sims=400840 BLOCKER
> 4080 9214 -28 110 10 1
> 13104 7172 -101 34 5 1
> 14234 7020 198 -40 162 2
> 4517 7206 389 -406 -34 1
! 103106 -4703 200
! 110541 -15323 200
> 4080 9214 -28 110 10 1
> 13104 7172 -101 34 5 1
> 14234 7020 198 -40 162 2
> 4517 7206 389 -406 -34 1
! 4234 7020 200 sims=393616 RUNNER
! 14130 4450 200 sims=393616 BLOCKER
> 4250 9296 144 69 -8 1
> 13198 7161 79 -9 -13 1
> 14232 6980 -1 -33 180 2
> 5098 6745 494 -391 -16 1
! 94129 -34541 200
! 110634 -15334 200
> 4250 9296 144 69 -8 1
> 13198 7161 79 -9 -13 1
> 14232 6980 -1 -33 180 2
> 5098 6745 494 -391 -16 1
! 4721 10070 200 sims=383416 RUNNER
! 14711 3989 200 sims=383416 BLOCKER
> 4574 9277 275 -15 -26 1
> 13253 7145 -162 22 -13 1
> 14260 6971 233 -44 162 2
> 5784 6299 583 -379 -16 1
! 76507 -60188 200
! 110689 -15350 200
> 4574 9277 275 -15 -26 1
> 13253 7145 -162 22 -13 1
> 14260 6971 233 -44 162 2
> 5784 6299 583 -379 -16 1
! 4749 10061 200 sims=404128 RUNNER
! 15397 3543 200 sims=404128 BLOCKER
> 4993 9123 356 -130 -44 1
> 13286 7122 27 -19 -13 1
> 14303 6989 36 15 162 2
> 6559 5865 658 -369 -16 1
! 51940 -79171 200
! 112905 15837 200
> 4993 9123 356 -130 -44 1
> 13286 7122 27 -19 -13 1
> 14303 6989 36 15 162 2
> 6559 5865 658 -369 -16 1
! 4303 6989 200 sims=395888 RUNNER
! 14849 273 200 sims=395888 BLOCKER
> 5443 8816 382 -260 -62 1
> 13351 7146 -133 49 5 1
> 14300 6979 186 -38 180 2
> 7383 5384 700 -408 -34 1
! 52390 -79478 200
! 110788 -15349 200
> 5443 8816 382 -260 -62 1
> 13351 7146 -133 49 5 1
> 14300 6979 186 -38 180 2
> 7383 5384 700 -408 -34 1
! 4789 10069 200 sims=396672 RUNNER
! 16996 2628 0 sims=396672 BLOCKER
> 5919 8379 404 -371 -62 1
> 13413 7150 52 3 -13 1
> 14296 7003 -3 20 162 2
> 8083 4976 595 -346 -16 1
! 23283 -90101 200
! 110849 -15345 200
> 5919 8379 404 -371 -62 1
> 13413 7150 52 3 -13 1
> 14296 7003 -3 20 162 2
> 8083 4976 595 -346 -16 1
! 4296 7003 200 sims=382032 RUNNER
! 16373 -616 0 sims=382032 BLOCKER
> 6358 7811 372 -482 -80 1
> 13306 7168 -170 28 -13 1
> 14447 6963 207 -47 180 2
> 8678 4630 505 -294 -34 1
! 53305 -80483 200
! 110742 -15327 200
> 6358 7811 372 -482 -80 1
> 13306 7168 -170 28 -13 1
> 14447 6963 207 -47 180 2
> 8678 4630 505 -294 -34 1
! 4936 10053 200 sims=395072 RUNNER
! 18291 1874 0 sims=395072 BLOCKER
> 6824 7152 396 -559 -62 1
> 13331 7151 21 -14 -13 1
> 14464 6978 14 12 162 2
> 9183 4336 429 -249 -16 1
! 78757 -62313 200
! 112950 15866 0
> 6824 7152 396 -559 -62 1
> 13331 7151 21 -14 -13 1
> 14464 6978 14 12 162 2
> 9183 4336 429 -249 -16 1
! 4464 6978 200 sims=384600 RUNNER
! 17473 -1256 0 sims=384600 BLOCKER
> 7364 6454 458 -593 -44 1
> 13352 7137 17 -11 5 1
> 14278 6990 -158 10 180 2
> 9612 4087 364 -211 -34 1
! 79297 -63011 200
! 110789 -15358 200
> 7364 6454 458 -593 -44 1
> 13352 7137 17 -11 5 1
> 14278 6990 -158 10 180 2
> 9612 4087 364 -211 -34 1
! 4767 10080 0 sims=366176 RUNNER
! 19225 1331 0 sims=366176 BLOCKER
> 7966 5722 511 -622 -44 1
> 13329 7118 -135 1 -13 1
> 14355 6963 181 -40 162 2
> 9976 3876 309 -179 -16 1
! 79899 -63743 200
! 112948 15833 0
> 7966 5722 511 -622 -44 1
> 13329 7118 -135 1 -13 1
> 14355 6963 181 -40 162 2
> 9976 3876 309 -179 -16 1
! 4844 10053 200 sims=383672 RUNNER
! 19970 4225 0 sims=383672 BLOCKER
> 8621 4961 556 -646 -44 1
> 13194 7119 -114 0 5 1
> 14346 6985 -7 18 162 2
> 10285 3697 262 -152 2 1
! 98500 -38876 200
! 112813 15834 200
> 8621 4961 556 -646 -44 1
> 13194 7119 -114 0 5 1
> 14346 6985 -7 18 162 2
> 10285 3697 262 -152 2 1
! 4346 6985 200 sims=391696 RUNNER
! 19682 7117 200 sims=391696 BLOCKER
> 9357 4227 625 -623 -26 1
> 13279 7136 72 14 5 1
> 14139 7003 -175 15 180 2
> 10735 3613 382 -71 20 1
! 108383 -9690 0
! 110716 -15359 200
> 9357 4227 625 -623 -26 1
> 13279 7136 72 14 5 1
> 14139 7003 -175 15 180 2
> 10735 3613 382 -71 20 1
! 4628 10093 0 sims=398064 RUNNER
! 18615 9770 0 sims=398064 BLOCKER
> 9982 3604 531 -529 -8 1
> 13177 7164 -145 32 -13 1
> 14333 6959 223 -46 162 2
> 11117 3542 324 -60 38 1
! 108462 20968 200
! 110613 -15331 200
> 9982 3604 531 -529 -8 1
> 13177 7164 -145 32 -13 1
> 14333 6959 223 -46 162 2
> 11117 3542 324 -60 38 1
! 4822 10049 200 sims=386760 RUNNER
! 16709 11832 0 sims=386760 BLOCKER
> 10710 3110 618 -420 10 1
> 13227 7151 42 -11 -13 1
> 14366 6975 27 13 162 2
> 11441 3482 275 -51 56 1
! 99004 50057 0
! 110663 -15344 200
> 10710 3110 618 -420 10 1
> 13227 7151 42 -11 -13 1
> 14366 6975 27 13 162 2
> 11441 3482 275 -51 56 1
! 4366 6975 200 sims=371032 RUNNER
! 14197 13095 200 sims=371032 BLOCKER
> 11328 2690 525 -357 28 1
> 13401 7104 -148 4 -13 1
> 14255 6979 202 -40 180 2
> 11771 3623 280 120 74 1
! 80793 74623 0
! 110837 -15391 200
> 11328 2690 525 -357 28 1
> 13401 7104 -148 4 -13 1
> 14255 6979 202 -40 180 2
> 11771 3623 280 120 74 1
! 4255 6979 200 sims=377376 RUNNER
! 11422 13617 200 sims=377376 BLOCKER
> 11853 2333 446 -303 46 1
> 13448 7063 39 -34 -13 1
> 14257 6939 1 -33 180 2
> 12044 3943 232 271 92 1
! 55690 92212 200
! 110884 -15432 200
> 11853 2333 446 -303 46 1
> 13448 7063 39 -34 -13 1
> 14257 6939 1 -33 180 2
> 12044 3943 232 271 92 1
! 4257 6939 200 sims=361016 RUNNER
! 14800 13556 200 sims=361016 BLOCKER
> 12387 2210 453 -104 64 1
> 13270 7048 -166 -10 -13 1
> 14470 6842 196 -84 180 2
> 12331 4406 244 393 74 1
! 56224 92089 200
! 98986 -44455 200
> 12387 2210 453 -104 64 1
> 13270 7048 -166 -10 -13 1
> 14470 6842 196 -84 180 2
> 12331 4406 244 393 74 1
! 4470 6842 200 sims=377640 RUNNER
! 11982 14400 200 sims=377640 BLOCKER
> 12928 2286 459 64 64 2
> 13275 6935 4 -96 -31 1
> 14466 6758 -3 -71 180 2
> 12568 4999 201 503 92 1
! 26845 101312 200
! 78880 -68536 200
> 12928 2286 459 64 64 2
> 13275 6935 4 -96 -31 1
> 14466 6758 -3 -71 180 2
> 12568 4999 201 503 92 1
! 4466 6758 200 sims=380736 RUNNER
! 15324 14612 200 sims=380736 BLOCKER
> 13415 2548 413 222 82 2
> 13410 6688 114 -209 -49 1
> 14263 6687 -172 -60 180 2
> 12824 5694 217 590 74 1
! -3949 101028 200
! 99126 -44815 SHIELD
> 13415 2548 413 222 82 2
> 13410 6688 114 -209 -49 1
> 14263 6687 -172 -60 180 2
> 12824 5694 217 590 74 1
! 4263 6687 SHIELD sims=369208 RUNNER
! 18416 13984 200 sims=369208 BLOCKER
> 13793 2967 321 356 100 2
> 13369 6575 -44 -49 -31 1
> 14319 6635 92 -42 180 2
> 12416 5413 -688 -719 56 1
! -33154 91261 200
! 110805 -15920 0
> 13793 2967 321 356 100 2
> 13369 6575 -44 -49 -31 1
> 14319 6635 92 -42 180 2
> 12416 5413 -688 -719 56 1
! 4319 6635 0 sims=390096 RUNNER
! 15172 15026 0 sims=390096 BLOCKER
> 14020 3500 193 452 118 2
> 13325 6526 -37 -41 -13 1
> 14411 6593 78 -35 180 2
> 11728 4694 -584 -611 74 1
! -57913 72965 200
! 99041 -44977 200
> 14020 3500 193 452 118 2
> 13325 6526 -37 -41 -13 1
> 14411 6593 78 -35 180 2
> 11728 4694 -584 -611 74 1
! 4900 9683 0 sims=371256 RUNNER
! 11379 14688 0 sims=371256 BLOCKER
> 14069 4091 41 502 136 2
> 13288 6485 -31 -34 -31 1
> 14489 6558 66 -29 162 2
> 11144 4083 -496 -519 92 1
! -57864 73556 0
! 110724 -16010 0
> 14069 4091 41 502 136 2
> 13288 6485 -31 -34 -31 1
> 14489 6558 66 -29 162 2
> 11144 4083 -496 -519 92 1
! 4489 6558 0 sims=367704 RUNNER
! 7724 13480 0 sims=367704 BLOCKER
> 14110 4593 34 426 136 2
> 13257 6451 -26 -28 -13 1
> 14555 6529 56 -24 180 2
> 10648 3564 -421 -441 110 1
! -75769 48430 0
! 112876 15166 200
> 14110 4593 34 426 136 2
> 13257 6451 -26 -28 -13 1
> 14555 6529 56 -24 180 2
> 10648 3564 -421 -441 110 1
! 5044 9619 0 sims=347552 RUNNER
! 4491 11444 0 sims=347552 BLOCKER
> 14144 5019 28 362 154 2
> 13430 6440 147 -8 5 1
> 14611 6505 47 -20 162 2
> 10227 3123 -357 -374 128 1
! -57789 74484 0
! 113049 15155 200
> 14144 5019 28 362 154 2
> 13430 6440 147 -8 5 1
> 14611 6505 47 -20 162 2
> 10227 3123 -357 -374 128 1
! 4611 6505 200 sims=345584 RUNNER
! 1937 8715 0 sims=345584 BLOCKER
> 14172 5381 23 307 136 2
> 13659 6443 -130 -14 5 1
> 14575 6491 294 5 180 2
> 9870 2749 -303 -317 146 1
! -57761 74846 200
! 113278 15158 0
> 14172 5381 23 307 136 2
> 13659 6443 -130 -14 5 1
> 14575 6491 294 5 180 2
> 9870 2749 -303 -317 146 1
! 4575 6491 200 sims=356664 RUNNER
! 3713 10629 0 sims=356664 BLOCKER
> 14053 5825 87 158 136 2
> 13527 6431 -300 208 5 1
> 14669 6496 79 4 180 2
> 9567 2432 -257 -269 128 1
! -32894 94119 200
! 110964 -16064 200
> 14053 5825 87 158 136 2
> 13527 6431 -300 208 5 1
> 14669 6496 79 4 180 2
> 9567 2432 -257 -269 128 1
! 5158 9586 0 sims=361144 RUNNER
! 1277 8024 0 sims=361144 BLOCKER
> 14096 6010 -47 80 118 2
> 13325 6703 -174 235 -13 1
> 14795 6540 193 111 162 2
> 9310 2163 -218 -228 146 1
! -32851 94304 200
! 99041 -44800 200
> 14096 6010 -47 80 118 2
> 13325 6703 -174 235 -13 1
> 14795 6540 193 111 162 2
> 9310 2163 -218 -228 146 1
! 4795 6540 200 sims=395584 RUNNER
! 3153 10043 0 sims=395584 BLOCKER
> 13955 6267 -119 218 118 2
> 13322 6835 -2 112 -31 1
> 14788 6651 -5 94 180 2
> 9092 1935 -185 -193 128 1
! -57978 75732 SHIELD
! 99038 -44668 0
> 13955 6267 -119 218 118 2
> 13322 6835 -2 112 -31 1
> 14788 6651 -5 94 180 2
> 9092 1935 -185 -193 128 1
! 4788 6651 200 sims=348192 RUNNER
! 802 7527 0 sims=348192 BLOCKER
> 13847 6471 -102 161 136 2
> 13175 7077 -183 258 -31 1
> 14614 6757 24 156 180 2
> 8907 1742 -157 -164 146 1
! -33100 94765 0
! 98891 -44426 200
> 13847 6471 -102 161 136 2
> 13175 7077 -183 258 -31 1
> 14614 6757 24 156 180 2
> 8907 1742 -157 -164 146 1
! 5103 3667 0 sims=385536 RUNNER
! 2750 9622 0 sims=385536 BLOCKER
> 13745 6632 -86 136 118 2
> 13163 7232 -9 131 -31 1
> 14638 6913 20 132 -162 2
> 8750 1578 -133 -139 128 1
! -58188 76097 SHIELD
! 78768 -68239 0
> 13745 6632 -86 136 118 2
> 13163 7232 -9 131 -31 1
> 14638 6913 20 132 -162 2
> 8750 1578 -133 -139 128 1
! 5127 3823 200 sims=350352 RUNNER
! 460 7170 0 sims=350352 BLOCKER
> 13663 6763 -63 104 136 2
> 13113 7409 -103 219 -49 1
> 14468 6983 -144 59 -162 2
> 8617 1439 -113 -118 146 1
! -76216 50600 SHIELD
! 98829 -44094 0
> 13663 6763 -63 104 136 2
> 13113 7409 -103 219 -49 1
> 14468 6983 -144 59 -162 2
> 8617 1439 -113 -118 146 1
! 4468 6983 200 sims=380224 RUNNER
! 2460 9319 0 sims=380224 BLOCKER
> 13557 6855 -95 76 154 2
> 13010 7628 -87 186 -31 1
> 14559 7163 128 167 180 2
> 8504 1321 -96 -100 128 1
! -85469 20772 0
! 78615 -67843 0
> 13557 6855 -95 76 154 2
> 13010 7628 -87 186 -31 1
> 14559 7163 128 167 180 2
> 8504 1321 -96 -100 128 1
! 5048 4073 200 sims=427072 RUNNER
! 214 6913 0 sims=427072 BLOCKER
> 13462 6931 -80 64 172 3
> 12923 7814 -73 158 -49 1
> 14497 7268 -52 89 -162 2
> 8408 1221 -81 -85 146 1
! -76417 50768 200
! 98639 -43689 200
> 13462 6931 -80 64 172 3
> 12923 7814 -73 158 -49 1
> 14497 7268 -52 89 -162 2
> 8408 1221 -81 -85 146 1
! 4986 4178 200 sims=373488 RUNNER
! 2251 9101 0 sims=373488 BLOCKER
> 13382 6995 -68 54 154 3
> 13021 7869 83 46 -31 1
> 14255 7295 -205 23 -162 2
> 8327 1136 -68 -72 128 1
! -85644 20912 200
! 78626 -67602 200
> 13382 6995 -68 54 154 3
> 13021 7869 83 46 -31 1
> 14255 7295 -205 23 -162 2
> 8327 1136 -68 -72 128 1
! 4255 7295 0 sims=373320 RUNNER
! 37 6728 0 sims=373320 BLOCKER
> 13333 6960 -135 -205 172 3
> 13214 7852 135 101 -49 1
> 14052 7319 -49 80 180 2
> 8259 1064 -57 -61 146 1
! -85147 -10404 200
! 52287 -84198 200
> 13333 6960 -135 -205 172 3
> 13214 7852 135 101 -49 1
> 14052 7319 -49 80 180 2
> 8259 1064 -57 -61 146 1
! 4541 10409 200 sims=396752 RUNNER
! 2102 8944 0 sims=396752 BLOCKER
> 13001 6720 -282 -203 -170 3
> 13172 7941 -172 166 -67 1
> 14068 7289 149 -117 162 2
> 8202 1003 -48 -51 128 1
! -75293 -40227 200
! 78777 -67530 200
> 13001 6720 -282 -203 -170 3
> 13172 7941 -172 166 -67 1
> 14068 7289 149 -117 162 2
> 8202 1003 -48 -51 128 1
! 4557 10379 200 sims=416496 RUNNER
! -88 6595 0 sims=416496 BLOCKER
> 12542 6423 -389 -252 -152 3
> 13131 7956 -34 12 -49 1
> 14027 7234 -35 -46 162 2
> 8154 952 -40 -43 146 1
! -75752 -40524 200
! 52204 -84094 200
> 12542 6423 -389 -252 -152 3
> 13131 7956 -34 12 -49 1
> 14027 7234 -35 -46 162 2
> 8154 952 -40 -43 146 1
! 4516 10324 200 sims=417256 RUNNER
! 1997 8832 0 sims=417256 BLOCKER
> 11976 6077 -480 -294 -152 3
> 13175 7784 37 -146 -67 1
> 13802 7250 -191 13 162 2
> 8114 909 -34 -36 128 1
! -57489 -65856 200
! 78780 -67687 SHIELD
> 11976 6077 -480 -294 -152 3
> 13175 7784 37 -146 -67 1
> 13802 7250 -191 13 162 2
> 8114 909 -34 -36 128 1
! 4291 10340 SHIELD sims=416416 RUNNER
! 4694 10306 200 sims=416416 BLOCKER
> 11357 5639 -526 -372 -134 3
> 13020 7803 -147 28 -49 1
> 13803 7098 16 -141 162 2
> 8012 1061 -87 129 110 1
! -76937 -41308 200
! 98736 -43700 0
> 11357 5639 -526 -372 -134 3
> 13020 7803 -147 28 -49 1
> 13803 7098 16 -141 162 2
> 8012 1061 -87 129 110 1
! 5713 12976 0 sims=405016 RUNNER
! 7663 11055 200 sims=405016 BLOCKER
> 10654 5173 -597 -396 -152 3
> 12873 7831 -124 23 -31 1
> 13819 6957 13 -119 144 2
> 7918 1390 -79 279 92 1
! -87826 -12191 200
! 78478 -67640 0
> 10654 5173 -597 -396 -152 3
> 12873 7831 -124 23 -31 1
> 13819 6957 13 -119 144 2
> 7918 1390 -79 279 92 1
! 7941 15047 0 sims=377944 RUNNER
! 10674 11003 200 sims=377944 BLOCKER
> 9860 4742 -674 -366 -170 3
> 12749 7854 -105 19 -49 1
> 13832 6838 11 -101 126 2
> 7894 1861 -20 400 74 1
! -89166 18659 200
! 51822 -84196 200
> 9860 4742 -674 -366 -170 3
> 12749 7854 -105 19 -49 1
> 13832 6838 11 -101 126 2
> 7894 1861 -20 400 74 1
! 7954 14928 0 sims=390384 RUNNER
! 7545 11855 200 sims=390384 BLOCKER
> 8988 4404 -741 -287 -188 3
> 12644 7873 -89 16 -67 1
> 13843 6737 9 -85 126 2
> 7867 2461 -22 509 92 1
! -89492 -12960 0
! 51716 -84177 200
> 8988 4404 -741 -287 -188 3
> 12644 7873 -89 16 -67 1
> 13843 6737 9 -85 126 2
> 7867 2461 -22 509 92 1
! 5753 12615 200 sims=393472 RUNNER
! 7518 12455 200 sims=393472 BLOCKER
> 8247 4117 -629 -243 -170 3
> 12633 7705 -9 -142 -67 1
> 13690 6770 -129 27 144 2
> 7838 3170 -24 602 92 1
! -90233 -13247 SHIELD
! 21348 -91914 200
> 8247 4117 -629 -243 -170 3
> 12633 7705 -9 -142 -67 1
> 13690 6770 -129 27 144 2
> 7838 3170 -24 602 92 1
! 4179 9860 200 sims=404248 RUNNER
! 7489 13164 SHIELD sims=404248 BLOCKER
> 7878 4599 -247 593 -170 3
> 12641 7364 7 -290 -85 1
> 13371 6859 -271 75 162 3
> 7554 3047 -307 -288 92 1
! -90602 -12765 0
! -9854 -90072 200
> 7878 4599 -247 593 -170 3
> 12641 7364 7 -290 -85 1
> 13371 6859 -271 75 162 3
> 7554 3047 -307 -288 92 1
! 3371 6859 200 sims=439200 RUNNER
! 7205 13041 0 sims=439200 BLOCKER
> 7631 5192 -209 504 -170 3
> 12115 7192 -509 -106 -103 1
> 13388 6621 76 -242 180 3
> 7247 2759 -260 -244 92 1
! -80663 -41755 0
! -39388 -78524 200
> 7631 5192 -209 504 -170 3
> 12115 7192 -509 -106 -103 1
> 13388 6621 76 -242 180 3
> 7247 2759 -260 -244 92 1
! 3877 3531 200 sims=444128 RUNNER
! 6898 12753 0 sims=444128 BLOCKER
> 7422 5696 -177 428 -152 3
> 11503 6915 -520 -235 -121 1
> 13274 6317 -97 -258 -162 3
> 6987 2515 -221 -207 92 1
! -62043 -66237 0
! -40000 -78801 0
> 7422 5696 -177 428 -152 3
> 11503 6915 -520 -235 -121 1
> 13274 6317 -97 -258 -162 3
> 6987 2515 -221 -207 92 1
! 3763 3227 200 sims=421016 RUNNER
! 6638 12509 0 sims=421016 BLOCKER
> 7245 6124 -150 363 -134 3
> 10983 6680 -442 -199 -121 1
> 12987 5997 -244 -271 -162 3
> 6766 2308 -187 -175 92 1
! -36592 -83755 200
! -64488 -58925 200
> 7245 6124 -150 363 -134 3
> 10983 6680 -442 -199 -121 1
> 12987 5997 -244 -271 -162 3
> 6766 2308 -187 -175 92 1
! 2987 5997 200 sims=382984 RUNNER
! 6417 12302 200 sims=382984 BLOCKER
> 7007 6307 -202 155 -116 3
> 10390 6350 -504 -280 -139 1
> 12543 5726 -377 -230 180 3
> 6572 2333 -164 21 92 1
! -6910 -92719 200
! -41113 -79366 0
> 7007 6307 -202 155 -116 3
> 10390 6350 -504 -280 -139 1
> 12543 5726 -377 -230 180 3
> 6572 2333 -164 21 92 1
! 3032 2636 200 sims=414248 RUNNER
! 6223 12327 200 sims=414248 BLOCKER
> 6777 6264 -195 -36 -98 3
> 9886 6070 -428 -238 -121 1
> 11976 5434 -482 -248 -162 3
> 6401 2554 -145 187 92 1
! 24141 -92216 200
! -12609 -91366 0
> 6777 6264 -195 -36 -98 3
> 9886 6070 -428 -238 -121 1
> 11976 5434 -482 -248 -162 3
> 6401 2554 -145 187 92 1
! 2465 2344 200 sims=403632 RUNNER
! 6052 12548 200 sims=403632 BLOCKER
> 6617 6031 -136 -198 -80 3
> 9458 5832 -363 -202 -103 1
> 11304 5124 -571 -263 -162 3
> 6249 2941 -129 328 92 1
! 53564 -82263 200
! 18173 -93787 200
> 6617 6031 -136 -198 -80 3
> 9458 5832 -363 -202 -103 1
> 11304 5124 -571 -263 -162 3
> 6249 2941 -129 328 92 1
! 3214 -754 200 sims=387832 RUNNER
! 9005 12554 200 sims=387832 BLOCKER
> 6575 5656 -35 -318 -62 3
> 9112 5431 -293 -341 -85 1
> 10571 4743 -622 -323 -144 3
> 6175 3461 -62 442 74 1
! 78508 -63809 200
! 17827 -94188 200
> 6575 5656 -35 -318 -62 3
> 9112 5431 -293 -341 -85 1
> 10571 4743 -622 -323 -144 3
> 6175 3461 -62 442 74 1
! 1060 1653 0 sims=381040 RUNNER
! 11767 11751 200 sims=381040 BLOCKER
> 6684 5199 92 -388 -44 3
> 8836 4891 -234 -459 -85 1
> 9949 4420 -528 -274 -162 3
> 6225 4069 42 516 56 1
! 53631 -83095 SHIELD
! 47909 -87159 0
> 6684 5199 92 -388 -44 3
> 8836 4891 -234 -459 -85 1
> 9949 4420 -528 -274 -162 3
> 6225 4069 42 516 56 1
! -51 4420 200 sims=370840 RUNNER
! 14105 10226 200 sims=370840 BLOCKER
> 6826 4894 152 -205 -62 3
> 8494 4480 -607 -206 -67 1
> 9329 4098 -210 -416 180 3
> 5927 3881 -575 -695 38 1
! 24190 -93586 0
! 74099 -70991 200
> 6826 4894 152 -205 -62 3
> 8494 4480 -607 -206 -67 1
> 9329 4098 -210 -416 180 3
> 5927 3881 -575 -695 38 1
! -182 7188 200 sims=352840 RUNNER
! 13807 10038 200 sims=352840 BLOCKER
> 6978 4689 129 -174 -80 3
> 8018 4123 -404 -303 -49 1
> 8929 3744 -340 -301 162 3
> 5510 3309 -354 -486 38 1
! -6939 -94337 200
! 93734 -47380 200
> 6978 4689 129 -174 -80 3
> 8018 4123 -404 -303 -49 1
> 8929 3744 -340 -301 162 3
> 5510 3309 -354 -486 38 1
! 839 9622 200 sims=333872 RUNNER
! 13390 9466 200 sims=333872 BLOCKER
> 7107 4515 109 -147 -98 3
> 7651 3762 -460 -257 -31 1
> 8562 3516 -163 -243 144 3
> 5314 2946 -166 -308 38 1
! -36730 -85364 0
! 105087 -18733 200
> 7107 4515 109 -147 -98 3
> 7651 3762 -460 -257 -31 1
> 8562 3516 -163 -243 144 3
> 5314 2946 -166 -308 38 1
! 2684 11606 0 sims=339096 RUNNER
! 13194 9103 200 sims=339096 BLOCKER
> 7216 4368 92 -124 -116 3
> 7386 3460 -225 -256 -13 1
> 8399 3273 -138 -206 126 3
> 5306 2761 -7 -157 38 1
! -62249 -67565 0
! 107005 12175 200
> 7216 4368 92 -124 -116 3
> 7386 3460 -225 -256 -13 1
> 8399 3273 -138 -206 126 3
> 5306 2761 -7 -157 38 1
! 309 9151 200 sims=324424 RUNNER
! 10898 11051 0 sims=324424 BLOCKER
> 7308 4244 78 -105 -134 3
> 7300 3227 -264 -181 5 1
> 8160 3179 -12 -96 144 3
> 5299 2604 -5 -133 56 1
! -36529 -85635 200
! 106919 11942 200
> 7308 4244 78 -105 -134 3
> 7300 3227 -264 -181 5 1
> 8160 3179 -12 -96 144 3
> 5299 2604 -5 -133 56 1
! -1351 6269 0 sims=323896 RUNNER
! 13179 8761 0 sims=323896 BLOCKER
> 7298 3959 -8 -242 -116 3
> 7235 3063 -55 -139 5 1
> 8148 3083 -10 -81 162 3
> 5294 2471 -4 -113 38 1
! -62167 -67974 200
! 99285 42136 200
> 7298 3959 -8 -242 -116 3
> 7235 3063 -55 -139 5 1
> 8148 3083 -10 -81 162 3
> 5294 2471 -4 -113 38 1
! -1852 3083 200 sims=302416 RUNNER
! 13174 8628 200 sims=302416 BLOCKER
> 7146 3797 -131 -57 -134 3
> 7145 2771 -170 -331 23 1
> 8162 3009 107 -59 180 3
> 5448 2481 130 8 38 1
! -62319 -68136 200
! 82615 68376 200
> 7146 3797 -131 -57 -134 3
> 7145 2771 -170 -331 23 1
> 8162 3009 107 -59 180 3
> 5448 2481 130 8 38 1
! -1349 6099 200 sims=330352 RUNNER
! 13328 8638 200 sims=330352 BLOCKER
> 6876 3596 -229 -170 -134 3
> 7126 2571 -16 -169 41 1
> 8079 3012 -70 2 162 3
> 5736 2612 244 111 38 1
! -36961 -86283 200
! 58629 88287 200
> 6876 3596 -229 -170 -134 3
> 7126 2571 -16 -169 41 1
> 8079 3012 -70 2 162 3
> 5736 2612 244 111 38 1
! -1432 6102 200 sims=329616 RUNNER
! 11328 10902 200 sims=329616 BLOCKER
> 6724 3379 337 191 -116 3
> 7203 2565 -83 -123 59 1
> 7829 3084 -63 179 162 3
> 5927 2756 -304 -253 56 1
! -7193 -95647 200
! 58706 88281 0
> 6724 3379 337 191 -116 3
> 7203 2565 -83 -123 59 1
> 7829 3084 -63 179 162 3
> 5927 2756 -304 -253 56 1
! -2171 3084 200 sims=335048 RUNNER
! 13807 8913 200 sims=335048 BLOCKER
> 6784 3432 -232 114 -98 3
> 7120 2442 -70 -104 59 1
> 7815 3203 272 32 180 3
> 5781 2626 -124 -110 38 1
! -37053 -86447 200
! 58623 88158 200
> 6784 3432 -232 114 -98 3
> 7120 2442 -70 -104 59 1
> 7815 3203 272 32 180 3
> 5781 2626 -124 -110 38 1
! -1696 113 0 sims=359888 RUNNER
! 11373 10916 200 sims=359888 BLOCKER
> 6464 3366 -271 -55 -116 3
> 7153 2509 28 57 59 1
> 8087 3235 231 27 -162 3
> 5769 2682 -10 47 56 1
! -37373 -86513 200
! 82623 68114 0
> 6464 3366 -271 -55 -116 3
> 7153 2509 28 57 59 1
> 8087 3235 231 27 -162 3
> 5769 2682 -10 47 56 1
! -3 -2643 200 sims=372944 RUNNER
! 11361 10972 SHIELD sims=372944 BLOCKER
> 6448 3483 174 293 -116 3
> 7181 2566 23 48 41 1
> 8156 3144 58 -76 -144 3
> 5725 2694 -56 -9 56 1
! -63017 -68450 200
! 99231 41639 0
> 6448 3483 174 293 -116 3
> 7181 2566 23 48 41 1
> 8156 3144 58 -76 -144 3
> 5725 2694 -56 -9 56 1
! -1355 54 200 sims=395952 RUNNER
! 11317 10984 0 sims=395952 BLOCKER
> 6483 3632 29 126 -134 3
> 7204 2614 19 40 23 1
> 8024 3006 -112 -117 -162 3
> 5669 2685 -47 -7 56 1
! -37354 -86247 200
! 99254 41687 200
> 6483 3632 29 126 -134 3
> 7204 2614 19 40 23 1
> 8024 3006 -112 -117 -162 3
> 5669 2685 -47 -7 56 1
! -1976 3006 200 sims=343600 RUNNER
! 8425 12298 0 sims=343600 BLOCKER
> 6424 3578 -49 -45 -116 3
> 6995 2534 -261 -108 23 1
> 8124 3087 168 109 180 3
> 5622 2678 -39 -5 74 1
! -37413 -86301 200
! 82465 68139 200
> 6424 3578 -49 -45 -116 3
> 6995 2534 -261 -108 23 1
> 8124 3087 168 109 180 3
> 5622 2678 -39 -5 74 1
! -1387 -3 200 sims=352328 RUNNER
! 11214 10968 0 sims=352328 BLOCKER
> 6287 3353 -116 -191 -116 3
> 6885 2557 -93 19 41 1
> 8102 3134 -18 40 -162 3
> 5583 2673 -33 -4 56 1
! -37550 -86526 200
! 82355 68162 200
> 6287 3353 -116 -191 -116 3
> 6885 2557 -93 19 41 1
> 8102 3134 -18 40 -162 3
> 5583 2673 -33 -4 56 1
! 12 -2744 200 sims=330280 RUNNER
! 11175 10963 SHIELD sims=330280 BLOCKER
> 6326 3217 90 178 -116 3
> 6966 2688 222 -12 41 1
> 7922 3056 -152 -65 -144 3
> 5523 2647 -71 -38 56 1
! -37511 -86662 200
! 99016 41761 200
> 6326 3217 90 178 -116 3
> 6966 2688 222 -12 41 1
> 7922 3056 -152 -65 -144 3
> 5523 2647 -71 -38 56 1
! -1589 -34 0 sims=357040 RUNNER
! 8279 12260 0 sims=357040 BLOCKER
> 6328 3215 1 -1 -116 3
> 7059 2619 -95 -133 23 1
> 8083 3126 311 134 -162 3
> 5452 2609 -60 -32 74 1
! -63137 -68718 200
! 82529 68224 200
> 6328 3215 1 -1 -116 3
> 7059 2619 -95 -133 23 1
> 8083 3126 311 134 -162 3
> 5452 2609 -60 -32 74 1
! -1917 3126 200 sims=378976 RUNNER
! 5103 12603 0 sims=378976 BLOCKER
> 6190 3070 -117 -123 -134 3
> 7115 2617 47 -1 41 1
> 8194 3260 94 113 180 3
> 5392 2577 -51 -27 92 1
! -82104 -43877 0
! 58618 88333 200
> 6190 3070 -117 -123 -134 3
> 7115 2617 47 -1 41 1
> 8194 3260 94 113 180 3
> 5392 2577 -51 -27 92 1
! -1317 6350 200 sims=403712 RUNNER
! 5043 12571 0 sims=403712 BLOCKER
> 6073 2947 -99 -104 -152 0
> 7265 2787 127 144 59 1
> 8098 3435 -81 148 162 3
> 5341 2550 -43 -22 92 1
! -92407 -14417 200
! 29760 100224 200
> 6073 2947 -99 -104 -152 0
> 7265 2787 127 144 59 1
> 8098 3435 -81 148 162 3
> 5341 2550 -43 -22 92 1
! -1902 3435 200 sims=367920 RUNNER
! 4992 12544 200 sims=367920 BLOCKER
> 6071 2961 23 24 -170 0
> 7283 2983 -141 21 77 1
> 7971 3726 48 392 180 3
> 4997 2575 -317 8 92 1
! -92955 16878 200
! -1432 102602 0
> 6071 2961 23 24 -170 0
> 7283 2983 -141 21 77 1
> 7971 3726 48 392 180 3
> 4997 2575 -317 8 92 1
! -1540 636 0 sims=395000 RUNNER
! 4648 12569 200 sims=395000 BLOCKER
> 5896 3013 -148 44 -188 0
> 7142 3004 -119 17 95 1
> 8019 4118 40 333 -162 3
> 4673 2783 -275 176 92 1
! -83983 46850 200
! 29637 100441 0
> 5896 3013 -148 44 -188 0
> 7142 3004 -119 17 95 1
> 8019 4118 40 333 -162 3
> 4673 2783 -275 176 92 1
! -71 -1760 0 sims=403632 RUNNER
! 4324 12777 200 sims=403632 BLOCKER
> 5568 3145 -278 111 -206 0
> 7023 3021 -101 14 77 1
> 8059 4451 34 283 -144 3
> 4391 3159 -239 319 92 1
! -66365 72610 200
! 29518 100458 0
> 5568 3145 -278 111 -206 0
> 7023 3021 -101 14 77 1
> 8059 4451 34 283 -144 3
> 4391 3159 -239 319 92 1
! -31 -1427 200 sims=392904 RUNNER
! 7147 12772 0 sims=392904 BLOCKER
> 5146 3395 -358 212 -224 0
> 6922 3035 -85 11 77 1
> 7931 4616 -108 140 -144 3
> 4152 3478 -203 271 74 1
! -41801 91689 200
! -1793 102654 0
> 5146 3395 -358 212 -224 0
> 6922 3035 -85 11 77 1
> 7931 4616 -108 140 -144 3
> 4152 3478 -203 271 74 1
! 2053 -3474 0 sims=366864 RUNNER
! 9744 11768 200 sims=366864 BLOCKER
> 4847 3762 -88 289 118 0
> 6837 3046 -72 9 95 1
> 7823 4756 -91 119 -126 3
> 3908 3936 -372 412 56 1
! -12517 102242 200
! 29332 100483 0
> 4847 3762 -88 289 118 0
> 6837 3046 -72 9 95 1
> 7823 4756 -91 119 -126 3
> 3908 3936 -372 412 56 1
! 4733 -4755 0 sims=368344 RUNNER
! 11788 10093 200 sims=368344 BLOCKER
> 4724 4248 -104 413 100 0
> 6765 3055 -61 7 77 1
> 7732 4875 -77 101 -108 3
> 3694 4471 -182 454 38 1
! -42223 92542 200
! 58268 88771 0
> 4724 4248 -104 413 100 0
> 6765 3055 -61 7 77 1
> 7732 4875 -77 101 -108 3
> 3694 4471 -182 454 38 1
! 1854 -3215 0 sims=381360 RUNNER
! 13091 7891 200 sims=381360 BLOCKER
> 4526 4838 -168 501 118 0
> 6704 3062 -51 5 59 1
> 7655 4976 -65 85 -126 3
> 3700 4993 5 444 20 1
! -67407 74303 200
! 29199 100499 200
> 4526 4838 -168 501 118 0
> 6704 3062 -51 5 59 1
> 7655 4976 -65 85 -126 3
> 3700 4993 5 444 20 1
! -435 -902 200 sims=366112 RUNNER
! 13694 5342 200 sims=366112 BLOCKER
> 4708 5390 188 462 136 0
> 6698 3262 -5 169 77 1
> 7428 4943 -192 -27 -144 3
> 3411 5532 -279 464 2 1
! -67225 74855 200
! -2017 102881 200
> 4708 5390 188 462 136 0
> 6698 3262 -5 169 77 1
> 7428 4943 -192 -27 -144 3
> 3411 5532 -279 464 2 1
! 1550 -3147 200 sims=369464 RUNNER
! 13024 2776 200 sims=369464 BLOCKER
> 4752 5991 37 510 136 0
> 6676 3630 -19 313 95 1
> 7118 4754 -263 -160 -126 3
> 3324 5941 -73 347 -16 1
! -42195 94285 200
! -2039 103249 SHIELD
> 4752 5991 37 510 136 0
> 6676 3630 -19 313 95 1
> 7118 4754 -263 -160 -126 3
> 3324 5941 -73 347 -16 1
! 1240 -3336 SHIELD sims=396984 RUNNER
! 11614 349 200 sims=396984 BLOCKER
> 4695 6678 -48 583 118 0
> 6619 3829 -157 -157 95 1
> 6893 4708 -81 288 -126 3
> 3417 6176 78 199 -34 1
! -12669 105158 0
! 29114 101266 0
> 4695 6678 -48 583 118 0
> 6619 3829 -157 -157 95 1
> 6893 4708 -81 288 -126 3
> 3417 6176 78 199 -34 1
! 3803 -4803 0 sims=422992 RUNNER
! 9574 -1704 200 sims=422992 BLOCKER
> 4647 7261 -40 495 100 1
> 6462 3672 -133 -133 77 1
> 6812 4996 -68 244 -108 3
> 3618 6217 170 35 -52 1
! 18564 106287 0
! 57965 89388 200
> 4647 7261 -40 495 100 1
> 6462 3672 -133 -133 77 1
> 6812 4996 -68 244 -108 3
> 3618 6217 170 35 -52 1
! 6812 -5004 0 sims=406160 RUNNER
! 11908 625 200 sims=406160 BLOCKER
> 4607 7756 -34 420 82 1
> 6329 3539 -113 -113 59 1
> 6744 5240 -57 207 -90 3
> 3954 6140 285 -65 -34 1
! 48444 97635 0
! 57832 89255 0
> 4607 7756 -34 420 82 1
> 6329 3539 -113 -113 59 1
> 6744 5240 -57 207 -90 3
> 3954 6140 285 -65 -34 1
! 9834 -4271 0 sims=371168 RUNNER
! 12244 548 200 sims=371168 BLOCKER
> 4573 8176 -28 357 64 1
> 6216 3426 -96 -96 59 1
> 6687 5447 -48 175 -72 3
> 4405 5963 383 -150 -34 1
! 74038 80109 0
! 28711 100863 0
> 4573 8176 -28 357 64 1
> 6216 3426 -96 -96 59 1
> 6687 5447 -48 175 -72 3
> 4405 5963 383 -150 -34 1
! 6687 -4553 0 sims=406008 RUNNER
! 12695 371 200 sims=406008 BLOCKER
> 4545 8533 -23 303 46 1
> 6120 3330 -81 -81 77 1
> 6639 5622 -40 148 -90 3
> 4954 5701 466 -222 -34 1
! 92839 55480 200
! 57623 89046 0
> 4545 8533 -23 303 46 1
> 6120 3330 -81 -81 77 1
> 6639 5622 -40 148 -90 3
> 4954 5701 466 -222 -34 1
! 3549 -3889 0 sims=415400 RUNNER
! 13244 109 200 sims=415400 BLOCKER
> 4699 8930 130 337 28 1
> 6039 3249 -68 -68 59 1
> 6599 5770 -34 125 -108 3
> 5586 5367 537 -283 -34 1
! 103179 26294 200
! 28534 100686 0
> 4699 8930 130 337 28 1
> 6039 3249 -68 -68 59 1
> 6599 5770 -34 125 -108 3
> 5586 5367 537 -283 -34 1
! 721 -2320 0 sims=424120 RUNNER
! 15199 2611 200 sims=424120 BLOCKER
> 5026 9302 277 315 10 1
> 5971 3181 -57 -57 77 1
> 6565 5895 -28 106 -126 3
> 6315 5029 619 -287 -16 1
! 104052 -4615 0
! -2744 102800 0
> 5026 9302 277 315 10 1
> 5971 3181 -57 -57 77 1
> 6565 5895 -28 106 -126 3
> 6315 5029 619 -287 -16 1
! -1525 17 200 sims=429032 RUNNER
! 15928 2273 200 sims=429032 BLOCKER
> 5303 9617 235 267 -8 1
> 5914 3124 -48 -48 95 1
> 6375 5883 -161 -9 -144 3
> 7126 4687 689 -290 -16 1
! 95182 -34220 0
! -33159 95174 0
> 5303 9617 235 267 -8 1
> 5914 3124 -48 -48 95 1
> 6375 5883 -161 -9 -144 3
> 7126 4687 689 -290 -16 1
! 497 -2207 0 sims=424376 RUNNER
! 15416 -905 0 sims=424376 BLOCKER
> 5538 9884 199 226 -26 1
> 5866 3076 -40 -40 113 1
> 6214 5874 -136 -7 -126 3
> 7815 4397 585 -246 -34 1
! 77471 -59581 200
! -33207 95126 0
> 5538 9884 199 226 -26 1
> 5866 3076 -40 -40 113 1
> 6214 5874 -136 -7 -126 3
> 7815 4397 585 -246 -34 1
! 3124 -3637 0 sims=425904 RUNNER
! 17428 1641 0 sims=425904 BLOCKER
> 5881 9971 291 74 -44 1
> 5826 3036 -34 -34 113 1
> 6078 5867 -115 -5 -108 3
> 8400 4151 497 -209 -16 1
! 52828 -78323 200
! -2889 102655 200
> 5881 9971 291 74 -44 1
> 5826 3036 -34 -34 113 1
> 6078 5867 -115 -5 -108 3
> 8400 4151 497 -209 -16 1
! 6078 -4133 0 sims=407128 RUNNER
! 16690 -1441 0 sims=407128 BLOCKER
> 6266 9868 327 -87 -62 1
> 5775 3201 -43 140 95 1
> 5963 5862 -97 -4 -90 3
> 8897 3942 422 -177 -34 1
! 23630 -88612 200
! 28270 100638 0
> 6266 9868 327 -87 -62 1
> 5775 3201 -43 140 95 1
> 5963 5862 -97 -4 -90 3
> 8897 3942 422 -177 -34 1
! 9053 -3649 200 sims=424536 RUNNER
! 18510 1186 0 sims=424536 BLOCKER
> 6628 9584 307 -241 -80 1
> 5732 3341 -36 119 77 1
> 5928 5668 -29 -165 -72 3
> 9319 3765 358 -150 -16 1
! -7289 -89442 200
! 28227 100778 200
> 6628 9584 307 -241 -80 1
> 5732 3341 -36 119 77 1
> 5928 5668 -29 -165 -72 3
> 9319 3765 358 -150 -16 1
! 5928 -4332 200 sims=421984 RUNNER
! 17609 -1827 0 sims=421984 BLOCKER
> 6907 9145 237 -373 -98 1
> 5741 3655 7 266 77 1
> 5899 5303 -24 -310 -90 3
> 9677 3615 304 -127 -34 1
! 24271 -89335 200
! 28236 101092 200
> 6907 9145 237 -373 -98 1
> 5741 3655 7 266 77 1
> 5899 5303 -24 -310 -90 3
> 9677 3615 304 -127 -34 1
! 2809 -4208 200 sims=396488 RUNNER
! 19290 859 0 sims=396488 BLOCKER
> 7179 8575 230 -484 -80 1
> 5788 4003 6 -428 77 1
> 5818 4916 -35 395 -108 3
> 9981 3488 258 -107 -16 1
! 24543 -89905 200
! -2927 103622 0
> 7179 8575 230 -484 -80 1
> 5788 4003 6 -428 77 1
> 5818 4916 -35 395 -108 3
> 9981 3488 258 -107 -16 1
! 2728 -4595 200 sims=373856 RUNNER
! 18271 -2104 0 sims=373856 BLOCKER
> 7444 7894 225 -578 -80 1
> 5794 3575 5 -363 95 1
> 5721 5121 -82 174 -108 3
> 10239 3381 219 -90 -34 1
! 54391 -80400 200
! -33279 95625 200
> 7444 7894 225 -578 -80 1
> 5794 3575 5 -363 95 1
> 5721 5121 -82 174 -108 3
> 10239 3381 219 -90 -34 1
! 5721 -4879 200 sims=411208 RUNNER
! 19852 625 0 sims=411208 BLOCKER
> 7763 7139 271 -641 -62 1
> 5721 3396 -62 -152 113 1
> 5639 5095 -69 -22 -90 3
> 10458 3291 186 -76 -16 1
! 54710 -81155 200
! -2994 103015 200
> 7763 7139 271 -641 -62 1
> 5721 3396 -62 -152 113 1
> 5639 5095 -69 -22 -90 3
> 10458 3291 186 -76 -16 1
! 8729 -4416 200 sims=399392 RUNNER
! 20452 3640 0 sims=399392 BLOCKER
> 8128 6321 310 -694 -62 1
> 5642 3443 -67 40 95 1
> 5632 4883 -6 -180 -72 3
> 10644 3215 158 -64 2 1
! 80061 -63144 200
! 28137 100880 200
> 8128 6321 310 -694 -62 1
> 5642 3443 -67 40 95 1
> 5632 4883 -6 -180 -72 3
> 10644 3215 158 -64 2 1
! 5632 -5117 200 sims=387376 RUNNER
! 20257 459 0 sims=387376 BLOCKER
> 8582 5488 385 -707 -44 1
> 5620 3678 -18 199 77 1
> 5626 4503 -5 -323 -90 3
> 10802 3151 134 -54 -16 1
! 98461 -38349 0
! -3095 103297 SHIELD
> 8582 5488 385 -707 -44 1
> 5620 3678 -18 199 77 1
> 5626 4503 -5 -323 -90 3
> 10802 3151 134 -54 -16 1
! 5626 -5497 SHIELD sims=410504 RUNNER
! 20796 3500 0 sims=410504 BLOCKER
> 8967 4781 327 -600 -26 1
> 5598 3380 -18 -274 95 1
> 5625 4677 0 169 -90 3
> 10936 3097 113 -45 2 1
! 107993 -9136 200
! -3117 102999 0
> 8967 4781 327 -600 -26 1
> 5598 3380 -18 -274 95 1
> 5625 4677 0 169 -90 3
> 10936 3097 113 -45 2 1
! 2535 -4834 0 sims=398816 RUNNER
! 20333 6517 0 sims=398816 BLOCKER
> 9492 4153 446 -533 -8 1
> 5580 3106 -15 -232 95 1
> 5625 4846 0 143 -108 3
> 11049 3052 96 -38 20 1
! 107972 21517 0
! -3135 102725 0
> 9492 4153 446 -533 -8 1
> 5580 3106 -15 -232 95 1
> 5625 4846 0 143 -108 3
> 11049 3052 96 -38 20 1
! 2535 -4665 0 sims=392368 RUNNER
! 18929 9209 0 sims=392368 BLOCKER
> 9938 3620 379 -453 10 1
> 5565 2874 -12 -197 95 1
> 5625 4989 0 121 -108 3
> 11145 3014 81 -32 38 1
! 108418 20984 0
! 28060 100311 0
> 9938 3620 379 -453 10 1
> 5565 2874 -12 -197 95 1
> 5625 4989 0 121 -108 3
> 11145 3014 81 -32 38 1
! 5625 -5011 0 sims=403448 RUNNER
! 16737 11304 0 sims=403448 BLOCKER
> 10317 3167 322 -385 10 1
> 5553 2677 -10 -167 77 1
> 5625 5110 0 102 -90 3
> 11226 2982 68 -27 56 1
! 109343 -10750 0
! -3162 102296 200
> 10317 3167 322 -385 10 1
> 5553 2677 -10 -167 77 1
> 5625 5110 0 102 -90 3
> 11226 2982 68 -27 56 1
! 5625 -4890 200 sims=341688 RUNNER
! 16818 11272 SHIELD sims=341688 BLOCKER
> 10363 2793 -139 -311 -8 1
> 5526 2709 -23 27 95 1
> 5625 5012 0 -83 -90 3
> 11322 2954 99 -24 56 1
! 108843 20157 200
! 28021 100146 200
> 10363 2793 -139 -311 -8 1
> 5526 2709 -23 27 95 1
> 5625 5012 0 -83 -90 3
> 11322 2954 99 -24 56 1
! 5625 -4988 200 sims=414024 RUNNER
! 19202 9111 0 sims=414024 BLOCKER
> 10421 2517 49 -234 10 1
> 5548 2931 18 188 77 1
> 5625 4729 0 -240 -90 3
> 11421 2930 84 -20 38 1
! 108901 19881 200
! -3167 102550 200
> 10421 2517 49 -234 10 1
> 5548 2931 18 188 77 1
> 5625 4729 0 -240 -90 3
> 11421 2930 84 -20 38 1
! 5625 -5271 200 sims=411240 RUNNER
! 17013 11220 0 sims=411240 BLOCKER
> 10667 2318 209 -169 10 1
> 5549 3318 0 329 95 1
> 5625 4289 0 -374 -90 3
> 11505 2910 71 -17 56 1
! 109147 19682 200
! -3166 102937 SHIELD
> 10667 2318 209 -169 10 1
> 5549 3318 0 329 95 1
> 5625 4289 0 -374 -90 3
> 11505 2910 71 -17 56 1
! 5625 -5711 SHIELD sims=418976 RUNNER
! 14261 12523 0 sims=418976 BLOCKER
> 11073 2184 345 -114 10 1
> 5499 3123 -56 -312 95 1
> 5675 4439 56 274 -90 3
> 11576 2893 60 -14 74 1
! 99367 49131 200
! -3216 102742 0
> 11073 2184 345 -114 10 1
> 5499 3123 -56 -312 95 1
> 5675 4439 56 274 -90 3
> 11576 2893 60 -14 74 1
! 5675 -5561 0 sims=423664 RUNNER
! 14332 12506 200 sims=423664 BLOCKER
> 11595 2164 443 -17 28 1
> 5443 2811 -47 -265 95 1
> 5731 4713 47 232 -90 3
> 11691 3071 97 151 74 1
! 99889 49111 200
! -3272 102430 0
> 11595 2164 443 -17 28 1
> 5443 2811 -47 -265 95 1
> 5731 4713 47 232 -90 3
> 11691 3071 97 151 74 1
! 5731 -5287 0 sims=436464 RUNNER
! 14447 12684 200 sims=436464 BLOCKER
> 12215 2241 526 65 28 1
> 5396 2546 -39 -225 95 1
> 5778 4945 39 197 -90 3
> 11843 3414 129 291 74 1
! 100509 49188 200
! 27891 99983 0
> 12215 2241 526 65 28 1
> 5396 2546 -39 -225 95 1
> 5778 4945 39 197 -90 3
> 11843 3414 129 291 74 1
! 5778 -5055 0 sims=428040 RUNNER
! 11494 13408 0 sims=428040 BLOCKER
> 12918 2400 597 135 28 2
> 5357 2321 -33 -191 77 1
> 5817 5142 33 167 -90 3
> 11972 3705 109 247 92 1
! 82383 74333 0
! 27852 99758 200
> 12918 2400 597 135 28 2
> 5357 2321 -33 -191 77 1
> 5817 5142 33 167 -90 3
> 11972 3705 109 247 92 1
! 2727 -4369 200 sims=425448 RUNNER
! 14728 13318 0 sims=425448 BLOCKER
> 13515 2535 507 114 46 2
> 5369 2325 10 3 77 1
> 5788 5119 -24 -19 -108 3
> 12081 3952 92 209 74 1
! 57352 92414 0
! 27864 99762 200
> 13515 2535 507 114 46 2
> 5369 2325 10 3 77 1
> 5788 5119 -24 -19 -108 3
> 12081 3952 92 209 74 1
! 5788 -4881 200 sims=421856 RUNNER
! 11732 13946 0 sims=421856 BLOCKER
> 14022 2649 430 96 64 2
> 5424 2523 46 168 77 1
> 5764 4900 -20 -186 -90 3
> 12173 4161 78 177 92 1
! 27939 101675 0
! 27919 99960 200
> 14022 2649 430 96 64 2
> 5424 2523 46 168 77 1
> 5764 4900 -20 -186 -90 3
> 12173 4161 78 177 92 1
! 5764 -5100 200 sims=416048 RUNNER
! 14929 13774 0 sims=416048 BLOCKER
> 14452 2745 365 81 82 2
> 5515 2886 77 308 77 1
> 5744 4514 -16 -328 -90 3
> 12251 4338 66 150 74 1
! -2912 101225 200
! 28010 100323 200
> 14452 2745 365 81 82 2
> 5515 2886 77 308 77 1
> 5744 4514 -16 -328 -90 3
> 12251 4338 66 150 74 1
! 2654 -4997 200 sims=408768 RUNNER
! 17843 12628 0 sims=408768 BLOCKER
> 14782 3023 280 236 100 2
> 5621 3197 30 -448 77 1
> 5682 4188 6 435 -108 3
> 12317 4488 56 127 56 1
! -32165 91317 200
! -3094 102816 200
> 14782 3023 280 236 100 2
> 5621 3197 30 -448 77 1
> 5682 4188 6 435 -108 3
> 12317 4488 56 127 56 1
! 5682 -5812 200 sims=405784 RUNNER
! 20197 10645 0 sims=405784 BLOCKER
> 14968 3436 158 350 118 2
> 5634 2948 10 -211 95 1
> 5688 4423 5 199 -90 3
> 12373 4615 47 107 38 1
! -31979 91730 200
! -3081 102567 200
> 14968 3436 158 350 118 2
> 5634 2948 10 -211 95 1
> 5688 4423 5 199 -90 3
> 12373 4615 47 107 38 1
! 5688 -5577 200 sims=400368 RUNNER
! 21770 8035 200 sims=400368 BLOCKER
> 15032 3963 54 447 118 2
> 5627 2936 -6 -9 95 1
> 5693 4422 4 0 -90 3
> 12608 4790 199 149 20 1
! -56901 73428 200
! -3088 102555 200
> 15032 3963 54 447 118 2
> 5627 2936 -6 -9 95 1
> 5693 4422 4 0 -90 3
> 12608 4790 199 149 20 1
! 5693 -5578 200 sims=390144 RUNNER
! 20488 10947 200 sims=390144 BLOCKER
> 14942 4549 -76 498 136 2
> 5604 3126 -19 161 95 1
> 5697 4222 3 -170 -90 3
> 12965 5062 303 231 38 1
! -74937 48386 0
! 28099 100563 SHIELD
> 14942 4549 -76 498 136 2
> 5604 3126 -19 161 95 1
> 5697 4222 3 -170 -90 3
> 12965 5062 303 231 38 1
! 5697 -5778 SHIELD sims=384808 RUNNER
! 22362 8482 200 sims=384808 BLOCKER
> 14866 5047 -64 423 154 2
> 5581 3261 -55 -136 77 1
> 5704 4078 41 128 -90 3
> 13456 5361 417 254 20 1
! -84160 18964 200
! 57084 88977 200
> 14866 5047 -64 423 154 2
> 5581 3261 -55 -136 77 1
> 5704 4078 41 128 -90 3
> 13456 5361 417 254 20 1
! 2614 -5433 0 sims=378992 RUNNER
! 23450 5710 200 sims=378992 BLOCKER
> 14852 5441 522 213 172 2
> 5526 3125 -46 -115 59 1
> 5745 4206 34 108 -108 3
> 13825 5679 -220 391 2 1
! -84174 19358 200
! 28021 100562 0
> 14852 5441 522 213 172 2
> 5526 3125 -46 -115 59 1
> 5745 4206 34 108 -108 3
> 13825 5679 -220 391 2 1
! 2655 -5305 0 sims=409808 RUNNER
! 23438 2923 0 sims=409808 BLOCKER
> 15176 5682 275 204 172 2
> 5480 3010 -39 -97 77 1
> 5779 4314 28 91 -108 3
> 13605 6070 -187 332 -16 1
! -83304 -11682 200
! 56983 88726 0
> 15176 5682 275 204 172 2
> 5480 3010 -39 -97 77 1
> 5779 4314 28 91 -108 3
> 13605 6070 -187 332 -16 1
! 5779 -5686 0 sims=393512 RUNNER
! 23218 3314 200 sims=393512 BLOCKER
> 15254 5851 66 143 -170 2
> 5441 2913 -33 -82 59 1
> 5807 4405 23 77 -90 3
> 13610 6347 4 235 -16 1
! -83772 19768 200
! 56944 88629 200
> 15254 5851 66 143 -170 2
> 5441 2913 -33 -82 59 1
> 5807 4405 23 77 -90 3
> 13610 6347 4 235 -16 1
! 2717 -5106 200 sims=371816 RUNNER
! 21900 755 200 sims=371816 BLOCKER
> 15122 6022 -112 145 172 2
> 5511 3002 59 76 59 1
> 5768 4292 -32 -96 -108 3
> 13780 6470 144 104 -34 1
! -74757 49859 200
! 28006 100439 200
> 15122 6022 -112 145 172 2
> 5511 3002 59 76 59 1
> 5768 4292 -32 -96 -108 3
> 13780 6470 144 104 -34 1
! 2678 -5219 200 sims=314480 RUNNER
! 23393 3714 0 sims=314480 BLOCKER
> 14830 6255 -247 197 154 2
> 5608 3208 38 -255 77 1
> 5681 4070 -29 242 -108 3
> 13924 6574 122 88 -16 1
! -84196 20172 SHIELD
! -3107 102827 200
> 14830 6255 -247 197 154 2
> 5608 3208 38 -255 77 1
> 5681 4070 -29 242 -108 3
> 13924 6574 122 88 -16 1
! 5681 -5930 200 sims=367616 RUNNER
! 23537 3818 SHIELD sims=367616 BLOCKER
> 14793 6376 96 55 172 2
> 5629 3152 17 -47 95 1
> 5652 4112 -24 35 -90 3
> 13836 6738 -203 186 -16 1
! -83687 -10988 0
! -3086 102771 200
> 14793 6376 96 55 172 2
> 5629 3152 17 -47 95 1
> 5652 4112 -24 35 -90 3
> 13836 6738 -203 186 -16 1
! 5652 -5888 200 sims=370120 RUNNER
! 22126 1146 0 sims=370120 BLOCKER
> 14889 6431 81 46 -170 2
> 5626 3147 -4 -140 95 1
> 5630 4104 -16 129 -90 3
> 13633 6924 -172 158 -34 1
! -83591 -10933 0
! -3089 102766 200
> 14889 6431 81 46 -170 2
> 5626 3147 -4 -140 95 1
> 5630 4104 -16 129 -90 3
> 13633 6924 -172 158 -34 1
! 5630 -5896 200 sims=396144 RUNNER
! 21923 1332 0 sims=396144 BLOCKER
> 14970 6477 68 39 -170 2
> 5605 3206 -18 50 95 1
> 5614 4033 -13 -60 -90 3
> 13461 7082 -146 134 -34 1
! -83510 -10887 0
! -3110 102825 200
> 14970 6477 68 39 -170 2
> 5605 3206 -18 50 95 1
> 5614 4033 -13 -60 -90 3
> 13461 7082 -146 134 -34 1
! 2524 -5478 0 sims=370968 RUNNER
! 21751 1490 0 sims=370968 BLOCKER
> 15038 6516 57 33 -170 2
> 5566 3173 -33 -50 95 1
> 5605 4255 -7 211 -108 3
> 13315 7216 -124 113 -34 1
! -83988 20433 0
! -3149 102792 0
> 15038 6516 57 33 -170 2
> 5566 3173 -33 -50 95 1
> 5605 4255 -7 211 -108 3
> 13315 7216 -124 113 -34 1
! 5605 -5745 200 sims=392480 RUNNER
! 21605 1624 200 sims=392480 BLOCKER
> 15095 6549 48 28 172 2
> 5533 3123 -28 -42 95 1
> 5598 4266 -5 9 -90 3
> 13357 7217 35 0 -34 1
! -83931 20466 200
! 28028 100560 200
> 15095 6549 48 28 172 2
> 5533 3123 -28 -42 95 1
> 5598 4266 -5 9 -90 3
> 13357 7217 35 0 -34 1
! 5598 -5734 200 sims=395328 RUNNER
! 22970 4461 200 sims=395328 BLOCKER
> 14945 6605 -127 47 172 2
> 5550 3276 14 129 77 1
> 5593 4075 -4 -162 -90 3
> 13584 7162 193 -46 -16 1
! -74934 50442 200
! 28045 100713 200
> 14945 6605 -127 47 172 2
> 5550 3276 14 129 77 1
> 5593 4075 -4 -162 -90 3
> 13584 7162 193 -46 -16 1
! 5593 -5925 SHIELD sims=377936 RUNNER
! 21874 1570 0 sims=377936 BLOCKER
> 14638 6740 -260 114 154 2
> 5561 2713 9 -478 77 1
> 5594 4002 0 -62 -90 3
> 13777 7116 164 -39 -34 1
! -75241 50577 SHIELD
! 28056 100150 200
> 14638 6740 -260 114 154 2
> 5561 2713 9 -478 77 1
> 5594 4002 0 -62 -90 3
> 13777 7116 164 -39 -34 1
! 5594 -5998 0 sims=431632 RUNNER
! 22067 1524 SHIELD sims=431632 BLOCKER
> 14661 6727 127 -59 154 2
> 5615 2430 45 -240 77 1
> 5594 3940 0 -52 -90 3
> 13658 7204 -208 123 -34 1
! -84365 20644 0
! -3100 102049 200
> 14661 6727 127 -59 154 2
> 5615 2430 45 -240 77 1
> 5594 3940 0 -52 -90 3
> 13658 7204 -208 123 -34 1
! 2504 -5571 0 sims=419776 RUNNER
! 19815 -676 0 sims=419776 BLOCKER
> 14788 6668 107 -50 172 2
> 5643 2389 23 -34 95 1
> 5594 3888 0 -44 -108 3
> 13450 7327 -176 104 -52 1
! -84238 20585 0
! -3072 102008 200
> 14788 6668 107 -50 172 2
> 5643 2389 23 -34 95 1
> 5594 3888 0 -44 -108 3
> 13450 7327 -176 104 -52 1
! 5594 -6112 0 sims=397608 RUNNER
! 21740 1735 0 sims=397608 BLOCKER
> 14895 6618 90 -42 172 2
> 5649 2554 4 140 95 1
> 5594 3844 0 -37 -90 3
> 13274 7431 -149 88 -34 1
! -74984 50455 0
! -3066 102173 200
> 14895 6618 90 -42 172 2
> 5649 2554 4 140 95 1
> 5594 3844 0 -37 -90 3
> 13274 7431 -149 88 -34 1
! 5594 -6156 200 sims=325792 RUNNER
! 21564 1839 0 sims=325792 BLOCKER
> 14985 6576 76 -35 154 2
> 5640 2808 15 -200 95 1
> 5589 3692 -26 287 -90 3
> 13125 7519 -126 74 -34 1
! -74894 50413 200
! -3075 102427 200
> 14985 6576 76 -35 154 2
> 5640 2808 15 -200 95 1
> 5589 3692 -26 287 -90 3
> 13125 7519 -126 74 -34 1
! 5589 -6308 200 sims=377080 RUNNER
! 21415 1927 200 sims=377080 BLOCKER
> 14881 6629 -88 44 154 2
> 5638 2807 -2 0 95 1
> 5563 3779 -22 73 -90 3
> 13165 7481 33 -32 -34 1
! -74998 50466 200
! -3077 102426 200
> 14881 6629 -88 44 154 2
> 5638 2807 -2 0 95 1
> 5563 3779 -22 73 -90 3
> 13165 7481 33 -32 -34 1
! 5563 -6221 200 sims=365488 RUNNER
! 21455 1889 200 sims=365488 BLOCKER
> 14613 6761 -227 111 154 2
> 5633 2857 9 -105 95 1
> 5527 3801 -45 166 -90 3
> 13364 7337 168 -122 -34 1
! -75266 50598 200
! -3082 102476 200
> 14613 6761 -227 111 154 2
> 5633 2857 9 -105 95 1
> 5527 3801 -45 166 -90 3
> 13364 7337 168 -122 -34 1
! 8617 -5710 200 sims=369152 RUNNER
! 22977 4581 200 sims=369152 BLOCKER
> 14461 6847 318 -123 154 2
> 5625 2951 -7 80 95 1
> 5544 3777 14 -20 -72 3
> 13470 7272 -357 142 -16 1
! -84565 20764 200
! -3090 102570 200
> 14461 6847 318 -123 154 2
> 5625 2951 -7 80 95 1
> 5544 3777 14 -20 -72 3
> 13470 7272 -357 142 -16 1
! 5544 -6223 200 sims=366536 RUNNER
! 21760 1680 200 sims=366536 BLOCKER
> 14581 6752 101 -80 172 2
> 5647 2762 21 -186 95 1
> 5512 4025 -29 236 -90 3
> 13279 7302 -162 25 -34 1
! -84445 20669 0
! -3068 102381 200
> 14581 6752 101 -80 172 2
> 5647 2762 21 -186 95 1
> 5512 4025 -29 236 -90 3
> 13279 7302 -162 25 -34 1
! 5512 -5975 200 sims=385808 RUNNER
! 22892 4546 200 sims=385808 BLOCKER
> 14682 6672 85 -68 172 2
> 5651 2775 3 11 95 1
> 5483 4061 -24 30 -90 3
> 13309 7272 25 -25 -16 1
! -83798 -10692 0
! -3064 102394 200
> 14682 6672 85 -68 172 2
> 5651 2775 3 11 95 1
> 5483 4061 -24 30 -90 3
> 13309 7272 25 -25 -16 1
! 8573 -5450 200 sims=342384 RUNNER
! 21599 1680 0 sims=342384 BLOCKER
> 14767 6604 72 -57 -170 2
> 5637 2985 -12 178 95 1
> 5521 3901 32 -136 -72 3
> 13334 7247 21 -21 -34 1
! -84259 20521 0
! -33436 95035 SHIELD
> 14767 6604 72 -57 -170 2
> 5637 2985 -12 178 95 1
> 5521 3901 32 -136 -72 3
> 13334 7247 21 -21 -34 1
! 8611 -5610 SHIELD sims=379576 RUNNER
! 21624 1655 200 sims=379576 BLOCKER
> 14839 6547 61 -48 172 2
> 5649 2971 23 -116 113 1
> 5529 3957 -6 151 -72 3
> 13521 7114 158 -112 -34 1
! -75040 50384 200
! -3066 102590 200
> 14839 6547 61 -48 172 2
> 5649 2971 23 -116 113 1
> 5529 3957 -6 151 -72 3
> 13521 7114 158 -112 -34 1
! 5529 -6043 0 sims=387920 RUNNER
! 23134 4358 200 sims=387920 BLOCKER
> 14720 6587 -100 33 154 2
> 5672 2855 19 -98 95 1
> 5523 4108 -5 128 -90 3
> 13871 6947 297 -142 -16 1
! -84306 20504 SHIELD
! -3043 102474 0
> 14720 6587 -100 33 154 2
> 5672 2855 19 -98 95 1
> 5523 4108 -5 128 -90 3
> 13871 6947 297 -142 -16 1
! 5523 -5892 0 sims=413352 RUNNER
! 23484 4191 SHIELD sims=413352 BLOCKER
> 14907 6499 254 -115 172 2
> 5691 2757 16 -83 95 1
> 5518 4236 -4 108 -90 3
> 13881 6926 -87 22 -16 1
! -84119 20416 0
! -3024 102376 0
> 14907 6499 254 -115 172 2
> 5691 2757 16 -83 95 1
> 5518 4236 -4 108 -90 3
> 13881 6926 -87 22 -16 1
! 5518 -5764 0 sims=400408 RUNNER
! 22171 1334 0 sims=400408 BLOCKER
