@ 0 YurkovAS
@ 1 reCurse
CP 6
CP 7825 886
CP 7682 5996
CP 3115 7510
CP 9532 4360
CP 14514 7752
CP 6333 4277
> 8325 900 0 0 -1 1
> 7325 872 0 0 -1 1
> 9324 928 0 0 -1 1
> 6326 844 0 0 -1 1
! 11454 20654 BOOST sims=242403 RUNNER
! 14165 19666 BOOST sims=242403 BLOCKER
> 8325 900 0 0 -1 1
> 7325 872 0 0 -1 1
> 9324 928 0 0 -1 1
> 6326 844 0 0 -1 1
! -21498 96059 200
! 31779 97550 200
> 8427 1542 86 545 81 1
> 7547 1483 188 519 70 1
> 9262 1118 -52 161 108 1
> 6377 1037 43 164 75 1
! 5298 21296 200 sims=289394 RUNNER
! 8245 21471 0 sims=289394 BLOCKER
> 8427 1542 86 545 81 1
> 7547 1483 188 519 70 1
> 9262 1118 -52 161 108 1
> 6377 1037 43 164 75 1
! -49516 82019 200
! 1143 100899 200
> 8486 2286 161 673 99 1
> 7730 2000 44 399 88 1
> 9093 1441 -144 274 126 1
> 6410 1401 27 309 93 1
! -594 20106 200 sims=260428 RUNNER
! 14570 20794 0 sims=260428 BLOCKER
> 8486 2286 161 673 99 1
> 7730 2000 44 399 88 1
> 9093 1441 -144 274 126 1
> 6410 1401 27 309 93 1
! -49685 82342 200
! -29426 94759 200
> 8556 3137 59 723 117 1
> 7774 2399 37 339 70 1
> 8831 1877 -222 370 126 1
> 6365 1897 -37 421 111 1
! -5586 17279 200 sims=261765 RUNNER
! 20087 18159 0 sims=261765 BLOCKER
> 8556 3137 59 723 117 1
> 7774 2399 37 339 70 1
> 8831 1877 -222 370 126 1
> 6365 1897 -37 421 111 1
! -49947 82778 200
! -56566 79611 200
> 8474 4001 -70 734 135 1
> 7771 2757 -291 445 52 1
> 8531 2390 34 295 126 1
> 6202 2473 -138 489 129 1
! -9346 13081 200 sims=275030 RUNNER
! 24352 13941 200 sims=275030 BLOCKER
> 8474 4001 -70 734 135 1
> 7771 2757 -291 445 52 1
> 8531 2390 34 295 126 1
> 6202 2473 -138 489 129 1
! -72370 61168 200
! -29634 95831 200
> 8226 4826 -210 701 153 1
> 7646 3314 -106 473 34 1
> 8403 2803 -108 350 144 1
> 5992 3149 -178 574 111 1
! -11528 7955 200 sims=283325 RUNNER
! 26871 8827 0 sims=283325 BLOCKER
> 8226 4826 -210 701 153 1
> 7646 3314 -106 473 34 1
> 8403 2803 -108 350 144 1
> 5992 3149 -178 574 111 1
! -50375 83704 200
! -29844 96507 0
> 7818 5558 -346 622 171 2
> 7532 3793 -213 492 16 1
> 8186 3309 -68 344 126 1
> 5814 3723 -151 487 111 1
! -11936 2429 200 sims=290619 RUNNER
! 27520 3095 200 sims=290619 BLOCKER
> 7818 5558 -346 622 171 2
> 7532 3793 -213 492 16 1
> 8186 3309 -68 344 126 1
> 5814 3723 -151 487 111 1
! -50592 84210 200
! -30022 97081 200
> 7274 6149 -462 502 189 2
> 7377 4385 -143 512 -2 1
> 8142 3708 -25 330 126 1
> 5591 4397 -189 572 111 1
! -10546 -2931 0 sims=300083 RUNNER
! 26171 -2455 200 sims=300083 BLOCKER
> 7274 6149 -462 502 189 2
> 7377 4385 -143 512 -2 1
> 8142 3708 -25 330 126 1
> 5591 4397 -189 572 111 1
! -72759 62486 200
! 357 104259 200
> 6812 6651 -392 426 207 2
> 7422 4829 38 377 -20 1
> 7955 4156 -158 380 144 1
> 5392 5169 -169 655 93 1
! -7330 -7491 0 sims=269752 RUNNER
! 23182 -7484 200 sims=269752 BLOCKER
> 6812 6651 -392 426 207 2
> 7422 4829 38 377 -20 1
> 7955 4156 -158 380 144 1
> 5392 5169 -169 655 93 1
! -50823 85057 200
! 31273 101761 0
> 6420 7077 -333 362 225 2
> 7345 5447 -95 564 -38 1
> 7952 4334 27 111 126 1
> 5223 5824 -143 556 75 1
! -7722 -7065 200 sims=284466 RUNNER
! 18529 -11134 200 sims=284466 BLOCKER
> 6420 7077 -333 362 225 2
> 7345 5447 -95 564 -38 1
> 7952 4334 27 111 126 1
> 5223 5824 -143 556 75 1
! -22949 99439 200
! 59686 89691 0
> 5946 7298 -403 187 -135 2
> 7362 5845 14 338 -56 2
> 7917 4635 -29 256 108 1
> 5080 6380 -121 472 57 1
! -8196 -6844 200 sims=276815 RUNNER
! 12875 -13380 200 sims=276815 BLOCKER
> 5946 7298 -403 187 -135 2
> 7362 5845 14 338 -56 2
> 7917 4635 -29 256 108 1
> 5080 6380 -121 472 57 1
! -22984 99740 200
! 59543 90247 200
> 5635 7584 9 524 -135 2
> 7431 5991 58 123 -74 2
> 7826 5081 -77 379 108 1
> 4834 6779 -482 57 57 1
! -8507 -6558 200 sims=304122 RUNNER
! 12944 -13234 SHIELD sims=304122 BLOCKER
> 5635 7584 9 524 -135 2
> 7431 5991 58 123 -74 2
> 7826 5081 -77 379 108 1
> 4834 6779 -482 57 57 1
! 7826 105081 SHIELD
! 82548 69711 0
> 5503 7967 -112 325 -135 2
> 7452 6203 -44 330 -74 2
> 7786 5371 27 95 90 1
> 4352 6836 -409 48 39 1
! -8639 -6175 200 sims=321615 RUNNER
! 6754 -13785 0 sims=321615 BLOCKER
> 5503 7967 -112 325 -135 2
> 7452 6203 -44 330 -74 2
> 7786 5371 27 95 90 1
> 4352 6836 -409 48 39 1
! 38687 100476 200
! 82066 69768 200
> 5250 8151 -215 156 -135 2
> 7408 6533 -37 280 -92 2
> 7813 5466 22 80 72 2
> 4098 7010 -215 147 39 1
! -8892 -5991 200 sims=315231 RUNNER
! 568 -12261 0 sims=315231 BLOCKER
> 5250 8151 -215 156 -135 2
> 7408 6533 -37 280 -92 2
> 7813 5466 22 80 72 2
> 4098 7010 -215 147 39 1
! 66591 86367 200
! 81812 69942 200
> 4894 8166 -302 12 -135 2
> 7371 6813 -31 238 -110 2
> 7835 5546 18 68 54 2
> 4038 7283 -50 231 39 1
! -4186 -9654 200 sims=308672 RUNNER
! -4942 -8947 0 sims=308672 BLOCKER
> 4894 8166 -302 12 -135 2
> 7371 6813 -31 238 -110 2
> 7835 5546 18 68 54 2
> 4038 7283 -50 231 39 1
! 38736 100651 0
! 81752 70215 200
> 4706 8209 95 297 -117 2
> 7340 7051 -26 202 -128 2
> 7853 5614 15 57 72 2
> 3939 7431 -339 -135 39 1
! -9436 -5933 200 sims=316127 RUNNER
! -9241 -4133 200 sims=316127 BLOCKER
> 4706 8209 95 297 -117 2
> 7340 7051 -26 202 -128 2
> 7853 5614 15 57 72 2
> 3939 7431 -339 -135 39 1
! 7853 105614 0
! 81653 70363 200
> 4660 8365 -39 132 -135 2
> 7148 7141 -163 76 -146 2
> 7868 5671 12 48 90 2
> 3755 7422 -156 -7 39 1
! -9482 -5777 200 sims=297976 RUNNER
! -12077 1628 200 sims=297976 BLOCKER
> 4660 8365 -39 132 -135 2
> 7148 7141 -163 76 -146 2
> 7868 5671 12 48 90 2
> 3755 7422 -156 -7 39 1
! -23033 100776 0
! 81469 70354 200
> 4480 8356 -153 -8 -135 2
> 6793 7162 -301 17 -164 2
> 7880 5719 10 40 108 2
> 3754 7541 0 101 39 1
! -9662 -5786 200 sims=286090 RUNNER
! -13195 7860 200 sims=286090 BLOCKER
> 4480 8356 -153 -8 -135 2
> 6793 7162 -301 17 -164 2
> 7880 5719 10 40 108 2
> 3754 7541 0 101 39 1
! -50898 86620 200
! 81468 70473 200
> 4363 8429 54 254 -135 2
> 6292 7186 -425 20 -182 2
> 7772 5921 -91 171 126 2
> 3732 7545 -172 -188 39 1
! -4717 -9391 200 sims=303527 RUNNER
! -12933 1673 0 sims=303527 BLOCKER
> 4363 8429 54 254 -135 2
> 6292 7186 -425 20 -182 2
> 7772 5921 -91 171 126 2
> 3732 7545 -172 -188 39 1
! -73129 64699 200
! 81446 70477 200
> 4326 8505 -31 64 -117 2
> 5867 7206 -361 17 -164 2
> 7519 6210 -214 245 144 2
> 3715 7483 -14 -52 39 1
! -9816 -5637 200 sims=260848 RUNNER
! -14121 7904 0 sims=260848 BLOCKER
> 4326 8505 -31 64 -117 2
> 5867 7206 -361 17 -164 2
> 7519 6210 -214 245 144 2
> 3715 7483 -14 -52 39 1
! -87586 37111 200
! 81429 70415 200
> 4154 8428 -146 -65 -135 2
> 5506 7223 -306 14 -182 2
> 7115 6517 -343 260 162 2
> 3856 7557 120 62 39 1
! -4926 -9392 200 sims=240471 RUNNER
! -13288 14063 0 sims=240471 BLOCKER
> 4154 8428 -146 -65 -135 2
> 5506 7223 -306 14 -182 2
> 7115 6517 -343 260 162 2
> 3856 7557 120 62 39 1
! -92885 6517 0
! 58319 91424 200
> 4033 8627 -77 266 -117 2
> 5200 7237 -260 11 160 2
> 6772 6777 -291 221 180 2
> 3969 7344 70 -277 57 1
! 904 -11127 0 sims=266266 RUNNER
! -14788 7935 0 sims=266266 BLOCKER
> 4033 8627 -77 266 -117 2
> 5200 7237 -260 11 160 2
> 6772 6777 -291 221 180 2
> 3969 7344 70 -277 57 1
! -88333 -24124 200
! 29850 103936 200
> 3956 8893 -65 226 -99 2
> 4940 7248 -221 9 178 2
> 6291 6936 -409 135 -162 2
> 4091 7260 103 -71 75 1
! 7085 -10861 200 sims=260372 RUNNER
! -14285 1735 0 sims=260372 BLOCKER
> 3956 8893 -65 226 -99 2
> 4940 7248 -221 9 178 2
> 6291 6936 -409 135 -162 2
> 4091 7260 103 -71 75 1
! -88814 -23965 0
! 58554 91127 200
> 3922 8921 -28 24 -81 2
> 5100 7247 177 -2 196 2
> 5882 7071 -347 114 -162 2
> 3922 7367 -185 92 57 1
! 793 -10833 200 sims=308084 RUNNER
! -14125 1734 SHIELD sims=308084 BLOCKER
> 3922 8921 -28 24 -81 2
> 5100 7247 177 -2 196 2
> 5882 7071 -347 114 -162 2
> 3922 7367 -185 92 57 1
! -94118 7071 0
! 29803 103959 200
> 3863 8747 -50 -147 -99 2
> 5182 7266 69 16 -164 2
> 6484 6971 514 -85 180 2
> 3789 7652 -113 242 75 1
! 734 -11007 SHIELD sims=313712 RUNNER
! -14806 7964 0 sims=313712 BLOCKER
> 3863 8747 -50 -147 -99 2
> 5182 7266 69 16 -164 2
> 6484 6971 514 -85 180 2
> 3789 7652 -113 242 75 1
! -93516 6971 200
! 29670 104244 SHIELD
> 3826 8680 6 189 -99 2
> 5251 7282 58 13 -182 2
> 6798 6886 266 -72 180 2
> 3663 7814 -145 -108 75 1
! -5254 -9140 0 sims=307356 RUNNER
! -14737 7980 0 sims=307356 BLOCKER
> 3826 8680 6 189 -99 2
> 5251 7282 58 13 -182 2
> 6798 6886 266 -72 180 2
> 3663 7814 -145 -108 75 1
! -88307 37787 200
! -1570 107676 0
> 3832 8869 5 160 -117 2
> 5309 7295 49 11 178 2
> 6874 6876 64 -8 162 2
> 3518 7706 -123 -91 93 1
! 703 -10885 0 sims=279076 RUNNER
! -14679 7993 0 sims=279076 BLOCKER
> 3832 8869 5 160 -117 2
> 5309 7295 49 11 178 2
> 6874 6876 64 -8 162 2
> 3518 7706 -123 -91 93 1
! -88231 37777 200
! 29399 104298 0
> 3837 9029 4 136 -99 2
> 5358 7306 41 9 178 2
> 6748 6930 -107 45 162 2
> 3395 7615 -104 -77 75 1
! 708 -10725 0 sims=264705 RUNNER
! -13867 1793 0 sims=264705 BLOCKER
> 3837 9029 4 136 -99 2
> 5358 7306 41 9 178 2
> 6748 6930 -107 45 162 2
> 3395 7615 -104 -77 75 1
! -93252 6930 0
! 29276 104207 0
> 3841 9165 3 115 -99 2
> 5399 7315 34 7 196 2
> 6641 6975 -90 38 180 2
> 3291 7538 -88 -65 75 1
! 712 -10589 200 sims=276339 RUNNER
! -14589 8013 0 sims=276339 BLOCKER
> 3841 9165 3 115 -99 2
> 5399 7315 34 7 196 2
> 6641 6975 -90 38 180 2
> 3291 7538 -88 -65 75 1
! -88464 -23926 0
! 57754 91405 200
> 3813 9082 -24 -70 -99 2
> 5433 7322 28 5 178 2
> 6551 7013 -76 32 -162 2
> 3312 7641 17 87 57 1
! -5267 -8738 200 sims=253680 RUNNER
! -13792 1809 0 sims=253680 BLOCKER
> 3813 9082 -24 -70 -99 2
> 5433 7322 28 5 178 2
> 6551 7013 -76 32 -162 2
> 3312 7641 17 87 57 1
! -93449 7013 0
! 57775 91508 200
> 3698 8834 -97 -210 -117 2
> 5461 7327 23 4 196 2
> 6475 7045 -64 27 180 2
> 3438 7896 107 216 57 1
! -5382 -8986 SHIELD sims=251104 RUNNER
! -14527 8025 0 sims=251104 BLOCKER
> 3698 8834 -97 -210 -117 2
> 5461 7327 23 4 196 2
> 6475 7045 -64 27 180 2
> 3438 7896 107 216 57 1
! -93525 7045 0
! 57901 91763 SHIELD
> 3667 8905 7 203 -117 2
> 5484 7331 19 3 178 2
> 6411 7072 -54 22 180 2
> 3479 7831 0 -198 57 1
! -5413 -8915 0 sims=288911 RUNNER
! -13741 1818 0 sims=288911 BLOCKER
> 3667 8905 7 203 -117 2
> 5484 7331 19 3 178 2
> 6411 7072 -54 22 180 2
> 3479 7831 0 -198 57 1
! -93589 7072 200
! 81193 70763 0
> 3674 9108 5 172 -117 2
> 5404 7366 -198 72 196 2
> 6256 7062 -1 -51 180 2
> 3479 7633 0 -168 39 1
! 545 -10646 0 sims=282058 RUNNER
! -11177 -3818 0 sims=282058 BLOCKER
> 3674 9108 5 172 -117 2
> 5404 7366 -198 72 196 2
> 6256 7062 -1 -51 180 2
> 3479 7633 0 -168 39 1
! -88849 37963 200
! 96837 43469 200
> 3679 9280 4 146 -99 2
> 5206 7438 -168 61 -146 2
> 6065 7073 -162 9 162 2
> 3479 7465 0 -142 21 1
! -5401 -8540 0 sims=254492 RUNNER
! -7107 -8322 0 sims=254492 BLOCKER
> 3679 9280 4 146 -99 2
> 5206 7438 -168 61 -146 2
> 6065 7073 -162 9 162 2
> 3479 7465 0 -142 21 1
! -89040 37974 0
! 81193 70397 0
> 3683 9426 3 124 -117 2
> 5038 7499 -142 51 -128 2
> 5903 7082 -137 7 162 2
> 3479 7323 0 -120 39 1
! 554 -10328 200 sims=244531 RUNNER
! -1802 -11295 0 sims=244531 BLOCKER
> 3683 9426 3 124 -117 2
> 5038 7499 -142 51 -128 2
> 5903 7082 -137 7 162 2
> 3479 7323 0 -120 39 1
! -89202 37983 200
! 96837 43159 200
> 3655 9352 -24 -62 -99 2
> 4884 7557 -271 130 -110 2
> 5588 7144 -127 -28 162 2
> 3666 7275 158 -41 21 1
! 526 -10402 200 sims=238462 RUNNER
! 4186 -12431 200 sims=238462 BLOCKER
> 3655 9352 -24 -62 -99 2
> 4884 7557 -271 130 -110 2
> 5588 7144 -127 -28 162 2
> 3666 7275 158 -41 21 1
! -75313 65922 0
! 81380 70207 200
> 3600 9092 -46 -220 -99 2
> 4763 7521 271 49 -92 2
> 5461 7116 -107 -23 144 2
> 3822 7326 -241 -36 39 1
! 471 -10662 200 sims=261303 RUNNER
! -2077 -11273 0 sims=261303 BLOCKER
> 3600 9092 -46 -220 -99 2
> 4763 7521 271 49 -92 2
> 5461 7116 -107 -23 144 2
> 3822 7326 -241 -36 39 1
! -75440 65894 0
! 81536 70258 200
> 3523 8674 -65 -354 -99 2
> 4791 7713 18 166 -110 2
> 5597 6950 120 -144 144 2
> 3736 7416 -72 76 39 1
! 6652 -11080 200 sims=239561 RUNNER
! -2049 -11081 200 sims=239561 BLOCKER
> 3523 8674 -65 -354 -99 2
> 4791 7713 18 166 -110 2
> 5597 6950 120 -144 144 2
> 3736 7416 -72 76 39 1
! -75304 65728 200
! 58199 91283 SHIELD
> 3428 8381 -248 463 -81 2
> 4741 7691 -42 -18 -110 2
> 5555 6924 -35 -22 144 2
> 3670 7466 -39 -28 57 1
! 299 -11373 200 sims=264593 RUNNER
! 4043 -12297 0 sims=264593 BLOCKER
> 3428 8381 -248 463 -81 2
> 4741 7691 -42 -18 -110 2
> 5555 6924 -35 -22 144 2
> 3670 7466 -39 -28 57 1
! -89550 37825 200
! 58133 91333 0
> 3149 8646 -237 225 -99 2
> 4699 7673 -35 -15 -92 2
> 5330 6964 -191 33 162 2
> 3631 7438 -33 -23 57 1
! 6278 -11108 200 sims=236418 RUNNER
! 4001 -12315 200 sims=236418 BLOCKER
> 3149 8646 -237 225 -99 2
> 4699 7673 -35 -15 -92 2
> 5330 6964 -191 33 162 2
> 3631 7438 -33 -23 57 1
! -89775 37865 200
! 58094 91305 0
> 2943 8673 -174 23 -81 2
> 4457 7691 -287 111 -92 2
> 5148 6826 -72 -213 162 2
> 3598 7415 -28 -19 57 1
! 12023 -9147 200 sims=238602 RUNNER
! 3759 -12297 200 sims=238602 BLOCKER
> 2943 8673 -174 23 -81 2
> 4457 7691 -287 111 -92 2
> 5148 6826 -72 -213 162 2
> 3598 7415 -28 -19 57 1
! -89957 37727 200
! 29479 104007 SHIELD
> 2860 8518 -70 -131 -63 2
> 4461 7700 153 57 -92 2
> 4886 6675 -222 -128 162 2
> 3540 7386 -64 -29 75 1
! 17002 -5624 0 sims=236075 RUNNER
! -2379 -11094 200 sims=236075 BLOCKER
> 2860 8518 -70 -131 -63 2
> 4461 7700 153 57 -92 2
> 4886 6675 -222 -128 162 2
> 3540 7386 -64 -29 75 1
! -76015 65453 200
! 58003 91253 0
> 2790 8387 -59 -111 -45 2
> 4546 7569 71 -111 -110 2
> 4502 6665 -326 -8 144 2
> 3476 7357 -54 -24 57 1
! 11870 -9433 0 sims=228921 RUNNER
! -7767 -8191 200 sims=228921 BLOCKER
> 2790 8387 -59 -111 -45 2
> 4546 7569 71 -111 -110 2
> 4502 6665 -326 -8 144 2
> 3476 7357 -54 -24 57 1
! -54276 87566 200
! 81190 70289 0
> 2731 8276 -50 -94 -63 2
> 4541 7539 11 54 -128 2
> 4011 6580 -432 -151 126 2
> 3422 7333 -45 -20 39 1
! 11811 -9544 200 sims=249872 RUNNER
! -7772 -8221 200 sims=249872 BLOCKER
> 2731 8276 -50 -94 -63 2
> 4541 7539 11 54 -128 2
> 4011 6580 -432 -151 126 2
> 3422 7333 -45 -20 39 1
! -26890 101685 200
! 96780 43169 200
> 2772 8004 34 -231 -63 2
> 4429 7435 -95 -88 -128 2
> 3567 6516 -328 -156 108 2
> 3328 7416 -129 172 21 1
! 11852 -9816 SHIELD sims=239869 RUNNER
! -12152 -3749 200 sims=239869 BLOCKER
> 2772 8004 34 -231 -63 2
> 4429 7435 -95 -88 -128 2
> 3567 6516 -328 -156 108 2
> 3328 7416 -129 172 21 1
! 3567 106516 200
! 103190 12649 SHIELD
> 2533 8059 -208 52 -63 3
> 4351 7224 404 -208 -146 2
> 3232 6485 -297 -155 90 2
> 3454 7311 66 -79 3 1
! 16675 -6083 0 sims=285845 RUNNER
! -7962 -8536 0 sims=285845 BLOCKER
> 2533 8059 -208 52 -63 3
> 4351 7224 404 -208 -146 2
> 3232 6485 -297 -155 90 2
> 3454 7311 66 -79 3 1
! 34133 101590 200
! 103316 12544 0
> 2325 8111 -176 44 -45 3
> 4755 7016 343 -176 -128 2
> 2997 6520 -199 29 72 2
> 3520 7232 56 -67 3 1
! 20145 -969 0 sims=313040 RUNNER
! -2085 -11778 0 sims=313040 BLOCKER
> 2325 8111 -176 44 -45 3
> 4755 7016 343 -176 -128 2
> 2997 6520 -199 29 72 2
> 3520 7232 56 -67 3 1
! 33898 101625 200
! 96878 43068 0
> 2149 8155 -149 37 -27 3
> 5098 6840 291 -149 -110 2
> 2860 6739 -116 186 72 2
> 3576 7165 47 -56 21 1
! 16291 -5987 0 sims=302764 RUNNER
! 4400 -13148 0 sims=302764 BLOCKER
> 2149 8155 -149 37 -27 3
> 5098 6840 291 -149 -110 2
> 2860 6739 -116 186 72 2
> 3576 7165 47 -56 21 1
! 33761 101844 200
! 103438 12398 SHIELD
> 2000 8192 -126 31 -45 3
> 5389 6691 247 -126 -92 2
> 2703 7078 -180 270 72 3
> 3633 7113 53 -42 3 1
! 19820 -888 0 sims=299159 RUNNER
! 10902 -12534 0 sims=299159 BLOCKER
> 2000 8192 -126 31 -45 3
> 5389 6691 247 -126 -92 2
> 2703 7078 -180 270 72 3
> 3633 7113 53 -42 3 1
! 61481 87979 0
! 103495 12346 0
> 1874 8223 -107 26 -27 3
> 5636 6565 209 -107 -74 2
> 2523 7348 -153 229 54 3
> 3686 7071 45 -35 3 1
! 21628 5094 200 sims=322854 RUNNER
! 16820 -10016 200 sims=322854 BLOCKER
> 1874 8223 -107 26 -27 3
> 5636 6565 209 -107 -74 2
> 2523 7348 -153 229 54 3
> 3686 7071 45 -35 3 1
! 83424 66126 0
! 100278 -18810 0
> 1942 8253 -75 230 -9 3
> 5957 6292 272 -231 -56 2
> 2393 7542 22 -39 36 3
> 3731 7036 38 -29 -15 1
! 19762 -827 200 sims=317884 RUNNER
! 21717 -6021 0 sims=317884 BLOCKER
> 1942 8253 -75 230 -9 3
> 5957 6292 272 -231 -56 2
> 2393 7542 22 -39 36 3
> 3731 7036 38 -29 -15 1
! 97498 38443 200
! 100323 -18846 0
> 2045 8392 87 118 -27 3
> 6229 6061 231 -196 -38 2
> 2605 7565 180 19 18 3
> 3769 7007 32 -24 -15 1
! 19865 -688 200 sims=300454 RUNNER
! 25023 -779 0 sims=300454 BLOCKER
> 2045 8392 87 118 -27 3
> 6229 6061 231 -196 -38 2
> 2605 7565 180 19 18 3
> 3769 7007 32 -24 -15 1
! 102605 7564 200
! 87635 -47457 200
> 2310 8419 225 23 -27 3
> 6460 5865 196 -166 -20 2
> 2985 7584 322 16 0 3
> 3969 6874 169 -112 -33 1
! 20130 -661 200 sims=297297 RUNNER
! 22220 -6448 0 sims=297297 BLOCKER
> 2310 8419 225 23 -27 3
> 6460 5865 196 -166 -20 2
> 2985 7584 322 16 0 3
> 3969 6874 169 -112 -33 1
! 98090 -23317 200
! 87835 -47590 200
> 2713 8351 342 -57 -27 3
> 6656 5699 166 -141 -38 2
> 3497 7538 435 -38 -18 3
> 4306 6653 286 -187 -33 1
! 20533 -729 200 sims=307251 RUNNER
! 25450 -1141 0 sims=307251 BLOCKER
> 2713 8351 342 -57 -27 3
> 6656 5699 166 -141 -38 2
> 3497 7538 435 -38 -18 3
> 4306 6653 286 -187 -33 1
! 98602 -23363 200
! 100898 -19229 0
> 3233 8203 442 -125 -27 3
> 6822 5558 141 -119 -20 2
> 4122 7438 531 -84 -18 3
> 4592 6466 243 -158 -15 1
! 17375 -5939 200 sims=284207 RUNNER
! 26810 4860 0 sims=284207 BLOCKER
> 3233 8203 442 -125 -27 3
> 6822 5558 141 -119 -20 2
> 4122 7438 531 -84 -18 3
> 4592 6466 243 -158 -15 1
! 85023 -51340 200
! 104454 11699 0
> 3816 7937 495 -226 -45 3
> 6963 5439 119 -101 -2 2
> 4815 7236 588 -171 -36 3
> 4835 6308 206 -134 3 1
! 21636 -1143 200 sims=280847 RUNNER
! 26188 10952 0 sims=280847 BLOCKER
> 3816 7937 495 -226 -45 3
> 6963 5439 119 -101 -2 2
> 4815 7236 588 -171 -36 3
> 4835 6308 206 -134 3 1
! 63593 -73665 200
! 98193 42144 0
> 4489 7620 572 -269 -27 3
> 7082 5338 101 -85 16 2
> 5521 6903 599 -282 -54 3
> 5041 6174 175 -113 21 1
! 24243 4491 200 sims=281575 RUNNER
! 23663 16522 0 sims=281575 BLOCKER
> 4489 7620 572 -269 -27 3
> 7082 5338 101 -85 16 2
> 5521 6903 599 -282 -54 3
> 5041 6174 175 -113 21 1
! 64299 -73998 200
! 98399 42010 200
> 5259 7320 654 -255 -9 3
> 7183 5253 85 -72 34 2
> 6238 6459 609 -377 -54 3
> 5403 6133 307 -35 21 1
! 23079 -1760 200 sims=261723 RUNNER
! 19496 21013 0 sims=261723 BLOCKER
> 5259 7320 654 -255 -9 3
> 7183 5253 85 -72 34 2
> 6238 6459 609 -377 -54 3
> 5403 6133 307 -35 21 1
! 37139 -88646 200
! 83117 69065 200
> 6096 6990 779 -26 -27 3
> 7270 5178 344 -596 52 2
> 6907 5895 298 53 -72 3
> 5861 6208 321 -190 39 1
! 20238 -7152 0 sims=270326 RUNNER
! 14110 23972 200 sims=270326 BLOCKER
> 6096 6990 779 -26 -27 3
> 7270 5178 344 -596 52 2
> 6907 5895 298 53 -72 3
> 5861 6208 321 -190 39 1
! 37808 -89210 200
! 99219 42044 0
> 6875 6964 662 -22 -45 3
> 7682 4770 350 -346 70 2
> 7267 5758 305 -116 -72 3
> 6182 6018 272 -161 21 1
! 15955 -10856 0 sims=264530 RUNNER
! 8380 24758 200 sims=264530 BLOCKER
> 6875 6964 662 -22 -45 3
> 7682 4770 350 -346 70 2
> 7267 5758 305 -116 -72 3
> 6182 6018 272 -161 21 1
! 66045 -75143 200
! 106044 11251 0
> 7537 6942 562 -18 -63 3
> 8039 4624 303 -124 88 2
> 7690 5480 359 -236 -54 3
> 6454 5857 231 -136 3 1
! 10666 -12812 200 sims=262297 RUNNER
! 2526 23849 200 sims=262297 BLOCKER
> 7537 6942 562 -18 -63 3
> 8039 4624 303 -124 88 2
> 7690 5480 359 -236 -54 3
> 6454 5857 231 -136 3 1
! 66468 -75421 200
! 106316 11090 200
> 8130 6726 504 -183 -81 3
> 8431 4327 372 -351 106 2
> 8022 5448 243 70 -54 3
> 6885 5731 366 -106 3 1
! 5001 -13028 200 sims=273665 RUNNER
! 9129 24315 200 sims=273665 BLOCKER
> 8130 6726 504 -183 -81 3
> 8431 4327 372 -351 106 2
> 8022 5448 243 70 -54 3
> 6885 5731 366 -106 3 1
! 66800 -75453 200
! 106747 10964 0
> 8603 6345 401 -323 -99 3
> 8810 4176 322 -128 88 2
> 8383 5356 306 -78 -54 3
> 7251 5625 311 -90 3 2
! 5474 -13409 200 sims=243341 RUNNER
! 15650 22970 200 sims=243341 BLOCKER
> 8603 6345 401 -323 -99 3
> 8810 4176 322 -128 88 2
> 8383 5356 306 -78 -54 3
> 7251 5625 311 -90 3 2
! 89284 -53422 200
! 100609 41461 0
> 8997 5947 371 -160 -99 3
> 9200 4236 331 50 70 2
> 8826 5038 340 -447 -36 3
> 7562 5535 264 -76 21 2
! -83 -11873 0 sims=281771 RUNNER
! 16040 23030 SHIELD sims=281771 BLOCKER
> 8997 5947 371 -160 -99 3
> 9200 4236 331 50 70 2
> 8826 5038 340 -447 -36 3
> 7562 5535 264 -76 21 2
! 103931 -25863 200
! 100920 41371 200
> 9450 6040 444 265 -117 3
> 9571 4203 320 -39 70 2
> 8878 5104 -72 -11 -18 3
> 8013 5531 383 -3 21 2
! 370 -11780 200 sims=285649 RUNNER
! 21884 19963 0 sims=285649 BLOCKER
> 9450 6040 444 265 -117 3
> 9571 4203 320 -39 70 2
> 8878 5104 -72 -11 -18 3
> 8013 5531 383 -3 21 2
! 108878 5103 200
! 107875 10764 200
> 9803 6127 300 73 -117 3
> 9891 4164 272 -33 52 2
> 9185 4977 373 -181 0 3
> 8417 5655 230 178 3 2
! 723 -11693 200 sims=301686 RUNNER
! 26472 15348 0 sims=301686 BLOCKER
> 9803 6127 300 73 -117 3
> 9891 4164 272 -33 52 2
> 9185 4977 373 -181 0 3
> 8417 5655 230 178 3 2
! 104290 35878 200
! 105009 -20226 200
> 10012 6022 177 -89 -117 3
> 10163 4131 231 -28 34 2
> 9748 4858 478 -101 18 4
> 8840 5781 359 107 -15 2
! 932 -11798 200 sims=297983 RUNNER
! 26744 15315 SHIELD sims=297983 BLOCKER
> 10012 6022 177 -89 -117 3
> 10163 4131 231 -28 34 2
> 9748 4858 478 -101 18 4
> 8840 5781 359 107 -15 2
! 90649 63636 200
! 105432 -20101 200
> 10180 5815 394 178 -117 3
> 10400 4088 203 -41 34 2
> 10335 4966 539 -222 36 4
> 9300 5838 79 55 -15 2
! -3962 -8327 200 sims=352744 RUNNER
! 22713 19848 0 sims=352744 BLOCKER
> 10180 5815 394 178 -117 3
> 10400 4088 203 -41 34 2
> 10335 4966 539 -222 36 4
> 9300 5838 79 55 -15 2
! 69113 85867 200
! 105892 -20044 200
> 10433 5852 214 31 -135 3
> 10603 4047 172 -34 52 2
> 10992 4906 558 -51 54 4
> 9572 5841 231 2 -15 2
! 1353 -11968 200 sims=301462 RUNNER
! 17443 22841 0 sims=301462 BLOCKER
> 10433 5852 214 31 -135 3
> 10603 4047 172 -34 52 2
> 10992 4906 558 -51 54 4
> 9572 5841 231 2 -15 2
! 41893 100011 200
! 93438 -48623 200
> 10771 5705 339 -124 -117 3
> 10775 4013 146 -28 70 2
> 11612 5045 526 118 72 4
> 9756 5734 104 -91 -33 2
! 1691 -12115 200 sims=298977 RUNNER
! 11473 24001 0 sims=298977 BLOCKER
> 10771 5705 339 -124 -117 3
> 10775 4013 146 -28 70 2
> 11612 5045 526 118 72 4
> 9756 5734 104 -91 -33 2
! 42513 100150 200
! 93622 -48730 0
> 11019 5403 210 -256 -117 3
> 10921 3985 124 -23 88 2
> 12200 5353 499 261 72 4
> 9860 5643 88 -77 -33 2
! -3123 -8739 0 sims=294665 RUNNER
! 5408 23210 200 sims=294665 BLOCKER
> 11019 5403 210 -256 -117 3
> 10921 3985 124 -23 88 2
> 12200 5353 499 261 72 4
> 9860 5643 88 -77 -33 2
! 43101 100458 200
! 93726 -48821 200
> 11229 5147 178 -217 -135 3
> 10990 4154 58 143 106 2
> 12761 5804 476 383 72 4
> 10116 5457 217 -158 -33 2
! -2913 -8995 200 sims=285894 RUNNER
! -194 20735 200 sims=285894 BLOCKER
> 11229 5147 178 -217 -135 3
> 10990 4154 58 143 106 2
> 12761 5804 476 383 72 4
> 10116 5457 217 -158 -33 2
! 71539 86705 200
! 106708 -20425 200
> 11395 5148 203 172 -135 3
> 10807 4104 -218 -214 124 2
> 13355 6349 504 463 54 4
> 10526 5247 348 -178 -15 2
! -6425 -3932 0 sims=319480 RUNNER
! -4953 16417 200 sims=319480 BLOCKER
> 11395 5148 203 172 -135 3
> 10807 4104 -218 -214 124 2
> 13355 6349 504 463 54 4
> 10526 5247 348 -178 -15 2
! 44256 101454 0
! 110388 10480 200
> 11883 5309 476 134 -153 3
> 10431 4013 -319 -77 142 2
> 13859 6812 428 393 72 4
> 10789 5090 161 -130 3 2
! -7871 2180 200 sims=327782 RUNNER
! -8363 10853 0 sims=327782 BLOCKER
> 11883 5309 476 134 -153 3
> 10431 4013 -319 -77 142 2
> 13859 6812 428 393 72 4
> 10789 5090 161 -130 3 2
! 13859 106812 0
! 104147 40926 0
> 12161 5412 236 87 -171 3
> 10112 3936 -271 -65 160 2
> 14287 7205 363 334 90 5
> 10950 4960 136 -110 21 2
! -7593 8541 200 sims=337414 RUNNER
! -9876 4634 0 sims=337414 BLOCKER
> 12161 5412 236 87 -171 3
> 10112 3936 -271 -65 160 2
> 14287 7205 363 334 90 5
> 10950 4960 136 -110 21 2
! -16614 102310 0
! 88664 67892 200
> 12199 5530 32 100 -189 3
> 9841 3871 -230 -55 178 2
> 14650 7539 308 283 108 5
> 11241 4976 247 13 39 2
! -7555 8659 200 sims=330239 RUNNER
! -8953 10711 0 sims=330239 BLOCKER
> 12199 5530 32 100 -189 3
> 9841 3871 -230 -55 178 2
> 14650 7539 308 283 108 5
> 11241 4976 247 13 39 2
! -44128 88440 0
! 65704 88843 200
> 12140 5753 135 348 171 3
> 9611 3816 -195 -46 160 2
> 14958 7822 261 240 126 5
> 11491 5065 26 -83 57 2
! -7614 2624 200 sims=316036 RUNNER
! -10377 4514 0 sims=316036 BLOCKER
> 12140 5753 135 348 171 3
> 9611 3816 -195 -46 160 2
> 14958 7822 261 240 126 5
> 11491 5065 26 -83 57 2
! -65943 66600 0
! 37372 101657 0
> 12077 6070 -53 269 189 3
> 9416 3770 -165 -39 178 2
> 15219 8062 221 204 144 5
> 11517 4982 22 -70 75 2
! -5743 -3010 200 sims=342244 RUNNER
! -9378 10610 0 sims=342244 BLOCKER
> 12077 6070 -53 269 189 3
> 9416 3770 -165 -39 178 2
> 15219 8062 221 204 144 5
> 11517 4982 22 -70 75 2
! -79886 38963 200
! 6283 104844 200
> 11846 6248 -196 151 207 3
> 9251 3731 -140 -33 160 2
> 15250 8328 26 225 162 5
> 11529 5112 9 110 93 2
! -7908 3119 200 sims=340228 RUNNER
! -10737 4429 0 sims=340228 BLOCKER
> 11846 6248 -196 151 207 3
> 9251 3731 -140 -33 160 2
> 15250 8328 26 225 162 5
> 11529 5112 9 110 93 2
! -84750 8328 200
! -24307 98470 200
> 11452 6368 -334 101 -171 3
> 9111 3698 -119 -28 178 2
> 15076 8553 -147 191 180 5
> 11466 5409 -53 252 111 2
! -6368 -2712 0 sims=334446 RUNNER
! -9683 10538 0 sims=334446 BLOCKER
> 11452 6368 -334 101 -171 3
> 9111 3698 -119 -28 178 2
> 15076 8553 -147 191 180 5
> 11466 5409 -53 252 111 2
! -80029 -22348 200
! -51465 83123 200
> 11102 6600 -313 326 -153 3
> 8992 3670 -101 -23 160 2
> 14739 8682 -286 109 -162 5
> 11303 5686 -122 105 129 2
! -3040 -7542 200 sims=327243 RUNNER
! -10996 4368 0 sims=327243 BLOCKER
> 11102 6600 -313 326 -153 3
> 8992 3670 -101 -23 160 2
> 14739 8682 -286 109 -162 5
> 11303 5686 -122 105 129 2
! -66162 -50096 200
! -72564 60149 0
> 10648 6785 -386 156 -135 3
> 8891 3647 -85 -19 178 2
> 14291 8673 -380 -7 -144 5
> 11181 5791 -103 89 147 2
! 1568 -11035 200 sims=333907 RUNNER
! -9903 10487 0 sims=333907 BLOCKER
> 10648 6785 -386 156 -135 3
> 8891 3647 -85 -19 178 2
> 14291 8673 -380 -7 -144 5
> 11181 5791 -103 89 147 2
! -80814 -22228 200
! -85411 31672 200
> 10171 6763 -405 -18 -117 3
> 8806 3628 -72 -16 160 2
> 13721 8604 -484 -58 -162 5
> 10885 5932 -251 119 165 2
! 7042 -12991 0 sims=302442 RUNNER
! -6954 15941 0 sims=302442 BLOCKER
> 10171 6763 -405 -18 -117 3
> 8806 3628 -72 -16 160 2
> 13721 8604 -484 -58 -162 5
> 10885 5932 -251 119 165 2
! -67180 -50174 200
! -88977 698 200
> 9766 6745 -344 -15 -99 3
> 8734 3612 -61 -13 142 2
> 13075 8428 -548 -149 -144 5
> 10434 6041 -383 92 183 2
! 12895 -13009 0 sims=283360 RUNNER
! -10060 10452 0 sims=283360 BLOCKER
> 9766 6745 -344 -15 -99 3
> 8734 3612 -61 -13 142 2
> 13075 8428 -548 -149 -144 5
> 10434 6041 -383 92 183 2
! -45703 -72473 200
! -82924 -29795 0
> 9422 6730 -292 -12 -81 3
> 8673 3599 -51 -11 160 2
> 12409 8117 -565 -264 -126 5
> 10051 6133 -325 78 -159 2
! 18502 -11090 200 sims=284858 RUNNER
! -7087 15912 0 sims=284858 BLOCKER
> 9422 6730 -292 -12 -81 3
> 8673 3599 -51 -11 160 2
> 12409 8117 -565 -264 -126 5
> 10051 6133 -325 78 -159 2
! -46369 -72784 200
! -89811 899 0
> 9068 6675 -343 -9 -63 3
> 8622 3588 -43 -9 142 2
> 11726 7691 -580 -361 -126 5
> 9879 6076 -104 -86 -177 2
! 23210 -7467 0 sims=283619 RUNNER
! -10172 10428 0 sims=283619 BLOCKER
> 9068 6675 -343 -9 -63 3
> 8622 3588 -43 -9 142 2
> 11726 7691 -580 -361 -126 5
> 9879 6076 -104 -86 -177 2
! -69175 -51087 200
! -89983 842 200
> 8725 6666 -291 -7 -45 3
> 8579 3579 -36 -7 160 2
> 10984 7212 -630 -406 -144 5
> 9575 5980 -258 -81 -177 2
! 26545 -2414 0 sims=265895 RUNNER
! -7181 15892 0 sims=265895 BLOCKER
> 8725 6666 -291 -7 -45 3
> 8579 3579 -36 -7 160 2
> 10984 7212 -630 -406 -144 5
> 9575 5980 -258 -81 -177 2
! -69917 -51566 0
! -87017 31861 0
> 8434 6659 -247 -5 -27 3
> 8543 3572 -30 -5 142 2
> 10354 6806 -535 -345 -144 5
> 9317 5899 -219 -68 165 2
! 22576 -7483 0 sims=273602 RUNNER
! -2641 20153 200 sims=273602 BLOCKER
> 8434 6659 -247 -5 -27 3
> 8543 3572 -30 -5 142 2
> 10354 6806 -535 -345 -144 5
> 9317 5899 -219 -68 165 2
! -84751 -24095 0
! -74550 60362 200
> 8187 6654 -209 -4 -45 3
> 8401 3733 -120 136 124 2
> 9819 6461 -454 -293 -162 5
> 8930 5940 -328 34 147 2
! 26007 -2426 0 sims=257572 RUNNER
! 2888 22958 0 sims=257572 BLOCKER
> 8187 6654 -209 -4 -45 3
> 8401 3733 -120 136 124 2
> 9819 6461 -454 -293 -162 5
> 8930 5940 -328 34 147 2
! -71082 -52317 0
! -54002 83654 200
> 7922 6707 -362 184 -27 3
> 8281 3869 -102 115 106 2
> 9365 6168 -385 -249 -144 5
> 8532 6073 -201 -26 129 2
! 22064 -7435 200 sims=262514 RUNNER
! 8979 23857 200 sims=262514 BLOCKER
> 7922 6707 -362 184 -27 3
> 8281 3869 -102 115 106 2
> 9365 6168 -385 -249 -144 5
> 8532 6073 -201 -26 129 2
! -71536 -52610 200
! -27304 99431 200
> 7563 6905 -362 232 -45 3
> 8186 4184 -80 267 88 2
> 9076 5811 -215 -302 -144 5
> 8140 6069 -306 -69 111 2
! 25383 -2175 200 sims=276402 RUNNER
! 15026 22978 200 sims=276402 BLOCKER
> 7563 6905 -362 232 -45 3
> 8186 4184 -80 267 88 2
> 9076 5811 -215 -302 -144 5
> 8140 6069 -306 -69 111 2
! -86029 -25090 200
! 2906 105931 0
> 7379 7046 -156 120 -27 3
> 8174 4639 -9 386 70 2
> 8671 5447 -344 -309 -162 5
> 7834 6000 -260 -58 93 2
! 27133 3917 200 sims=303009 RUNNER
! 15014 23433 SHIELD sims=303009 BLOCKER
> 7379 7046 -156 120 -27 3
> 8174 4639 -9 386 70 2
> 8671 5447 -344 -309 -162 5
> 7834 6000 -260 -58 93 2
! -72230 -53331 0
! 33715 102592 200
> 7421 7135 35 75 -9 3
> 8104 4931 -71 228 70 2
> 8933 6083 346 733 -144 5
> 7626 6135 -177 114 75 2
! 25241 -1945 200 sims=313404 RUNNER
! 8802 24919 0 sims=313404 BLOCKER
> 7421 7135 35 75 -9 3
> 8104 4931 -71 228 70 2
> 8933 6083 346 733 -144 5
> 7626 6135 -177 114 75 2
! -49845 -74818 200
! 62089 90002 200
> 7632 7218 176 244 -27 3
> 8033 5159 -60 193 88 2
> 9161 6654 194 485 -126 5
> 7560 6318 -52 -18 57 2
! 21774 -6924 200 sims=261366 RUNNER
! 2520 24384 0 sims=261366 BLOCKER
> 7632 7218 176 244 -27 3
> 8033 5159 -60 193 88 2
> 9161 6654 194 485 -126 5
> 7560 6318 -52 -18 57 2
! -21740 -88451 200
! 85274 69250 200
> 7949 7321 269 87 -45 3
> 7973 5352 -51 164 106 2
> 9293 6949 112 250 -108 5
> 7663 6426 87 91 39 2
! 17029 -10499 0 sims=254485 RUNNER
! 8671 25340 0 sims=254485 BLOCKER
> 7949 7321 269 87 -45 3
> 7973 5352 -51 164 106 2
> 9293 6949 112 250 -108 5
> 7663 6426 87 91 39 2
! -49485 -73952 200
! 85377 69358 200
> 8218 7408 228 73 -63 3
> 7922 5516 -43 139 88 2
> 9287 7037 -4 74 -126 5
> 7905 6643 206 184 39 2
! 11347 -12346 200 sims=266000 RUNNER
! 14762 24310 200 sims=266000 BLOCKER
> 8218 7408 228 73 -63 3
> 7922 5516 -43 139 88 2
> 9287 7037 -4 74 -126 5
> 7905 6643 206 184 39 2
! -21614 -88068 200
! 101263 42479 0
> 8571 7499 308 98 -81 3
> 7945 5814 -3 -40 70 2
> 9221 6921 -55 -98 -108 5
> 8020 6640 112 270 21 2
! 11700 -12255 200 sims=293405 RUNNER
! 20258 21574 200 sims=293405 BLOCKER
> 8571 7499 308 98 -81 3
> 7945 5814 -3 -40 70 2
> 9221 6921 -55 -98 -108 5
> 8020 6640 112 270 21 2
! 9220 -93079 200
! 107882 11873 200
> 8947 7435 437 61 -81 3
> 8065 5932 102 99 52 2
> 9166 6623 -46 -253 -90 5
> 8295 6885 115 92 3 2
! 5818 -12319 200 sims=291074 RUNNER
! 24646 17116 0 sims=291074 BLOCKER
> 8947 7435 437 61 -81 3
> 8065 5932 102 99 52 2
> 9166 6623 -46 -253 -90 5
> 8295 6885 115 92 3 2
! -21735 -88482 200
! 104887 -18996 200
> 9353 7298 344 -116 -99 3
> 8167 6031 86 84 34 2
> 9058 6180 -91 -376 -108 5
> 8603 6925 261 34 -15 2
! 273 -10522 200 sims=302477 RUNNER
! 24748 17215 200 sims=302477 BLOCKER
> 9353 7298 344 -116 -99 3
> 8167 6031 86 84 34 2
> 9058 6180 -91 -376 -108 5
> 8603 6925 261 34 -15 2
! -49720 -74721 0
! 105195 -18957 200
> 9843 7115 445 -142 -117 3
> 8168 6228 -75 167 34 2
> 9217 5803 212 -320 -126 5
> 8820 6797 155 -122 -15 2
! -4299 -7027 200 sims=314482 RUNNER
! 20481 21988 0 sims=314482 BLOCKER
> 9843 7115 445 -142 -117 3
> 8168 6228 -75 167 34 2
> 9217 5803 212 -320 -126 5
> 8820 6797 155 -122 -15 2
! -71684 -52975 200
! 92686 -47667 200
> 10147 6832 258 -240 -135 3
> 8093 6395 -63 141 52 2
> 9267 5365 42 -371 -144 5
> 9143 6566 274 -196 -33 2
! -7673 -2248 200 sims=319781 RUNNER
! 24674 17579 0 sims=319781 BLOCKER
> 10147 6832 258 -240 -135 3
> 8093 6395 -63 141 52 2
> 9267 5365 42 -371 -144 5
> 9143 6566 274 -196 -33 2
! -85838 -25536 0
! 105735 -19316 0
> 10227 6501 67 -281 -153 3
> 8030 6536 -53 119 34 2
> 9309 4994 35 -315 -162 5
> 9417 6370 232 -166 -15 2
! -7593 -2579 200 sims=298669 RUNNER
! 27255 12049 0 sims=298669 BLOCKER
> 10227 6501 67 -281 -153 3
> 8030 6536 -53 119 34 2
> 9309 4994 35 -315 -162 5
> 9417 6370 232 -166 -15 2
! -90691 4994 200
! 106009 -19512 200
> 10643 6213 370 -242 -153 3
> 7977 6655 -45 101 16 2
> 9144 4679 -140 -267 -180 5
> 9315 6069 -103 -258 -15 2
! -9111 3084 200 sims=300629 RUNNER
! 27965 5957 0 sims=300629 BLOCKER
> 10643 6213 370 -242 -153 3
> 7977 6655 -45 101 16 2
> 9144 4679 -140 -267 -180 5
> 9315 6069 -103 -258 -15 2
! -85961 35580 200
! 109177 11302 200
> 10815 5940 146 -232 -171 3
> 7932 6756 -38 85 -2 2
> 8814 4474 -280 -174 162 5
> 9412 5821 82 -210 3 2
! -8939 2811 200 sims=305760 RUNNER
! 26726 -84 0 sims=305760 BLOCKER
> 10815 5940 146 -232 -171 3
> 7932 6756 -38 85 -2 2
> 8814 4474 -280 -174 162 5
> 9412 5821 82 -210 3 2
! -86291 35375 200
! 109274 11054 200
> 10763 5677 -43 -223 -171 3
> 7894 6841 -32 72 -20 2
> 8344 4362 -399 -95 162 5
> 9694 5621 239 -169 3 2
! -7057 -3403 200 sims=304024 RUNNER
! 23654 -5472 200 sims=304024 BLOCKER
> 10763 5677 -43 -223 -171 3
> 7894 6841 -32 72 -20 2
> 8344 4362 -399 -95 162 5
> 9694 5621 239 -169 3 2
! -91656 4362 200
! 106286 -20260 SHIELD
> 10884 5351 514 -292 -153 3
> 8020 6790 106 -43 -38 2
> 7745 4267 -509 -80 180 5
> 9899 5453 132 -141 -15 2
! -6936 -3729 200 sims=320418 RUNNER
! 19204 -9791 200 sims=320418 BLOCKER
> 10884 5351 514 -292 -153 3
> 8020 6790 106 -43 -38 2
> 7745 4267 -509 -80 180 5
> 9899 5453 132 -141 -15 2
! -87360 -26634 0
! 93765 -49011 0
> 11220 4968 285 -325 -153 3
> 8238 6581 185 -177 -56 2
> 7236 4187 -432 -68 -162 5
> 10031 5312 112 -119 -33 2
! -8534 1839 200 sims=322672 RUNNER
! 13751 -12644 200 sims=322672 BLOCKER
> 11220 4968 285 -325 -153 3
> 8238 6581 185 -177 -56 2
> 7236 4187 -432 -68 -162 5
> 10031 5312 112 -119 -33 2
! -73665 -54591 0
! 72962 -72402 0
> 11307 4612 74 -302 -171 3
> 8478 6212 204 -313 -74 2
> 6804 4119 -367 -57 -144 0
> 10143 5193 95 -101 -51 2
! -8447 7741 200 sims=324590 RUNNER
! 7780 -13776 200 sims=324590 BLOCKER
> 11307 4612 74 -302 -171 3
> 8478 6212 204 -313 -74 2
> 6804 4119 -367 -57 -144 0
> 10143 5193 95 -101 -51 2
! -51974 -76782 0
! 45979 -88165 0
> 11183 4341 -105 -230 -189 3
> 8675 5699 167 -435 -92 2
> 6437 4062 -311 -48 -126 0
> 10238 5092 80 -85 -69 2
! -6637 13421 200 sims=333697 RUNNER
! 1835 -13095 200 sims=333697 BLOCKER
> 11183 4341 -105 -230 -189 3
> 8675 5699 167 -435 -92 2
> 6437 4062 -311 -48 -126 0
> 10238 5092 80 -85 -69 2
! -24464 -91043 0
! 46074 -88266 200
> 10900 4202 -240 -118 -207 3
> 8774 5076 83 -529 -110 2
> 6126 4014 -264 -40 -108 0
> 10390 4820 128 -230 -69 2
! -3242 18344 0 sims=328167 RUNNER
! -3539 -10684 0 sims=328167 BLOCKER
> 10900 4202 -240 -118 -207 3
> 8774 5076 83 -529 -110 2
> 6126 4014 -264 -40 -108 0
> 10390 4820 128 -230 -69 2
! 6125 -95986 0
! 46226 -88538 200
> 10984 3691 71 -434 -225 3
> 8857 4547 70 -449 -128 2
> 5862 3974 -224 -34 -90 0
> 10266 4796 -106 -19 -69 2
! 1904 21511 200 sims=317163 RUNNER
! -7724 -6637 200 sims=317163 BLOCKER
> 10984 3691 71 -434 -225 3
> 8857 4547 70 -449 -128 2
> 5862 3974 -224 -34 -90 0
> 10266 4796 -106 -19 -69 2
! 36763 -91131 200
! 46102 -88562 0
> 10964 3435 -16 -217 -243 3
> 8761 3986 -81 -476 -146 2
> 5700 3750 -137 -190 -72 0
> 10160 4777 -90 -16 -69 2
! 1884 21255 200 sims=308833 RUNNER
! -10464 -1527 200 sims=308833 BLOCKER
> 10964 3435 -16 -217 -243 3
> 8761 3986 -81 -476 -146 2
> 5700 3750 -137 -190 -72 0
> 10160 4777 -90 -16 -69 2
! 64478 -77151 200
! 45996 -88581 200
> 10857 3396 -90 -32 117 3
> 8488 3455 -232 -451 -164 2
> 5681 3398 -16 -299 -54 0
> 10142 4574 -15 -172 -69 2
! -3285 17538 0 sims=301707 RUNNER
! -10737 -2058 200 sims=301707 BLOCKER
> 10857 3396 -90 -32 117 3
> 8488 3455 -232 -451 -164 2
> 5681 3398 -16 -299 -54 0
> 10142 4574 -15 -172 -69 2
! 86582 -55380 200
! 73073 -73140 200
> 10767 3364 -76 -27 135 3
> 8064 2949 -360 -430 -164 2
> 5827 2981 123 -354 -36 0
> 10253 4247 94 -278 -51 2
! -3375 17506 200 sims=287490 RUNNER
! -11924 3647 200 sims=287490 BLOCKER
> 10767 3364 -76 -27 135 3
> 8064 2949 -360 -430 -164 2
> 5827 2981 123 -354 -36 0
> 10253 4247 94 -278 -51 2
! 100932 -27920 0
! 46089 -89111 200
> 10780 3068 103 -416 135 3
> 7504 2526 -475 -359 -182 2
> 5950 2627 104 -300 -18 0
> 10188 4193 -147 118 -69 2
! 1700 20888 0 sims=292124 RUNNER
! -11290 9366 0 sims=292124 BLOCKER
> 10780 3068 103 -416 135 3
> 7504 2526 -475 -359 -182 2
> 5950 2627 104 -300 -18 0
> 10188 4193 -147 118 -69 2
! 101055 -28274 200
! 46024 -89165 0
> 10883 2652 87 -353 117 3
> 7038 2166 240 -384 160 2
> 6235 2266 -394 -227 -18 0
> 10041 4311 -124 100 -69 2
! 7754 22406 200 sims=294427 RUNNER
! -11756 9006 200 sims=294427 BLOCKER
> 10883 2652 87 -353 117 3
> 7038 2166 240 -384 160 2
> 6235 2266 -394 -227 -18 0
> 10041 4311 -124 100 -69 2
! 87136 -56512 200
! 45877 -89047 0
> 10939 2497 47 -132 99 3
> 7090 1850 44 -268 160 2
> 6003 1921 -197 -292 -36 0
> 9917 4411 -105 85 -69 2
! 1859 20317 200 sims=293895 RUNNER
! -12898 2548 0 sims=293895 BLOCKER
> 10939 2497 47 -132 99 3
> 7090 1850 44 -268 160 2
> 6003 1921 -197 -292 -36 0
> 9917 4411 -105 85 -69 2
! 101108 -28980 200
! 72848 -73303 200
> 10895 2543 -37 39 117 3
> 7134 1582 37 -227 178 2
> 5996 1567 -5 -300 -18 0
> 9938 4341 17 -59 -51 2
! 1815 20363 200 sims=281309 RUNNER
! -12854 2280 200 sims=281309 BLOCKER
> 10895 2543 -37 39 117 3
> 7134 1582 37 -227 178 2
> 5996 1567 -5 -300 -18 0
> 9938 4341 17 -59 -51 2
! 105996 1566 200
! 45774 -89017 200
> 10767 2760 -108 184 117 3
> 6985 1364 154 -153 178 2
> 6177 1265 -126 -288 0 0
> 10027 4095 75 -208 -69 2
! 1687 20580 200 sims=274925 RUNNER
! -12240 -4149 200 sims=274925 BLOCKER
> 10767 2760 -108 184 117 3
> 6985 1364 154 -153 178 2
> 6177 1265 -126 -288 0 0
> 10027 4095 75 -208 -69 2
! 106177 1264 200
! 72958 -73619 200
> 10618 3033 173 -307 117 3
> 7092 1176 110 -157 196 2
> 6106 957 -80 -264 0 0
> 10178 3821 -172 306 -51 2
! -3524 17175 200 sims=234325 RUNNER
! -12133 -4337 200 sims=234325 BLOCKER
> 10618 3033 173 -307 117 3
> 7092 1176 110 -157 196 2
> 6106 957 -80 -264 0 0
> 10178 3821 -172 306 -51 2
! 101211 31858 200
! 46014 -89537 200
> 10650 2867 26 -140 135 3
> 7010 964 -69 -180 -164 2
> 6216 755 93 -171 18 0
> 10078 3940 -85 101 -69 2
! 1570 20687 200 sims=285726 RUNNER
! -12215 -4549 SHIELD sims=285726 BLOCKER
> 10650 2867 26 -140 135 3
> 7010 964 -69 -180 -164 2
> 6216 755 93 -171 18 0
> 10078 3940 -85 101 -69 2
! 101321 31656 200
! 15311 -95922 0
> 10585 2905 -55 32 117 3
> 7000 800 -5 -138 -164 2
> 5906 489 -294 -234 18 0
> 9993 4041 -72 85 -87 2
! 1505 20725 200 sims=303086 RUNNER
! -9581 -10384 0 sims=303086 BLOCKER
> 10585 2905 -55 32 117 3
> 7000 800 -5 -138 -164 2
> 5906 489 -294 -234 18 0
> 9993 4041 -72 85 -87 2
! 101011 31390 200
! 45829 -89317 200
> 10439 3115 -123 178 117 3
> 6995 662 -4 -117 -146 2
> 5802 317 -88 -146 18 0
> 9993 3939 0 -86 -69 2
! 1359 20935 SHIELD sims=306502 RUNNER
! -12230 -4851 0 sims=306502 BLOCKER
> 10439 3115 -123 178 117 3
> 6995 662 -4 -117 -146 2
> 5802 317 -88 -146 18 0
> 9993 3939 0 -86 -69 2
! 86703 59095 200
! 45829 -89419 200
> 10347 3237 -67 85 117 3
> 6991 545 -3 -99 -164 2
> 5876 289 62 -24 36 0
> 9752 4224 -308 426 -69 2
! -3795 17379 0 sims=301413 RUNNER
! -12997 1243 0 sims=301413 BLOCKER
> 10347 3237 -67 85 117 3
> 6991 545 -3 -99 -164 2
> 5876 289 62 -24 36 0
> 9752 4224 -308 426 -69 2
! 86777 59067 200
! 72683 -73490 200
> 10280 3322 -56 72 135 3
> 6988 446 -2 -84 -182 2
> 6100 383 190 79 36 0
> 9570 4495 -154 229 -51 2
! 1200 21142 0 sims=287714 RUNNER
! -11806 7286 200 sims=287714 BLOCKER
> 10280 3322 -56 72 135 3
> 6988 446 -2 -84 -182 2
> 6100 383 190 79 36 0
> 9570 4495 -154 229 -51 2
! 101205 31284 200
! 72501 -73219 200
> 10224 3394 -47 61 117 3
> 7285 454 328 10 160 2
> 5994 500 -166 96 18 0
> 9542 4569 -23 62 -51 2
! 1144 21214 0 sims=257544 RUNNER
! -11509 7294 200 sims=257544 BLOCKER
> 10224 3394 -47 61 117 3
> 7285 454 328 10 160 2
> 5994 500 -166 96 18 0
> 9542 4569 -23 62 -51 2
! 105994 499 200
! 45378 -88789 200
> 10177 3455 -39 51 117 3
> 7425 532 119 66 160 2
> 6028 596 28 81 0 0
> 9591 4444 41 -106 -69 2
! 1097 21275 200 sims=249823 RUNNER
! -12563 1230 200 sims=249823 BLOCKER
> 10177 3455 -39 51 117 3
> 7425 532 119 66 160 2
> 6028 596 28 81 0 0
> 9591 4444 41 -106 -69 2
! 101133 -30305 200
! 45427 -88914 200
> 10168 3499 154 -210 117 3
> 7344 605 -68 62 178 2
> 6246 615 185 16 -18 0
> 9583 4336 -169 156 -69 2
! 1088 21319 200 sims=255598 RUNNER
! -12644 1303 200 sims=255598 BLOCKER
> 10168 3499 154 -210 117 3
> 7344 605 -68 62 178 2
> 6246 615 185 16 -18 0
> 9583 4336 -169 156 -69 2
! 101351 -30286 200
! 72514 -73378 200
> 10231 3467 53 -27 117 3
> 7416 692 312 87 178 2
> 6282 551 -220 -68 -18 0
> 9540 4337 -36 0 -51 2
! -3911 17609 200 sims=279538 RUNNER
! -11809 -4821 200 sims=279538 BLOCKER
> 10231 3467 53 -27 117 3
> 7416 692 312 87 178 2
> 6282 551 -220 -68 -18 0
> 9540 4337 -36 0 -51 2
! 106282 550 200
! 72471 -73377 200
> 10149 3573 101 -110 135 3
> 7536 724 101 27 196 2
> 6262 483 -17 -57 0 0
> 9623 4190 -100 75 -51 2
! -3993 17715 200 sims=276717 RUNNER
! -11689 -4789 200 sims=276717 BLOCKER
> 10149 3573 101 -110 135 3
> 7536 724 101 27 196 2
> 6262 483 -17 -57 0 0
> 9623 4190 -100 75 -51 2
! 101367 31384 200
! 72554 -73524 200
> 10218 3476 67 -92 135 3
> 7445 696 -77 -23 -164 2
> 6435 488 147 4 18 0
> 9539 4238 -79 50 -51 2
! 1138 21296 200 sims=285019 RUNNER
! -11780 -4817 200 sims=285019 BLOCKER
> 10218 3476 67 -92 135 3
> 7445 696 -77 -23 -164 2
> 6435 488 147 4 18 0
> 9539 4238 -79 50 -51 2
! 106435 487 200
! 72470 -73476 200
> 10194 3562 -20 73 117 3
> 7554 704 284 50 -164 2
> 6404 406 -218 -113 0 0
> 9586 4133 39 -89 -51 2
! -3948 17704 200 sims=276444 RUNNER
! -11671 -4809 200 sims=276444 BLOCKER
> 10194 3562 -20 73 117 3
> 7554 704 284 50 -164 2
> 6404 406 -218 -113 0 0
> 9586 4133 39 -89 -51 2
! 101509 31307 200
! 93453 -50330 200
> 10410 3424 205 -136 135 3
> 7646 699 77 -4 -164 2
> 6376 355 -23 -43 18 0
> 9415 4287 -166 150 -33 2
! -3732 17566 200 sims=257915 RUNNER
! -11579 -4814 200 sims=257915 BLOCKER
> 10410 3424 205 -136 135 3
> 7646 699 77 -4 -164 2
> 6376 355 -23 -43 18 0
> 9415 4287 -166 150 -33 2
! 87277 59133 200
! 93281 -50177 200
> 10474 3429 54 4 135 3
> 7531 640 -97 -50 -164 2
> 6515 430 117 63 36 0
> 9417 4328 1 34 -33 2
! -3668 17571 200 sims=246603 RUNNER
! -12457 1338 200 sims=246603 BLOCKER
> 10474 3429 54 4 135 3
> 7531 640 -97 -50 -164 2
> 6515 430 117 63 36 0
> 9417 4328 1 34 -33 2
! 87416 59208 0
! 93283 -50136 200
> 10387 3574 -74 123 135 3
> 7420 633 103 31 -182 2
> 6446 457 -256 -14 36 0
> 9586 4253 143 -63 -33 2
! -3755 17716 SHIELD sims=281288 RUNNER
! -12568 1331 200 sims=281288 BLOCKER
> 10387 3574 -74 123 135 3
> 7420 633 103 31 -182 2
> 6446 457 -256 -14 36 0
> 9586 4253 143 -63 -33 2
! 101551 31358 200
! 93452 -50211 200
> 10345 3669 -6 55 135 3
> 7323 671 -82 32 178 2
> 6380 505 -55 40 18 0
> 9577 4361 -298 346 -33 2
! -7475 12749 0 sims=282058 RUNNER
! -11902 -4842 200 sims=282058 BLOCKER
> 10345 3669 -6 55 135 3
> 7323 671 -82 32 178 2
> 6380 505 -55 40 18 0
> 9577 4361 -298 346 -33 2
! 106380 504 200
! 72508 -73353 200
> 10339 3724 -5 46 153 3
> 7311 695 121 44 196 2
> 6263 498 -231 -30 0 0
> 9405 4552 -146 161 -51 2
! -3803 17866 0 sims=283605 RUNNER
! -11914 -4818 200 sims=283605 BLOCKER
> 10339 3724 -5 46 153 3
> 7311 695 121 44 196 2
> 6263 498 -231 -30 0 0
> 9405 4552 -146 161 -51 2
! 106263 497 200
! 93272 -49911 200
> 10334 3770 -4 39 135 3
> 7240 684 -60 -9 -164 2
> 6232 468 -26 -25 0 0
> 9427 4604 18 44 -33 2
! -3808 17912 0 sims=267568 RUNNER
! -11985 -4829 200 sims=267568 BLOCKER
> 10334 3770 -4 39 135 3
> 7240 684 -60 -9 -164 2
> 6232 468 -26 -25 0 0
> 9427 4604 18 44 -33 2
! 101337 31369 200
! 72358 -73110 200
> 10330 3809 -3 33 135 3
> 7181 660 142 19 -164 2
> 6203 465 -216 -42 18 0
> 9571 4493 122 -94 -51 2
! -7490 12889 200 sims=244104 RUNNER
! -12807 1358 0 sims=244104 BLOCKER
> 10330 3809 -3 33 135 3
> 7181 660 142 19 -164 2
> 6203 465 -216 -42 18 0
> 9571 4493 122 -94 -51 2
! 106203 464 200
! 93438 -49970 200
> 10396 3693 191 -229 153 3
> 7323 679 120 16 -182 2
> 6187 423 -13 -35 0 0
> 9613 4530 -99 161 -33 2
! -3746 17835 200 sims=283087 RUNNER
! -11902 -4834 200 sims=283087 BLOCKER
> 10396 3693 191 -229 153 3
> 7323 679 120 16 -182 2
> 6187 423 -13 -35 0 0
> 9613 4530 -99 161 -33 2
! 106187 422 200
! 72544 -73184 200
> 10446 3605 42 -74 135 3
> 7251 640 -61 -33 -164 2
> 6374 388 158 -29 0 0
> 9640 4536 22 4 -51 2
! -3696 17747 200 sims=250943 RUNNER
! -11974 -4873 SHIELD sims=250943 BLOCKER
> 10446 3605 42 -74 135 3
> 7251 640 -61 -33 -164 2
> 6374 388 158 -29 0 0
> 9640 4536 22 4 -51 2
! 101479 31289 0
! 72571 -73178 200
> 10347 3672 -84 57 135 3
> 7207 613 -21 -17 -164 2
> 6364 304 -172 -125 18 0
> 9788 4385 125 -128 -51 2
! -3795 17814 SHIELD sims=283367 RUNNER
! -12018 -4900 0 sims=283367 BLOCKER
> 10347 3672 -84 57 135 3
> 7207 613 -21 -17 -164 2
> 6364 304 -172 -125 18 0
> 9788 4385 125 -128 -51 2
! 101469 31205 200
! 45624 -88973 200
> 10303 3678 -26 -8 135 3
> 7186 596 -17 -14 -164 2
> 6382 241 15 -53 18 0
> 9580 4584 -278 297 -69 2
! 1223 21498 0 sims=288330 RUNNER
! -12039 -4917 0 sims=288330 BLOCKER
> 10303 3678 -26 -8 135 3
> 7186 596 -17 -14 -164 2
> 6382 241 15 -53 18 0
> 9580 4584 -278 297 -69 2
! 101487 31142 200
! 72511 -73130 200
> 10277 3670 -22 -6 117 3
> 7296 643 157 70 -164 2
> 6460 189 1 -75 18 0
> 9428 4726 -129 120 -51 2
! -3865 17812 0 sims=293573 RUNNER
! -11929 -4870 0 sims=293573 BLOCKER
> 10277 3670 -22 -6 117 3
> 7296 643 157 70 -164 2
> 6460 189 1 -75 18 0
> 9428 4726 -129 120 -51 2
! 101565 31090 200
! 72359 -72988 200
