@ 0 YurkovAS
@ 1 reCurse
CP 4
CP 9585 1375
CP 3653 4435
CP 8029 7914
CP 13290 5544
> 9814 1819 0 0 -1 1
> 9356 931 0 0 -1 1
> 10273 2708 0 0 -1 1
> 8897 42 0 0 -1 1
! 542 5565 BOOST sims=304624 RUNNER
! 696 5931 BOOST sims=304624 BLOCKER
> 9814 1819 0 0 -1 1
> 9356 931 0 0 -1 1
> 10273 2708 0 0 -1 1
> 8897 42 0 0 -1 1
! -86488 27950 200
! -67759 64258 200
> 9211 2062 -512 206 158 1
> 8793 1256 -478 276 150 1
> 10079 2758 -164 42 165 1
> 8744 170 -130 109 140 1
! -61 5808 200 sims=381432 RUNNER
! 2102 8687 0 sims=381432 BLOCKER
> 9211 2062 -512 206 158 1
> 8793 1256 -478 276 150 1
> 10079 2758 -164 42 165 1
> 8744 170 -130 109 140 1
! -89783 -2475 200
! -83974 37630 200
> 8514 2343 -592 238 158 1
> 8315 1532 -406 234 132 1
> 9715 2790 -309 26 -177 1
> 8429 354 -268 156 158 1
! -758 6089 200 sims=355848 RUNNER
! 4248 10667 0 sims=355848 BLOCKER
> 8514 2343 -592 238 158 1
> 8315 1532 -406 234 132 1
> 9715 2790 -309 26 -177 1
> 8429 354 -268 156 158 1
! -90147 -2443 200
! -68175 64632 200
> 7737 2656 -660 265 158 1
> 7909 1766 -345 198 114 1
> 9206 2806 -432 13 -177 1
> 8008 639 -358 241 140 1
! -1535 6402 200 sims=345768 RUNNER
! 6864 11711 200 sims=345768 BLOCKER
> 7737 2656 -660 265 158 1
> 7909 1766 -345 198 114 1
> 9206 2806 -432 13 -177 1
> 8008 639 -358 241 140 1
! -90656 -2427 0
! -44983 85443 200
> 6892 2996 -718 288 158 1
> 7543 2163 -311 337 96 1
> 8774 2819 -367 11 -177 1
> 7544 1050 -394 349 122 1
! -768 9424 0 sims=377368 RUNNER
! 9622 11944 0 sims=377368 BLOCKER
> 6892 2996 -718 288 158 1
> 7543 2163 -311 337 96 1
> 8774 2819 -367 11 -177 1
> 7544 1050 -394 349 122 1
! -91088 -2414 0
! -16648 98079 200
> 6174 3284 -610 244 140 1
> 7232 2500 -264 286 78 1
> 8407 2830 -311 9 -177 1
> 7102 1593 -376 461 104 1
! 875 11764 0 sims=362256 RUNNER
! 9311 12281 SHIELD sims=362256 BLOCKER
> 6174 3284 -610 244 140 1
> 7232 2500 -264 286 78 1
> 8407 2830 -311 9 -177 1
> 7102 1593 -376 461 104 1
! -91455 -2403 0
! 14077 101349 200
> 5564 3528 -518 207 122 1
> 6977 2827 -213 295 78 1
> 8096 2839 -264 7 -177 1
> 6654 1840 -416 36 86 1
! 3145 13231 0 sims=402280 RUNNER
! 11977 11487 0 sims=402280 BLOCKER
> 5564 3528 -518 207 122 1
> 6977 2827 -213 295 78 1
> 8096 2839 -264 7 -177 1
> 6654 1840 -416 36 86 1
! -88496 28720 0
! -17538 98869 200
> 5046 3735 -440 175 104 1
> 6764 3122 -181 250 60 1
> 7832 2846 -224 5 165 1
> 6190 2070 -394 195 104 1
! 5744 13711 0 sims=416840 RUNNER
! 11764 11782 0 sims=416840 BLOCKER
> 5046 3735 -440 175 104 1
> 6764 3122 -181 250 60 1
> 7832 2846 -224 5 165 1
> 6190 2070 -394 195 104 1
! -92030 -2387 200
! 13165 101826 200
> 4606 3910 -374 148 86 1
> 6583 3372 -153 212 60 1
> 7408 2841 -360 -4 -177 1
> 5810 2465 -323 335 86 1
! 8352 13182 0 sims=427416 RUNNER
! 11583 12032 0 sims=427416 BLOCKER
> 4606 3910 -374 148 86 1
> 6583 3372 -153 212 60 1
> 7408 2841 -360 -4 -177 1
> 5810 2465 -323 335 86 1
! -89184 28722 200
! 43270 95183 200
> 4232 4058 -317 125 68 1
> 6430 3584 -130 180 60 1
> 6855 2889 -470 40 165 1
> 5562 2985 -210 442 68 1
! 10660 11718 200 sims=406712 RUNNER
! 8509 13365 0 sims=406712 BLOCKER
> 4232 4058 -317 125 68 1
> 6430 3584 -130 180 60 1
> 6855 2889 -470 40 165 1
> 5562 2985 -210 442 68 1
! -77012 57352 0
! 12537 102741 0
> 4044 4336 -160 236 50 2
> 6300 3764 -110 153 78 1
> 6385 2929 -399 34 147 1
> 5352 3427 -178 375 86 1
! 12524 9635 200 sims=407504 RUNNER
! 5255 13709 0 sims=407504 BLOCKER
> 4044 4336 -160 236 50 2
> 6300 3764 -110 153 78 1
> 6385 2929 -399 34 147 1
> 5352 3427 -178 375 86 1
! -56547 80643 200
! -18840 100456 200
> 4054 4678 8 290 32 2
> 6190 3917 -93 130 96 1
> 5860 3118 -446 161 129 1
> 5126 3996 -192 483 104 1
! 10482 12338 200 sims=398688 RUNNER
! 2123 13052 0 sims=398688 BLOCKER
> 4054 4678 8 290 32 2
> 6190 3917 -93 130 96 1
> 5860 3118 -446 161 129 1
> 5126 3996 -192 483 104 1
! -57071 80832 200
! -19066 101025 200
> 4191 5121 116 376 50 2
> 6097 4047 -79 110 114 1
> 5288 3434 -486 268 129 1
> 4886 4673 -204 575 104 1
! 12671 10420 0 sims=338288 RUNNER
! 5052 13992 200 sims=338288 BLOCKER
> 4191 5121 116 376 50 2
> 6097 4047 -79 110 114 1
> 5288 3434 -486 268 129 1
> 4886 4673 -204 575 104 1
! -30548 96792 200
! -19306 101702 200
> 3889 5761 -275 556 32 2
> 5997 4356 -84 262 96 1
> 4730 3889 -474 386 111 1
> 5052 5178 160 416 104 1
! 13592 8180 200 sims=385744 RUNNER
! 8076 14137 200 sims=385744 BLOCKER
> 3889 5761 -275 556 32 2
> 5997 4356 -84 262 96 1
> 4730 3889 -474 386 111 1
> 5052 5178 160 416 104 1
! -503 103751 200
! -47939 89982 200
> 3808 6365 -68 513 14 2
> 5955 4814 -36 388 78 1
> 4246 4475 -411 497 93 2
> 5106 5764 45 497 122 1
! 13784 5667 0 sims=375160 RUNNER
! 10955 13474 0 sims=375160 BLOCKER
> 3808 6365 -68 513 14 2
> 5955 4814 -36 388 78 1
> 4246 4475 -411 497 93 2
> 5106 5764 45 497 122 1
! 30127 101067 0
! -47885 90568 0
> 3740 6878 -57 436 -4 2
> 5919 5202 -30 329 60 1
> 3835 4972 -349 422 75 2
> 5151 6261 38 422 122 1
! 13012 3132 200 sims=347600 RUNNER
! 13350 11893 0 sims=347600 BLOCKER
> 3740 6878 -57 436 -4 2
> 5919 5202 -30 329 60 1
> 3835 4972 -349 422 75 2
> 5151 6261 38 422 122 1
! 58298 88839 200
! -71453 70539 0
> 3868 7239 109 306 -22 2
> 5889 5531 -25 279 42 1
> 3595 5562 -204 501 57 2
> 5189 6683 32 358 140 1
! 11528 811 0 sims=383304 RUNNER
! 15024 9598 0 sims=383304 BLOCKER
> 3868 7239 109 306 -22 2
> 5889 5531 -25 279 42 1
> 3595 5562 -204 501 57 2
> 5189 6683 32 358 140 1
! 81309 68494 200
! -87529 44143 200
> 3977 7545 92 260 -40 2
> 5864 5810 -21 237 24 1
> 3546 6189 -41 532 39 2
> 5036 7116 -130 367 158 1
! 13249 3799 0 sims=346360 RUNNER
! 13295 12501 0 sims=346360 BLOCKER
> 3977 7545 92 260 -40 2
> 5864 5810 -21 237 24 1
> 3546 6189 -41 532 39 2
> 5036 7116 -130 367 158 1
! 96904 42025 200
! -87682 44576 200
> 3973 7842 -274 357 -22 2
> 5843 6047 -17 201 42 1
> 3692 6793 123 513 21 2
> 4817 7521 85 238 158 1
! 11633 1414 200 sims=362128 RUNNER
! 10843 14707 0 sims=362128 BLOCKER
> 3973 7842 -274 357 -22 2
> 5843 6047 -17 201 42 1
> 3692 6793 123 513 21 2
> 4817 7521 85 238 158 1
! 97050 42629 200
! -94939 14496 0
> 3850 8174 -110 487 -40 2
> 5826 6248 -14 170 60 1
> 4004 7274 270 203 21 2
> 4902 7759 72 202 176 1
! 13122 4428 0 sims=364624 RUNNER
! 7905 16029 0 sims=364624 BLOCKER
> 3850 8174 -110 487 -40 2
> 5826 6248 -14 170 60 1
> 4004 7274 270 203 21 2
> 4902 7759 72 202 176 1
! 103866 12507 200
! -92127 -16433 0
> 3740 8661 -93 413 -22 2
> 5812 6418 -11 144 78 1
> 4381 7418 177 16 3 2
> 5067 8030 283 337 -166 1
! 13716 7963 200 sims=377784 RUNNER
! 4767 16363 200 sims=377784 BLOCKER
> 3740 8661 -93 413 -22 2
> 5812 6418 -11 144 78 1
> 4381 7418 177 16 3 2
> 5067 8030 283 337 -166 1
! 97739 43254 BOOST
! -94689 15005 0
> 3847 9060 90 339 -4 2
> 5780 6761 -27 291 96 1
> 5090 7562 552 52 21 2
> 5425 8472 354 445 176 1
! 13119 5314 0 sims=417160 RUNNER
! 4735 16706 SHIELD sims=417160 BLOCKER
> 3847 9060 90 339 -4 2
> 5780 6761 -27 291 96 1
> 5090 7562 552 52 21 2
> 5425 8472 354 445 176 1
! 104952 12795 SHIELD
! -91604 -15720 0
> 3937 9399 76 288 -22 2
> 5887 6828 196 -119 96 1
> 5508 7838 249 410 3 2
> 5779 8917 300 378 -166 1
! 11597 2971 200 sims=464512 RUNNER
! 7966 16609 0 sims=464512 BLOCKER
> 3937 9399 76 288 -22 2
> 5887 6828 196 -119 96 1
> 5508 7838 249 410 3 2
> 5779 8917 300 378 -166 1
! 102100 -18043 0
! -79025 -44074 200
> 4166 9558 194 135 -40 2
> 6083 6709 166 -101 78 1
> 5757 8248 211 348 -15 2
> 5909 9189 110 231 -148 1
! 9465 1078 200 sims=445408 RUNNER
! 11083 15369 0 sims=445408 BLOCKER
> 4166 9558 194 135 -40 2
> 6083 6709 166 -101 78 1
> 5757 8248 211 348 -15 2
> 5909 9189 110 231 -148 1
! 102349 -17634 SHIELD
! -78895 -43802 200
> 4466 9523 254 -29 -58 2
> 6249 6608 141 -85 60 1
> 5968 8582 180 262 -15 2
> 5846 9458 -58 440 -148 1
! 12126 3095 200 sims=402640 RUNNER
! 13680 13299 0 sims=402640 BLOCKER
> 4466 9523 254 -29 -58 2
> 6249 6608 141 -85 60 1
> 5968 8582 180 262 -15 2
> 5846 9458 -58 440 -148 1
! 102560 -17300 0
! -58432 -67146 200
> 4873 9365 346 -133 -40 2
> 6390 6523 119 -72 42 1
> 6148 8844 153 222 -15 2
> 5659 9745 -158 243 -130 1
! 14145 5619 0 sims=414112 RUNNER
! 15525 10590 200 sims=414112 BLOCKER
> 4873 9365 346 -133 -40 2
> 6390 6523 119 -72 42 1
> 6148 8844 153 222 -15 2
> 5659 9745 -158 243 -130 1
! 90014 -45620 0
! -31801 -82973 200
> 4938 9063 4 -287 -22 2
> 6692 6532 256 7 24 1
> 6301 9066 130 188 -33 2
> 5707 9972 91 223 -112 1
! 14914 8365 200 sims=412272 RUNNER
! 14123 13223 0 sims=412272 BLOCKER
> 4938 9063 4 -287 -22 2
> 6692 6532 256 7 24 1
> 6301 9066 130 188 -33 2
> 5707 9972 91 223 -112 1
! 69232 -68648 0
! -1268 -89784 200
> 5142 8762 172 -255 -4 2
> 6948 6539 217 5 42 1
> 6431 9254 110 159 -51 2
> 5784 9995 65 19 -94 1
! 14845 11181 200 sims=375512 RUNNER
! 11948 15199 200 sims=375512 BLOCKER
> 5142 8762 172 -255 -4 2
> 6948 6539 217 5 42 1
> 6431 9254 110 159 -51 2
> 5784 9995 65 19 -94 1
! 42267 -84104 200
! -1191 -89761 BOOST
> 5508 8555 311 -175 14 2
> 7265 6717 269 151 60 1
> 6613 9226 154 -23 -69 2
> 5804 9366 16 -535 -94 1
! 13988 13854 0 sims=367072 RUNNER
! 9344 16498 200 sims=367072 BLOCKER
> 5508 8555 311 -175 14 2
> 7265 6717 269 151 60 1
> 6613 9226 154 -23 -69 2
> 5804 9366 16 -535 -94 1
! 42449 -84132 200
! 29996 -87663 SHIELD
> 5605 7739 51 -786 32 2
> 7576 7064 263 294 78 1
> 6839 9016 191 -178 -69 2
> 5841 8895 34 -390 -76 1
! 14085 13038 200 sims=407544 RUNNER
! 6531 17009 200 sims=407544 BLOCKER
> 5605 7739 51 -786 32 2
> 7576 7064 263 294 78 1
> 6839 9016 191 -178 -69 2
> 5841 8895 34 -390 -76 1
! 42675 -84342 200
! 58832 -75909 0
> 5826 7059 187 -578 32 2
> 7818 7557 205 418 96 1
> 7102 8651 223 -310 -69 2
> 5875 8505 28 -331 -58 1
! 12254 14719 200 sims=425200 RUNNER
! 6773 17502 SHIELD sims=425200 BLOCKER
> 5826 7059 187 -578 32 2
> 7818 7557 205 418 96 1
> 7102 8651 223 -310 -69 2
> 5875 8505 28 -331 -58 1
! 70033 -69063 0
! 82479 -55773 0
> 6142 6634 268 -361 50 2
> 8025 7974 224 327 96 1
> 7306 8352 -310 15 -51 2
> 5903 8174 23 -281 -40 1
! 9888 15906 200 sims=432848 RUNNER
! 10104 17755 0 sims=432848 BLOCKER
> 6142 6634 268 -361 50 2
> 8025 7974 224 327 96 1
> 7306 8352 -310 15 -51 2
> 5903 8174 23 -281 -40 1
! 91173 -46111 200
! 58894 -76630 200
> 6485 6458 291 -149 68 2
> 8249 8301 190 277 78 1
> 7164 8258 -120 -79 -33 2
> 5926 7893 19 -238 -58 1
! 7183 16434 200 sims=426328 RUNNER
! 13249 16961 0 sims=426328 BLOCKER
> 6485 6458 291 -149 68 2
> 8249 8301 190 277 78 1
> 7164 8258 -120 -79 -33 2
> 5926 7893 19 -238 -58 1
! 103756 -17624 200
! 82530 -56385 200
> 6790 6509 259 42 86 2
> 8439 8578 161 235 60 1
> 7237 8127 62 -111 -15 2
> 6098 7526 146 -311 -40 1
! 4371 16212 200 sims=414200 RUNNER
! 15870 15269 0 sims=414200 BLOCKER
> 6790 6509 259 42 86 2
> 8439 8578 161 235 60 1
> 7237 8127 62 -111 -15 2
> 6098 7526 146 -311 -40 1
! 91103 -46337 200
! 98816 -29934 200
> 7083 6671 498 -83 104 2
> 8600 8813 136 199 42 1
> 7467 7907 195 -186 -33 3
> 6347 7214 -38 -43 -22 1
! 4664 16374 200 sims=408664 RUNNER
! 17735 12880 0 sims=408664 BLOCKER
> 7083 6671 498 -83 104 2
> 8600 8813 136 199 42 1
> 7467 7907 195 -186 -33 3
> 6347 7214 -38 -43 -22 1
! 91333 -46557 200
! 106103 238 200
> 7533 6782 382 94 104 2
> 8736 9012 115 169 24 1
> 7830 7612 308 -250 -33 3
> 6509 7157 137 -48 -4 1
! 5114 16485 SHIELD sims=417368 RUNNER
! 18681 10057 0 sims=417368 BLOCKER
> 7533 6782 382 94 104 2
> 8736 9012 115 169 24 1
> 7830 7612 308 -250 -33 3
> 6509 7157 137 -48 -4 1
! 91696 -46852 200
! 106265 181 200
> 7893 6826 301 26 104 2
> 8851 9181 97 143 6 1
> 8521 7752 636 232 -33 3
> 6846 7095 286 -52 -4 1
! 2594 15306 0 sims=424224 RUNNER
! 18632 7102 200 sims=424224 BLOCKER
> 7893 6826 301 26 104 2
> 8851 9181 97 143 6 1
> 8521 7752 636 232 -33 3
> 6846 7095 286 -52 -4 1
! 92387 -46712 200
! 103875 31287 200
> 8194 6852 255 22 122 2
> 9144 9282 248 86 -12 1
> 9325 7875 683 104 -33 3
> 7326 7091 408 -3 14 1
! 534 13280 0 sims=404000 RUNNER
! 17804 4282 200 sims=404000 BLOCKER
> 8194 6852 255 22 122 2
> 9144 9282 248 86 -12 1
> 9325 7875 683 104 -33 3
> 7326 7091 408 -3 14 1
! 72256 -69839 200
! 107082 115 200
> 8688 6803 501 -65 140 2
> 9565 9268 358 -11 -30 1
> 10134 7824 687 -43 -51 3
> 7695 7145 232 70 -4 1
! -584 10549 0 sims=418968 RUNNER
! 16256 1837 200 sims=418968 BLOCKER
> 8688 6803 501 -65 140 2
> 9565 9268 358 -11 -30 1
> 10134 7824 687 -43 -51 3
> 7695 7145 232 70 -4 1
! 45970 -85534 200
! 107451 169 0
> 9189 6738 425 -55 158 2
> 10057 9108 418 -135 -48 1
> 10893 7594 644 -195 -69 3
> 7927 7215 197 59 -4 1
! -787 7436 200 sims=430272 RUNNER
! 14124 -27 200 sims=430272 BLOCKER
> 9189 6738 425 -55 158 2
> 10057 9108 418 -135 -48 1
> 10893 7594 644 -195 -69 3
> 7927 7215 197 59 -4 1
! 16126 -92268 200
! 100645 -30245 0
> 9414 6697 191 -34 176 2
> 10556 8790 424 -270 -66 1
> 11547 7199 556 -335 -87 3
> 8124 7274 167 50 -22 1
! 142 10443 200 sims=422496 RUNNER
! 11601 -1155 200 sims=422496 BLOCKER
> 9414 6697 191 -34 176 2
> 10556 8790 424 -270 -66 1
> 11547 7199 556 -335 -87 3
> 8124 7274 167 50 -22 1
! -14335 -89393 200
! 84728 -57004 0
> 9420 6738 4 34 158 2
> 11001 8321 378 -398 -84 1
> 12051 6671 428 -448 -105 3
> 8291 7324 141 42 -40 1
! 1760 13166 200 sims=384304 RUNNER
! 8922 -1460 200 sims=384304 BLOCKER
> 9420 6738 4 34 158 2
> 11001 8321 378 -398 -84 1
> 12051 6671 428 -448 -105 3
> 8291 7324 141 42 -40 1
! -42412 -77196 0
! 84895 -56954 0
> 9271 6901 -126 138 140 2
> 11337 7727 285 -504 -102 1
> 12479 6223 363 -380 -123 3
> 8432 7366 119 35 -40 1
! 1611 13329 SHIELD sims=407528 RUNNER
! 9258 -2054 200 sims=407528 BLOCKER
> 9271 6901 -126 138 140 2
> 11337 7727 285 -504 -102 1
> 12479 6223 363 -380 -123 3
> 8432 7366 119 35 -40 1
! -65235 -56708 0
! 101150 -30094 200
> 9192 7011 -45 81 140 2
> 11580 7027 206 -594 -102 1
> 12842 5843 308 -323 -141 0
> 8262 7604 -356 325 -22 1
! 1532 13439 0 sims=423832 RUNNER
! 6580 -1633 200 sims=423832 BLOCKER
> 9192 7011 -45 81 140 2
> 11580 7027 206 -594 -102 1
> 12842 5843 308 -323 -141 0
> 8262 7604 -356 325 -22 1
! -80516 -29993 200
! 84866 -56674 200
> 9147 7092 -38 68 140 2
> 11686 6260 90 -652 -120 1
> 12963 5448 103 -335 -159 0
> 8059 7800 -172 166 -40 1
! -125 10838 0 sims=411624 RUNNER
! 9607 -3521 0 sims=411624 BLOCKER
> 9147 7092 -38 68 140 2
> 11686 6260 90 -652 -120 1
> 12963 5448 103 -335 -159 0
> 8059 7800 -172 166 -40 1
! -86899 214 200
! 84663 -56478 200
> 9109 7160 -32 57 158 2
> 11776 5608 76 -554 -102 1
> 12866 5103 -82 -293 -177 0
> 8040 7837 -15 31 -40 1
! 1449 13588 0 sims=383184 RUNNER
! 12821 -4337 0 sims=383184 BLOCKER
> 9109 7160 -32 57 158 2
> 11776 5608 76 -554 -102 1
> 12866 5103 -82 -293 -177 0
> 8040 7837 -15 31 -40 1
! -80492 -30733 0
! 84644 -56441 200
> 9077 7217 -27 48 140 2
> 11852 5054 64 -470 -84 1
> 12784 4810 -69 -249 -159 0
> 8178 7739 117 -82 -40 1
! -195 10963 200 sims=372624 RUNNER
! 12897 -4891 SHIELD sims=372624 BLOCKER
> 9077 7217 -27 48 140 2
> 11852 5054 64 -470 -84 1
> 12784 4810 -69 -249 -159 0
> 8178 7739 117 -82 -40 1
! -87078 -423 0
! 100896 -29721 200
> 9162 7164 247 -149 158 2
> 11916 4584 32 -398 -84 1
> 12716 4561 156 -218 -177 0
> 8183 7758 -171 120 -22 1
! 1502 13592 200 sims=418144 RUNNER
! 12961 -5361 0 sims=418144 BLOCKER
> 9162 7164 247 -149 158 2
> 11916 4584 32 -398 -84 1
> 12716 4561 156 -218 -177 0
> 8183 7758 -171 120 -22 1
! -87146 -672 200
! 84787 -56520 200
> 9256 7144 79 -17 140 2
> 11789 4190 -108 -334 -84 1
> 12832 4328 98 -197 -177 0
> 8165 7749 -15 -7 -40 1
! -16 10890 200 sims=407352 RUNNER
! 9710 -5591 0 sims=407352 BLOCKER
> 9256 7144 79 -17 140 2
> 11789 4190 -108 -334 -84 1
> 12832 4328 98 -197 -177 0
> 8165 7749 -15 -7 -40 1
! -87030 -905 200
! 100883 -29711 200
> 9150 7202 -90 49 158 2
> 11681 3856 -91 -283 -102 1
> 12730 4121 -86 -176 -177 0
> 8335 7667 144 -69 -22 1
! -122 10948 SHIELD sims=384832 RUNNER
! 12726 -6089 0 sims=384832 BLOCKER
> 9150 7202 -90 49 158 2
> 11681 3856 -91 -283 -102 1
> 12730 4121 -86 -176 -177 0
> 8335 7667 144 -69 -22 1
! -80628 -31715 0
! 101053 -29793 SHIELD
> 9167 7189 115 -70 158 2
> 11590 3573 -77 -240 -84 1
> 12644 3945 -73 -149 -159 0
> 8372 7660 -69 53 -22 1
! 1507 13617 0 sims=390408 RUNNER
! 15657 -5562 0 sims=390408 BLOCKER
> 9167 7189 115 -70 158 2
> 11590 3573 -77 -240 -84 1
> 12644 3945 -73 -149 -159 0
> 8372 7660 -69 53 -22 1
! -87218 -1288 200
! 101090 -29800 0
> 9282 7119 97 -59 140 2
> 11513 3333 -65 -204 -66 1
> 12371 3786 -231 -135 -177 0
> 8303 7713 -58 45 -22 1
! 1622 13547 0 sims=402152 RUNNER
! 18204 -4098 0 sims=402152 BLOCKER
> 9282 7119 97 -59 140 2
> 11513 3333 -65 -204 -66 1
> 12371 3786 -231 -135 -177 0
> 8303 7713 -58 45 -22 1
! -80987 -32050 200
! 101021 -29747 0
> 9379 7060 82 -50 140 2
> 11342 3056 -260 -313 -48 1
> 12060 3652 -149 -35 -159 0
> 8245 7758 -49 38 -22 1
! 1719 13488 0 sims=400600 RUNNER
! 20002 -1944 0 sims=400600 BLOCKER
> 9379 7060 82 -50 140 2
> 11342 3056 -260 -313 -48 1
> 12060 3652 -149 -35 -159 0
> 8245 7758 -49 38 -22 1
! -65654 -59279 200
! 100963 -29702 0
> 9461 7010 69 -42 140 2
> 11082 2743 -221 -266 -30 1
> 11756 3491 -258 -136 -141 0
> 8196 7796 -41 32 -22 1
! 1801 13438 200 sims=386544 RUNNER
! 20863 664 0 sims=386544 BLOCKER
> 9461 7010 69 -42 140 2
> 11082 2743 -221 -266 -30 1
> 11756 3491 -258 -136 -141 0
> 8196 7796 -41 32 -22 1
! -65958 -59440 200
! 100914 -29664 200
> 9377 7097 -71 73 140 2
> 10861 2477 -187 -226 -12 1
> 11343 3229 -351 -222 -141 0
> 8340 7753 122 -36 -22 1
! 105 10843 200 sims=360208 RUNNER
! 20806 3522 0 sims=360208 BLOCKER
> 9377 7097 -71 73 140 2
> 10861 2477 -187 -226 -12 1
> 11343 3229 -351 -222 -141 0
> 8340 7753 122 -36 -22 1
! -43120 -80638 200
! 84944 -56525 200
> 9279 7141 219 -161 158 2
> 10584 2090 -273 -396 6 1
> 10973 3000 -276 -126 -123 0
> 8457 7692 -203 147 -40 1
! 1619 13569 200 sims=385288 RUNNER
! 19719 6157 0 sims=385288 BLOCKER
> 9279 7141 219 -161 158 2
> 10584 2090 -273 -396 6 1
> 10973 3000 -276 -126 -123 0
> 8457 7692 -203 147 -40 1
! -66741 -59931 200
! 85061 -56586 200
> 9345 7109 55 -27 140 2
> 10311 1694 -232 -336 24 1
> 10542 2748 -366 -214 -141 0
> 8407 7710 -42 15 -40 1
! 1685 13537 200 sims=390032 RUNNER
! 17742 8385 200 sims=390032 BLOCKER
> 9345 7109 55 -27 140 2
> 10311 1694 -232 -336 24 1
> 10542 2748 -366 -214 -141 0
> 8407 7710 -42 15 -40 1
! -43921 -81119 200
! 101125 -29750 200
> 9247 7211 -83 86 140 2
> 10228 1492 -70 -171 42 1
> 10067 2366 -403 -324 -123 0
> 8550 7650 121 -50 -22 1
! 1587 13639 SHIELD sims=382864 RUNNER
! 15228 10152 200 sims=382864 BLOCKER
> 9247 7211 -83 86 140 2
> 10228 1492 -70 -171 42 1
> 10067 2366 -403 -324 -123 0
> 8550 7650 121 -50 -22 1
! -67647 -60565 SHIELD
! 85154 -56628 200
> 9229 7257 -12 36 140 2
> 10297 1429 101 -126 60 1
> 9660 2049 -350 -262 -141 0
> 8178 7876 -347 211 -40 1
! -43 11003 0 sims=435008 RUNNER
! 12376 11210 0 sims=435008 BLOCKER
> 9229 7257 -12 36 140 2
> 10297 1429 101 -126 60 1
> 9660 2049 -350 -262 -141 0
> 8178 7876 -347 211 -40 1
! -83698 -33787 0
! 100896 -29584 200
> 9217 7293 -10 30 158 2
> 10398 1303 85 -107 78 1
> 9310 1787 -297 -222 -159 1
> 8016 8012 -137 115 -22 1
! 1557 13721 0 sims=429456 RUNNER
! 9353 11248 200 sims=429456 BLOCKER
> 9217 7293 -10 30 158 2
> 10398 1303 85 -107 78 1
> 9310 1787 -297 -222 -159 1
> 8016 8012 -137 115 -22 1
! -90552 -3446 0
! 100734 -29448 200
> 9207 7323 -8 25 140 2
> 10462 1395 54 78 96 1
> 9013 1565 -252 -188 -177 1
> 8064 8052 41 34 -22 1
! 1547 13751 0 sims=422432 RUNNER
! 6395 10530 200 sims=422432 BLOCKER
> 9207 7323 -8 25 140 2
> 10462 1395 54 78 96 1
> 9013 1565 -252 -188 -177 1
> 8064 8052 41 34 -22 1
! -87579 27446 0
! 84668 -56226 200
> 9199 7348 -6 21 140 2
> 10435 1656 -23 221 114 1
> 8761 1377 -214 -159 165 1
> 8258 7957 165 -80 -40 1
! -73 11094 200 sims=410032 RUNNER
! 3744 9087 200 sims=410032 BLOCKER
> 9199 7348 -6 21 140 2
> 10435 1656 -23 221 114 1
> 8761 1377 -214 -159 165 1
> 8258 7957 165 -80 -40 1
! -75106 55840 200
! 84862 -56321 200
> 9234 7293 256 -198 158 2
> 10278 2026 -133 314 132 1
> 8379 1327 -324 -42 147 1
> 8350 7900 -148 102 -40 1
! 1574 13721 200 sims=413992 RUNNER
! 3587 9457 200 sims=413992 BLOCKER
> 9234 7293 256 -198 158 2
> 10278 2026 -133 314 132 1
> 8379 1327 -324 -42 147 1
> 8350 7900 -148 102 -40 1
! -54553 79041 200
! 84954 -56378 200
> 9337 7224 87 -59 140 2
> 10011 2489 -226 393 132 1
> 7929 1440 -382 96 129 1
> 8355 7873 4 -22 -40 1
! 1677 13652 200 sims=393016 RUNNER
! 5944 11624 200 sims=393016 BLOCKER
> 9337 7224 87 -59 140 2
> 10011 2489 -226 393 132 1
> 7929 1440 -382 96 129 1
> 8355 7873 4 -22 -40 1
! -75938 55903 200
! 84959 -56405 200
> 9271 7294 -56 59 140 2
> 9704 3065 -261 489 114 1
> 7379 1645 -467 174 147 1
> 8512 7722 133 -127 -40 1
! 1611 13722 SHIELD sims=391664 RUNNER
! 8659 13010 200 sims=391664 BLOCKER
> 9271 7294 -56 59 140 2
> 9704 3065 -261 489 114 1
> 7379 1645 -467 174 147 1
> 8512 7722 133 -127 -40 1
! -55553 79359 200
! 101230 -29738 SHIELD
> 9377 7267 143 -51 140 2
> 9422 3753 -239 584 96 1
> 6786 1974 -503 280 129 1
> 8483 7681 -77 -6 -22 1
! 105 11013 0 sims=396360 RUNNER
! 8377 13698 200 sims=396360 BLOCKER
> 9377 7267 143 -51 140 2
> 9422 3753 -239 584 96 1
> 6786 1974 -503 280 129 1
> 8483 7681 -77 -6 -22 1
! -56145 79688 200
! 85087 -56597 0
> 9520 7216 121 -43 158 2
> 9162 4536 -220 665 96 1
> 6157 2409 -534 370 129 1
> 8406 7675 -65 -5 -40 1
! 1860 13644 0 sims=403400 RUNNER
! 8117 14481 200 sims=403400 BLOCKER
> 9520 7216 121 -43 158 2
> 9162 4536 -220 665 96 1
> 6157 2409 -534 370 129 1
> 8406 7675 -65 -5 -40 1
! -56774 80123 200
! 61397 -77129 0
> 9641 7173 102 -36 140 2
> 8921 5400 -204 734 96 1
> 5497 2934 -560 446 129 1
> 8341 7670 -55 -4 -58 1
! 369 10919 0 sims=410256 RUNNER
! 4854 14535 200 sims=410256 BLOCKER
> 9641 7173 102 -36 140 2
> 8921 5400 -204 734 96 1
> 5497 2934 -560 446 129 1
> 8341 7670 -55 -4 -58 1
! -57434 80648 200
! 84945 -56608 0
> 9743 7137 86 -30 158 2
> 8636 6317 -242 779 114 1
> 4811 3535 -582 511 129 1
> 8286 7666 -46 -3 -40 1
! 471 10883 200 sims=422992 RUNNER
! 4569 15452 SHIELD sims=422992 BLOCKER
> 9743 7137 86 -30 158 2
> 8636 6317 -242 779 114 1
> 4811 3535 -582 511 129 1
> 8286 7666 -46 -3 -40 1
! -31025 96893 200
! 61277 -77138 SHIELD
> 9644 7182 -84 38 158 2
> 8449 6891 -29 0 114 1
> 4157 4233 -555 593 111 2
> 8185 7868 -215 659 -58 1
! 1984 13610 200 sims=445440 RUNNER
! 4382 16026 0 sims=445440 BLOCKER
> 9644 7182 -84 38 158 2
> 8449 6891 -29 0 114 1
> 4157 4233 -555 593 111 2
> 8185 7868 -215 659 -58 1
! -1076 104095 0
! 84789 -56410 0
> 9407 7349 -201 141 140 2
> 8420 6891 -24 0 114 1
> 3602 4826 -471 504 93 2
> 7970 8527 -182 560 -40 1
! 135 11095 0 sims=441392 RUNNER
! 1729 14322 0 sims=441392 BLOCKER
> 9407 7349 -201 141 140 2
> 8420 6891 -24 0 114 1
> 3602 4826 -471 504 93 2
> 7970 8527 -182 560 -40 1
! 29483 101418 200
! 60961 -76277 200
> 9206 7490 -170 119 158 2
> 8396 6891 -20 0 132 1
> 3183 5523 -356 592 75 2
> 7788 9087 -154 476 -58 1
! 1546 13918 0 sims=427456 RUNNER
! -264 11891 0 sims=427456 BLOCKER
> 9206 7490 -170 119 158 2
> 8396 6891 -20 0 132 1
> 3183 5523 -356 592 75 2
> 7788 9087 -154 476 -58 1
! 57646 89390 200
! 31980 -87942 200
> 9036 7609 -144 101 140 2
> 8376 6891 -17 0 150 1
> 2936 6283 -210 645 57 2
> 7634 9563 -130 404 -76 1
! 3737 16089 200 sims=397672 RUNNER
! 1685 14322 0 sims=397672 BLOCKER
> 9036 7609 -144 101 140 2
> 8376 6891 -17 0 150 1
> 2936 6283 -210 645 57 2
> 7634 9563 -130 404 -76 1
! 80650 69215 200
! 658 -90193 200
> 8786 7880 -212 230 122 2
> 8359 6891 -14 0 132 1
> 2881 7054 -46 655 39 2
> 7490 9767 -122 173 -94 1
! 1126 14308 200 sims=385448 RUNNER
! 4292 16026 0 sims=385448 BLOCKER
> 8786 7880 -212 230 122 2
> 8359 6891 -14 0 132 1
> 2881 7054 -46 655 39 2
> 7490 9767 -122 173 -94 1
! 96239 42890 200
! 514 -89989 0
> 8421 8239 -310 304 140 3
> 8345 6891 -11 0 114 1
> 3022 7781 119 617 21 2
> 7368 9940 -103 147 -94 1
! 3122 16719 200 sims=351528 RUNNER
! 1654 14322 200 sims=351528 BLOCKER
> 8421 8239 -310 304 140 3
> 8345 6891 -11 0 114 1
> 3022 7781 119 617 21 2
> 7368 9940 -103 147 -94 1
! 102884 13014 0
! 392 -89816 200
> 8005 8713 -353 402 122 3
> 8200 7040 -123 126 132 1
> 3141 8398 101 524 3 2
> 7251 9887 -99 -44 -94 1
! 5586 18416 0 sims=369640 RUNNER
! -460 12040 0 sims=369640 BLOCKER
> 8005 8713 -353 402 122 3
> 8200 7040 -123 126 132 1
> 3141 8398 101 524 3 2
> 7251 9887 -99 -44 -94 1
! 99733 -17483 200
! 31443 -87142 200
> 7715 9036 63 -118 104 3
> 8077 7166 -104 107 150 1
> 3435 8870 250 401 -15 2
> 7138 9728 -406 257 -76 1
! 2416 17516 200 sims=394544 RUNNER
! 1386 14597 200 sims=394544 BLOCKER
> 7715 9036 63 -118 104 3
> 8077 7166 -104 107 150 1
> 3435 8870 250 401 -15 2
> 7138 9728 -406 257 -76 1
! 87301 -45594 200
! 31330 -87301 200
> 7672 9088 -36 43 122 3
> 7839 7422 -202 217 132 1
> 3853 9162 355 248 -33 2
> 6780 9791 -303 53 -76 1
! 12 15516 200 sims=296720 RUNNER
! -821 12422 200 sims=296720 BLOCKER
> 7672 9088 -36 43 122 3
> 7839 7422 -202 217 132 1
> 3853 9162 355 248 -33 2
> 6780 9791 -303 53 -76 1
! 66784 -68552 200
! 59771 -75013 200
> 7483 9260 -160 145 140 3
> 7464 7739 -318 269 150 1
> 4334 9255 408 78 -51 2
> 6583 9674 -167 -99 -58 1
! -1789 13006 200 sims=322600 RUNNER
! 773 15170 200 sims=322600 BLOCKER
> 7483 9260 -160 145 140 3
> 7464 7739 -318 269 150 1
> 4334 9255 408 78 -51 2
> 6583 9674 -167 -99 -58 1
! 88201 -45208 200
! 30775 -87355 200
> 7293 9449 -25 134 158 3
> 7012 8157 -384 354 132 1
> 4910 9224 489 -26 -33 2
> 6309 9411 -368 -196 -76 1
! -2683 10147 200 sims=371608 RUNNER
! -1648 13157 200 sims=371608 BLOCKER
> 7293 9449 -25 134 158 3
> 7012 8157 -384 354 132 1
> 4910 9224 489 -26 -33 2
> 6309 9411 -368 -196 -76 1
! 67841 -68490 200
! 59300 -75393 0
> 7068 9597 -190 125 176 3
> 6495 8514 -199 -270 150 1
> 5178 8963 -274 -335 -51 2
> 6247 9391 209 671 -58 1
! -2635 7178 200 sims=406936 RUNNER
! -3286 10593 200 sims=406936 BLOCKER
> 7068 9597 -190 125 176 3
> 6495 8514 -199 -270 150 1
> 5178 8963 -274 -335 -51 2
> 6247 9391 209 671 -58 1
! 41014 -84395 200
! 30439 -87638 200
> 7336 9824 265 201 194 3
> 6100 8286 -335 -194 168 1
> 4976 8441 -171 -443 -69 2
> 5853 9717 -373 268 -76 1
! -1144 4525 0 sims=374240 RUNNER
! -3845 7241 200 sims=374240 BLOCKER
> 7336 9824 265 201 194 3
> 6100 8286 -335 -194 168 1
> 4976 8441 -171 -443 -69 2
> 5853 9717 -373 268 -76 1
! 67907 -69273 200
! 58844 -75087 200
> 7601 10025 225 170 212 3
> 5705 8089 -87 -134 -174 1
> 4792 7824 -404 -556 -51 2
> 5586 9815 -226 83 -58 1
! 1173 2365 200 sims=325264 RUNNER
! -3430 4022 0 sims=325264 BLOCKER
> 7601 10025 225 170 212 3
> 5705 8089 -87 -134 -174 1
> 4792 7824 -404 -556 -51 2
> 5586 9815 -226 83 -58 1
! 88659 -46639 200
! 82190 -54463 200
> 7697 10042 81 14 230 3
> 5618 7955 -73 -113 -156 1
> 4556 7159 -200 -565 -33 2
> 5513 9769 -61 -38 -40 1
! 3951 770 200 sims=407944 RUNNER
! -1813 1264 0 sims=407944 BLOCKER
> 7697 10042 81 14 230 3
> 5618 7955 -73 -113 -156 1
> 4556 7159 -200 -565 -33 2
> 5513 9769 -61 -38 -40 1
! 101148 -18723 200
! 98231 -27691 200
> 7703 9871 5 -145 248 3
> 5545 7842 -62 -96 -138 1
> 4549 6542 -5 -524 -15 2
> 5637 9656 105 -95 -22 1
! 7005 -105 200 sims=422376 RUNNER
! 545 -818 0 sims=422376 BLOCKER
> 7703 9871 5 -145 248 3
> 5545 7842 -62 -96 -138 1
> 4549 6542 -5 -524 -15 2
> 5637 9656 105 -95 -22 1
! 104411 11775 200
! 105393 2680 200
> 7694 9526 -7 -292 -94 3
> 5483 7746 -52 -81 -120 1
> 4744 6028 165 -436 3 2
> 5942 9547 258 -92 -4 1
! 6996 -450 200 sims=417544 RUNNER
! 3404 -2035 0 sims=417544 BLOCKER
> 7694 9526 -7 -292 -94 3
> 5483 7746 -52 -81 -120 1
> 4744 6028 165 -436 3 2
> 5942 9547 258 -92 -4 1
! 98102 41864 200
! 102971 33739 200
> 7673 9034 -17 -417 -94 3
> 5431 7665 -44 -68 -102 1
> 5096 5664 298 -309 21 2
> 6394 9503 384 -37 14 1
! 6975 -942 200 sims=421160 RUNNER
! 6476 -2280 0 sims=421160 BLOCKER
> 7673 9034 -17 -417 -94 3
> 5431 7665 -44 -68 -102 1
> 5096 5664 298 -309 21 2
> 6394 9503 384 -37 14 1
! 82810 68596 200
! 106150 2527 0
> 7642 8417 -26 -524 -94 3
> 5387 7597 -37 -57 -84 1
> 5549 5481 385 -155 39 2
> 6778 9466 326 -31 -4 1
! 10061 -1286 0 sims=412024 RUNNER
! 9454 -1538 0 sims=412024 BLOCKER
> 7642 8417 -26 -524 -94 3
> 5387 7597 -37 -57 -84 1
> 5549 5481 385 -155 39 2
> 6778 9466 326 -31 -4 1
! 60012 89348 0
! 99496 -27994 200
> 7616 7893 -22 -445 -76 3
> 5350 7540 -31 -48 -66 1
> 5934 5326 327 -131 57 2
> 7289 9360 434 -90 -22 1
! 12915 -587 0 sims=399768 RUNNER
! 12041 109 0 sims=399768 BLOCKER
> 7616 7893 -22 -445 -76 3
> 5350 7540 -31 -48 -66 1
> 5934 5326 327 -131 57 2
> 7289 9360 434 -90 -22 1
! 31815 101918 200
! 83893 -54918 200
> 7594 7448 -18 -378 -58 3
> 5319 7492 -26 -40 -48 1
> 6313 5388 321 52 75 2
> 7876 9141 499 -185 -40 1
! 15254 1020 200 sims=398864 RUNNER
! 13979 2492 200 sims=398864 BLOCKER
> 7594 7448 -18 -378 -58 3
> 5319 7492 -26 -40 -48 1
> 6313 5388 321 52 75 2
> 7876 9141 499 -185 -40 1
! 1079 105250 200
! 60867 -75663 200
> 7729 6941 114 -430 -40 3
> 5466 7352 125 -119 -30 1
> 6624 5640 263 213 93 2
> 8481 8786 514 -301 -58 1
! 17001 3195 200 sims=422176 RUNNER
! 15247 5273 200 sims=422176 BLOCKER
> 7729 6941 114 -430 -40 3
> 5466 7352 125 -119 -30 1
> 6624 5640 263 213 93 2
> 8481 8786 514 -301 -58 1
! 1390 105502 200
! 32673 -88243 0
> 8028 6436 254 -429 -22 3
> 5787 7191 272 -136 -12 1
> 6877 6053 214 350 93 2
> 8995 8485 436 -255 -76 1
! 18004 5738 200 sims=406552 RUNNER
! 14447 2191 0 sims=406552 BLOCKER
> 8028 6436 254 -429 -22 3
> 5787 7191 272 -136 -12 1
> 6877 6053 214 350 93 2
> 8995 8485 436 -255 -76 1
! 32758 102645 200
! 2019 -91271 200
> 8482 5993 385 -376 -4 3
> 6059 7055 231 -115 -30 1
> 7143 6596 225 461 75 2
> 9417 8030 358 -386 -94 1
! 18185 8412 200 sims=409728 RUNNER
! 14719 2055 200 sims=409728 BLOCKER
> 8482 5993 385 -376 -4 3
> 6059 7055 231 -115 -30 1
> 7143 6596 225 461 75 2
> 9417 8030 358 -386 -94 1
! 61606 90463 200
! 33609 -88999 200
> 9061 5665 492 -278 14 3
> 6463 6840 343 -182 -30 1
> 7477 7225 283 534 57 2
> 9823 7450 345 -493 -76 1
! 17541 10964 200 sims=395744 RUNNER
! 16244 4761 200 sims=395744 BLOCKER
> 9061 5665 492 -278 14 3
> 6463 6840 343 -182 -30 1
> 7477 7225 283 534 57 2
> 9823 7450 345 -493 -76 1
! 85191 70157 0
! 2847 -92306 200
> 9723 5493 562 -146 32 3
> 7002 6616 457 -190 -12 1
> 7760 7759 240 453 39 3
> 10154 6757 281 -588 -94 1
! 16151 13153 200 sims=367152 RUNNER
! 15662 1616 200 sims=367152 BLOCKER
> 9723 5493 562 -146 32 3
> 7002 6616 457 -190 -12 1
> 7760 7759 240 453 39 3
> 10154 6757 281 -588 -94 1
! 101118 43595 0
! 34346 -90272 200
> 10330 5188 399 -696 50 3
> 7632 6326 535 -246 -30 1
> 8000 8212 204 385 21 3
> 10567 6287 467 38 -76 1
! 14076 14460 200 sims=421056 RUNNER
! 17413 4247 0 sims=421056 BLOCKER
> 10330 5188 399 -696 50 3
> 7632 6326 535 -246 -30 1
> 8000 8212 204 385 21 3
> 10567 6287 467 38 -76 1
! 107862 13445 0
! 3591 -93469 200
> 10804 4677 402 -433 68 3
> 8167 6080 454 -209 -12 1
> 8204 8597 173 327 3 3
> 11020 6125 385 -137 -94 1
! 11502 14653 200 sims=410944 RUNNER
! 18112 7125 200 sims=410944 BLOCKER
> 10804 4677 402 -433 68 3
> 8167 6080 454 -209 -12 1
> 8204 8597 173 327 3 3
> 11020 6125 385 -137 -94 1
! 104796 -17284 200
! 4044 -93631 200
> 11220 4444 353 -198 86 3
> 8820 5892 554 -159 6 1
> 8570 8872 311 233 -15 3
> 11391 5788 315 -286 -94 1
! 11918 14420 200 sims=383944 RUNNER
! 18601 3813 200 sims=383944 BLOCKER
> 11220 4444 353 -198 86 3
> 8820 5892 554 -159 6 1
> 8570 8872 311 233 -15 3
> 11391 5788 315 -286 -94 1
! 92436 -45592 200
! 4415 -93968 200
> 11587 4446 311 1 86 3
> 9570 5691 637 -170 -12 1
> 9049 8996 406 105 -33 3
> 11692 5302 255 -412 -94 1
! 12285 14422 SHIELD sims=398888 RUNNER
! 19515 6736 0 sims=398888 BLOCKER
> 11587 4446 311 1 86 3
> 9570 5691 637 -170 -12 1
> 9049 8996 406 105 -33 3
> 11692 5302 255 -412 -94 1
! 71980 -68718 200
! -25768 -87416 SHIELD
> 11855 4095 221 -350 86 3
> 10207 5521 541 -144 6 1
> 9581 8946 452 -42 -51 3
> 11990 5242 259 1 -112 1
! 12553 14071 0 sims=400592 RUNNER
! 19342 9588 0 sims=400592 BLOCKER
> 11855 4095 221 -350 86 3
> 10207 5521 541 -144 6 1
> 9581 8946 452 -42 -51 3
> 11990 5242 259 1 -112 1
! 45417 -84412 200
! -52288 -71362 0
> 12076 3745 187 -297 86 3
> 10748 5377 459 -122 24 1
> 10105 8717 445 -194 -69 3
> 12249 5243 220 0 -130 1
! 15822 13017 0 sims=398560 RUNNER
! 18179 12068 0 sims=398560 BLOCKER
> 12076 3745 187 -297 86 3
> 10748 5377 459 -122 24 1
> 10105 8717 445 -194 -69 3
> 12249 5243 220 0 -130 1
! 15338 -91145 200
! -52029 -71361 0
> 12263 3448 158 -252 68 3
> 11207 5255 390 -103 42 1
> 10560 8323 387 -334 -87 3
> 12469 5243 187 0 -130 1
! 16009 12720 0 sims=366992 RUNNER
! 16207 13915 200 sims=366992 BLOCKER
> 12263 3448 158 -252 68 3
> 11207 5255 390 -103 42 1
> 10560 8323 387 -334 -87 3
> 12469 5243 187 0 -130 1
! 46396 -85035 200
! -51809 -71361 0
> 12421 3196 134 -214 68 3
> 11697 5325 416 59 60 1
> 11019 7802 389 -442 -69 3
> 12656 5243 158 0 -130 1
! 13119 13172 200 sims=367712 RUNNER
! 13776 15106 0 sims=367712 BLOCKER
> 12421 3196 134 -214 68 3
> 11697 5325 416 59 60 1
> 11019 7802 389 -442 -69 3
> 12656 5243 158 0 -130 1
! 16252 -92060 200
! -51622 -71361 200
> 12569 3182 125 -12 86 3
> 11942 5424 81 113 78 1
> 11418 7160 339 -545 -87 3
> 12857 5050 297 -193 -130 1
! 16315 12454 200 sims=373976 RUNNER
! 14021 15205 200 sims=373976 BLOCKER
> 12569 3182 125 -12 86 3
> 11942 5424 81 113 78 1
> 11418 7160 339 -545 -87 3
> 12857 5050 297 -193 -130 1
! 47254 -86198 200
! -51421 -71554 200
> 12769 3355 169 147 68 3
> 12085 5671 394 -606 78 1
> 11808 6490 58 247 -69 3
> 13025 4704 143 -294 -130 1
! 13467 13331 200 sims=357560 RUNNER
! 14164 15452 200 sims=357560 BLOCKER
> 12769 3355 169 147 68 3
> 12085 5671 394 -606 78 1
> 11808 6490 58 247 -69 3
> 13025 4704 143 -294 -130 1
! 47644 -86868 200
! -71779 -48287 200
> 12927 3507 73 -352 86 3
> 12521 5261 370 -348 78 1
> 11938 6550 110 51 -69 3
> 13023 4499 58 306 -148 1
! 13625 13483 200 sims=380984 RUNNER
! 11476 15206 0 sims=380984 BLOCKER
> 12927 3507 73 -352 86 3
> 12521 5261 370 -348 78 1
> 11938 6550 110 51 -69 3
> 13023 4499 58 306 -148 1
! 74869 -71164 200
! -71781 -48492 200
> 13014 3355 73 -129 86 3
> 12566 5427 -12 222 96 1
> 12174 6446 200 -88 -51 3
> 13236 4185 231 -347 -148 1
! 13712 13331 SHIELD sims=375632 RUNNER
! 11521 15372 SHIELD sims=375632 BLOCKER
> 13014 3355 73 -129 86 3
> 12566 5427 -12 222 96 1
> 12174 6446 200 -88 -51 3
> 13236 4185 231 -347 -148 1
! 48010 -86912 0
! -51042 -72419 200
> 13072 3176 46 -161 86 3
> 12557 5637 5 135 96 1
> 12339 6478 17 454 -69 3
> 13487 4188 239 89 -130 1
! 10653 12879 0 sims=389064 RUNNER
! 14636 15418 0 sims=389064 BLOCKER
> 13072 3176 46 -161 86 3
> 12557 5637 5 135 96 1
> 12339 6478 17 454 -69 3
> 13487 4188 239 89 -130 1
! 48175 -86880 200
! -71317 -48803 0
> 13118 3015 39 -136 104 3
> 12562 5772 4 114 78 1
> 12428 6745 75 227 -69 3
> 13726 4277 203 75 -148 1
! 13816 12991 0 sims=384584 RUNNER
! 17562 14432 0 sims=384584 BLOCKER
> 13118 3015 39 -136 104 3
> 12562 5772 4 114 78 1
> 12428 6745 75 227 -69 3
> 13726 4277 203 75 -148 1
! 75359 -70969 200
! -83303 -19915 0
> 13157 2879 33 -115 86 3
> 12566 5886 3 96 60 1
> 12629 6817 170 60 -51 3
> 13929 4352 172 63 -166 1
! 13855 12855 0 sims=339864 RUNNER
! 19997 12577 0 sims=339864 BLOCKER
> 13157 2879 33 -115 86 3
> 12566 5886 3 96 60 1
> 12629 6817 170 60 -51 3
> 13929 4352 172 63 -166 1
! 48465 -86541 200
! -70875 -48639 0
> 13190 2764 28 -97 86 3
> 12555 5939 -46 -71 42 1
> 12885 6734 254 45 -69 3
> 14101 4415 146 53 -148 1
! 13888 12740 200 sims=345976 RUNNER
! 19986 12630 200 sims=345976 BLOCKER
> 13190 2764 28 -97 86 3
> 12555 5939 -46 -71 42 1
> 12885 6734 254 45 -69 3
> 14101 4415 146 53 -148 1
! 18118 -93128 200
! -70703 -48576 200
> 13232 2867 35 87 86 3
> 12613 5928 12 -71 42 1
> 13194 6653 299 -6 -87 3
> 14077 4362 -20 -45 -148 1
! 16978 12139 0 sims=356528 RUNNER
! 21748 9995 200 sims=356528 BLOCKER
> 13232 2867 35 87 86 3
> 12613 5928 12 -71 42 1
> 13194 6653 299 -6 -87 3
> 14077 4362 -20 -45 -148 1
! 49030 -86705 200
! -70727 -48629 200
> 13267 2954 29 73 68 3
> 12808 5938 165 8 24 1
> 13565 6460 315 -163 -69 3
> 13887 4211 -161 -128 -148 1
! 13965 12930 0 sims=405216 RUNNER
! 22753 6983 0 sims=405216 BLOCKER
> 13267 2954 29 73 68 3
> 12808 5938 165 8 24 1
> 13565 6460 315 -163 -69 3
> 13887 4211 -161 -128 -148 1
! 18798 -93402 200
! -50391 -72393 0
> 13296 3027 24 62 86 3
> 12973 5946 140 6 6 1
> 13890 6097 276 -308 -87 3
> 13726 4083 -136 -108 -130 1
! 17042 12299 0 sims=367760 RUNNER
! 22754 3867 0 sims=367760 BLOCKER
> 13296 3027 24 62 86 3
> 12973 5946 140 6 6 1
> 13890 6097 276 -308 -87 3
> 13726 4083 -136 -108 -130 1
! -11992 -90495 0
! -23734 -88635 200
> 13298 3019 -82 -279 68 3
> 13113 5952 119 5 -12 1
> 14166 5789 234 -261 -105 3
> 13537 3859 -76 82 -112 1
! 19726 10679 200 sims=397904 RUNNER
! 21773 952 200 sims=397904 BLOCKER
> 13298 3019 -82 -279 68 3
> 13113 5952 119 5 -12 1
> 14166 5789 234 -261 -105 3
> 13537 3859 -76 82 -112 1
! -40297 -78078 200
! 6561 -95897 0
> 13345 2893 39 -106 50 3
> 13405 5857 248 -80 -30 1
> 14291 5360 106 -364 -123 3
> 13461 3941 -64 69 -94 1
! 21825 8192 200 sims=379168 RUNNER
! 20096 -1574 0 sims=379168 BLOCKER
> 13345 2893 39 -106 50 3
> 13405 5857 248 -80 -30 1
> 14291 5360 106 -364 -123 3
> 13461 3941 -64 69 -94 1
! -63423 -57571 200
! 37653 -93088 0
> 13554 2893 177 0 32 3
> 13653 5777 210 -68 -48 1
> 14242 4870 -42 -416 -141 3
> 13397 4010 -54 58 -76 1
! 19982 10553 200 sims=380432 RUNNER
! 17720 -3358 0 sims=380432 BLOCKER
> 13554 2893 177 0 32 3
> 13653 5777 210 -68 -48 1
> 14242 4870 -42 -416 -141 3
> 13397 4010 -54 58 -76 1
! -79116 -30966 0
! 66388 -80794 SHIELD
> 13860 3046 259 130 50 3
> 13863 5709 178 -57 -66 1
> 14200 4454 -35 -353 -159 3
> 13343 4068 -45 49 -58 1
! 20288 10706 200 sims=340544 RUNNER
! 14908 -4236 200 sims=340544 BLOCKER
> 13860 3046 259 130 50 3
> 13863 5709 178 -57 -66 1
> 14200 4454 -35 -353 -159 3
> 13343 4068 -45 49 -58 1
! -79158 -31382 0
! 89947 -60210 0
> 14250 3305 371 -267 50 3
> 14062 5453 169 -217 -84 1
> 14163 4125 -71 207 -159 3
> 13298 4117 -38 41 -40 1
! 17996 12577 0 sims=369392 RUNNER
! 11983 -4328 200 sims=369392 BLOCKER
> 14250 3305 371 -267 50 3
> 14062 5453 169 -217 -84 1
> 14163 4125 -71 207 -159 3
> 13298 4117 -38 41 -40 1
! -85699 -1108 SHIELD
! 106016 -33343 200
> 14621 3038 315 -226 68 3
> 14203 5196 188 573 -102 1
> 14091 4316 -68 83 -177 3
> 13260 4158 -32 34 -22 1
! 15319 13014 200 sims=373096 RUNNER
! 9203 -3464 200 sims=373096 BLOCKER
> 14621 3038 315 -226 68 3
> 14203 5196 188 573 -102 1
> 14091 4316 -68 83 -177 3
> 13260 4158 -32 34 -22 1
! -82501 30197 0
! 113016 -2817 0
> 14950 3012 279 -22 86 3
> 14291 5596 74 339 -120 1
> 14023 4399 -57 70 165 3
> 13228 4192 -27 28 -4 1
! 12531 12715 200 sims=374024 RUNNER
! 9291 -3064 200 sims=374024 BLOCKER
> 14950 3012 279 -22 86 3
> 14291 5596 74 339 -120 1
> 14023 4399 -57 70 165 3
> 13228 4192 -27 28 -4 1
! -69844 58862 SHIELD
! 110257 28384 200
> 15181 3184 196 146 104 3
> 14265 5762 -22 140 -120 1
> 14001 4478 -15 68 147 3
> 13050 4176 -183 -22 14 1
! 9882 11664 200 sims=373728 RUNNER
! 9265 -2898 200 sims=373728 BLOCKER
> 15181 3184 196 146 104 3
> 14265 5762 -22 140 -120 1
> 14001 4478 -15 68 147 3
> 13050 4176 -183 -22 14 1
! -69866 58941 0
! 112806 -2799 200
> 15271 3500 76 268 122 3
> 14143 5729 -103 -28 -120 1
> 13986 4546 -12 57 147 3
> 13067 4140 14 -30 -4 1
! 7611 9928 200 sims=328088 RUNNER
! 12064 -4052 200 sims=328088 BLOCKER
> 15271 3500 76 268 122 3
> 14143 5729 -103 -28 -120 1
> 13986 4546 -12 57 147 3
> 13067 4140 14 -30 -4 1
! -48946 82260 0
! 110096 28332 200
> 15194 3897 -65 337 140 3
> 13998 5505 -122 -190 -102 1
> 13974 4603 -10 48 129 3
> 13275 4158 176 15 14 1
! 9895 12377 0 sims=310552 RUNNER
! 15043 -4440 200 sims=310552 BLOCKER
> 15194 3897 -65 337 140 3
> 13998 5505 -122 -190 -102 1
> 13974 4603 -10 48 129 3
> 13275 4158 176 15 14 1
! -21862 97961 SHIELD
! 98079 57149 SHIELD
> 15129 4234 -55 286 122 3
> 13898 5835 -85 462 -84 1
> 14052 4639 86 26 111 3
> 13363 4113 55 -51 32 1
! 7469 10662 200 sims=374800 RUNNER
! 11819 -3946 200 sims=374800 BLOCKER
> 15129 4234 -55 286 122 3
> 13898 5835 -85 462 -84 1
> 14052 4639 86 26 111 3
> 13363 4113 55 -51 32 1
! 8818 104501 SHIELD
! 110392 28305 0
> 14952 4647 305 329 140 3
> 13771 6101 -107 226 -102 1
> 14135 4665 24 24 93 3
> 13418 4062 46 -43 14 1
! 5680 8393 200 sims=370560 RUNNER
! 11692 -3680 200 sims=370560 BLOCKER
> 14952 4647 305 329 140 3
> 13771 6101 -107 226 -102 1
> 14135 4665 24 24 93 3
> 13418 4062 46 -43 14 1
! -21701 98023 0
! 98222 57053 0
> 15072 5051 101 343 158 3
> 13622 6131 -126 25 -102 1
> 14159 4689 20 20 111 3
> 13464 4019 39 -36 32 1
! 5096 5749 200 sims=337968 RUNNER
! 14667 -3814 200 sims=337968 BLOCKER
> 15072 5051 101 343 158 3
> 13622 6131 -126 25 -102 1
> 14159 4689 20 20 111 3
> 13464 4019 39 -36 32 1
! -48772 82403 0
! 77742 80623 0
> 14973 5408 -83 303 176 3
> 13517 5957 -89 -147 -84 1
> 14179 4709 17 17 129 3
> 13503 3983 33 -30 50 1
! 5270 2989 200 sims=342488 RUNNER
! 17584 -3178 200 sims=342488 BLOCKER
> 14973 5408 -83 303 176 3
> 13517 5957 -89 -147 -84 1
> 14179 4709 17 17 129 3
> 13503 3983 33 -30 50 1
! -69688 59172 0
! 50963 96701 200
> 14696 5663 -235 216 194 3
> 13509 5627 -6 -280 -66 1
> 14196 4726 14 14 147 3
> 13611 4138 91 132 68 1
! 6216 364 200 sims=312344 RUNNER
! 20200 -1804 200 sims=312344 BLOCKER
> 14696 5663 -235 216 194 3
> 13509 5627 -6 -280 -66 1
> 14196 4726 14 14 147 3
> 13611 4138 91 132 68 1
! -69671 59189 0
! 20586 103894 200
> 14291 5773 -343 93 212 3
> 13637 5198 108 -364 -48 1
> 14395 4918 186 180 147 3
> 13531 4291 -85 113 86 1
! 7863 -1887 0 sims=375944 RUNNER
! 20328 -2233 SHIELD sims=375944 BLOCKER
> 14291 5773 -343 93 212 3
> 13637 5198 108 -364 -48 1
> 14395 4918 186 180 147 3
> 13531 4291 -85 113 86 1
! -69472 59381 0
! -10661 101320 SHIELD
> 14034 6022 -125 379 230 3
> 13780 5137 128 23 -48 1
> 14755 5044 319 103 147 3
> 13385 4091 -141 -262 104 1
! 10288 -3250 0 sims=407808 RUNNER
! 22440 137 0 sims=407808 BLOCKER
> 14034 6022 -125 379 230 3
> 13780 5137 128 23 -48 1
> 14755 5044 319 103 147 3
> 13385 4091 -141 -262 104 1
! -69112 59507 200
! -39606 88895 0
> 13909 6401 -106 322 248 3
> 13908 5160 108 19 -30 1
> 14906 5256 128 180 147 3
> 13244 3829 -119 -222 122 1
! 13211 -3575 200 sims=400144 RUNNER
! 23689 3081 0 sims=400144 BLOCKER
> 13909 6401 -106 322 248 3
> 13908 5160 108 19 -30 1
> 14906 5256 128 180 147 3
> 13244 3829 -119 -222 122 1
! -68961 59719 200
! -39747 88633 0
> 13789 6523 -101 104 -94 3
> 14016 5179 91 16 -12 1
> 14866 5545 -33 245 147 3
> 13125 3607 -101 -188 122 1
! 16208 -3180 0 sims=386536 RUNNER
! 23961 6224 0 sims=386536 BLOCKER
> 13789 6523 -101 104 -94 3
> 14016 5179 91 16 -12 1
> 14866 5545 -33 245 147 3
> 13125 3607 -101 -188 122 1
! -81726 31426 200
! -63479 67885 0
> 13688 6627 -85 88 -76 3
> 14107 5195 77 13 6 1
> 14640 5842 -192 252 165 3
> 13024 3419 -85 -159 140 1
! 18987 -1853 200 sims=383376 RUNNER
! 23242 9262 200 sims=383376 BLOCKER
> 13688 6627 -85 88 -76 3
> 14107 5195 77 13 6 1
> 14640 5842 -192 252 165 3
> 13024 3419 -85 -159 140 1
! -85222 608 200
! -39967 88223 0
> 13631 6588 -353 133 -58 3
> 14254 5119 109 -88 24 1
> 14438 6211 149 170 -177 3
> 12939 3260 -72 -135 122 1
! 21291 160 200 sims=393336 RUNNER
! 24199 6164 0 sims=393336 BLOCKER
> 13631 6588 -353 133 -58 3
> 14254 5119 109 -88 24 1
> 14438 6211 149 170 -177 3
> 12939 3260 -72 -135 122 1
! -78920 -29625 200
! -63665 67538 0
> 13431 6592 -169 3 -40 3
> 14363 5031 92 -74 6 1
> 14400 6309 -32 83 -159 3
> 12867 3125 -61 -114 140 1
! 18730 -1888 200 sims=382008 RUNNER
! 24144 2952 0 sims=382008 BLOCKER
> 13431 6592 -169 3 -40 3
> 14363 5031 92 -74 6 1
> 14400 6309 -32 83 -159 3
> 12867 3125 -61 -114 140 1
! -78958 -29527 200
! -79851 40585 0
> 13368 6425 -53 -141 -58 3
> 14455 4957 78 -62 -12 1
> 14181 6320 -185 9 -159 3
> 12806 3011 -51 -96 158 1
! 18667 -2055 SHIELD sims=403816 RUNNER
! 23115 -43 0 sims=403816 BLOCKER
> 13368 6425 -53 -141 -58 3
> 14455 4957 78 -62 -12 1
> 14181 6320 -185 9 -159 3
> 12806 3011 -51 -96 158 1
! -85681 1086 200
! -63798 67289 0
> 13256 6291 -98 -113 -58 3
> 14533 4895 66 -52 -30 1
> 14385 6247 204 -66 -177 3
> 12755 2915 -43 -81 140 1
! 15675 -3412 0 sims=423216 RUNNER
! 21224 -2536 0 sims=423216 BLOCKER
> 13256 6291 -98 -113 -58 3
> 14533 4895 66 -52 -30 1
> 14385 6247 204 -66 -177 3
> 12755 2915 -43 -81 140 1
! -78973 -29589 200
! -40236 87719 0
> 13158 6178 -83 -96 -76 3
> 14599 4843 56 -44 -48 1
> 14402 6109 14 -117 -159 3
> 12712 2834 -36 -68 122 1
! 12460 -3798 0 sims=324152 RUNNER
! 18666 -4292 0 sims=324152 BLOCKER
> 13158 6178 -83 -96 -76 3
> 14599 4843 56 -44 -48 1
> 14402 6109 14 -117 -159 3
> 12712 2834 -36 -68 122 1
! -78956 -29727 200
! -11480 99863 200
> 13075 6082 -70 -81 -94 0
> 14655 4799 47 -37 -66 1
> 14229 5920 -146 -160 -159 3
> 12628 2960 -71 107 104 1
! 9329 -3190 0 sims=383352 RUNNER
! 15700 -5146 0 sims=383352 BLOCKER
> 13075 6082 -70 -81 -94 0
> 14655 4799 47 -37 -66 1
> 14229 5920 -146 -160 -159 3
> 12628 2960 -71 107 104 1
! -63485 -57011 200
! 19603 102716 200
> 13005 6001 -59 -68 -112 0
> 14702 4762 39 -31 -84 1
> 13928 5634 -256 -242 -141 3
> 12571 3267 -48 260 86 1
! 12307 -3975 0 sims=399512 RUNNER
! 12623 -5019 200 sims=399512 BLOCKER
> 13005 6001 -59 -68 -112 0
> 14702 4762 39 -31 -84 1
> 13928 5634 -256 -242 -141 3
> 12571 3267 -48 260 86 1
! -40535 -78233 0
! -11621 100296 0
> 12946 5933 -50 -57 -94 0
> 14699 4535 -2 -192 -102 1
> 13672 5392 -217 -205 -123 0
> 12523 3527 -40 221 104 1
! 9200 -3339 0 sims=443744 RUNNER
! 9699 -4125 200 sims=443744 BLOCKER
> 12946 5933 -50 -57 -94 0
> 14699 4535 -2 -192 -102 1
> 13672 5392 -217 -205 -123 0
> 12523 3527 -40 221 104 1
! -12210 -91200 0
! -40468 88331 0
> 12896 5876 -42 -48 -112 0
> 14597 4170 -86 -310 -120 1
> 13455 5187 -184 -174 -105 0
> 12483 3748 -34 187 122 1
! 12198 -4100 200 sims=212488 RUNNER
! 7166 -2521 200 sims=212488 BLOCKER
> 12896 5876 -42 -48 -112 0
> 14597 4170 -86 -310 -120 1
> 13455 5187 -184 -174 -105 0
> 12483 3748 -34 187 122 1
! 18688 -94675 200
! -11709 100777 200
> 12840 5628 -47 -210 -94 0
> 14362 3726 -199 -377 -138 1
> 13281 4813 -147 -317 -87 0
> 12401 4129 -70 323 104 1
! 9094 -3644 0 sims=402664 RUNNER
! 5227 -341 200 sims=402664 BLOCKER
> 12840 5628 -47 -210 -94 0
> 14362 3726 -199 -377 -138 1
> 13281 4813 -147 -317 -87 0
> 12401 4129 -70 323 104 1
! -12601 -91779 200
! -11791 101158 200
> 12793 5418 -39 -178 -112 0
> 13980 3268 -324 -389 -156 1
> 13082 4303 -168 -433 -105 0
> 12283 4646 -100 439 104 1
! 6365 -2242 0 sims=424896 RUNNER
! 4035 2223 200 sims=424896 BLOCKER
> 12793 5418 -39 -178 -112 0
> 13980 3268 -324 -389 -156 1
> 13082 4303 -168 -433 -105 0
> 12283 4646 -100 439 104 1
! -41381 -79564 200
! -40708 89450 SHIELD
> 13122 5661 398 342 -130 0
> 13457 2858 -444 -348 -174 1
> 12805 3702 -235 -510 -123 0
> 12146 5043 -128 323 122 1
! 6694 -1999 200 sims=409584 RUNNER
! 3676 4937 200 sims=409584 BLOCKER
> 13122 5661 398 342 -130 0
> 13457 2858 -444 -348 -174 1
> 12805 3702 -235 -510 -123 0
> 12146 5043 -128 323 122 1
! -64909 -59229 200
! -64458 69321 0
> 13391 5850 229 160 -130 0
> 12907 2436 -328 -537 -192 1
> 12325 3182 -547 -263 -141 0
> 12018 5366 -108 274 140 1
! 6963 -1810 200 sims=435608 RUNNER
! 4247 7436 200 sims=435608 BLOCKER
> 13391 5850 229 160 -130 0
> 12907 2436 -328 -537 -192 1
> 12325 3182 -547 -263 -141 0
> 12018 5366 -108 274 140 1
! -65389 -59749 200
! -80700 42826 0
> 13491 5857 85 5 -130 0
> 12406 1999 -426 -371 -210 1
> 11623 2793 -597 -330 -141 0
> 11910 5640 -91 232 158 1
! 7063 -1803 200 sims=428336 RUNNER
! 3746 6999 200 sims=428336 BLOCKER
> 13491 5857 85 5 -130 0
> 12406 1999 -426 -371 -210 1
> 11623 2793 -597 -330 -141 0
> 11910 5640 -91 232 158 1
! -81735 -33043 200
! -87846 12615 0
> 13447 5709 -37 -125 -130 0
> 11807 1728 -509 -230 150 1
> 10839 2391 -666 -341 -159 0
> 11819 5872 -77 197 176 1
! 7019 -1951 200 sims=430352 RUNNER
! 5116 9159 200 sims=430352 BLOCKER
> 13447 5709 -37 -125 -130 0
> 11807 1728 -509 -230 150 1
> 10839 2391 -666 -341 -159 0
> 11819 5872 -77 197 176 1
! -89023 -2842 0
! -85210 -18320 0
> 13281 5431 -140 -236 -130 0
> 11164 1647 -546 -69 132 1
> 10173 2050 -566 -289 -177 0
> 11742 6069 -65 167 194 1
! 6853 -2229 200 sims=438512 RUNNER
! 7097 10782 0 sims=438512 BLOCKER
> 13281 5431 -140 -236 -130 0
> 11164 1647 -546 -69 132 1
> 10173 2050 -566 -289 -177 0
> 11742 6069 -65 167 194 1
! -86419 27931 200
! -73062 -46922 0
> 13012 5042 -228 -330 -130 0
> 10618 1578 -464 -58 114 1
> 9414 1813 -645 -201 165 1
> 11677 6236 -55 141 -148 1
! 4532 -257 200 sims=442248 RUNNER
! 9573 11523 200 sims=442248 BLOCKER
> 13012 5042 -228 -330 -130 0
> 10618 1578 -464 -58 114 1
> 9414 1813 -645 -201 165 1
> 11677 6236 -55 141 -148 1
! -74453 56276 200
! -52601 -70368 200
> 12614 4606 -337 -370 -148 0
> 10133 1719 -412 119 96 1
> 8601 1721 -690 -78 147 1
> 11493 6224 -156 -10 -130 1
! 6186 -3054 200 sims=416064 RUNNER
! 9088 11664 200 sims=416064 BLOCKER
> 12614 4606 -337 -370 -148 0
> 10133 1719 -412 119 96 1
> 8601 1721 -690 -78 147 1
> 11493 6224 -156 -10 -130 1
! -54331 79435 200
! -73311 -46767 200
> 12148 4083 -395 -444 -130 0
> 9700 2037 -367 270 96 1
> 7785 1798 -693 65 129 1
> 11167 6108 -276 -98 -148 1
! 3668 -1216 200 sims=421168 RUNNER
! 11779 11818 200 sims=421168 BLOCKER
> 12148 4083 -395 -444 -130 0
> 9700 2037 -367 270 96 1
> 7785 1798 -693 65 129 1
> 11167 6108 -276 -98 -148 1
! -28051 95156 200
! -53111 -70496 200
> 11583 3533 -479 -467 -148 0
> 9375 2503 -276 395 78 1
> 7020 2050 -649 213 111 1
> 10762 5857 -343 -213 -130 1
! 3103 -1766 200 sims=407304 RUNNER
! 14375 11163 200 sims=407304 BLOCKER
> 11583 3533 -479 -467 -148 0
> 9375 2503 -276 395 78 1
> 7020 2050 -649 213 111 1
> 10762 5857 -343 -213 -130 1
! -55911 79764 200
! -74042 -47134 200
> 10934 2960 -551 -487 -148 0
> 9199 3071 -149 482 60 1
> 6245 2418 -658 313 129 1
> 10249 5538 -435 -271 -148 1
! 1231 541 0 sims=380000 RUNNER
! 11278 12852 200 sims=380000 BLOCKER
> 10934 2960 -551 -487 -148 0
> 9199 3071 -149 482 60 1
> 6245 2418 -658 313 129 1
> 10249 5538 -435 -271 -148 1
! -29591 95776 200
! -86780 -18654 200
> 10383 2473 -468 -413 -166 0
> 9092 3749 -91 575 78 1
> 5515 2918 -620 424 111 1
> 9620 5219 -534 -271 -166 1
! 407 3171 0 sims=437712 RUNNER
! 11171 13530 SHIELD sims=437712 BLOCKER
> 10383 2473 -468 -413 -166 0
> 9092 3749 -91 575 78 1
> 5515 2918 -620 424 111 1
> 9620 5219 -534 -271 -166 1
! 281 102780 0
! -75184 -47772 200
> 9915 2060 -397 -351 -184 0
> 8995 4271 -95 332 78 1
> 4895 3342 -527 360 93 1
> 8979 5375 -414 1240 -148 1
! 643 5806 200 sims=463048 RUNNER
! 7950 14216 0 sims=463048 BLOCKER
> 9915 2060 -397 -351 -184 0
> 8995 4271 -95 332 78 1
> 4895 3342 -527 360 93 1
> 8979 5375 -414 1240 -148 1
! 30776 99934 0
! -55299 -71229 200
> 9333 1784 -495 -234 158 1
> 8900 4603 -80 282 96 1
> 4368 3702 -447 306 75 1
> 8436 6462 -461 923 -130 1
! 1673 8212 200 sims=446008 RUNNER
! 7855 14548 0 sims=446008 BLOCKER
> 9333 1784 -495 -234 158 1
> 8900 4603 -80 282 96 1
> 4368 3702 -447 306 75 1
> 8436 6462 -461 923 -130 1
! 58831 87569 200
! -29024 -86256 200
> 8685 1679 -550 -89 140 1
> 8820 4885 -68 239 96 1
> 4030 4176 -287 402 57 2
> 7900 7200 -455 626 -112 1
! 3386 10159 200 sims=420296 RUNNER
! 7775 14830 0 sims=420296 BLOCKER
> 8685 1679 -550 -89 140 1
> 8820 4885 -68 239 96 1
> 4030 4176 -287 402 57 2
> 7900 7200 -455 626 -112 1
! 81744 67108 200
! 924 -92556 200
> 8029 1760 -557 68 122 1
> 8752 5124 -57 203 96 1
> 3898 4704 -111 448 39 2
> 7431 7626 -398 362 -94 1
! 2730 10240 200 sims=415256 RUNNER
! 4685 14259 0 sims=415256 BLOCKER
> 8029 1760 -557 68 122 1
> 8752 5124 -57 203 96 1
> 3898 4704 -111 448 39 2
> 7431 7626 -398 362 -94 1
! 97256 40540 200
! 31623 -89403 200
> 7366 1998 -563 201 122 1
> 8695 5327 -48 172 114 1
> 3974 5224 64 441 21 2
> 7081 7794 -297 142 -76 1
! -294 8426 200 sims=390152 RUNNER
! 2004 12758 200 sims=390152 BLOCKER
> 7366 1998 -563 201 122 1
> 8695 5327 -48 172 114 1
> 3974 5224 64 441 21 2
> 7081 7794 -297 142 -76 1
! 103836 10457 200
! 60072 -77010 200
> 6650 2328 -608 280 140 1
> 8513 5648 -154 272 132 1
> 4238 5675 224 383 3 2
> 6890 7766 -162 -23 -58 1
! 1351 10808 200 sims=386424 RUNNER
! -147 10648 200 sims=386424 BLOCKER
> 6650 2328 -608 280 140 1
> 8513 5648 -154 272 132 1
> 4238 5675 224 383 3 2
> 6890 7766 -162 -23 -58 1
! 104100 10908 200
! 83494 -56512 200
> 5936 2778 -606 382 122 1
> 8186 6020 -278 316 150 1
> 4662 6068 360 334 3 2
> 6881 7614 -7 -128 -40 1
! 3517 12481 0 sims=360872 RUNNER
! 1495 13451 0 sims=360872 BLOCKER
> 5936 2778 -606 382 122 1
> 8186 6020 -278 316 150 1
> 4662 6068 360 334 3 2
> 6881 7614 -7 -128 -40 1
! 98020 41904 200
! 99599 -29846 200
> 5330 3160 -515 324 104 1
> 7908 6336 -236 268 132 1
> 5209 6474 464 344 21 2
> 7059 7411 151 -172 -22 1
! 6028 13136 0 sims=365064 RUNNER
! 3841 15471 0 sims=365064 BLOCKER
> 5330 3160 -515 324 104 1
> 7908 6336 -236 268 132 1
> 5209 6474 464 344 21 2
> 7059 7411 151 -172 -22 1
! 105071 11707 0
! 83663 -56867 SHIELD
> 4815 3484 -437 275 86 1
> 7688 6582 331 -500 114 1
> 5673 6818 394 292 3 2
> 7208 7241 75 -73 -40 1
! 8561 12756 0 sims=343360 RUNNER
! 6643 16527 200 sims=343360 BLOCKER
> 4815 3484 -437 275 86 1
> 7688 6582 331 -500 114 1
> 5673 6818 394 292 3 2
> 7208 7241 75 -73 -40 1
! 99031 42654 0
! 83812 -57037 0
> 4378 3759 -371 233 68 1
> 7998 6281 263 -255 96 1
> 6067 7110 334 248 21 2
> 7283 7168 63 -62 -40 1
! 10806 11419 200 sims=389384 RUNNER
! 10077 16062 0 sims=389384 BLOCKER
> 4378 3759 -371 233 68 1
> 7998 6281 263 -255 96 1
> 6067 7110 334 248 21 2
> 7283 7168 63 -62 -40 1
! 105929 12343 200
! 100001 -30292 200
> 4136 4145 -206 328 50 2
> 8261 6026 223 -216 78 1
> 6591 7372 175 312 3 2
> 7355 7103 331 -145 -22 1
! 12616 9444 200 sims=410712 RUNNER
! 13261 14686 0 sims=410712 BLOCKER
> 4136 4145 -206 328 50 2
> 8261 6026 223 -216 78 1
> 6591 7372 175 312 3 2
> 7355 7103 331 -145 -22 1
! 103183 -18509 200
! 83959 -57175 200
> 4100 4579 -30 368 32 2
> 8484 5810 189 -183 60 1
> 6959 7632 312 221 -15 2
> 7686 6958 281 -123 -40 1
! 13803 6998 200 sims=393136 RUNNER
! 15915 12501 200 sims=393136 BLOCKER
> 4100 4579 -30 368 32 2
> 8484 5810 189 -183 60 1
> 6959 7632 312 221 -15 2
> 7686 6958 281 -123 -40 1
! 103551 -18250 200
! 100404 -30502 200
> 4264 4995 139 353 14 2
> 8822 5761 286 -41 42 1
> 7464 7801 429 143 -15 3
> 8152 6760 396 -168 -22 1
! 13967 7414 200 sims=399344 RUNNER
! 17957 9828 0 sims=399344 BLOCKER
> 4264 4995 139 353 14 2
> 8822 5761 286 -41 42 1
> 7464 7801 429 143 -15 3
> 8152 6760 396 -168 -22 1
! 91330 -46663 200
! 107908 -215 0
> 4597 5396 283 341 14 2
> 9108 5720 243 -34 24 1
> 8061 7835 507 28 -33 3
> 8548 6592 336 -142 -4 1
! 13077 10695 200 sims=393448 RUNNER
! 16539 12411 200 sims=393448 BLOCKER
> 4597 5396 283 341 14 2
> 9108 5720 243 -34 24 1
> 8061 7835 507 28 -33 3
> 8548 6592 336 -142 -4 1
! 91927 -46629 200
! 101266 -30868 200
> 5050 5843 384 379 32 2
> 9557 5740 498 -144 42 1
> 8736 7754 573 -68 -33 3
> 9012 6455 277 44 -22 1
! 14753 8262 200 sims=377792 RUNNER
! 14557 14400 0 sims=377792 BLOCKER
> 5050 5843 384 379 32 2
> 9557 5740 498 -144 42 1
> 8736 7754 573 -68 -33 3
> 9012 6455 277 44 -22 1
! 71667 -69960 200
! 108768 -520 200
> 5628 6270 491 363 14 2
> 10055 5596 423 -122 60 1
> 9435 7531 594 -189 -51 3
> 9489 6485 405 25 -4 1
! 15331 8689 200 sims=334280 RUNNER
! 12134 15377 200 sims=334280 BLOCKER
> 5628 6270 491 363 14 2
> 10055 5596 423 -122 60 1
> 9435 7531 594 -189 -51 3
> 9489 6485 405 25 -4 1
! 45271 -85827 200
! 106518 30677 200
> 6313 6681 582 349 14 2
> 10520 5670 394 62 78 1
> 10096 7359 557 63 -69 3
> 10093 6355 517 -320 14 1
! 16289 5983 0 sims=388864 RUNNER
! 9475 15615 200 sims=388864 BLOCKER
> 6313 6681 582 349 14 2
> 10520 5670 394 62 78 1
> 10096 7359 557 63 -69 3
> 10093 6355 517 -320 14 1
! 45932 -85999 200
! 94897 59346 SHIELD
> 6895 7030 494 296 -4 2
> 11436 5066 784 -522 96 1
> 10725 7235 534 -105 -69 3
> 10556 6121 392 -197 32 1
! 16167 3284 0 sims=369200 RUNNER
! 7369 14201 200 sims=369200 BLOCKER
> 6895 7030 494 296 -4 2
> 11436 5066 784 -522 96 1
> 10725 7235 534 -105 -69 3
> 10556 6121 392 -197 32 1
! 46561 -86123 200
! 74834 82725 0
> 7389 7326 419 251 -22 2
> 12139 4727 597 -288 114 1
> 11331 6943 514 -247 -69 3
> 10948 5924 333 -167 50 1
! 15049 898 200 sims=395960 RUNNER
! 5448 12158 200 sims=395960 BLOCKER
> 7389 7326 419 251 -22 2
> 12139 4727 597 -288 114 1
> 11331 6943 514 -247 -69 3
> 10948 5924 333 -167 50 1
! 16564 -92919 200
! 48408 98642 0
> 7961 7448 486 104 -40 3
> 12602 4588 393 -118 132 1
> 11855 6496 445 -379 -87 3
> 11281 5757 283 -141 68 1
! 13260 -1032 200 sims=393368 RUNNER
! 3942 9588 200 sims=393368 BLOCKER
> 7961 7448 486 104 -40 3
> 12602 4588 393 -118 132 1
> 11855 6496 445 -379 -87 3
> 11281 5757 283 -141 68 1
! -14027 -90096 200
! 18256 105513 SHIELD
> 8553 7382 503 -55 -58 3
> 12822 4570 186 -15 150 1
> 12347 5998 544 -328 -105 3
> 11554 5609 219 -135 86 1
! 10972 -2321 200 sims=393352 RUNNER
! 4162 9570 200 sims=393352 BLOCKER
> 8553 7382 503 -55 -58 3
> 12822 4570 186 -15 150 1
> 12347 5998 544 -328 -105 3
> 11554 5609 219 -135 86 1
! -42116 -77869 200
! 49014 98327 0
> 9104 7133 468 -211 -76 3
> 12835 4655 10 72 150 1
> 12782 5502 369 -421 -123 0
> 11773 5474 186 -114 68 1
! 14403 -1347 0 sims=383264 RUNNER
! 3054 6734 200 sims=383264 BLOCKER
> 9104 7133 468 -211 -76 3
> 12835 4655 10 72 150 1
> 12782 5502 369 -421 -123 0
> 11773 5474 186 -114 68 1
! -64932 -57429 200
! 18748 105230 0
> 9572 6922 397 -179 -58 3
> 12668 4145 -140 -474 168 1
> 12977 5579 164 106 -141 0
> 11959 5360 158 -96 86 1
! 17232 494 200 sims=395408 RUNNER
! 2723 3100 0 sims=395408 BLOCKER
> 9572 6922 397 -179 -58 3
> 12668 4145 -140 -474 168 1
> 12977 5579 164 106 -141 0
> 11959 5360 158 -96 86 1
! -80381 -30257 0
! -12233 102389 0
> 10122 6614 467 -261 -40 3
> 12528 3671 -119 -402 -174 1
> 13141 5685 139 90 -159 0
> 12117 5264 134 -81 104 1
! 17782 186 200 sims=352992 RUNNER
! 2747 5750 0 sims=352992 BLOCKER
> 10122 6614 467 -261 -40 3
> 12528 3671 -119 -402 -174 1
> 13141 5685 139 90 -159 0
> 12117 5264 134 -81 104 1
! -86721 451 0
! -40874 90068 200
> 10742 6224 527 -331 -40 3
> 12409 3269 -101 -341 168 1
> 13280 5775 118 76 -177 0
> 12145 5353 23 75 122 1
! 20014 2478 0 sims=377328 RUNNER
! 2464 2224 0 sims=377328 BLOCKER
> 10742 6224 527 -331 -40 3
> 12409 3269 -101 -341 168 1
> 13280 5775 118 76 -177 0
> 12145 5353 23 75 122 1
! -80078 -30061 0
! -64459 69631 0
> 11269 5893 447 -281 -22 3
> 12308 2928 -85 -289 -174 1
> 13398 5851 100 64 -159 0
> 12168 5428 19 63 140 1
! 21245 5195 0 sims=380688 RUNNER
! 2527 5007 0 sims=380688 BLOCKER
> 11269 5893 447 -281 -22 3
> 12308 2928 -85 -289 -174 1
> 13398 5851 100 64 -159 0
> 12168 5428 19 63 140 1
! -86464 617 0
! -64436 69706 SHIELD
> 11184 5852 -368 98 -4 3
> 12223 2639 -72 -245 168 1
> 13498 5915 85 54 -177 0
> 12240 5467 91 19 140 1
! 20456 2106 200 sims=401824 RUNNER
! 2278 1594 0 sims=401824 BLOCKER
> 11184 5852 -368 98 -4 3
> 12223 2639 -72 -245 168 1
> 13498 5915 85 54 -177 0
> 12240 5467 91 19 140 1
! -79860 -29921 0
! -80478 42927 0
> 11001 5875 -155 19 -22 3
> 12151 2394 -61 -208 -174 1
> 13583 5969 72 45 -159 0
> 12331 5486 77 16 158 1
! 20977 5177 200 sims=410200 RUNNER
! 2370 4473 0 sims=410200 BLOCKER
> 11001 5875 -155 19 -22 3
> 12151 2394 -61 -208 -174 1
> 13583 5969 72 45 -159 0
> 12331 5486 77 16 158 1
! -64131 -56962 0
! -87425 12461 0
> 11046 5880 37 4 -4 3
> 12090 2186 -51 -176 168 1
> 13655 6014 61 38 -141 0
> 12408 5502 65 13 176 1
! 20318 2134 200 sims=420216 RUNNER
! 2145 1141 0 sims=420216 BLOCKER
> 11046 5880 37 4 -4 3
> 12090 2186 -51 -176 168 1
> 13655 6014 61 38 -141 0
> 12408 5502 65 13 176 1
! -40808 -77853 200
! -80310 42962 0
> 11268 5809 189 -60 -22 3
> 12039 2010 -43 -149 -174 1
> 13607 5884 -40 -110 -123 0
> 12473 5515 55 11 158 1
! 21244 5111 200 sims=376352 RUNNER
! 2258 4089 0 sims=376352 BLOCKER
> 11268 5809 189 -60 -22 3
> 12039 2010 -43 -149 -174 1
> 13607 5884 -40 -110 -123 0
> 12473 5515 55 11 158 1
! -40856 -77983 200
! -87283 12490 200
> 11560 5762 -112 59 -4 3
> 11996 1861 -36 -126 168 1
> 13458 5606 -126 -236 -123 0
> 12425 5513 319 -101 176 1
! 21536 5064 200 sims=365480 RUNNER
! 2051 816 0 sims=365480 BLOCKER
> 11560 5762 -112 59 -4 3
> 11996 1861 -36 -126 168 1
> 13458 5606 -126 -236 -123 0
> 12425 5513 319 -101 176 1
! -41005 -78261 200
! -80293 42973 200
> 11648 5807 74 38 -4 3
> 11960 1735 -30 -107 -174 1
> 13313 5184 36 -392 -123 0
> 12469 5506 -122 26 158 1
! 21624 5109 200 sims=401848 RUNNER
! 2179 3814 0 sims=401848 BLOCKER
> 11648 5807 74 38 -4 3
> 11960 1735 -30 -107 -174 1
> 13313 5184 36 -392 -123 0
> 12469 5506 -122 26 158 1
! -41150 -78683 200
! -64135 69784 200
> 11468 6003 -212 189 -4 3
> 11930 1628 -25 -90 168 1
> 13240 4624 -61 -475 -123 0
> 12647 5489 210 -37 140 1
! 20740 2257 200 sims=419840 RUNNER
! 3270 6628 0 sims=419840 BLOCKER
> 11468 6003 -212 189 -4 3
> 11930 1628 -25 -90 168 1
> 13240 4624 -61 -475 -123 0
> 12647 5489 210 -37 140 1
! -64474 -58307 200
! -63957 69767 200
> 11441 6117 -22 96 -22 3
> 11905 1538 -21 -76 150 1
> 13024 4023 -183 -510 -141 0
> 12704 5581 48 77 140 1
! 19101 -311 200 sims=392608 RUNNER
! 5214 8969 0 sims=392608 BLOCKER
> 11441 6117 -22 96 -22 3
> 11905 1538 -21 -76 150 1
> 13024 4023 -183 -510 -141 0
> 12704 5581 48 77 140 1
! -41439 -79844 200
! -80014 43041 200
> 11572 6084 111 -27 -40 3
> 11884 1462 -17 -64 132 1
> 12732 3345 -248 -576 -123 0
> 12567 5733 -116 129 158 1
! 20844 2338 0 sims=370584 RUNNER
! 7817 10597 200 sims=370584 BLOCKER
> 11572 6084 111 -27 -40 3
> 11884 1462 -17 -64 132 1
> 12732 3345 -248 -576 -123 0
> 12567 5733 -116 129 158 1
! -64982 -59586 0
! -87189 12708 200
> 11490 6122 -274 101 -22 3
> 11786 1581 -83 100 114 1
> 12484 2769 -210 -489 -141 0
> 12444 5811 100 -3 176 1
! 20762 2376 200 sims=377408 RUNNER
! 10741 11526 0 sims=377408 BLOCKER
> 11490 6122 -274 101 -22 3
> 11786 1581 -83 100 114 1
> 12484 2769 -210 -489 -141 0
> 12444 5811 100 -3 176 1
! -65230 -60162 200
! -80274 43271 0
> 11401 6148 -75 22 -22 3
> 11600 1544 -449 -418 96 1
> 12222 2292 68 -19 -141 0
> 12544 5808 85 -2 158 1
! 20673 2402 200 sims=378872 RUNNER
! 13679 11325 200 sims=378872 BLOCKER
> 11401 6148 -75 22 -22 3
> 11600 1544 -449 -418 96 1
> 12222 2292 68 -19 -141 0
> 12544 5808 85 -2 158 1
! -65492 -60639 200
! -87212 12783 200
> 11511 6095 93 -44 -22 3
> 11193 1322 -346 -189 78 1
> 12135 2147 -74 -123 -141 0
> 12429 5820 -97 10 176 1
! 20783 2349 200 sims=364232 RUNNER
! 16193 9982 200 sims=364232 BLOCKER
> 11511 6095 93 -44 -22 3
> 11193 1322 -346 -189 78 1
> 12135 2147 -74 -123 -141 0
> 12429 5820 -97 10 176 1
! -42328 -81720 200
! -87327 12795 200
> 11376 6104 -243 47 -22 3
> 10947 1306 -209 -13 60 1
> 11952 1856 -155 -247 -123 0
> 12546 5716 228 -128 176 1
! 21352 5406 200 sims=372032 RUNNER
! 18378 7997 0 sims=372032 BLOCKER
> 11376 6104 -243 47 -22 3
> 10947 1306 -209 -13 60 1
> 11952 1856 -155 -247 -123 0
> 12546 5716 228 -128 176 1
! -65762 -61075 200
! -80172 43176 200
> 11333 6137 -36 28 -4 3
> 10738 1293 -177 -11 42 1
> 11642 1483 -263 -316 -141 0
> 12589 5663 36 -45 158 1
! 20605 2391 200 sims=390992 RUNNER
! 19873 5360 200 sims=390992 BLOCKER
> 11333 6137 -36 28 -4 3
> 10738 1293 -177 -11 42 1
> 11642 1483 -263 -316 -141 0
> 12589 5663 36 -45 158 1
! -81716 -34353 0
! -64015 69941 200
> 11482 6090 127 -39 -22 3
> 10569 1355 -239 47 24 1
> 11554 1176 20 -256 -159 0
> 12472 5747 -99 71 140 1
! 19142 -338 200 sims=386704 RUNNER
! 20514 2400 0 sims=386704 BLOCKER
> 11482 6090 127 -39 -22 3
> 10569 1355 -239 47 24 1
> 11554 1176 20 -256 -159 0
> 12472 5747 -99 71 140 1
! -88308 -4057 200
! -80246 43207 200
> 11394 6028 -275 4 -40 3
> 10330 1402 -203 39 6 1
> 11374 910 -152 -226 -177 0
> 12556 5787 272 -23 158 1
! 20666 2282 200 sims=399376 RUNNER
! 20111 -677 0 sims=399376 BLOCKER
> 11394 6028 -275 4 -40 3
> 10330 1402 -203 39 6 1
> 11374 910 -152 -226 -177 0
> 12556 5787 272 -23 158 1
! -85218 26791 200
! -87200 12762 0
> 11304 5957 -76 -60 -22 3
> 10127 1441 -172 33 -12 1
> 11029 736 -293 -148 165 0
> 12828 5764 231 -19 176 1
! 21280 5259 200 sims=391584 RUNNER
! 18787 -3559 0 sims=391584 BLOCKER
> 11304 5957 -76 -60 -22 3
> 10127 1441 -172 33 -12 1
> 11029 736 -293 -148 165 0
> 12828 5764 231 -19 176 1
! -72838 55199 200
! -86928 12739 200
> 11428 5883 104 -62 -4 3
> 9955 1474 -146 28 -30 1
> 10568 697 -391 -33 147 0
> 12859 5759 26 -4 176 1
! 21404 5185 200 sims=378696 RUNNER
! 16646 -5957 200 sims=378696 BLOCKER
> 11428 5883 104 -62 -4 3
> 9955 1474 -146 28 -30 1
> 10568 697 -391 -33 147 0
> 12859 5759 26 -4 176 1
! -52364 78411 0
! -86897 12734 200
> 11732 5807 257 -64 -4 3
> 9908 1424 -103 85 -48 1
> 10212 594 -239 -215 129 0
> 12685 5769 -147 8 176 1
! 21708 5109 SHIELD sims=390720 RUNNER
! 13975 -7711 0 sims=390720 BLOCKER
> 11732 5807 257 -64 -4 3
> 9908 1424 -103 85 -48 1
> 10212 594 -239 -215 129 0
> 12685 5769 -147 8 176 1
! -73655 55057 200
! -84344 -18423 SHIELD
> 11738 5746 -125 -49 -4 3
> 9805 1509 -87 72 -66 1
> 9805 488 -345 -90 147 0
> 12789 5774 219 2 -166 1
! 21714 5048 0 sims=421424 RUNNER
! 10850 -8436 0 sims=421424 BLOCKER
> 11738 5746 -125 -49 -4 3
> 9805 1509 -87 72 -66 1
> 9805 488 -345 -90 147 0
> 12789 5774 219 2 -166 1
! -53127 78202 0
! -84240 -18418 0
> 11613 5697 -106 -41 -4 3
> 9718 1581 -73 61 -84 1
> 9460 398 -293 -76 129 0
> 13008 5776 186 1 -166 1
! 21589 4999 0 sims=416392 RUNNER
! 7639 -8200 0 sims=416392 BLOCKER
> 11613 5697 -106 -41 -4 3
> 9718 1581 -73 61 -84 1
> 9460 398 -293 -76 129 0
> 13008 5776 186 1 -166 1
! -26376 93756 200
! -84021 -18416 0
> 11507 5656 -90 -34 -4 3
> 9645 1642 -62 51 -102 1
> 9095 509 -309 94 111 0
> 13194 5777 158 0 -166 1
! 21483 4958 0 sims=397440 RUNNER
! 4645 -7018 200 sims=397440 BLOCKER
> 11507 5656 -90 -34 -4 3
> 9645 1642 -62 51 -102 1
> 9095 509 -309 94 111 0
> 13194 5777 158 0 -166 1
! 3861 100371 200
! -86562 12752 0
> 11417 5622 -76 -28 -4 3
> 9483 1520 -137 -103 -120 1
> 8776 803 -271 249 93 0
> 13352 5777 134 0 176 1
! 21393 4924 200 sims=369232 RUNNER
! 2052 -5171 200 sims=369232 BLOCKER
> 11417 5622 -76 -28 -4 3
> 9483 1520 -137 -103 -120 1
> 8776 803 -271 249 93 0
> 13352 5777 134 0 176 1
! 34657 97395 0
! -83677 -18415 200
> 11541 5580 104 -35 -4 3
> 9270 1324 -56 -96 -138 1
> 8432 1011 -416 107 75 0
> 13292 5729 -51 -41 -166 1
! 21517 4882 200 sims=370712 RUNNER
! 135 -2743 0 sims=370712 BLOCKER
> 11541 5580 104 -35 -4 3
> 9270 1324 -56 -96 -138 1
> 8432 1011 -416 107 75 0
> 13292 5729 -51 -41 -166 1
! 62895 84878 200
! -83737 -18463 200
> 11845 5531 257 -41 -4 3
> 9214 1228 -47 -81 -156 1
> 8125 1286 -261 233 57 0
> 13047 5640 -208 -75 -166 1
! 21548 7950 0 sims=413712 RUNNER
! -731 183 0 sims=413712 BLOCKER
> 11845 5531 257 -41 -4 3
> 9214 1228 -47 -81 -156 1
> 8125 1286 -261 233 57 0
> 13047 5640 -208 -75 -166 1
! 85839 64218 0
! -71757 -47351 SHIELD
> 11995 5479 -498 -106 14 3
> 9167 1147 -39 -68 -174 1
> 7864 1519 -221 198 39 0
> 12850 5566 -105 -56 -148 1
! 20475 10778 200 sims=400360 RUNNER
! -614 3226 0 sims=400360 BLOCKER
> 11995 5479 -498 -106 14 3
> 9167 1147 -39 -68 -174 1
> 7864 1519 -221 198 39 0
> 12850 5566 -105 -56 -148 1
! 101222 37355 200
! -84179 -18626 0
> 11667 5479 -279 0 32 3
> 9128 1079 -33 -57 -192 1
> 7830 1789 -29 229 21 0
> 12745 5510 -89 -47 -166 1
! 21370 7898 200 sims=399216 RUNNER
! 468 6079 200 sims=399216 BLOCKER
> 11667 5479 -279 0 32 3
> 9128 1079 -33 -57 -192 1
> 7830 1789 -29 229 21 0
> 12745 5510 -89 -47 -166 1
! 107692 7022 200
! -87011 12485 0
> 11582 5527 -72 41 14 3
> 8922 1122 -175 36 -210 1
> 8001 2028 145 203 3 0
> 12656 5463 -75 -39 176 1
! 21558 4829 200 sims=401760 RUNNER
! 2231 8553 0 sims=401760 BLOCKER
> 11582 5527 -72 41 14 3
> 8922 1122 -175 36 -210 1
> 8001 2028 145 203 3 0
> 12656 5463 -75 -39 176 1
! 104593 -23853 0
! -80062 42923 0
> 11710 5554 108 22 -4 3
> 8747 1158 -148 30 132 1
> 8146 2231 123 172 -15 0
> 12581 5424 -63 -33 158 1
! 20982 1808 0 sims=384600 RUNNER
! 4680 10293 200 sims=384600 BLOCKER
> 11710 5554 108 22 -4 3
> 8747 1158 -148 30 132 1
> 8146 2231 123 172 -15 0
> 12581 5424 -63 -33 158 1
! 92012 -52233 200
! -80137 42884 200
> 11547 5619 -206 66 -22 3
> 8518 1371 -194 180 114 1
> 8437 2294 247 53 -33 0
> 12604 5423 86 -11 158 1
! 21523 4921 200 sims=398464 RUNNER
! 1827 8802 200 sims=398464 BLOCKER
> 11547 5619 -206 66 -22 3
> 8518 1371 -194 180 114 1
> 8437 2294 247 53 -33 0
> 12604 5423 86 -11 158 1
! 71368 -75420 0
! -87152 12398 0
> 11541 5671 -5 44 -4 3
> 8171 1650 -322 163 132 1
> 8703 2397 254 161 -51 0
> 12690 5412 73 -9 176 1
! 20813 1925 200 sims=401296 RUNNER
! -489 6650 0 sims=401296 BLOCKER
> 11541 5671 -5 44 -4 3
> 8171 1650 -322 163 132 1
> 8703 2397 254 161 -51 0
> 12690 5412 73 -9 176 1
! 44539 -90961 200
! -80028 42872 200
> 11721 5640 153 -26 -22 3
> 7849 1813 -273 138 150 1
> 9029 2371 276 -21 -69 0
> 12578 5478 -95 56 158 1
! 20993 1894 SHIELD sims=407656 RUNNER
! 1158 9244 0 sims=407656 BLOCKER
> 11721 5640 153 -26 -22 3
> 7849 1813 -273 138 150 1
> 9029 2371 276 -21 -69 0
> 12578 5478 -95 56 158 1
! 14262 -97491 200
! -87178 12453 200
> 11805 5627 60 -9 -22 3
> 7576 1951 -232 117 132 1
> 9315 2150 243 -187 -87 0
> 12972 5419 444 -70 176 1
! 21781 4929 0 sims=425576 RUNNER
! -1084 6951 0 sims=425576 BLOCKER
> 11805 5627 60 -9 -22 3
> 7576 1951 -232 117 132 1
> 9315 2150 243 -187 -87 0
> 12972 5419 444 -70 176 1
! -16567 -94442 0
! -86784 12394 200
