@ 0 YurkovAS
@ 1 reCurse
CP 4
CP 5981 4218
CP 14674 1404
CP 3434 7247
CP 9413 7227
> 5827 3742 0 0 -1 1
> 6135 4694 0 0 -1 1
> 5519 2791 0 0 -1 1
> 6443 5645 0 0 -1 1
! 25390 -416 BOOST sims=351512 RUNNER
! 25045 -1817 BOOST sims=351512 BLOCKER
> 5827 3742 0 0 -1 1
> 6135 4694 0 0 -1 1
> 5519 2791 0 0 -1 1
> 6443 5645 0 0 -1 1
! 104390 -12188 200
! 95336 -40157 200
> 6463 3607 540 -114 -12 1
> 6750 4482 522 -179 -19 1
> 5717 2761 168 -25 -9 1
> 6621 5553 151 -77 -27 1
! 26026 -551 200 sims=391993 RUNNER
! 22723 -7554 200 sims=391993 BLOCKER
> 6463 3607 540 -114 -12 1
> 6750 4482 522 -179 -19 1
> 5717 2761 168 -25 -9 1
> 6621 5553 151 -77 -27 1
! 104485 18404 200
! 95721 -39846 200
> 7186 3412 574 -291 -12 1
> 7444 4222 630 -95 -37 1
> 6083 2767 310 5 9 1
> 6950 5385 279 -142 -27 1
! 26749 -746 200 sims=409136 RUNNER
! 23417 -7814 200 sims=409136 BLOCKER
> 7186 3412 574 -291 -12 1
> 7444 4222 630 -95 -37 1
> 6083 2767 310 5 9 1
> 6950 5385 279 -142 -27 1
! 95183 48166 200
! 77660 -65325 200
> 7956 3079 654 -282 -12 1
> 8234 4007 671 -183 -37 1
> 6571 2863 414 81 27 1
> 7370 5102 357 -240 -45 1
! 27846 5170 200 sims=406035 RUNNER
! 24207 -8029 200 sims=406035 BLOCKER
> 7956 3079 654 -282 -12 1
> 8234 4007 671 -183 -37 1
> 6571 2863 414 81 27 1
> 7370 5102 357 -240 -45 1
! 105339 18506 200
! 96470 -40297 200
> 8809 2818 724 -221 6 1
> 9065 3704 706 -257 -37 1
> 7183 2975 519 95 9 1
> 7905 4771 454 -281 -27 1
! 28372 -1340 200 sims=364644 RUNNER
! 27975 -2807 0 sims=364644 BLOCKER
> 8809 2818 724 -221 6 1
> 9065 3704 706 -257 -37 1
> 7183 2975 519 95 9 1
> 7905 4771 454 -281 -27 1
! 105951 -12668 200
! 97005 -40628 0
> 9729 2555 781 -223 -12 1
> 9771 3447 600 -218 -19 1
> 7900 3039 609 54 -9 1
> 8359 4490 385 -238 -27 1
! 29619 4646 0 sims=378000 RUNNER
! 25744 -8589 0 sims=378000 BLOCKER
> 9729 2555 781 -223 -12 1
> 9771 3447 600 -218 -19 1
> 7900 3039 609 54 -9 1
> 8359 4490 385 -238 -27 1
! 106668 -12604 200
! 97459 -40909 200
> 10510 2332 663 -189 6 1
> 10371 3229 510 -185 -37 1
> 8707 3062 685 19 -9 1
> 8922 4161 478 -279 -27 1
! 30073 -1826 200 sims=356510 RUNNER
! 21843 -13154 0 sims=356510 BLOCKER
> 10510 2332 663 -189 6 1
> 10371 3229 510 -185 -37 1
> 8707 3062 685 19 -9 1
> 8922 4161 478 -279 -27 1
! 107475 -12581 200
! 107690 -11482 200
> 11369 2101 729 -195 -12 1
> 10881 3044 433 -157 -55 1
> 9590 3050 750 -10 -9 1
> 9598 3851 574 -263 -9 1
! 31259 4192 0 sims=337169 RUNNER
! 16728 -16082 0 sims=337169 BLOCKER
> 11369 2101 729 -195 -12 1
> 10881 3044 433 -157 -55 1
> 9590 3050 750 -10 -9 1
> 9598 3851 574 -263 -9 1
! 108358 18693 0
! 108366 -11792 0
> 12098 1906 619 -165 6 1
> 11314 2887 368 -133 -73 1
> 10338 2786 635 -224 9 1
> 10174 3842 489 -7 -9 1
! 30369 10041 0 sims=362663 RUNNER
! 17161 -16239 SHIELD sims=362663 BLOCKER
> 12098 1906 619 -165 6 1
> 11314 2887 368 -133 -73 1
> 10338 2786 635 -224 9 1
> 10174 3842 489 -7 -9 1
! 109106 -12857 0
! 99274 -41557 200
> 12717 1741 526 -140 24 1
> 11694 2757 349 -105 -73 1
> 10855 2537 173 -268 -9 1
> 10841 3744 567 -83 -27 1
! 27580 15124 0 sims=367892 RUNNER
! 17541 -16369 0 sims=367892 BLOCKER
> 12717 1741 526 -140 24 1
> 11694 2757 349 -105 -73 1
> 10855 2537 173 -268 -9 1
> 10841 3744 567 -83 -27 1
! 109623 18180 200
! 81551 -66966 200
> 13243 1601 447 -119 42 1
> 12043 2652 296 -89 -73 1
> 11226 2300 314 -201 9 1
> 11549 3520 602 -190 -45 1
! 23243 18922 0 sims=284795 RUNNER
! 11694 -17345 0 sims=284795 BLOCKER
> 13243 1601 447 -119 42 1
> 12043 2652 296 -89 -73 1
> 11226 2300 314 -201 9 1
> 11549 3520 602 -190 -45 1
! 100326 47699 200
! 56947 -85580 200
> 13690 1482 379 -101 60 1
> 12516 2404 550 -320 -91 1
> 11626 2146 254 -171 27 1
> 12157 3354 453 9 -63 1
! 17848 21045 200 sims=349433 RUNNER
! 6005 -16506 0 sims=349433 BLOCKER
> 13690 1482 379 -101 60 1
> 12516 2404 550 -320 -91 1
> 11626 2146 254 -171 27 1
> 12157 3354 453 9 -63 1
! 110394 17789 200
! 27800 -95414 0
> 14111 1577 357 80 78 2
> 13066 2084 467 -272 -109 1
> 12078 2006 383 -118 9 1
> 12610 3363 385 7 -81 1
! 12020 21467 200 sims=359856 RUNNER
! 1030 -13889 0 sims=359856 BLOCKER
> 14111 1577 357 80 78 2
> 13066 2084 467 -272 -109 1
> 12078 2006 383 -118 9 1
> 12610 3363 385 7 -81 1
! 110846 -13637 200
! -3033 -95405 0
> 14447 1856 285 237 96 2
> 13533 1812 396 -231 -127 1
> 12659 1857 493 -126 -9 1
> 12995 3370 327 5 -99 1
! 6312 20127 200 sims=385350 RUNNER
! -2850 -9660 200 sims=385350 BLOCKER
> 14447 1856 285 237 96 2
> 13533 1812 396 -231 -127 1
> 12659 1857 493 -126 -9 1
> 12995 3370 327 5 -99 1
! 111427 -13786 200
! -32404 -85730 0
> 14651 2276 173 356 114 2
> 14127 1431 568 -329 -145 2
> 12987 1735 216 -97 -9 1
> 13322 3375 277 4 -117 1
! 1268 17139 200 sims=387219 RUNNER
! -4999 -4416 200 sims=387219 BLOCKER
> 14651 2276 173 356 114 2
> 14127 1431 568 -329 -145 2
> 12987 1735 216 -97 -9 1
> 13322 3375 277 4 -117 1
! 111755 17378 200
! -57388 -67335 200
> 14690 2781 33 428 132 2
> 14504 1044 320 -329 -163 2
> 13401 1669 351 -55 9 1
> 13458 3238 115 -116 -135 1
! -2631 12781 200 sims=467488 RUNNER
! -5493 1393 200 sims=467488 BLOCKER
> 14690 2781 33 428 132 2
> 14504 1044 320 -329 -163 2
> 13401 1669 351 -55 9 1
> 13458 3238 115 -116 -135 1
! 102501 47068 200
! -75642 -42160 200
> 14550 3309 -119 448 150 2
> 14624 718 102 -276 -181 2
> 13930 1705 449 30 27 1
> 13395 3031 -53 -175 -153 1
! -5013 7467 200 sims=436716 RUNNER
! -4286 7229 200 sims=436716 BLOCKER
> 14550 3309 -119 448 150 2
> 14624 718 102 -276 -181 2
> 13930 1705 449 30 27 1
> 13395 3031 -53 -175 -153 1
! 84640 72415 0
! -85373 -12612 200
> 14235 3799 -267 416 168 2
> 14537 507 -74 -179 -199 2
> 14379 1735 381 25 45 2
> 13144 2825 -212 -175 -171 1
! -5328 7957 200 sims=447251 RUNNER
! -4373 7018 200 sims=447251 BLOCKER
> 14235 3799 -267 416 168 2
> 14537 507 -74 -179 -199 2
> 14379 1735 381 25 45 2
> 13144 2825 -212 -175 -171 1
! 59778 90835 0
! -85624 18468 200
> 13772 4257 -393 388 168 2
> 14274 393 -223 -96 161 2
> 14760 1760 323 21 63 2
> 12734 2681 -348 -122 171 1
! -5791 8415 200 sims=471457 RUNNER
! -4636 6904 200 sims=471457 BLOCKER
> 13772 4257 -393 388 168 2
> 14274 393 -223 -96 161 2
> 14760 1760 323 21 63 2
> 12734 2681 -348 -122 171 1
! 30403 100528 0
! -76366 48080 200
> 13183 4687 -500 365 168 2
> 13862 362 -350 -26 161 2
> 15083 1781 274 17 81 2
> 12208 2650 -447 -26 153 1
! -6380 8845 200 sims=419447 RUNNER
! -5048 6873 200 sims=419447 BLOCKER
> 13183 4687 -500 365 168 2
> 13862 362 -350 -26 161 2
> 15083 1781 274 17 81 2
> 12208 2650 -447 -26 153 1
! -560 100549 200
! -58502 73360 200
> 12487 5094 -591 345 168 2
> 13323 401 -458 33 161 2
> 15326 1996 206 182 99 2
> 11620 2765 -500 98 135 1
! -7076 9252 200 sims=439502 RUNNER
! -2650 12437 200 sims=439502 BLOCKER
> 12487 5094 -591 345 168 2
> 13323 401 -458 33 161 2
> 15326 1996 206 182 99 2
> 11620 2765 -500 98 135 1
! -30073 91096 200
! -77480 48164 200
> 11700 5481 -668 328 168 2
> 12705 554 -525 130 143 2
> 15441 2356 97 306 117 2
> 10942 2954 -576 160 153 1
! -8190 3390 200 sims=429198 RUNNER
! -6205 7065 200 sims=429198 BLOCKER
> 11700 5481 -668 328 168 2
> 12705 554 -525 130 143 2
> 15441 2356 97 306 117 2
> 10942 2954 -576 160 153 1
! -55269 73066 200
! -59768 73664 200
> 10833 5788 -736 261 186 2
> 11991 749 -606 165 161 2
> 15397 2803 -37 380 135 2
> 10225 3255 -609 256 135 1
! -8730 9946 200 sims=454755 RUNNER
! -3982 12785 200 sims=454755 BLOCKER
> 10833 5788 -736 261 186 2
> 11991 749 -606 165 161 2
> 15397 2803 -37 380 135 2
> 10225 3255 -609 256 135 1
! -73703 48202 200
! -35174 92355 0
> 9901 6091 -791 257 168 2
> 11225 1034 -650 242 143 2
> 15182 3274 -182 400 153 2
> 9616 3511 -517 217 117 1
! -9662 10249 200 sims=417543 RUNNER
! -4748 13070 200 sims=417543 BLOCKER
> 9901 6091 -791 257 168 2
> 11225 1034 -650 242 143 2
> 15182 3274 -182 400 153 2
> 9616 3511 -517 217 117 1
! -83586 18917 200
! -35783 92611 200
> 8914 6390 -838 253 168 2
> 10415 1396 -688 308 143 2
> 14802 3705 -322 366 171 2
> 9008 3906 -516 335 117 1
! -10976 4299 200 sims=424753 RUNNER
! -1057 17779 200 sims=424753 BLOCKER
> 8914 6390 -838 253 168 2
> 10415 1396 -688 308 143 2
> 14802 3705 -322 366 171 2
> 9008 3906 -516 335 117 1
! -83966 -11938 200
! -61702 74616 0
> 7877 6622 -881 197 186 2
> 9612 1868 -682 401 125 2
> 14282 4040 -441 284 -171 2
> 8492 4241 -438 284 135 1
! -11686 10780 0 sims=417788 RUNNER
! -6361 13904 200 sims=417788 BLOCKER
> 7877 6622 -881 197 186 2
> 9612 1868 -682 401 125 2
> 14282 4040 -441 284 -171 2
> 8492 4241 -438 284 135 1
! -84486 19683 200
! -80608 49640 0
> 6996 6819 -748 167 168 2
> 8770 2389 -715 443 143 2
> 13643 4355 -542 267 171 2
> 8054 4525 -372 241 153 1
! -12894 4728 0 sims=399210 RUNNER
! -7203 14425 200 sims=399210 BLOCKER
> 6996 6819 -748 167 168 2
> 8770 2389 -715 443 143 2
> 13643 4355 -542 267 171 2
> 8054 4525 -372 241 153 1
! -85125 19998 200
! -90714 20168 0
> 6248 6986 -635 141 186 2
> 7895 2952 -743 478 143 2
> 12903 4653 -628 253 171 2
> 7682 4766 -316 204 171 1
! -12023 -1149 0 sims=384398 RUNNER
! -3577 19335 0 sims=384398 BLOCKER
> 6248 6986 -635 141 186 2
> 7895 2952 -743 478 143 2
> 12903 4653 -628 253 171 2
> 7682 4766 -316 204 171 1
! -85865 20296 200
! -91086 -10877 200
> 5613 7127 -539 119 -156 2
> 7152 3430 -631 406 125 2
> 12077 4937 -701 241 171 2
> 7168 4939 -436 146 -171 1
! -9250 -6256 0 sims=385539 RUNNER
! 1305 22556 0 sims=385539 BLOCKER
> 5613 7127 -539 119 -156 2
> 7152 3430 -631 406 125 2
> 12077 4937 -701 241 171 2
> 7168 4939 -436 146 -171 1
! -86691 20580 200
! -81932 -40459 0
> 5074 7246 -458 101 -138 2
> 6521 3836 -536 345 107 2
> 11178 5209 -763 231 171 2
> 6732 5085 -370 124 -153 1
! -4926 -10075 0 sims=328027 RUNNER
! 6870 23833 200 sims=328027 BLOCKER
> 5074 7246 -458 101 -138 2
> 6521 3836 -536 345 107 2
> 11178 5209 -763 231 171 2
> 6732 5085 -370 124 -153 1
! -87590 20852 200
! -63978 -65625 200
> 4616 7347 -389 85 -120 2
> 5967 4308 -582 29 89 2
> 10217 5471 -816 222 171 2
> 6242 5140 -305 419 -135 1
! 458 -12216 0 sims=394856 RUNNER
! 12478 23218 200 sims=394856 BLOCKER
> 4616 7347 -389 85 -120 2
> 5967 4308 -582 29 89 2
> 10217 5471 -816 222 171 2
> 6242 5140 -305 419 -135 1
! -88551 21114 200
! -82858 -40258 0
> 4227 7432 -330 72 -102 2
> 5450 4526 -439 185 71 2
> 9203 5724 -861 215 171 2
> 5937 5559 -259 356 -153 1
! 6318 -12458 0 sims=365008 RUNNER
! 17486 20499 0 sims=365008 BLOCKER
> 4227 7432 -330 72 -102 2
> 5450 4526 -439 185 71 2
> 9203 5724 -861 215 171 2
> 5937 5559 -259 356 -153 1
! -79897 51123 200
! -64773 -65151 200
> 3897 7504 -280 61 -84 3
> 5011 4711 -373 157 53 2
> 8164 6030 -883 259 153 2
> 5537 5774 -340 182 -135 1
! 12032 -10767 0 sims=378665 RUNNER
! 17047 20684 200 sims=378665 BLOCKER
> 3897 7504 -280 61 -84 3
> 5011 4711 -373 157 53 2
> 8164 6030 -883 259 153 2
> 5537 5774 -340 182 -135 1
! -80936 51429 200
! -83563 -39624 0
> 3617 7565 -238 51 -66 3
> 4758 5028 -214 269 53 2
> 7103 6380 -902 297 153 2
> 5197 5956 -289 154 -153 1
! 17000 -7298 0 sims=345009 RUNNER
! 11269 23938 0 sims=345009 BLOCKER
> 3617 7565 -238 51 -66 3
> 4758 5028 -214 269 53 2
> 7103 6380 -902 297 153 2
> 5197 5956 -289 154 -153 1
! -91665 22023 0
! -93571 -9687 200
> 3379 7616 -202 43 -48 3
> 4544 5296 -221 45 71 2
> 6201 6677 -766 252 171 2
> 4711 6080 -374 287 -171 1
! 20700 -2384 200 sims=359310 RUNNER
! 4893 25293 200 sims=359310 BLOCKER
> 3379 7616 -202 43 -48 3
> 4544 5296 -221 45 71 2
> 6201 6677 -766 252 171 2
> 4711 6080 -374 287 -171 1
! -92567 -8966 200
! -94057 21723 200
> 3350 7559 -24 -48 -30 3
> 4326 5541 -184 208 89 2
> 5237 6898 -819 187 -171 2
> 4139 6398 -485 270 171 1
! 22913 3401 200 sims=305963 RUNNER
! 10837 24451 200 sims=305963 BLOCKER
> 3350 7559 -24 -48 -30 3
> 4326 5541 -184 208 89 2
> 5237 6898 -819 187 -171 2
> 4139 6398 -485 270 171 1
! -93531 -8745 200
! -84961 51797 200
> 3508 7570 82 393 -12 3
> 4207 5938 -101 337 71 2
> 4220 7054 -864 132 -171 2
> 3489 6658 -500 -163 153 1
! 20829 -2430 0 sims=416472 RUNNER
! 16243 21911 200 sims=416472 BLOCKER
> 3508 7570 82 393 -12 3
> 4207 5938 -101 337 71 2
> 4220 7054 -864 132 -171 2
> 3489 6658 -500 -163 153 1
! -84880 -38344 SHIELD
! -67221 77368 SHIELD
> 3022 8506 -492 871 -30 3
> 4226 6435 16 422 53 2
> 3487 7183 -598 113 -153 3
> 2915 6444 -504 -193 135 1
! 20343 -1494 200 sims=434749 RUNNER
! 20609 17907 200 sims=434749 BLOCKER
> 3022 8506 -492 871 -30 3
> 4226 6435 16 422 53 2
> 3487 7183 -598 113 -153 3
> 2915 6444 -504 -193 135 1
! -67223 -63527 0
! -42484 95544 0
> 2703 9277 -270 655 -30 3
> 4406 6972 152 456 35 2
> 2889 7296 -508 96 -135 3
> 2411 6251 -428 -164 117 1
! 20024 -723 200 sims=445809 RUNNER
! 23532 12819 200 sims=445809 BLOCKER
> 2703 9277 -270 655 -30 3
> 4406 6972 152 456 35 2
> 2889 7296 -508 96 -135 3
> 2411 6251 -428 -164 117 1
! -42510 -81804 0
! -13232 105019 0
> 2606 9832 -82 471 -30 3
> 4749 7486 291 437 17 2
> 2381 7392 -431 81 -117 3
> 1983 6087 -363 -139 99 1
! 19927 -168 200 sims=411516 RUNNER
! 24746 7137 200 sims=411516 BLOCKER
> 2606 9832 -82 471 -30 3
> 4749 7486 291 437 17 2
> 2381 7392 -431 81 -117 3
> 1983 6087 -363 -139 99 1
! -68329 -63318 200
! 17626 104855 200
> 2697 10203 77 315 -30 3
> 5240 7920 417 368 -1 2
> 1950 7473 -366 68 -135 3
> 1620 5948 -308 -118 81 1
! 20018 203 200 sims=447237 RUNNER
! 24150 1409 200 sims=447237 BLOCKER
> 2697 10203 77 315 -30 3
> 5240 7920 417 368 -1 2
> 1950 7473 -366 68 -135 3
> 1620 5948 -308 -118 81 1
! -43449 -81627 0
! 47019 95048 200
> 2947 10418 212 182 -30 3
> 5846 8223 515 257 -19 2
> 1584 7541 -311 57 -117 3
> 1403 6008 -184 51 63 1
! 20268 418 200 sims=466004 RUNNER
! 21819 -3813 0 sims=466004 BLOCKER
> 2947 10418 212 182 -30 3
> 5846 8223 515 257 -19 2
> 1584 7541 -311 57 -117 3
> 1403 6008 -184 51 63 1
! -14059 -91227 0
! 72113 76718 200
> 3332 10500 327 69 -30 3
> 6361 8480 437 218 -37 2
> 1273 7598 -264 48 -99 3
> 1360 6200 -36 163 45 1
! 16715 -4363 200 sims=417452 RUNNER
! 17833 -7903 0 sims=417452 BLOCKER
> 3332 10500 327 69 -30 3
> 6361 8480 437 218 -37 2
> 1273 7598 -264 48 -99 3
> 1360 6200 -36 163 45 1
! 16916 -91170 0
! 90460 51599 200
> 3793 10420 391 -67 -48 3
> 6798 8698 371 185 -55 2
> 1009 7646 -224 40 -81 3
> 1502 6454 120 215 27 1
! 21114 420 200 sims=488201 RUNNER
! 12645 -10428 0 sims=488201 BLOCKER
> 3793 10420 391 -67 -48 3
> 6798 8698 371 185 -55 2
> 1009 7646 -224 40 -81 3
> 1502 6454 120 215 27 1
! 46407 -81454 0
! 100270 22097 200
> 4357 10253 479 -141 -30 3
> 7169 8883 315 157 -73 2
> 785 7686 -190 34 -63 3
> 1820 6700 269 209 9 1
! 17740 -4610 200 sims=486227 RUNNER
! 18641 -7500 0 sims=486227 BLOCKER
> 4357 10253 479 -141 -30 3
> 7169 8883 315 157 -73 2
> 785 7686 -190 34 -63 3
> 1820 6700 269 209 9 1
! 71495 -63024 200
! 100588 -8943 200
> 4970 9963 520 -246 -48 3
> 7484 9040 267 133 -55 2
> 736 7579 -41 -91 -45 3
> 2287 6878 396 151 -9 1
! 18353 -4900 200 sims=465367 RUNNER
! 13331 -10086 0 sims=465367 BLOCKER
> 4970 9963 520 -246 -48 3
> 7484 9040 267 133 -55 2
> 736 7579 -41 -91 -45 3
> 2287 6878 396 151 -9 1
! 89836 -37820 200
! 101055 -8765 200
> 5624 9568 555 -335 -48 3
> 7751 9173 226 113 -73 2
> 873 7397 116 -154 -27 3
> 2881 6998 504 101 -9 1
! 22945 -432 200 sims=454573 RUNNER
! 7402 -10824 0 sims=454573 BLOCKER
> 5624 9568 555 -335 -48 3
> 7751 9173 226 113 -73 2
> 873 7397 116 -154 -27 3
> 2881 6998 504 101 -9 1
! 99641 -8246 200
! 91981 -38401 0
> 6352 9133 618 -369 -30 3
> 7977 9286 192 96 -91 2
> 1187 7212 266 -157 -9 3
> 3385 7099 428 85 -27 1
! 19735 -5730 0 sims=449435 RUNNER
! 13824 -9840 0 sims=449435 BLOCKER
> 6352 9133 618 -369 -30 3
> 7977 9286 192 96 -91 2
> 1187 7212 266 -157 -9 3
> 3385 7099 428 85 -27 1
! 99955 22855 200
! 102153 -8544 200
> 6970 8764 525 -313 -48 3
> 8169 9382 163 81 -73 2
> 1651 7086 394 -106 9 3
> 4011 7153 531 45 -9 1
! 15105 -9507 0 sims=406315 RUNNER
! 7820 -10615 0 sims=406315 BLOCKER
> 6970 8764 525 -313 -48 3
> 8169 9382 163 81 -73 2
> 1651 7086 394 -106 9 3
> 4011 7153 531 45 -9 1
! 100419 22729 200
! 102779 -8490 0
> 7495 8451 446 -266 -66 3
> 8332 9463 138 68 -91 2
> 2243 7011 502 -63 9 3
> 4542 7198 451 38 -9 1
! 20878 -6412 0 sims=423703 RUNNER
! 14179 -9663 200 sims=423703 BLOCKER
> 7495 8451 446 -266 -66 3
> 8332 9463 138 68 -91 2
> 2243 7011 502 -63 9 3
> 4542 7198 451 38 -9 1
! 101011 22654 200
! 93642 -38201 200
> 7941 8185 379 -226 -48 3
> 8528 9340 167 -104 -73 2
> 2943 6979 594 -26 9 3
> 5171 7145 534 -44 -27 1
! 16076 -10086 0 sims=410403 RUNNER
! 8179 -10657 200 sims=410403 BLOCKER
> 7941 8185 379 -226 -48 3
> 8528 9340 167 -104 -73 2
> 2943 6979 594 -26 9 3
> 5171 7145 534 -44 -27 1
! 101711 -8664 200
! 103939 -8498 0
> 8320 7959 322 -192 -66 3
> 8692 9036 138 -258 -91 2
> 3735 6922 672 -48 -9 3
> 5705 7101 453 -37 -9 1
! 10411 -11931 0 sims=403599 RUNNER
! 8343 -10961 200 sims=403599 BLOCKER
> 8320 7959 322 -192 -66 3
> 8692 9036 138 -258 -91 2
> 3735 6922 672 -48 -9 3
> 5705 7101 453 -37 -9 1
! 102503 22565 0
! 94805 -38298 200
> 8642 7767 273 -163 -84 3
> 8827 8578 114 -389 -91 2
> 4407 6874 571 -40 9 3
> 6336 6973 536 -108 -27 1
! 10733 -12123 SHIELD sims=367745 RUNNER
! 2316 -10332 200 sims=367745 BLOCKER
> 8642 7767 273 -163 -84 3
> 8827 8578 114 -389 -91 2
> 4407 6874 571 -40 9 3
> 6336 6973 536 -108 -27 1
! 93507 52273 200
! 77046 -63737 0
> 8899 7529 217 -206 -84 0
> 9038 8749 189 193 -109 2
> 5156 6925 636 43 27 3
> 6872 6865 455 -91 -45 1
! 4741 -12034 0 sims=395430 RUNNER
! -2998 -7224 0 sims=395430 BLOCKER
> 8899 7529 217 -206 -84 0
> 9038 8749 189 193 -109 2
> 5156 6925 636 43 27 3
> 6872 6865 455 -91 -45 1
! 103924 22568 200
! 95972 -38534 0
> 9116 7323 184 -175 -102 0
> 9227 8942 160 164 -127 2
> 5990 6999 708 63 9 3
> 7327 6774 386 -77 -27 1
! -884 -9998 0 sims=399833 RUNNER
! -7156 -2530 200 sims=399833 BLOCKER
> 9116 7323 184 -175 -102 0
> 9227 8942 160 164 -127 2
> 5990 6999 708 63 9 3
> 7327 6774 386 -77 -27 1
! 104758 22642 200
! 106095 -8869 200
> 9300 7148 156 -148 -120 0
> 9223 8991 -3 41 -145 2
> 6896 7093 769 80 9 3
> 7911 6666 496 -92 -9 1
! 5142 -12415 0 sims=380058 RUNNER
! -2813 -6982 200 sims=380058 BLOCKER
> 9300 7148 156 -148 -120 0
> 9223 8991 -3 41 -145 2
> 6896 7093 769 80 9 3
> 7911 6666 496 -92 -9 1
! 105664 22736 200
! 106679 22309 200
> 9456 7000 132 -125 -102 0
> 9100 8872 -104 -100 -127 2
> 7863 7204 821 94 9 3
> 8605 6605 589 -51 9 1
! 5298 -12563 200 sims=373065 RUNNER
! -2936 -7101 200 sims=373065 BLOCKER
> 9456 7000 132 -125 -102 0
> 9100 8872 -104 -100 -127 2
> 7863 7204 821 94 9 3
> 8605 6605 589 -51 9 1
! 106631 -8439 200
! 107373 22248 200
> 10107 6943 660 1 -102 0
> 8876 8612 -190 -220 -127 2
> 8882 7267 865 53 -9 0
> 8831 6322 85 -290 9 1
! 12198 -12947 200 sims=428666 RUNNER
! -3160 -7361 200 sims=428666 BLOCKER
> 10107 6943 660 1 -102 0
> 8876 8612 -190 -220 -127 2
> 8882 7267 865 53 -9 0
> 8831 6322 85 -290 9 1
! 97982 -38132 200
! 107599 -9321 0
> 10788 6745 578 -168 -84 0
> 8566 8232 -263 -322 -127 2
> 9925 7229 886 -32 -27 0
> 8916 6032 72 -246 -9 1
! 6630 -12818 200 sims=432278 RUNNER
! -3470 -7741 200 sims=432278 BLOCKER
> 10788 6745 578 -168 -84 0
> 8566 8232 -263 -322 -127 2
> 9925 7229 886 -32 -27 0
> 8916 6032 72 -246 -9 1
! 80635 -63481 200
! 98016 -39367 0
> 11357 6341 561 -441 -102 0
> 8183 7750 -325 -409 -127 2
> 10920 7096 767 -15 -45 0
> 8988 5786 61 -209 -27 1
! 1357 -10980 200 sims=468622 RUNNER
! 1672 -11160 0 sims=468622 BLOCKER
> 11357 6341 561 -441 -102 0
> 8183 7750 -325 -409 -127 2
> 10920 7096 767 -15 -45 0
> 8988 5786 61 -209 -27 1
! 56318 -82004 0
! 79698 -64924 0
> 11818 5727 391 -522 -120 0
> 7858 7341 -276 -347 -109 2
> 11687 7081 651 -12 -63 0
> 9049 5577 51 -177 -45 1
! -3045 -7656 200 sims=430304 RUNNER
! -4178 -8632 0 sims=430304 BLOCKER
> 11818 5727 391 -522 -120 0
> 7858 7341 -276 -347 -109 2
> 11687 7081 651 -12 -63 0
> 9049 5577 51 -177 -45 1
! 27330 -91687 0
! 54447 -83523 0
> 12060 5071 206 -557 -138 0
> 7582 6994 -234 -294 -127 2
> 12338 7069 553 -10 -81 0
> 9100 5400 43 -150 -63 1
! -6211 -3064 200 sims=449029 RUNNER
! 1071 -11916 0 sims=449029 BLOCKER
> 12060 5071 206 -557 -138 0
> 7582 6994 -234 -294 -127 2
> 12338 7069 553 -10 -81 0
> 9100 5400 43 -150 -63 1
! -3305 -91699 0
! 24743 -93368 0
> 12083 4433 19 -542 -156 0
> 7348 6700 -198 -249 -109 2
> 12891 7059 470 -8 -99 0
> 9143 5250 36 -127 -81 1
! -7807 2342 200 sims=477820 RUNNER
! -4688 -9273 0 sims=477820 BLOCKER
> 12083 4433 19 -542 -156 0
> 7348 6700 -198 -249 -109 2
> 12891 7059 470 -8 -99 0
> 9143 5250 36 -127 -81 1
! -32508 -82041 200
! -6500 -93518 0
> 11903 3870 -152 -478 -174 0
> 7150 6451 -168 -211 -127 2
> 13270 6873 322 -158 -117 0
> 9179 5123 30 -107 -99 1
! -7660 8028 200 sims=451003 RUNNER
! 639 -12459 0 sims=451003 BLOCKER
> 11903 3870 -152 -478 -174 0
> 7150 6451 -168 -211 -127 2
> 13270 6873 322 -158 -117 0
> 9179 5123 30 -107 -99 1
! -57440 -63837 200
! -36220 -83977 0
> 11555 3434 -295 -370 -192 0
> 6982 6240 -142 -179 -109 2
> 13451 6574 153 -254 -135 0
> 9209 5016 25 -90 -117 1
! -8008 7592 200 sims=429940 RUNNER
! -5054 -9733 0 sims=429940 BLOCKER
> 11555 3434 -295 -370 -192 0
> 6982 6240 -142 -179 -109 2
> 13451 6574 153 -254 -135 0
> 9209 5016 25 -90 -117 1
! -75649 -38824 200
! -6434 -93752 200
> 11064 3106 -417 -279 168 0
> 6840 6061 -120 -152 -127 2
> 13426 6229 -21 -293 -153 0
> 9203 4728 -5 -244 -99 1
! -8826 1015 200 sims=401681 RUNNER
! 329 -12849 0 sims=401681 BLOCKER
> 11064 3106 -417 -279 168 0
> 6840 6061 -120 -152 -127 2
> 13426 6229 -21 -293 -153 0
> 9203 4728 -5 -244 -99 1
! -85342 -9414 200
! -6440 -94040 200
> 10448 2806 -523 -254 186 0
> 6720 5909 -102 -129 -109 2
> 13207 5905 -185 -275 -171 0
> 9167 4286 -30 -375 -99 1
! -7823 -5329 200 sims=428414 RUNNER
! -5316 -10064 0 sims=428414 BLOCKER
> 10448 2806 -523 -254 186 0
> 6720 5909 -102 -129 -109 2
> 13207 5905 -185 -275 -171 0
> 9167 4286 -30 -375 -99 1
! -85561 21548 200
! -36232 -84814 200
> 9742 2471 -599 -285 -156 0
> 6618 5780 -86 -109 -127 2
> 12824 5661 -325 -207 171 0
> 9046 3733 -102 -470 -117 1
! -8529 -5664 200 sims=414890 RUNNER
! 107 -13130 0 sims=414890 BLOCKER
> 9742 2471 -599 -285 -156 0
> 6618 5780 -86 -109 -127 2
> 12824 5661 -325 -207 171 0
> 9046 3733 -102 -470 -117 1
! -76276 51060 200
! -61664 -66977 200
> 8960 2105 -664 -311 -156 0
> 6532 5671 -73 -92 -109 2
> 12321 5545 -427 -98 153 0
> 8803 3122 -206 -519 -135 1
! -9311 -6030 200 sims=418047 RUNNER
! 6183 -14326 0 sims=418047 BLOCKER
> 8960 2105 -664 -311 -156 0
> 6532 5671 -73 -92 -109 2
> 12321 5545 -427 -98 153 0
> 8803 3122 -206 -519 -135 1
! -86447 21188 200
! -80297 -42276 200
> 8113 1713 -719 -333 -156 0
> 6459 5579 -62 -78 -91 2
> 11696 5478 -530 -56 171 0
> 8419 2512 -326 -518 -153 1
! -11777 -378 200 sims=377776 RUNNER
! 12306 -13547 0 sims=377776 BLOCKER
> 8113 1713 -719 -333 -156 0
> 6459 5579 -62 -78 -91 2
> 11696 5478 -530 -56 171 0
> 8419 2512 -326 -518 -153 1
! -87072 21121 200
! -90349 -13131 200
> 7195 1359 -780 -300 -174 0
> 6397 5501 -52 -66 -73 2
> 10968 5453 -618 -21 171 0
> 7895 1963 -445 -466 -171 1
! -12368 5517 0 sims=393309 RUNNER
! 17869 -10882 0 sims=393309 BLOCKER
> 7195 1359 -780 -300 -174 0
> 6397 5501 -52 -66 -73 2
> 10968 5453 -618 -21 171 0
> 7895 1963 -445 -466 -171 1
! -87800 21096 200
! -90873 17606 0
> 6415 1059 -663 -255 -192 0
> 6345 5435 -44 -56 -55 2
> 10152 5463 -693 8 171 0
> 7450 1497 -378 -396 171 1
! -10906 11059 0 sims=398174 RUNNER
! 22318 -6601 0 sims=398174 BLOCKER
> 6415 1059 -663 -255 -192 0
> 6345 5435 -44 -56 -55 2
> 10152 5463 -693 8 171 0
> 7450 1497 -378 -396 171 1
! -88616 -10180 200
! -81650 46896 0
> 5752 804 -563 -216 -210 0
> 6301 5379 -37 -47 -37 2
> 9261 5440 -756 -19 -171 0
> 7072 1101 -321 -336 153 1
! -7631 15667 0 sims=384804 RUNNER
! 25211 -1132 0 sims=384804 BLOCKER
> 5752 804 -563 -216 -210 0
> 6301 5379 -37 -47 -37 2
> 9261 5440 -756 -19 -171 0
> 7072 1101 -321 -336 153 1
! -79839 -39958 200
! -63638 71811 200
> 5189 588 -478 -183 -228 0
> 6264 5332 -31 -39 -19 2
> 8327 5330 -794 -93 -153 0
> 6610 906 -393 -165 135 1
! -2946 18859 200 sims=404446 RUNNER
! 26261 4983 200 sims=404446 BLOCKER
> 5189 588 -478 -183 -228 0
> 6264 5332 -31 -39 -19 2
> 8327 5330 -794 -93 -153 0
> 6610 906 -393 -165 135 1
! -80773 -40068 200
! -38789 90006 200
> 4630 588 -475 0 -246 0
> 6433 5290 143 -36 -1 2
> 7355 5146 -826 -156 -153 0
> 6126 919 -411 11 117 1
! 2539 20478 200 sims=428673 RUNNER
! 26430 4941 SHIELD sims=428673 BLOCKER
> 4630 588 -475 0 -246 0
> 6433 5290 143 -36 -1 2
> 7355 5146 -826 -156 -153 0
> 6126 919 -411 11 117 1
! -81745 -40252 SHIELD
! -39273 90019 200
> 4134 787 -421 169 96 0
> 5799 5414 -648 127 -1 2
> 7306 4830 68 -290 -153 0
> 5624 1108 -426 160 117 1
! 8292 20350 0 sims=372260 RUNNER
! 24709 -1097 0 sims=372260 BLOCKER
> 4134 787 -421 169 96 0
> 5799 5414 -648 127 -1 2
> 7306 4830 68 -290 -153 0
> 5624 1108 -426 160 117 1
! -91462 -10813 0
! -39775 90208 0
> 3713 956 -357 143 78 0
> 5151 5541 -550 107 -19 2
> 7374 4540 57 -246 -171 0
> 5198 1268 -362 136 117 1
! 13713 18277 0 sims=381724 RUNNER
! 24061 -970 0 sims=381724 BLOCKER
> 3713 956 -357 143 78 0
> 5151 5541 -550 107 -19 2
> 7374 4540 57 -246 -171 0
> 5198 1268 -362 136 117 1
! -91394 20183 0
! -10445 100036 0
> 3356 1099 -303 121 60 0
> 4601 5648 -467 90 -19 2
> 7431 4294 48 -209 171 0
> 4836 1404 -307 115 99 1
! 18219 14482 200 sims=383278 RUNNER
! 23511 -863 0 sims=383278 BLOCKER
> 3356 1099 -303 121 60 0
> 4601 5648 -467 90 -19 2
> 7431 4294 48 -209 171 0
> 4836 1404 -307 115 99 1
! -81669 49693 0
! -40563 90504 0
> 3202 1354 -131 216 42 0
> 4134 5738 -396 76 -19 2
> 7479 4085 40 -177 153 0
> 4529 1519 -260 97 117 1
! 21473 9489 0 sims=346269 RUNNER
! 24131 5389 200 sims=346269 BLOCKER
> 3202 1354 -131 216 42 0
> 4134 5738 -396 76 -19 2
> 7479 4085 40 -177 153 0
> 4529 1519 -260 97 117 1
! -81621 49484 200
! -66181 72229 200
> 3071 1570 -111 183 24 0
> 3938 5811 -166 61 -1 2
> 7341 3999 -117 -73 153 0
> 4128 1757 -341 202 135 1
! 22961 3661 200 sims=346332 RUNNER
! 23935 5462 200 sims=346332 BLOCKER
> 3071 1570 -111 183 24 0
> 3938 5811 -166 61 -1 2
> 7341 3999 -117 -73 153 0
> 4128 1757 -341 202 135 1
! -91427 19642 200
! -41271 90857 SHIELD
> 2901 1712 -553 23 6 0
> 3972 5869 28 48 -1 2
> 7026 3957 -267 -35 171 0
> 3813 1965 -227 186 117 1
! 22791 3803 200 sims=384328 RUNNER
! 22882 -642 200 sims=384328 BLOCKER
> 2901 1712 -553 23 6 0
> 3972 5869 28 48 -1 2
> 7026 3957 -267 -35 171 0
> 3813 1965 -227 186 117 1
! -91742 -11686 200
! -11830 100733 200
> 2547 1756 -300 37 6 0
> 4189 5852 184 -14 -19 2
> 6561 3891 -394 -56 -171 0
> 3586 2151 -192 158 99 1
! 22437 3847 200 sims=406287 RUNNER
! 23099 -659 200 sims=406287 BLOCKER
> 2547 1756 -300 37 6 0
> 4189 5852 184 -14 -19 2
> 6561 3891 -394 -56 -171 0
> 3586 2151 -192 158 99 1
! -82539 -41507 0
! 19229 100919 0
> 2446 1814 -85 49 6 0
> 4562 5773 317 -67 -19 2
> 6167 3835 -334 -47 -153 1
> 3394 2309 -163 134 81 1
! 20717 9949 200 sims=413693 RUNNER
! 23472 -738 200 sims=413693 BLOCKER
> 2446 1814 -85 49 6 0
> 4562 5773 317 -67 -19 2
> 6167 3835 -334 -47 -153 1
> 3394 2309 -163 134 81 1
! -64543 -66875 0
! 48793 91409 0
> 2544 1944 83 110 24 0
> 5068 5641 430 -112 -19 2
> 5833 3788 -283 -39 -135 1
> 3231 2443 -138 113 63 1
! 17407 15327 200 sims=360178 RUNNER
! 23978 -870 200 sims=360178 BLOCKER
> 2544 1944 83 110 24 0
> 5068 5641 430 -112 -19 2
> 5833 3788 -283 -39 -135 1
> 3231 2443 -138 113 63 1
! -64877 -66922 0
! 73941 73153 SHIELD
> 2304 1832 -264 -140 42 0
> 5687 5464 526 -150 -19 2
> 5550 3749 -240 -33 -135 1
> 3140 2592 -71 130 45 1
! 20575 9967 200 sims=377300 RUNNER
! 21660 -6572 200 sims=377300 BLOCKER
> 2304 1832 -264 -140 42 0
> 5687 5464 526 -150 -19 2
> 5550 3749 -240 -33 -135 1
> 3140 2592 -71 130 45 1
! -83550 -41649 0
! 92240 47991 0
> 2223 1773 -69 -49 24 0
> 6373 5194 582 -229 -37 2
> 5310 3716 -204 -28 -153 1
> 3069 2722 -60 110 27 1
! 22113 3864 200 sims=342587 RUNNER
! 25283 -1317 200 sims=342587 BLOCKER
> 2223 1773 -69 -49 24 0
> 6373 5194 582 -229 -37 2
> 5310 3716 -204 -28 -153 1
> 3069 2722 -60 110 27 1
! -65400 -66994 0
! 101837 18365 0
> 2353 1745 110 -23 6 0
> 7144 4900 655 -249 -19 2
> 5106 3688 -173 -23 -135 1
> 3009 2832 -51 93 9 1
! 21916 -2413 200 sims=356930 RUNNER
! 23117 -7136 200 sims=356930 BLOCKER
> 2353 1745 110 -23 6 0
> 7144 4900 655 -249 -19 2
> 5106 3688 -173 -23 -135 1
> 3009 2832 -51 93 9 1
! -40293 -85412 0
! 101777 -12811 0
> 2659 1680 259 -54 -12 0
> 7959 4531 692 -313 -37 2
> 4933 3665 -147 -19 -117 1
> 2958 2925 -43 79 -9 1
! 22549 3771 0 sims=345849 RUNNER
! 26869 -1980 200 sims=345849 BLOCKER
> 2659 1680 259 -54 -12 0
> 7959 4531 692 -313 -37 2
> 4933 3665 -147 -19 -117 1
> 2958 2925 -43 79 -9 1
! -10710 -95103 0
! 92058 -42474 0
> 2918 1626 220 -45 6 0
> 8840 4153 748 -321 -19 2
> 4786 3646 -124 -16 -99 1
> 2915 3004 -36 67 -27 1
! 21189 9761 0 sims=372267 RUNNER
! 24813 -7883 0 sims=372267 BLOCKER
> 2918 1626 220 -45 6 0
> 8840 4153 748 -321 -19 2
> 4786 3646 -124 -16 -99 1
> 2915 3004 -36 67 -27 1
! 20429 -95122 0
! 92015 -42395 0
> 3138 1581 187 -38 24 0
> 9588 3832 635 -272 -37 2
> 4662 3630 -105 -13 -81 1
> 2879 3071 -30 56 -27 1
! 18001 14964 200 sims=384279 RUNNER
! 28498 -2679 0 sims=384279 BLOCKER
> 3138 1581 187 -38 24 0
> 9588 3832 635 -272 -37 2
> 4662 3630 -105 -13 -81 1
> 2879 3071 -30 56 -27 1
! 20305 -95138 200
! 101647 -12572 0
> 3474 1677 285 81 42 0
> 10223 3560 539 -231 -19 2
> 4588 3419 -62 -178 -81 1
> 2849 3127 -25 47 -9 1
! 21745 9812 200 sims=378091 RUNNER
! 26196 -8476 0 sims=378091 BLOCKER
> 3474 1677 285 81 42 0
> 10223 3560 539 -231 -19 2
> 4588 3419 -62 -178 -81 1
> 2849 3127 -25 47 -9 1
! 49986 -85681 0
! 101617 -12516 200
> 3942 1839 397 137 24 0
> 10762 3329 458 -196 -37 2
> 4526 3241 -52 -151 -63 1
> 3022 3143 146 13 -9 1
! 18805 15222 200 sims=339675 RUNNER
! 29672 -3182 0 sims=339675 BLOCKER
> 3942 1839 397 137 24 0
> 10762 3329 458 -196 -37 2
> 4526 3241 -52 -151 -63 1
> 3022 3143 146 13 -9 1
! 75236 -67469 200
! 101790 -12500 0
> 4488 2110 463 230 42 0
> 11220 3133 389 -166 -19 2
> 4615 2949 76 -248 -45 1
> 3168 3156 124 11 -9 1
! 19351 15493 SHIELD sims=378602 RUNNER
! 27193 -8903 0 sims=378602 BLOCKER
> 4488 2110 463 230 42 0
> 11220 3133 389 -166 -19 2
> 4615 2949 76 -248 -45 1
> 3168 3156 124 11 -9 1
! 93715 -42450 200
! 101936 -12487 200
> 4937 2242 380 104 42 0
> 11609 2967 330 -141 -37 2
> 5005 3589 341 618 -27 1
> 3490 3136 273 -17 -9 1
! 14937 19563 0 sims=369369 RUNNER
! 30519 -3544 0 sims=369369 BLOCKER
> 4937 2242 380 104 42 0
> 11609 2967 330 -141 -37 2
> 5005 3589 341 618 -27 1
> 3490 3136 273 -17 -9 1
! 94105 -41810 200
! 102258 18779 0
> 5317 2346 323 88 60 0
> 11939 2826 280 -119 -19 2
> 5524 4116 441 448 -27 1
> 3763 3119 232 -14 9 1
! 9475 21909 0 sims=428834 RUNNER
! 27912 -9210 0 sims=428834 BLOCKER
> 5317 2346 323 88 60 0
> 11939 2826 280 -119 -19 2
> 5524 4116 441 448 -27 1
> 3763 3119 232 -14 9 1
! 76234 -66594 200
! 102531 18762 200
> 5640 2434 274 74 78 0
> 12219 2707 238 -101 -37 2
> 6106 4423 495 260 -45 1
> 4193 3136 365 14 9 1
! 3549 22324 0 sims=378329 RUNNER
! 31129 -3804 0 sims=378329 BLOCKER
> 5640 2434 274 74 78 0
> 12219 2707 238 -101 -37 2
> 6106 4423 495 260 -45 1
> 4193 3136 365 14 9 1
! 95206 -40976 200
! 102961 -12507 200
> 5914 2508 232 62 96 0
> 12457 2606 202 -85 -19 2
> 6779 4592 572 143 -27 1
> 4756 3119 478 -14 -9 1
! -2221 20779 200 sims=388570 RUNNER
! 28430 -9430 0 sims=388570 BLOCKER
> 5914 2508 232 62 96 0
> 12457 2606 202 -85 -19 2
> 6779 4592 572 143 -27 1
> 4756 3119 478 -14 -9 1
! 77489 -66118 200
! 103524 -12524 0
> 6065 2753 128 208 114 0
> 12659 2521 171 -72 -37 2
> 7492 4594 606 1 -45 1
> 5234 3105 406 -11 -9 1
! -2070 21024 SHIELD sims=382921 RUNNER
! 31569 -3990 0 sims=382921 BLOCKER
> 6065 2753 128 208 114 0
> 12659 2521 171 -72 -37 2
> 7492 4594 606 1 -45 1
> 5234 3105 406 -11 -9 1
! 78202 -66116 200
! 104002 -12538 200
> 6266 2931 185 145 114 0
> 12830 2449 145 -61 -19 2
> 8239 4454 635 -119 -45 1
> 5110 3362 -251 278 -9 1
! -7117 17794 0 sims=402325 RUNNER
! 28803 -9587 0 sims=402325 BLOCKER
> 6266 2931 185 145 114 0
> 12830 2449 145 -61 -19 2
> 8239 4454 635 -119 -45 1
> 5110 3362 -251 278 -9 1
! 78949 -66256 200
! 94210 -42037 200
> 6451 3076 157 123 132 0
> 12975 2388 123 -51 -37 2
> 9015 4194 659 -221 -45 1
> 5037 3549 -61 159 -27 1
! -10870 13076 0 sims=375263 RUNNER
! 24447 -13995 0 sims=375263 BLOCKER
> 6451 3076 157 123 132 0
> 12975 2388 123 -51 -37 2
> 9015 4194 659 -221 -45 1
> 5037 3549 -61 159 -27 1
! 98115 -41205 200
! 103805 -12094 200
> 6608 3199 133 104 150 0
> 13098 2337 104 -43 -55 2
> 9852 3882 711 -265 -27 1
> 5174 3677 116 108 -9 1
! -12955 7357 0 sims=386337 RUNNER
! 18945 -16789 0 sims=386337 BLOCKER
> 6608 3199 133 104 150 0
> 13098 2337 104 -43 -55 2
> 9852 3882 711 -265 -27 1
> 5174 3677 116 108 -9 1
! 108620 -11761 200
! 103942 -11966 200
> 6741 3303 113 88 168 0
> 13202 2294 88 -36 -73 2
> 10761 3586 772 -251 -9 1
> 5488 3754 266 65 -9 1
! -10580 13303 200 sims=398230 RUNNER
! 12853 -17703 0 sims=398230 BLOCKER
> 6741 3303 113 88 168 0
> 13202 2294 88 -36 -73 2
> 10761 3586 772 -251 -9 1
> 5488 3754 266 65 -9 1
! 99861 -41813 200
! 94588 -41645 200
> 6695 3487 390 18 150 0
> 13290 2258 74 -30 -91 2
> 11711 3244 807 -290 -27 1
> 5918 3733 -64 118 -27 1
! -12868 7645 200 sims=421365 RUNNER
! 6779 -16652 200 sims=421365 BLOCKER
> 6695 3487 390 18 150 0
> 13290 2258 74 -30 -91 2
> 11711 3244 807 -290 -27 1
> 5918 3733 -64 118 -27 1
! 82421 -67466 0
! 104686 -11910 200
> 6889 3547 165 50 168 0
> 13299 2039 7 -186 -109 2
> 12518 2954 685 -246 -45 1
> 6052 3820 113 73 -9 1
! -12674 7705 200 sims=417277 RUNNER
! 1263 -13934 200 sims=417277 BLOCKER
> 6889 3547 165 50 168 0
> 13299 2039 7 -186 -109 2
> 12518 2954 685 -246 -45 1
> 6052 3820 113 73 -9 1
! 57916 -86146 0
! 95152 -41579 200
> 7105 3558 248 -11 168 0
> 13186 1693 -96 -293 -127 2
> 13203 2708 582 -209 -63 1
> 6096 3882 -27 74 -27 1
! -12458 7716 200 sims=379757 RUNNER
! -3197 -9779 200 sims=379757 BLOCKER
> 7105 3558 248 -11 168 0
> 13186 1693 -96 -293 -127 2
> 13203 2708 582 -209 -63 1
> 6096 3882 -27 74 -27 1
! 28846 -96060 200
! 95196 -41517 0
> 7157 3589 44 25 168 0
> 12926 1285 -220 -346 -145 2
> 13816 2301 521 -345 -81 1
> 6069 3956 -22 62 -27 1
! -10164 13589 200 sims=448392 RUNNER
! -6200 -4562 200 sims=448392 BLOCKER
> 7157 3589 44 25 168 0
> 12926 1285 -220 -346 -145 2
> 13816 2301 521 -345 -81 1
> 6069 3956 -22 62 -27 1
! -1827 -96467 200
! 95169 -41443 200
> 7028 3714 -109 106 150 0
> 12515 881 -349 -343 -163 2
> 14306 1758 416 -461 -99 2
> 6225 3927 132 -24 -27 1
! -12535 7872 0 sims=421050 RUNNER
! -7482 1230 200 sims=421050 BLOCKER
> 7028 3714 -109 106 150 0
> 12515 881 -349 -343 -163 2
> 14306 1758 416 -461 -99 2
> 6225 3927 132 -24 -27 1
! -31093 -87342 0
! 104993 -11716 SHIELD
> 7333 3714 305 -11 168 0
> 11966 541 -466 -288 -181 2
> 14722 1297 353 -391 -117 2
> 6316 3914 72 -10 -9 1
! -12230 7872 200 sims=434777 RUNNER
! -6944 7052 200 sims=434777 BLOCKER
> 7333 3714 305 -11 168 0
> 11966 541 -466 -288 -181 2
> 14722 1297 353 -391 -117 2
> 6316 3914 72 -10 -9 1
! -55988 -69413 0
! 105084 19557 0
> 7442 3745 92 25 168 0
> 11311 318 -556 -189 -199 2
> 15075 906 300 -332 -135 2
> 6388 3904 61 -8 9 1
! -12121 7903 200 sims=430108 RUNNER
! -4662 12354 200 sims=430108 BLOCKER
> 7442 3745 92 25 168 0
> 11311 318 -556 -189 -199 2
> 15075 906 300 -332 -135 2
> 6388 3904 61 -8 9 1
! -74025 -44492 200
! 105156 19547 0
> 7338 3812 -88 56 168 0
> 10595 249 -608 -58 143 2
> 15197 483 103 -359 -153 2
> 6449 3896 51 -6 9 1
! -12225 7970 200 sims=403921 RUNNER
! -877 16632 200 sims=403921 BLOCKER
> 7338 3812 -88 56 168 0
> 10595 249 -608 -58 143 2
> 15197 483 103 -359 -153 2
> 6449 3896 51 -6 9 1
! -83571 -15160 0
! 105217 -11747 200
> 7302 3892 48 62 168 0
> 9872 355 -614 89 125 2
> 15300 124 87 -305 -171 2
> 6252 3907 -245 15 -9 1
! -12588 1801 200 sims=401107 RUNNER
! 4025 19481 200 sims=401107 BLOCKER
> 7302 3892 48 62 168 0
> 9872 355 -614 89 125 2
> 15300 124 87 -305 -171 2
> 6252 3907 -245 15 -9 1
! -83468 15767 200
! 105020 19550 200
> 7151 3933 -128 34 186 0
> 9200 635 -571 238 107 2
> 15189 -150 -93 -232 171 2
> 6205 3953 -40 39 9 1
! -12412 8091 200 sims=395381 RUNNER
! 9549 20632 200 sims=395381 BLOCKER
> 7151 3933 -128 34 186 0
> 9200 635 -571 238 107 2
> 15189 -150 -93 -232 171 2
> 6205 3953 -40 39 9 1
! -73911 45249 200
! 104973 19596 200
> 7162 4001 133 54 168 0
> 8632 1073 -482 372 89 2
> 14918 -291 -230 -120 153 2
> 6028 4031 -274 69 9 1
! -12401 8159 200 sims=393456 RUNNER
! 2785 20199 200 sims=393456 BLOCKER
> 7162 4001 133 54 168 0
> 8632 1073 -482 372 89 2
> 14918 -291 -230 -120 153 2
> 6028 4031 -274 69 9 1
! -74182 45108 200
! 104796 19674 200
> 7099 4097 -53 81 168 0
> 8092 1636 -459 478 107 2
> 14510 -320 -346 -24 153 2
> 5952 4131 -64 85 9 1
! -12791 2006 0 sims=384391 RUNNER
! -3380 18019 200 sims=384391 BLOCKER
> 7099 4097 -53 81 168 0
> 8092 1636 -459 478 107 2
> 14510 -320 -346 -24 153 2
> 5952 4131 -64 85 9 1
! -74590 45079 200
! 104720 -11512 200
> 7046 4178 -45 68 186 0
> 7518 2278 -487 545 125 2
> 13986 -253 -445 56 153 2
> 6086 4185 113 45 -9 1
! -12517 8336 0 sims=370944 RUNNER
! -3954 18661 200 sims=370944 BLOCKER
> 7046 4178 -45 68 186 0
> 7518 2278 -487 545 125 2
> 13986 -253 -445 56 153 2
> 6086 4185 113 45 -9 1
! -75114 45146 200
! 104854 -11458 SHIELD
> 7001 4246 -38 57 168 0
> 6916 2987 -511 602 125 2
> 13363 -106 -529 124 153 2
> 6199 4230 96 38 -9 1
! -12889 2155 0 sims=347508 RUNNER
! -4556 19370 SHIELD sims=347508 BLOCKER
> 7001 4246 -38 57 168 0
> 6916 2987 -511 602 125 2
> 13363 -106 -529 124 153 2
> 6199 4230 96 38 -9 1
! -75737 45293 200
! 95299 -41169 SHIELD
> 7202 4308 174 52 186 0
> 6436 3482 -265 -64 125 2
> 12656 109 -601 182 153 2
> 6240 4374 -108 607 -27 1
! -12688 2217 200 sims=441336 RUNNER
! -5036 19865 0 sims=441336 BLOCKER
> 7202 4308 174 52 186 0
> 6436 3482 -265 -64 125 2
> 12656 109 -601 182 153 2
> 6240 4374 -108 607 -27 1
! -58054 70819 200
! 95340 -41025 0
> 7177 4339 -21 26 -174 0
> 6171 3418 -225 -54 125 2
> 11914 432 -631 274 135 2
> 6132 4981 -91 515 -27 1
! -11094 -3796 200 sims=418061 RUNNER
! 324 22544 0 sims=418061 BLOCKER
> 7177 4339 -21 26 -174 0
> 6171 3418 -225 -54 125 2
> 11914 432 -631 274 135 2
> 6132 4981 -91 515 -27 1
! -33485 89532 200
! 76842 -65729 0
> 6973 4284 -173 -47 -156 0
> 5946 3364 -191 -45 107 2
> 11192 884 -613 384 117 2
> 6041 5496 -77 437 -45 1
! -7890 -9099 0 sims=402318 RUNNER
! 6295 23361 0 sims=402318 BLOCKER
> 6973 4284 -173 -47 -156 0
> 5946 3364 -191 -45 107 2
> 11192 884 -613 384 117 2
> 6041 5496 -77 437 -45 1
! -34207 89984 200
! 51439 -83604 0
> 6800 4237 -147 -39 -138 0
> 5755 3319 -162 -38 89 2
> 10488 1446 -598 477 117 2
> 5964 5933 -65 371 -63 1
! -8063 -9146 200 sims=396018 RUNNER
! 12266 22229 200 sims=396018 BLOCKER
> 6800 4237 -147 -39 -138 0
> 5755 3319 -162 -38 89 2
> 10488 1446 -598 477 117 2
> 5964 5933 -65 371 -63 1
! -34911 90546 200
! 21607 -92835 0
> 6504 4064 -251 -146 -138 1
> 5658 3470 -82 128 71 2
> 9799 2101 -585 556 117 2
> 5899 6304 -55 315 -81 1
! -3496 -13257 0 sims=412167 RUNNER
! 6007 23467 200 sims=412167 BLOCKER
> 6504 4064 -251 -146 -138 1
> 5658 3470 -82 128 71 2
> 9799 2101 -585 556 117 2
> 5899 6304 -55 315 -81 1
! -35600 91201 200
! -9744 -92464 200
> 6374 3968 53 -14 -120 1
> 5458 3748 -333 169 89 2
> 9123 2835 -574 624 117 2
> 5813 6421 -73 99 -99 1
! 2216 -15595 0 sims=418509 RUNNER
! 11969 22658 200 sims=418509 BLOCKER
> 6374 3968 53 -14 -120 1
> 5458 3748 -333 169 89 2
> 9123 2835 -574 624 117 2
> 5813 6421 -73 99 -99 1
! -61587 73545 200
! -39586 -82679 200
> 6427 3954 45 -11 -102 1
> 5190 4106 -227 304 71 2
> 8408 3600 -608 650 135 2
> 5649 6342 -139 -67 -117 1
! 8518 -15936 0 sims=426559 RUNNER
! 5539 24103 0 sims=426559 BLOCKER
> 6427 3954 45 -11 -102 1
> 5190 4106 -227 304 71 2
> 8408 3600 -608 650 135 2
> 5649 6342 -139 -67 -117 1
! -80692 48999 200
! -65061 -64368 200
> 6472 3943 38 -9 -84 1
> 4963 4410 -192 258 89 2
> 7622 4341 -668 629 153 2
> 5369 6134 -238 -177 -135 1
! 14607 -14328 200 sims=378497 RUNNER
! -884 23536 200 sims=378497 BLOCKER
> 6472 3943 38 -9 -84 1
> 4963 4410 -192 258 89 2
> 7622 4341 -668 629 153 2
> 5369 6134 -238 -177 -135 1
! -81478 49740 200
! -83731 -39264 200
> 6591 3751 101 -162 -66 1
> 4713 4859 -212 381 107 2
> 6776 5061 -719 611 153 2
> 4953 5866 -353 -227 -153 1
! 19974 -11112 200 sims=451668 RUNNER
! 5062 24856 0 sims=451668 BLOCKER
> 6591 3751 101 -162 -66 1
> 4713 4859 -212 381 107 2
> 6776 5061 -719 611 153 2
> 4953 5866 -353 -227 -153 1
! -91992 20704 200
! -93815 -9777 200
> 6826 3440 199 -264 -48 1
> 4430 4793 -271 -250 89 2
> 5859 5703 -779 545 171 2
> 4473 6054 -376 355 -171 1
! 24147 -6560 200 sims=402304 RUNNER
! 10941 23703 200 sims=402304 BLOCKER
> 6826 3440 199 -264 -48 1
> 4430 4793 -271 -250 89 2
> 5859 5703 -779 545 171 2
> 4473 6054 -376 355 -171 1
! -92909 -9940 0
! -94295 21697 200
> 7198 3076 316 -309 -30 1
> 4224 4732 -175 -51 71 2
> 5080 6248 -662 463 -171 2
> 3899 6440 -487 328 171 1
! 26761 -1082 200 sims=441791 RUNNER
! 16260 20705 200 sims=441791 BLOCKER
> 7198 3076 316 -309 -30 1
> 4224 4732 -175 -51 71 2
> 5080 6248 -662 463 -171 2
> 3899 6440 -487 328 171 1
! -84020 -39150 0
! -85201 51839 0
> 7710 2725 434 -297 -12 1
> 4169 4841 -46 92 53 2
> 4418 6711 -562 393 -153 2
> 3412 6768 -413 278 153 1
! 27600 4816 200 sims=434357 RUNNER
! 20552 16313 200 sims=434357 BLOCKER
> 7710 2725 434 -297 -12 1
> 4169 4841 -46 92 53 2
> 4418 6711 -562 393 -153 2
> 3412 6768 -413 278 153 1
! -66292 -63999 0
! -67298 77478 0
> 8343 2449 537 -234 6 1
> 4287 5048 100 175 35 2
> 3856 7104 -477 334 -135 3
> 2999 7046 -351 236 135 1
! 28233 4540 200 sims=457478 RUNNER
! 23413 10895 200 sims=457478 BLOCKER
> 8343 2449 537 -234 6 1
> 4287 5048 100 175 35 2
> 3856 7104 -477 334 -135 3
> 2999 7046 -351 236 135 1
! -41543 -81996 0
! -67711 77756 0
> 9079 2236 625 -181 6 1
> 4578 5281 247 198 17 2
> 3464 7450 -257 304 -117 3
> 2563 7270 -446 180 135 1
! 28642 -1922 0 sims=471457 RUNNER
! 23704 11128 200 sims=471457 BLOCKER
> 9079 2236 625 -181 6 1
> 4578 5281 247 198 17 2
> 3464 7450 -257 304 -117 3
> 2563 7270 -446 180 135 1
! -12179 -91318 0
! -86537 52669 0
> 9704 2055 531 -153 -12 1
> 5016 5537 372 218 17 2
> 3207 7754 -218 258 -99 3
> 2117 7450 -379 153 153 1
! 29594 4146 0 sims=455812 RUNNER
! 24142 11384 200 sims=455812 BLOCKER
> 9704 2055 531 -153 -12 1
> 5016 5537 372 218 17 2
> 3207 7754 -218 258 -99 3
> 2117 7450 -379 153 153 1
! 18850 -91014 0
! -68593 78160 0
> 10235 1902 451 -130 6 1
> 5579 5813 478 235 17 2
> 2989 8012 -185 219 -81 3
> 1738 7603 -322 130 135 1
! 29798 -2256 0 sims=465374 RUNNER
! 25576 5464 0 sims=465374 BLOCKER
> 10235 1902 451 -130 6 1
> 5579 5813 478 235 17 2
> 2989 8012 -185 219 -81 3
> 1738 7603 -322 130 135 1
! 48387 -81088 200
! -43661 96703 0
> 10686 1772 383 -110 -12 1
> 6057 6048 406 199 -1 2
> 2895 8053 -80 34 -63 3
> 1416 7733 -273 110 117 1
! 30576 3863 0 sims=472745 RUNNER
! 25183 11895 0 sims=472745 BLOCKER
> 10686 1772 383 -110 -12 1
> 6057 6048 406 199 -1 2
> 2895 8053 -80 34 -63 3
> 1416 7733 -273 110 117 1
! 73605 -62657 200
! -14227 106501 0
> 11069 1662 325 -93 6 1
> 6463 6247 345 169 17 2
> 2956 7946 52 -91 -45 3
> 1143 7843 -232 93 99 1
! 29340 9797 0 sims=488306 RUNNER
! 26460 5898 0 sims=488306 BLOCKER
> 11069 1662 325 -93 6 1
> 6463 6247 345 169 17 2
> 2956 7946 52 -91 -45 3
> 1143 7843 -232 93 99 1
! 92056 -37453 200
! 16786 106611 0
> 11394 1569 276 -79 24 1
> 6808 6416 293 143 -1 2
> 3186 7764 195 -154 -27 3
> 911 7936 -197 79 81 1
! 31284 3660 0 sims=471268 RUNNER
! 25934 12263 0 sims=471268 BLOCKER
> 11394 1569 276 -79 24 1
> 6808 6416 293 143 -1 2
> 3186 7764 195 -154 -27 3
> 911 7936 -197 79 81 1
! 101954 -7879 200
! 46310 97036 0
> 11670 1490 234 -67 6 1
> 7101 6559 249 121 17 2
> 3579 7579 333 -157 -9 3
> 714 8015 -167 67 63 1
! 29941 9625 0 sims=460656 RUNNER
! 23484 18031 0 sims=460656 BLOCKER
> 11670 1490 234 -67 6 1
> 7101 6559 249 121 17 2
> 3579 7579 333 -157 -9 3
> 714 8015 -167 67 63 1
! 102347 23222 200
! 71424 78725 200
> 11904 1423 198 -56 24 1
> 7350 6680 211 102 35 2
> 4110 7453 450 -106 9 3
> 688 8223 -21 177 45 1
! 31794 3514 0 sims=445039 RUNNER
! 19386 22653 0 sims=445039 BLOCKER
> 11904 1423 198 -56 24 1
> 7350 6680 211 102 35 2
> 4110 7453 450 -106 9 3
> 688 8223 -21 177 45 1
! 102878 -8190 200
! 89788 53622 200
> 12102 1367 168 -47 6 1
> 7561 6782 179 86 53 2
> 4758 7316 550 -116 -9 3
> 845 8491 133 227 27 1
! 30373 9502 0 sims=467712 RUNNER
! 14072 25692 0 sims=467712 BLOCKER
> 12102 1367 168 -47 6 1
> 7561 6782 179 86 53 2
> 4758 7316 550 -116 -9 3
> 845 8491 133 227 27 1
! 103526 -8327 200
! 99613 24134 0
> 12270 1320 142 -39 24 1
> 7740 6868 152 73 71 2
> 5506 7169 635 -125 -9 3
> 978 8718 113 192 9 1
! 32160 3411 0 sims=397467 RUNNER
! 8089 26865 0 sims=397467 BLOCKER
> 12270 1320 142 -39 24 1
> 7740 6868 152 73 71 2
> 5506 7169 635 -125 -9 3
> 978 8718 113 192 9 1
! 104274 22812 200
! 90078 54117 200
> 12412 1281 120 -33 6 1
> 7892 6941 129 62 89 2
> 6339 7075 707 -79 9 3
> 1269 9001 247 240 27 1
! 30683 9416 0 sims=413966 RUNNER
! 8241 26938 200 sims=413966 BLOCKER
> 12412 1281 120 -33 6 1
> 7892 6941 129 62 89 2
> 6339 7075 707 -79 9 3
> 1269 9001 247 240 27 1
! 95439 52474 200
! 100037 24644 200
> 12532 1248 102 -28 24 1
> 8024 7203 112 222 89 2
> 7224 7087 752 10 27 3
> 1714 9272 377 230 9 1
! 32422 3339 0 sims=463022 RUNNER
! 8373 27200 SHIELD sims=463022 BLOCKER
> 12532 1248 102 -28 24 1
> 8024 7203 112 222 89 2
> 7224 7087 752 10 27 3
> 1714 9272 377 230 9 1
! 96324 52486 SHIELD
! 100482 24915 0
> 12634 1220 86 -23 6 1
> 8722 7513 600 264 89 2
> 7390 7009 133 -67 27 3
> 2091 9502 320 195 9 1
! 30905 9355 0 sims=435050 RUNNER
! 2875 26639 0 sims=435050 BLOCKER
> 12634 1220 86 -23 6 1
> 8722 7513 600 264 89 2
> 7390 7009 133 -67 27 3
> 2091 9502 320 195 9 1
! 106158 22652 0
! 100859 -6141 200
> 12720 1197 73 -19 24 1
> 9322 7777 510 224 107 2
> 7523 6942 113 -56 9 3
> 2609 9666 439 139 -9 1
! 32610 3288 0 sims=371847 RUNNER
! -2150 24160 0 sims=371847 BLOCKER
> 12720 1197 73 -19 24 1
> 9322 7777 510 224 107 2
> 7523 6942 113 -56 9 3
> 2609 9666 439 139 -9 1
! 96623 52341 0
! 91709 -35733 200
> 12793 1178 62 -16 6 1
> 9832 8001 433 190 125 2
> 7636 6886 96 -47 27 3
> 3226 9714 524 40 -27 1
! 32683 3269 200 sims=428673 RUNNER
! -6141 20037 0 sims=428673 BLOCKER
> 12793 1178 62 -16 6 1
> 9832 8001 433 190 125 2
> 7636 6886 96 -47 27 3
> 3226 9714 524 40 -27 1
! 106404 22529 0
! 101994 -5929 0
> 13054 1183 221 4 6 1
> 10265 8191 368 161 143 2
> 7732 6839 81 -39 9 3
> 3750 9754 445 34 -9 1
! 31325 9318 0 sims=409647 RUNNER
! -8645 14702 200 sims=409647 BLOCKER
> 13054 1183 221 4 6 1
> 10265 8191 368 161 143 2
> 7732 6839 81 -39 9 3
> 3750 9754 445 34 -9 1
! 106500 22482 200
! 92850 -35645 200
> 13275 1187 187 3 24 1
> 10444 8417 152 192 161 2
> 8011 6831 236 -6 9 3
> 4373 9697 529 -48 -27 1
! 28138 14570 200 sims=414029 RUNNER
! -9553 8766 200 sims=414029 BLOCKER
> 13275 1187 187 3 24 1
> 10444 8417 152 192 161 2
> 8011 6831 236 -6 9 3
> 4373 9697 529 -48 -27 1
! 106779 22474 200
! 75083 -61013 200
> 13611 1324 285 116 42 1
> 10396 8612 -40 166 179 2
> 8445 6856 368 21 9 3
> 5043 9508 569 -161 -45 1
! 23611 18645 0 sims=410179 RUNNER
! -8730 2765 200 sims=410179 BLOCKER
> 13611 1324 285 116 42 1
> 10396 8612 -40 166 179 2
> 8445 6856 368 21 9 3
> 5043 9508 569 -161 -45 1
! 107213 -8787 200
! 75753 -61202 200
> 13896 1440 242 98 60 1
> 10165 8720 -196 91 -163 2
> 9011 6846 480 -8 -9 0
> 5753 9206 603 -257 -45 1
! 18054 21003 200 sims=396221 RUNNER
! -6218 -2752 200 sims=396221 BLOCKER
> 13896 1440 242 98 60 1
> 10165 8720 -196 91 -163 2
> 9011 6846 480 -8 -9 0
> 5753 9206 603 -257 -45 1
! 98111 -38553 0
! 94853 -36193 200
> 14180 1734 241 249 78 2
> 9805 8696 -305 -20 -145 2
> 9491 6838 408 -6 -27 0
> 6534 8858 664 -295 -27 1
! 12089 21624 200 sims=326410 RUNNER
! -2231 -7277 200 sims=326410 BLOCKER
> 14180 1734 241 249 78 2
> 9805 8696 -305 -20 -145 2
> 9491 6838 408 -6 -27 0
> 6534 8858 664 -295 -27 1
! 80201 -63872 0
! 105302 -6785 200
> 14400 2182 187 380 96 2
> 9380 8516 -361 -152 -127 2
> 9899 6832 346 -5 -45 0
> 7396 8532 732 -277 -9 1
! 6265 20453 200 sims=323064 RUNNER
! -2656 -7457 200 sims=323064 BLOCKER
> 14400 2182 187 380 96 2
> 9380 8516 -361 -152 -127 2
> 9899 6832 346 -5 -45 0
> 7396 8532 732 -277 -9 1
! 55297 -82268 0
! 106164 24175 0
> 14506 2745 89 478 114 2
> 8926 8203 616 -329 -127 2
> 10245 6827 294 -4 -63 0
> 8100 8257 -403 -171 9 1
! 1123 17608 200 sims=425376 RUNNER
! -7457 -3269 200 sims=425376 BLOCKER
> 14506 2745 89 478 114 2
> 8926 8203 616 -329 -127 2
> 10245 6827 294 -4 -63 0
> 8100 8257 -403 -171 9 1
! 25888 -91941 0
! 106868 23900 0
> 14461 3372 -38 532 132 2
> 9378 7759 384 -377 -145 2
> 10539 6823 249 -3 -81 0
> 7697 8086 -342 -145 9 1
! -2860 13372 200 sims=364266 RUNNER
! -9748 1912 200 sims=364266 BLOCKER
> 14461 3372 -38 532 132 2
> 9378 7759 384 -377 -145 2
> 10539 6823 249 -3 -81 0
> 7697 8086 -342 -145 9 1
! -5104 -91945 0
! 106465 23729 0
> 14250 4004 -179 537 150 2
> 9571 7324 163 -370 -163 2
> 10788 6820 211 -2 -99 0
> 7355 7941 -290 -123 9 1
! -5313 8162 200 sims=309512 RUNNER
! -9555 1477 200 sims=309512 BLOCKER
> 14250 4004 -179 537 150 2
> 9571 7324 163 -370 -163 2
> 10788 6820 211 -2 -99 0
> 7355 7941 -290 -123 9 1
! -34611 -82280 200
! 106123 23584 0
> 13875 4583 -318 491 168 2
> 9543 6896 -24 -364 -163 2
> 10908 6640 102 -153 -117 0
> 7065 7818 -246 -104 9 1
! -5688 8741 200 sims=433433 RUNNER
! -9583 1049 200 sims=433433 BLOCKER
> 13875 4583 -318 491 168 2
> 9543 6896 -24 -364 -163 2
> 10908 6640 102 -153 -117 0
> 7065 7818 -246 -104 9 1
! -59802 -64070 0
! 105833 -7825 0
> 13361 5116 -436 452 168 2
> 9328 6474 -182 -359 -163 2
> 11010 6487 86 -130 -135 0
> 6819 7714 -209 -88 -9 1
! -6529 3025 200 sims=422947 RUNNER
! -10669 6823 0 sims=422947 BLOCKER
> 13361 5116 -436 452 168 2
> 9328 6474 -182 -359 -163 2
> 11010 6487 86 -130 -135 0
> 6819 7714 -209 -88 -9 1
! -78090 -38911 200
! 105587 23357 0
> 12726 5547 -539 366 186 2
> 9146 6115 -154 -305 179 2
> 10918 6266 -78 -187 -153 0
> 6610 7626 -177 -74 9 1
! -6837 9705 200 sims=398986 RUNNER
! -9764 12626 0 sims=398986 BLOCKER
> 12726 5547 -539 366 186 2
> 9146 6115 -154 -305 179 2
> 10918 6266 -78 -187 -153 0
> 6610 7626 -177 -74 9 1
! -87850 -9377 200
! 105378 -8017 200
> 11991 5955 -624 346 168 2
> 8992 5810 -130 -259 161 2
> 10642 6048 -234 -185 -171 0
> 6631 7521 17 -89 -9 1
! -5330 15955 200 sims=385490 RUNNER
! -11005 6159 0 sims=385490 BLOCKER
> 11991 5955 -624 346 168 2
> 8992 5810 -130 -259 161 2
> 10642 6048 -234 -185 -171 0
> 6631 7521 17 -89 -9 1
! -78458 -39350 200
! 105399 23164 0
> 11194 6401 -677 379 150 2
> 8862 5551 -110 -220 179 2
> 10230 5772 -350 -234 -153 0
> 6648 7432 14 -75 9 1
! -2189 21264 200 sims=369236 RUNNER
! -10264 -296 0 sims=369236 BLOCKER
> 11194 6401 -677 379 150 2
> 8862 5551 -110 -220 179 2
> 10230 5772 -350 -234 -153 0
> 6648 7432 14 -75 9 1
! -88538 -9871 0
! 95748 52831 200
> 10383 6929 -689 448 132 2
> 8752 5331 -93 -187 -163 2
> 9880 5538 -297 -198 -171 0
> 6840 7448 163 13 27 1
! 2248 25200 200 sims=388815 RUNNER
! -11245 5680 0 sims=388815 BLOCKER
> 10383 6929 -689 448 132 2
> 8752 5331 -93 -187 -163 2
> 9880 5538 -297 -198 -171 0
> 6840 7448 163 13 27 1
! -88888 -10105 200
! 77550 78158 200
> 9613 7560 -654 536 114 2
> 8605 5132 -412 -231 179 2
> 9439 5320 -87 -122 -171 0
> 7144 7602 258 131 45 1
! 7522 27450 200 sims=394149 RUNNER
! -10305 11643 0 sims=394149 BLOCKER
> 9613 7560 -654 536 114 2
> 8605 5132 -412 -231 179 2
> 9439 5320 -87 -122 -171 0
> 7144 7602 258 131 45 1
! -89329 -10323 200
! 52543 96702 200
> 8938 8295 -573 624 96 2
> 8193 4901 -350 -196 161 2
> 9154 5167 -241 -130 -171 0
> 7493 7911 296 262 63 1
! 803 26566 200 sims=313005 RUNNER
! -7780 16937 0 sims=313005 BLOCKER
> 8938 8295 -573 624 96 2
> 8193 4901 -350 -196 161 2
> 9154 5167 -241 -130 -171 0
> 7493 7911 296 262 63 1
! -89614 -10476 200
! 23136 106679 200
> 8284 9102 -556 685 114 2
> 7843 4705 -297 -166 143 2
> 8715 5006 -372 -137 -171 0
> 7820 8371 278 390 81 1
! -5099 23965 200 sims=255850 RUNNER
! -3629 21088 0 sims=255850 BLOCKER
> 8284 9102 -556 685 114 2
> 7843 4705 -297 -166 143 2
> 8715 5006 -372 -137 -171 0
> 7820 8371 278 390 81 1
! -80385 -40392 200
! -7823 107139 200
> 7594 9936 -586 708 132 2
> 7417 4493 -459 -215 125 2
> 8293 4825 -260 -118 -153 0
> 8067 8959 209 499 99 1
! -9727 19936 0 sims=389494 RUNNER
! 1570 23619 0 sims=389494 BLOCKER
> 7594 9936 -586 708 132 2
> 7417 4493 -459 -215 125 2
> 8293 4825 -260 -118 -153 0
> 8067 8959 209 499 99 1
! -90475 -10818 200
! -37332 98059 0
> 7008 10644 -498 601 150 2
> 6958 4278 -390 -182 107 2
> 7835 4676 -388 -126 -171 0
> 8276 9458 177 424 117 1
! -12555 14802 0 sims=334278 RUNNER
! 7307 24275 0 sims=334278 BLOCKER
> 7008 10644 -498 601 150 2
> 6958 4278 -390 -182 107 2
> 7835 4676 -388 -126 -171 0
> 8276 9458 177 424 117 1
! -90933 -10967 200
! -62434 80168 0
> 6510 11245 -423 510 168 2
> 6568 4096 -331 -154 89 2
> 7249 4519 -497 -133 -171 0
> 8453 9882 150 360 135 1
! -13380 9154 0 sims=385924 RUNNER
! 6917 24093 SHIELD sims=385924 BLOCKER
> 6510 11245 -423 510 168 2
> 6568 4096 -331 -154 89 2
> 7249 4519 -497 -133 -171 0
> 8453 9882 150 360 135 1
! -81851 -40879 SHIELD
! -80647 55281 200
> 6087 11755 -359 433 186 2
> 6128 3874 -374 -189 89 2
> 6861 4454 -328 -54 -153 0
> 8425 10333 -23 383 153 1
! -12184 3620 200 sims=427805 RUNNER
! 12639 22784 0 sims=427805 BLOCKER
> 6087 11755 -359 433 186 2
> 6128 3874 -374 -189 89 2
> 6861 4454 -328 -54 -153 0
> 8425 10333 -23 383 153 1
! -63849 -66256 0
! -90343 25976 200
> 5545 12107 -460 298 -156 2
> 5754 3685 -317 -160 71 2
> 6533 4400 -278 -45 -135 1
> 8204 10747 -187 352 171 1
! -9318 -1276 200 sims=426608 RUNNER
! 17790 19658 0 sims=426608 BLOCKER
> 5545 12107 -460 298 -156 2
> 5754 3685 -317 -160 71 2
> 6533 4400 -278 -45 -135 1
> 8204 10747 -187 352 171 1
! -38866 -84700 0
! -90564 -4896 200
> 4936 12271 -517 139 -138 2
> 5437 3525 -269 -136 53 2
> 6255 4355 -236 -38 -117 1
> 7819 11068 -326 272 -171 1
! -5064 -5050 200 sims=402192 RUNNER
! 21820 14997 0 sims=402192 BLOCKER
> 4936 12271 -517 139 -138 2
> 5437 3525 -269 -136 53 2
> 6255 4355 -236 -38 -117 1
> 7819 11068 -326 272 -171 1
! -9388 -94413 0
! -81281 -34330 200
> 4319 12237 -524 -29 -120 2
> 5168 3389 -228 -115 35 2
> 6019 4317 -200 -32 -99 1
> 7315 11249 -428 154 -153 1
! 161 -7326 200 sims=381367 RUNNER
! 24294 9236 200 sims=381367 BLOCKER
> 4319 12237 -524 -29 -120 2
> 5168 3389 -228 -115 35 2
> 6019 4317 -200 -32 -99 1
> 7315 11249 -428 154 -153 1
! 21662 -94451 200
! -63395 -59461 200
> 3753 12012 -480 -190 -102 2
> 5131 3332 -31 -48 17 2
> 5850 4087 -143 -195 -81 1
> 6746 11262 -484 10 -135 1
! 5844 -7878 200 sims=412601 RUNNER
! 25128 2983 200 sims=412601 BLOCKER
> 3753 12012 -480 -190 -102 2
> 5131 3332 -31 -48 17 2
> 5850 4087 -143 -195 -81 1
> 6746 11262 -484 10 -135 1
! 51248 -85013 200
! -38653 -77838 200
> 3294 11623 -390 -330 -84 2
> 5198 3183 -91 -267 -1 2
> 5900 3811 190 -93 -63 1
> 6171 11094 -488 -142 -117 1
! 11429 -6648 200 sims=426041 RUNNER
! 25195 2834 200 sims=426041 BLOCKER
> 3294 11623 -390 -330 -84 2
> 5198 3183 -91 -267 -1 2
> 5900 3811 190 -93 -63 1
> 6171 11094 -488 -142 -117 1
! 76610 -66899 200
! -39228 -78006 200
> 2985 11110 -262 -435 -66 2
> 5307 2913 92 -229 -1 2
> 6231 3577 281 -199 -45 1
> 5592 10774 -491 -272 -117 1
! 11120 -7161 200 sims=447965 RUNNER
! 25304 2564 200 sims=447965 BLOCKER
> 2985 11110 -262 -435 -66 2
> 5307 2913 92 -229 -1 2
> 6231 3577 281 -199 -45 1
> 5592 10774 -491 -272 -117 1
! 95331 -41822 200
! -65118 -59936 200
> 2804 10492 -153 -525 -66 2
> 5599 2681 248 -197 -1 2
> 6690 3287 390 -246 -27 1
> 4960 10361 -537 -351 -135 1
! 16187 -4371 0 sims=436065 RUNNER
! 25596 2332 200 sims=436065 BLOCKER
> 2804 10492 -153 -525 -66 2
> 5599 2681 248 -197 -1 2
> 6690 3287 390 -246 -27 1
> 4960 10361 -537 -351 -135 1
! 105458 -12356 200
! -65750 -60349 200
> 2651 9967 -130 -446 -48 2
> 6047 2481 380 -170 -1 2
> 7278 3010 499 -235 -9 1
> 4282 9869 -576 -418 -135 1
! 19972 -33 0 sims=415254 RUNNER
! 26044 2132 200 sims=415254 BLOCKER
> 2651 9967 -130 -446 -48 2
> 6047 2481 380 -170 -1 2
> 7278 3010 499 -235 -9 1
> 4282 9869 -576 -418 -135 1
! 106046 -12633 200
! -84818 -35529 0
> 2521 9521 -110 -379 -30 2
> 6627 2308 492 -147 -1 2
> 7975 2744 592 -226 -9 1
> 3706 9451 -489 -355 -153 1
! 22084 5363 200 sims=422667 RUNNER
! 25753 8155 0 sims=422667 BLOCKER
> 2521 9521 -110 -379 -30 2
> 6627 2308 492 -147 -1 2
> 7975 2744 592 -226 -9 1
> 3706 9451 -489 -355 -153 1
! 106743 -12899 200
! -95062 -6192 0
> 2417 9107 -416 -341 -12 2
> 7119 2161 418 -124 17 2
> 8765 2487 671 -218 -9 1
> 3407 9090 74 -317 -171 1
! 21980 4949 200 sims=395535 RUNNER
! 23502 13633 0 sims=395535 BLOCKER
> 2417 9107 -416 -341 -12 2
> 7119 2161 418 -124 17 2
> 8765 2487 671 -218 -9 1
> 3407 9090 74 -317 -171 1
! 107533 -13156 200
! -95361 -6553 200
> 2197 8724 -187 -325 -12 2
> 7537 2037 355 -105 35 2
> 9634 2238 738 -211 -9 1
> 3283 8742 -105 -296 -171 1
! 22087 10815 200 sims=383999 RUNNER
! 19573 18010 0 sims=383999 BLOCKER
> 2197 8724 -187 -325 -12 2
> 7537 2037 355 -105 35 2
> 9634 2238 738 -211 -9 1
> 3283 8742 -105 -296 -171 1
! 108402 -13405 200
! -95485 -6901 200
> 2180 8420 -257 -257 6 2
> 7892 1932 301 -89 53 2
> 10570 1996 795 -205 -9 1
> 3009 8415 10 -279 -171 1
! 22070 10511 200 sims=368487 RUNNER
! 14403 20842 200 sims=368487 BLOCKER
> 2180 8420 -257 -257 6 2
> 7892 1932 301 -89 53 2
> 10570 1996 795 -205 -9 1
> 3009 8415 10 -279 -171 1
! 109338 17639 200
! -95759 24058 200
> 1979 8185 -206 -199 6 2
> 8258 2032 311 85 71 2
> 11563 1822 843 -147 9 1
> 2965 8166 -2 -212 171 1
! 21869 10276 200 sims=369978 RUNNER
! 8607 22029 200 sims=369978 BLOCKER
> 1979 8185 -206 -199 6 2
> 8258 2032 311 85 71 2
> 11563 1822 843 -147 9 1
> 2965 8166 -2 -212 171 1
! 100663 47221 200
! -95803 23809 200
> 1965 8007 -189 -146 6 2
> 8572 2317 267 242 89 2
> 12584 1766 868 -47 27 1
> 2772 7985 14 -158 171 1
! 21528 3849 200 sims=379288 RUNNER
! 2725 21443 200 sims=379288 BLOCKER
> 1965 8007 -189 -146 6 2
> 8572 2317 267 242 89 2
> 12584 1766 868 -47 27 1
> 2772 7985 14 -158 171 1
! 83294 72476 0
! -95996 23628 0
> 1972 7819 5 -159 -12 2
> 8781 2750 177 368 107 2
> 13452 1719 737 -39 45 1
> 2786 7827 11 -134 171 1
! 21862 9910 200 sims=301560 RUNNER
! -2691 19133 200 sims=301560 BLOCKER
> 1972 7819 5 -159 -12 2
> 8781 2750 177 368 107 2
> 13452 1719 737 -39 45 1
> 2786 7827 11 -134 171 1
! 84162 72429 200
! -95982 -7816 200
> 1799 7678 -158 -120 6 2
> 8843 3282 52 452 125 2
> 14330 1821 746 87 45 2
> 2976 7665 173 -137 -171 1
! 21362 3520 200 sims=407925 RUNNER
! -7130 15318 200 sims=407925 BLOCKER
> 1799 7678 -158 -120 6 2
> 8843 3282 52 452 125 2
> 14330 1821 746 87 45 2
> 2976 7665 173 -137 -171 1
! 59729 90921 0
! -95792 23308 200
> 1837 7516 31 -137 -12 2
> 8735 3854 -91 486 143 2
> 15076 1908 634 73 63 2
> 2951 7559 -20 -89 171 1
! 21727 9607 200 sims=328307 RUNNER
! -10175 10365 200 sims=328307 BLOCKER
> 1837 7516 31 -137 -12 2
> 8735 3854 -91 486 143 2
> 15076 1908 634 73 63 2
> 2951 7559 -20 -89 171 1
! 30719 100676 0
! -95817 -8084 200
> 1935 7393 -184 -117 6 2
> 8455 4405 -238 468 161 2
> 15710 1981 538 62 81 2
> 2866 7445 194 -83 -171 1
! 21825 9484 200 sims=389529 RUNNER
! -10455 10916 200 sims=389529 BLOCKER
> 1935 7393 -184 -117 6 2
> 8455 4405 -238 468 161 2
> 15710 1981 538 62 81 2
> 2866 7445 194 -83 -171 1
! 66 100749 200
! -95902 -8198 200
> 1950 7297 12 -81 6 2
> 8028 4938 -363 453 161 2
> 16217 2241 430 220 99 2
> 2862 7331 -3 -97 -171 1
! 21840 9388 200 sims=325136 RUNNER
! -11969 5287 0 sims=325136 BLOCKER
> 1950 7297 12 -81 6 2
> 8028 4938 -363 453 161 2
> 16217 2241 430 220 99 2
> 2862 7331 -3 -97 -171 1
! -29182 91341 200
! -95906 22974 200
> 1862 7225 -170 -65 6 2
> 7665 5391 -308 385 179 2
> 16556 2639 288 338 117 2
> 2960 7277 178 -41 171 1
! 21752 9316 200 sims=394387 RUNNER
! -12332 5740 200 sims=394387 BLOCKER
> 1862 7225 -170 -65 6 2
> 7665 5391 -308 385 179 2
> 16556 2639 288 338 117 2
> 2960 7277 178 -41 171 1
! -54154 73349 200
! -95808 -8366 200
> 1891 7181 24 -37 6 2
> 7157 5779 -431 330 179 2
> 16703 3118 124 407 135 2
> 2940 7205 -16 -61 -171 1
! 21781 9272 200 sims=334845 RUNNER
! -11753 12290 0 sims=334845 BLOCKER
> 1891 7181 24 -37 6 2
> 7157 5779 -431 330 179 2
> 16703 3118 124 407 135 2
> 2940 7205 -16 -61 -171 1
! -72397 48517 200
! -95828 22848 200
> 1927 7161 -181 -21 6 2
> 6726 6109 -366 280 161 2
> 16649 3616 -46 423 153 2
> 2914 7179 189 -17 171 1
! 21817 9252 200 sims=363734 RUNNER
! -13271 6458 200 sims=363734 BLOCKER
> 1927 7161 -181 -21 6 2
> 6726 6109 -366 280 161 2
> 16649 3616 -46 423 153 2
> 2914 7179 189 -17 171 1
! -82119 19259 200
! -95854 22822 200
> 1945 7161 15 0 6 2
> 6160 6392 -481 240 179 2
> 16405 4070 -207 386 171 2
> 2905 7193 -7 12 171 1
! 21835 9252 200 sims=368858 RUNNER
! -12966 545 0 sims=368858 BLOCKER
> 1945 7161 15 0 6 2
> 6160 6392 -481 240 179 2
> 16405 4070 -207 386 171 2
> 2905 7193 -7 12 171 1
! -82363 19713 200
! -95863 -8450 200
> 1900 7177 -174 10 6 2
> 5679 6632 -408 204 -163 2
> 16000 4487 -343 354 171 2
> 2959 7179 182 -8 -171 1
! 21463 3019 200 sims=345457 RUNNER
! -13447 785 200 sims=345457 BLOCKER
> 1900 7177 -174 10 6 2
> 5679 6632 -408 204 -163 2
> 16000 4487 -343 354 171 2
> 2959 7179 182 -8 -171 1
! -82768 20130 200
! -95809 22822 200
> 1922 7145 18 -26 -12 2
> 5080 6778 -509 123 -163 2
> 15459 4872 -459 327 171 2
> 2943 7202 -13 19 171 1
! 21485 2987 200 sims=355306 RUNNER
! -14917 7127 0 sims=355306 BLOCKER
> 1922 7145 18 -26 -12 2
> 5080 6778 -509 123 -163 2
> 15459 4872 -459 327 171 2
> 2943 7202 -13 19 171 1
! -73641 50271 200
! -95825 -8441 200
> 1942 7056 -169 -95 -12 2
> 4571 6901 -432 104 179 2
> 14822 5290 -541 355 153 2
> 2926 7211 172 27 -171 1
! 21832 9147 200 sims=400708 RUNNER
! -14339 13412 200 sims=400708 BLOCKER
> 1942 7056 -169 -95 -12 2
> 4571 6901 -432 104 179 2
> 14822 5290 -541 355 153 2
> 2926 7211 172 27 -171 1
! -83946 20933 200
! -86174 -38187 200
> 1972 6982 25 -62 6 2
> 3950 7070 -527 143 161 3
> 14083 5676 -627 328 171 2
> 2920 7147 -5 -54 -153 1
! 20243 15117 200 sims=359583 RUNNER
! -16047 7419 0 sims=359583 BLOCKER
> 1972 6982 25 -62 6 2
> 3950 7070 -527 143 161 3
> 14083 5676 -627 328 171 2
> 2920 7147 -5 -54 -153 1
! -84685 21319 200
! -95848 -8496 200
> 1840 6947 -434 -81 24 2
> 3769 7228 174 148 179 3
> 13258 6035 -700 305 171 2
> 2711 7101 -183 -1 -171 1
! 21730 9038 200 sims=379778 RUNNER
! -15357 1381 200 sims=379778 BLOCKER
> 1840 6947 -434 -81 24 2
> 3769 7228 174 148 179 3
> 13258 6035 -700 305 171 2
> 2711 7101 -183 -1 -171 1
! -85510 -9608 200
! -96057 22744 0
> 1605 6887 -199 -51 6 2
> 3752 7318 -14 76 -163 3
> 12360 6309 -762 232 -171 2
> 2528 7100 -155 0 171 1
! 21168 2729 200 sims=392756 RUNNER
! -12631 -4154 0 sims=392756 BLOCKER
> 1605 6887 -199 -51 6 2
> 3752 7318 -14 76 -163 3
> 12360 6309 -762 232 -171 2
> 2528 7100 -155 0 171 1
! -76740 -39089 200
! -96240 -8543 0
> 1602 6794 -2 -78 -12 2
> 3738 7394 -11 64 -145 3
> 11420 6450 -799 120 -153 2
> 2373 7100 -131 0 -171 1
! 21492 8885 200 sims=326991 RUNNER
! -8298 -8579 0 sims=326991 BLOCKER
> 1602 6794 -2 -78 -12 2
> 3738 7394 -11 64 -145 3
> 11420 6450 -799 120 -153 2
> 2373 7100 -131 0 -171 1
! -87348 -9193 200
! -86727 -38298 200
> 1381 6565 -210 -203 6 2
> 3727 7458 -9 54 -127 3
> 10423 6539 -847 75 -171 2
> 2481 7181 115 78 -153 1
! 21271 8656 200 sims=358379 RUNNER
! -2784 -11452 0 sims=358379 BLOCKER
> 1381 6565 -210 -203 6 2
> 3727 7458 -9 54 -127 3
> 10423 6539 -847 75 -171 2
> 2481 7181 115 78 -153 1
! -88345 22182 200
! -68229 -63529 200
> 1370 6383 -9 -154 6 2
> 3718 7512 -7 45 -109 3
> 9378 6645 -887 90 171 2
> 2455 7118 -22 -53 -135 1
! 19641 14518 0 sims=358561 RUNNER
! 3369 -12485 0 sims=358561 BLOCKER
> 1370 6383 -9 -154 6 2
> 3718 7512 -7 45 -109 3
> 9378 6645 -887 90 171 2
> 2455 7118 -22 -53 -135 1
! -89390 22288 200
! -42944 -81982 200
> 1361 6229 -7 -130 24 2
> 3711 7557 -5 38 -91 3
> 8293 6766 -921 103 171 2
> 2342 6887 -95 -196 -117 1
! 16224 19612 200 sims=354585 RUNNER
! 9558 -11569 0 sims=354585 BLOCKER
> 1361 6229 -7 -130 24 2
> 3711 7557 -5 38 -91 3
> 8293 6766 -921 103 171 2
> 2342 6887 -95 -196 -117 1
! -80807 52165 200
! -68368 -63823 0
> 1503 6233 120 3 42 2
> 3706 7595 -4 32 -73 3
> 7194 6960 -934 164 153 2
> 2247 6691 -80 -166 -135 1
! 16366 19616 SHIELD sims=335377 RUNNER
! 15178 -8788 200 sims=335377 BLOCKER
> 1503 6233 120 3 42 2
> 3706 7595 -4 32 -73 3
> 7194 6960 -934 164 153 2
> 2247 6691 -80 -166 -135 1
! -91574 22603 0
! -86853 -38707 200
> 1563 6200 41 -34 42 2
> 3817 7463 94 -112 -55 3
> 6260 7124 -793 139 171 2
> 2586 6798 385 150 -153 1
! 19834 14335 0 sims=330526 RUNNER
! 19790 -4573 0 sims=330526 BLOCKER
> 1563 6200 41 -34 42 2
> 3817 7463 94 -112 -55 3
> 6260 7124 -793 139 171 2
> 2586 6798 385 150 -153 1
! -92508 -8519 200
! -86514 -38600 200
> 1604 6166 34 -28 24 2
> 3911 7351 79 -95 -37 3
> 5269 7232 -841 91 -171 2
> 2793 6857 175 50 -153 1
! 19875 14301 0 sims=354074 RUNNER
! 19884 -4685 SHIELD sims=354074 BLOCKER
> 1604 6166 34 -28 24 2
> 3911 7351 79 -95 -37 3
> 5269 7232 -841 91 -171 2
> 2793 6857 175 50 -153 1
! -83831 -38166 SHIELD
! -86307 -38541 200
> 1638 6138 28 -23 24 2
> 3627 7259 -716 -74 -37 3
> 4791 7320 68 71 -153 2
> 2790 6816 -2 -34 -153 1
! 16501 19521 0 sims=319753 RUNNER
! 22537 748 0 sims=319753 BLOCKER
> 1638 6138 28 -23 24 2
> 3627 7259 -716 -74 -37 3
> 4791 7320 68 71 -153 2
> 2790 6816 -2 -34 -153 1
! -93977 -8323 200
! -86310 -38582 200
> 1666 6115 23 -19 42 2
> 3131 7340 -324 137 -19 3
> 4859 7391 57 60 -171 2
> 2389 6536 -437 -306 -153 1
! 19937 14250 0 sims=353416 RUNNER
! 23128 6991 0 sims=353416 BLOCKER
> 1666 6115 23 -19 42 2
> 3131 7340 -324 137 -19 3
> 4859 7391 57 60 -171 2
> 2389 6536 -437 -306 -153 1
! -84241 -38007 0
! -86711 -38862 200
> 1080 5741 -525 -333 24 2
> 2807 7477 -275 116 -1 3
> 4916 7451 48 51 -153 2
> 2383 6494 21 -20 -153 1
! 20970 7832 200 sims=364077 RUNNER
! 21933 13324 0 sims=364077 BLOCKER
> 1080 5741 -525 -333 24 2
> 2807 7477 -275 116 -1 3
> 4916 7451 48 51 -153 2
> 2383 6494 21 -20 -153 1
! -93852 -8192 0
! -86717 -38904 0
> 754 5429 -277 -265 6 2
> 2532 7593 -233 98 17 3
> 4964 7502 40 43 -171 2
> 2404 6474 17 -17 -153 1
! 20317 1271 200 sims=358358 RUNNER
! 21658 13440 200 sims=358358 BLOCKER
> 754 5429 -277 -265 6 2
> 2532 7593 -233 98 17 3
> 4964 7502 40 43 -171 2
> 2404 6474 17 -17 -153 1
! -93804 -8141 200
! -68306 -64236 0
> 673 5122 -69 -260 -12 2
> 2490 7749 -35 133 17 3
> 4806 7514 -133 9 -171 2
> 2421 6457 14 -14 -135 1
! 20563 7213 200 sims=385756 RUNNER
! 18873 19221 200 sims=385756 BLOCKER
> 673 5122 -69 -260 -12 2
> 2490 7749 -35 133 17 3
> 4806 7514 -133 9 -171 2
> 2421 6457 14 -14 -135 1
! -93962 -8129 200
! -42978 -82643 0
> 803 4883 110 -203 6 2
> 2619 7997 109 210 35 3
> 4475 7492 -280 -18 -171 2
> 2435 6443 11 -11 -117 1
! 20693 6974 200 sims=400372 RUNNER
! 21745 13844 200 sims=400372 BLOCKER
> 803 4883 110 -203 6 2
> 2619 7997 109 210 35 3
> 4475 7492 -280 -18 -171 2
> 2435 6443 11 -11 -117 1
! -84625 -37906 200
! -13208 -92325 0
> 1112 4701 262 -154 6 2
> 2919 8265 255 228 17 3
> 4017 7383 -389 -92 -153 3
> 2446 6432 9 -9 -99 1
! 19383 12836 200 sims=382053 RUNNER
! 22916 7916 200 sims=382053 BLOCKER
> 1112 4701 262 -154 6 2
> 2919 8265 255 228 17 3
> 4017 7383 -389 -92 -153 3
> 2446 6432 9 -9 -99 1
! -66693 -63327 0
! 18089 -92336 200
> 1557 4628 378 -61 24 2
> 3374 8490 386 190 -1 3
> 3628 7291 -330 -78 -135 3
> 2486 6225 34 -175 -81 1
! 16420 18011 0 sims=371910 RUNNER
! 22284 1979 200 sims=371910 BLOCKER
> 1557 4628 378 -61 24 2
> 3374 8490 386 190 -1 3
> 3628 7291 -330 -78 -135 3
> 2486 6225 34 -175 -81 1
! -41771 -81809 0
! 47884 -82875 200
> 1935 4567 321 -51 42 2
> 3949 8615 488 106 -19 3
> 3298 7213 -280 -66 -117 3
> 2611 5872 106 -300 -63 1
! 11935 21888 0 sims=363783 RUNNER
! 19922 -3421 200 sims=363783 BLOCKER
> 1935 4567 321 -51 42 2
> 3949 8615 488 106 -19 3
> 3298 7213 -280 -66 -117 3
> 2611 5872 106 -300 -63 1
! -12345 -91555 0
! 48009 -83228 SHIELD
> 2256 4516 272 -43 60 2
> 4597 8601 550 -12 -37 3
> 3018 7147 -238 -56 -99 3
> 2717 5572 90 -255 -63 1
! 6414 24079 200 sims=368893 RUNNER
! 23507 2090 0 sims=368893 BLOCKER
> 2256 4516 272 -43 60 2
> 4597 8601 550 -12 -37 3
> 3018 7147 -238 -56 -99 3
> 2717 5572 90 -255 -63 1
! 18661 -91621 0
! 18360 -93196 0
> 2530 4566 124 -235 78 2
> 5147 8589 467 -10 -19 3
> 2780 7091 -202 -47 -81 3
> 2847 5419 218 148 -81 1
! 12530 21887 200 sims=365344 RUNNER
! 21120 -3447 0 sims=365344 BLOCKER
> 2530 4566 124 -235 78 2
> 5147 8589 467 -10 -19 3
> 2780 7091 -202 -47 -81 3
> 2847 5419 218 148 -81 1
! 48178 -82009 0
! -12796 -93349 0
> 2754 4504 190 -52 60 2
> 5614 8579 396 -8 -37 3
> 2578 7044 -171 -39 -63 3
> 3065 5567 185 125 -99 1
! 6912 24067 0 sims=357357 RUNNER
! 24524 2068 0 sims=357357 BLOCKER
> 2754 4504 190 -52 60 2
> 5614 8579 396 -8 -37 3
> 2578 7044 -171 -39 -63 3
> 3065 5567 185 125 -99 1
! 73288 -63666 0
! -12578 -93201 0
> 2944 4452 161 -44 78 2
> 6010 8571 336 -6 -19 3
> 2407 7005 -145 -33 -45 3
> 3250 5692 157 106 -99 1
! 853 24342 0 sims=346367 RUNNER
! 21983 -3465 0 sims=346367 BLOCKER
> 2944 4452 161 -44 78 2
> 6010 8571 336 -6 -19 3
> 2407 7005 -145 -33 -45 3
> 3250 5692 157 106 -99 1
! 91507 -38394 0
! -12393 -93076 0
> 3105 4408 136 -37 96 2
> 6346 8565 285 -5 -37 3
> 2262 6972 -123 -28 -27 3
> 3407 5798 133 90 -99 1
! 1014 24298 200 sims=379631 RUNNER
! 17818 -7818 0 sims=379631 BLOCKER
> 3105 4408 136 -37 96 2
> 6346 8565 285 -5 -37 3
> 2262 6972 -123 -28 -27 3
> 3407 5798 133 90 -99 1
! 101030 -8671 200
! -41992 -83302 0
> 3220 4570 97 137 96 2
> 6631 8560 242 -4 -55 3
> 2337 6913 63 -50 -9 3
> 3540 5888 113 76 -117 1
! 1129 24460 200 sims=385329 RUNNER
! 22604 -3476 0 sims=385329 BLOCKER
> 3220 4570 97 137 96 2
> 6631 8560 242 -4 -55 3
> 2337 6913 63 -50 -9 3
> 3540 5888 113 76 -117 1
! 91437 -38486 0
! -41859 -83212 200
> 3296 4906 64 285 96 2
> 6873 8556 205 -3 -37 3
> 2400 6863 53 -42 -27 3
> 3562 5786 18 -86 -117 1
! 7454 24469 0 sims=343098 RUNNER
! 18345 -7827 0 sims=343098 BLOCKER
> 3296 4906 64 285 96 2
> 6873 8556 205 -3 -37 3
> 2400 6863 53 -42 -27 3
> 3562 5786 18 -86 -117 1
! 73110 -63847 0
! -67148 -64924 0
> 3282 4956 -43 -53 78 2
> 7078 8553 174 -2 -55 3
> 2453 6821 45 -35 -45 3
> 3658 5935 113 222 -135 1
! 7440 24519 200 sims=369320 RUNNER
! 23051 -3483 0 sims=369320 BLOCKER
> 3282 4956 -43 -53 78 2
> 7078 8553 174 -2 -55 3
> 2453 6821 45 -35 -45 3
> 3658 5935 113 222 -135 1
! 73163 -63889 0
! -67052 -64775 0
> 3281 5099 -1 121 78 2
> 7252 8551 147 -1 -37 3
> 2498 6786 38 -29 -45 3
> 3771 6157 96 188 -135 1
! 1190 24989 0 sims=345310 RUNNER
! 18724 -7832 0 sims=345310 BLOCKER
> 3281 5099 -1 121 78 2
> 7252 8551 147 -1 -37 3
> 2498 6786 38 -29 -45 3
> 3771 6157 96 188 -135 1
! 47896 -82314 0
! -66939 -64553 200
> 3280 5220 0 102 96 2
> 7399 8550 124 0 -55 3
> 2536 6757 32 -24 -63 3
> 3726 6204 -38 39 -135 1
! 7438 24783 0 sims=310268 RUNNER
! 23372 -3486 0 sims=310268 BLOCKER
> 3280 5220 0 102 96 2
> 7399 8550 124 0 -55 3
> 2536 6757 32 -24 -63 3
> 3726 6204 -38 39 -135 1
! 73246 -63953 0
! -66984 -64506 0
> 3280 5322 0 86 78 2
> 7523 8550 105 0 -37 3
> 2568 6733 27 -20 -45 3
> 3688 6243 -32 33 -135 1
! 1189 25212 0 sims=350385 RUNNER
! 18995 -7833 0 sims=350385 BLOCKER
> 3280 5322 0 86 78 2
> 7523 8550 105 0 -37 3
> 2568 6733 27 -20 -45 3
> 3688 6243 -32 33 -135 1
! 91668 -38666 0
! -41711 -82857 0
> 3280 5408 0 73 96 2
> 7628 8550 89 0 -55 3
> 2595 6713 22 -17 -27 3
> 3656 6276 -27 28 -117 1
! 1189 25298 200 sims=359107 RUNNER
! 23601 -3486 0 sims=359107 BLOCKER
> 3280 5408 0 73 96 2
> 7628 8550 89 0 -55 3
> 2595 6713 22 -17 -27 3
> 3656 6276 -27 28 -117 1
! 73305 -63997 0
! -67054 -64434 0
> 3222 5610 -108 58 96 2
> 7717 8550 75 0 -37 3
> 2617 6696 18 -14 -45 3
> 3666 6374 67 196 -135 1
! 1131 25500 200 sims=358785 RUNNER
! 19189 -7833 0 sims=358785 BLOCKER
> 3222 5610 -108 58 96 2
> 7717 8550 75 0 -37 3
> 2617 6696 18 -14 -45 3
> 3666 6374 67 196 -135 1
! 91717 -38703 0
! -67044 -64336 200
> 3049 5808 -203 92 96 2
> 7792 8550 63 0 -55 3
> 2635 6682 15 -11 -27 3
> 3636 6488 30 172 -135 1
! 7207 25371 0 sims=315343 RUNNER
! 23765 -3486 0 sims=315343 BLOCKER
> 3049 5808 -203 92 96 2
> 7792 8550 63 0 -55 3
> 2635 6682 15 -11 -27 3
> 3636 6488 30 172 -135 1
! 73345 -64028 200
! -67074 -64222 200
> 2903 5725 -82 -199 78 2
> 7855 8550 53 0 -37 3
> 2734 6705 42 148 -45 3
> 3525 6519 -94 25 -135 1
! 7061 25288 200 sims=362922 RUNNER
! 19327 -7833 0 sims=362922 BLOCKER
> 2903 5725 -82 -199 78 2
> 7855 8550 53 0 -37 3
> 2734 6705 42 148 -45 3
> 3525 6519 -94 25 -135 1
! 91834 -38694 0
! -85575 -38879 0
> 2863 5722 -34 -2 78 2
> 7908 8550 45 0 -55 3
> 2631 6891 -104 162 -27 3
> 3576 6506 60 -15 -153 1
! 12863 23043 200 sims=389781 RUNNER
! 23881 -3486 0 sims=389781 BLOCKER
> 2863 5722 -34 -2 78 2
> 7908 8550 45 0 -55 3
> 2631 6891 -104 162 -27 3
> 3576 6506 60 -15 -153 1
! 101399 -8752 0
! -85524 -38892 200
> 2881 5846 -140 -49 60 2
> 7953 8550 38 0 -37 3
> 2527 7053 -88 137 -9 3
> 3506 6448 95 105 -153 1
! 12881 23167 200 sims=397327 RUNNER
! 19425 -7833 0 sims=397327 BLOCKER
> 2881 5846 -140 -49 60 2
> 7953 8550 38 0 -37 3
> 2527 7053 -88 137 -9 3
> 3506 6448 95 105 -153 1
! 101295 22696 200
! -85594 -38950 200
> 2794 5928 -143 7 60 2
> 7991 8550 32 0 -55 3
> 2637 7221 93 143 9 3
> 3470 6504 38 109 -153 1
! 17657 19311 200 sims=390880 RUNNER
! 23964 -3486 0 sims=390880 BLOCKER
> 2794 5928 -143 7 60 2
> 7991 8550 32 0 -55 3
> 2637 7221 93 143 9 3
> 3470 6504 38 109 -153 1
! 91737 52620 200
! -85630 -38894 200
> 2712 5994 -134 0 42 2
> 8023 8550 27 0 -37 3
> 2908 7455 230 198 27 3
> 3418 6597 20 134 -153 1
! 17575 19377 200 sims=401212 RUNNER
! 19495 -7833 0 sims=401212 BLOCKER
> 2712 5994 -134 0 42 2
> 8023 8550 27 0 -37 3
> 2908 7455 230 198 27 3
> 3418 6597 20 134 -153 1
! 92008 52854 200
! -67292 -64113 200
> 2669 6081 -129 -4 42 2
> 8050 8550 22 0 -55 3
> 3316 7744 346 245 27 3
> 3354 6637 39 111 -135 1
! 17532 19464 200 sims=397838 RUNNER
! 24023 -3486 0 sims=397838 BLOCKER
> 2669 6081 -129 -4 42 2
> 8050 8550 22 0 -55 3
> 3316 7744 346 245 27 3
> 3354 6637 39 111 -135 1
! 102084 23387 200
! -85746 -38761 200
> 2593 6132 -125 -6 42 2
> 8072 8550 18 0 -37 3
> 3860 8020 462 234 9 3
> 3310 6736 23 134 -153 1
! 17456 19515 200 sims=384034 RUNNER
! 19544 -7833 0 sims=384034 BLOCKER
> 2593 6132 -125 -6 42 2
> 8072 8550 18 0 -37 3
> 3860 8020 462 234 9 3
> 3310 6736 23 134 -153 1
! 102628 -7623 200
! -67400 -63974 200
> 2567 6219 -122 -9 42 2
> 8090 8550 15 0 -55 3
> 4520 8223 560 172 -9 3
> 3242 6770 42 111 -135 1
! 17430 19602 200 sims=385315 RUNNER
! 13937 -10576 0 sims=385315 BLOCKER
> 2567 6219 -122 -9 42 2
> 8090 8550 15 0 -55 3
> 4520 8223 560 172 -9 3
> 3242 6770 42 111 -135 1
! 103288 -7420 200
! -67468 -63940 200
> 2485 6258 -122 -8 42 2
> 8105 8550 12 0 -73 3
> 5278 8364 643 119 -9 3
> 3251 6825 60 88 -135 1
! 17348 19641 200 sims=372547 RUNNER
! 7756 -11447 0 sims=372547 BLOCKER
> 2485 6258 -122 -8 42 2
> 8105 8550 12 0 -73 3
> 5278 8364 643 119 -9 3
> 3251 6825 60 88 -135 1
! 104046 -7279 200
! -85849 -38573 200
> 2475 6358 -126 0 42 2
> 8117 8550 10 0 -91 3
> 6119 8452 714 74 -9 3
> 3169 6848 49 104 -153 1
! 20746 14493 200 sims=374353 RUNNER
! 1606 -10360 200 sims=374353 BLOCKER
> 2475 6358 -126 0 42 2
> 8117 8550 10 0 -91 3
> 6119 8452 714 74 -9 3
> 3169 6848 49 104 -153 1
! 95219 -36947 200
! -85931 -38550 0
> 2532 6439 48 69 24 2
> 8062 8361 -46 -160 -109 3
> 7011 8435 758 -14 -27 3
> 3218 6952 41 88 -153 1
! 17395 19822 200 sims=412496 RUNNER
! 1551 -10549 SHIELD sims=412496 BLOCKER
> 2532 6439 48 69 24 2
> 8062 8361 -46 -160 -109 3
> 7011 8435 758 -14 -27 3
> 3218 6952 41 88 -153 1
! 96111 -36964 SHIELD
! -67492 -63758 200
> 2460 6443 -100 -25 42 2
> 8532 8122 610 -235 -109 3
> 7253 8500 -4 87 -27 3
> 3387 7098 181 152 -135 1
! 20731 14578 200 sims=402465 RUNNER
! -3504 -7851 0 sims=402465 BLOCKER
> 2460 6443 -100 -25 42 2
> 8532 8122 610 -235 -109 3
> 7253 8500 -4 87 -27 3
> 3387 7098 181 152 -135 1
! 96353 -36899 0
! -85713 -38300 200
> 2543 6499 70 47 24 2
> 9142 7887 518 -199 -127 3
> 7249 8587 -3 73 -27 3
> 3390 7159 2 52 -153 1
! 17406 19882 200 sims=404663 RUNNER
! -2894 -8086 0 sims=404663 BLOCKER
> 2543 6499 70 47 24 2
> 9142 7887 518 -199 -127 3
> 7249 8587 -3 73 -27 3
> 3390 7159 2 52 -153 1
! 77959 -62123 200
! -67320 -63551 200
> 2624 6572 -113 -82 42 2
> 9660 7688 440 -169 -127 0
> 7246 8660 -2 62 -45 3
> 3388 7178 180 159 -135 1
! 17487 19955 200 sims=422667 RUNNER
! -6723 -3784 0 sims=422667 BLOCKER
> 2624 6572 -113 -82 42 2
> 9660 7688 440 -169 -127 0
> 7246 8660 -2 62 -45 3
> 3388 7178 180 159 -135 1
! 77956 -62050 0
! -85712 -38220 200
> 2660 6624 30 44 42 2
> 10100 7519 374 -143 -145 0
> 7244 8722 -1 52 -45 3
> 3390 7246 1 57 -153 1
! 17523 20007 200 sims=356811 RUNNER
! -9026 1672 200 sims=356811 BLOCKER
> 2660 6624 30 44 42 2
> 10100 7519 374 -143 -145 0
> 7244 8722 -1 52 -45 3
> 3390 7246 1 57 -153 1
! 96344 -36677 200
! -67320 -63464 200
> 2646 6637 -114 -77 42 2
> 10283 7318 155 -171 -163 0
> 7421 8683 150 -32 -27 3
> 3442 7327 146 156 -135 1
! 17509 20020 200 sims=416262 RUNNER
! -9714 7667 200 sims=416262 BLOCKER
> 2646 6637 -114 -77 42 2
> 10283 7318 155 -171 -163 0
> 7421 8683 150 -32 -27 3
> 3442 7327 146 156 -135 1
! 106189 -6960 200
! -67268 -63383 200
> 2681 6694 29 48 42 2
> 10238 7150 -38 -142 -181 0
> 7769 8620 295 -53 -9 3
> 3447 7342 3 12 -135 1
! 17544 20077 200 sims=398972 RUNNER
! -8672 13661 200 sims=398972 BLOCKER
> 2681 6694 29 48 42 2
> 10238 7150 -38 -142 -181 0
> 7769 8620 295 -53 -9 3
> 3447 7342 3 12 -135 1
! 96869 -36779 200
! -67263 -63368 200
> 2674 6725 -140 -82 42 2
> 10011 7073 -193 -65 -199 0
> 8242 8476 402 -122 -27 3
> 3494 7363 173 126 -135 1
! 20945 14860 200 sims=412020 RUNNER
! -5962 19109 0 sims=412020 BLOCKER
> 2674 6725 -140 -82 42 2
> 10011 7073 -193 -65 -199 0
> 8242 8476 402 -122 -27 3
> 3494 7363 173 126 -135 1
! 78952 -62234 0
! -85606 -38035 200
> 2717 6724 36 0 24 2
> 9818 7008 -164 -55 143 0
> 8644 8354 341 -103 -45 3
> 3489 7398 -4 29 -153 1
! 17580 20107 200 sims=399168 RUNNER
! -1654 23391 200 sims=399168 BLOCKER
> 2717 6724 36 0 24 2
> 9818 7008 -164 -55 143 0
> 8644 8354 341 -103 -45 3
> 3489 7398 -4 29 -153 1
! 79354 -62356 0
! -67221 -63312 200
> 2765 6733 -100 -120 42 2
> 9539 7117 -236 92 125 0
> 8985 8251 289 -87 -45 3
> 3480 7410 133 139 -135 1
! 17628 20116 200 sims=423430 RUNNER
! 3692 26243 200 sims=423430 BLOCKER
> 2765 6733 -100 -120 42 2
> 9539 7117 -236 92 125 0
> 8985 8251 289 -87 -45 3
> 3480 7410 133 139 -135 1
! 54383 -80849 0
! -67230 -63300 200
> 2814 6747 41 11 42 2
> 9246 7363 -239 -90 107 0
> 9273 8202 234 257 -63 3
> 3472 7408 -7 -2 -135 1
! 17677 20130 200 sims=398727 RUNNER
! -2226 23746 0 sims=398727 BLOCKER
> 2814 6747 41 11 42 2
> 9246 7363 -239 -90 107 0
> 9273 8202 234 257 -63 3
> 3472 7408 -7 -2 -135 1
! 24916 -90566 200
! -41927 -81692 200
> 2790 6681 -100 -135 42 2
> 9007 7273 -203 -76 125 0
> 9538 8261 225 50 -81 3
> 3588 7438 178 105 -117 1
! 17653 20064 200 sims=381423 RUNNER
! -6966 19309 0 sims=381423 BLOCKER
> 2790 6681 -100 -135 42 2
> 9007 7273 -203 -76 125 0
> 9538 8261 225 50 -81 3
> 3588 7438 178 105 -117 1
! -6105 -90507 200
! -67122 -63272 200
> 2839 6680 41 0 42 2
> 8804 7197 -172 -64 143 0
> 9732 8113 164 -125 -99 3
> 3625 7402 31 -30 -135 1
! 17702 20063 200 sims=393939 RUNNER
! -10106 13708 0 sims=393939 BLOCKER
> 2839 6680 41 0 42 2
> 8804 7197 -172 -64 143 0
> 9732 8113 164 -125 -99 3
> 3625 7402 31 -30 -135 1
! -35667 -80987 200
! -67085 -63308 200
> 2909 6708 -110 -127 42 2
> 8632 7133 -146 -54 161 0
> 9805 7810 62 -257 -117 3
> 3634 7337 177 95 -135 1
! 17772 20091 200 sims=415681 RUNNER
! -11365 7482 0 sims=415681 BLOCKER
> 2909 6708 -110 -127 42 2
> 8632 7133 -146 -54 161 0
> 9805 7810 62 -257 -117 3
> 3634 7337 177 95 -135 1
! -60905 -62900 200
! -85466 -38061 200
> 2948 6715 32 5 42 2
> 8486 7079 -124 -45 179 0
> 9726 7412 -67 -338 -135 0
> 3633 7341 -1 3 -153 1
! 17811 20098 200 sims=335594 RUNNER
! -10640 1232 0 sims=335594 BLOCKER
> 2948 6715 32 5 42 2
> 8486 7079 -124 -45 179 0
> 9726 7412 -67 -338 -135 0
> 3633 7341 -1 3 -153 1
! -79374 -37986 200
! -67077 -63369 200
> 2910 6652 -112 -127 42 2
> 8362 7034 -105 -38 -163 0
> 9481 6983 -208 -364 -153 0
> 3709 7404 144 127 -135 1
! 17773 20035 200 sims=389347 RUNNER
! -8021 -4438 200 sims=389347 BLOCKER
> 2910 6652 -112 -127 42 2
> 8362 7034 -105 -38 -163 0
> 9481 6983 -208 -364 -153 0
> 3709 7404 144 127 -135 1
! -79619 -38415 200
! -67001 -63306 200
> 2947 6659 31 5 42 2
> 8093 6881 -228 -129 -145 0
> 9095 6528 -328 -386 -153 0
> 3712 7390 2 -12 -135 1
! 17810 20042 200 sims=360360 RUNNER
! -3943 -9092 200 sims=360360 BLOCKER
> 2947 6659 31 5 42 2
> 8093 6881 -228 -129 -145 0
> 9095 6528 -328 -386 -153 0
> 3712 7390 2 -12 -135 1
! -89673 -9115 200
! -66998 -63320 200
> 3001 6676 -111 -137 42 2
> 7745 6592 -296 -245 -127 0
> 8569 6111 -446 -354 -171 0
> 3698 7358 145 125 -135 1
! 17864 20059 200 sims=316267 RUNNER
! 1234 -12318 0 sims=316267 BLOCKER
> 3001 6676 -111 -137 42 2
> 7745 6592 -296 -245 -127 0
> 8569 6111 -446 -354 -171 0
> 3698 7358 145 125 -135 1
! -90199 -9532 200
! -85402 -38040 200
> 3039 6673 31 -2 42 2
> 7431 6368 -354 -92 -109 0
> 7944 5705 -444 -443 -171 0
> 3665 7392 -28 29 -153 1
! 13039 23994 200 sims=361564 RUNNER
! 7082 -13629 200 sims=361564 BLOCKER
> 3039 6673 31 -2 42 2
> 7431 6368 -354 -92 -109 0
> 7944 5705 -444 -443 -171 0
> 3665 7392 -28 29 -153 1
! -81156 -39693 200
! -67045 -63318 BOOST
> 2715 6305 -359 -412 60 2
> 7074 6076 -303 -248 -91 0
> 7322 5171 -528 -453 -153 0
> 3632 7501 56 192 -135 1
! 17578 19688 200 sims=411418 RUNNER
! 12921 -13050 200 sims=411418 BLOCKER
> 2715 6305 -359 -412 60 2
> 7074 6076 -303 -248 -91 0
> 7322 5171 -528 -453 -153 0
> 3632 7501 56 192 -135 1
! -63388 -65539 0
! -41767 -81599 200
> 2505 6027 -178 -236 42 2
> 6829 5637 -207 -373 -73 0
> 6794 4718 -448 -385 -135 0
> 3597 7515 -29 11 -117 1
! 12505 23348 200 sims=362124 RUNNER
! 18301 -10746 200 sims=362124 BLOCKER
> 2505 6027 -178 -236 42 2
> 6829 5637 -207 -373 -73 0
> 6794 4718 -448 -385 -135 0
> 3597 7515 -29 11 -117 1
! -38605 -84382 0
! -41802 -81585 0
