@ 0 YurkovAS
@ 1 reCurse
CP 6
CP 14609 7677
CP 10571 5050
CP 13105 2326
CP 4587 2171
CP 7355 4934
CP 3324 7242
> 14336 8096 0 0 -1 1
> 14882 7258 0 0 -1 1
> 13791 8934 0 0 -1 1
> 15427 6420 0 0 -1 1
! -758 -5025 BOOST sims=264649 RUNNER
! -4681 3100 BOOST sims=264649 BLOCKER
> 14336 8096 0 0 -1 1
> 14882 7258 0 0 -1 1
> 13791 8934 0 0 -1 1
> 15427 6420 0 0 -1 1
! -70698 -44559 200
! -84496 10337 200
> 13776 7770 -573 -137 -139 1
> 14316 7022 -384 -339 -168 1
> 13622 8827 -143 -90 -148 1
> 15227 6428 -169 6 178 1
! 3475 -9373 200 sims=358365 RUNNER
! -5574 9113 0 sims=358365 BLOCKER
> 13776 7770 -573 -137 -139 1
> 14316 7022 -384 -339 -168 1
> 13622 8827 -143 -90 -148 1
> 15227 6428 -169 6 178 1
! -50656 -67777 200
! -84712 9918 0
> 13100 7462 -574 -262 -121 1
> 13932 6683 -326 -288 -186 1
> 13350 8584 -230 -206 -130 1
> 15058 6434 -143 5 178 1
! 8601 -12025 200 sims=312361 RUNNER
! -4339 14818 0 sims=312361 BLOCKER
> 13100 7462 -574 -262 -121 1
> 13932 6683 -326 -288 -186 1
> 13350 8584 -230 -206 -130 1
> 15058 6434 -143 5 178 1
! -24110 -84134 200
! -81068 -21129 0
> 12481 7005 -526 -388 -103 1
> 13606 6395 -277 -244 156 1
> 13045 8193 -259 -332 -112 1
> 14915 6439 -121 4 -164 1
! 14224 -12919 0 sims=328468 RUNNER
! -1257 19778 200 sims=328468 BLOCKER
> 12481 7005 -526 -388 -103 1
> 13606 6395 -277 -244 156 1
> 13045 8193 -259 -332 -112 1
> 14915 6439 -121 4 -164 1
! -24415 -84525 BOOST
! -67988 -49480 0
> 11955 6617 -447 -329 -85 1
> 13180 6285 -361 -93 138 1
> 12543 7258 -427 -794 -112 1
> 14794 6443 -102 3 -146 1
! 13698 -13307 SHIELD sims=387723 RUNNER
! -5091 14420 200 sims=387723 BLOCKER
> 11955 6617 -447 -329 -85 1
> 13180 6285 -361 -93 138 1
> 12543 7258 -427 -794 -112 1
> 14794 6443 -102 3 -146 1
! -24917 -85460 SHIELD
! -46772 -72358 200
> 11337 6132 -567 -449 -85 1
> 12995 5836 188 -804 156 1
> 12252 6663 -240 -425 -112 1
> 14569 6288 -191 -131 -128 1
! 19152 -12278 0 sims=386106 RUNNER
! -6895 7927 0 sims=386106 BLOCKER
> 11337 6132 -567 -449 -85 1
> 12995 5836 188 -804 156 1
> 12252 6663 -240 -425 -112 1
> 14569 6288 -191 -131 -128 1
! -52026 -69941 0
! -46997 -72513 0
> 10770 5683 -481 -381 -67 1
> 13183 5032 159 -683 174 1
> 12012 6238 -204 -361 -130 1
> 14378 6157 -162 -111 -128 1
! 12513 -14241 0 sims=375767 RUNNER
! -5088 13167 0 sims=375767 BLOCKER
> 10770 5683 -481 -381 -67 1
> 13183 5032 159 -683 174 1
> 12012 6238 -204 -361 -130 1
> 14378 6157 -162 -111 -128 1
! -72792 -46753 0
! -47188 -72644 200
> 10289 5302 -408 -323 -85 2
> 13342 4349 135 -580 156 1
> 11808 5877 -173 -306 -148 1
> 14093 5888 -242 -228 -128 1
! 18104 -13108 0 sims=385791 RUNNER
! -1521 17732 0 sims=385791 BLOCKER
> 10289 5302 -408 -323 -85 2
> 13342 4349 135 -580 156 1
> 11808 5877 -173 -306 -148 1
> 14093 5888 -242 -228 -128 1
! -85221 -18315 0
! -47473 -72913 200
> 9881 4979 -346 -274 -67 2
> 13477 3769 114 -493 138 1
> 11635 5571 -147 -260 -166 1
> 13728 5502 -310 -327 -128 1
! 23002 -10115 200 sims=362663 RUNNER
! 3477 21090 200 sims=362663 BLOCKER
> 9881 4979 -346 -274 -67 2
> 13477 3769 114 -493 138 1
> 11635 5571 -147 -260 -166 1
> 13728 5502 -310 -327 -128 1
! -73169 -47420 200
! -47838 -73299 200
> 9666 4554 -182 -361 -49 2
> 13491 3449 11 -271 120 1
> 11318 5205 -269 -311 -148 1
> 13295 5017 -368 -411 -128 1
! 17481 -13856 200 sims=356923 RUNNER
! -1372 16832 200 sims=356923 BLOCKER
> 9666 4554 -182 -361 -49 2
> 13491 3449 11 -271 120 1
> 11318 5205 -269 -311 -148 1
> 13295 5017 -368 -411 -128 1
! -52960 -71399 0
! -69608 -50902 200
> 9562 4009 -88 -463 -67 2
> 13353 3312 -116 -116 138 1
> 11049 4894 -228 -264 -130 2
> 12761 4494 -453 -444 -146 1
! 17377 -14401 200 sims=346668 RUNNER
! -4918 11447 200 sims=346668 BLOCKER
> 9562 4009 -88 -463 -67 2
> 13353 3312 -116 -116 138 1
> 11049 4894 -228 -264 -130 2
> 12761 4494 -453 -444 -146 1
! -26411 -87824 0
! -48805 -74307 200
> 9552 3362 -8 -550 -67 2
> 13054 3277 -253 -29 156 1
> 10821 4630 -193 -224 -112 2
> 12185 3892 -489 -511 -128 1
! 17367 -15048 200 sims=354900 RUNNER
! -6836 5368 0 sims=354900 BLOCKER
> 9552 3362 -8 -550 -67 2
> 13054 3277 -253 -29 156 1
> 10821 4630 -193 -224 -112 2
> 12185 3892 -489 -511 -128 1
! 3845 -95126 200
! -22017 -90077 200
> 9622 2628 59 -623 -67 2
> 12801 3248 -215 -24 174 1
> 10614 4206 -175 -359 -94 2
> 11628 3193 -473 -594 -110 1
! 22743 -12466 0 sims=323547 RUNNER
! -6762 -910 200 sims=323547 BLOCKER
> 9622 2628 59 -623 -67 2
> 12801 3248 -215 -24 174 1
> 10614 4206 -175 -359 -94 2
> 11628 3193 -473 -594 -110 1
! 34806 -92823 200
! -22574 -90776 200
> 9681 2005 50 -529 -49 2
> 12390 3182 -349 -55 192 1
> 10487 3653 -107 -470 -76 2
> 11087 2411 -460 -664 -110 1
! 26824 -8296 0 sims=321489 RUNNER
! -4931 -6818 200 sims=321489 BLOCKER
> 9681 2005 50 -529 -49 2
> 12390 3182 -349 -55 192 1
> 10487 3653 -107 -470 -76 2
> 11087 2411 -460 -664 -110 1
! 63478 -81151 200
! -50479 -76390 0
> 9731 1476 42 -449 -31 2
> 11868 3027 -443 -131 210 1
> 10486 3013 0 -543 -58 2
> 10627 1747 -391 -564 -128 1
! 26874 -8825 SHIELD sims=327292 RUNNER
! -1515 -11836 200 sims=327292 BLOCKER
> 9731 1476 42 -449 -31 2
> 11868 3027 -443 -131 210 1
> 10486 3013 0 -543 -58 2
> 10627 1747 -391 -564 -128 1
! 87090 -61265 200
! -72276 -54172 200
> 9685 1002 -59 -409 -31 2
> 11321 2763 -146 -53 228 1
> 10610 2326 -213 -754 -40 2
> 10947 1325 474 -299 -146 1
! 29172 -3497 0 sims=383068 RUNNER
! 3186 -15508 0 sims=383068 BLOCKER
> 9685 1002 -59 -409 -31 2
> 11321 2763 -146 -53 228 1
> 10610 2326 -213 -754 -40 2
> 10947 1325 474 -299 -146 1
! 103328 -35134 0
! -85179 -26238 0
> 9626 593 -50 -347 -13 2
> 11175 2710 -124 -45 246 1
> 10397 1572 -181 -640 -22 2
> 11421 1026 402 -254 -164 1
! 29550 2336 0 sims=369817 RUNNER
! 9084 -17180 0 sims=369817 BLOCKER
> 9626 593 -50 -347 -13 2
> 11175 2710 -124 -45 246 1
> 10397 1572 -181 -640 -22 2
> 11421 1026 402 -254 -164 1
! 103115 -35888 0
! -88518 4516 0
> 9576 246 -42 -294 5 2
> 11051 2665 -105 -38 -96 1
> 10216 932 -153 -544 -22 2
> 11823 772 341 -215 -182 1
! 27986 8061 0 sims=353689 RUNNER
! 15209 -16898 0 sims=353689 BLOCKER
> 9576 246 -42 -294 5 2
> 11051 2665 -105 -38 -96 1
> 10216 932 -153 -544 -22 2
> 11823 772 341 -215 -182 1
! 109972 -6043 0
! -82146 34974 200
> 9450 -128 -191 -397 23 2
> 10946 2627 -89 -32 -78 1
> 10147 468 25 -314 -4 2
> 11976 625 130 -124 -200 1
! 24544 12993 200 sims=329826 RUNNER
! 20946 -14694 200 sims=329826 BLOCKER
> 9450 -128 -191 -397 23 2
> 10946 2627 -89 -32 -78 1
> 10147 468 25 -314 -4 2
> 11976 625 130 -124 -200 1
! 107176 24660 200
! -66825 62191 200
> 9410 -394 -34 -225 41 2
> 10957 2422 9 -174 -60 1
> 10366 202 186 -225 14 2
> 11948 624 -23 0 -218 1
! 27820 7421 0 sims=334474 RUNNER
! 25820 -10961 200 sims=334474 BLOCKER
> 9410 -394 -34 -225 41 2
> 10957 2422 9 -174 -60 1
> 10366 202 186 -225 14 2
> 11948 624 -23 0 -218 1
! 95170 53193 0
! -43971 83527 200
> 9376 -619 -28 -191 23 2
> 11115 2114 133 -261 -42 1
> 10552 -23 158 -191 32 2
> 11813 790 -114 140 124 1
! 27786 7196 200 sims=358050 RUNNER
! 29386 -6021 0 sims=358050 BLOCKER
> 9376 -619 -28 -191 23 2
> 11115 2114 133 -261 -42 1
> 10552 -23 158 -191 32 2
> 11813 790 -114 140 124 1
! 74830 76581 200
! -15750 96916 200
> 9532 -732 132 -95 23 2
> 11248 1853 113 -221 -24 1
> 10839 -61 243 -32 50 2
> 11644 1122 -143 282 106 1
! 24626 12389 200 sims=346899 RUNNER
! 26111 -11530 200 sims=346899 BLOCKER
> 9532 -732 132 -95 23 2
> 11248 1853 113 -221 -24 1
> 10839 -61 243 -32 50 2
> 11644 1122 -143 282 106 1
! 48299 92657 200
! -15919 97248 200
> 9815 -696 240 30 41 2
> 11073 2304 -161 407 -42 1
> 11157 92 270 130 68 2
> 11882 790 215 -305 106 1
! 20116 16447 200 sims=326676 RUNNER
! 25936 -11079 200 sims=326676 BLOCKER
> 9815 -696 240 30 41 2
> 11073 2304 -161 407 -42 1
> 11157 92 270 130 68 2
> 11882 790 215 -305 106 1
! 48617 92810 0
! -44037 83693 0
> 10158 -495 291 171 59 2
> 11061 2577 -10 232 -42 1
> 11350 176 32 -6 68 2
> 12174 531 379 -142 124 1
! 20459 16648 200 sims=307895 RUNNER
! 25924 -10806 200 sims=307895 BLOCKER
> 10158 -495 291 171 59 2
> 11061 2577 -10 232 -42 1
> 11350 176 32 -6 68 2
> 12174 531 379 -142 124 1
! 75628 76780 200
! -66627 62097 0
> 10552 -153 334 291 59 2
> 11200 2675 117 83 -42 1
> 11511 323 136 125 50 2
> 12553 389 322 -120 142 1
! 25646 12968 200 sims=330379 RUNNER
! 21200 -14646 200 sims=330379 BLOCKER
> 10552 -153 334 291 59 2
> 11200 2675 117 83 -42 1
> 11511 323 136 125 50 2
> 12553 389 322 -120 142 1
! 48971 93041 200
! -66248 61955 200
> 11016 258 190 242 41 2
> 11417 2585 184 -76 -60 1
> 11743 645 400 380 68 2
> 12717 392 139 2 142 1
! 26110 13379 200 sims=332024 RUNNER
! 26280 -10798 200 sims=332024 BLOCKER
> 11016 258 190 242 41 2
> 11417 2585 184 -76 -60 1
> 11743 645 400 380 68 2
> 12717 392 139 2 142 1
! 49203 93363 200
! -66084 61958 200
> 11357 631 289 317 41 2
> 11750 2375 282 -178 -42 1
> 12218 1210 403 480 68 2
> 12698 517 -15 106 142 1
! 29767 8446 200 sims=357168 RUNNER
! 30021 -5760 200 sims=357168 BLOCKER
> 11357 631 289 317 41 2
> 11750 2375 282 -178 -42 1
> 12218 1210 403 480 68 2
> 12698 517 -15 106 142 1
! 19193 100966 SHIELD
! -43221 83420 200
> 11809 1033 -35 468 23 2
> 11998 2459 -148 639 -24 1
> 12643 1656 396 322 86 2
> 12592 782 329 98 124 1
! 30219 8848 200 sims=362495 RUNNER
! 26861 -10924 0 sims=362495 BLOCKER
> 11809 1033 -35 468 23 2
> 11998 2459 -148 639 -24 1
> 12643 1656 396 322 86 2
> 12592 782 329 98 124 1
! -11549 98685 0
! -43327 83685 200
> 11958 1579 126 464 23 2
> 11850 3098 -125 543 -42 1
> 13039 1978 336 273 104 3
> 12809 1046 184 224 124 1
! 30368 9394 200 sims=345681 RUNNER
! 21850 -14223 200 sims=345681 BLOCKER
> 11958 1579 126 464 23 2
> 11850 3098 -125 543 -42 1
> 13039 1978 336 273 104 3
> 12809 1046 184 224 124 1
! -39952 86782 0
! -65992 62612 BOOST
> 11995 2342 -98 753 23 2
> 11825 3468 -21 314 -60 1
> 13375 2251 285 232 122 3
> 12753 1449 82 237 142 1
! 31919 4085 200 sims=325745 RUNNER
! 15983 -16095 200 sims=325745 BLOCKER
> 11995 2342 -98 753 23 2
> 11825 3468 -21 314 -60 1
> 13375 2251 285 232 122 3
> 12753 1449 82 237 142 1
! -63229 66529 0
! -43166 84352 200
> 12170 2846 223 157 5 2
> 11772 3853 -120 597 -78 1
> 13660 2483 242 197 140 3
> 12723 1852 -25 342 124 1
! 31657 -1653 0 sims=288561 RUNNER
! 9681 -16037 200 sims=288561 BLOCKER
> 12170 2846 223 157 5 2
> 11772 3853 -120 597 -78 1
> 13660 2483 242 197 140 3
> 12723 1852 -25 342 124 1
! -79058 39943 0
! -14840 97978 200
> 12336 3126 21 495 -13 2
> 11631 4251 -119 338 -96 1
> 13902 2680 205 167 158 3
> 12700 2263 100 91 106 1
! 29479 -7175 200 sims=354683 RUNNER
! 3496 -14020 200 sims=354683 BLOCKER
> 12336 3126 21 495 -13 2
> 11631 4251 -119 338 -96 1
> 13902 2680 205 167 158 3
> 12700 2263 100 91 106 1
! -78816 40140 0
! 16189 102202 0
> 12528 3518 163 333 -31 2
> 11431 4406 -170 131 -114 1
> 14107 2847 174 141 158 3
> 12800 2354 85 77 88 1
! 25649 -11576 200 sims=356111 RUNNER
! -1952 -10457 200 sims=356111 BLOCKER
> 12528 3518 163 333 -31 2
> 11431 4406 -170 131 -114 1
> 14107 2847 174 141 158 3
> 12800 2354 85 77 88 1
! -78611 40307 0
! 47002 96323 0
> 12822 3700 250 154 -49 2
> 11127 4388 -258 -14 -132 1
> 14281 2988 147 119 158 3
> 12885 2431 72 65 70 1
! 20637 -14710 0 sims=333466 RUNNER
! -6194 -5612 200 sims=333466 BLOCKER
> 12822 3700 250 154 -49 2
> 11127 4388 -258 -14 -132 1
> 14281 2988 147 119 158 3
> 12885 2431 72 65 70 1
! -78437 40448 0
! 74451 81232 200
> 13072 3854 212 130 -67 2
> 10696 4274 -366 -96 -150 1
> 14428 3107 124 101 158 3
> 13080 2654 165 189 52 1
! 14815 -16070 200 sims=311920 RUNNER
! -8867 116 200 sims=311920 BLOCKER
> 13072 3854 212 130 -67 2
> 10696 4274 -366 -96 -150 1
> 14428 3107 124 101 158 3
> 13080 2654 165 189 52 1
! -85328 10082 200
! 47282 96623 0
> 13301 3785 195 -58 -85 2
> 10134 4136 -477 -116 -168 1
> 14352 3222 -64 97 176 3
> 13245 2843 140 160 70 1
! 15044 -16139 SHIELD sims=310723 RUNNER
! -7187 -5864 200 sims=310723 BLOCKER
> 13301 3785 195 -58 -85 2
> 10134 4136 -477 -116 -168 1
> 14352 3222 -64 97 176 3
> 13245 2843 140 160 70 1
! -78366 40682 200
! 16734 102782 SHIELD
> 13491 3802 131 160 -85 2
> 9484 3920 -552 -183 -150 1
> 14230 3319 341 -178 158 3
> 13377 2935 98 -41 88 1
! 8992 -15685 0 sims=326648 RUNNER
! -10079 -238 0 sims=326648 BLOCKER
> 13491 3802 131 160 -85 2
> 9484 3920 -552 -183 -150 1
> 14230 3319 341 -178 158 3
> 13377 2935 98 -41 88 1
! -62374 67597 200
! 47579 96904 0
> 13622 3962 111 136 -103 2
> 8932 3737 -469 -155 -168 1
> 14418 3270 159 -42 140 3
> 13475 2894 83 -34 70 1
! 9123 -15525 0 sims=291487 RUNNER
! -8389 -6263 0 sims=291487 BLOCKER
> 13622 3962 111 136 -103 2
> 8932 3737 -469 -155 -168 1
> 14418 3270 159 -42 140 3
> 13475 2894 83 -34 70 1
! -78300 40730 200
! 47677 96863 0
> 13733 4098 94 115 -103 2
> 8463 3582 -398 -131 -150 1
> 14392 3303 -22 27 158 3
> 13558 2860 70 -28 70 1
! 9234 -15389 0 sims=319466 RUNNER
! -11100 -576 0 sims=319466 BLOCKER
> 13733 4098 94 115 -103 2
> 8463 3582 -398 -131 -150 1
> 14392 3303 -22 27 158 3
> 13558 2860 70 -28 70 1
! -85364 10278 200
! 47760 96829 SHIELD
> 13827 4213 79 97 -103 2
> 8065 3451 -338 -111 -168 1
> 14253 3408 41 212 176 3
> 13620 2826 36 -41 70 1
! 15570 -15711 200 sims=325479 RUNNER
! -9256 -6549 0 sims=325479 BLOCKER
> 13827 4213 79 97 -103 2
> 8065 3451 -338 -111 -168 1
> 14253 3408 41 212 176 3
> 13620 2826 36 -41 70 1
! -85503 10383 200
! 47822 96795 0
> 13791 4377 -72 223 -85 2
> 7727 3340 -287 -94 -150 1
> 14227 3368 19 -117 176 3
> 13656 2785 30 -34 70 1
! 15534 -15547 200 sims=292992 RUNNER
! -11836 -818 0 sims=292992 BLOCKER
> 13791 4377 -72 223 -85 2
> 7727 3340 -287 -94 -150 1
> 14227 3368 19 -117 176 3
> 13656 2785 30 -34 70 1
! -82802 -20824 200
! 47858 96754 SHIELD
> 13736 4401 -46 20 -85 2
> 7440 3246 -243 -79 -168 1
> 14332 3491 106 122 -166 3
> 13658 2722 0 -55 70 1
! 15479 -15523 200 sims=331975 RUNNER
! -9881 -6754 0 sims=331975 BLOCKER
> 13736 4401 -46 20 -85 2
> 7440 3246 -243 -79 -168 1
> 14332 3491 106 122 -166 3
> 13658 2722 0 -55 70 1
! -85424 10466 200
! 17147 102661 0
> 13706 4224 -181 24 -85 2
> 7197 3167 -206 -67 -150 1
> 14240 3625 77 -61 176 3
> 13658 2667 0 -46 88 1
! 21521 -14186 200 sims=326683 RUNNER
! -12366 -991 0 sims=326683 BLOCKER
> 13706 4224 -181 24 -85 2
> 7197 3167 -206 -67 -150 1
> 14240 3625 77 -61 176 3
> 13658 2667 0 -46 88 1
! -78478 41085 200
! -13905 98793 0
> 13481 4200 -193 -17 -67 2
> 6991 3100 -175 -56 -168 1
> 14254 3502 13 -106 158 3
> 13658 2621 0 -39 106 1
! 26602 -10894 200 sims=319179 RUNNER
! -10330 -6900 0 sims=319179 BLOCKER
> 13481 4200 -193 -17 -67 2
> 6991 3100 -175 -56 -168 1
> 14254 3502 13 -106 158 3
> 13658 2621 0 -39 106 1
! -78464 40962 200
! 17147 102560 200
> 13419 4032 -52 -142 -49 2
> 6816 3044 -148 -47 -150 1
> 14082 3471 -146 -26 158 3
> 13658 2582 0 -33 88 1
! 26540 -11062 200 sims=309960 RUNNER
! -12747 -1114 0 sims=309960 BLOCKER
> 13419 4032 -52 -142 -49 2
> 6816 3044 -148 -47 -150 1
> 14082 3471 -146 -26 158 3
> 13658 2582 0 -33 88 1
! -78636 40931 200
! -13905 98708 200
> 13143 4040 -279 44 -49 2
> 6668 2997 -125 -39 -168 1
> 14175 3320 209 -39 158 3
> 13534 2640 -191 -77 106 1
! 30286 -6261 200 sims=351624 RUNNER
! -10653 -7003 0 sims=351624 BLOCKER
> 13143 4040 -279 44 -49 2
> 6668 2997 -125 -39 -168 1
> 14175 3320 209 -39 158 3
> 13534 2640 -191 -77 106 1
! -78543 40780 200
! -14029 98766 200
> 13035 3981 -91 -50 -31 2
> 6543 2958 -106 -33 -150 1
> 14199 3356 20 30 158 3
> 13288 2755 -209 97 106 1
! 30178 -6320 200 sims=322035 RUNNER
! -13020 -1200 0 sims=322035 BLOCKER
> 13035 3981 -91 -50 -31 2
> 6543 2958 -106 -33 -150 1
> 14199 3356 20 30 158 3
> 13288 2755 -209 97 106 1
! -85557 10331 200
! 16777 102694 200
> 13116 3851 75 247 -31 2
> 6437 2925 -90 -28 -168 1
> 14019 3400 -152 37 176 3
> 13086 3028 -178 -125 88 1
! 26237 -11243 200 sims=353640 RUNNER
! -10884 -7075 0 sims=353640 BLOCKER
> 13116 3851 75 247 -31 2
> 6437 2925 -90 -28 -168 1
> 14019 3400 -152 37 176 3
> 13086 3028 -178 -125 88 1
! -78699 40860 200
! 47288 96997 SHIELD
> 13106 4091 -150 299 -49 2
> 6347 2897 -76 -23 -150 1
> 13897 3368 39 -122 158 3
> 12908 2903 -151 -106 70 1
! 20921 -14319 200 sims=371210 RUNNER
! -13216 -1261 0 sims=371210 BLOCKER
> 13106 4091 -150 299 -49 2
> 6347 2897 -76 -23 -150 1
> 13897 3368 39 -122 158 3
> 12908 2903 -151 -106 70 1
! -85859 10343 0
! 74474 81704 0
> 13034 4206 -61 97 -67 2
> 6271 2874 -64 -19 -168 1
> 13936 3246 33 -103 176 3
> 12757 2797 -128 -90 52 1
! 20849 -14204 200 sims=336406 RUNNER
! -11050 -7126 0 sims=336406 BLOCKER
> 13034 4206 -61 97 -67 2
> 6271 2874 -64 -19 -168 1
> 13936 3246 33 -103 176 3
> 12757 2797 -128 -90 52 1
! -85820 10221 0
! 95660 58716 0
> 13051 4119 14 -74 -67 2
> 6207 2855 -54 -16 -150 1
> 13969 3143 28 -87 176 3
> 12629 2707 -108 -76 34 1
! 20866 -14291 200 sims=326053 RUNNER
! -13356 -1303 0 sims=326053 BLOCKER
> 13051 4119 14 -74 -67 2
> 6207 2855 -54 -16 -150 1
> 13969 3143 28 -87 176 3
> 12629 2707 -108 -76 34 1
! -78749 40603 200
! 74195 81508 0
> 13143 3861 78 -219 -67 2
> 6153 2839 -45 -13 -168 1
> 13812 3131 -133 -10 158 3
> 12521 2631 -91 -64 52 1
! 20958 -14549 SHIELD sims=334761 RUNNER
! -11168 -7161 0 sims=334761 BLOCKER
> 13143 3861 78 -219 -67 2
> 6153 2839 -45 -13 -168 1
> 13812 3131 -133 -10 158 3
> 12521 2631 -91 -64 52 1
! -78906 40591 0
! 74087 81432 200
> 13208 3656 35 -152 -67 2
> 6108 2826 -38 -11 -150 1
> 13808 2977 192 -349 158 3
> 12553 2725 27 79 52 1
! 14951 -16268 0 sims=376124 RUNNER
! -13455 -1332 0 sims=376124 BLOCKER
> 13208 3656 35 -152 -67 2
> 6108 2826 -38 -11 -150 1
> 13808 2977 192 -349 158 3
> 12553 2725 27 79 52 1
! -78910 40437 0
! 95456 58644 200
> 13262 3527 227 109 -85 2
> 6070 2815 -32 -9 -168 1
> 14000 2628 163 -296 158 3
> 12727 2893 -33 -76 34 1
! 8763 -15960 0 sims=393722 RUNNER
! -11251 -7185 0 sims=393722 BLOCKER
> 13262 3527 227 109 -85 2
> 6070 2815 -32 -9 -168 1
> 14000 2628 163 -296 158 3
> 12727 2893 -33 -76 34 1
! -85756 9603 200
! 95630 58812 200
> 13489 3636 192 92 -103 2
> 6038 2806 -27 -7 -150 1
> 13963 2346 -31 -239 176 3
> 12860 2929 112 30 34 1
! 3188 -13507 0 sims=386708 RUNNER
! -13525 -1352 0 sims=386708 BLOCKER
> 13489 3636 192 92 -103 2
> 6038 2806 -27 -7 -150 1
> 13963 2346 -31 -239 176 3
> 12860 2929 112 30 34 1
! -85793 9321 200
! 95763 58848 200
> 13681 3728 163 78 -121 2
> 6011 2799 -22 -5 -168 1
> 13732 2121 -195 -191 176 3
> 13138 3071 236 120 34 1
! -1413 -9393 200 sims=364889 RUNNER
! -11310 -7201 0 sims=364889 BLOCKER
> 13681 3728 163 78 -121 2
> 6011 2799 -22 -5 -168 1
> 13732 2121 -195 -191 176 3
> 13138 3071 236 120 34 1
! -78986 39581 200
! 74704 81872 0
> 13833 3849 156 137 -139 2
> 5989 2794 -18 -4 -150 1
> 13352 2005 -323 -98 158 3
> 13235 3017 54 -80 52 1
! 3532 -13294 200 sims=384293 RUNNER
! -13574 -1364 0 sims=384293 BLOCKER
> 13833 3849 156 137 -139 2
> 5989 2794 -18 -4 -150 1
> 13352 2005 -323 -98 158 3
> 13235 3017 54 -80 52 1
! -63252 66283 200
! 47437 96986 200
> 13886 3815 45 -29 -121 2
> 5971 2790 -15 -3 -168 1
> 12876 2036 -404 25 140 3
> 13357 3125 104 91 70 1
! 9387 -15672 200 sims=376278 RUNNER
! -11350 -7210 0 sims=376278 BLOCKER
> 13886 3815 45 -29 -121 2
> 5971 2790 -15 -3 -168 1
> 12876 2036 -404 25 140 3
> 13357 3125 104 91 70 1
! -79842 39496 200
! 74923 81926 0
> 14038 3778 166 13 -103 2
> 5956 2787 -12 -2 -150 1
> 12287 2136 -501 84 158 3
> 13309 3030 -78 -126 52 1
! 3737 -13365 200 sims=393456 RUNNER
! -13607 -1371 0 sims=393456 BLOCKER
> 14038 3778 166 13 -103 2
> 5956 2787 -12 -2 -150 1
> 12287 2136 -501 84 158 3
> 13309 3030 -78 -126 52 1
! -80431 39596 200
! 96212 58949 200
> 14101 3620 53 -134 -121 2
> 5944 2785 -10 -1 -168 1
> 11601 2295 -583 135 158 3
> 13397 3016 74 -12 34 1
! -993 -9501 200 sims=366709 RUNNER
! -11377 -7215 0 sims=366709 BLOCKER
> 14101 3620 53 -134 -121 2
> 5944 2785 -10 -1 -168 1
> 11601 2295 -583 135 158 3
> 13397 3016 74 -12 34 1
! -81117 39755 200
! 96300 58935 200
> 14285 3588 239 41 -139 2
> 5934 2784 -8 0 -150 1
> 10833 2505 -653 178 158 3
> 13355 2883 -119 -182 34 1
! -4125 -4227 200 sims=385014 RUNNER
! -7449 -12079 0 sims=385014 BLOCKER
> 14285 3588 239 41 -139 2
> 5934 2784 -8 0 -150 1
> 10833 2505 -653 178 158 3
> 13355 2883 -119 -182 34 1
! -88923 9480 200
! 96258 58802 200
> 14340 3551 46 -31 -157 2
> 5926 2784 -6 0 -132 1
> 9980 2697 -724 163 176 3
> 13402 2813 39 -59 34 1
! -754 -9570 200 sims=379862 RUNNER
! -2209 -15487 0 sims=379862 BLOCKER
> 14340 3551 46 -31 -157 2
> 5926 2784 -6 0 -132 1
> 9980 2697 -724 163 176 3
> 13402 2813 39 -59 34 1
! -87049 -21495 200
! 74968 81614 200
> 14235 3389 -89 -137 -139 2
> 5920 2784 -5 0 -114 1
> 9062 2812 -780 97 -166 3
> 13564 2912 137 83 52 1
! -859 -9732 SHIELD sims=370335 RUNNER
! 3829 -17106 0 sims=370335 BLOCKER
> 14235 3389 -89 -137 -139 2
> 5920 2784 -5 0 -114 1
> 9062 2812 -780 97 -166 3
> 13564 2912 137 83 52 1
! -75742 -50179 200
! 96467 58831 200
> 14218 3303 -11 -70 -139 2
> 5915 2784 -4 0 -96 1
> 8112 2803 -807 -7 -148 3
> 13142 2594 -388 -290 34 1
! -876 -9818 0 sims=381983 RUNNER
! 10073 -16779 0 sims=381983 BLOCKER
> 14218 3303 -11 -70 -139 2
> 5915 2784 -4 0 -96 1
> 8112 2803 -807 -7 -148 3
> 13142 2594 -388 -290 34 1
! -88917 -21389 200
! 96045 58513 200
> 14207 3233 -9 -59 -139 2
> 5911 2784 -3 0 -78 1
> 7111 2748 -850 -47 -166 3
> 12920 2416 -188 -151 34 1
! -4203 -4582 0 sims=421638 RUNNER
! 10069 -16779 SHIELD sims=421638 BLOCKER
> 14207 3233 -9 -59 -139 2
> 5911 2784 -3 0 -78 1
> 7111 2748 -850 -47 -166 3
> 12920 2416 -188 -151 34 1
! -77693 -50243 SHIELD
! 95823 58335 200
> 14198 3174 -7 -50 -157 2
> 5467 2816 -715 52 -78 1
> 6702 2669 -9 -92 -148 3
> 12898 2377 -18 -33 34 1
! -896 -9947 0 sims=386540 RUNNER
! 15467 -14505 0 sims=386540 BLOCKER
> 14198 3174 -7 -50 -157 2
> 5467 2816 -715 52 -78 1
> 6702 2669 -9 -92 -148 3
> 12898 2377 -18 -33 34 1
! -78102 -50322 0
! 95801 58296 200
> 14191 3124 -5 -42 -139 2
> 4752 2868 -607 44 -60 1
> 6693 2577 -7 -78 -148 3
> 13046 2456 125 67 34 1
! -4219 -4691 200 sims=356811 RUNNER
! 19615 -10515 0 sims=356811 BLOCKER
> 14191 3124 -5 -42 -139 2
> 4752 2868 -607 44 -60 1
> 6693 2577 -7 -78 -148 3
> 13046 2456 125 67 34 1
! -90336 -21615 0
! 95949 58375 200
> 14036 3023 258 131 -157 2
> 4145 2912 -515 37 -42 1
> 6686 2499 -5 -66 -166 3
> 13302 2616 -172 -81 34 1
! -4374 -4792 200 sims=360766 RUNNER
! 22416 -5223 0 sims=360766 BLOCKER
> 14036 3023 258 131 -157 2
> 4145 2912 -515 37 -42 1
> 6686 2499 -5 -66 -166 3
> 13302 2616 -172 -81 34 1
! -93070 9474 0
! 96205 58535 200
> 14110 3076 62 44 -157 2
> 3630 2949 -437 31 -24 1
> 6681 2433 -4 -56 176 3
> 13296 2647 -5 26 34 1
! -984 -10045 200 sims=333312 RUNNER
! 23520 858 200 sims=333312 BLOCKER
> 14110 3076 62 44 -157 2
> 3630 2949 -437 31 -24 1
> 6681 2433 -4 -56 176 3
> 13296 2647 -5 26 34 1
! -93075 9408 200
! 109422 30210 200
> 14201 3082 168 51 -139 2
> 3392 2959 -202 8 -6 1
> 6477 2391 -172 -35 176 3
> 13303 2635 -84 -56 16 1
! -4209 -4733 200 sims=352793 RUNNER
! 22955 7117 200 sims=352793 BLOCKER
> 14201 3082 168 51 -139 2
> 3392 2959 -202 8 -6 1
> 6477 2391 -172 -35 176 3
> 13303 2635 -84 -56 16 1
! -93279 9366 200
! 109429 30198 200
> 14185 3055 -13 -23 -157 2
> 3386 3009 -5 42 12 1
> 6105 2370 -315 -17 176 3
> 13411 2634 92 0 16 1
! -4225 -4760 200 sims=348586 RUNNER
! 20707 13009 200 sims=348586 BLOCKER
> 14185 3055 -13 -23 -157 2
> 3386 3009 -5 42 12 1
> 6105 2370 -315 -17 176 3
> 13411 2634 92 0 16 1
! -93651 9345 200
! 96314 58553 200
> 14356 3157 205 119 -157 2
> 3554 3151 142 120 30 1
> 5590 2367 -437 -2 176 3
> 13301 2543 -153 -110 34 1
! -4054 -4658 200 sims=394485 RUNNER
! 23117 7309 200 sims=394485 BLOCKER
> 14356 3157 205 119 -157 2
> 3554 3151 142 120 30 1
> 5590 2367 -437 -2 176 3
> 13301 2543 -153 -110 34 1
! -87128 39827 0
! 96204 58462 200
> 14377 3198 17 34 -157 2
> 3892 3313 286 137 12 1
> 5153 2365 -371 -1 158 4
> 13314 2545 10 1 34 1
! -717 -9923 200 sims=393645 RUNNER
! 21213 13313 0 sims=393645 BLOCKER
> 14377 3198 17 34 -157 2
> 3892 3313 286 137 12 1
> 5153 2365 -371 -1 158 4
> 13314 2545 10 1 34 1
! -71451 66643 0
! 96217 58464 200
> 14243 3101 -113 -82 -139 2
> 4178 3450 243 116 30 1
> 4782 2364 -315 0 140 4
> 13490 2658 149 95 34 1
! -851 -10020 SHIELD sims=395304 RUNNER
! 23741 7608 0 sims=395304 BLOCKER
> 14243 3101 -113 -82 -139 2
> 4178 3450 243 116 30 1
> 4782 2364 -315 0 140 4
> 13490 2658 149 95 34 1
! -48209 87168 0
! 96393 58577 SHIELD
> 14339 3140 135 64 -139 2
> 4421 3566 206 98 12 1
> 4467 2364 -267 0 122 4
> 13430 2632 -105 -53 34 1
! -755 -9981 0 sims=399742 RUNNER
! 21742 13566 0 sims=399742 BLOCKER
> 14339 3140 135 64 -139 2
> 4421 3566 206 98 12 1
> 4467 2364 -267 0 122 4
> 13430 2632 -105 -53 34 1
! -19725 99393 0
! 109556 30195 0
> 14474 3204 114 54 -139 2
> 4627 3664 175 83 30 1
> 4200 2364 -226 0 104 4
> 13325 2579 -89 -45 16 1
! -3936 -4611 0 sims=398923 RUNNER
! 24190 7822 0 sims=398923 BLOCKER
> 14474 3204 114 54 -139 2
> 4627 3664 175 83 30 1
> 4200 2364 -226 0 104 4
> 13325 2579 -89 -45 16 1
! 11175 102120 0
! 96228 58498 0
> 14588 3258 96 45 -157 2
> 4802 3747 148 70 12 1
> 3974 2364 -192 0 86 4
> 13236 2534 -75 -38 34 1
! -3822 -4557 0 sims=402633 RUNNER
! 22123 13747 0 sims=402633 BLOCKER
> 14588 3258 96 45 -157 2
> 4802 3747 148 70 12 1
> 3974 2364 -192 0 86 4
> 13236 2534 -75 -38 34 1
! 41434 95082 200
! 96139 58453 0
> 14684 3303 81 38 -157 2
> 4950 3817 125 59 30 1
> 3857 2549 -99 157 68 4
> 13161 2496 -63 -32 34 1
! -410 -9818 200 sims=384888 RUNNER
! 18333 18680 0 sims=384888 BLOCKER
> 14684 3303 81 38 -157 2
> 4950 3817 125 59 30 1
> 3857 2549 -99 157 68 4
> 13161 2496 -63 -32 34 1
! 68135 79153 200
! 96064 58415 200
> 14614 3210 -59 -79 -139 2
> 5075 3876 106 50 48 1
> 3887 2859 25 263 50 4
> 13264 2576 87 67 34 1
! -3796 -4605 200 sims=357714 RUNNER
! 13210 22147 0 sims=357714 BLOCKER
> 14614 3210 -59 -79 -139 2
> 5075 3876 106 50 48 1
> 3887 2859 25 263 50 4
> 13264 2576 87 67 34 1
! 88691 55850 0
! 109390 30139 200
> 14371 3053 -206 -133 -157 2
> 5181 3926 90 42 66 1
> 3912 3122 21 223 32 4
> 13543 2698 237 103 16 1
! -4039 -4762 SHIELD sims=381787 RUNNER
! 7272 23816 0 sims=381787 BLOCKER
> 14371 3053 -206 -133 -157 2
> 5181 3926 90 42 66 1
> 3912 3122 21 223 32 4
> 13543 2698 237 103 16 1
! 100941 27314 0
! 109669 30261 SHIELD
> 14533 3073 217 50 -157 2
> 5271 3968 76 35 84 1
> 3933 3345 17 189 14 4
> 13412 2648 -190 -75 16 1
! -561 -10048 0 sims=389648 RUNNER
! 1113 23531 0 sims=389648 BLOCKER
> 14533 3073 217 50 -157 2
> 5271 3968 76 35 84 1
> 3933 3345 17 189 14 4
> 13412 2648 -190 -75 16 1
! 103689 -3630 0
! 96315 58567 0
> 14750 3123 184 42 -139 2
> 5347 4003 64 29 102 1
> 3950 3534 14 160 -4 4
> 13222 2573 -161 -63 34 1
! -3660 -4692 0 sims=369747 RUNNER
! 7438 23893 0 sims=369747 BLOCKER
> 14750 3123 184 42 -139 2
> 5347 4003 64 29 102 1
> 3950 3534 14 160 -4 4
> 13222 2573 -161 -63 34 1
! 96668 -33926 200
! 96125 58492 0
> 14934 3165 156 35 -157 2
> 5411 4032 54 24 84 1
> 4149 3619 169 72 -22 4
> 13061 2510 -136 -53 34 1
! -3476 -4650 0 sims=371273 RUNNER
! 1253 23595 0 sims=371273 BLOCKER
> 14934 3165 156 35 -157 2
> 5411 4032 54 24 84 1
> 4149 3619 169 72 -22 4
> 13061 2510 -136 -53 34 1
! 103905 -3356 0
! 109187 30073 0
> 15090 3200 132 29 -157 2
> 5465 4056 45 20 102 1
> 4318 3691 143 61 -4 4
> 12925 2457 -115 -45 16 1
! -4834 1457 200 sims=355684 RUNNER
! -4535 21377 0 sims=355684 BLOCKER
> 15090 3200 132 29 -157 2
> 5465 4056 45 20 102 1
> 4318 3691 143 61 -4 4
> 12925 2457 -115 -45 16 1
! 97036 -33769 200
! 109051 30020 200
> 15023 3212 -57 9 -175 2
> 5510 4076 38 17 120 1
> 4646 3677 279 -11 -22 4
> 13002 2467 65 8 16 1
! -3387 -4603 200 sims=375634 RUNNER
! -4490 21397 SHIELD sims=375634 BLOCKER
> 15023 3212 -57 9 -175 2
> 5510 4076 38 17 120 1
> 4646 3677 279 -11 -22 4
> 13002 2467 65 8 16 1
! 104402 -3298 0
! 95905 58386 200
> 14782 3143 -204 -58 -157 2
> 5555 4097 57 29 120 1
> 4854 3622 -13 -163 -4 4
> 13233 2587 196 101 34 1
! -3628 -4672 200 sims=354102 RUNNER
! -9308 17480 0 sims=354102 BLOCKER
> 14782 3143 -204 -58 -157 2
> 5555 4097 57 29 120 1
> 4854 3622 -13 -163 -4 4
> 13233 2587 196 101 34 1
! 101883 27814 200
! 109359 30150 200
> 14394 3007 -329 -115 -157 2
> 5612 4126 48 24 138 1
> 5035 3507 153 -97 14 4
> 13621 2743 330 132 16 1
! -4016 -4808 SHIELD sims=394527 RUNNER
! -9251 17509 0 sims=394527 BLOCKER
> 14394 3007 -329 -115 -157 2
> 5612 4126 48 24 138 1
> 5035 3507 153 -97 14 4
> 13621 2743 330 132 16 1
! 89839 56498 200
! 96524 58662 SHIELD
> 14715 3114 286 95 -157 2
> 5751 4263 147 152 138 1
> 5266 3403 167 -124 32 4
> 13301 2653 -285 -80 34 1
! -3695 -4701 0 sims=410480 RUNNER
! -9112 17646 0 sims=410480 BLOCKER
> 14715 3114 286 95 -157 2
> 5751 4263 147 152 138 1
> 5266 3403 167 -124 32 4
> 13301 2653 -285 -80 34 1
! 90070 56394 200
! 109427 30216 0
> 15001 3209 243 80 -157 2
> 5898 4415 124 129 138 1
> 5603 3385 286 -15 32 4
> 13016 2573 -242 -68 16 1
! -4923 1466 0 sims=402731 RUNNER
! -8965 17798 200 sims=402731 BLOCKER
> 15001 3209 243 80 -157 2
> 5898 4415 124 129 138 1
> 5603 3385 286 -15 32 4
> 13016 2573 -242 -68 16 1
! 69881 79989 200
! 109142 30136 0
> 15244 3289 206 68 -175 2
> 5873 4678 -20 223 138 1
> 6018 3523 352 117 50 4
> 12774 2505 -205 -57 16 1
! -3166 -4526 0 sims=386722 RUNNER
! -12398 12813 0 sims=386722 BLOCKER
> 15244 3289 206 68 -175 2
> 5873 4678 -20 223 138 1
> 6018 3523 352 117 50 4
> 12774 2505 -205 -57 16 1
! 43478 96241 200
! 108900 30068 0
> 15450 3357 175 57 -157 2
> 5853 4901 -17 189 156 1
> 6445 3825 362 257 68 4
> 12569 2448 -174 -48 16 1
! -2960 -4458 200 sims=399133 RUNNER
! -9010 18284 0 sims=399133 BLOCKER
> 15450 3357 175 57 -157 2
> 5853 4901 -17 189 156 1
> 6445 3825 362 257 68 4
> 12569 2448 -174 -48 16 1
! 13420 103581 200
! 108695 30011 200
> 15441 3336 -7 -17 -157 2
> 5836 5090 -14 160 138 1
> 6821 4282 319 388 86 4
> 12587 2455 15 6 16 1
! -4483 1593 0 sims=400813 RUNNER
! -9027 18473 200 sims=400813 BLOCKER
> 15441 3336 -7 -17 -157 2
> 5836 5090 -14 160 138 1
> 6821 4282 319 388 86 4
> 12587 2455 15 6 16 1
! -17371 101311 0
! 108713 30018 200
> 15434 3319 -5 -14 -175 2
> 5673 5384 -138 249 138 1
> 7140 4670 271 329 104 5
> 12794 2516 176 51 16 1
! -2976 -4496 0 sims=404663 RUNNER
! -12598 13519 0 sims=404663 BLOCKER
> 15434 3319 -5 -14 -175 2
> 5673 5384 -138 249 138 1
> 7140 4670 271 329 104 5
> 12794 2516 176 51 16 1
! -45851 89474 200
! 108920 30079 0
> 15429 3305 -4 -11 -157 2
> 5535 5633 -117 211 156 1
> 7305 5169 140 423 122 5
> 12970 2567 149 43 16 1
! 335 -9816 200 sims=397782 RUNNER
! -9328 19016 0 sims=397782 BLOCKER
> 15429 3305 -4 -11 -157 2
> 5535 5633 -117 211 156 1
> 7305 5169 140 423 122 5
> 12970 2567 149 43 16 1
! -69299 69447 200
! 109096 30130 200
> 15274 3163 -131 -120 -139 2
> 5418 5844 -99 179 138 1
> 7292 5721 -11 468 140 5
> 13311 2665 290 83 16 1
! -3136 -4652 0 sims=359716 RUNNER
! -4582 23165 0 sims=359716 BLOCKER
> 15274 3163 -131 -120 -139 2
> 5418 5844 -99 179 138 1
> 7292 5721 -11 468 140 5
> 13311 2665 290 83 16 1
! -85426 43181 200
! 113250 -824 200
> 15143 3043 -111 -102 -157 2
> 5319 6023 -84 152 120 1
> 7096 6264 -166 461 158 5
> 13801 2741 416 64 -2 1
! -4781 1300 200 sims=359527 RUNNER
! 1161 25586 0 sims=359527 BLOCKER
> 15143 3043 -111 -102 -157 2
> 5319 6023 -84 152 120 1
> 7096 6264 -166 461 158 5
> 13801 2741 416 64 -2 1
! -92660 13239 0
! 113740 -749 0
> 15002 2958 359 26 -175 2
> 5235 6175 -71 129 102 1
> 6930 6725 -141 391 176 5
> 14048 2770 -269 -73 -2 1
! -4485 7457 200 sims=371910 RUNNER
! 7326 26065 0 sims=371910 BLOCKER
> 15002 2958 359 26 -175 2
> 5235 6175 -71 129 102 1
> 6930 6725 -141 391 176 5
> 14048 2770 -269 -73 -2 1
! -90099 -17467 0
! 110174 30333 0
> 15166 3029 139 60 -193 2
> 5164 6304 -60 109 84 1
> 6789 7116 -119 332 194 5
> 13779 2697 -228 -62 16 1
! -4758 1286 200 sims=364658 RUNNER
! 13299 24575 200 sims=364658 BLOCKER
> 15166 3029 139 60 -193 2
> 5164 6304 -60 109 84 1
> 6789 7116 -119 332 194 5
> 13779 2697 -228 -62 16 1
! -90240 -17076 0
! 109905 30260 200
> 15106 3072 -51 36 -175 2
> 5185 6596 18 247 66 1
> 6670 7448 -101 282 -166 5
> 13743 2690 -30 -5 16 1
! -3304 -4743 200 sims=355572 RUNNER
! 18568 21459 200 sims=355572 BLOCKER
> 15106 3072 -51 36 -175 2
> 5185 6596 18 247 66 1
> 6670 7448 -101 282 -166 5
> 13743 2690 -30 -5 16 1
! -90359 -16744 200
! 109869 30253 200
> 14871 3030 -199 -35 -157 2
> 5337 6992 129 336 48 1
> 6375 7682 -250 198 -166 5
> 13905 2740 137 42 16 1
! -3539 -4785 SHIELD sims=352975 RUNNER
! 18720 21855 200 sims=352975 BLOCKER
> 14871 3030 -199 -35 -157 2
> 5337 6992 129 336 48 1
> 6375 7682 -250 198 -166 5
> 13905 2740 137 42 16 1
! -78429 -45309 0
! 110031 30303 200
> 14730 3013 -88 -4 -157 2
> 5488 7395 -177 119 48 1
> 6237 7961 188 460 -148 5
> 13653 2655 -521 -168 16 1
! -3680 -4802 0 sims=380429 RUNNER
! 13623 25666 0 sims=380429 BLOCKER
> 14730 3013 -88 -4 -157 2
> 5488 7395 -177 119 48 1
> 6237 7961 188 460 -148 5
> 13653 2655 -521 -168 16 1
! -78567 -45030 0
! 109779 30218 200
> 14642 3009 -74 -3 -157 2
> 5311 7514 -150 101 66 1
> 6425 8421 159 391 -148 5
> 13324 2542 -279 -95 16 1
! -3768 -4806 0 sims=379981 RUNNER
! 18694 22377 0 sims=379981 BLOCKER
> 14642 3009 -74 -3 -157 2
> 5311 7514 -150 101 66 1
> 6425 8421 159 391 -148 5
> 13324 2542 -279 -95 16 1
! -90604 -15771 0
! 109450 30105 200
> 14568 3006 -62 -2 -157 2
> 5161 7615 -127 85 48 1
> 6584 8812 135 332 -166 5
> 13237 2502 -73 -33 16 1
! -3842 -4809 0 sims=374416 RUNNER
! 13296 25886 0 sims=374416 BLOCKER
> 14568 3006 -62 -2 -157 2
> 5161 7615 -127 85 48 1
> 6584 8812 135 332 -166 5
> 13237 2502 -73 -33 16 1
! -78220 -44179 200
! 113176 -987 0
> 14506 3004 -52 -1 -157 2
> 5034 7700 -107 72 66 1
> 6549 9038 -29 192 -148 5
> 13164 2469 -62 -28 -2 1
! -3904 -4811 200 sims=370559 RUNNER
! 7125 27590 200 sims=370559 BLOCKER
> 14506 3004 -52 -1 -157 2
> 5034 7700 -107 72 66 1
> 6549 9038 -29 192 -148 5
> 13164 2469 -62 -28 -2 1
! -78255 -43953 0
! 109290 30032 200
> 14270 2925 -200 -67 -157 2
> 4948 7971 -73 230 84 1
> 6520 9230 -24 163 -148 5
> 13294 2496 110 23 16 1
! -4140 -4890 SHIELD sims=373842 RUNNER
! 13083 26242 0 sims=373842 BLOCKER
> 14270 2925 -200 -67 -157 2
> 4948 7971 -73 230 84 1
> 6520 9230 -24 163 -148 5
> 13294 2496 110 23 16 1
! -57758 -67374 200
! 96197 58415 200
> 14112 2877 -97 -24 -157 2
> 4875 8201 -62 195 66 1
> 6367 9240 -129 8 -130 5
> 13153 2446 -495 -209 34 1
! -4298 -4938 0 sims=380625 RUNNER
! 18258 23064 0 sims=380625 BLOCKER
> 14112 2877 -97 -24 -157 2
> 4875 8201 -62 195 66 1
> 6367 9240 -129 8 -130 5
> 13153 2446 -495 -209 34 1
! -31093 -83478 200
! 96056 58365 200
