@ 0 reCurse
@ 1 YurkovAS
CP 6
CP 7351 4946
CP 3317 7236
CP 14571 7699
CP 10546 5077
CP 13110 2312
CP 4552 2204
> 7598 5381 0 0 -1 1
> 7104 4511 0 0 -1 1
> 8092 6250 0 0 -1 1
> 6610 3642 0 0 -1 1
! -67381 71548 200
! -88142 34976 200
> 7598 5381 0 0 -1 1
> 7104 4511 0 0 -1 1
> 8092 6250 0 0 -1 1
> 6610 3642 0 0 -1 1
! -1756 7986 BOOST sims=289024 RUNNER
! 2226 12630 BOOST sims=289024 BLOCKER
> 7448 5513 -127 112 139 1
> 7013 4679 22 249 162 1
> 7452 6363 -544 95 170 1
> 6226 4119 -426 298 116 1
! -84602 44586 200
! -73888 63457 0
> 7448 5513 -127 112 139 1
> 7013 4679 22 249 162 1
> 7452 6363 -544 95 170 1
> 6226 4119 -426 298 116 1
! -2451 4971 0 sims=304184 RUNNER
! 4834 14022 0 sims=304184 BLOCKER
> 7162 5720 -188 261 157 1
> 7020 4865 -33 -7 144 1
> 6899 6505 -485 201 -172 1
> 5800 4417 -362 253 98 1
! -92457 14435 200
! -73881 63643 200
> 7162 5720 -188 261 157 1
> 7020 4865 -33 -7 144 1
> 6899 6505 -485 201 -172 1
> 5800 4417 -362 253 98 1
! -2089 2121 0 sims=298080 RUNNER
! 7536 14265 200 sims=298080 BLOCKER
> 6789 5969 -280 133 175 1
> 6825 4976 -165 93 144 1
> 6400 6737 -460 275 -154 1
> 5473 4867 -278 382 80 1
! -90648 -16526 200
! -88280 35877 0
> 6789 5969 -280 133 175 1
> 6825 4976 -165 93 144 1
> 6400 6737 -460 275 -154 1
> 5473 4867 -278 382 80 1
! -3503 5345 200 sims=284656 RUNNER
! 10168 13696 200 sims=284656 BLOCKER
> 6314 6058 -403 76 193 1
> 6660 5069 -140 79 162 1
> 5742 6984 -559 210 -172 1
> 5289 5426 -156 474 62 1
! -79402 -45445 0
! -74241 63847 200
> 6314 6058 -403 76 193 1
> 6660 5069 -140 79 162 1
> 5742 6984 -559 210 -172 1
> 5289 5426 -156 474 62 1
! -3246 2600 200 sims=307104 RUNNER
! 12482 12373 200 sims=307104 BLOCKER
> 6071 6190 95 216 211 1
> 6358 5266 -256 167 144 1
> 5003 7106 -627 103 -154 1
> 5117 5983 -448 369 44 1
! -91366 -16305 0
! -74543 64044 200
> 6071 6190 95 216 211 1
> 6358 5266 -256 167 144 1
> 5003 7106 -627 103 -154 1
> 5117 5983 -448 369 44 1
! -3985 2722 200 sims=303824 RUNNER
! 14105 10367 0 sims=303824 BLOCKER
> 6166 6406 80 183 -167 1
> 5940 5551 -355 241 144 1
> 4196 7121 -685 13 -154 1
> 4669 6352 -380 313 26 1
! -93453 15121 200
! -74961 64329 200
> 6166 6406 80 183 -167 1
> 5940 5551 -355 241 144 1
> 4196 7121 -685 13 -154 1
> 4669 6352 -380 313 26 1
! -2997 174 0 sims=315944 RUNNER
! 14572 7744 0 sims=315944 BLOCKER
> 6047 6606 -101 170 175 1
> 5423 5910 -439 304 144 1
> 3511 7134 -582 11 -136 2
> 4289 6665 -323 266 8 1
! -93572 15321 200
! -89682 36811 200
> 6047 6606 -101 170 175 1
> 5423 5910 -439 304 144 1
> 3511 7134 -582 11 -136 2
> 4289 6665 -323 266 8 1
! -1184 -1695 0 sims=305744 RUNNER
! 14137 4929 200 sims=305744 BLOCKER
> 5747 6793 -255 159 175 1
> 4794 6276 -534 310 162 1
> 2929 7145 -494 9 -118 2
> 4163 6896 -107 196 -10 1
! -93872 15508 200
! -76107 65054 200
> 5747 6793 -255 159 175 1
> 4794 6276 -534 310 162 1
> 2929 7145 -494 9 -118 2
> 4163 6896 -107 196 -10 1
! 1193 -2703 0 sims=338048 RUNNER
! 14066 8288 200 sims=338048 BLOCKER
> 5293 6969 -386 149 175 1
> 4496 6261 -206 -64 144 1
> 2435 7154 -419 7 -100 2
> 3857 7562 -307 618 8 1
! -94326 15684 200
! -54282 87162 0
> 5293 6969 -386 149 175 1
> 4496 6261 -206 -64 144 1
> 2435 7154 -419 7 -100 2
> 3857 7562 -307 618 8 1
! 3827 -2749 200 sims=348976 RUNNER
! 13705 5826 200 sims=348976 BLOCKER
> 4708 7135 -497 141 175 1
> 4290 6197 -175 -54 126 1
> 2044 6963 -332 -162 -82 2
> 3747 8145 -93 495 -10 1
! -87342 46208 0
! -26611 101302 0
> 4708 7135 -497 141 175 1
> 4290 6197 -175 -54 126 1
> 2044 6963 -332 -162 -82 2
> 3747 8145 -93 495 -10 1
! 6428 -2025 200 sims=382280 RUNNER
! 13595 6409 200 sims=382280 BLOCKER
> 4211 7276 -422 119 157 1
> 4115 6143 -148 -45 108 1
> 1800 6621 -207 -290 -64 2
> 3851 8605 88 391 -10 1
! -71259 72881 0
! 4115 106143 0
> 4211 7276 -422 119 157 1
> 4115 6143 -148 -45 108 1
> 1800 6621 -207 -290 -64 2
> 3851 8605 88 391 -10 1
! 8747 -572 200 sims=341424 RUNNER
! 13699 6869 200 sims=341424 BLOCKER
> 3789 7395 -358 101 139 2
> 3967 6098 -125 -38 90 1
> 1732 6187 -57 -368 -46 2
> 4136 8961 242 302 -10 1
! -47714 93111 0
! 34868 101203 0
> 3789 7395 -358 101 139 2
> 3967 6098 -125 -38 90 1
> 1732 6187 -57 -368 -46 2
> 4136 8961 242 302 -10 1
! 10561 1492 200 sims=416384 RUNNER
! 13984 7225 200 sims=416384 BLOCKER
> 3431 7496 -304 85 121 2
> 3842 6060 -106 -32 72 1
> 1852 5725 101 -392 -28 2
> 4575 9228 373 227 -10 1
! -19064 104933 0
! 62620 86961 200
> 3431 7496 -304 85 121 2
> 3842 6060 -106 -32 72 1
> 1852 5725 101 -392 -28 2
> 4575 9228 373 227 -10 1
! 11700 3989 200 sims=389184 RUNNER
! 14423 7492 200 sims=389184 BLOCKER
> 3127 7581 -258 72 103 2
> 3854 6190 9 110 54 1
> 2150 5298 253 -362 -10 2
> 5145 9420 484 163 -10 1
! 11842 107200 0
! 84755 64968 200
> 3127 7581 -258 72 103 2
> 3854 6190 9 110 54 1
> 2150 5298 253 -362 -10 2
> 5145 9420 484 163 -10 1
! 12053 6690 200 sims=400120 RUNNER
! 14993 7684 200 sims=400120 BLOCKER
> 2869 7653 -219 61 85 2
> 4025 6418 145 193 36 1
> 2601 4964 383 -284 8 2
> 5826 9548 578 109 -10 1
! 41942 99703 0
! 99130 37319 200
> 2869 7653 -219 61 85 2
> 4025 6418 145 193 36 1
> 2601 4964 383 -284 8 2
> 5826 9548 578 109 -10 1
! 11589 9348 200 sims=400632 RUNNER
! 14655 4853 200 sims=400632 BLOCKER
> 2650 7714 -186 51 67 2
> 4360 6673 284 216 18 1
> 3164 4768 478 -166 26 2
> 6581 9563 641 12 -28 1
! 68255 83184 200
! 104360 6672 200
> 2650 7714 -186 51 67 2
> 4360 6673 284 216 18 1
> 3164 4768 478 -166 26 2
> 6581 9563 641 12 -28 1
! 12152 9152 200 sims=405072 RUNNER
! 15410 4868 200 sims=405072 BLOCKER
> 2595 7916 -46 171 49 2
> 4844 6889 411 183 0 1
> 3822 4690 559 -66 26 2
> 7399 9481 694 -69 -28 1
! 88311 59419 200
! 99949 -24012 200
> 2595 7916 -46 171 49 2
> 4844 6889 411 183 0 1
> 3822 4690 559 -66 26 2
> 7399 9481 694 -69 -28 1
! 12810 9074 200 sims=376392 RUNNER
! 16228 4786 200 sims=376392 BLOCKER
> 2720 8190 106 232 31 2
> 5445 7010 511 103 -18 1
> 4561 4712 627 18 26 2
> 8270 9318 739 -138 -28 1
! 100157 30685 200
! 100550 -23891 200
> 2720 8190 106 232 31 2
> 5445 7010 511 103 -18 1
> 4561 4712 627 18 26 2
> 8270 9318 739 -138 -28 1
! 14464 6104 200 sims=400360 RUNNER
! 18118 7582 0 sims=400360 BLOCKER
> 3021 8467 255 235 13 2
> 6146 7051 596 35 -18 1
> 5386 4758 701 38 8 2
> 9009 9180 628 -117 -10 1
! 102640 -248 200
! 87047 -51727 200
> 3021 8467 255 235 13 2
> 6146 7051 596 35 -18 1
> 5386 4758 701 38 8 2
> 9009 9180 628 -117 -10 1
! 14374 9142 200 sims=400800 RUNNER
! 17838 4485 0 sims=400800 BLOCKER
> 3475 8685 386 184 -5 2
> 6904 6968 644 -70 -36 1
> 6267 4884 748 106 26 2
> 9637 9063 533 -99 -28 1
! 103094 -30 200
! 65682 -73933 200
> 3475 8685 386 184 -5 2
> 6904 6968 644 -70 -36 1
> 6267 4884 748 106 26 2
> 9637 9063 533 -99 -28 1
! 16170 6276 200 sims=393096 RUNNER
! 19485 7327 0 sims=393096 BLOCKER
> 4060 8852 497 141 -5 2
> 7666 6736 647 -197 -54 1
> 7213 5018 804 113 8 2
> 10170 8964 453 -84 -10 1
! 101497 31346 200
! 38567 -88369 200
> 4060 8852 497 141 -5 2
> 7666 6736 647 -197 -54 1
> 7213 5018 804 113 8 2
> 10170 8964 453 -84 -10 1
! 16201 9402 0 sims=376808 RUNNER
! 18999 4269 0 sims=376808 BLOCKER
> 4752 9038 588 158 13 2
> 8375 6349 602 -329 -72 1
> 8017 5131 683 96 26 2
> 10623 8880 385 -71 -28 1
! 104371 322 200
! 8374 -93651 200
> 4752 9038 588 158 13 2
> 8375 6349 602 -329 -72 1
> 8017 5131 683 96 26 2
> 10623 8880 385 -71 -28 1
! 17005 9515 200 sims=380792 RUNNER
! 20471 7144 0 sims=380792 BLOCKER
> 5539 9179 669 119 -5 2
> 9047 6098 669 172 -90 1
> 8810 5037 576 -465 26 2
> 11008 8809 327 -60 -10 1
! 97589 -29894 200
! 39948 -89007 0
> 5539 9179 669 119 -5 2
> 9047 6098 669 172 -90 1
> 8810 5037 576 -465 26 2
> 11008 8809 327 -60 -10 1
! 16003 11984 200 sims=399392 RUNNER
! 19837 4114 0 sims=399392 BLOCKER
> 6392 9220 725 34 -23 2
> 9716 6270 568 146 -72 1
> 9530 4711 611 -277 44 2
> 11335 8749 277 -51 -28 1
! 106011 504 200
! 68494 -74631 0
> 6392 9220 725 34 -23 2
> 9716 6270 568 146 -72 1
> 9530 4711 611 -277 44 2
> 11335 8749 277 -51 -28 1
! 16723 11658 200 sims=381160 RUNNER
! 18282 1556 0 sims=381160 BLOCKER
> 7316 9237 785 14 -5 2
> 10284 6416 482 124 -54 1
> 10285 4573 641 -117 44 2
> 11612 8698 235 -43 -46 1
! 104753 31731 200
! 91185 -52362 200
> 7316 9237 785 14 -5 2
> 10284 6416 482 124 -54 1
> 10285 4573 641 -117 44 2
> 11612 8698 235 -43 -46 1
! 14980 13402 200 sims=375688 RUNNER
! 15996 -290 0 sims=375688 BLOCKER
> 8296 9296 832 50 13 2
> 10928 6422 547 5 -36 1
> 11020 4633 624 50 62 2
> 11847 8655 199 -36 -64 1
! 107915 580 200
! 69706 -74479 200
> 8296 9296 832 50 13 2
> 10928 6422 547 5 -36 1
> 11020 4633 624 50 62 2
> 11847 8655 199 -36 -64 1
! 12756 14481 0 sims=370552 RUNNER
! 18794 1462 0 sims=370552 BLOCKER
> 9327 9329 876 27 -5 2
> 11593 6265 564 -133 -54 1
> 11644 4683 530 42 80 2
> 12046 8619 169 -30 -46 1
! 101377 -29744 200
! 42494 -88840 0
> 9327 9329 876 27 -5 2
> 11593 6265 564 -133 -54 1
> 11644 4683 530 42 80 2
> 12046 8619 169 -30 -46 1
! 10252 14586 200 sims=361072 RUNNER
! 20875 3924 0 sims=361072 BLOCKER
> 10387 9278 901 -43 -23 2
> 12157 6132 479 -113 -72 1
> 12146 4923 426 204 98 2
> 12215 8589 143 -25 -28 1
! 85857 -56328 200
! 12156 -93868 200
> 10387 9278 901 -43 -23 2
> 12157 6132 479 -113 -72 1
> 12146 4923 426 204 98 2
> 12215 8589 143 -25 -28 1
! 10754 14826 200 sims=339112 RUNNER
! 19162 1396 0 sims=339112 BLOCKER
> 11439 9104 894 -148 -41 2
> 12658 6119 450 333 -90 1
> 12523 5025 295 -257 98 2
> 12358 8564 121 -21 -46 1
! 62942 -76612 SHIELD
! -18243 -88986 200
> 11439 9104 894 -148 -41 2
> 12658 6119 450 333 -90 1
> 12523 5025 295 -257 98 2
> 12358 8564 121 -21 -46 1
! 14259 14873 200 sims=388448 RUNNER
! 19305 1371 SHIELD sims=388448 BLOCKER
> 11994 9221 299 233 -59 2
> 13046 6262 329 121 -108 1
> 12853 4965 280 -51 80 2
> 12818 8278 563 -377 -46 1
! 34489 -88216 200
! -17855 -88843 0
> 11994 9221 299 233 -59 2
> 13046 6262 329 121 -108 1
> 12853 4965 280 -51 80 2
> 12818 8278 563 -377 -46 1
! 11461 14868 200 sims=356600 RUNNER
! 17202 -710 0 sims=356600 BLOCKER
> 12293 9454 254 198 -77 2
> 13375 6383 279 102 -108 1
> 13105 5112 214 124 98 2
> 13381 7901 478 -320 -64 1
! 63796 -76262 0
! -17526 -88722 200
> 12293 9454 254 198 -77 2
> 13375 6383 279 102 -108 1
> 13105 5112 214 124 98 2
> 13381 7901 478 -320 -64 1
! 11713 15015 200 sims=346448 RUNNER
! 14773 -2002 0 sims=346448 BLOCKER
> 12547 9652 215 168 -59 2
> 13592 6295 184 -74 -108 1
> 13291 5434 158 273 98 2
> 13859 7581 406 -272 -82 1
! 35042 -87785 200
! -45186 -74606 200
> 12547 9652 215 168 -59 2
> 13592 6295 184 -74 -108 1
> 13291 5434 158 273 98 2
> 13859 7581 406 -272 -82 1
! 11899 15337 200 sims=330000 RUNNER
! 12123 -2267 0 sims=330000 BLOCKER
> 12762 9820 182 142 -77 2
> 13866 6590 266 339 -126 1
> 13214 5374 -99 -139 98 2
> 14265 7309 345 -231 -100 1
! 35256 -87617 200
! -67035 -52188 200
> 12762 9820 182 142 -77 2
> 13866 6590 266 339 -126 1
> 13214 5374 -99 -139 98 2
> 14265 7309 345 -231 -100 1
! 14950 15222 200 sims=345992 RUNNER
! 9570 -1520 200 sims=345992 BLOCKER
> 12989 9767 192 -44 -77 2
> 13744 6428 -113 -154 -144 1
> 13150 5432 -54 49 80 2
> 14742 7285 415 -4 -118 1
! 64492 -75949 200
! -45034 -74473 200
> 12989 9767 192 -44 -77 2
> 13744 6428 -113 -154 -144 1
> 13150 5432 -54 49 80 2
> 14742 7285 415 -4 -118 1
! 14886 15280 200 sims=357560 RUNNER
! 7549 338 200 sims=357560 BLOCKER
> 13284 9552 250 -183 -59 2
> 13644 6295 90 133 -126 1
> 13001 5495 -302 -192 80 2
> 15013 7142 230 -121 -136 1
! 35779 -87885 200
! -67257 -52483 0
> 13284 9552 250 -183 -59 2
> 13644 6295 90 133 -126 1
> 13001 5495 -302 -192 80 2
> 15013 7142 230 -121 -136 1
! 11609 15398 200 sims=375488 RUNNER
! 6025 2758 200 sims=375488 BLOCKER
> 13579 9174 250 -321 -77 2
> 13734 6428 76 113 -144 1
> 12671 5501 -280 5 98 2
> 15063 6933 42 -177 -154 1
! 36073 -88263 200
! -81371 -24473 0
> 13579 9174 250 -321 -77 2
> 13734 6428 76 113 -144 1
> 12671 5501 -280 5 98 2
> 15063 6933 42 -177 -154 1
! 14407 15349 200 sims=305384 RUNNER
! 6075 2549 200 sims=305384 BLOCKER
> 13874 8658 250 -438 -77 2
> 13810 6541 64 96 -162 1
> 12426 5703 -208 171 80 2
> 14925 6668 -117 -224 -154 1
! 5158 -90961 200
! -86190 6541 200
> 13874 8658 250 -438 -77 2
> 13810 6541 64 96 -162 1
> 12426 5703 -208 171 80 2
> 14925 6668 -117 -224 -154 1
! 14162 15551 200 sims=359568 RUNNER
! 5022 5276 0 sims=359568 BLOCKER
> 14107 8021 197 -541 -95 3
> 13674 6637 -115 81 -180 1
> 12253 6071 -147 312 80 2
> 14808 6444 -99 -190 -172 1
! -24966 -84029 200
! -81431 37538 200
> 14107 8021 197 -541 -95 3
> 13674 6637 -115 81 -180 1
> 12253 6071 -147 312 80 2
> 14808 6444 -99 -190 -172 1
! 16948 14900 200 sims=373792 RUNNER
! 4960 8180 200 sims=373792 BLOCKER
> 14226 7296 101 -616 -113 3
> 13369 6780 -259 121 162 1
> 12200 6560 -45 415 62 2
> 14512 6289 -251 -131 170 1
! -51379 -68174 200
! -67532 65558 200
> 14226 7296 101 -616 -113 3
> 13369 6780 -259 121 162 1
> 12200 6560 -45 415 62 2
> 14512 6289 -251 -131 170 1
! 19393 13507 200 sims=338304 RUNNER
! 4664 8025 SHIELD sims=338304 BLOCKER
> 13998 7275 -291 350 -131 3
> 13098 7018 82 200 144 1
> 12149 7115 -356 473 44 2
> 14281 6083 -186 -211 170 1
! -71718 -44228 0
! -67803 65796 SHIELD
> 13998 7275 -291 350 -131 3
> 13098 7018 82 200 144 1
> 12149 7115 -356 473 44 2
> 14281 6083 -186 -211 170 1
! 21137 11499 200 sims=371080 RUNNER
! 4433 7819 0 sims=371080 BLOCKER
> 13961 7738 147 473 -149 3
> 13155 7207 30 152 144 1
> 11973 7676 -149 476 26 2
> 14095 5872 -158 -179 170 1
! -83476 -14757 200
! -45623 88108 0
> 13961 7738 147 473 -149 3
> 13155 7207 30 152 144 1
> 11973 7676 -149 476 26 2
> 14095 5872 -158 -179 170 1
! 21876 9068 200 sims=377584 RUNNER
! 4192 4480 0 sims=377584 BLOCKER
> 13913 8166 -40 363 -167 3
> 13185 7359 25 129 126 1
> 12022 8180 41 428 8 2
> 13937 5693 -134 -152 -172 1
! -71803 -43337 0
! -17716 102464 200
> 13913 8166 -40 363 -167 3
> 13185 7359 25 129 126 1
> 12022 8180 41 428 8 2
> 13937 5693 -134 -152 -172 1
! 21870 6444 200 sims=364904 RUNNER
! 4089 7429 0 sims=364904 BLOCKER
> 13873 8529 -34 308 -149 3
> 13210 7488 21 109 108 1
> 12260 8573 202 334 -10 2
> 13803 5541 -113 -129 170 1
! -51732 -66941 200
! 13210 107488 0
> 13873 8529 -34 308 -149 3
> 13210 7488 21 109 108 1
> 12260 8573 202 334 -10 2
> 13803 5541 -113 -129 170 1
! 21089 3878 0 sims=362464 RUNNER
! 3900 4149 0 sims=362464 BLOCKER
> 13708 8686 -140 133 -131 3
> 13231 7597 17 92 90 1
> 12462 8907 171 283 -28 2
> 13690 5412 -96 -109 -172 1
! -72008 -42817 0
! 13231 107597 SHIELD
> 13708 8686 -140 133 -131 3
> 13231 7597 17 92 90 1
> 12462 8907 171 283 -28 2
> 13690 5412 -96 -109 -172 1
! 19409 1714 200 sims=355352 RUNNER
! 3842 7148 0 sims=355352 BLOCKER
> 13568 8819 -119 113 -149 3
> 13248 7689 14 78 90 1
> 12772 9046 263 118 -46 2
> 13594 5303 -81 -92 170 1
! -83869 -13676 200
! -17653 102794 0
> 13568 8819 -119 113 -149 3
> 13248 7689 14 78 90 1
> 12772 9046 263 118 -46 2
> 13594 5303 -81 -92 170 1
! 19719 1853 200 sims=367400 RUNNER
! 3691 3911 0 sims=367400 BLOCKER
> 13913 8696 315 -111 -167 3
> 13262 7767 11 66 108 1
> 12515 9212 -240 147 -46 2
> 13513 5211 -68 -78 -172 1
! -83524 -13799 0
! -17639 102872 0
> 13913 8696 315 -111 -167 3
> 13262 7767 11 66 108 1
> 12515 9212 -240 147 -46 2
> 13513 5211 -68 -78 -172 1
! 16899 224 0 sims=387872 RUNNER
! 3665 6947 0 sims=387872 BLOCKER
> 14228 8585 267 -94 -167 3
> 13273 7833 9 56 108 1
> 12275 9359 -204 124 -64 2
> 13445 5133 -57 -66 170 1
! -71488 -42918 200
! -45505 88734 0
> 14228 8585 267 -94 -167 3
> 13273 7833 9 56 108 1
> 12275 9359 -204 124 -64 2
> 13445 5133 -57 -66 170 1
! 13667 -544 200 sims=351216 RUNNER
! 3542 3741 0 sims=351216 BLOCKER
> 14324 8388 81 -167 -149 3
> 13282 7889 7 47 126 1
> 12099 9285 -149 -62 -82 2
> 13388 5067 -48 -56 -172 1
! -83113 -14107 200
! -67619 66667 200
> 14324 8388 81 -167 -149 3
> 13282 7889 7 47 126 1
> 12099 9285 -149 -62 -82 2
> 13388 5067 -48 -56 -172 1
! 13491 -618 200 sims=373960 RUNNER
! 3540 6803 0 sims=373960 BLOCKER
> 14210 8176 -96 -180 -167 3
> 13127 8054 -131 139 144 1
> 11978 9025 -102 -221 -82 2
> 13340 5011 -40 -47 170 1
! -71506 -43327 BOOST
! -81978 38955 200
> 14210 8176 -96 -180 -167 3
> 13127 8054 -131 139 144 1
> 11978 9025 -102 -221 -82 2
> 13340 5011 -40 -47 170 1
! 10242 -823 200 sims=341568 RUNNER
! 4511 9706 0 sims=341568 BLOCKER
> 13557 7661 -555 -437 -149 3
> 12806 8255 -273 170 162 1
> 11841 8607 -116 -355 -100 2
> 13300 4964 -34 -39 152 1
! -52048 -67809 200
! -87194 8255 200
> 13557 7661 -555 -437 -149 3
> 12806 8255 -273 170 162 1
> 11841 8607 -116 -355 -100 2
> 13300 4964 -34 -39 152 1
! 10105 -1241 200 sims=387904 RUNNER
! 3452 6700 0 sims=387904 BLOCKER
> 12871 7073 -583 -499 -131 3
> 12482 8428 -142 150 180 1
> 11541 8052 -388 -475 -100 2
> 13266 4925 -28 -33 170 1
! -52734 -68397 200
! -82623 -22473 0
> 12871 7073 -583 -499 -131 3
> 12482 8428 -142 150 180 1
> 11541 8052 -388 -475 -100 2
> 13266 4925 -28 -33 170 1
! 12933 -1851 200 sims=384264 RUNNER
! 3363 3533 0 sims=384264 BLOCKER
> 12157 6423 -607 -552 -131 3
> 12340 8578 -120 127 -162 1
> 11181 7379 -306 -572 -82 2
> 13238 4892 -23 -28 -172 1
! -26916 -85627 200
! -68561 -50200 0
> 12157 6423 -607 -552 -131 3
> 12340 8578 -120 127 -162 1
> 11181 7379 -306 -572 -82 2
> 13238 4892 -23 -28 -172 1
! 15565 -1609 200 sims=377712 RUNNER
! 4250 508 0 sims=377712 BLOCKER
> 11472 5687 -582 -625 -113 3
> 12220 8705 -102 107 -144 1
> 10963 6627 -185 -638 -64 2
> 13215 4864 -19 -23 -154 1
! 2756 -93932 200
! -46558 -72196 0
> 11472 5687 -582 -625 -113 3
> 12220 8705 -102 107 -144 1
> 10963 6627 -185 -638 -64 2
> 13215 4864 -19 -23 -154 1
! 17910 -566 200 sims=388824 RUNNER
! 6022 -2083 0 sims=388824 BLOCKER
> 10873 4863 -509 -700 -95 4
> 12118 8812 -86 90 -126 1
> 10917 5845 -39 -664 -46 2
> 13196 4841 -16 -19 -136 1
! 33368 -92574 0
! -18783 -86293 0
> 10873 4863 -509 -700 -95 4
> 12118 8812 -86 90 -126 1
> 10917 5845 -39 -664 -46 2
> 13196 4841 -16 -19 -136 1
! 19746 1150 0 sims=401512 RUNNER
! 8501 -3988 0 sims=401512 BLOCKER
> 10364 4163 -432 -595 -77 4
> 12032 8902 -73 76 -108 1
> 10878 5181 -33 -564 -28 2
> 13180 4822 -13 -16 -118 1
! 61867 -81553 0
! 12031 -91098 0
> 10364 4163 -432 -595 -77 4
> 12032 8902 -73 76 -108 1
> 10878 5181 -33 -564 -28 2
> 13180 4822 -13 -16 -118 1
! 20726 3445 0 sims=371280 RUNNER
! 11444 -5026 0 sims=371280 BLOCKER
> 9932 3568 -367 -505 -59 4
> 11959 8978 -62 64 -90 1
> 10845 4617 -28 -479 -10 2
> 13167 4806 -11 -13 -100 1
! 85402 -62037 0
! 42860 -86127 0
> 9932 3568 -367 -505 -59 4
> 11959 8978 -62 64 -90 1
> 10845 4617 -28 -479 -10 2
> 13167 4806 -11 -13 -100 1
! 20748 6009 0 sims=394384 RUNNER
! 14559 -5097 0 sims=394384 BLOCKER
> 9565 3063 -311 -429 -41 4
> 11897 9042 -52 54 -72 1
> 10817 4138 -23 -407 8 2
> 13156 4793 -9 -11 -82 1
! 101615 -36010 0
! 70675 -71859 0
> 9565 3063 -311 -429 -41 4
> 11897 9042 -52 54 -72 1
> 10817 4138 -23 -407 8 2
> 13156 4793 -9 -11 -82 1
! 19805 8522 200 sims=389944 RUNNER
! 11420 -5055 0 sims=389944 BLOCKER
> 9254 2634 -264 -364 -23 4
> 11845 9096 -44 45 -54 1
> 10974 3819 133 -271 26 2
> 13147 4782 -7 -9 -100 1
! 108873 -6081 200
! 70623 -71805 200
> 9254 2634 -264 -364 -23 4
> 11845 9096 -44 45 -54 1
> 10974 3819 133 -271 26 2
> 13147 4782 -7 -9 -100 1
! 20877 5211 0 sims=350624 RUNNER
! 14539 -5121 0 sims=350624 BLOCKER
> 9189 2253 -55 -324 -5 4
> 11919 8979 62 -99 -54 1
> 11107 3548 113 -230 8 2
> 13140 4773 -5 -7 -82 1
! 106626 24747 200
! 42820 -86126 0
> 9189 2253 -55 -324 -5 4
> 11919 8979 62 -99 -54 1
> 11107 3548 113 -230 8 2
> 13140 4773 -5 -7 -82 1
! 20955 1812 0 sims=353184 RUNNER
! 11404 -5075 200 sims=353184 BLOCKER
> 9329 1974 118 -237 13 4
> 11981 8880 52 -84 -72 1
> 11220 3318 96 -195 -10 2
> 13100 4569 -33 -173 -100 1
! 95045 53477 200
! 42882 -86225 0
> 9329 1974 118 -237 13 4
> 11981 8880 52 -84 -72 1
> 11220 3318 96 -195 -10 2
> 13100 4569 -33 -173 -100 1
! 21123 4710 0 sims=354408 RUNNER
! 8405 -4260 200 sims=354408 BLOCKER
> 9618 1840 246 -113 31 4
> 12033 8796 44 -71 -72 1
> 11316 3123 81 -165 8 2
> 12973 4219 -107 -297 -118 1
! 95334 53343 200
! 42934 -86309 0
> 9618 1840 246 -113 31 4
> 12033 8796 44 -71 -72 1
> 11316 3123 81 -165 8 2
> 12973 4219 -107 -297 -118 1
! 21164 1387 0 sims=348616 RUNNER
! 5780 -2728 200 sims=348616 BLOCKER
> 10035 1830 354 -8 31 4
> 12077 8725 37 -60 -72 1
> 11397 2958 68 -140 -10 2
> 12722 3783 -213 -370 -136 1
! 75640 77300 0
! 42978 -86380 0
> 10035 1830 354 -8 31 4
> 12077 8725 37 -60 -72 1
> 11397 2958 68 -140 -10 2
> 12722 3783 -213 -370 -136 1
! 21300 4350 0 sims=357288 RUNNER
! 5529 -3164 200 sims=357288 BLOCKER
> 10389 1822 300 -6 49 4
> 12114 8665 31 -51 -72 1
> 11465 2818 57 -119 8 2
> 12365 3274 -303 -432 -136 1
! 96105 53325 200
! 70892 -72236 0
> 10389 1822 300 -6 49 4
> 12114 8665 31 -51 -72 1
> 11465 2818 57 -119 8 2
> 12365 3274 -303 -432 -136 1
! 21368 4210 200 sims=358008 RUNNER
! 5172 -3673 200 sims=358008 BLOCKER
> 10747 1764 -109 -612 31 4
> 12145 8614 26 -43 -54 1
> 11262 2617 80 317 8 2
> 12490 2968 266 -185 -136 1
! 76352 77234 200
! 70923 -72287 200
> 10747 1764 -109 -612 31 4
> 12145 8614 26 -43 -54 1
> 11262 2617 80 317 8 2
> 12490 2968 266 -185 -136 1
! 20250 7001 200 sims=393800 RUNNER
! 3502 -1416 0 sims=393800 BLOCKER
> 10769 1303 18 -391 49 4
> 12289 8409 122 -174 -54 1
> 11522 3022 220 343 26 2
> 12756 2783 226 -157 -154 1
! 96485 52806 200
! 43190 -86696 200
> 10769 1303 18 -391 49 4
> 12289 8409 122 -174 -54 1
> 11522 3022 220 343 26 2
> 12756 2783 226 -157 -154 1
! 18715 9969 0 sims=388096 RUNNER
! 3768 -1601 200 sims=388096 BLOCKER
> 10958 1015 161 -244 31 4
> 12473 8045 156 -309 -72 1
> 11742 3365 187 291 44 2
> 12802 2538 39 -207 -154 1
! 76563 76485 200
! 43374 -87060 0
> 10958 1015 161 -244 31 4
> 12473 8045 156 -309 -72 1
> 11742 3365 187 291 44 2
> 12802 2538 39 -207 -154 1
! 16437 12194 0 sims=382320 RUNNER
! 5609 -4409 200 sims=382320 BLOCKER
> 11250 922 248 -79 49 4
> 12629 7736 132 -262 -72 1
> 11929 3656 158 247 62 2
> 12697 2192 -89 -294 -136 1
! 76855 76392 200
! 12628 -92264 200
> 11250 922 248 -79 49 4
> 12629 7736 132 -262 -72 1
> 11929 3656 158 247 62 2
> 12697 2192 -89 -294 -136 1
! 13665 13504 0 sims=370856 RUNNER
! 5504 -4755 200 sims=370856 BLOCKER
> 11629 994 322 61 49 4
> 12761 7274 112 -392 -90 1
> 12087 3903 134 209 80 2
> 12464 1759 -197 -367 -136 1
! 77234 76464 0
! -18140 -87831 200
> 11629 994 322 61 49 4
> 12761 7274 112 -392 -90 1
> 12087 3903 134 209 80 2
> 12464 1759 -197 -367 -136 1
! 10695 13806 200 sims=354968 RUNNER
! 5271 -5188 SHIELD sims=354968 BLOCKER
> 11506 629 -475 -664 49 4
> 12811 6692 42 -494 -108 1
> 12193 4310 90 345 98 2
> 12311 1435 -92 -240 -136 1
! 50579 92679 200
! -45967 -74209 200
> 11506 629 -475 -664 49 4
> 12811 6692 42 -494 -108 1
> 12193 4310 90 345 98 2
> 12311 1435 -92 -240 -136 1
! 13929 14158 0 sims=397728 RUNNER
! 3323 -2949 0 sims=397728 BLOCKER
> 11109 149 -337 -407 67 4
> 12735 6036 -64 -557 -126 1
> 12283 4655 76 293 80 2
> 12219 1195 -78 -204 -154 1
! 76714 75619 0
! -46043 -74865 200
> 11109 149 -337 -407 67 4
> 12735 6036 -64 -557 -126 1
> 12283 4655 76 293 80 2
> 12219 1195 -78 -204 -154 1
! 16978 13484 0 sims=381504 RUNNER
! 2316 -197 0 sims=381504 BLOCKER
> 10772 -258 -286 -345 49 4
> 12693 5676 165 209 -126 1
> 12219 4589 -254 -571 62 2
> 12141 991 -66 -173 -172 1
! 96488 51245 0
! -18208 -89429 0
> 10772 -258 -286 -345 49 4
> 12693 5676 165 209 -126 1
> 12219 4589 -254 -571 62 2
> 12141 991 -66 -173 -172 1
! 19412 11536 200 sims=377568 RUNNER
! 3153 -3393 0 sims=377568 BLOCKER
> 10486 -603 -243 -293 31 4
> 12858 5885 140 177 -108 1
> 12109 4157 -93 -367 44 2
> 12075 818 -56 -147 -154 1
! 107923 21892 0
! 12857 -94115 0
> 10486 -603 -243 -293 31 4
> 12858 5885 140 177 -108 1
> 12109 4157 -93 -367 44 2
> 12075 818 -56 -147 -154 1
! 16804 12986 200 sims=386912 RUNNER
! 4882 -6129 0 sims=386912 BLOCKER
> 10243 -896 -206 -249 13 4
> 12998 6062 119 150 -90 1
> 12110 3967 0 -161 62 2
> 12019 671 -47 -124 -136 1
! 95959 50607 200
! -17903 -89043 0
> 10243 -896 -206 -249 13 4
> 12998 6062 119 150 -90 1
> 12110 3967 0 -161 62 2
> 12019 671 -47 -124 -136 1
! 13846 13815 200 sims=395776 RUNNER
! 7324 -8158 0 sims=395776 BLOCKER
> 10208 -1042 -29 -124 31 4
> 13117 6212 101 127 -108 1
> 12145 4003 29 30 80 2
> 11972 547 -39 -105 -118 1
! 107645 21453 200
! -45661 -74689 0
> 10208 -1042 -29 -124 31 4
> 13117 6212 101 127 -108 1
> 12145 4003 29 30 80 2
> 11972 547 -39 -105 -118 1
! 10753 13906 200 sims=384600 RUNNER
! 4779 -6400 200 sims=384600 BLOCKER
> 10374 -1121 140 -67 13 4
> 13218 6339 85 107 -126 1
> 12146 4231 0 193 98 2
> 11789 303 -155 -207 -136 1
! 109993 -9836 200
! -67683 -52439 200
> 10374 -1121 140 -67 13 4
> 13218 6339 85 107 -126 1
> 12146 4231 0 193 98 2
> 11789 303 -155 -207 -136 1
! 7762 13219 200 sims=389376 RUNNER
! 7094 -8526 200 sims=389376 BLOCKER
> 10713 -1205 288 -71 -5 4
> 13141 6328 -65 -8 -144 1
> 12058 4604 -74 316 116 2
> 11540 -81 -211 -326 -118 1
! 108150 21289 200
! -81964 -24573 200
> 10713 -1205 288 -71 -5 4
> 13141 6328 -65 -8 -144 1
> 12058 4604 -74 316 116 2
> 11540 -81 -211 -326 -118 1
! 5111 11797 200 sims=383168 RUNNER
! 9804 -9929 200 sims=383168 BLOCKER
> 11134 -1398 197 -595 13 4
> 12886 6258 -216 -59 -162 1
> 11845 5064 -180 390 134 2
> 11356 -437 4 128 -100 1
! 96850 50105 200
! -87114 6258 200
> 11134 -1398 197 -595 13 4
> 12886 6258 -216 -59 -162 1
> 11845 5064 -180 390 134 2
> 11356 -437 4 128 -100 1
! 4898 12257 200 sims=379296 RUNNER
! 12748 -10340 0 sims=379296 BLOCKER
> 11502 -1890 313 -418 31 4
> 12470 6199 -353 -50 -180 1
> 11526 5598 -271 453 134 2
> 11360 -309 3 108 -82 1
! 77107 73580 200
! -82635 37100 200
> 11502 -1890 313 -418 31 4
> 12470 6199 -353 -50 -180 1
> 11526 5598 -271 453 134 2
> 11360 -309 3 108 -82 1
! 2697 10293 200 sims=391360 RUNNER
! 15744 -9297 0 sims=391360 BLOCKER
> 11946 -2157 377 -227 49 4
> 11927 6211 -461 10 162 1
> 11078 6145 -380 464 152 2
> 11363 -201 2 91 -64 1
! 51019 89893 200
! -68974 64989 200
> 11946 -2157 377 -227 49 4
> 11927 6211 -461 10 162 1
> 11078 6145 -380 464 152 2
> 11363 -201 2 91 -64 1
! 4131 13338 0 sims=400888 RUNNER
! 18310 -7394 0 sims=400888 BLOCKER
> 12401 -2200 386 -36 67 4
> 11497 6338 -323 107 144 1
> 10505 6609 -528 394 134 2
> 11365 -110 1 77 -46 1
! 51474 89850 200
! -69404 65116 0
> 12401 -2200 386 -36 67 4
> 11497 6338 -323 107 144 1
> 10505 6609 -528 394 134 2
> 11365 -110 1 77 -46 1
! 6121 15597 0 sims=399256 RUNNER
! 20194 -4805 200 sims=399256 BLOCKER
> 12865 -2052 394 125 67 4
> 11174 6445 -274 90 144 1
> 9977 7003 -448 334 116 2
> 11543 -127 150 -14 -28 1
! 51938 89998 200
! -47604 87346 0
> 12865 -2052 394 125 67 4
> 11174 6445 -274 90 144 1
> 9977 7003 -448 334 116 2
> 11543 -127 150 -14 -28 1
! 8585 16906 0 sims=392432 RUNNER
! 21391 -1863 200 sims=392432 BLOCKER
> 13337 -1743 401 262 67 4
> 10900 6535 -232 76 126 1
> 9529 7337 -380 283 98 2
> 11890 -176 294 -41 -10 1
! 22052 97876 0
! -20001 101640 0
> 13337 -1743 401 262 67 4
> 10900 6535 -232 76 126 1
> 9529 7337 -380 283 98 2
> 11890 -176 294 -41 -10 1
! 11265 17185 0 sims=392824 RUNNER
! 21793 1216 200 sims=392824 BLOCKER
> 13738 -1481 340 222 85 4
> 10668 6611 -197 64 108 1
> 9149 7620 -323 240 80 2
> 12382 -189 418 -11 8 1
! -8757 95956 200
! 10668 106611 0
> 13738 -1481 340 222 85 4
> 10668 6611 -197 64 108 1
> 9149 7620 -323 240 80 2
> 12382 -189 418 -11 8 1
! 13844 16449 200 sims=396856 RUNNER
! 22285 1203 200 sims=396856 BLOCKER
> 14033 -1064 250 354 103 4
> 10471 6675 -167 54 90 1
> 8920 8037 -194 354 62 2
> 12998 -172 523 14 8 1
! -37470 84652 200
! 41372 101780 0
> 14033 -1064 250 354 103 4
> 10471 6675 -167 54 90 1
> 8920 8037 -194 354 62 2
> 12998 -172 523 14 8 1
! 16113 14984 200 sims=367312 RUNNER
! 21986 4212 0 sims=367312 BLOCKER
> 14214 -559 551 188 121 4
> 10304 6729 -141 45 72 1
> 8870 8530 -42 418 44 2
> 13487 -138 18 270 26 1
! -61256 65046 200
! 69082 87630 200
> 14214 -559 551 188 121 4
> 10304 6729 -141 45 72 1
> 8870 8530 -42 418 44 2
> 13487 -138 18 270 26 1
! 17858 12914 200 sims=389840 RUNNER
! 23390 1254 0 sims=389840 BLOCKER
> 14614 -240 340 271 139 4
> 10281 6936 -19 175 54 1
> 9008 9036 117 429 26 2
> 13505 132 15 229 8 1
! -60856 65365 200
! 91182 65714 200
> 14614 -240 340 271 139 4
> 10281 6936 -19 175 54 1
> 9008 9036 117 429 26 2
> 13505 132 15 229 8 1
! 18911 10428 200 sims=371816 RUNNER
! 23408 1524 200 sims=371816 BLOCKER
> 14803 162 160 341 139 4
> 10424 7229 121 248 36 1
> 9323 9493 267 388 8 2
> 13718 389 181 218 8 1
! -77247 39235 200
! 105529 38130 0
> 14803 162 160 341 139 4
> 10424 7229 121 248 36 1
> 9323 9493 267 388 8 2
> 13718 389 181 218 8 1
! 19171 7757 200 sims=335128 RUNNER
! 22706 4773 0 sims=335128 BLOCKER
> 14779 581 -20 356 157 4
> 10545 7477 102 210 18 1
> 9787 9846 394 300 -10 2
> 13899 607 153 185 26 1
! -84840 9296 200
! 105650 38378 200
> 14779 581 -20 356 157 4
> 10545 7477 102 210 18 1
> 9787 9846 394 300 -10 2
> 13899 607 153 185 26 1
! 18616 5151 200 sims=365984 RUNNER
! 22887 4991 200 sims=365984 BLOCKER
> 15033 948 283 310 175 4
> 10837 7749 248 231 18 1
> 10358 10052 485 175 -28 2
> 13759 886 -187 238 26 1
! -84586 9663 200
! 91738 66527 200
> 15033 948 283 310 175 4
> 10837 7749 248 231 18 1
> 10358 10052 485 175 -28 2
> 13759 886 -187 238 26 1
! 17305 2859 200 sims=383656 RUNNER
! 23662 2278 200 sims=383656 BLOCKER
> 15117 1275 71 278 175 4
> 11247 8098 348 296 36 1
> 10982 10083 530 26 -46 2
> 13770 1152 9 225 8 1
! -84502 9990 200
! 70025 88999 200
> 15117 1275 71 278 175 4
> 11247 8098 348 296 36 1
> 10982 10083 530 26 -46 2
> 13770 1152 9 225 8 1
! 15366 1095 0 sims=371168 RUNNER
! 23673 2544 200 sims=371168 BLOCKER
> 14989 1570 -109 251 175 4
> 11713 8556 395 389 54 1
> 11512 10109 450 22 -64 2
> 13977 1405 175 214 8 1
! -82448 -20925 0
! 42614 103661 0
> 14989 1570 -109 251 175 4
> 11713 8556 395 389 54 1
> 11512 10109 450 22 -64 2
> 13977 1405 175 214 8 1
! 18459 2916 0 sims=357744 RUNNER
! 23880 2797 SHIELD sims=357744 BLOCKER
> 14959 1841 306 314 -167 4
> 12108 8945 335 330 72 1
> 11962 10131 382 18 -46 2
> 14144 1617 108 171 8 1
! -82478 -20654 200
! 70886 89846 0
> 14959 1841 306 314 -167 4
> 12108 8945 335 330 72 1
> 11962 10131 382 18 -46 2
> 14144 1617 108 171 8 1
! 16346 1143 0 sims=353808 RUNNER
! 23132 6001 0 sims=353808 BLOCKER
> 15070 2110 94 228 -167 4
> 12443 9275 284 280 54 1
> 12344 10149 324 15 -64 2
> 14252 1788 91 145 26 1
! -82367 -20385 200
! 43344 104380 0
> 15070 2110 94 228 -167 4
> 12443 9275 284 280 54 1
> 12344 10149 324 15 -64 2
> 14252 1788 91 145 26 1
! 13736 246 0 sims=339824 RUNNER
! 21445 8735 0 sims=339824 BLOCKER
> 15061 2336 67 227 -167 4
> 12747 9368 266 11 72 1
> 12648 10351 250 239 -82 2
> 14251 1890 -75 51 44 1
! -82376 -20159 200
! 12747 109368 0
> 15061 2336 67 227 -167 4
> 12747 9368 266 11 72 1
> 12648 10351 250 239 -82 2
> 14251 1890 -75 51 44 1
! 10912 503 200 sims=360376 RUNNER
! 21444 8837 0 sims=360376 BLOCKER
> 14933 2518 -108 154 -167 4
> 13013 9379 226 9 90 1
> 12863 10393 182 35 -100 2
> 14176 1941 -63 43 44 1
! -70783 -48985 200
! -17888 104484 200
> 14933 2518 -108 154 -167 4
> 13013 9379 226 9 90 1
> 12863 10393 182 35 -100 2
> 14176 1941 -63 43 44 1
! 11127 545 200 sims=352248 RUNNER
! 18871 10770 200 sims=352248 BLOCKER
> 14806 2692 -8 229 -149 4
> 13203 9454 199 -122 108 1
> 12985 10355 65 154 -100 2
> 14055 2037 -203 0 62 1
! -50799 -72778 200
! -45575 90355 0
> 14806 2692 -8 229 -149 4
> 13203 9454 199 -122 108 1
> 12985 10355 65 154 -100 2
> 14055 2037 -203 0 62 1
! 14377 452 200 sims=355000 RUNNER
! 21248 8984 200 sims=355000 BLOCKER
> 14667 2770 -118 66 -131 4
> 13402 9332 169 -103 126 1
> 13078 10311 78 -37 -82 2
> 13996 2176 -50 118 44 1
! -71049 -48733 200
! -45376 90233 0
> 14667 2770 -118 66 -131 4
> 13402 9332 169 -103 126 1
> 13078 10311 78 -37 -82 2
> 13996 2176 -50 118 44 1
! 17462 1323 200 sims=338552 RUNNER
! 21189 9123 200 sims=338552 BLOCKER
> 14664 2991 58 242 -149 4
> 13571 9229 143 -87 126 1
> 13244 10094 140 -184 -64 2
> 13803 2175 -224 -55 44 1
! -50941 -72479 0
! -17330 104334 200
> 14664 2991 58 242 -149 4
> 13571 9229 143 -87 126 1
> 13244 10094 140 -184 -64 2
> 13803 2175 -224 -55 44 1
! 14636 191 200 sims=314528 RUNNER
! 20996 9122 200 sims=314528 BLOCKER
> 14722 3233 49 205 -131 4
> 13788 9002 224 -290 108 1
> 13276 10042 -13 53 -82 2
> 13723 2259 -68 71 44 1
! -24351 -88817 0
! -44990 89903 200
> 14722 3233 49 205 -131 4
> 13788 9002 224 -290 108 1
> 13276 10042 -13 53 -82 2
> 13723 2259 -68 71 44 1
! 17660 1054 200 sims=376584 RUNNER
! 20916 9206 200 sims=376584 BLOCKER
> 14771 3438 41 174 -113 4
> 13894 8874 90 -108 126 1
> 13351 9915 63 -107 -64 2
> 13799 2469 64 178 44 1
! -24302 -88612 200
! -44884 89775 0
> 14771 3438 41 174 -113 4
> 13894 8874 90 -108 126 1
> 13351 9915 63 -107 -64 2
> 13799 2469 64 178 44 1
! 17735 927 200 sims=344736 RUNNER
! 20992 9416 200 sims=344736 BLOCKER
> 14734 3428 -31 -8 -113 4
> 13984 8766 76 -91 126 1
> 13502 9628 128 -243 -64 2
> 14007 2786 176 269 44 1
! -24339 -88622 0
! -44794 89667 200
> 14734 3428 -31 -8 -113 4
> 13984 8766 76 -91 126 1
> 13502 9628 128 -243 -64 2
> 14007 2786 176 269 44 1
! 17886 640 200 sims=348976 RUNNER
! 21200 9733 SHIELD sims=348976 BLOCKER
> 14938 3610 376 318 -113 4
> 14125 8516 198 -350 126 1
> 13536 9526 -50 51 -64 2
> 14159 3036 109 196 44 1
! -50667 -71860 0
! -44653 89417 200
> 14938 3610 376 318 -113 4
> 14125 8516 198 -350 126 1
> 13536 9526 -50 51 -64 2
> 14159 3036 109 196 44 1
! 17920 538 200 sims=395720 RUNNER
! 23147 7420 0 sims=395720 BLOCKER
> 15314 3928 319 270 -131 4
> 14205 8328 68 -159 126 1
> 13574 9397 32 -109 -64 2
> 14268 3232 92 166 26 1
! -70402 -47575 0
! -44573 89229 200
> 15314 3928 319 270 -131 4
> 14205 8328 68 -159 126 1
> 13574 9397 32 -109 -64 2
> 14268 3232 92 166 26 1
! 20521 2204 200 sims=358136 RUNNER
! 24171 4624 0 sims=358136 BLOCKER
> 15633 4198 271 229 -149 4
> 14155 8331 -42 2 126 1
> 13745 9144 145 -214 -46 2
> 14360 3398 78 141 8 1
! -70083 -47305 0
! -16746 103436 200
> 15633 4198 271 229 -149 4
> 14155 8331 -42 2 126 1
> 13745 9144 145 -214 -46 2
> 14360 3398 78 141 8 1
! 18129 156 0 sims=364088 RUNNER
! 23348 7782 0 sims=364088 BLOCKER
> 15904 4427 230 194 -149 4
> 14211 8197 89 -198 108 1
> 13730 9257 -54 180 -64 2
> 14438 3539 66 119 26 1
! -49701 -71043 0
! -16690 103302 200
> 15904 4427 230 194 -149 4
> 14211 8197 89 -198 108 1
> 13730 9257 -54 180 -64 2
> 14438 3539 66 119 26 1
! 18114 269 200 sims=373920 RUNNER
! 23426 7923 200 sims=373920 BLOCKER
