@ 0 reCurse
@ 1 YurkovAS
CP 6
CP 14609 7677
CP 10571 5050
CP 13105 2326
CP 4587 2171
CP 7355 4934
CP 3324 7242
> 14336 8096 0 0 -1 1
> 14882 7258 0 0 -1 1
> 13791 8934 0 0 -1 1
> 15427 6420 0 0 -1 1
! -79038 -27698 200
! -55679 -63601 200
> 14336 8096 0 0 -1 1
> 14882 7258 0 0 -1 1
> 13791 8934 0 0 -1 1
> 15427 6420 0 0 -1 1
! 7280 -9976 BOOST sims=265958 RUNNER
! -4573 6420 0 sims=265958 BLOCKER
> 14283 7887 61 -288 -159 1
> 14741 7116 -119 -120 -135 1
> 13446 8457 -400 -295 -109 1
> 15427 6420 0 0 -180 1
! -63431 -55044 200
! -55969 -63594 0
> 14283 7887 61 -288 -159 1
> 14741 7116 -119 -120 -135 1
> 13446 8457 -400 -295 -109 1
> 15427 6420 0 0 -180 1
! 13097 -11540 0 sims=304591 RUNNER
! -3594 240 200 sims=304591 BLOCKER
> 14098 7607 -202 -170 -141 1
> 14661 6913 -186 -77 -135 1
> 13046 8162 -340 -250 -91 1
> 15289 6307 46 -257 -162 1
! -63616 -55324 200
! -74439 -38485 200
> 14098 7607 -202 -170 -141 1
> 14661 6913 -186 -77 -135 1
> 13046 8162 -340 -250 -91 1
> 15289 6307 46 -257 -162 1
! 12697 -11835 200 sims=337911 RUNNER
! -891 -5449 200 sims=337911 BLOCKER
> 13733 7319 -403 -148 -141 1
> 14305 6737 -210 -245 -153 1
> 12703 7712 -291 -382 -91 1
> 15173 5932 -98 -318 -144 1
! -63981 -55612 0
! -56405 -63973 0
> 13733 7319 -403 -148 -141 1
> 14305 6737 -210 -245 -153 1
> 12703 7712 -291 -382 -91 1
> 15173 5932 -98 -318 -144 1
! 18550 -11414 200 sims=325808 RUNNER
! 3417 -10248 0 sims=325808 BLOCKER
> 13330 7171 -342 -125 -141 1
> 14095 6492 -178 -208 -135 1
> 12470 7139 -197 -487 -73 1
> 15075 5614 -83 -270 -126 1
! -41133 -76696 0
! -56615 -64218 0
> 13330 7171 -342 -125 -141 1
> 14095 6492 -178 -208 -135 1
> 12470 7139 -197 -487 -73 1
> 15075 5614 -83 -270 -126 1
! 23942 -9244 200 sims=362866 RUNNER
! -1105 -6142 0 sims=362866 BLOCKER
> 13100 7077 -146 -66 -123 1
> 13917 6284 -151 -176 -135 1
> 12276 6458 -214 -592 -55 1
> 14992 5344 -70 -229 -144 1
! -64614 -55854 200
! -75183 -39114 0
> 13100 7077 -146 -66 -123 1
> 13917 6284 -151 -176 -135 1
> 12276 6458 -214 -592 -55 1
> 14992 5344 -70 -229 -144 1
! 28249 -5578 0 sims=348971 RUNNER
! 3236 -10836 0 sims=348971 BLOCKER
> 12799 6885 -256 -163 -141 1
> 13766 6108 -128 -149 -153 1
> 12062 5866 -181 -503 -37 1
> 14922 5115 -59 -194 -126 1
! -64915 -56046 200
! -85002 -9535 0
> 12799 6885 -256 -163 -141 1
> 13766 6108 -128 -149 -153 1
> 12062 5866 -181 -503 -37 1
> 14922 5115 -59 -194 -126 1
! 30972 -645 0 sims=362040 RUNNER
! -1258 -6641 0 sims=362040 BLOCKER
> 12388 6596 -349 -245 -141 1
> 13638 5959 -108 -126 -171 1
> 11881 5363 -153 -427 -19 1
> 14863 4921 -50 -164 -144 1
! -42075 -77271 200
! -85130 -9684 200
> 12388 6596 -349 -245 -141 1
> 13638 5959 -108 -126 -171 1
> 11881 5363 -153 -427 -19 1
> 14863 4921 -50 -164 -144 1
! 31878 5014 0 sims=333151 RUNNER
! 3107 -11259 0 sims=333151 BLOCKER
> 11930 6183 -389 -350 -123 1
> 13332 5802 -259 -133 -171 1
> 11728 4936 -130 -362 -1 1
> 14813 4757 -42 -139 -126 1
! -13952 -90409 200
! -75768 -39596 0
> 11930 6183 -389 -350 -123 1
> 13332 5802 -259 -133 -171 1
> 11728 4936 -130 -362 -1 1
> 14813 4757 -42 -139 -126 1
! 30854 10783 0 sims=373422 RUNNER
! -1367 -6999 0 sims=373422 BLOCKER
> 11489 5640 -374 -461 -105 1
> 13073 5669 -220 -113 -153 1
> 11598 4574 -110 -307 17 1
> 14771 4618 -35 -118 -144 1
! 16722 -94222 SHIELD
! -57637 -65041 200
> 11489 5640 -374 -461 -105 1
> 13073 5669 -220 -113 -153 1
> 11598 4574 -110 -307 17 1
> 14771 4618 -35 -118 -144 1
! 27981 16046 0 sims=366758 RUNNER
! 3015 -11562 0 sims=366758 BLOCKER
> 11115 5179 -317 -391 -87 2
> 12712 5415 -307 -216 -135 1
> 11488 4267 -93 -260 35 1
> 14736 4500 -29 -100 -126 1
! -14767 -91413 200
! -32687 -83685 200
> 11115 5179 -317 -391 -87 2
> 12712 5415 -307 -216 -135 1
> 11488 4267 -93 -260 35 1
> 14736 4500 -29 -100 -126 1
! 23524 20240 0 sims=353451 RUNNER
! -1444 -7256 0 sims=353451 BLOCKER
> 10798 4788 -269 -332 -105 2
> 12314 5021 -338 -335 -117 1
> 11395 4007 -79 -221 53 1
> 14707 4400 -24 -85 -144 1
! 16031 -95074 0
! -58396 -65689 200
> 10798 4788 -269 -332 -105 2
> 12314 5021 -338 -335 -117 1
> 11395 4007 -79 -221 53 1
> 14707 4400 -24 -85 -144 1
! 17906 22917 200 sims=297031 RUNNER
! 2951 -11780 0 sims=297031 BLOCKER
> 10529 4456 -228 -282 -87 2
> 11880 4600 -64 15 -135 1
> 11336 3919 -355 -447 71 1
> 14683 4315 -20 -72 -126 1
! 46365 -88902 0
! -33519 -84500 0
> 10529 4456 -228 -282 -87 2
> 11880 4600 -64 15 -135 1
> 11336 3919 -355 -447 71 1
> 14683 4315 -20 -72 -126 1
! 11685 23916 200 sims=337393 RUNNER
! -1497 -7441 0 sims=337393 BLOCKER
> 10301 4174 -193 -239 -69 2
> 11816 4615 -54 12 -117 1
> 10984 3672 -298 -209 89 1
> 14663 4243 -17 -61 -144 1
! 73232 -73540 200
! -58894 -66095 200
> 10301 4174 -193 -239 -69 2
> 11816 4615 -54 12 -117 1
> 10984 3672 -298 -209 89 1
> 14663 4243 -17 -61 -144 1
! 5137 22798 200 sims=298858 RUNNER
! 2907 -11937 0 sims=298858 BLOCKER
> 9902 4015 -371 -112 -51 2
> 11621 4486 -166 -110 -135 1
> 10959 3419 11 -238 107 1
> 14646 4182 -14 -51 -126 1
! 93769 -50448 0
! -33778 -84614 0
> 9902 4015 -371 -112 -51 2
> 11621 4486 -166 -110 -135 1
> 10959 3419 11 -238 107 1
> 14646 4182 -14 -51 -126 1
! -513 19802 200 sims=331625 RUNNER
! -1534 -7574 0 sims=331625 BLOCKER
> 9531 3903 -315 -95 -33 2
> 11455 4376 -141 -93 -117 1
> 10855 3345 -88 -63 125 1
> 14632 4131 -11 -43 -144 1
! 72462 -73811 0
! -59255 -66334 200
> 9531 3903 -315 -95 -33 2
> 11455 4376 -141 -93 -117 1
> 10855 3345 -88 -63 125 1
> 14632 4131 -11 -43 -144 1
! 5008 22471 200 sims=337722 RUNNER
! 2876 -12049 0 sims=337722 BLOCKER
> 9216 3808 -267 -80 -51 2
> 11173 4142 -240 -199 -135 1
> 10709 3473 -124 109 107 1
> 14621 4088 -9 -36 -126 1
! 93083 -50655 0
! -77927 -41256 SHIELD
> 9216 3808 -267 -80 -51 2
> 11173 4142 -240 -199 -135 1
> 10709 3473 -124 109 107 1
> 14621 4088 -9 -36 -126 1
! 11058 23470 200 sims=337988 RUNNER
! -1559 -7668 0 sims=337988 BLOCKER
> 8949 3728 -226 -68 -33 2
> 10982 4013 -160 -107 -153 1
> 10097 3083 -533 -349 89 1
> 14612 4052 -7 -30 -144 1
! 105541 -22154 200
! -87786 -11630 0
> 8949 3728 -226 -68 -33 2
> 10982 4013 -160 -107 -153 1
> 10097 3083 -533 -349 89 1
> 14612 4052 -7 -30 -144 1
! 16608 21993 200 sims=357427 RUNNER
! 2856 -12128 0 sims=357427 BLOCKER
> 8916 3608 -27 -101 -15 2
> 10822 3906 -136 -90 -171 1
> 9629 2923 -397 -135 71 1
> 14605 4022 -5 -25 -126 1
! 92782 -50856 200
! -78278 -41492 0
> 8916 3608 -27 -101 -15 2
> 10822 3906 -136 -90 -171 1
> 9629 2923 -397 -135 71 1
> 14605 4022 -5 -25 -126 1
! 9978 22920 200 sims=347298 RUNNER
! -1575 -7734 0 sims=347298 BLOCKER
> 8805 3677 -200 176 -33 2
> 10686 3816 -115 -76 -153 1
> 9487 2709 -14 -299 89 1
> 14600 3997 -4 -21 -144 1
! 92671 -50787 200
! -60024 -66894 0
> 8805 3677 -200 176 -33 2
> 10686 3816 -115 -76 -153 1
> 9487 2709 -14 -299 89 1
> 14600 3997 -4 -21 -144 1
! 3640 21835 0 sims=334285 RUNNER
! 2844 -12183 0 sims=334285 BLOCKER
> 8773 3744 -27 57 -33 2
> 10571 3740 -97 -64 -135 1
> 9473 2410 -11 -254 107 1
> 14596 3976 -3 -17 -126 1
! 92639 -50720 0
! -78529 -41658 0
> 8773 3744 -27 57 -33 2
> 10571 3740 -97 -64 -135 1
> 9473 2410 -11 -254 107 1
> 14596 3976 -3 -17 -126 1
! 9822 22407 200 sims=368522 RUNNER
! -1584 -7780 0 sims=368522 BLOCKER
> 8746 3801 -22 48 -33 2
> 10474 3676 -82 -54 -153 1
> 9465 2356 -6 -45 89 1
> 14593 3959 -2 -14 -144 1
! 92612 -50663 0
! -60236 -67034 200
> 8746 3801 -22 48 -33 2
> 10474 3676 -82 -54 -153 1
> 9465 2356 -6 -45 89 1
> 14593 3959 -2 -14 -144 1
! 3618 21482 0 sims=338331 RUNNER
! -1587 -7797 200 sims=338331 BLOCKER
> 8724 3849 -18 40 -33 2
> 10251 3481 -189 -166 -135 1
> 9459 2311 -5 -38 107 1
> 14429 3827 -139 -111 -144 1
! 92590 -50615 0
! -60459 -67229 0
> 8724 3849 -18 40 -33 2
> 10251 3481 -189 -166 -135 1
> 9459 2311 -5 -38 107 1
> 14429 3827 -139 -111 -144 1
! 9808 22308 200 sims=367129 RUNNER
! 2673 -12353 0 sims=367129 BLOCKER
> 8706 3889 -15 34 -33 2
> 10062 3315 -160 -141 -135 1
> 9457 2473 -1 137 89 1
> 14290 3716 -118 -94 -126 1
! 71637 -73825 0
! -79038 -42083 0
> 8706 3889 -15 34 -33 2
> 10062 3315 -160 -141 -135 1
> 9457 2473 -1 137 89 1
> 14290 3716 -118 -94 -126 1
! 15968 21383 0 sims=324849 RUNNER
! -1890 -8040 0 sims=324849 BLOCKER
> 8691 3923 -12 28 -51 2
> 9951 3238 28 94 -153 1
> 9407 2546 -164 -97 71 1
> 14172 3622 -100 -79 -144 1
! 92558 -50540 200
! -79149 -42160 SHIELD
> 8691 3923 -12 28 -51 2
> 9951 3238 28 94 -153 1
> 9407 2546 -164 -97 71 1
> 14172 3622 -100 -79 -144 1
! 15918 21456 200 sims=339493 RUNNER
! 2416 -12558 0 sims=339493 BLOCKER
> 8847 3842 132 -68 -33 2
> 9979 3332 23 79 -153 1
> 9308 2638 -84 78 71 1
> 14072 3543 -85 -67 -126 1
! 71778 -73872 200
! -79121 -42066 0
> 8847 3842 132 -68 -33 2
> 9979 3332 23 79 -153 1
> 9308 2638 -84 78 71 1
> 14072 3543 -85 -67 -126 1
! 9657 22635 200 sims=323645 RUNNER
! 7892 -15478 0 sims=323645 BLOCKER
> 9086 3704 114 277 -51 2
> 10002 3411 19 67 -153 1
> 9247 2830 36 -230 89 1
> 13987 3476 -72 -56 -108 1
! 92953 -50759 200
! -88766 -12232 0
> 9086 3704 114 277 -51 2
> 10002 3411 19 67 -153 1
> 9247 2830 36 -230 89 1
> 13987 3476 -72 -56 -108 1
! 9596 22827 200 sims=325213 RUNNER
! 2231 -12704 0 sims=325213 BLOCKER
> 9329 3893 79 227 -33 2
> 10060 3457 176 -27 -171 1
> 9286 2800 33 -25 89 1
> 13915 3420 -61 -47 -126 1
! 72260 -73821 0
! -88708 19100 0
> 9329 3893 79 227 -33 2
> 10060 3457 176 -27 -171 1
> 9286 2800 33 -25 89 1
> 13915 3420 -61 -47 -126 1
! 3439 21926 0 sims=369138 RUNNER
! 7735 -15601 200 sims=369138 BLOCKER
> 9408 4120 67 192 -51 2
> 10236 3430 149 -22 171 1
> 9319 2775 28 -21 107 1
> 13792 3183 -104 -201 -108 1
! 93275 -50343 200
! -88532 19073 200
> 9408 4120 67 192 -51 2
> 10236 3430 149 -22 171 1
> 9319 2775 28 -21 107 1
> 13792 3183 -104 -201 -108 1
! 9668 22772 200 sims=376474 RUNNER
! 2036 -12997 0 sims=376474 BLOCKER
> 9643 4203 199 70 -33 2
> 10187 3439 -41 7 171 1
> 9350 2954 26 152 89 1
> 13688 2982 -88 -170 -126 1
! 106235 -21679 200
! -78913 48838 200
> 9643 4203 199 70 -33 2
> 10187 3439 -41 7 171 1
> 9350 2954 26 152 89 1
> 13688 2982 -88 -170 -126 1
! 15861 21864 200 sims=355054 RUNNER
! -2492 -8774 0 sims=355054 BLOCKER
> 9957 4403 227 261 -15 2
> 10255 3462 228 -4 153 1
> 9233 3188 -231 131 71 1
> 13600 2812 -74 -144 -144 1
! 106549 -21479 200
! -78845 48861 200
> 9957 4403 227 261 -15 2
> 10255 3462 228 -4 153 1
> 9233 3188 -231 131 71 1
> 13600 2812 -74 -144 -144 1
! 21269 19161 200 sims=326739 RUNNER
! -5421 -3368 0 sims=326739 BLOCKER
> 10377 4612 357 177 -15 2
> 10305 3549 42 73 153 1
> 9122 3479 -94 247 53 1
> 13526 2668 -62 -122 -162 1
! 94243 -49852 200
! -60405 74259 200
> 10377 4612 357 177 -15 2
> 10305 3549 42 73 153 1
> 9122 3479 -94 247 53 1
> 13526 2668 -62 -122 -162 1
! 25505 14951 200 sims=390628 RUNNER
! -6474 2668 0 sims=390628 BLOCKER
> 10902 4680 446 57 -33 2
> 10206 3763 -84 182 135 1
> 9192 3841 59 307 35 1
> 13464 2546 -52 -103 -180 1
! 73833 -73034 200
! -78894 49162 200
> 10902 4680 446 57 -33 2
> 10206 3763 -84 182 135 1
> 9192 3841 59 307 35 1
> 13464 2546 -52 -103 -180 1
! 28318 9688 200 sims=337659 RUNNER
! -5557 8726 0 sims=337659 BLOCKER
> 11474 4582 486 -83 -51 2
> 10219 3995 191 169 153 1
> 9167 4248 -201 372 17 1
> 13412 2443 -44 -87 -198 1
! 47310 -88776 200
! -78881 49394 200
> 11474 4582 486 -83 -51 2
> 10219 3995 191 169 153 1
> 9167 4248 -201 372 17 1
> 13412 2443 -44 -87 -198 1
! 29164 3899 200 sims=365491 RUNNER
! -2768 14199 0 sims=365491 BLOCKER
> 12032 4312 474 -229 -69 2
> 10232 4255 10 220 153 1
> 9166 4617 0 313 -1 1
> 13368 2356 -37 -73 -216 1
! 17265 -95550 200
! -78868 49654 200
> 12032 4312 474 -229 -69 2
> 10232 4255 10 220 153 1
> 9166 4617 0 313 -1 1
> 13368 2356 -37 -73 -216 1
! 28076 -1894 200 sims=347270 RUNNER
! 1612 18536 200 sims=347270 BLOCKER
> 12516 3883 411 -364 -87 2
> 10092 4554 135 149 153 1
> 9327 4877 -117 325 -19 1
> 13213 2445 -131 75 126 1
! -13366 -92709 200
! -79008 49953 200
> 12516 3883 411 -364 -87 2
> 10092 4554 135 149 153 1
> 9327 4877 -117 325 -19 1
> 13213 2445 -131 75 126 1
! 25300 -7159 200 sims=348187 RUNNER
! 7033 21466 200 sims=348187 BLOCKER
> 12824 3487 59 296 -105 2
> 10152 4750 93 148 153 2
> 9267 5125 -93 229 -37 1
> 13072 2549 82 -544 108 1
! -13057 -93105 200
! -88616 20393 200
> 12824 3487 59 296 -105 2
> 10152 4750 93 148 153 2
> 9267 5125 -93 229 -37 1
> 13072 2549 82 -544 108 1
! 25240 -6911 200 sims=339353 RUNNER
! 13072 22549 200 sims=339353 BLOCKER
> 12831 3590 6 87 -105 2
> 10073 4918 77 81 171 2
> 9308 5244 -109 163 -37 1
> 13154 2205 69 -292 90 1
! 18064 -96272 200
! -88695 20561 200
> 12831 3590 6 87 -105 2
> 10073 4918 77 81 171 2
> 9308 5244 -109 163 -37 1
> 13154 2205 69 -292 90 1
! 28218 -1267 200 sims=359562 RUNNER
! 6974 21226 200 sims=359562 BLOCKER
> 12847 3477 13 -95 -87 2
> 10116 4958 64 21 171 2
> 9224 5414 -98 157 -19 1
> 13161 2103 6 -86 108 1
! 48683 -89881 200
! -78984 50357 200
> 12847 3477 13 -95 -87 2
> 10116 4958 64 21 171 2
> 9224 5414 -98 157 -19 1
> 13161 2103 6 -86 108 1
! 25197 -6622 200 sims=359415 RUNNER
! 6981 21124 200 sims=359415 BLOCKER
> 12932 3195 71 -239 -69 2
> 10002 5070 -97 95 153 2
> 9286 5451 52 31 -37 1
> 13105 2207 -47 88 108 1
! 18165 -96667 SHIELD
! -79098 50469 200
> 12932 3195 71 -239 -69 2
> 10002 5070 -97 95 153 2
> 9286 5451 52 31 -37 1
> 13105 2207 -47 88 108 1
! 28196 -1060 200 sims=375221 RUNNER
! 6925 21228 SHIELD sims=375221 BLOCKER
> 12985 3092 23 82 -87 2
> 10210 4998 185 -65 153 2
> 9044 5675 -214 194 -19 1
> 13076 2159 -2 -211 108 1
! 18218 -96770 0
! -60500 75708 0
> 12985 3092 23 82 -87 2
> 10210 4998 185 -65 153 2
> 9044 5675 -214 194 -19 1
> 13076 2159 -2 -211 108 1
! 25017 -6361 200 sims=377349 RUNNER
! 1320 18339 0 sims=377349 BLOCKER
> 13008 3174 19 69 -87 2
> 10395 4933 157 -55 135 2
> 8990 5749 -46 62 -37 1
> 13074 1948 -1 -179 126 1
! 18241 -96688 0
! -78705 50332 200
> 13008 3174 19 69 -87 2
> 10395 4933 157 -55 135 2
> 8990 5749 -46 62 -37 1
> 13074 1948 -1 -179 126 1
! 24963 -6287 200 sims=363335 RUNNER
! -3106 13704 0 sims=363335 BLOCKER
> 13027 3243 16 58 -87 2
> 10374 4969 -18 30 153 2
> 9104 5691 96 -49 -37 1
> 13073 1769 0 -152 144 1
! -12855 -93349 200
! -78726 50368 200
> 13027 3243 16 58 -87 2
> 10374 4969 -18 30 153 2
> 9104 5691 96 -49 -37 1
> 13073 1769 0 -152 144 1
! 28014 -820 200 sims=370377 RUNNER
! -5948 7949 0 sims=370377 BLOCKER
> 13043 3301 13 49 -105 2
> 10178 5090 -166 102 153 2
> 9389 5577 242 -96 -19 1
> 13073 1617 0 -129 162 1
! -12838 -93291 200
! -78922 50489 SHIELD
> 13043 3301 13 49 -105 2
> 10178 5090 -166 102 153 2
> 9389 5577 242 -96 -19 1
> 13073 1617 0 -129 162 1
! 28299 -934 SHIELD sims=385322 RUNNER
! -5948 7797 200 sims=385322 BLOCKER
> 13004 3157 -32 -122 -105 2
> 10284 5018 181 -119 153 2
> 9359 5655 -116 124 -19 1
> 12883 1550 -161 -57 162 1
! -41459 -80710 200
! -60426 75728 0
> 13004 3157 -32 -122 -105 2
> 10284 5018 181 -119 153 2
> 9359 5655 -116 124 -19 1
> 12883 1550 -161 -57 162 1
! 25332 -6381 0 sims=394394 RUNNER
! -3297 13306 200 sims=394394 BLOCKER
> 12863 2867 -119 -246 -123 3
> 10465 4899 153 -101 135 2
> 9243 5779 -98 105 -37 1
> 12560 1611 -274 51 144 1
! -64851 -60064 200
! -60245 75609 0
> 12863 2867 -119 -246 -123 3
> 10465 4899 153 -101 135 2
> 9243 5779 -98 105 -37 1
> 12560 1611 -274 51 144 1
! 25216 -6257 0 sims=406308 RUNNER
! -6461 7791 200 sims=406308 BLOCKER
> 12589 2495 -233 -316 -141 3
> 10618 4798 130 -85 135 2
> 9145 5884 -83 89 -37 1
> 12096 1724 -394 95 162 1
! -80769 -33341 0
! -60092 75508 0
> 12589 2495 -233 -316 -141 3
> 10618 4798 130 -85 135 2
> 9145 5884 -83 89 -37 1
> 12096 1724 -394 95 162 1
! 25118 -6152 0 sims=397453 RUNNER
! -7904 1724 200 sims=397453 BLOCKER
> 12356 2179 -198 -268 -159 3
> 10748 4713 110 -72 135 2
> 9062 5973 -70 75 -37 1
> 11502 1819 -504 80 180 1
! -87506 -3054 200
! -59962 75423 200
> 12356 2179 -198 -268 -159 3
> 10748 4713 110 -72 135 2
> 9062 5973 -70 75 -37 1
> 11502 1819 -504 80 180 1
! 25035 -6063 200 sims=395640 RUNNER
! -8498 1819 200 sims=395640 BLOCKER
> 11958 1901 -338 -236 -177 3
> 10717 4782 -26 59 135 2
> 9152 5928 76 -38 -37 1
> 10798 1899 -598 68 180 1
! -84634 27782 200
! -78383 50181 200
> 11958 1901 -338 -236 -177 3
> 10717 4782 -26 59 135 2
> 9152 5928 76 -38 -37 1
> 10798 1899 -598 68 180 1
! 25125 -6108 200 sims=378203 RUNNER
! -9202 1899 200 sims=378203 BLOCKER
> 11427 1717 -451 -156 -195 3
> 10513 4932 -173 127 153 2
> 9388 5770 200 -134 -37 1
> 10000 1967 -678 57 180 1
! -72440 56180 200
! -60197 75642 200
> 11427 1717 -451 -156 -195 3
> 10513 4932 -173 127 153 2
> 9388 5770 200 -134 -37 1
> 10000 1967 -678 57 180 1
! 25361 -6266 200 sims=379015 RUNNER
! -9021 -4213 0 sims=379015 BLOCKER
> 10808 1670 -525 -40 147 3
> 10401 5054 320 -196 135 2
> 9545 5662 -281 208 -37 1
> 9322 2024 -576 48 -162 1
! -73059 56133 200
! -60309 75764 200
> 10808 1670 -525 -40 147 3
> 10401 5054 320 -196 135 2
> 9545 5662 -281 208 -37 1
> 9322 2024 -576 48 -162 1
! 25518 -6374 200 sims=343154 RUNNER
! -6858 -9732 0 sims=343154 BLOCKER
> 10115 1739 -588 58 147 3
> 10580 4999 151 -46 135 2
> 9424 5750 -103 74 -37 1
> 8746 2072 -489 40 -144 1
! -73752 56202 200
! -78520 50398 200
> 10115 1739 -588 58 147 3
> 10580 4999 151 -46 135 2
> 9424 5750 -103 74 -37 1
> 8746 2072 -489 40 -144 1
! 25397 -6286 200 sims=360206 RUNNER
! -3010 -14108 0 sims=360206 BLOCKER
> 9359 1906 -642 141 147 3
> 10553 5044 -23 38 153 2
> 9481 5704 48 -39 -37 1
> 8257 2112 -415 34 -126 1
! -74508 56369 0
! -78547 50443 200
> 9359 1906 -642 141 147 3
> 10553 5044 -23 38 153 2
> 9481 5704 48 -39 -37 1
> 8257 2112 -415 34 -126 1
! 28391 -807 200 sims=355117 RUNNER
! 2077 -16909 0 sims=355117 BLOCKER
> 8717 2047 -545 119 147 3
> 10382 5153 178 -123 153 2
> 9688 5620 -147 144 -19 1
> 7842 2146 -352 28 -108 1
! -87875 27928 0
! -60328 75863 200
> 8717 2047 -545 119 147 3
> 10382 5153 178 -123 153 2
> 9688 5620 -147 144 -19 1
> 7842 2146 -352 28 -108 1
! 25661 -6416 200 sims=368970 RUNNER
! 1662 -16875 SHIELD sims=368970 BLOCKER
> 8389 2149 -155 77 165 3
> 10419 5171 31 15 135 2
> 9701 5644 10 20 -37 1
> 7468 2176 -329 26 -108 1
! -88203 28030 200
! -78681 50570 200
> 8389 2149 -155 77 165 3
> 10419 5171 31 15 135 2
> 9701 5644 10 20 -37 1
> 7468 2176 -329 26 -108 1
! 25674 -6392 200 sims=347592 RUNNER
! 7468 -17824 0 sims=347592 BLOCKER
> 8041 2278 -295 109 165 3
> 10538 5102 143 -86 153 2
> 9605 5719 -124 91 -37 1
> 7139 2202 -279 22 -90 1
! -91821 -2955 200
! -78562 50501 200
> 8041 2278 -295 109 165 3
> 10538 5102 143 -86 153 2
> 9605 5719 -124 91 -37 1
> 7139 2202 -279 22 -90 1
! 25578 -6317 200 sims=343182 RUNNER
! 13319 -16819 0 sims=343182 BLOCKER
> 7653 2392 -234 110 -177 3
> 10503 5107 -29 4 153 2
> 9641 5690 30 -24 -37 1
> 6753 2208 -423 -8 -72 1
! -85705 -33444 200
! -60207 75817 200
> 7653 2392 -234 110 -177 3
> 10503 5107 -29 4 153 2
> 9641 5690 30 -24 -37 1
> 6753 2208 -423 -8 -72 1
! 25614 -6346 200 sims=327313 RUNNER
! 18509 -13972 0 sims=327313 BLOCKER
> 7232 2430 -357 32 -159 3
> 10517 5134 184 -87 135 2
> 9646 5664 -167 87 -37 1
> 6330 2200 -359 -6 -54 1
! -86126 -33406 200
! -78583 50533 200
> 7232 2430 -357 32 -159 3
> 10517 5134 184 -87 135 2
> 9646 5664 -167 87 -37 1
> 6330 2200 -359 -6 -54 1
! 25619 -6372 200 sims=329224 RUNNER
! 22510 -9556 0 sims=329224 BLOCKER
> 6750 2407 -286 13 -159 3
> 10523 5138 4 3 153 2
> 9639 5631 -6 -28 -37 1
> 5909 2177 -480 -51 -36 1
! -86608 -33429 200
! -78577 50537 200
> 6750 2407 -286 13 -159 3
> 10523 5138 4 3 153 2
> 9639 5631 -6 -28 -37 1
> 5909 2177 -480 -51 -36 1
! 28549 -880 200 sims=317100 RUNNER
! 24930 -4003 0 sims=317100 BLOCKER
> 6277 2348 -401 -49 -159 3
> 10515 5138 149 -89 153 2
> 9656 5632 -142 89 -19 1
> 5429 2126 -408 -43 -18 1
! -87081 -33488 200
! -78585 50537 200
> 6277 2348 -401 -49 -159 3
> 10515 5138 149 -89 153 2
> 9656 5632 -142 89 -19 1
> 5429 2126 -408 -43 -18 1
! 25629 -6404 200 sims=323750 RUNNER
! 25429 2126 200 sims=323750 BLOCKER
> 5989 2307 -181 -17 -159 3
> 10486 5140 -24 1 153 2
> 9674 5601 15 -26 -37 1
> 4921 2003 -494 -121 0 1
! -87369 -33529 200
! -78614 50539 200
> 5989 2307 -181 -17 -159 3
> 10486 5140 -24 1 153 2
> 9674 5601 15 -26 -37 1
> 4921 2003 -494 -121 0 1
! 25647 -6435 200 sims=330855 RUNNER
! 23942 8183 200 sims=330855 BLOCKER
> 5621 2218 -312 -75 -159 3
> 10556 5080 158 -106 153 2
> 9577 5606 -182 59 -37 1
> 4617 1944 -258 -50 18 1
! -94241 -3015 200
! -78544 50479 200
> 5621 2218 -312 -75 -159 3
> 10556 5080 158 -106 153 2
> 9577 5606 -182 59 -37 1
> 4617 1944 -258 -50 18 1
! 28487 -905 200 sims=328265 RUNNER
! 20797 13700 200 sims=328265 BLOCKER
> 5303 2180 -71 16 -177 3
> 10536 5065 -17 -12 153 2
> 9584 5600 6 -5 -19 1
> 4327 1964 -445 -31 36 1
! -91289 28061 200
! -78564 50464 200
> 5303 2180 -71 16 -177 3
> 10536 5065 -17 -12 153 2
> 9584 5600 6 -5 -19 1
> 4327 1964 -445 -31 36 1
! 25557 -6436 200 sims=327929 RUNNER
! 16083 18144 200 sims=327929 BLOCKER
> 5039 2248 -224 57 165 4
> 10448 5084 141 -105 153 2
> 9643 5535 -166 65 -37 1
> 4000 2095 -278 111 54 1
! -78828 56711 200
! -78652 50483 200
> 5039 2248 -224 57 165 4
> 10448 5084 141 -105 153 2
> 9643 5535 -166 65 -37 1
> 4000 2095 -278 111 54 1
! 28553 -976 200 sims=350091 RUNNER
! 20180 13851 0 sims=350091 BLOCKER
> 4647 2414 -332 141 147 4
> 10411 5070 -31 -12 153 2
> 9666 5535 19 0 -19 1
> 3722 2206 -236 94 36 1
! -58285 80128 SHIELD
! -60299 75780 200
> 4647 2414 -332 141 147 4
> 10411 5070 -31 -12 153 2
> 9666 5535 19 0 -19 1
> 3722 2206 -236 94 36 1
! 25639 -6501 200 sims=333522 RUNNER
! 22743 8386 200 sims=333522 BLOCKER
> 4338 2561 -240 130 129 4
> 10538 5015 164 -81 135 2
> 9545 5599 -159 89 -37 1
> 3442 2301 -459 23 18 1
! -31498 95919 0
! -78562 50414 200
> 4338 2561 -240 130 129 4
> 10538 5015 164 -81 135 2
> 9545 5599 -159 89 -37 1
> 3442 2301 -459 23 18 1
! 25518 -6437 200 sims=378056 RUNNER
! 23442 2301 200 sims=378056 BLOCKER
> 4098 2691 -204 110 111 4
> 10524 5025 -12 8 153 2
> 9546 5568 0 -26 -37 1
> 3183 2324 -220 19 0 1
! -1135 102553 0
! -78576 50424 200
> 4098 2691 -204 110 111 4
> 10524 5025 -12 8 153 2
> 9546 5568 0 -26 -37 1
> 3183 2324 -220 19 0 1
! 28456 -943 200 sims=349062 RUNNER
! 22204 8504 0 sims=349062 BLOCKER
> 3894 2801 -173 93 93 4
> 10425 5071 149 -96 153 2
> 9644 5529 -150 102 -19 1
> 2963 2343 -187 16 18 1
! 29775 99393 0
! -60285 75781 200
> 3894 2801 -173 93 93 4
> 10425 5071 149 -96 153 2
> 9644 5529 -150 102 -19 1
> 2963 2343 -187 16 18 1
! 25617 -6507 200 sims=345716 RUNNER
! 22963 2343 200 sims=345716 BLOCKER
> 3721 2894 -147 79 75 4
> 10433 5116 6 38 135 2
> 9654 5511 8 -15 -37 1
> 2976 2359 11 13 0 1
! 58184 86761 0
! -78667 50515 200
> 3721 2894 -147 79 75 4
> 10433 5116 6 38 135 2
> 9654 5511 8 -15 -37 1
> 2976 2359 11 13 0 1
! 28564 -1000 200 sims=322357 RUNNER
! 21997 8539 0 sims=322357 BLOCKER
> 3574 2973 -124 67 57 4
> 10574 5088 175 -52 153 2
> 9538 5588 -154 93 -19 1
> 2987 2372 9 11 18 1
! 81288 65905 0
! -78526 50487 200
> 3574 2973 -124 67 57 4
> 10574 5088 175 -52 153 2
> 9538 5588 -154 93 -19 1
> 2987 2372 9 11 18 1
! 25511 -6448 200 sims=377349 RUNNER
! 22008 8552 200 sims=377349 BLOCKER
> 3574 3181 23 202 39 4
> 10571 5127 -2 32 153 2
> 9544 5561 4 -23 -37 1
> 3062 2304 40 -84 18 1
! 96932 39017 200
! -88197 20770 200
> 3574 3181 23 202 39 4
> 10571 5127 -2 32 153 2
> 9544 5561 4 -23 -37 1
> 3062 2304 40 -84 18 1
! 28454 -950 200 sims=386477 RUNNER
! 19242 14060 200 sims=386477 BLOCKER
> 3784 3455 178 232 21 4
> 10468 5148 157 -89 171 2
> 9640 5515 -163 68 -19 1
> 3264 2338 171 28 36 1
! 103646 8688 200
! -78632 50547 200
> 3784 3455 178 232 21 4
> 10468 5148 157 -89 171 2
> 9640 5515 -163 68 -19 1
> 3264 2338 171 28 36 1
! 28550 -996 200 sims=373779 RUNNER
! 15020 18518 200 sims=373779 BLOCKER
> 4162 3697 321 206 3 4
> 10447 5150 -18 1 153 2
> 9666 5518 22 2 -19 1
> 3553 2528 245 161 54 1
! 104024 8930 200
! -78653 50549 200
> 4162 3697 321 206 3 4
> 10447 5150 -18 1 153 2
> 9666 5518 22 2 -19 1
> 3553 2528 245 161 54 1
! 28576 -993 200 sims=357518 RUNNER
! 9733 21549 200 sims=357518 BLOCKER
> 4683 3913 442 183 3 4
> 10585 5082 166 -81 153 2
> 9543 5615 -153 105 -19 1
> 3860 2879 260 298 72 1
! 98041 39749 200
! -78515 50481 200
> 4683 3913 442 183 3 4
> 10585 5082 166 -81 153 2
> 9543 5615 -153 105 -19 1
> 3860 2879 260 298 72 1
! 25516 -6421 200 sims=369292 RUNNER
! 3860 22879 200 sims=369292 BLOCKER
> 5312 4168 534 216 21 4
> 10573 5092 -10 8 153 2
> 9550 5600 5 -13 -37 1
> 4120 3377 221 423 90 1
! 98670 40004 200
! -78527 50491 200
> 5312 4168 534 216 21 4
> 10573 5092 -10 8 153 2
> 9550 5600 5 -13 -37 1
> 4120 3377 221 423 90 1
! 28460 -911 200 sims=387982 RUNNER
! -2060 22398 0 sims=387982 BLOCKER
> 6033 4456 612 244 21 4
> 10455 5155 158 -78 153 2
> 9674 5558 -153 96 -19 1
> 4341 3800 187 359 108 1
! 83747 67388 200
! -78645 50554 200
> 6033 4456 612 244 21 4
> 10455 5155 158 -78 153 2
> 9674 5558 -153 96 -19 1
> 4341 3800 187 359 108 1
! 25647 -6478 200 sims=357322 RUNNER
! -7415 19980 0 sims=357322 BLOCKER
> 6800 4826 652 314 39 5
> 10435 5168 -17 10 153 2
> 9681 5534 5 -20 -37 1
> 4528 4159 158 305 126 1
! 61263 88693 0
! -88333 20811 200
> 6800 4826 652 314 39 5
> 10435 5168 -17 10 153 2
> 9681 5534 5 -20 -37 1
> 4528 4159 158 305 126 1
! 28591 -977 200 sims=350644 RUNNER
! -11652 15915 0 sims=350644 BLOCKER
> 7452 5140 554 266 57 5
> 10565 5039 139 -124 171 2
> 9531 5619 -156 86 -19 1
> 4686 4464 134 259 144 1
! 33333 101732 200
! -78535 50438 200
> 7452 5140 554 266 57 5
> 10565 5039 139 -124 171 2
> 9531 5619 -156 86 -19 1
> 4686 4464 134 259 144 1
! 25504 -6417 200 sims=366051 RUNNER
! -7070 20644 0 sims=366051 BLOCKER
> 8058 5599 514 390 75 5
> 10526 5006 -33 -28 153 2
> 9535 5585 3 -29 -37 1
> 4820 4723 113 220 126 1
! 2824 105461 200
! -78574 50405 200
> 8058 5599 514 390 75 5
> 10526 5006 -33 -28 153 2
> 9535 5585 3 -29 -37 1
> 4820 4723 113 220 126 1
! 25508 -6451 200 sims=306509 RUNNER
! -11360 16479 0 sims=306509 BLOCKER
> 8562 6189 428 501 93 5
> 10385 5027 134 -132 153 2
> 9627 5477 -176 59 -37 1
> 4933 4943 96 187 144 1
! -27274 99547 0
! -78715 50426 200
> 8562 6189 428 501 93 5
> 10385 5027 134 -132 153 2
> 9627 5477 -176 59 -37 1
> 4933 4943 96 187 144 1
! 28537 -1034 200 sims=386624 RUNNER
! -6823 21123 0 sims=386624 BLOCKER
> 8990 6690 363 425 111 5
> 10341 4986 -37 -35 153 2
> 9640 5471 11 -5 -19 1
> 5029 5130 81 158 126 1
! -53941 84404 0
! -60369 75696 200
> 8990 6690 363 425 111 5
> 10341 4986 -37 -35 153 2
> 9640 5471 11 -5 -19 1
> 5029 5130 81 158 126 1
! 25613 -6565 200 sims=367220 RUNNER
! -11151 16886 0 sims=367220 BLOCKER
> 9353 7115 308 361 129 5
> 10464 4883 140 -112 135 2
> 9510 5555 -147 96 -37 1
> 5110 5288 68 134 144 1
! -74514 61578 0
! -60246 75593 200
> 9353 7115 308 361 129 5
> 10464 4883 140 -112 135 2
> 9510 5555 -147 96 -37 1
> 5110 5288 68 134 144 1
! 25483 -6481 200 sims=393722 RUNNER
! -13911 11468 0 sims=393722 BLOCKER
> 9661 7476 261 306 147 5
> 10463 4912 -1 25 135 2
> 9523 5531 10 -20 -37 1
> 5178 5422 57 113 162 1
! -86931 33357 200
! -78637 50311 200
> 9661 7476 261 306 147 5
> 10463 4912 -1 25 135 2
> 9523 5531 10 -20 -37 1
> 5178 5422 57 113 162 1
! 25496 -6505 200 sims=373667 RUNNER
! -11002 17178 0 sims=373667 BLOCKER
> 9729 7834 57 304 165 5
> 10374 4971 158 -97 153 2
> 9603 5447 -166 76 -37 1
> 5235 5535 48 96 144 1
! -90133 2600 200
! -78726 50370 200
> 9729 7834 57 304 165 5
> 10374 4971 158 -97 153 2
> 9603 5447 -166 76 -37 1
> 5235 5535 48 96 144 1
! 28513 -1064 200 sims=384867 RUNNER
! -13786 11715 0 sims=384867 BLOCKER
> 9586 8128 -121 249 183 5
> 10354 4965 -17 -5 153 2
> 9626 5458 19 9 -19 1
> 5283 5631 40 81 162 1
! -83772 -27708 200
! -60356 75675 200
> 9586 8128 -121 249 183 5
> 10354 4965 -17 -5 153 2
> 9626 5458 19 9 -19 1
> 5283 5631 40 81 162 1
! 25599 -6578 200 sims=331107 RUNNER
! -10897 17387 0 sims=331107 BLOCKER
> 9278 8305 -261 150 -159 5
> 10477 4913 160 -82 135 2
> 9523 5536 -143 103 -37 1
> 5323 5712 34 68 144 1
! -84080 -27531 200
! -78623 50312 200
> 9278 8305 -261 150 -159 5
> 10477 4913 160 -82 135 2
> 9523 5536 -143 103 -37 1
> 5323 5712 34 68 144 1
! 25496 -6500 200 sims=377825 RUNNER
! -6433 21892 0 sims=377825 BLOCKER
> 8830 8383 -380 66 -159 5
> 10459 4922 -15 7 153 2
> 9540 5519 14 -14 -37 1
> 5357 5780 28 57 126 1
! -84528 -27453 200
! -78641 50321 200
> 8830 8383 -380 66 -159 5
> 10459 4922 -15 7 153 2
> 9540 5519 14 -14 -37 1
> 5357 5780 28 57 126 1
! 25513 -6517 200 sims=363111 RUNNER
! -823 24801 0 sims=363111 BLOCKER
> 8263 8377 -481 -4 -159 5
> 10381 4944 144 -119 153 2
> 9598 5460 -160 88 -37 1
> 5385 5837 23 48 108 1
! -85095 -27459 200
! -60329 75654 200
> 8263 8377 -481 -4 -159 5
> 10381 4944 144 -119 153 2
> 9598 5460 -160 88 -37 1
> 5385 5837 23 48 108 1
! 28508 -1051 200 sims=367759 RUNNER
! -795 24858 200 sims=367759 BLOCKER
> 7595 8301 -567 -64 -159 5
> 10384 4966 2 19 135 2
> 9627 5483 24 19 -19 1
> 5346 6075 -32 202 108 1
! -85763 -27535 0
! -60326 75676 200
> 7595 8301 -567 -64 -159 5
> 10384 4966 2 19 135 2
> 9627 5483 24 19 -19 1
> 5346 6075 -32 202 108 1
! 25600 -6553 0 sims=343777 RUNNER
! 5346 26075 200 sims=343777 BLOCKER
> 7028 8237 -481 -54 -159 5
> 10331 5069 42 30 135 2
> 9565 5559 -140 122 -37 1
> 5314 6477 -27 341 90 1
! -86330 -27599 200
! -78769 50468 200
> 7028 8237 -481 -54 -159 5
> 10331 5069 42 30 135 2
> 9565 5559 -140 122 -37 1
> 5314 6477 -27 341 90 1
! 25538 -6477 200 sims=351631 RUNNER
! 11494 25498 200 sims=351631 BLOCKER
> 6360 8111 -567 -106 -159 5
> 10276 5139 41 4 153 2
> 9503 5611 -140 99 -37 1
> 5349 7008 29 451 72 1
! -86998 -27725 SHIELD
! -78824 50538 200
> 6360 8111 -567 -106 -159 5
> 10276 5139 41 4 153 2
> 9503 5611 -140 99 -37 1
> 5349 7008 29 451 72 1
! 25476 -6425 200 sims=376096 RUNNER
! 11529 26029 SHIELD sims=376096 BLOCKER
> 5864 8094 -53 445 -159 5
> 10224 5183 42 -13 153 2
> 9438 5640 -141 76 -37 1
> 5307 7370 -403 -152 72 1
! -87494 -27742 0
! -78876 50582 200
> 5864 8094 -53 445 -159 5
> 10224 5183 42 -13 153 2
> 9438 5640 -141 76 -37 1
> 5307 7370 -403 -152 72 1
! 25411 -6396 200 sims=373506 RUNNER
! 5307 27370 0 sims=373506 BLOCKER
> 5811 8539 -45 378 -159 5
> 10171 5214 45 -23 153 2
> 9373 5642 -145 52 -37 1
> 4904 7218 -342 -129 90 1
! -87547 -27297 0
! -88597 20857 0
> 5811 8539 -45 378 -159 5
> 10171 5214 45 -23 153 2
> 9373 5642 -145 52 -37 1
> 4904 7218 -342 -129 90 1
! 28283 -869 200 sims=368116 RUNNER
! 11084 26239 0 sims=368116 BLOCKER
> 5766 8917 -38 321 -159 5
> 10216 5191 38 -19 171 2
> 9417 5629 37 -11 -19 1
> 4562 7089 -290 -109 72 1
! -71948 -54014 0
! -78884 50590 200
> 5766 8917 -38 321 -159 5
> 10216 5191 38 -19 171 2
> 9417 5629 37 -11 -19 1
> 4562 7089 -290 -109 72 1
! 25390 -6407 200 sims=363454 RUNNER
! 10742 26110 0 sims=363454 BLOCKER
> 5728 9238 -32 272 -141 5
> 10324 5129 174 -97 153 2
> 9366 5632 -126 47 -37 1
> 4272 6980 -246 -92 72 1
! -48735 -74629 200
! -78776 50528 200
> 5728 9238 -32 272 -141 5
> 10324 5129 174 -97 153 2
> 9366 5632 -126 47 -37 1
> 4272 6980 -246 -92 72 1
! 28276 -879 200 sims=369229 RUNNER
! 10452 26001 200 sims=369229 BLOCKER
> 5587 9342 -119 88 -123 5
> 10320 5123 -3 -5 153 2
> 9429 5614 53 -15 -19 1
> 4088 7078 -156 83 72 1
! -48876 -74525 200
! -78780 50522 200
> 5587 9342 -119 88 -123 5
> 10320 5123 -3 -5 153 2
> 9429 5614 53 -15 -19 1
> 4088 7078 -156 83 72 1
! 25402 -6422 200 sims=342349 RUNNER
! 15844 23258 200 sims=342349 BLOCKER
> 5359 9262 -193 -67 -123 5
> 10344 5096 182 -111 153 2
> 9436 5591 -155 69 -37 1
> 4050 7323 -32 208 54 1
! -72355 -53669 200
! -78756 50495 200
> 5359 9262 -193 -67 -123 5
> 10344 5096 182 -111 153 2
> 9436 5591 -155 69 -37 1
> 4050 7323 -32 208 54 1
! 28346 -920 200 sims=359646 RUNNER
! 20230 19079 200 sims=359646 BLOCKER
> 5011 9069 -296 -163 -141 5
> 10348 5076 3 -17 153 2
> 9470 5595 28 3 -19 1
> 4180 7649 110 276 36 1
! -49452 -74798 200
! -60362 75786 200
> 5011 9069 -296 -163 -141 5
> 10348 5076 3 -17 153 2
> 9470 5595 28 3 -19 1
> 4180 7649 110 276 36 1
! 25443 -6441 200 sims=353241 RUNNER
! 15936 23829 0 sims=353241 BLOCKER
> 4606 8738 -344 -281 -123 5
> 10370 5112 181 -59 135 2
> 9498 5566 -139 65 -37 1
> 4290 7925 93 234 54 1
! -21276 -87854 SHIELD
! -78730 50511 200
> 4606 8738 -344 -281 -123 5
> 10370 5112 181 -59 135 2
> 9498 5566 -139 65 -37 1
> 4290 7925 93 234 54 1
! 28408 -945 200 sims=381738 RUNNER
! 16046 24105 SHIELD sims=381738 BLOCKER
> 4448 8984 -113 266 -105 5
> 10373 5144 2 27 153 2
> 9548 5566 42 0 -19 1
> 4197 7632 -99 -306 54 1
! 9681 -90878 0
! -78727 50543 200
> 4448 8984 -113 266 -105 5
> 10373 5144 2 27 153 2
> 9548 5566 42 0 -19 1
> 4197 7632 -99 -306 54 1
! 25521 -6470 200 sims=367416 RUNNER
! 10377 26653 0 sims=367416 BLOCKER
