@ 0 reCurse
@ 1 YurkovAS
CP 4
CP 14661 1413
CP 3467 7203
CP 9414 7260
CP 5980 4261
> 14891 1857 0 0 -1 1
> 14431 969 0 0 -1 1
> 15350 2745 0 0 -1 1
> 13972 81 0 0 -1 1
! -58151 70156 200
! -83518 21114 200
> 14891 1857 0 0 -1 1
> 14431 969 0 0 -1 1
> 15350 2745 0 0 -1 1
> 13972 81 0 0 -1 1
! 5895 6001 BOOST sims=265272 RUNNER
! 5585 5527 BOOST sims=265272 BLOCKER
> 14745 1994 -124 116 137 1
> 14235 1009 -166 34 168 1
> 14735 2957 -522 179 161 1
> 13427 435 -463 300 147 1
! -75885 44255 200
! -72367 51009 200
> 14745 1994 -124 116 137 1
> 14235 1009 -166 34 168 1
> 14735 2957 -522 179 161 1
> 13427 435 -463 300 147 1
! 5280 6213 200 sims=321584 RUNNER
! 5040 5881 200 sims=321584 BLOCKER
> 14440 2195 -259 170 155 1
> 13895 1142 -288 112 150 1
> 14024 3201 -604 207 161 1
> 12796 844 -536 347 147 1
! -76190 44456 200
! -72707 51142 200
> 14440 2195 -259 170 155 1
> 13895 1142 -288 112 150 1
> 14024 3201 -604 207 161 1
> 12796 844 -536 347 147 1
! 4569 6457 200 sims=313448 RUNNER
! 4409 6290 200 sims=313448 BLOCKER
> 14000 2450 -374 216 155 1
> 13434 1354 -392 180 150 1
> 13231 3473 -674 231 161 1
> 12092 1300 -598 387 147 1
! -76630 44711 200
! -73168 51354 200
> 14000 2450 -374 216 155 1
> 13434 1354 -392 180 150 1
> 13231 3473 -674 231 161 1
> 12092 1300 -598 387 147 1
! 5245 9491 200 sims=289192 RUNNER
! 3705 6746 200 sims=289192 BLOCKER
> 13445 2751 -471 255 155 1
> 12869 1634 -480 238 150 1
> 12397 3824 -708 298 143 1
> 11326 1796 -650 421 147 1
! -77185 45012 200
! -73733 51634 200
> 13445 2751 -471 255 155 1
> 12869 1634 -480 238 150 1
> 12397 3824 -708 298 143 1
> 11326 1796 -650 421 147 1
! 2942 7080 200 sims=343520 RUNNER
! 2939 7242 200 sims=343520 BLOCKER
> 12793 3091 -554 288 155 1
> 12216 1972 -555 287 150 1
> 11500 4187 -762 308 161 1
> 10508 2326 -695 450 147 1
! -77837 45352 200
! -74386 51972 200
> 12793 3091 -554 288 155 1
> 12216 1972 -555 287 150 1
> 11500 4187 -762 308 161 1
> 10508 2326 -695 450 147 1
! 1502 4362 200 sims=338072 RUNNER
! 2121 7772 200 sims=338072 BLOCKER
> 12058 3464 -624 316 155 1
> 11488 2359 -618 328 150 1
> 10538 4499 -817 264 179 1
> 9645 2885 -733 475 147 1
! -78572 45725 200
! -75114 52359 0
> 12058 3464 -624 316 155 1
> 11488 2359 -618 328 150 1
> 10538 4499 -817 264 179 1
> 9645 2885 -733 475 147 1
! 1083 7755 200 sims=326576 RUNNER
! 3352 10656 0 sims=326576 BLOCKER
> 11253 3865 -684 340 155 1
> 10870 2687 -525 278 150 1
> 9532 4828 -855 279 161 1
> 8912 3360 -623 403 129 1
! -88001 16051 200
! -75732 52687 200
> 11253 3865 -684 340 155 1
> 10870 2687 -525 278 150 1
> 9532 4828 -855 279 161 1
> 8912 3360 -623 403 129 1
! 1546 10846 200 sims=311168 RUNNER
! 525 8806 0 sims=311168 BLOCKER
> 10370 4229 -750 309 173 1
> 10172 3065 -593 321 150 1
> 8517 5227 -862 339 143 1
> 8289 3763 -529 342 147 1
! -80260 46490 200
! -56741 77379 200
> 10370 4229 -750 309 173 1
> 10172 3065 -593 321 150 1
> 8517 5227 -862 339 143 1
> 8289 3763 -529 342 147 1
! -938 8483 200 sims=202408 RUNNER
! 1996 11534 0 sims=202408 BLOCKER
> 9439 4623 -791 334 155 1
> 9445 3535 -617 399 132 1
> 7466 5631 -893 343 161 1
> 7760 4105 -449 290 129 1
! -81191 46884 200
! -77157 53535 200
> 9439 4623 -791 334 155 1
> 9445 3535 -617 399 132 1
> 7466 5631 -893 343 161 1
> 7760 4105 -449 290 129 1
! -520 11649 0 sims=230096 RUNNER
! 4176 13441 200 sims=230096 BLOCKER
> 8467 5042 -826 355 155 1
> 8655 4034 -671 424 150 1
> 6573 5974 -759 291 143 1
> 7239 4582 -442 405 111 1
! -90787 17228 200
! -89159 24825 200
> 8467 5042 -826 355 155 1
> 8655 4034 -671 424 150 1
> 6573 5974 -759 291 143 1
> 7239 4582 -442 405 111 1
! -2882 9230 0 sims=253224 RUNNER
! 6716 14568 0 sims=253224 BLOCKER
> 7461 5433 -512 555 173 1
> 7788 4500 -736 395 168 1
> 5814 6265 -645 247 161 1
> 6778 4975 -734 111 93 1
! -90701 -13647 200
! -78814 54500 200
> 7461 5433 -512 555 173 1
> 7788 4500 -736 395 168 1
> 5814 6265 -645 247 161 1
> 6778 4975 -734 111 93 1
! -2172 12283 0 sims=215872 RUNNER
! 9366 14634 200 sims=215872 BLOCKER
> 6753 5950 -602 439 -169 1
> 6879 4995 -772 420 150 1
> 5169 6512 -548 209 143 1
> 6096 5279 -579 258 75 1
! -91409 -13130 200
! -60034 79309 200
> 6753 5950 -602 439 -169 1
> 6879 4995 -772 420 150 1
> 5169 6512 -548 209 143 1
> 6096 5279 -579 258 75 1
! -567 14704 200 sims=208160 RUNNER
! 11542 13666 200 sims=208160 BLOCKER
> 5955 6351 -678 340 -169 1
> 6373 5418 -403 350 132 1
> 4506 6885 -563 316 125 1
> 5226 5850 -765 495 57 1
! -81507 -42129 200
! -34300 96772 0
> 5955 6351 -678 340 -169 1
> 6373 5418 -403 350 132 1
> 4506 6885 -563 316 125 1
> 5226 5850 -765 495 57 1
! 1582 16448 0 sims=219256 RUNNER
! 12997 12143 200 sims=219256 BLOCKER
> 5376 6765 -431 389 -151 1
> 5970 5768 -342 297 114 1
> 3943 7201 -478 268 107 2
> 4343 6300 -811 345 39 1
! -62823 -66370 200
! -4482 105220 0
> 5376 6765 -431 389 -151 1
> 5970 5768 -342 297 114 1
> 3943 7201 -478 268 107 2
> 4343 6300 -811 345 39 1
! 4118 17199 0 sims=284232 RUNNER
! 13679 9884 200 sims=284232 BLOCKER
> 4809 7008 -482 206 -133 1
> 5628 6065 -290 252 96 1
> 3463 7476 -465 399 89 2
> 3721 6710 -471 182 21 2
! -63390 -66127 200
! 26419 103879 0
> 4809 7008 -482 206 -133 1
> 5628 6065 -290 252 96 1
> 3463 7476 -465 399 89 2
> 3721 6710 -471 182 21 2
! 6719 16931 0 sims=298144 RUNNER
! 11492 13003 200 sims=298144 BLOCKER
> 4204 7069 -253 71 -133 1
> 5338 6317 -246 214 78 1
> 2998 7875 -395 339 71 2
> 3392 7017 -539 241 39 2
! -38057 -83561 0
! -5114 105769 0
> 4204 7069 -253 71 -133 1
> 5338 6317 -246 214 78 1
> 2998 7875 -395 339 71 2
> 3392 7017 -539 241 39 2
! 9016 15861 0 sims=336232 RUNNER
! 12728 10601 200 sims=336232 BLOCKER
> 3951 7140 -215 60 -115 2
> 5092 6531 -209 181 96 1
> 2603 8214 -335 288 53 2
> 3040 7330 -299 265 21 2
! -8236 -92114 0
! 25883 104345 0
> 3951 7140 -215 60 -115 2
> 5092 6531 -209 181 96 1
> 2603 8214 -335 288 53 2
> 3040 7330 -299 265 21 2
! 10795 13950 200 sims=315896 RUNNER
! 12376 10914 200 sims=315896 BLOCKER
> 3736 7200 -182 51 -97 2
> 4883 6712 -177 153 78 1
> 2432 8617 -145 342 35 2
> 2928 7667 -95 286 21 2
! 22816 -90962 0
! -5569 106164 200
> 3736 7200 -182 51 -97 2
> 4883 6712 -177 153 78 1
> 2432 8617 -145 342 35 2
> 2928 7667 -95 286 21 2
! 11995 11541 200 sims=316816 RUNNER
! 12914 8190 200 sims=316816 BLOCKER
> 3554 7251 -154 43 -79 2
> 4685 7064 -168 299 96 1
> 2478 9017 39 340 17 2
> 3033 7963 89 252 3 2
! 52034 -80211 0
! -35988 98418 200
> 3554 7251 -154 43 -79 2
> 4685 7064 -168 299 96 1
> 2478 9017 39 340 17 2
> 3033 7963 89 252 3 2
! 12476 8842 200 sims=324520 RUNNER
! 13019 8486 200 sims=324520 BLOCKER
> 3400 7294 -130 36 -61 2
> 4436 7546 -211 409 114 1
> 2717 9354 203 286 -1 2
> 3322 8225 245 223 3 2
! 76535 -60905 200
! -62477 81860 200
> 3400 7294 -130 36 -61 2
> 4436 7546 -211 409 114 1
> 2717 9354 203 286 -1 2
> 3322 8225 245 223 3 2
! 12172 6098 200 sims=314496 RUNNER
! 12981 5637 200 sims=314496 BLOCKER
> 3416 7194 13 -85 -43 2
> 4389 7898 311 57 132 1
> 3109 9575 333 187 -19 2
> 3463 8601 -232 562 -15 2
! 94046 -35067 200
! -82213 57898 0
> 3416 7194 13 -85 -43 2
> 4389 7898 311 57 132 1
> 3109 9575 333 187 -19 2
> 3463 8601 -232 562 -15 2
! 11095 3557 200 sims=317656 RUNNER
! 13122 6013 200 sims=317656 BLOCKER
> 3610 7024 165 -144 -25 2
> 4700 7955 264 48 150 1
> 3551 9944 344 497 -37 2
> 3475 8809 40 -6 -15 2
! 102864 -5163 200
! -81902 57955 200
> 3610 7024 165 -144 -25 2
> 4700 7955 264 48 150 1
> 3551 9944 344 497 -37 2
> 3475 8809 40 -6 -15 2
! 9287 1752 200 sims=341776 RUNNER
! 11862 3363 200 sims=341776 BLOCKER
> 3974 6856 308 -143 -7 2
> 4791 8103 77 125 150 1
> 4010 10277 389 283 -55 2
> 3683 8694 176 -97 -33 2
! 102136 25936 200
! -93023 28894 200
> 3974 6856 308 -143 -7 2
> 4791 8103 77 125 150 1
> 4010 10277 389 283 -55 2
> 3683 8694 176 -97 -33 2
! 9746 2085 200 sims=338464 RUNNER
! 9976 923 0 sims=338464 BLOCKER
> 4478 6751 428 -89 11 2
> 4672 8270 -100 141 168 1
> 4514 10396 428 101 -55 2
> 3859 8597 149 -82 -51 2
! 102640 25831 200
! -93142 29061 200
> 4478 6751 428 -89 11 2
> 4672 8270 -100 141 168 1
> 4514 10396 428 101 -55 2
> 3859 8597 149 -82 -51 2
! 10250 2204 200 sims=325384 RUNNER
! 7443 -739 0 sims=325384 BLOCKER
> 5102 6700 530 -43 11 2
> 4781 8297 153 0 168 1
> 5057 10333 461 -53 -55 2
> 3603 8671 -277 86 -69 2
! 103264 25780 200
! -94671 -2155 0
> 5102 6700 530 -43 11 2
> 4781 8297 153 0 168 1
> 5057 10333 461 -53 -55 2
> 3603 8671 -277 86 -69 2
! 10793 2141 200 sims=337144 RUNNER
! 9896 900 200 sims=337144 BLOCKER
> 5828 6695 617 -4 11 2
> 4934 8297 130 0 -174 1
> 5633 10116 489 -184 -55 2
> 3452 8602 -128 -59 -51 2
! 93289 55175 200
! -86420 -32376 0
> 5828 6695 617 -4 11 2
> 4934 8297 130 0 -174 1
> 5633 10116 489 -184 -55 2
> 3452 8602 -128 -59 -51 2
! 8557 553 200 sims=335248 RUNNER
! 9745 831 200 sims=335248 BLOCKER
> 6620 6788 673 79 29 2
> 5064 8297 110 0 -156 1
> 6180 9741 465 -318 -73 2
> 3450 8388 -1 -182 -51 2
! 104782 25868 200
! -69250 -58615 0
> 6620 6788 673 79 29 2
> 5064 8297 110 0 -156 1
> 6180 9741 465 -318 -73 2
> 3450 8388 -1 -182 -51 2
! 11916 1549 200 sims=332872 RUNNER
! 9743 617 200 sims=332872 BLOCKER
> 7489 6905 738 99 11 2
> 5174 8297 93 0 -138 1
> 6760 9259 492 -409 -55 2
> 3575 8051 106 -286 -51 2
! 106743 -5281 0
! -44826 -78305 0
> 7489 6905 738 99 11 2
> 5174 8297 93 0 -138 1
> 6760 9259 492 -409 -55 2
> 3575 8051 106 -286 -51 2
! 14746 3241 200 sims=339136 RUNNER
! 7159 -1285 0 sims=339136 BLOCKER
> 8227 7004 627 84 -7 2
> 5267 8297 79 0 -120 1
> 7412 8730 553 -449 -37 2
> 3681 7765 90 -243 -69 2
! 98857 -35257 0
! -15524 -89517 0
> 8227 7004 627 84 -7 2
> 5267 8297 79 0 -120 1
> 7412 8730 553 -449 -37 2
> 3681 7765 90 -243 -69 2
! 13148 538 200 sims=311464 RUNNER
! 9974 -6 0 sims=311464 BLOCKER
> 8854 7088 532 71 -25 3
> 5346 8297 67 0 -102 1
> 8080 8117 567 -520 -55 2
> 3771 7522 76 -206 -51 2
! 81989 -61111 0
! 15798 -91155 200
> 8854 7088 532 71 -25 3
> 5346 8297 67 0 -102 1
> 8080 8117 567 -520 -55 2
> 3771 7522 76 -206 -51 2
! 13816 -75 200 sims=325416 RUNNER
! 7355 -1814 0 sims=325416 BLOCKER
> 9493 7085 838 -204 -43 3
> 5434 8098 74 -169 -84 1
> 8654 7507 193 -316 -55 2
> 3847 7316 64 -175 -69 2
! 57973 -80377 0
! 46107 -83256 200
> 9493 7085 838 -204 -43 3
> 5434 8098 74 -169 -84 1
> 8654 7507 193 -316 -55 2
> 3847 7316 64 -175 -69 2
! 11578 -2056 0 sims=320808 RUNNER
! 10140 -455 0 sims=320808 BLOCKER
> 10331 6881 712 -173 -61 3
> 5589 7746 132 -298 -66 1
> 8847 7191 164 -268 -73 3
> 3911 7141 54 -148 -51 2
! 29411 -91281 0
! 72501 -66568 200
> 10331 6881 712 -173 -61 3
> 5589 7746 132 -298 -66 1
> 8847 7191 164 -268 -73 3
> 3911 7141 54 -148 -51 2
! 8672 -2807 0 sims=332400 RUNNER
! 12298 1695 0 sims=332400 BLOCKER
> 11043 6708 605 -147 -79 3
> 5855 7299 225 -379 -48 1
> 9011 6923 139 -227 -91 3
> 3965 6993 45 -125 -33 2
! -1144 -92546 0
! 92457 -42701 0
> 11043 6708 605 -147 -79 3
> 5855 7299 225 -379 -48 1
> 9011 6923 139 -227 -91 3
> 3965 6993 45 -125 -33 2
! 5755 -2532 0 sims=343680 RUNNER
! 13624 4405 200 sims=343680 BLOCKER
> 11648 6561 514 -124 -97 3
> 6080 6920 191 -322 -30 1
> 9150 6696 118 -192 -109 3
> 4203 6816 202 -150 -15 2
! -30613 -84069 0
! 92682 -43080 0
> 11648 6561 514 -124 -97 3
> 6080 6920 191 -322 -30 1
> 9150 6696 118 -192 -109 3
> 4203 6816 202 -150 -15 2
! 3132 -1290 0 sims=331088 RUNNER
! 13862 4228 200 sims=331088 BLOCKER
> 12162 6437 436 -105 -115 3
> 6271 6598 162 -273 -30 1
> 9268 6504 100 -163 -127 3
> 4598 6614 335 -171 -15 2
! -56037 -66698 200
! 104085 -14193 200
> 12162 6437 436 -105 -115 3
> 6271 6598 162 -273 -30 1
> 9268 6504 100 -163 -127 3
> 4598 6614 335 -171 -15 2
! 1076 768 0 sims=322912 RUNNER
! 14257 4026 200 sims=322912 BLOCKER
> 12462 6186 254 -213 -133 3
> 6629 6283 303 -267 -12 1
> 9368 6341 85 -138 -145 3
> 5126 6391 448 -189 -15 2
! -75000 -42294 200
! 106081 16735 200
> 12462 6186 254 -213 -133 3
> 6629 6283 303 -267 -12 1
> 9368 6341 85 -138 -145 3
> 5126 6391 448 -189 -15 2
! -195 3417 200 sims=295552 RUNNER
! 14785 3803 200 sims=295552 BLOCKER
> 12541 5876 67 -263 -151 3
> 7131 6037 426 -209 6 1
> 9262 6145 -90 -167 -163 3
> 5767 6150 545 -204 -15 2
! -85621 -13204 200
! 106583 16489 200
> 12541 5876 67 -263 -151 3
> 7131 6037 426 -209 6 1
> 9262 6145 -90 -167 -163 3
> 5767 6150 545 -204 -15 2
! 1070 409 200 sims=296040 RUNNER
! 14154 704 0 sims=296040 BLOCKER
> 12412 5575 -109 -255 -169 3
> 7756 5849 531 -159 6 1
> 9008 5863 -215 -239 -145 3
> 6312 5946 463 -173 -33 2
! -86842 17762 200
! 105570 -14942 200
> 12412 5575 -109 -255 -169 3
> 7756 5849 531 -159 6 1
> 9008 5863 -215 -239 -145 3
> 6312 5946 463 -173 -33 2
! -555 2939 200 sims=304856 RUNNER
! 14699 500 200 sims=304856 BLOCKER
> 12104 5344 -261 -196 -187 3
> 7805 5669 -341 -140 -12 1
> 9280 5545 614 -282 -163 3
> 6943 5664 536 -239 -33 2
! -78526 47605 200
! 94407 -44331 200
> 12104 5344 -261 -196 -187 3
> 7805 5669 -341 -140 -12 1
> 9280 5545 614 -282 -163 3
> 6943 5664 536 -239 -33 2
! 1088 -191 200 sims=305680 RUNNER
! 15330 218 SHIELD sims=305680 BLOCKER
> 11662 5233 -375 -94 -205 3
> 8804 5436 945 -197 -30 1
> 9730 5148 382 -337 -145 3
> 7362 5424 346 -203 -33 2
! -78968 47494 200
! 75716 -68878 200
> 11662 5233 -375 -94 -205 3
> 8804 5436 945 -197 -30 1
> 9730 5148 382 -337 -145 3
> 7362 5424 346 -203 -33 2
! 1538 -588 SHIELD sims=313848 RUNNER
! 17021 2836 0 sims=313848 BLOCKER
> 11106 5224 -472 -8 155 3
> 9057 5406 -26 67 -48 1
> 10195 4779 419 -322 -145 3
> 7708 5221 294 -172 -15 2
! -79524 47485 200
! 49730 -85948 200
> 11106 5224 -472 -8 155 3
> 9057 5406 -26 67 -48 1
> 10195 4779 419 -322 -145 3
> 7708 5221 294 -172 -15 2
! 2003 -957 SHIELD sims=317912 RUNNER
! 17694 5744 0 sims=317912 BLOCKER
> 10832 5697 -70 571 155 3
> 9112 5290 47 -98 -66 1
> 10576 4417 307 -324 -145 3
> 8002 5049 249 -146 3 2
! -88422 17883 200
! 76024 -69024 200
> 10832 5697 -70 571 155 3
> 9112 5290 47 -98 -66 1
> 10576 4417 307 -324 -145 3
> 8002 5049 249 -146 3 2
! 1013 1493 0 sims=335248 RUNNER
! 17338 8633 0 sims=335248 BLOCKER
> 10563 6292 -228 506 173 3
> 9293 5043 153 -209 -48 1
> 10883 4093 260 -275 -163 3
> 8251 4903 211 -124 21 2
! -87599 -12788 200
! 76205 -69271 200
> 10563 6292 -228 506 173 3
> 9293 5043 153 -209 -48 1
> 10883 4093 260 -275 -163 3
> 8251 4903 211 -124 21 2
! 885 4268 0 sims=328392 RUNNER
! 18237 5426 200 sims=328392 BLOCKER
> 10139 6760 -360 397 -169 3
> 9580 4685 243 -303 -48 1
> 11143 3818 221 -233 -181 3
> 8662 4789 349 -96 3 2
! -77323 -41720 200
! 76492 -69629 0
> 10139 6760 -360 397 -169 3
> 9580 4685 243 -303 -48 1
> 11143 3818 221 -233 -181 3
> 8662 4789 349 -96 3 2
! 1580 894 0 sims=318568 RUNNER
! 18321 2201 0 sims=318568 BLOCKER
> 9604 7060 -454 255 -151 3
> 9823 4382 206 -257 -48 1
> 11364 3585 187 -198 -163 3
> 9011 4693 296 -81 -15 2
! -58595 -66075 200
! 50496 -86972 0
> 9604 7060 -454 255 -151 3
> 9823 4382 206 -257 -48 1
> 11364 3585 187 -198 -163 3
> 9011 4693 296 -81 -15 2
! 3172 -2151 200 sims=314568 RUNNER
! 17398 -753 0 sims=314568 BLOCKER
> 9014 7169 -501 92 -133 3
> 10029 4125 175 -218 -66 1
> 11387 3272 19 -265 -145 3
> 9307 4612 251 -68 -33 2
! -33247 -83461 200
! 20481 -95327 200
> 9014 7169 -501 92 -133 3
> 10029 4125 175 -218 -66 1
> 11387 3272 19 -265 -145 3
> 9307 4612 251 -68 -33 2
! 5369 -4714 200 sims=305448 RUNNER
! 15600 -3159 200 sims=305448 BLOCKER
> 8428 7080 -497 -75 -115 3
> 10225 3708 166 -354 -84 1
> 11286 2847 -86 -361 -127 3
> 9684 4389 320 -189 -51 2
! -3759 -92174 200
! -10566 -94106 200
> 8428 7080 -497 -75 -115 3
> 10225 3708 166 -354 -84 1
> 11286 2847 -86 -361 -127 3
> 9684 4389 320 -189 -51 2
! 3094 -2889 0 sims=330512 RUNNER
! 18071 -1057 0 sims=330512 BLOCKER
> 7907 6806 -443 -232 -97 3
> 10349 3158 105 -467 -102 1
> 11200 2486 -73 -306 -145 3
> 10004 4200 272 -160 -33 2
! -4280 -92448 200
! -39651 -83444 SHIELD
> 7907 6806 -443 -232 -97 3
> 10349 3158 105 -467 -102 1
> 11200 2486 -73 -306 -145 3
> 10004 4200 272 -160 -33 2
! 1637 -438 0 sims=317344 RUNNER
! 18391 -1246 200 sims=317344 BLOCKER
> 7440 6375 -397 -365 -97 3
> 10454 2691 89 -396 -120 1
> 11127 2180 -62 -260 -163 3
> 10444 3931 373 -228 -33 2
! -4747 -92879 200
! -63860 -64222 SHIELD
> 7440 6375 -397 -365 -97 3
> 10454 2691 89 -396 -120 1
> 11127 2180 -62 -260 -163 3
> 10444 3931 373 -228 -33 2
! 1129 2355 0 sims=328336 RUNNER
! 16737 -3840 0 sims=328336 BLOCKER
> 7019 5811 -358 -478 -97 3
> 10520 2312 50 -317 -138 1
> 11294 1748 197 -408 -181 3
> 10817 3703 317 -193 -51 2
! 26099 -92351 200
! -80834 -38361 0
> 7019 5811 -358 -478 -97 3
> 10520 2312 50 -317 -138 1
> 11294 1748 197 -408 -181 3
> 10817 3703 317 -193 -51 2
! 1839 5004 200 sims=330624 RUNNER
! 19204 -1743 0 sims=330624 BLOCKER
> 6699 5137 -271 -573 -79 3
> 10570 1995 42 -269 -156 1
> 11302 1405 6 -291 -199 3
> 11134 3510 269 -164 -33 2
! 55179 -82325 0
! -88882 -8457 200
> 6699 5137 -271 -573 -79 3
> 10570 1995 42 -269 -156 1
> 11302 1405 6 -291 -199 3
> 11134 3510 269 -164 -33 2
! 3316 7423 0 sims=317320 RUNNER
! 20793 922 0 sims=317320 BLOCKER
> 6428 4564 -230 -487 -61 0
> 10612 1726 35 -228 -174 1
> 11308 1114 5 -247 -217 3
> 11403 3346 228 -139 -15 2
! 79563 -63635 0
! -87202 22517 SHIELD
> 6428 4564 -230 -487 -61 0
> 10612 1726 35 -228 -174 1
> 11308 1114 5 -247 -217 3
> 11403 3346 228 -139 -15 2
! 5572 9306 0 sims=345712 RUNNER
! 19790 -2100 0 sims=345712 BLOCKER
> 6198 4077 -195 -413 -43 0
> 10647 1498 29 -193 -192 1
> 11313 867 4 -209 -235 3
> 11631 3207 193 -118 -33 2
! 96828 -38184 200
! -88805 -8954 200
> 6198 4077 -195 -413 -43 0
> 10647 1498 29 -193 -192 1
> 11313 867 4 -209 -235 3
> 11631 3207 193 -118 -33 2
! 3327 6885 0 sims=342592 RUNNER
! 21290 619 0 sims=342592 BLOCKER
> 6184 3579 -11 -422 -25 0
> 10676 1305 24 -164 -174 1
> 11317 658 3 -177 143 3
> 11824 3089 164 -100 -15 2
! 105438 -8608 200
! -87138 22096 SHIELD
> 6184 3579 -11 -422 -25 0
> 10676 1305 24 -164 -174 1
> 11317 658 3 -177 143 3
> 11824 3089 164 -100 -15 2
! 5581 8850 200 sims=337112 RUNNER
! 20211 -2357 0 sims=337112 BLOCKER
> 6372 3133 159 -379 -7 0
> 10688 1153 -1 -117 168 1
> 11324 527 126 -232 125 3
> 11988 2989 139 -85 -33 2
! 104534 22213 200
! -87126 21944 0
> 6372 3133 159 -379 -7 0
> 10688 1153 -1 -117 168 1
> 11324 527 126 -232 125 3
> 11988 2989 139 -85 -33 2
! 3338 6545 200 sims=349280 RUNNER
! 21647 401 0 sims=349280 BLOCKER
> 6727 2792 302 -289 11 0
> 10687 1036 0 -99 168 1
> 11290 415 -28 -94 143 3
> 12127 2904 118 -72 -15 2
! 94188 51272 200
! -87127 21827 0
> 6727 2792 302 -289 11 0
> 10687 1036 0 -99 168 1
> 11290 415 -28 -94 143 3
> 12127 2904 118 -72 -15 2
! 3304 6433 200 sims=328376 RUNNER
! 20514 -2542 0 sims=328376 BLOCKER
> 7204 2600 405 -163 29 0
> 10577 1055 -133 58 168 1
> 11213 324 -25 -120 143 3
> 12245 2832 100 -61 -33 2
! 105366 21680 200
! -87237 21846 0
> 7204 2600 405 -163 29 0
> 10577 1055 -133 58 168 1
> 11213 324 -25 -120 143 3
> 12245 2832 100 -61 -33 2
! 5477 8516 200 sims=346960 RUNNER
! 21904 244 0 sims=346960 BLOCKER
> 7805 2475 511 -106 11 0
> 10444 1113 -113 49 168 1
> 11073 368 -118 37 125 3
> 12345 2771 85 -51 -15 2
! 95266 50955 200
! -87370 21904 SHIELD
> 7805 2475 511 -106 11 0
> 10444 1113 -113 49 168 1
> 11073 368 -118 37 125 3
> 12345 2771 85 -51 -15 2
! 3087 6386 200 sims=255008 RUNNER
! 20732 -2675 0 sims=255008 BLOCKER
> 8491 2466 583 -7 29 0
> 10330 1164 -113 64 168 1
> 10808 508 -66 -96 143 3
> 12430 2720 72 -43 -33 2
! 106653 21546 200
! -89122 -9288 200
> 8491 2466 583 -7 29 0
> 10330 1164 -113 64 168 1
> 10808 508 -66 -96 143 3
> 12430 2720 72 -43 -33 2
! 2822 6526 200 sims=307968 RUNNER
! 18723 -5051 0 sims=307968 BLOCKER
> 9270 2497 662 26 11 0
> 10171 1298 -158 149 -174 1
> 10628 462 -129 -74 143 3
> 12502 2677 61 -36 -51 2
! 108524 -9689 200
! -89281 -9154 0
> 9270 2497 662 26 11 0
> 10171 1298 -158 149 -174 1
> 10628 462 -129 -74 143 3
> 12502 2677 61 -36 -51 2
! 2642 6480 200 sims=310472 RUNNER
! 16086 -6659 0 sims=310472 BLOCKER
> 10131 2499 731 1 -7 0
> 10013 1447 -134 126 -174 1
> 10339 508 -245 39 143 3
> 12563 2641 51 -30 -69 2
! 109385 -9688 200
! -87801 22238 200
> 10131 2499 731 1 -7 0
> 10013 1447 -134 126 -174 1
> 10339 508 -245 39 143 3
> 12563 2641 51 -30 -69 2
! 2353 6526 200 sims=323888 RUNNER
! 13086 -7345 0 sims=323888 BLOCKER
> 11061 2476 790 -19 -7 0
> 9879 1573 -113 107 168 1
> 9934 667 -344 135 143 3
> 12614 2611 43 -25 -87 2
! 109223 21556 0
! -89573 -8879 200
> 11061 2476 790 -19 -7 0
> 9879 1573 -113 107 168 1
> 9934 667 -344 135 143 3
> 12614 2611 43 -25 -87 2
! 4198 8859 200 sims=285416 RUNNER
! 10026 -7048 0 sims=285416 BLOCKER
> 11851 2457 671 -16 11 0
> 9570 1772 -260 264 -174 1
> 9473 853 -394 63 125 3
> 12657 2586 36 -21 -105 2
! 99312 50937 SHIELD
! -81784 -38901 200
> 11851 2457 671 -16 11 0
> 9570 1772 -260 264 -174 1
> 9473 853 -394 63 125 3
> 12657 2586 36 -21 -105 2
! 6549 10416 200 sims=328152 RUNNER
! 10069 -7073 SHIELD sims=328152 BLOCKER
> 11919 2343 43 -99 29 0
> 9127 1955 -376 155 -156 1
> 9021 1107 -384 216 107 3
> 13296 2663 557 68 -105 2
! 99380 50823 0
! -65187 -64957 0
> 11919 2343 43 -99 29 0
> 9127 1955 -376 155 -156 1
> 9021 1107 -384 216 107 3
> 13296 2663 557 68 -105 2
! 6097 10670 200 sims=332528 RUNNER
! 7850 -5724 0 sims=332528 BLOCKER
> 11962 2244 36 -84 29 0
> 8779 2293 -288 333 -138 1
> 8550 1331 -406 144 107 3
> 13853 2731 473 57 -123 2
! 110124 21324 0
! -65535 -64619 200
> 11962 2244 36 -84 29 0
> 8779 2293 -288 333 -138 1
> 8550 1331 -406 144 107 3
> 13853 2731 473 57 -123 2
! 5626 10894 200 sims=346576 RUNNER
! 6082 -3562 0 sims=346576 BLOCKER
> 11998 2160 30 -71 11 0
> 8342 2492 -371 169 -138 1
> 8086 1666 -394 284 107 3
> 14326 2788 402 48 -141 2
! 111252 -10026 0
! -41658 -84110 200
> 11998 2160 30 -71 11 0
> 8342 2492 -371 169 -138 1
> 8086 1666 -394 284 107 3
> 14326 2788 402 48 -141 2
! 8261 11664 200 sims=307416 RUNNER
! 6555 -3505 0 sims=307416 BLOCKER
> 12028 2089 25 -60 -7 0
> 8001 2892 -272 392 -120 1
> 7565 1746 -459 15 89 3
> 14728 2836 341 40 -141 2
! 111282 -10098 200
! -41999 -83710 200
> 12028 2089 25 -60 -7 0
> 8001 2892 -272 392 -120 1
> 7565 1746 -459 15 89 3
> 14728 2836 341 40 -141 2
! 10821 11201 200 sims=293744 RUNNER
! 6957 -3457 200 sims=293744 BLOCKER
> 12252 2005 189 -71 -7 0
> 7629 3111 -316 185 -120 1
> 7171 1950 -334 173 71 3
> 14914 2750 157 -72 -141 2
! 111506 -10182 200
! -42371 -83491 200
> 12252 2005 189 -71 -7 0
> 7629 3111 -316 185 -120 1
> 7171 1950 -334 173 71 3
> 14914 2750 157 -72 -141 2
! 10427 11405 200 sims=289520 RUNNER
! 7143 -3543 200 sims=289520 BLOCKER
> 12640 1910 329 -81 -7 0
> 7213 3123 -353 10 -120 1
> 6902 2312 -228 307 71 3
> 14916 2552 1 -168 -141 2
! 110802 20990 200
! -13578 -94691 SHIELD
> 12640 1910 329 -81 -7 0
> 7213 3123 -353 10 -120 1
> 6902 2312 -228 307 71 3
> 14916 2552 1 -168 -141 2
! 10158 11767 SHIELD sims=316728 RUNNER
! 5580 -1032 200 sims=316728 BLOCKER
> 13165 1867 446 -36 11 0
> 6950 3370 -202 264 -102 1
> 6584 2382 -291 5 71 3
> 14730 2312 -157 -203 -159 2
! 111327 20947 200
! 17402 -96082 0
> 13165 1867 446 -36 11 0
> 6950 3370 -202 264 -102 1
> 6584 2382 -291 5 71 3
> 14730 2312 -157 -203 -159 2
! 9840 11837 0 sims=307200 RUNNER
! 4744 1789 0 sims=307200 BLOCKER
> 13807 1869 545 1 11 0
> 6748 3634 -171 224 -84 1
> 6293 2387 -247 4 71 3
> 14573 2109 -133 -172 -177 2
! 101268 50349 SHIELD
! -14043 -94180 0
> 13807 1869 545 1 11 0
> 6748 3634 -171 224 -84 1
> 6293 2387 -247 4 71 3
> 14573 2109 -133 -172 -177 2
! 9549 11842 0 sims=349408 RUNNER
! 4587 1586 SHIELD sims=349408 BLOCKER
> 13688 1662 -103 -176 29 0
> 6577 3858 -145 190 -102 1
> 6046 2391 -209 3 71 3
> 15104 2145 453 31 -177 2
! 111850 20742 200
! -14214 -93956 0
> 13688 1662 -103 -176 29 0
> 6577 3858 -145 190 -102 1
> 6046 2391 -209 3 71 3
> 15104 2145 453 31 -177 2
! 9302 11846 0 sims=336120 RUNNER
! 5445 4733 0 sims=336120 BLOCKER
> 13585 1486 -87 -149 11 0
> 6432 4048 -123 161 -102 1
> 5837 2394 -177 2 71 3
> 15557 2176 385 26 165 2
! 101046 49966 0
! -43568 -82554 200
> 13585 1486 -87 -149 11 0
> 6432 4048 -123 161 -102 1
> 5837 2394 -177 2 71 3
> 15557 2176 385 26 165 2
! 9093 11849 200 sims=330752 RUNNER
! 7170 7622 0 sims=330752 BLOCKER
> 13498 1337 -73 -126 29 0
> 6209 4036 -189 -10 -120 1
> 5725 2585 -95 162 71 3
> 15942 2202 327 22 147 2
! 100959 49817 0
! -14582 -93778 200
> 13498 1337 -73 -126 29 0
> 6209 4036 -189 -10 -120 1
> 5725 2585 -95 162 71 3
> 15942 2202 327 22 147 2
! 11743 10571 200 sims=325984 RUNNER
! 7555 7648 0 sims=325984 BLOCKER
> 13425 1211 -62 -107 29 0
> 5978 3830 -195 -174 -102 1
> 5750 2907 21 273 53 3
> 16269 2224 277 18 147 2
! 111587 20291 200
! 16430 -95622 SHIELD
> 13425 1211 -62 -107 29 0
> 5978 3830 -195 -174 -102 1
> 5750 2907 21 273 53 3
> 16269 2224 277 18 147 2
! 9006 12362 0 sims=316976 RUNNER
! 7882 7670 200 sims=316976 BLOCKER
> 13559 1142 114 -58 11 0
> 5795 3715 -150 -75 -84 1
> 5650 2590 -131 -496 71 3
> 16378 2351 92 107 147 2
! 101020 49622 200
! -14996 -94099 200
> 13559 1142 114 -58 11 0
> 5795 3715 -150 -75 -84 1
> 5650 2590 -131 -496 71 3
> 16378 2351 92 107 147 2
! 11668 10576 200 sims=336048 RUNNER
! 6719 4939 200 sims=336048 BLOCKER
> 13848 1181 245 33 29 0
> 5645 3640 -127 -63 -102 1
> 5639 2254 -9 -285 53 3
> 16277 2510 -86 134 165 2
! 82047 74316 200
! -15146 -94174 0
> 13848 1181 245 33 29 0
> 5645 3640 -127 -63 -102 1
> 5639 2254 -9 -285 53 3
> 16277 2510 -86 134 165 2
! 8895 11709 200 sims=345856 RUNNER
! 6618 5098 200 sims=345856 BLOCKER
> 14229 1360 324 152 47 1
> 5518 3577 -107 -53 -102 1
> 5695 2158 47 -81 71 3
> 15998 2696 -237 157 165 2
! 56490 91990 0
! 15970 -95875 0
> 14229 1360 324 152 47 1
> 5518 3577 -107 -53 -102 1
> 5695 2158 47 -81 71 3
> 15998 2696 -237 157 165 2
! 8951 11613 200 sims=355520 RUNNER
! 6339 5284 200 sims=355520 BLOCKER
> 14553 1512 275 129 65 1
> 5411 3524 -90 -45 -84 1
> 5807 2266 95 91 71 3
> 15568 2905 -365 177 165 2
! 26739 100766 0
! 46084 -87830 200
> 14553 1512 275 129 65 1
> 5411 3524 -90 -45 -84 1
> 5807 2266 95 91 71 3
> 15568 2905 -365 177 165 2
! 5982 12264 200 sims=340928 RUNNER
! 5909 5493 200 sims=340928 BLOCKER
> 14828 1641 233 109 83 1
> 5402 3296 -7 -193 -66 1
> 5906 2557 83 247 89 3
> 15010 3134 -474 194 165 2
! 27014 100895 200
! 72314 -71018 200
> 14828 1641 233 109 83 1
> 5402 3296 -7 -193 -66 1
> 5906 2557 83 247 89 3
> 15010 3134 -474 194 165 2
! 2982 12120 0 sims=330408 RUNNER
! 5351 5722 200 sims=330408 BLOCKER
> 15085 1949 218 261 83 1
> 5283 3266 -149 35 -48 1
> 6235 2493 328 -116 107 3
> 14343 3380 -567 208 165 2
! -3995 100111 0
! 91885 -46734 200
> 15085 1949 218 261 83 1
> 5283 3266 -149 35 -48 1
> 6235 2493 328 -116 107 3
> 14343 3380 -567 208 165 2
! 3311 12056 200 sims=356952 RUNNER
! 4684 5968 200 sims=356952 BLOCKER
> 15303 2210 185 221 101 1
> 5307 3201 20 -55 -30 1
> 6505 2568 229 63 107 3
> 13583 3640 -646 220 165 2
! -33177 89671 200
! 103121 -17590 BOOST
> 15303 2210 185 221 101 1
> 5307 3201 20 -55 -30 1
> 6505 2568 229 63 107 3
> 13583 3640 -646 220 165 2
! 769 10760 200 sims=338512 RUNNER
! 3924 6228 200 sims=338512 BLOCKER
> 15391 2606 74 336 119 1
> 5860 3050 37 37 -12 1
> 6722 2756 616 -6 125 3
> 12744 3912 -713 230 165 2
! -57744 70805 200
! 105312 13502 200
> 15391 2606 74 336 119 1
> 5860 3050 37 37 -12 1
> 6722 2756 616 -6 125 3
> 12744 3912 -713 230 165 2
! -1264 8774 200 sims=290224 RUNNER
! 3085 6500 200 sims=290224 BLOCKER
> 15319 3078 -61 401 137 1
> 6096 3108 200 49 6 1
> 7178 2870 387 97 143 3
> 11838 4194 -770 239 165 2
! -75311 45339 200
! 105548 13560 200
> 15319 3078 -61 401 137 1
> 6096 3108 200 49 6 1
> 7178 2870 387 97 143 3
> 11838 4194 -770 239 165 2
! -2277 6126 200 sims=348632 RUNNER
! 2179 6782 200 sims=348632 BLOCKER
> 15077 3564 -205 412 155 1
> 6495 3178 339 59 6 1
> 7376 3032 168 137 161 3
> 10875 4485 -818 247 165 2
! -84177 15750 200
! 105947 13630 200
> 15077 3564 -205 412 155 1
> 6495 3178 339 59 6 1
> 7376 3032 168 137 161 3
> 10875 4485 -818 247 165 2
! -610 9050 200 sims=328840 RUNNER
! 2488 9931 200 sims=328840 BLOCKER
> 14673 4000 -342 370 173 1
> 6581 3324 -5 135 6 1
> 7836 3223 469 150 143 3
> 9889 4841 -837 302 147 2
! -83489 -15080 200
! 97935 43997 0
> 14673 4000 -342 370 173 1
> 6581 3324 -5 135 6 1
> 7836 3223 469 150 143 3
> 9889 4841 -837 302 147 2
! 2100 11415 0 sims=334144 RUNNER
! 230 7429 0 sims=334144 BLOCKER
> 14135 4332 -457 282 -169 1
> 6576 3459 -4 114 24 1
> 8305 3373 398 127 125 3
> 9052 5143 -711 256 165 2
! -85119 16519 200
! 80890 70372 0
> 14135 4332 -457 282 -169 1
> 6576 3459 -4 114 24 1
> 8305 3373 398 127 125 3
> 9052 5143 -711 256 165 2
! 5381 12936 200 sims=309880 RUNNER
! 665 10589 0 sims=309880 BLOCKER
> 13479 4638 -557 260 173 1
> 6572 3573 -3 96 42 1
> 8645 3691 288 270 107 3
> 8341 5399 -604 217 147 2
! -84683 -14442 200
! 56572 90175 0
> 13479 4638 -557 260 173 1
> 6572 3573 -3 96 42 1
> 8645 3691 288 270 107 3
> 8341 5399 -604 217 147 2
! 8820 13689 0 sims=275624 RUNNER
! -1318 7987 0 sims=275624 BLOCKER
> 12726 4860 -640 188 -169 1
> 6569 3669 -2 81 60 1
> 8933 3961 244 229 89 3
> 7737 5616 -513 184 165 2
! -85436 -14220 0
! 56569 90271 0
> 12726 4860 -640 188 -169 1
> 6569 3669 -2 81 60 1
> 8933 3961 244 229 89 3
> 7737 5616 -513 184 165 2
! 6009 13524 200 sims=335320 RUNNER
! -650 11062 0 sims=335320 BLOCKER
> 12086 5048 -544 159 -169 1
> 6567 3750 -1 68 60 1
> 9119 4381 157 357 107 3
> 7224 5800 -436 156 147 2
! -86076 -14032 0
! 27358 101564 0
> 12086 5048 -544 159 -169 1
> 6567 3750 -1 68 60 1
> 9119 4381 157 357 107 3
> 7224 5800 -436 156 147 2
! 9294 14379 0 sims=335328 RUNNER
! -2435 8388 0 sims=335328 BLOCKER
> 11542 5207 -462 135 -169 1
> 6566 3818 0 57 78 1
> 9276 4738 133 303 89 3
> 6788 5956 -370 132 165 2
! -86620 -13873 0
! 56566 90420 0
> 11542 5207 -462 135 -169 1
> 6566 3818 0 57 78 1
> 9276 4738 133 303 89 3
> 6788 5956 -370 132 165 2
! 12532 14193 0 sims=318544 RUNNER
! -1599 11402 0 sims=318544 BLOCKER
> 11080 5342 -392 114 -169 1
> 6566 3875 0 48 60 1
> 9409 5041 113 257 71 3
> 6418 6088 -314 112 147 2
! -88174 17529 0
! 56566 90477 0
> 11080 5342 -392 114 -169 1
> 6566 3875 0 48 60 1
> 9409 5041 113 257 71 3
> 6418 6088 -314 112 147 2
! 15427 13027 0 sims=307976 RUNNER
! -3241 8676 0 sims=307976 BLOCKER
> 10688 5456 -333 96 173 1
> 6566 3923 0 40 60 1
> 9522 5298 96 218 53 3
> 6104 6200 -266 95 165 2
! -88566 17642 0
! 56566 90525 0
> 10688 5456 -333 96 173 1
> 6566 3923 0 40 60 1
> 9522 5298 96 218 53 3
> 6104 6200 -266 95 165 2
! 17714 11034 200 sims=313896 RUNNER
! -2283 11646 0 sims=313896 BLOCKER
> 10583 5555 223 89 173 1
> 6566 3963 0 34 60 1
> 9554 5627 -285 275 35 3
> 5838 6295 -226 80 147 2
! -87579 -13525 200
! 80880 70876 0
> 10583 5555 223 89 173 1
> 6566 3963 0 34 60 1
> 9554 5627 -285 275 35 3
> 5838 6295 -226 80 147 2
! 19117 8551 0 sims=304968 RUNNER
! -3821 8883 0 sims=304968 BLOCKER
> 10610 5606 22 43 -169 1
> 6566 3997 0 28 42 1
> 9269 5902 -242 233 17 3
> 5612 6375 -192 68 165 2
! -76852 -42874 200
! 80880 70910 0
> 10610 5606 22 43 -169 1
> 6566 3997 0 28 42 1
> 9269 5902 -242 233 17 3
> 5612 6375 -192 68 165 2
! 19267 5727 0 sims=318464 RUNNER
! -2775 11821 0 sims=318464 BLOCKER
> 10457 5552 -129 -45 -151 1
> 6566 4025 0 23 42 1
> 9027 6135 -205 198 -1 3
> 5420 6443 -163 57 147 2
! -87705 -13528 200
! 97920 44698 0
> 10457 5552 -129 -45 -151 1
> 6566 4025 0 23 42 1
> 9027 6135 -205 198 -1 3
> 5420 6443 -163 57 147 2
! 18482 2879 0 sims=319824 RUNNER
! -4239 9031 0 sims=319824 BLOCKER
> 10132 5469 -276 -70 -169 1
> 6566 4048 0 19 24 1
> 8822 6333 -174 168 -19 3
> 5257 6500 -138 48 165 2
! -89122 17656 200
! 80880 70961 0
> 10132 5469 -276 -70 -169 1
> 6566 4048 0 19 24 1
> 8822 6333 -174 168 -19 3
> 5257 6500 -138 48 165 2
! 16808 315 200 sims=323936 RUNNER
! -3130 11946 0 sims=323936 BLOCKER
> 9657 5423 -403 -38 173 1
> 6566 4067 0 16 42 1
> 8808 6381 -12 40 -37 3
> 5119 6548 -117 40 147 2
! -88505 -13657 200
! 97920 44740 0
> 9657 5423 -403 -38 173 1
> 6566 4067 0 16 42 1
> 8808 6381 -12 40 -37 3
> 5119 6548 -117 40 147 2
! 14544 -1811 0 sims=302448 RUNNER
! -1174 14319 0 sims=302448 BLOCKER
> 9058 5347 -509 -64 -169 1
> 6566 4083 0 13 24 1
> 8796 6421 -10 34 -55 3
> 5002 6588 -99 34 129 2
! -90196 17534 200
! 97920 44756 0
> 9058 5347 -509 -64 -169 1
> 6566 4083 0 13 24 1
> 8796 6421 -10 34 -55 3
> 5002 6588 -99 34 129 2
! 11720 -3142 0 sims=338072 RUNNER
! -3385 12034 0 sims=338072 BLOCKER
> 8350 5307 -601 -33 173 1
> 6566 4096 0 11 24 1
> 8786 6455 -8 28 -73 3
> 4903 6622 -84 28 147 2
! -82280 47568 200
! 97920 44769 0
> 8350 5307 -601 -33 173 1
> 6566 4096 0 11 24 1
> 8786 6455 -8 28 -73 3
> 4903 6622 -84 28 147 2
! 8611 -3543 0 sims=333872 RUNNER
! -1390 14393 0 sims=333872 BLOCKER
> 7568 5359 -664 43 155 1
> 6566 4107 0 9 24 1
> 8778 6483 -6 23 -91 3
> 4819 6650 -71 23 129 2
! -65567 73558 200
! 97920 44780 0
> 7568 5359 -664 43 155 1
> 6566 4107 0 9 24 1
> 8778 6483 -6 23 -91 3
> 4819 6650 -71 23 129 2
! 5522 -2972 0 sims=332432 RUNNER
! 1235 15986 0 sims=332432 BLOCKER
> 6758 5538 -688 152 137 1
> 6566 4116 0 7 24 1
> 8772 6506 -5 19 -109 3
> 4748 6673 -60 19 111 2
! -41722 92999 0
! 80880 71029 0
> 6758 5538 -688 152 137 1
> 6566 4116 0 7 24 1
> 8772 6506 -5 19 -109 3
> 4748 6673 -60 19 111 2
! 2754 -1480 0 sims=325752 RUNNER
! 4225 16659 0 sims=325752 BLOCKER
> 6070 5690 -584 129 119 1
> 6566 4123 0 5 42 1
> 8767 6525 -4 16 -127 3
> 4688 6692 -51 16 93 2
! -13010 103852 0
! 56566 90725 0
> 6070 5690 -584 129 119 1
> 6566 4123 0 5 42 1
> 8767 6525 -4 16 -127 3
> 4688 6692 -51 16 93 2
! 575 789 200 sims=323184 RUNNER
! 7276 16351 0 sims=323184 BLOCKER
> 5486 5819 -496 109 101 1
> 6566 4128 0 4 60 1
> 8599 6426 -142 -83 -145 3
> 4637 6708 -43 13 75 2
! 17672 105073 0
! 56566 90730 200
> 5486 5819 -496 109 101 1
> 6566 4128 0 4 60 1
> 8599 6426 -142 -83 -145 3
> 4637 6708 -43 13 75 2
! -964 3502 200 sims=295240 RUNNER
! 10083 15095 200 sims=295240 BLOCKER
> 4990 5928 -421 92 83 1
> 6666 4305 85 150 60 1
> 8266 6285 -283 -120 -163 3
> 4703 6889 56 153 57 2
! -14090 104090 200
! 27457 102119 200
> 4990 5928 -421 92 83 1
> 6666 4305 85 150 60 1
> 8266 6285 -283 -120 -163 3
> 4703 6889 56 153 57 2
! 74 549 200 sims=327216 RUNNER
! 12474 13182 0 sims=327216 BLOCKER
> 4531 6216 -390 245 101 1
> 6793 4651 107 293 78 1
> 7819 6050 -379 -199 -145 3
> 4759 7042 47 130 39 2
! 16717 105470 200
! 56793 91253 200
> 4531 6216 -390 245 101 1
> 6793 4651 107 293 78 1
> 7819 6050 -379 -199 -145 3
> 4759 7042 47 130 39 2
! 1801 -1936 200 sims=318592 RUNNER
! 14095 10626 200 sims=318592 BLOCKER
> 4165 6660 -310 376 83 1
> 6926 4995 -295 -382 60 1
> 7394 5814 47 474 -127 3
> 4993 7244 198 171 21 2
! 46426 97290 0
! 27717 102809 0
> 4165 6660 -310 376 83 1
> 6926 4995 -295 -382 60 1
> 7394 5814 47 474 -127 3
> 4993 7244 198 171 21 2
! 4138 -3641 200 sims=336800 RUNNER
! 14979 7767 200 sims=336800 BLOCKER
> 3855 7036 -263 319 65 2
> 6631 4613 -250 -324 78 1
> 7376 6099 -15 242 -109 3
> 5391 7425 338 154 3 2
! 72054 80171 0
! 56631 91215 200
> 3855 7036 -263 319 65 2
> 6631 4613 -250 -324 78 1
> 7376 6099 -15 242 -109 3
> 5391 7425 338 154 3 2
! 4120 -3356 200 sims=340704 RUNNER
! 15050 4837 200 sims=340704 BLOCKER
> 3592 7355 -223 271 47 2
> 6481 4462 -127 -128 60 1
> 7296 6152 -68 44 -109 3
> 5922 7527 451 86 -15 2
! 91053 55835 200
! 56481 91064 200
> 3592 7355 -223 271 47 2
> 6481 4462 -127 -128 60 1
> 7296 6152 -68 44 -109 3
> 5922 7527 451 86 -15 2
! 1278 -1834 200 sims=341464 RUNNER
! 14309 2081 0 sims=341464 BLOCKER
> 3544 7723 -40 312 29 2
> 6454 4507 -22 38 60 1
> 7108 6036 -160 -98 -127 3
> 6373 7613 383 73 -33 2
! 101706 26803 200
! 27245 102321 200
> 3544 7723 -40 312 29 2
> 6454 4507 -22 38 60 1
> 7108 6036 -160 -98 -127 3
> 6373 7613 383 73 -33 2
! 3852 -3419 200 sims=321864 RUNNER
! 12666 -158 0 sims=321864 BLOCKER
> 3700 8073 132 297 11 2
> 6474 4741 16 198 78 1
> 6883 5749 -191 -244 -109 3
> 6756 7686 325 62 -51 2
! 102954 -4113 200
! 27265 102555 SHIELD
> 3700 8073 132 297 11 2
> 6474 4741 16 198 78 1
> 6883 5749 -191 -244 -109 3
> 6756 7686 325 62 -51 2
! 3627 -3706 SHIELD sims=332088 RUNNER
! 15143 2240 0 sims=332088 BLOCKER
> 4031 8346 280 231 -7 2
> 6419 4753 -134 -218 78 1
> 6763 5691 -14 178 -109 3
> 7081 7748 276 52 -33 2
! 94661 -33915 200
! 56419 91355 0
> 4031 8346 280 231 -7 2
> 6419 4753 -134 -218 78 1
> 6763 5691 -14 178 -109 3
> 7081 7748 276 52 -33 2
! 745 -2295 0 sims=336088 RUNNER
! 13374 -23 0 sims=336088 BLOCKER
> 4492 8492 392 124 -25 2
> 6285 4535 -113 -185 60 1
> 6749 5869 -11 151 -127 3
> 7357 7800 234 44 -51 2
! 95122 -33769 200
! 27076 102349 0
> 4492 8492 392 124 -25 2
> 6285 4535 -113 -185 60 1
> 6749 5869 -11 151 -127 3
> 7357 7800 234 44 -51 2
! 731 -2117 0 sims=331320 RUNNER
! 10941 -1536 0 sims=331320 BLOCKER
> 5065 8531 487 33 -25 2
> 6172 4350 -96 -157 78 1
> 6738 6020 -9 128 -127 3
> 7591 7844 198 37 -69 2
! 104319 -3656 200
! 26963 102164 0
> 5065 8531 487 33 -25 2
> 6172 4350 -96 -157 78 1
> 6738 6020 -9 128 -127 3
> 7591 7844 198 37 -69 2
! 3482 -3435 0 sims=328416 RUNNER
! 8114 -2142 0 sims=328416 BLOCKER
> 5751 8540 582 7 -7 2
> 6076 4193 -81 -133 78 1
> 6729 6148 -7 108 -109 3
> 7789 7881 168 31 -87 2
! 96381 -33721 0
! 26867 102007 200
> 5751 8540 582 7 -7 2
> 6076 4193 -81 -133 78 1
> 6729 6148 -7 108 -109 3
> 7789 7881 168 31 -87 2
! 3473 -3307 200 sims=319248 RUNNER
! 5201 -1778 0 sims=319248 BLOCKER
> 6333 8547 494 5 -25 2
> 6037 4256 -33 53 78 1
> 6657 6067 -61 -68 -109 3
> 7957 7912 142 26 -105 2
! 79468 -59652 0
! 56037 90858 200
> 6333 8547 494 5 -25 2
> 6037 4256 -33 53 78 1
> 6657 6067 -61 -68 -109 3
> 7957 7912 142 26 -105 2
! 3401 -3388 200 sims=299568 RUNNER
! 2511 -475 0 sims=299568 BLOCKER
> 6827 8552 419 4 -43 2
> 6104 4482 56 192 60 1
> 6531 5810 -107 -218 -109 3
> 8099 7938 120 22 -123 2
! 55307 -78910 0
! 26895 102296 200
> 6827 8552 419 4 -43 2
> 6104 4482 56 192 60 1
> 6531 5810 -107 -218 -109 3
> 8099 7938 120 22 -123 2
! 3275 -3645 200 sims=294008 RUNNER
! 328 1645 0 sims=294008 BLOCKER
> 7246 8556 356 3 -61 2
> 6130 4636 -127 -351 78 1
> 6431 5636 63 335 -109 3
> 8219 7960 102 18 -141 2
! 80381 -59643 0
! 26921 102450 200
> 7246 8556 356 3 -61 2
> 6130 4636 -127 -351 78 1
> 6431 5636 63 335 -109 3
> 8219 7960 102 18 -141 2
! 3175 -3819 200 sims=296464 RUNNER
! -1117 4376 0 sims=296464 BLOCKER
> 7602 8559 302 2 -43 2
> 6045 4481 -72 -132 78 1
> 6429 5782 -1 124 -109 3
> 8321 7978 86 15 -159 2
! 80737 -59640 0
! 26836 102295 200
> 7602 8559 302 2 -43 2
> 6045 4481 -72 -132 78 1
> 6429 5782 -1 124 -109 3
> 8321 7978 86 15 -159 2
! 3173 -3673 200 sims=297600 RUNNER
! -1015 4394 SHIELD sims=297600 BLOCKER
> 7850 8616 83 178 -43 2
> 6015 4545 -25 54 78 1
> 6363 5717 -56 -55 -109 3
> 8412 7988 90 -4 -159 2
! 80985 -59583 200
! 26806 102359 200
> 7850 8616 83 178 -43 2
> 6015 4545 -25 54 78 1
> 6363 5717 -56 -55 -109 3
> 8412 7988 90 -4 -159 2
! 3107 -3738 200 sims=282544 RUNNER
! -1574 7465 0 sims=282544 BLOCKER
> 8069 8672 129 134 -43 2
> 6005 4709 -113 -204 78 1
> 6268 5559 24 208 -109 3
> 8512 7969 141 -102 -177 2
! 81204 -59527 200
! 56005 91311 200
> 8069 8672 129 134 -43 2
> 6005 4709 -113 -204 78 1
> 6268 5559 24 208 -109 3
> 8512 7969 141 -102 -177 2
! 6093 -4439 200 sims=309368 RUNNER
! -1147 10557 0 sims=309368 BLOCKER
> 8344 8670 233 -2 -43 2
> 5992 4678 -11 -26 60 1
> 6288 5567 17 6 -91 3
> 8653 7867 119 -86 -195 2
! 56824 -78792 200
! 55992 91280 200
> 8344 8670 233 -2 -43 2
> 5992 4678 -11 -26 60 1
> 6288 5567 17 6 -91 3
> 8653 7867 119 -86 -195 2
! 3032 -3888 200 sims=292176 RUNNER
! 266 13313 0 sims=292176 BLOCKER
> 8641 8606 233 7 -61 2
> 6014 4616 -16 -163 60 1
> 6307 5593 51 132 -109 3
> 8805 7668 147 -230 147 2
! 27721 -89556 200
! 26805 102430 200
> 8641 8606 233 7 -61 2
> 6014 4616 -16 -163 60 1
> 6307 5593 51 132 -109 3
> 8805 7668 147 -230 147 2
! 6132 -4405 200 sims=293056 RUNNER
! 2512 15439 0 sims=293056 BLOCKER
> 8912 8417 230 -160 -79 2
> 6040 4649 21 27 78 1
> 6354 5525 40 -57 -91 3
> 8952 7438 124 -195 129 3
! 27992 -89745 200
! 56040 91251 200
> 8912 8417 230 -160 -79 2
> 6040 4649 21 27 78 1
> 6354 5525 40 -57 -91 3
> 8952 7438 124 -195 129 3
! 3098 -3930 200 sims=280000 RUNNER
! 5368 16774 200 sims=280000 BLOCKER
> 9194 8216 253 -26 -79 2
> 6045 4531 -33 -204 60 1
> 6445 5597 114 165 -109 3
> 8990 7275 19 -283 111 3
! -2993 -91038 200
! 26836 102345 200
> 9194 8216 253 -26 -79 2
> 6045 4531 -33 -204 60 1
> 6445 5597 114 165 -109 3
> 8990 7275 19 -283 111 3
! 427 -2389 200 sims=247600 RUNNER
! 8467 17261 200 sims=247600 BLOCKER
> 9423 7991 194 -190 -97 2
> 6054 4523 7 -7 78 1
> 6439 5602 -5 4 -127 3
> 8999 7192 7 -70 93 3
! -32838 -82639 SHIELD
! 26845 102337 200
> 9423 7991 194 -190 -97 2
> 6054 4523 7 -7 78 1
> 6439 5602 -5 4 -127 3
> 8999 7192 7 -70 93 3
! 3183 -3853 200 sims=255528 RUNNER
! 11587 16851 200 sims=255528 BLOCKER
> 9625 7811 180 -142 -115 3
> 6086 4668 -75 -151 78 1
> 6385 5460 57 154 -109 3
> 8977 7214 -104 -89 75 3
! -2562 -91443 0
! 26877 102482 200
> 9625 7811 180 -142 -115 3
> 6086 4668 -75 -151 78 1
> 6385 5460 57 154 -109 3
> 8977 7214 -104 -89 75 3
! 3129 -3995 200 sims=303272 RUNNER
! 8454 17200 0 sims=303272 BLOCKER
> 9805 7669 153 -120 -97 3
> 6036 4674 -79 -80 78 1
> 6394 5464 44 88 -109 3
> 8873 7125 -88 -75 93 3
! -32456 -82961 0
! 56036 91276 200
> 9805 7669 153 -120 -97 3
> 6036 4674 -79 -80 78 1
> 6394 5464 44 88 -109 3
> 8873 7125 -88 -75 93 3
! 3138 -3991 200 sims=311248 RUNNER
! 5289 16461 0 sims=311248 BLOCKER
> 9958 7549 130 -102 -115 3
> 5996 4639 -61 -87 60 1
> 6434 5491 61 80 -109 3
> 8785 7050 -74 -63 111 3
! -58241 -65586 0
! 55996 91241 200
> 9958 7549 130 -102 -115 3
> 5996 4639 -61 -87 60 1
> 6434 5491 61 80 -109 3
> 8785 7050 -74 -63 111 3
! 3178 -3964 200 sims=317184 RUNNER
! 2492 14821 0 sims=317184 BLOCKER
> 10088 7447 110 -86 -133 3
> 6016 4692 -58 -84 60 1
> 6449 5415 88 65 -109 3
> 8711 6987 -62 -53 129 3
! -32173 -83183 200
! 80330 71605 200
> 10088 7447 110 -86 -133 3
> 6016 4692 -58 -84 60 1
> 6449 5415 88 65 -109 3
> 8711 6987 -62 -53 129 3
! 431 -2571 200 sims=314616 RUNNER
! 324 12433 0 sims=314616 BLOCKER
> 10113 7180 21 -227 -115 3
> 6023 4600 -14 -114 42 1
> 6500 5462 64 75 -127 3
> 8649 6934 -52 -45 147 3
! -58086 -65955 200
! 56023 91202 200
> 10113 7180 21 -227 -115 3
> 6023 4600 -14 -114 42 1
> 6500 5462 64 75 -127 3
> 8649 6934 -52 -45 147 3
! 3244 -3993 0 sims=312464 RUNNER
! 2356 14705 0 sims=312464 BLOCKER
> 9998 6807 -98 -317 -133 3
> 6109 4659 73 50 60 1
> 6564 5537 54 63 -109 3
> 8597 6889 -44 -38 129 3
! -77464 -41673 200
! 56109 91261 200
> 9998 6807 -98 -317 -133 3
> 6109 4659 73 50 60 1
> 6564 5537 54 63 -109 3
> 8597 6889 -44 -38 129 3
! 6389 -4461 200 sims=299448 RUNNER
! 210 12335 0 sims=299448 BLOCKER
> 9725 6393 -231 -351 -151 3
> 6191 4721 -9 -87 60 1
> 6706 5562 199 160 -91 3
> 8553 6851 -37 -32 147 3
! -88437 -12687 0
! 80505 71634 200
> 9725 6393 -231 -351 -151 3
> 6191 4721 -9 -87 60 1
> 6706 5562 199 160 -91 3
> 8553 6851 -37 -32 147 3
! 6531 -4436 200 sims=304784 RUNNER
! -1106 9439 0 sims=304784 BLOCKER
> 9494 6042 -196 -298 -169 3
> 6331 4768 118 39 42 1
> 6901 5522 166 -33 -91 3
> 8516 6819 -31 -27 165 3
! -89760 18229 200
! 80645 71681 200
> 9494 6042 -196 -298 -169 3
> 6331 4768 118 39 42 1
> 6901 5522 166 -33 -91 3
> 8516 6819 -31 -27 165 3
! 3645 -3933 200 sims=303312 RUNNER
! -1470 6296 0 sims=303312 BLOCKER
> 9099 5768 -335 -232 -187 3
> 6428 4737 3 -120 42 1
> 7172 5504 308 78 -109 3
> 8485 6792 -26 -22 -177 3
! -81531 48029 200
! 80742 71650 200
> 9099 5768 -335 -232 -187 3
> 6428 4737 3 -120 42 1
> 7172 5504 308 78 -109 3
> 8485 6792 -26 -22 -177 3
! 3916 -3951 200 sims=272408 RUNNER
! -851 3208 200 sims=272408 BLOCKER
> 8583 5621 -438 -125 155 3
> 6580 4751 128 11 42 1
> 7415 5393 206 -94 -109 3
> 8272 6698 -180 -79 -159 3
! -90671 17807 SHIELD
! 80894 71664 SHIELD
> 8583 5621 -438 -125 155 3
> 6580 4751 128 11 42 1
> 7415 5393 206 -94 -109 3
> 8272 6698 -180 -79 -159 3
! 1397 -2593 0 sims=261008 RUNNER
! 501 405 0 sims=261008 BLOCKER
> 8191 5508 -107 -44 173 3
> 6685 4745 -22 -89 42 1
> 7386 5348 -1162 288 -127 3
> 8092 6619 -153 -67 -141 3
! -82439 47769 0
! 56685 91347 SHIELD
> 8191 5508 -107 -44 173 3
> 6685 4745 -22 -89 42 1
> 7386 5348 -1162 288 -127 3
> 8092 6619 -153 -67 -141 3
! 4130 -4107 0 sims=285424 RUNNER
! 2646 -1768 200 sims=285424 BLOCKER
> 8084 5464 -90 -37 155 3
> 6654 4638 -29 -98 60 1
> 6314 5821 -876 470 -109 3
> 7830 6384 -222 -199 -123 3
! -91170 17650 SHIELD
! 27445 102452 0
> 8084 5464 -90 -37 155 3
> 6654 4638 -29 -98 60 1
> 6314 5821 -876 470 -109 3
> 7830 6384 -222 -199 -123 3
! 6139 -4177 200 sims=295240 RUNNER
! 5242 -3275 200 sims=295240 BLOCKER
> 8002 5411 -60 -63 173 3
> 6625 4540 -24 -83 78 1
> 5434 6091 -747 229 -91 3
> 7476 6152 -395 -10 -105 3
! -91252 17597 0
! -3827 103992 0
> 8002 5411 -60 -63 173 3
> 6625 4540 -24 -83 78 1
> 5434 6091 -747 229 -91 3
> 7476 6152 -395 -10 -105 3
! 8358 -3472 200 sims=265104 RUNNER
! 7999 -3834 200 sims=265104 BLOCKER
> 7942 5348 -51 -53 173 3
> 6601 4457 -20 -70 96 1
> 4745 6129 -585 32 -73 3
> 7091 5942 -326 -178 -87 3
! -91312 17534 0
! -34072 95811 0
> 7942 5348 -51 -53 173 3
> 6601 4457 -20 -70 96 1
> 4745 6129 -585 32 -73 3
> 7091 5942 -326 -178 -87 3
! 10481 -2063 200 sims=258920 RUNNER
! 10675 -3394 0 sims=258920 BLOCKER
> 7891 5295 -43 -45 173 3
> 6581 4387 -17 -59 114 1
> 4275 5997 -399 -112 -55 3
> 6765 5764 -277 -151 -69 3
! -82739 47556 200
! -3871 103839 200
> 7891 5295 -43 -45 173 3
> 6581 4387 -17 -59 114 1
> 4275 5997 -399 -112 -55 3
> 6765 5764 -277 -151 -69 3
! 12261 -21 200 sims=271392 RUNNER
! 13058 -2007 0 sims=271392 BLOCKER
> 7848 5250 -36 -38 155 3
> 6543 4527 -32 118 96 1
> 4036 5765 -203 -197 -37 3
> 6488 5613 -235 -128 -51 3
! -91406 17436 200
! -34130 95881 200
> 7848 5250 -36 -38 155 3
> 6543 4527 -32 118 96 1
> 4036 5765 -203 -197 -37 3
> 6488 5613 -235 -128 -51 3
! 12022 -253 200 sims=263088 BLOCKER
! 12781 -2158 200 sims=263088 RUNNER
> 7613 5236 -199 -11 173 3
> 6449 4532 -63 -238 114 1
> 3993 5448 -36 -269 -37 3
> 6359 5625 -125 253 -51 3
! -90549 -13844 200
! -34224 95886 200
> 7613 5236 -199 -11 173 3
> 6449 4532 -63 -238 114 1
> 3993 5448 -36 -269 -37 3
> 6359 5625 -125 253 -51 3
! 11979 -570 200 sims=306040 RUNNER
! 14746 179 0 sims=306040 BLOCKER
> 7218 5187 -336 -41 -169 3
> 6305 4477 -122 -46 114 1
> 4117 5059 105 -330 -37 3
> 6234 5878 -106 215 -33 3
! -80244 -43293 200
! -4147 103929 0
> 7218 5187 -336 -41 -169 3
> 6305 4477 -122 -46 114 1
> 4117 5059 105 -330 -37 3
> 6234 5878 -106 215 -33 3
! 13572 1803 200 sims=249720 RUNNER
! 14621 432 200 sims=249720 BLOCKER
> 6707 5049 -434 -117 -151 3
> 6183 4431 -103 -39 96 1
> 4411 4664 249 -335 -19 3
> 6296 5984 52 90 -33 3
! -61492 -68086 200
! -34490 95785 200
> 6707 5049 -434 -117 -151 3
> 6183 4431 -103 -39 96 1
> 4411 4664 249 -335 -19 3
> 6296 5984 52 90 -33 3
! 14409 4489 0 sims=270008 RUNNER
! 14683 538 200 sims=270008 BLOCKER
> 6496 5158 -161 -54 -133 3
> 5643 4155 -464 -241 114 1
> 4660 4329 211 -284 -1 3
> 6512 6012 171 177 -33 3
! -35765 -85472 200
! -61270 78469 SHIELD
> 6496 5158 -161 -54 -133 3
> 5643 4155 -464 -241 114 1
> 4660 4329 211 -284 -1 3
> 6512 6012 171 177 -33 3
! 14658 4154 SHIELD sims=323216 RUNNER
! 14899 566 200 sims=323216 BLOCKER
> 6250 4923 -208 -199 -115 3
> 5641 3819 163 -319 132 1
> 4409 4140 -378 -126 -1 3
> 6851 6080 287 57 -33 3
! -61949 -68212 0
! -61272 78133 0
> 6250 4923 -208 -199 -115 3
> 5641 3819 163 -319 132 1
> 4409 4140 -378 -126 -1 3
> 6851 6080 287 57 -33 3
! 14407 3965 0 sims=339800 RUNNER
! 15238 634 200 sims=339800 BLOCKER
> 6042 4724 -176 -169 -133 0
> 5804 3500 138 -271 132 1
> 4031 4014 -321 -107 -1 3
> 7306 6028 386 -44 -33 3
! -81420 -43756 0
! -80798 53500 0
> 6042 4724 -176 -169 -133 0
> 5804 3500 138 -271 132 1
> 4031 4014 -321 -107 -1 3
> 7306 6028 386 -44 -33 3
! 13594 6938 0 sims=340856 RUNNER
! 15693 582 200 sims=340856 BLOCKER
> 5866 4555 -149 -143 -151 0
> 5942 3229 117 -230 150 1
> 3710 3907 -272 -90 17 3
> 7860 5875 470 -129 -33 3
! -92296 -14525 200
! -80660 53229 0
> 5866 4555 -149 -143 -151 0
> 5942 3229 117 -230 150 1
> 3710 3907 -272 -90 17 3
> 7860 5875 470 -129 -33 3
! 11902 9643 0 sims=336064 RUNNER
! 16247 429 200 sims=336064 BLOCKER
> 5521 4374 -293 -153 -169 0
> 6059 2999 99 -195 150 1
> 3438 3817 -231 -76 35 3
> 8498 5637 542 -202 -33 3
! -93733 16561 0
! -60854 77313 0
> 5521 4374 -293 -153 -169 0
> 6059 2999 99 -195 150 1
> 3438 3817 -231 -76 35 3
> 8498 5637 542 -202 -33 3
! 9456 11803 200 sims=335248 RUNNER
! 14791 -2134 200 sims=335248 BLOCKER
> 5228 4221 -249 -130 -187 0
> 6158 2804 84 -165 132 1
> 3327 3901 -94 71 53 3
> 9166 5280 567 -303 -51 3
! -85402 46482 200
! -34515 94158 200
> 5228 4221 -249 -130 -187 0
> 6158 2804 84 -165 132 1
> 3327 3901 -94 71 53 3
> 9166 5280 567 -303 -51 3
! 6583 13356 200 sims=336656 RUNNER
! 17553 -166 200 sims=336656 BLOCKER
> 4798 4176 -365 -38 155 0
> 6161 2822 2 15 114 1
> 3298 4161 -24 221 71 3
> 9901 4868 624 -350 -33 3
! -68337 72375 200
! -34512 94176 0
> 4798 4176 -365 -38 155 0
> 6161 2822 2 15 114 1
> 3298 4161 -24 221 71 3
> 9901 4868 624 -350 -33 3
! 3473 14159 200 sims=346560 RUNNER
! 16194 -2903 0 sims=346560 BLOCKER
> 4287 4274 -434 83 137 0
> 6163 2837 1 12 114 1
> 3278 4582 -17 357 89 3
> 10525 4518 530 -297 -51 3
! -44193 91735 200
! -34510 94191 0
> 4287 4274 -434 83 137 0
> 6163 2837 1 12 114 1
> 3278 4582 -17 357 89 3
> 10525 4518 530 -297 -51 3
! 354 14145 200 sims=335440 RUNNER
! 18912 -928 0 sims=335440 BLOCKER
> 3756 4532 -451 219 119 0
> 6164 2849 0 10 114 1
> 3203 5130 -64 466 107 3
> 11055 4221 450 -252 -33 3
! -15324 102694 SHIELD
! -34509 94203 0
> 3756 4532 -451 219 119 0
> 6164 2849 0 10 114 1
> 3203 5130 -64 466 107 3
> 11055 4221 450 -252 -33 3
! 279 14693 200 sims=329480 RUNNER
! 17348 -3550 0 sims=329480 BLOCKER
> 3305 4751 -383 186 101 0
> 6164 2859 0 8 114 1
> 3081 5787 -104 558 107 3
> 11505 3969 382 -214 -51 3
! 15491 104005 0
! -4288 102311 0
> 3305 4751 -383 186 101 0
> 6164 2859 0 8 114 1
> 3081 5787 -104 558 107 3
> 11505 3969 382 -214 -51 3
! 3256 15785 0 sims=339824 RUNNER
! 19892 -1477 0 sims=339824 BLOCKER
> 2922 4937 -325 158 83 0
> 6164 2867 0 6 96 1
> 2977 6345 -88 474 89 3
> 11887 3755 324 -181 -33 3
! 45183 95567 0
! -34509 94221 200
> 2922 4937 -325 158 83 0
> 6164 2867 0 6 96 1
> 2977 6345 -88 474 89 3
> 11887 3755 324 -181 -33 3
! 6233 15800 0 sims=331408 RUNNER
! 18180 -4016 0 sims=331408 BLOCKER
> 2597 5095 -276 134 65 0
> 6083 3056 -69 160 114 1
> 2889 6819 -74 402 71 3
> 12211 3574 275 -153 -51 3
! 70796 78230 0
! -4369 102508 0
> 2597 5095 -276 134 65 0
> 6083 3056 -69 160 114 1
> 2889 6819 -74 402 71 3
> 12211 3574 275 -153 -51 3
! 8907 14805 0 sims=342104 RUNNER
! 15795 -5762 0 sims=342104 BLOCKER
> 2321 5229 -234 113 47 0
> 6014 3216 -58 136 96 1
> 2815 7221 -62 341 53 3
> 12486 3421 233 -130 -69 3
! 89782 53709 200
! -4438 102668 0
> 2321 5229 -234 113 47 0
> 6014 3216 -58 136 96 1
> 2815 7221 -62 341 53 3
> 12486 3421 233 -130 -69 3
! 11007 12957 0 sims=347896 RUNNER
! 18779 -4350 0 sims=347896 BLOCKER
> 2262 5439 -50 178 29 0
> 5956 3352 -49 115 96 1
> 2753 7562 -52 289 35 3
> 12719 3291 198 -110 -51 3
! 100424 24519 200
! -4496 102804 0
> 2262 5439 -50 178 29 0
> 5956 3352 -49 115 96 1
> 2753 7562 -52 289 35 3
> 12719 3291 198 -110 -51 3
! 12316 10486 0 sims=332960 RUNNER
! 16303 -6045 0 sims=332960 BLOCKER
> 2408 5655 124 183 11 0
> 5907 3467 -41 97 96 1
> 2701 7851 -44 245 17 3
> 12917 3181 168 -93 -69 3
! 101662 -6531 200
! -4545 102919 0
> 2408 5655 124 183 11 0
> 5907 3467 -41 97 96 1
> 2701 7851 -44 245 17 3
> 12917 3181 168 -93 -69 3
! 12699 7676 200 sims=341776 RUNNER
! 19210 -4590 0 sims=341776 BLOCKER
> 2731 5814 274 134 -7 0
> 5866 3564 -34 82 96 1
> 2857 8093 132 205 -1 3
> 13085 3088 142 -79 -51 3
! 101985 -6373 200
! -4586 103016 0
> 2731 5814 274 134 -7 0
> 5866 3564 -34 82 96 1
> 2857 8093 132 205 -1 3
> 13085 3088 142 -79 -51 3
! 12312 4837 200 sims=345328 RUNNER
! 16669 -6248 0 sims=345328 BLOCKER
> 3204 5924 401 93 -7 0
> 5832 3646 -28 69 96 1
> 3178 8233 272 118 -19 3
> 13227 3009 120 -67 -69 3
! 102458 -6263 200
! 26623 101460 0
> 3204 5924 401 93 -7 0
> 5832 3646 -28 69 96 1
> 3178 8233 272 118 -19 3
> 13227 3009 120 -67 -69 3
! 11164 2215 200 sims=340176 RUNNER
! 19520 -4762 0 sims=340176 BLOCKER
> 3804 5993 509 58 -7 0
> 5804 3715 -23 58 78 1
> 3610 8231 366 -2 -37 3
> 13347 2942 102 -56 -51 3
! 94434 -36268 200
! 26595 101529 0
> 3804 5993 509 58 -7 0
> 5804 3715 -23 58 78 1
> 3610 8231 366 -2 -37 3
> 13347 2942 102 -56 -51 3
! 9346 39 200 sims=352352 RUNNER
! 16931 -6394 0 sims=352352 BLOCKER
> 4494 5966 586 -22 -25 0
> 5781 3773 -19 49 78 1
> 4091 8065 408 -140 -55 3
> 13449 2886 86 -47 -69 3
! 103748 -6221 200
! 26572 101587 200
> 4494 5966 586 -22 -25 0
> 5781 3773 -19 49 78 1
> 4091 8065 408 -140 -55 3
> 13449 2886 86 -47 -69 3
! 7015 -1498 0 sims=346584 RUNNER
! 19742 -4885 0 sims=346584 BLOCKER
> 5279 5920 666 -39 -7 0
> 5804 4018 19 207 78 1
> 4499 7925 346 -119 -73 3
> 13535 2839 73 -39 -51 3
! 104533 -6267 200
! -4648 103470 200
> 5279 5920 666 -39 -7 0
> 5804 4018 19 207 78 1
> 4499 7925 346 -119 -73 3
> 13535 2839 73 -39 -51 3
! 4324 -2073 0 sims=332352 RUNNER
! 17119 -6497 0 sims=332352 BLOCKER
> 6144 5857 734 -53 -7 0
> 5802 4424 -1 345 96 1
> 4845 7806 294 -101 -91 3
> 13608 2800 62 -33 -69 3
! 96774 -36404 200
! -4650 103876 0
> 6144 5857 734 -53 -7 0
> 5802 4424 -1 345 96 1
> 4845 7806 294 -101 -91 3
> 13608 2800 62 -33 -69 3
! 1589 -1649 200 sims=317264 RUNNER
! 19901 -4971 0 sims=317264 BLOCKER
> 7059 5719 777 -116 -25 0
> 5801 4769 0 293 96 1
> 5074 7516 194 -246 -109 3
> 13670 2767 52 -28 -51 3
! 97689 -36542 200
! -34872 96123 200
> 7059 5719 777 -116 -25 0
> 5801 4769 0 293 96 1
> 5074 7516 194 -246 -109 3
> 13670 2767 52 -28 -51 3
! -944 -470 200 sims=302072 RUNNER
! 17254 -6569 0 sims=302072 BLOCKER
> 8017 5518 814 -170 -25 0
> 5720 5245 -69 404 114 1
> 5148 7110 62 -344 -127 3
> 13722 2739 44 -23 -69 3
! 107271 -6669 200
! -61193 79559 200
> 8017 5518 814 -170 -25 0
> 5720 5245 -69 404 114 1
> 5148 7110 62 -344 -127 3
> 13722 2739 44 -23 -69 3
! 1892 -2345 0 sims=307712 RUNNER
! 14245 -7247 0 sims=307712 BLOCKER
> 9030 5324 860 -165 -7 0
> 5517 5798 -172 469 132 1
> 5210 6766 52 -292 -109 3
> 13766 2716 37 -19 -87 3
! 99660 -36937 200
! -61396 80112 0
> 9030 5324 860 -165 -7 0
> 5517 5798 -172 469 132 1
> 5210 6766 52 -292 -109 3
> 13766 2716 37 -19 -87 3
! 5035 -3232 0 sims=343792 RUNNER
! 17350 -6620 0 sims=343792 BLOCKER
> 10071 5074 885 -212 -25 0
> 5523 5718 61 -242 132 1
> 5084 7023 -163 393 -91 3
> 13803 2697 31 -16 -69 3
! 83206 -63125 0
! -61390 80032 0
> 10071 5074 885 -212 -25 0
> 5523 5718 61 -242 132 1
> 5084 7023 -163 393 -91 3
> 13803 2697 31 -16 -69 3
! 8008 -2540 0 sims=355520 RUNNER
! 20096 -5074 0 sims=355520 BLOCKER
> 10956 4862 752 -180 -43 0
> 5584 5476 51 -205 132 1
> 4921 7416 -138 334 -73 3
> 13834 2681 26 -13 -51 3
! 59436 -82600 0
! -35089 96830 0
> 10956 4862 752 -180 -43 0
> 5584 5476 51 -205 132 1
> 4921 7416 -138 334 -73 3
> 13834 2681 26 -13 -51 3
! 10657 -776 200 sims=346304 RUNNER
! 22221 -2765 0 sims=346304 BLOCKER
> 11708 4682 639 -153 -61 0
> 5635 5271 43 -174 114 1
> 4898 7586 -19 144 -55 3
> 13860 2668 22 -11 -33 3
! 30788 -93480 200
! -4817 104723 0
> 11708 4682 639 -153 -61 0
> 5635 5271 43 -174 114 1
> 4898 7586 -19 144 -55 3
> 13860 2668 22 -11 -33 3
! 7822 -1977 200 sims=344912 RUNNER
! 23519 80 0 sims=344912 BLOCKER
> 12385 4333 575 -296 -79 0
> 5678 5097 36 -147 96 1
> 4937 7539 33 -40 -73 3
> 13882 2657 18 -9 -15 3
! 31465 -93829 200
! -4774 104549 0
> 12385 4333 575 -296 -79 0
> 5678 5097 36 -147 96 1
> 4937 7539 33 -40 -73 3
> 13882 2657 18 -9 -15 3
! 4762 -2459 200 sims=330816 RUNNER
! 23868 3180 0 sims=330816 BLOCKER
> 12998 3841 521 -418 -79 0
> 5714 4950 30 -124 96 1
> 4967 7299 25 -203 -91 3
> 13900 2648 15 -7 3 3
! 810 -95413 200
! -34959 96304 200
> 12998 3841 521 -418 -79 0
> 5714 4950 30 -124 96 1
> 4967 7299 25 -203 -91 3
> 13900 2648 15 -7 3 3
! 7891 -2264 200 sims=334152 RUNNER
! 23236 6232 0 sims=334152 BLOCKER
> 13447 3290 34 9 -97 0
> 5663 5009 -43 49 114 1
> 5050 6905 70 -335 -73 3
> 13963 2576 400 -539 21 3
! 32527 -94872 200
! -35010 96363 200
> 13447 3290 34 9 -97 0
> 5663 5009 -43 49 114 1
> 5050 6905 70 -335 -73 3
> 13963 2576 400 -539 21 3
! 7974 -2658 200 sims=332128 RUNNER
! 21734 8869 0 sims=332128 BLOCKER
> 13519 3103 61 -159 -79 0
> 5539 5241 -105 196 114 1
> 5178 6379 109 -447 -73 3
> 14363 2037 340 -458 39 3
! 61999 -84359 200
! -61374 79555 SHIELD
> 13519 3103 61 -159 -79 0
> 5539 5241 -105 196 114 1
> 5178 6379 109 -447 -73 3
> 14363 2037 340 -458 39 3
! 8102 -3184 SHIELD sims=350936 RUNNER
! 19809 10424 0 sims=350936 BLOCKER
> 13677 2769 134 -283 -61 0
> 5518 5166 81 -383 132 1
> 5203 6203 -77 170 -73 3
> 14703 1579 289 -389 57 3
! 86812 -65430 200
! -61395 79480 0
> 13677 2769 134 -283 -61 0
> 5518 5166 81 -383 132 1
> 5203 6203 -77 170 -73 3
> 14703 1579 289 -389 57 3
! 10939 -1989 0 sims=356296 RUNNER
! 17291 11238 200 sims=356296 BLOCKER
> 13957 2350 238 -356 -43 0
> 5599 4783 68 -325 132 1
> 5126 6373 -65 144 -55 3
> 15044 1383 289 -166 75 3
! 104587 -39911 200
! -35074 96137 0
> 13957 2350 238 -356 -43 0
> 5599 4783 68 -325 132 1
> 5126 6373 -65 144 -55 3
> 15044 1383 289 -166 75 3
! 10862 -1819 0 sims=342200 RUNNER
! 17632 11042 200 sims=342200 BLOCKER
> 14376 1909 356 -374 -25 1
> 5667 4458 57 -276 114 1
> 5061 6517 -55 122 -55 3
> 15385 1410 289 23 75 3
! 113630 -10278 200
! -35006 95812 0
> 14376 1909 356 -374 -25 1
> 5667 4458 57 -276 114 1
> 5061 6517 -55 122 -55 3
> 15385 1410 289 23 75 3
! 7985 -3046 0 sims=346672 RUNNER
! 17973 11069 200 sims=346672 BLOCKER
> 14931 1511 471 -338 -7 1
> 5724 4182 48 -234 114 1
> 5006 6639 -46 103 -73 3
> 15726 1626 289 183 75 3
! 113093 20591 200
! -4728 103634 200
> 14931 1511 471 -338 -7 1
> 5724 4182 48 -234 114 1
> 5006 6639 -46 103 -73 3
> 15726 1626 289 183 75 3
! 10742 -1553 200 sims=330000 RUNNER
! 15203 11612 200 sims=330000 BLOCKER
> 15326 1169 332 -291 11 1
> 5751 4147 23 -29 96 1
> 5075 6578 58 -51 -55 3
> 16277 2051 471 361 93 3
! 102787 49649 200
! -4701 103599 200
> 15326 1169 332 -291 11 1
> 5751 4147 23 -29 96 1
> 5075 6578 58 -51 -55 3
> 16277 2051 471 361 93 3
! 7999 -2985 200 sims=337112 RUNNER
! 12693 11387 200 sims=337112 BLOCKER
> 15833 975 430 -164 29 1
> 5753 4317 1 144 96 1
> 5191 6336 99 -205 -73 3
> 16676 2599 339 465 111 3
! 103294 49455 0
! -34920 95671 200
> 15833 975 430 -164 29 1
> 5753 4317 1 144 96 1
> 5191 6336 99 -205 -73 3
> 16676 2599 339 465 111 3
! 8115 -3227 200 sims=344448 RUNNER
! 10383 10370 200 sims=344448 BLOCKER
> 16263 811 365 -139 29 1
> 5673 4644 -68 277 114 1
> 5348 5940 133 -336 -73 3
> 16889 3219 181 527 129 3
! 84462 73946 0
! -4779 104096 SHIELD
> 16263 811 365 -139 29 1
> 5673 4644 -68 277 114 1
> 5348 5940 133 -336 -73 3
> 16889 3219 181 527 129 3
! 8272 -3623 SHIELD sims=352912 RUNNER
! 8502 8665 200 sims=352912 BLOCKER
> 16628 672 310 -118 47 1
> 5626 4817 49 -298 96 1
> 5460 5708 6 248 -73 3
> 16902 3855 11 540 147 3
! 58889 91302 0
! -4826 104269 0
> 16628 672 310 -118 47 1
> 5626 4817 49 -298 96 1
> 5460 5708 6 248 -73 3
> 16902 3855 11 540 147 3
! 5285 -4290 0 sims=347952 RUNNER
! 7243 6443 200 sims=347952 BLOCKER
> 16938 554 263 -100 65 1
> 5675 4519 41 -253 96 1
> 5466 5956 5 210 -91 3
> 16720 4447 -154 503 165 3
! 29124 99808 0
! -4777 103971 0
> 16938 554 263 -100 65 1
> 5675 4519 41 -253 96 1
> 5466 5956 5 210 -91 3
> 16720 4447 -154 503 165 3
! 8390 -3607 0 sims=360128 RUNNER
! 6734 3924 200 sims=360128 BLOCKER
> 17201 454 223 -85 83 1
> 5716 4266 34 -215 96 1
> 5471 6166 4 178 -73 3
> 16366 4940 -300 418 -177 3
! -1879 98616 0
! -4736 103718 0
> 17201 454 223 -85 83 1
> 5716 4266 34 -215 96 1
> 5471 6166 4 178 -73 3
> 16366 4940 -300 418 -177 3
! 5296 -3832 0 sims=355144 RUNNER
! 6380 4417 200 sims=355144 BLOCKER
> 17424 369 189 -72 101 1
> 5750 4051 28 -182 96 1
> 5475 6344 3 151 -91 3
> 15866 5348 -424 346 -177 3
! -31056 87830 0
! -4702 103503 200
> 17424 369 189 -72 101 1
> 5750 4051 28 -182 96 1
> 5475 6344 3 151 -91 3
> 15866 5348 -424 346 -177 3
! 8399 -3219 200 sims=342824 RUNNER
! 5880 4825 200 sims=342824 BLOCKER
> 17613 297 160 -61 119 1
> 5757 4068 6 14 96 1
> 5536 6304 52 -34 -73 3
> 15242 5684 -530 285 -177 3
! -55522 68496 0
! 26548 101882 200
> 17613 297 160 -61 119 1
> 5757 4068 6 14 96 1
> 5536 6304 52 -34 -73 3
> 15242 5684 -530 285 -177 3
! 5361 -3694 200 sims=353192 RUNNER
! 5256 5161 200 sims=353192 BLOCKER
> 17773 236 136 -51 137 1
> 5805 4278 40 178 78 1
> 5585 6070 41 -198 -91 3
> 14512 5959 -620 233 -177 3
! -72857 42497 0
! -4647 103730 0
> 17773 236 136 -51 137 1
> 5805 4278 40 178 78 1
> 5585 6070 41 -198 -91 3
> 14512 5959 -620 233 -177 3
! 5410 -3928 200 sims=349136 RUNNER
! 4526 5436 200 sims=349136 BLOCKER
> 17909 185 115 -43 155 1
> 5845 4456 34 151 96 1
> 5622 5672 31 -338 -91 3
> 13692 6182 -696 189 -177 3
! -72721 42446 200
! -34828 95810 SHIELD
> 17909 185 115 -43 155 1
> 5845 4456 34 151 96 1
> 5622 5672 31 -338 -91 3
> 13692 6182 -696 189 -177 3
! 5447 -4326 SHIELD sims=365464 RUNNER
! 3706 5659 200 sims=365464 BLOCKER
> 17843 227 -56 35 155 1
> 5890 4570 141 -253 114 1
> 5642 5371 -85 94 -91 3
> 12796 6361 -761 151 -177 3
! -81411 12413 200
! -61023 78884 0
> 17843 227 -56 35 155 1
> 5890 4570 141 -253 114 1
> 5642 5371 -85 94 -91 3
> 12796 6361 -761 151 -177 3
! 8566 -4192 0 sims=352808 RUNNER
! 2810 5838 200 sims=352808 BLOCKER
> 17588 286 -216 50 173 1
> 6031 4317 119 -215 132 1
> 5557 5465 -72 79 -73 3
> 11835 6502 -816 119 -177 3
! -81666 12472 200
! -80571 54317 0
> 17588 286 -216 50 173 1
> 6031 4317 119 -215 132 1
> 5557 5465 -72 79 -73 3
> 11835 6502 -816 119 -177 3
! 8481 -4098 0 sims=352816 RUNNER
! 1849 5979 200 sims=352816 BLOCKER
> 17173 360 -352 63 173 1
> 6150 4102 101 -182 150 1
> 5485 5544 -61 67 -73 3
> 10819 6611 -863 92 -177 3
! -82081 12546 200
! -60763 78416 0
> 17173 360 -352 63 173 1
> 6150 4102 101 -182 150 1
> 5485 5544 -61 67 -73 3
> 10819 6611 -863 92 -177 3
! 11221 -2648 0 sims=319832 RUNNER
! 833 6088 200 sims=319832 BLOCKER
> 16622 447 -467 74 173 1
> 6251 3920 85 -154 132 1
> 5424 5611 -51 56 -55 3
> 9756 6693 -903 69 -177 3
! -74008 42708 200
! -34422 95274 200
> 16622 447 -467 74 173 1
> 6251 3920 85 -154 132 1
> 5424 5611 -51 56 -55 3
> 9756 6693 -903 69 -177 3
! 11160 -2581 200 sims=340008 RUNNER
! 420 3109 0 sims=340008 BLOCKER
> 15974 606 -551 134 155 1
> 6255 3949 3 24 114 1
> 5488 5503 54 -91 -55 3
> 8853 6762 -767 58 -159 3
! -83280 12792 200
! -34418 95303 200
> 15974 606 -551 134 155 1
> 6255 3949 3 24 114 1
> 5488 5503 54 -91 -55 3
> 8853 6762 -767 58 -159 3
! 11224 -2689 200 sims=328448 RUNNER
! 1082 469 200 sims=328448 BLOCKER
> 15224 764 -637 134 173 1
> 6177 4156 -66 175 114 1
> 5657 5248 143 -216 -55 3
> 7931 6694 -784 -57 -141 3
! -75406 43025 200
! -60736 78470 SHIELD
> 15224 764 -637 134 173 1
> 6177 4156 -66 175 114 1
> 5657 5248 143 -216 -55 3
> 7931 6694 -784 -57 -141 3
! 11393 -2944 SHIELD sims=329976 RUNNER
! 2485 -1693 200 sims=329976 BLOCKER
> 14406 983 -695 185 155 1
> 6125 4301 97 -194 132 1
> 5786 5062 -31 159 -55 3
> 7038 6469 -758 -191 -123 3
! -58729 69182 200
! -80477 54301 0
> 14406 983 -695 185 155 1
> 6125 4301 97 -194 132 1
> 5786 5062 -31 159 -55 3
> 7038 6469 -758 -191 -123 3
! 13772 -956 0 sims=332392 RUNNER
! 4450 -3190 0 sims=332392 BLOCKER
> 13565 1304 -715 273 137 1
> 6222 4107 82 -164 150 1
> 5755 5221 -26 135 -37 3
> 6280 6278 -644 -162 -105 3
! -59570 69503 200
! -60691 78421 0
> 13565 1304 -715 273 137 1
> 6222 4107 82 -164 150 1
> 5755 5221 -26 135 -37 3
> 6280 6278 -644 -162 -105 3
! 13741 -797 0 sims=322144 RUNNER
! 3692 -3381 SHIELD sims=322144 BLOCKER
> 12704 1713 -732 347 137 1
> 6304 3943 69 -139 132 1
> 5730 5285 -16 -332 -37 3
> 5636 6123 -547 -92 -105 3
! -60431 69912 200
! -34369 95297 200
> 12704 1713 -732 347 137 1
> 6304 3943 69 -139 132 1
> 5730 5285 -16 -332 -37 3
> 5636 6123 -547 -92 -105 3
! 15185 2029 0 sims=338960 RUNNER
! 6159 -3863 0 sims=338960 BLOCKER
> 11826 2196 -746 410 137 1
> 6373 3804 58 -118 114 1
> 5714 4953 -13 -282 -19 3
> 5089 6031 -464 -78 -87 3
! -61309 70395 200
! -4079 103256 200
> 11826 2196 -746 410 137 1
> 6373 3804 58 -118 114 1
> 5714 4953 -13 -282 -19 3
> 5089 6031 -464 -78 -87 3
! 15712 4778 200 sims=348136 RUNNER
! 8673 -3305 0 sims=348136 BLOCKER
> 10934 2742 -758 464 137 1
> 6410 3885 31 68 96 1
> 5901 4667 158 -242 -1 0
> 4625 5953 -394 -66 -69 3
! -37546 90203 200
! 27201 101699 200
> 10934 2742 -758 464 137 1
> 6410 3885 31 68 96 1
> 5901 4667 158 -242 -1 0
> 4625 5953 -394 -66 -69 3
! 15464 7591 0 sims=334208 RUNNER
! 10918 -1818 0 sims=334208 BLOCKER
> 10079 3381 -726 543 119 1
> 6679 3891 295 -83 78 1
> 5863 4682 -99 101 17 0
> 4231 5887 -334 -56 -51 3
! -63056 71580 200
! 56679 90493 0
> 10079 3381 -726 543 119 1
> 6679 3891 295 -83 78 1
> 5863 4682 -99 101 17 0
> 4231 5887 -334 -56 -51 3
! 15426 7606 200 sims=341720 RUNNER
! 12618 441 0 sims=341720 BLOCKER
> 9207 4060 -741 577 137 1
> 6974 3808 250 -70 60 1
> 5955 4841 78 135 17 0
> 3897 5831 -283 -47 -33 3
! -39273 91521 200
! 81288 70721 0
> 9207 4060 -741 577 137 1
> 6974 3808 250 -70 60 1
> 5955 4841 78 135 17 0
> 3897 5831 -283 -47 -33 3
! 15518 7765 200 sims=341232 RUNNER
! 13556 3243 200 sims=341232 BLOCKER
> 8369 4812 -712 639 119 1
> 7224 3738 212 -59 42 1
> 6224 5034 228 164 17 0
> 3807 5732 -76 -83 -15 3
! -64766 73011 0
! 98578 44411 0
> 8369 4812 -712 639 119 1
> 7224 3738 212 -59 42 1
> 6224 5034 228 164 17 0
> 3807 5732 -76 -83 -15 3
! 15787 7958 200 sims=355696 RUNNER
! 13793 6255 0 sims=355696 BLOCKER
> 7657 5451 -605 543 137 1
> 7436 3679 180 -50 24 1
> 6643 5256 356 189 17 0
> 3731 5649 -64 -70 3 3
! -82973 47712 SHIELD
! 106888 14131 0
> 7657 5451 -605 543 137 1
> 7436 3679 180 -50 24 1
> 6643 5256 356 189 17 0
> 3731 5649 -64 -70 3 3
! 14835 10992 200 sims=335312 RUNNER
! 13390 3061 200 sims=335312 BLOCKER
> 7185 6038 -368 509 155 1
> 7616 3629 153 -42 6 1
> 5832 5124 -1018 -220 35 0
> 3860 5527 109 -103 -15 3
! -92069 18224 0
! 105430 -17162 0
> 7185 6038 -368 509 155 1
> 7616 3629 153 -42 6 1
> 5832 5124 -1018 -220 35 0
> 3860 5527 109 -103 -15 3
! 15395 8048 0 sims=313248 RUNNER
! 13519 2939 200 sims=313248 BLOCKER
> 6817 6547 -312 432 173 1
> 7769 3587 130 -35 -12 1
> 4814 4904 -865 -187 17 0
> 4162 5372 256 -131 -15 3
! -91345 -12533 0
! 94371 -46413 0
> 6817 6547 -312 432 173 1
> 7769 3587 130 -35 -12 1
> 4814 4904 -865 -187 17 0
> 4162 5372 256 -131 -15 3
! 14377 7828 200 sims=323360 RUNNER
! 14148 5895 200 sims=323360 BLOCKER
> 6505 6979 -265 367 -169 1
> 7899 3552 110 -29 -30 1
> 4877 4244 55 -562 17 0
> 3881 5783 -240 350 3 3
! -80957 -41501 0
! 94501 -46448 0
> 6505 6979 -265 367 -169 1
> 7899 3552 110 -29 -30 1
> 4877 4244 55 -562 17 0
> 3881 5783 -240 350 3 3
! 14875 4069 200 sims=328816 RUNNER
! 13217 9367 200 sims=328816 BLOCKER
> 6240 7346 -225 311 -151 1
> 8009 3523 93 -24 -30 1
> 5132 3679 216 -480 -1 0
> 3828 6205 -45 358 21 3
! -61959 -65789 200
! 94611 -46477 0
> 6240 7346 -225 311 -151 1
> 8009 3523 93 -24 -30 1
> 5132 3679 216 -480 -1 0
> 3828 6205 -45 358 21 3
! 15130 3504 200 sims=335944 RUNNER
! 13164 9789 200 sims=335944 BLOCKER
> 5879 7511 -307 140 -133 1
> 8102 3499 79 -20 -30 1
> 5548 3195 353 -410 -1 0
> 3970 6635 120 365 21 3
! -36382 -83119 200
! 94704 -46501 200
> 5879 7511 -307 140 -133 1
> 8102 3499 79 -20 -30 1
> 5548 3195 353 -410 -1 0
> 3970 6635 120 365 21 3
! 15546 3020 200 sims=329904 RUNNER
! 13306 10219 200 sims=329904 BLOCKER
> 5487 7470 -332 -35 -115 1
> 8354 3379 214 -102 -30 1
> 6101 2781 470 -351 -1 0
> 4277 7072 260 371 21 3
! -62712 -65665 0
! 75266 -70935 200
> 5487 7470 -332 -35 -115 1
> 8354 3379 214 -102 -30 1
> 6101 2781 470 -351 -1 0
> 4277 7072 260 371 21 3
! 16099 2606 200 sims=344208 RUNNER
! 13613 10656 SHIELD sims=344208 BLOCKER
> 5496 7483 701 108 -133 1
> 8702 3128 295 -213 -48 1
> 6771 2426 569 -301 -1 0
> 4503 7438 122 301 21 3
! -81966 -40997 200
! 49375 -88226 0
> 5496 7483 701 108 -133 1
> 8702 3128 295 -213 -48 1
> 6771 2426 569 -301 -1 0
> 4503 7438 122 301 21 3
! 16769 2251 200 sims=353944 RUNNER
! 14489 7961 0 sims=353944 BLOCKER
> 6022 7494 447 9 -151 1
> 8997 2915 250 -181 -66 1
> 7540 2121 653 -258 -1 0
> 4625 7739 103 255 3 3
! -92140 -11586 200
! 19449 -96537 200
> 6022 7494 447 9 -151 1
> 8997 2915 250 -181 -66 1
> 7540 2121 653 -258 -1 0
> 4625 7739 103 255 3 3
! 16995 -1135 200 sims=361576 RUNNER
! 14284 5151 0 sims=361576 BLOCKER
> 6273 7465 213 -24 -169 1
> 9268 2535 230 -322 -84 1
> 8382 1798 715 -274 -19 0
> 4728 7994 87 216 -15 3
! -91889 -11615 200
! 49941 -88819 200
> 6273 7465 213 -24 -169 1
> 9268 2535 230 -322 -84 1
> 8382 1798 715 -274 -19 0
> 4728 7994 87 216 -15 3
! 18380 1623 0 sims=343656 RUNNER
! 13115 2548 0 sims=343656 BLOCKER
> 6290 7403 14 -52 -169 1
> 9652 2101 538 -162 -66 1
> 9024 1453 333 -499 -1 0
> 4815 8210 73 183 -33 3
! -81172 -41077 200
! 50325 -89253 0
> 6290 7403 14 -52 -169 1
> 9652 2101 538 -162 -66 1
> 9024 1453 333 -499 -1 0
> 4815 8210 73 183 -33 3
! 18587 4377 200 sims=348680 RUNNER
! 11108 439 200 sims=348680 BLOCKER
> 6129 7254 -136 -126 -151 1
> 10190 1939 457 -137 -66 1
> 9548 1012 445 -374 17 0
> 5014 8238 169 23 -51 3
! -92033 -11826 200
! 77102 -72375 0
> 6129 7254 -136 -126 -151 1
> 10190 1939 457 -137 -66 1
> 9548 1012 445 -374 17 0
> 5014 8238 169 23 -51 3
! 17740 6748 200 sims=335992 RUNNER
! 13401 2792 0 sims=335992 BLOCKER
> 5797 7090 -282 -139 -169 1
> 10647 1802 388 -116 -48 1
> 10157 753 517 -220 35 0
> 5183 8261 143 19 -33 3
! -93457 19277 200
! 51320 -89552 200
> 5797 7090 -282 -139 -169 1
> 10647 1802 388 -116 -48 1
> 10157 753 517 -220 35 0
> 5183 8261 143 19 -33 3
! 16175 8739 200 sims=323600 RUNNER
! 14842 5673 0 sims=323600 BLOCKER
> 5316 6975 -408 -97 173 1
> 11116 1503 398 -253 -66 1
> 10794 693 541 -51 53 0
> 5326 8280 121 16 -15 3
! -85314 49236 200
! 21568 -97949 200
> 5316 6975 -408 -97 173 1
> 11116 1503 398 -253 -66 1
> 10794 693 541 -51 53 0
> 5326 8280 121 16 -15 3
! 16812 8679 200 sims=308872 RUNNER
! 14985 5692 200 sims=308872 BLOCKER
> 4727 6963 -500 -10 155 1
> 11733 1552 546 98 -84 1
> 11258 300 371 -390 53 0
> 5640 8244 267 -30 -15 3
! -68408 75162 200
! -9058 -96262 200
> 4727 6963 -500 -10 155 1
> 11733 1552 546 98 -84 1
> 11258 300 371 -390 53 0
> 5640 8244 267 -30 -15 3
! 14514 9755 200 sims=339792 RUNNER
! 14027 2798 0 sims=339792 BLOCKER
> 4081 7089 -549 107 137 1
> 12237 1454 428 -82 -102 1
> 11694 99 370 -170 71 0
> 5907 8214 226 -25 -33 3
! -69054 75288 0
! -37763 -85148 200
> 4081 7089 -549 107 137 1
> 12237 1454 428 -82 -102 1
> 11694 99 370 -170 71 0
> 5907 8214 226 -25 -33 3
! 17712 8085 200 sims=326328 RUNNER
! 15566 5626 0 sims=326328 BLOCKER
> 3532 7196 -466 90 137 2
> 12565 1199 278 -216 -120 1
> 12184 89 416 -8 53 0
> 6133 8189 192 -21 -15 3
! -44948 94657 0
! -8226 -96615 200
> 3532 7196 -466 90 137 2
> 12565 1199 278 -216 -120 1
> 12184 89 416 -8 53 0
> 6133 8189 192 -21 -15 3
! 18202 8075 200 sims=249872 RUNNER
! 14520 2743 0 sims=249872 BLOCKER
> 3066 7286 -396 76 119 2
> 12865 1030 334 160 -102 1
> 12657 -2 322 -381 53 0
> 6325 8168 163 -17 -33 3
! -16014 105448 0
! 23317 -98422 0
> 3066 7286 -396 76 119 2
> 12865 1030 334 160 -102 1
> 12657 -2 322 -381 53 0
> 6325 8168 163 -17 -33 3
! 15913 9453 200 sims=337512 RUNNER
! 15984 5580 0 sims=337512 BLOCKER
> 2670 7362 -336 64 101 2
> 13199 1190 283 136 -84 1
> 13044 -194 329 -163 71 0
> 6488 8151 138 -14 -15 3
! 14856 106616 0
! 23651 -98262 200
> 2670 7362 -336 64 101 2
> 13199 1190 283 136 -84 1
> 13044 -194 329 -163 71 0
> 6488 8151 138 -14 -15 3
! 13219 9804 200 sims=342896 RUNNER
! 14875 2705 0 sims=342896 BLOCKER
> 2334 7426 -285 54 83 2
> 13503 1127 258 -53 -84 1
> 13377 -157 282 31 89 0
> 6626 8137 117 -11 -33 3
! 44595 98056 0
! -7288 -96687 200
> 2334 7426 -285 54 83 2
> 13503 1127 258 -53 -84 1
> 13377 -157 282 31 89 0
> 6626 8137 117 -11 -33 3
! 13552 9841 200 sims=349776 RUNNER
! 16285 5549 0 sims=349776 BLOCKER
> 2049 7480 -242 45 65 2
> 13719 878 183 -211 -102 1
> 13663 74 242 196 89 0
> 6743 8126 99 -9 -15 3
! 70248 80615 200
! 24171 -98574 SHIELD
> 2049 7480 -242 45 65 2
> 13719 878 183 -211 -102 1
> 13663 74 242 196 89 0
> 6743 8126 99 -9 -15 3
! 13838 10072 SHIELD sims=266496 RUNNER
! 15130 2680 0 sims=266496 BLOCKER
> 1943 7671 -89 162 47 2
> 13930 1070 179 168 -84 1
> 13877 -133 181 -181 89 0
> 6842 8117 84 -7 -33 3
! 89404 56151 200
! 24382 -98382 0
> 1943 7671 -89 162 47 2
> 13930 1070 179 168 -84 1
> 13877 -133 181 -181 89 0
> 6842 8117 84 -7 -33 3
! 14052 9865 0 sims=330072 RUNNER
! 16501 5529 0 sims=330072 BLOCKER
> 2029 7930 73 220 29 2
> 14109 1238 152 142 -84 1
> 14058 -314 153 -153 89 0
> 6926 8110 71 -5 -15 3
! 100191 27010 200
! 24561 -98214 0
> 2029 7930 73 220 29 2
> 14109 1238 152 142 -84 1
> 14058 -314 153 -153 89 0
> 6926 8110 71 -5 -15 3
! 14233 9684 0 sims=344248 RUNNER
! 15313 2664 0 sims=344248 BLOCKER
> 2298 8188 228 219 11 2
> 14261 1380 129 120 -84 1
> 14211 -467 130 -130 89 0
> 6997 8105 60 -4 -33 3
! 101552 -3998 200
! -6530 -96434 0
> 2298 8188 228 219 11 2
> 14261 1380 129 120 -84 1
> 14211 -467 130 -130 89 0
> 6997 8105 60 -4 -33 3
! 14386 9531 0 sims=348512 RUNNER
! 16656 5517 0 sims=348512 BLOCKER
> 2725 8383 362 165 -7 2
> 14390 1500 109 102 -102 1
> 14341 -597 110 -110 89 0
> 7057 8101 51 -3 -15 3
! 101979 -3804 200
! -6401 -96314 200
> 2725 8383 362 165 -7 2
> 14390 1500 109 102 -102 1
> 14341 -597 110 -110 89 0
> 7057 8101 51 -3 -15 3
! 14516 9401 200 sims=347456 RUNNER
! 15444 2655 0 sims=347456 BLOCKER
> 3286 8524 476 119 -7 2
> 14457 1406 57 -79 -102 1
> 14455 -507 96 76 89 0
> 7108 8098 43 -2 -33 3
! 102540 -3663 200
! 24909 -98046 200
> 3286 8524 476 119 -7 2
> 14457 1406 57 -79 -102 1
> 14455 -507 96 76 89 0
> 7108 8098 43 -2 -33 3
! 14630 9491 200 sims=328800 RUNNER
! 13401 327 0 sims=328800 BLOCKER
> 3961 8619 573 80 -7 2
> 14535 1128 66 -236 -84 1
> 14555 -231 84 234 89 0
> 7151 8096 36 -1 -51 3
! 94591 -33642 200
! -6256 -96686 0
> 3961 8619 573 80 -7 2
> 14535 1128 66 -236 -84 1
> 14555 -231 84 234 89 0
> 7151 8096 36 -1 -51 3
! 11631 9332 200 sims=324712 RUNNER
! 15538 2650 0 sims=324712 BLOCKER
> 4715 8614 641 -3 -25 2
> 14603 994 66 360 -102 1
> 14579 92 11 -199 107 0
> 7187 8095 30 0 -33 3
! 103969 -3573 200
! -6188 -96820 200
> 4715 8614 641 -3 -25 2
> 14603 994 66 360 -102 1
> 14579 92 11 -199 107 0
> 7187 8095 30 0 -33 3
! 14754 10090 200 sims=321536 RUNNER
! 13480 324 0 sims=321536 BLOCKER
> 5555 8587 713 -23 -7 2
> 14627 1158 20 139 -102 1
> 14594 93 12 0 89 0
> 7217 8095 25 0 -51 3
! 96185 -33674 200
! 25079 -98294 200
> 5555 8587 713 -23 -7 2
> 14627 1158 20 139 -102 1
> 14594 93 12 0 89 0
> 7217 8095 25 0 -51 3
! 14769 10091 200 sims=333824 RUNNER
! 10801 -1241 0 sims=333824 BLOCKER
> 6449 8479 760 -91 -25 2
> 14668 1098 34 -50 -84 1
> 14610 293 13 169 89 0
> 7242 8095 21 0 -69 3
! 79584 -59720 SHIELD
! -6123 -96716 200
> 6449 8479 760 -91 -25 2
> 14668 1098 34 -50 -84 1
> 14610 293 13 169 89 0
> 7242 8095 21 0 -69 3
! 14785 10291 SHIELD sims=342848 RUNNER
! 10826 -1241 SHIELD sims=342848 BLOCKER
> 6665 8675 122 198 -43 2
> 14714 1592 39 430 -102 1
> 14618 388 6 79 89 0
> 7807 7808 541 -276 -69 3
! 97295 -33586 0
! -6077 -96222 200
> 6665 8675 122 198 -43 2
> 14714 1592 39 430 -102 1
> 14618 388 6 79 89 0
> 7807 7808 541 -276 -69 3
! 14793 10386 0 sims=354672 RUNNER
! 8330 -2178 0 sims=354672 BLOCKER
> 6787 8873 103 168 -25 2
> 14711 1826 -2 199 -102 1
> 14624 467 5 67 89 0
> 8348 7532 459 -234 -87 3
! 79922 -59326 200
! 25163 -97626 200
> 6787 8873 103 168 -25 2
> 14711 1826 -2 199 -102 1
> 14624 467 5 67 89 0
> 8348 7532 459 -234 -87 3
! 14799 10465 0 sims=347920 RUNNER
! 5760 -2127 0 sims=347920 BLOCKER
> 6890 9041 87 142 -43 2
> 14730 1826 16 0 -84 1
> 14629 534 4 56 89 0
> 8807 7298 390 -198 -105 3
! 55370 -78421 0
! 25182 -97626 200
> 6890 9041 87 142 -43 2
> 14730 1826 16 0 -84 1
> 14629 534 4 56 89 0
> 8807 7298 390 -198 -105 3
! 14804 10532 0 sims=320272 RUNNER
! 3361 -1089 0 sims=320272 BLOCKER
> 6977 9183 73 120 -61 2
> 14767 1627 31 -169 -84 1
> 14633 590 3 47 89 0
> 9197 7100 331 -168 -123 3
! 80112 -59016 200
! -6024 -96187 200
> 6977 9183 73 120 -61 2
> 14767 1627 31 -169 -84 1
> 14633 590 3 47 89 0
> 9197 7100 331 -168 -123 3
! 14808 10588 200 sims=339888 RUNNER
! 1426 807 200 sims=339888 BLOCKER
> 7196 9167 186 -13 -43 2
> 14814 1619 72 199 -102 1
> 14582 480 -76 -299 89 0
> 9373 6806 149 -249 -141 3
! 55676 -78295 200
! -5977 -96195 200
> 7196 9167 186 -13 -43 2
> 14814 1619 72 199 -102 1
> 14582 480 -76 -299 89 0
> 9373 6806 149 -249 -141 3
! 17838 9935 200 sims=311480 RUNNER
! 37 3222 200 sims=311480 BLOCKER
> 7479 8979 240 -159 -61 2
> 14844 1622 25 2 -102 1
> 14571 370 -9 -93 71 0
> 9335 6485 -32 -272 -159 3
! 80614 -59220 200
! -5947 -96192 200
> 7479 8979 240 -159 -61 2
> 14844 1622 25 2 -102 1
> 14571 370 -9 -93 71 0
> 9335 6485 -32 -272 -159 3
! 14746 10368 200 sims=331560 RUNNER
! -651 5962 0 sims=331560 BLOCKER
> 7865 8684 328 -251 -43 2
> 14827 1428 -14 -164 -102 1
> 14566 477 -4 90 89 0
> 9303 6213 -27 -231 -177 3
! 56345 -78778 200
! -35173 -85174 200
> 7865 8684 328 -251 -43 2
> 14827 1428 -14 -164 -102 1
> 14566 477 -4 90 89 0
> 9303 6213 -27 -231 -177 3
! 17822 9932 0 sims=317144 RUNNER
! -33 2629 0 sims=317144 BLOCKER
> 8290 8258 361 -362 -61 2
> 14781 1336 3 74 -120 1
> 14494 321 -103 -284 71 0
> 9276 5982 -22 -196 -159 3
! 27370 -89904 0
! -6010 -96478 0
> 8290 8258 361 -362 -61 2
> 14781 1336 3 74 -120 1
> 14494 321 -103 -284 71 0
> 9276 5982 -22 -196 -159 3
! 14669 10319 200 sims=322304 RUNNER
! -710 5459 0 sims=322304 BLOCKER
> 8651 7896 306 -307 -79 2
> 14784 1410 2 62 -102 1
> 14395 237 -84 -71 89 0
> 9254 5786 -18 -166 -177 3
! -3536 -91358 200
! -35216 -85192 200
> 8651 7896 306 -307 -79 2
> 14784 1410 2 62 -102 1
> 14395 237 -84 -71 89 0
> 9254 5786 -18 -166 -177 3
! 17651 9692 200 sims=325808 RUNNER
! -82 2202 0 sims=325808 BLOCKER
> 8933 7390 239 -429 -97 3
> 14686 1299 -83 -94 -120 1
> 14376 355 -16 100 71 0
> 9236 5620 -15 -141 -159 3
! -33328 -83240 200
! -6105 -96515 200
> 8933 7390 239 -429 -97 3
> 14686 1299 -83 -94 -120 1
> 14376 355 -16 100 71 0
> 9236 5620 -15 -141 -159 3
! 20394 8341 0 sims=298016 RUNNER
! -750 5097 200 sims=298016 BLOCKER
> 9087 6780 131 -518 -115 3
> 14629 1208 4 78 -102 1
> 14292 256 -124 -239 53 0
> 9021 5469 -182 -128 -177 3
! -59112 -66355 0
! -6162 -96606 200
> 9087 6780 131 -518 -115 3
> 14629 1208 4 78 -102 1
> 14292 256 -124 -239 53 0
> 9021 5469 -182 -128 -177 3
! 17548 9711 200 sims=262872 RUNNER
! -638 8057 0 sims=262872 BLOCKER
> 9218 6262 111 -440 -133 3
> 14591 1090 -31 -99 -102 1
> 14233 206 -50 -42 71 0
> 8839 5341 -154 -108 -195 3
! -78244 -42218 0
! -35409 -85512 200
> 9218 6262 111 -440 -133 3
> 14591 1090 -31 -99 -102 1
> 14233 206 -50 -42 71 0
> 8839 5341 -154 -108 -195 3
! 17489 9661 200 sims=267720 RUNNER
! 452 10787 0 sims=267720 BLOCKER
> 9329 5822 94 -374 -151 3
> 14571 1085 33 116 -120 1
> 14137 86 -131 -222 71 0
> 8685 5233 -130 -91 147 3
! -78133 -42658 200
! -35429 -85517 200
> 9329 5822 94 -374 -151 3
> 14571 1085 33 116 -120 1
> 14137 86 -131 -222 71 0
> 8685 5233 -130 -91 147 3
! 17393 9541 200 sims=260864 RUNNER
! 2392 13004 0 sims=260864 BLOCKER
> 9356 5424 76 -301 -151 3
> 14504 1028 -56 -48 -120 1
> 14071 53 -55 -27 71 0
> 8447 5069 -255 -175 129 3
! -88806 -13656 200
! -35496 -85574 0
> 9356 5424 76 -301 -151 3
> 14504 1028 -56 -48 -120 1
> 14071 53 -55 -27 71 0
> 8447 5069 -255 -175 129 3
! 20089 8039 200 sims=267848 RUNNER
! 4863 14405 0 sims=267848 BLOCKER
> 9236 5085 -102 -288 -169 3
> 14448 980 -47 -40 -120 1
> 14136 186 55 112 53 0
> 8192 4894 -216 -148 111 3
! -90018 17272 0
! -6343 -96834 200
> 9236 5085 -102 -288 -169 3
> 14448 980 -47 -40 -120 1
> 14136 186 55 112 53 0
> 8192 4894 -216 -148 111 3
! 17392 9641 0 sims=299728 RUNNER
! 7669 14880 0 sims=299728 BLOCKER
> 9134 4797 -86 -244 173 3
> 14477 1045 41 97 -102 1
> 14073 -3 -69 -202 71 0
> 7976 4746 -183 -125 93 3
! -89028 -14283 200
! -6314 -96769 200
> 9134 4797 -86 -244 173 3
> 14477 1045 41 97 -102 1
> 14073 -3 -69 -202 71 0
> 7976 4746 -183 -125 93 3
! 17329 9452 200 sims=300600 RUNNER
! 10564 14405 0 sims=300600 BLOCKER
> 8852 4515 -239 -239 -169 3
> 14476 946 0 -83 -102 1
> 14069 -16 -3 -10 71 0
> 7793 4621 -155 -106 75 3
! -90402 16702 0
! -35524 -85656 200
> 8852 4515 -239 -239 -169 3
> 14476 946 0 -83 -102 1
> 14069 -16 -3 -10 71 0
> 7793 4621 -155 -106 75 3
! 17325 9439 200 sims=295400 RUNNER
! 13239 13008 0 sims=295400 BLOCKER
> 8613 4276 -203 -203 173 3
> 14464 891 73 143 -120 1
> 14043 -38 -105 -208 71 0
> 7638 4515 -131 -90 57 3
! -90641 16462 200
! -35536 -85711 0
> 8613 4276 -203 -203 173 3
> 14464 891 73 143 -120 1
> 14043 -38 -105 -208 71 0
> 7638 4515 -131 -90 57 3
! 20061 7948 200 sims=302216 RUNNER
! 15409 10808 0 sims=302216 BLOCKER
> 8234 4088 -164 -228 173 3
> 14537 1034 62 121 -120 1
> 14058 -86 13 -41 53 0
> 7484 4435 -288 0 39 3
! -82396 46349 200
! -35463 -85568 200
> 8234 4088 -164 -228 173 3
> 14537 1034 62 121 -120 1
> 14058 -86 13 -41 53 0
> 7484 4435 -288 0 39 3
! 17314 9369 200 sims=283720 RUNNER
! 16820 8019 0 sims=283720 BLOCKER
> 7889 3945 -293 -121 155 3
> 14499 982 -32 -44 -120 1
> 14136 62 66 125 71 0
> 7196 4435 -244 0 21 3
! -65246 72144 200
! -6292 -96832 200
> 7889 3945 -293 -121 155 3
> 14499 982 -32 -44 -120 1
> 14136 62 66 125 71 0
> 7196 4435 -244 0 21 3
! 20154 8048 0 sims=279520 RUNNER
! 17182 4958 0 sims=279520 BLOCKER
> 7563 3874 -236 -91 137 3
> 14500 930 59 104 -102 1
> 14128 0 -66 -202 53 0
> 6838 4522 -344 104 3 3
! -65572 72073 200
! -6291 -96884 0
> 7563 3874 -236 -91 137 3
> 14500 930 59 104 -102 1
> 14128 0 -66 -202 53 0
> 6838 4522 -344 104 3 3
! 17384 9455 200 sims=298416 RUNNER
! 16497 1934 200 sims=298416 BLOCKER
> 7181 3919 -324 38 137 3
> 14559 1034 50 88 -102 1
> 14127 -13 0 -10 71 0
> 6687 4574 -128 44 -15 3
! -83449 46180 SHIELD
! -35441 -85568 200
> 7181 3919 -324 38 137 3
> 14559 1034 50 88 -102 1
> 14127 -13 0 -10 71 0
> 6687 4574 -128 44 -15 3
! 17383 9442 200 sims=300456 RUNNER
! 15074 -872 0 sims=300456 BLOCKER
> 6867 3942 -264 17 155 3
> 14509 949 -42 -72 -120 1
> 14192 166 55 152 71 0
> 6458 4763 -214 189 -33 3
! -83763 46203 0
! -35491 -85653 200
> 6867 3942 -264 17 155 3
> 14509 949 -42 -72 -120 1
> 14192 166 55 152 71 0
> 6458 4763 -214 189 -33 3
! 17448 9621 SHIELD sims=328952 RUNNER
! 16117 2175 200 sims=328952 BLOCKER
> 6603 3959 -224 14 155 3
> 14635 1374 132 425 -120 1
> 14220 251 21 65 71 0
> 6437 4900 -17 116 -15 3
! -66532 72158 0
! -6156 -96440 200
> 6603 3959 -224 14 155 3
> 14635 1374 132 425 -120 1
> 14220 251 21 65 71 0
> 6437 4900 -17 116 -15 3
! 17476 9706 0 sims=347336 RUNNER
! 14824 -546 200 sims=347336 BLOCKER
> 6379 3973 -190 11 137 0
> 14725 1603 76 194 -102 1
> 14241 316 17 55 71 0
> 6588 4907 128 6 -33 3
! -42101 91434 0
! -35275 -84999 200
> 6379 3973 -190 11 137 0
> 14725 1603 76 194 -102 1
> 14241 316 17 55 71 0
> 6588 4907 128 6 -33 3
! 17497 9771 0 sims=355232 RUNNER
! 14975 -539 200 sims=355232 BLOCKER
> 6189 3984 -161 9 119 0
> 14701 1624 -20 17 -120 1
> 14258 371 14 46 71 0
> 6884 4804 251 -87 -33 3
! -12891 102146 0
! -6090 -96190 200
> 6189 3984 -161 9 119 0
> 14701 1624 -20 17 -120 1
> 14258 371 14 46 71 0
> 6884 4804 251 -87 -33 3
! 17514 9826 0 sims=333688 RUNNER
! 15271 -642 200 sims=333688 BLOCKER
> 6028 3993 -136 7 101 0
> 14639 1445 -52 -151 -102 1
> 14272 417 11 39 71 0
> 7303 4608 355 -166 -33 3
! 18214 103247 0
! -6152 -96369 200
> 6028 3993 -136 7 101 0
> 14639 1445 -52 -151 -102 1
> 14272 417 11 39 71 0
> 7303 4608 355 -166 -33 3
! 17528 9872 200 sims=256272 RUNNER
! 16962 2020 200 sims=256272 BLOCKER
> 5892 4000 -115 5 83 0
> 14654 1385 100 180 -102 1
> 14239 359 -115 -280 71 0
> 7851 4390 465 -185 -15 3
! 48153 94630 0
! -35346 -85217 200
> 5892 4000 -115 5 83 0
> 14654 1385 100 180 -102 1
> 14239 359 -115 -280 71 0
> 7851 4390 465 -185 -15 3
! 17495 9814 200 sims=351256 RUNNER
! 16238 -1056 200 sims=351256 BLOCKER
> 5777 4005 -97 4 65 0
> 14654 1392 0 5 -120 1
> 14189 268 -42 -77 71 0
> 8484 4096 537 -249 -33 3
! 73976 77140 200
! -35346 -85210 200
> 5777 4005 -97 4 65 0
> 14654 1392 0 5 -120 1
> 14189 268 -42 -77 71 0
> 8484 4096 537 -249 -33 3
! 17445 9723 200 sims=331016 RUNNER
! 18143 1508 200 sims=331016 BLOCKER
> 5816 4155 33 127 47 0
> 14554 1224 -85 -142 -120 1
> 14212 380 19 95 71 0
> 9214 3795 620 -255 -15 3
! 93277 52635 200
! -35446 -85378 SHIELD
> 5816 4155 33 127 47 0
> 14554 1224 -85 -142 -120 1
> 14212 380 19 95 71 0
> 9214 3795 620 -255 -15 3
! 17468 9835 SHIELD sims=324552 RUNNER
! 18873 1207 200 sims=324552 BLOCKER
> 6024 4379 176 190 29 0
> 14524 1219 9 83 -120 1
> 14176 338 -65 -123 71 0
> 10027 3488 691 -260 -15 3
! 104186 23459 200
! -6267 -96595 0
> 6024 4379 176 190 29 0
> 14524 1219 9 83 -120 1
> 14176 338 -65 -123 71 0
> 10027 3488 691 -260 -15 3
! 17432 9793 0 sims=335648 RUNNER
! 18414 -1958 200 sims=335648 BLOCKER
> 6396 4607 316 193 11 0
> 14533 1302 7 70 -102 1
> 14111 215 -55 -104 71 0
> 10886 3119 729 -313 -33 3
! 105650 -7579 200
! 24985 -98150 0
> 6396 4607 316 193 11 0
> 14533 1302 7 70 -102 1
> 14111 215 -55 -104 71 0
> 10886 3119 729 -313 -33 3
! 17367 9670 0 sims=324728 RUNNER
! 19273 -2327 200 sims=324728 BLOCKER
> 6911 4776 437 143 -7 0
> 14540 1372 5 59 -84 1
> 14056 111 -46 -88 71 0
> 11783 2697 762 -358 -33 3
! 97541 -37485 200
! -6251 -96442 0
> 6911 4776 437 143 -7 0
> 14540 1372 5 59 -84 1
> 14056 111 -46 -88 71 0
> 11783 2697 762 -358 -33 3
! 17312 9566 0 sims=327464 RUNNER
! 21442 109 200 sims=327464 BLOCKER
> 7529 4834 525 49 -25 0
> 14545 1431 4 50 -102 1
> 14010 23 -39 -74 71 0
> 12738 2287 811 -348 -15 3
! 80664 -63365 200
! -35455 -85171 200
> 7529 4834 525 49 -25 0
> 14545 1431 4 50 -102 1
> 14010 23 -39 -74 71 0
> 12738 2287 811 -348 -15 3
! 17266 9478 200 sims=325416 RUNNER
! 21125 -3159 200 sims=325416 BLOCKER
> 8200 4747 570 -74 -43 0
> 14449 1308 -81 -104 -120 1
> 14036 138 22 97 71 0
> 13717 1830 831 -388 -33 3
! 81335 -63452 200
! -59865 -65605 200
> 8200 4747 570 -74 -43 0
> 14449 1308 -81 -104 -120 1
> 14036 138 22 97 71 0
> 13717 1830 831 -388 -33 3
! 20054 8124 0 sims=279008 RUNNER
! 20010 -5941 200 sims=279008 BLOCKER
> 8916 4537 608 -178 -43 0
> 15023 437 553 -792 -138 1
> 14058 235 18 82 53 0
> 13871 1920 65 127 -51 3
! 57396 -82925 200
! -59291 -66475 0
> 8916 4537 608 -178 -43 0
> 15023 437 553 -792 -138 1
> 14058 235 18 82 53 0
> 13871 1920 65 127 -51 3
! 20076 8221 200 sims=323696 RUNNER
! 17455 -7416 0 sims=323696 BLOCKER
> 9621 4184 599 -299 -61 0
> 15576 -355 470 -673 -138 1
> 14196 477 117 205 53 0
> 13936 2047 55 107 -69 3
! 82756 -64015 200
! -75778 -41028 0
> 9621 4184 599 -299 -61 0
> 15576 -355 470 -673 -138 1
> 14196 477 117 205 53 0
> 13936 2047 55 107 -69 3
! 17452 9932 200 sims=305168 RUNNER
! 14459 -7939 0 sims=305168 BLOCKER
> 10366 3749 633 -370 -43 0
> 16046 -1028 399 -572 -156 1
> 14378 871 154 334 71 0
> 13991 2154 46 90 -87 3
! 83501 -64450 200
! -83406 -11480 200
> 10366 3749 633 -370 -43 0
> 16046 -1028 399 -572 -156 1
> 14378 871 154 334 71 0
> 13991 2154 46 90 -87 3
! 17634 10326 200 sims=322296 RUNNER
! 11403 -7505 0 sims=322296 BLOCKER
> 11145 3243 662 -430 -43 0
> 16246 -1621 170 -503 -174 1
> 14597 1394 186 444 71 1
> 14037 2244 39 76 -105 3
! 101775 -39018 200
! -81568 19170 200
> 11145 3243 662 -430 -43 0
> 16246 -1621 170 -503 -174 1
> 14597 1394 186 444 71 1
> 14037 2244 39 76 -105 3
! 14772 11392 0 sims=297888 RUNNER
! 8591 -6143 0 sims=297888 BLOCKER
> 11988 2728 716 -437 -25 0
> 16220 -2082 -21 -392 168 1
> 14783 1838 158 377 89 1
> 14076 2320 33 64 -123 3
! 111242 -9459 0
! -70382 47918 200
> 11988 2728 716 -437 -25 0
> 16220 -2082 -21 -392 168 1
> 14783 1838 158 377 89 1
> 14076 2320 33 64 -123 3
! 11859 11401 200 sims=271096 RUNNER
! 6305 -3973 200 sims=271096 BLOCKER
> 12704 2291 608 -371 -7 0
> 16026 -2374 -165 -248 150 1
> 14883 2406 84 483 107 1
> 13954 2258 -104 -52 -141 3
! 110866 21371 SHIELD
! -50887 71940 200
> 12704 2291 608 -371 -7 0
> 16026 -2374 -165 -248 150 1
> 14883 2406 84 483 107 1
> 13954 2258 -104 -52 -141 3
! 9147 10598 200 sims=349448 RUNNER
! 6183 -4035 SHIELD sims=349448 BLOCKER
> 13105 1873 0 -432 11 0
> 15727 -2473 -254 -84 132 1
> 14852 3053 -26 549 125 1
> 14057 2253 428 73 -141 3
! 111267 20953 0
! -24946 88881 200
> 13105 1873 0 -432 11 0
> 15727 -2473 -254 -84 132 1
> 14852 3053 -26 549 125 1
> 14057 2253 428 73 -141 3
! 6866 9071 200 sims=350312 RUNNER
! 4721 -1331 0 sims=350312 BLOCKER
> 13105 1441 0 -367 11 0
> 15392 -2374 -285 83 114 1
> 14666 3722 -157 568 143 1
> 14485 2326 363 62 -159 3
! 100566 49921 0
! 4939 97078 200
> 13105 1441 0 -367 11 0
> 15392 -2374 -285 83 114 1
> 14666 3722 -157 568 143 1
> 14485 2326 363 62 -159 3
! 5211 6978 200 sims=337648 RUNNER
! 4499 1803 0 sims=337648 BLOCKER
> 13105 1074 0 -311 29 0
> 15086 -2092 -260 239 96 1
> 14320 4355 -294 538 161 1
> 14848 2388 308 52 -177 3
! 100566 49554 0
! -25587 89262 200
> 13105 1074 0 -311 29 0
> 15086 -2092 -260 239 96 1
> 14320 4355 -294 538 161 1
> 14848 2388 308 52 -177 3
! 4322 4530 200 sims=338192 RUNNER
! 5189 4976 0 sims=338192 BLOCKER
> 13105 763 0 -264 29 0
> 14745 -1670 -290 358 114 1
> 13826 4897 -419 460 179 1
> 15156 2440 261 44 -195 3
! 81304 73898 200
! -52168 72644 200
> 13105 763 0 -264 29 0
> 14745 -1670 -290 358 114 1
> 13826 4897 -419 460 179 1
> 15156 2440 261 44 -195 3
! 3828 5072 200 sims=303552 RUNNER
! 5170 1917 200 sims=303552 BLOCKER
> 13241 645 115 -100 47 0
> 14321 -1163 -360 430 132 1
> 13207 5361 -526 393 179 1
> 15217 2474 52 28 -177 3
! 81440 73780 200
! -26352 90191 0
> 13241 645 115 -100 47 0
> 14321 -1163 -360 430 132 1
> 13207 5361 -526 393 179 1
> 15217 2474 52 28 -177 3
! 3209 5536 200 sims=307872 RUNNER
! 5881 -1110 200 sims=307872 BLOCKER
> 13492 691 213 39 47 0
> 13961 -733 -306 365 114 1
> 12481 5758 -617 337 179 1
> 15082 2430 -114 -37 -159 3
! 81691 73826 200
! -26712 90621 200
> 13492 691 213 39 47 0
> 13961 -733 -306 365 114 1
> 12481 5758 -617 337 179 1
> 15082 2430 -114 -37 -159 3
! 2483 5933 200 sims=295888 RUNNER
! 7311 -3863 200 sims=295888 BLOCKER
> 13841 876 296 157 47 0
> 13574 -185 -329 465 114 1
> 11664 6099 -694 289 179 1
> 14813 2267 -229 -138 -141 3
! 56102 91506 200
! -27099 91169 0
> 13841 876 296 157 47 0
> 13574 -185 -329 465 114 1
> 11664 6099 -694 289 179 1
> 14813 2267 -229 -138 -141 3
! 1666 6274 200 sims=328896 RUNNER
! 5477 -1317 200 sims=328896 BLOCKER
