@ 0 reCurse
@ 1 YurkovAS
CP 3
CP 11280 2797
CP 7491 6964
CP 6000 5333
> 11650 3133 0 0 -1 1
> 10910 2461 0 0 -1 1
> 12390 3806 0 0 -1 1
> 10170 1788 0 0 -1 1
! -37365 90296 200
! -71213 59520 200
> 11650 3133 0 0 -1 1
> 10910 2461 0 0 -1 1
> 12390 3806 0 0 -1 1
> 10170 1788 0 0 -1 1
! -731 18900 BOOST sims=289387 RUNNER
! 474 19280 BOOST sims=289387 BLOCKER
> 11552 3307 -83 148 119 1
> 10746 2575 -139 97 145 1
> 11964 4297 -362 416 131 1
> 9855 2357 -267 483 119 1
! -61583 71506 200
! -71169 59932 200
> 11552 3307 -83 148 119 1
> 10746 2575 -139 97 145 1
> 11964 4297 -362 416 131 1
> 9855 2357 -267 483 119 1
! -5179 14598 200 sims=350301 RUNNER
! 6039 21990 200 sims=350301 BLOCKER
> 11323 3591 -194 241 137 1
> 10443 2787 -257 179 145 1
> 11431 4816 -453 441 149 1
> 9550 3036 -259 577 101 1
! -61812 71790 200
! -49738 82650 0
> 11323 3591 -194 241 137 1
> 10443 2787 -257 179 145 1
> 11431 4816 -453 441 149 1
> 9550 3036 -259 577 101 1
! -8056 9315 200 sims=346458 RUNNER
! 11987 22887 0 sims=346458 BLOCKER
> 10983 3968 -289 320 137 1
> 10186 2966 -218 152 127 1
> 10783 5302 -550 413 167 1
> 9291 3613 -220 490 83 1
! -79647 46229 200
! -71729 60323 200
> 10983 3968 -289 320 137 1
> 10186 2966 -218 152 127 1
> 10783 5302 -550 413 167 1
> 9291 3613 -220 490 83 1
! -9141 3559 0 sims=325185 RUNNER
! 17743 21739 0 sims=325185 BLOCKER
> 10513 4373 -399 343 155 1
> 9804 3233 -324 226 145 1
> 10233 5715 -467 351 185 1
> 9071 4103 -187 416 65 1
! -88741 16559 0
! -50377 83096 200
> 10513 4373 -399 343 155 1
> 9804 3233 -324 226 145 1
> 10233 5715 -467 351 185 1
> 9071 4103 -187 416 65 1
! -8177 -2100 200 sims=306187 RUNNER
! 22711 18730 200 sims=306187 BLOCKER
> 10114 4716 -339 291 173 1
> 9360 3619 -377 327 127 1
> 9582 5988 -553 231 203 1
> 9020 4665 -43 477 47 1
! -88048 -14364 200
! -23196 98170 BOOST
> 10114 4716 -339 291 173 1
> 9360 3619 -377 327 127 1
> 9582 5988 -553 231 203 1
> 9020 4665 -43 477 47 1
! -10342 4245 0 sims=280021 RUNNER
! 26512 14361 0 sims=280021 BLOCKER
> 9701 4948 -176 166 -169 1
> 8786 4329 -474 378 109 1
> 9029 6219 -470 196 -175 1
> 8840 5395 -340 875 29 1
! -89553 17135 200
! 7040 104313 200
> 9701 4948 -176 166 -169 1
> 8786 4329 -474 378 109 1
> 9029 6219 -470 196 -175 1
> 8840 5395 -340 875 29 1
! -10895 4476 SHIELD sims=321258 RUNNER
! 28473 9211 200 sims=321258 BLOCKER
> 9326 5138 -318 161 173 1
> 8238 4235 -497 -373 91 1
> 8587 6544 -374 282 -175 1
> 8488 5693 -283 478 11 1
! -81304 47399 200
! 37475 99865 200
> 9326 5138 -318 161 173 1
> 8238 4235 -497 -373 91 1
> 8587 6544 -374 282 -175 1
> 8488 5693 -283 478 11 1
! -11337 4801 SHIELD sims=345786 RUNNER
! 28339 3256 200 sims=345786 BLOCKER
> 8908 5300 -207 -14 155 1
> 7799 4053 -372 -154 73 1
> 8213 6848 -317 266 -175 1
> 8319 6005 -292 336 -7 1
! -64227 73499 200
! 37036 99683 200
> 8908 5300 -207 -14 155 1
> 7799 4053 -372 -154 73 1
> 8213 6848 -317 266 -175 1
> 8319 6005 -292 336 -7 1
! -11711 5105 SHIELD sims=320656 RUNNER
! 26445 -2447 0 sims=320656 BLOCKER
> 8555 5422 -300 104 137 1
> 7485 4090 -266 31 73 1
> 7895 7118 -271 241 -175 2
> 8034 6297 -224 135 -25 1
! -39925 92883 200
! 64842 86005 200
> 8555 5422 -300 104 137 1
> 7485 4090 -266 31 73 1
> 7895 7118 -271 241 -175 2
> 8034 6297 -224 135 -25 1
! -10515 -697 0 sims=334950 RUNNER
! 22661 -7343 200 sims=334950 BLOCKER
> 8234 5542 -193 -62 119 1
> 7334 4285 -128 165 55 1
> 7624 7359 -230 204 -157 2
> 7880 6455 -209 298 -43 1
! -10846 103704 200
! 36571 99915 0
> 8234 5542 -193 -62 119 1
> 7334 4285 -128 165 55 1
> 7624 7359 -230 204 -157 2
> 7880 6455 -209 298 -43 1
! -7470 -5762 0 sims=334369 RUNNER
! 17576 -11037 200 sims=334369 BLOCKER
> 8003 5676 -196 114 101 1
> 7206 4450 -108 140 73 1
> 7394 7563 -195 173 -139 2
> 7768 6578 -95 104 -61 2
! -40477 93137 200
! 36443 100080 200
> 8003 5676 -196 114 101 1
> 7206 4450 -108 140 73 1
> 7394 7563 -195 173 -139 2
> 7768 6578 -95 104 -61 2
! -2907 -9580 0 sims=304318 RUNNER
! 11584 -13055 200 sims=304318 BLOCKER
> 7769 5681 -176 -104 119 1
> 7156 4781 -42 281 73 1
> 7199 7736 -165 147 -121 2
> 7653 6770 -120 272 -79 2
! -65366 73880 200
! 5410 104765 SHIELD
> 7769 5681 -176 -104 119 1
> 7156 4781 -42 281 73 1
> 7199 7736 -165 147 -121 2
> 7653 6770 -120 272 -79 2
! 2700 -11751 200 sims=290297 RUNNER
! 17349 -10722 200 sims=290297 BLOCKER
> 7507 5823 -9 505 137 1
> 7108 5051 -62 191 91 1
> 6989 7688 -178 -40 -103 2
> 7630 6867 -19 82 -61 2
! -40973 93284 0
! -25448 99602 SHIELD
> 7507 5823 -9 505 137 1
> 7108 5051 -62 191 91 1
> 6989 7688 -178 -40 -103 2
> 7630 6867 -19 82 -61 2
! -3312 -9455 200 sims=346521 RUNNER
! 11446 -12766 0 sims=346521 BLOCKER
> 7473 6161 -59 76 119 1
> 7046 5242 -52 162 109 1
> 6708 7477 -238 -179 -121 2
> 7636 7116 36 422 -79 2
! -41007 93622 200
! 5300 105226 0
> 7473 6161 -59 76 119 1
> 7046 5242 -52 162 109 1
> 6708 7477 -238 -179 -121 2
> 7636 7116 36 422 -79 2
! -8386 -5644 200 sims=339514 RUNNER
! 11452 -12517 200 sims=339514 BLOCKER
> 7317 6412 -132 213 119 2
> 6994 5404 -44 137 91 1
> 6319 7167 -330 -263 -139 2
> 7710 7342 63 191 -79 2
! -65818 74611 0
! 5248 105388 0
> 7317 6412 -132 213 119 2
> 6994 5404 -44 137 91 1
> 6319 7167 -330 -263 -139 2
> 7710 7342 63 191 -79 2
! -3982 -9976 0 sims=353766 RUNNER
! 5273 -12509 0 sims=353766 BLOCKER
> 7185 6625 -112 181 137 2
> 6950 5541 -37 116 91 1
> 5989 6904 -280 -223 -121 2
> 7773 7533 53 162 -97 2
! -83445 48886 0
! 36187 101171 0
> 7185 6625 -112 181 137 2
> 6950 5541 -37 116 91 1
> 5989 6904 -280 -223 -121 2
> 7773 7533 53 162 -97 2
! 1490 -12583 0 sims=345961 RUNNER
! -679 -10593 0 sims=345961 BLOCKER
> 7073 6806 -95 153 155 2
> 6913 5657 -31 98 73 1
> 5709 6681 -238 -189 -103 2
> 7826 7695 45 137 -115 2
! -92181 18992 0
! 64270 87572 200
> 7073 6806 -95 153 155 2
> 6913 5657 -31 98 73 1
> 5709 6681 -238 -189 -103 2
> 7826 7695 45 137 -115 2
! 7452 -13243 0 sims=349370 RUNNER
! -5814 -6932 200 sims=349370 BLOCKER
> 6978 6959 -80 130 173 2
> 6997 5919 71 222 55 1
> 5471 6492 -202 -160 -85 2
> 7735 7686 -77 -7 -133 2
! -91184 -12121 0
! 86860 66100 200
> 6978 6959 -80 130 173 2
> 6997 5919 71 222 55 1
> 5471 6492 -202 -160 -85 2
> 7735 7686 -77 -7 -133 2
! 13286 -11918 200 sims=337456 RUNNER
! -717 -10440 0 sims=337456 BLOCKER
> 6898 7089 -68 110 -169 2
> 7228 6261 196 291 37 1
> 5347 6148 -105 -292 -67 2
> 7658 7679 -65 -5 -115 2
! -80564 -41391 0
! 101779 38817 0
> 6898 7089 -68 110 -169 2
> 7228 6261 196 291 37 1
> 5347 6148 -105 -292 -67 2
> 7658 7679 -65 -5 -115 2
! 18468 -8946 200 sims=345198 RUNNER
! -5982 -6948 200 sims=345198 BLOCKER
> 6750 7149 -239 -20 -151 2
> 7424 6552 166 247 19 2
> 5373 5705 22 -376 -49 2
> 7537 7578 10 -14 -133 2
! -61449 -65986 0
! 107408 8297 0
> 6750 7149 -239 -20 -151 2
> 7424 6552 166 247 19 2
> 5373 5705 22 -376 -49 2
> 7537 7578 10 -14 -133 2
! 22516 -4596 200 sims=368767 RUNNER
! -915 -10548 0 sims=368767 BLOCKER
> 6511 7129 -203 -17 -133 2
> 7591 6765 147 -8 1 2
> 5566 5226 164 -407 -31 0
> 7546 7598 2 206 -115 2
! -35750 -83501 200
! 103221 -22472 0
> 6511 7129 -203 -17 -133 2
> 7591 6765 147 -8 1 2
> 5566 5226 164 -407 -31 0
> 7546 7598 2 206 -115 2
! 25053 727 200 sims=383978 RUNNER
! -906 -10528 200 sims=383978 BLOCKER
> 6223 6931 -244 -168 -115 2
> 7738 6757 124 -6 -17 2
> 5925 4774 305 -384 -13 0
> 7463 7623 -70 21 -115 2
! -5964 -92323 200
! 89653 -50600 0
> 6223 6931 -244 -168 -115 2
> 7738 6757 124 -6 -17 2
> 5925 4774 305 -384 -13 0
> 7463 7623 -70 21 -115 2
! 25412 275 200 sims=379225 RUNNER
! 5026 -12228 200 sims=379225 BLOCKER
> 5955 6564 -228 -311 -97 2
> 7862 6751 105 -5 -35 2
> 6425 4345 424 -364 -13 0
> 7369 7445 -80 -150 -97 2
! 25035 -91598 200
! 68043 -73112 0
> 5955 6564 -228 -311 -97 2
> 7862 6751 105 -5 -35 2
> 6425 4345 424 -364 -13 0
> 7369 7445 -80 -150 -97 2
! 26349 6088 200 sims=368851 RUNNER
! 11185 -12188 0 sims=368851 BLOCKER
> 5765 6057 -161 -431 -79 2
> 7967 6746 89 -4 -53 2
> 7048 3998 529 -294 5 0
> 7289 7295 -68 -127 -79 2
! 54245 -81405 200
! 40523 -87805 200
> 5765 6057 -161 -431 -79 2
> 7967 6746 89 -4 -53 2
> 7048 3998 529 -294 5 0
> 7289 7295 -68 -127 -79 2
! 26535 -501 200 sims=376670 RUNNER
! 11105 -12338 200 sims=376670 BLOCKER
> 5701 5451 -54 -515 -61 0
> 8121 6553 130 -164 -71 2
> 7772 3659 615 -288 -13 0
> 7259 6972 -25 -274 -79 2
! 78836 -62748 200
! 68302 -73310 0
> 5701 5451 -54 -515 -61 0
> 8121 6553 130 -164 -71 2
> 7772 3659 615 -288 -13 0
> 7259 6972 -25 -274 -79 2
! 27696 5402 0 sims=375109 RUNNER
! 16955 -10520 200 sims=375109 BLOCKER
> 5793 4800 78 -553 -43 0
> 8251 6389 110 -139 -53 2
> 8387 3371 522 -244 5 0
> 7331 6523 61 -381 -61 2
! 96423 -37461 200
! 40807 -88162 200
> 5793 4800 78 -553 -43 0
> 8251 6389 110 -139 -53 2
> 8387 3371 522 -244 5 0
> 7331 6523 61 -381 -61 2
! 26797 11186 0 sims=368081 RUNNER
! 17027 -10969 200 sims=368081 BLOCKER
> 6052 4162 220 -541 -25 0
> 8426 6061 148 -278 -71 2
> 8909 3127 443 -207 23 0
> 7489 5967 134 -472 -61 2
! 105306 -8025 200
! 68607 -73802 0
> 6052 4162 220 -541 -25 0
> 8426 6061 148 -278 -71 2
> 8909 3127 443 -207 23 0
> 7489 5967 134 -472 -61 2
! 24003 16248 0 sims=362600 RUNNER
! 11305 -13666 200 sims=362600 BLOCKER
> 6471 3597 355 -480 -7 0
> 8574 5783 125 -236 -53 2
> 9352 2920 376 -175 41 0
> 7661 5299 146 -568 -79 2
! 104633 22677 0
! 90489 -51574 0
> 6471 3597 355 -480 -7 0
> 8574 5783 125 -236 -53 2
> 9352 2920 376 -175 41 0
> 7661 5299 146 -568 -79 2
! 19653 20063 0 sims=358400 RUNNER
! 17357 -12193 0 sims=358400 BLOCKER
> 6826 3117 301 -408 11 0
> 8699 5547 106 -200 -35 2
> 9728 2745 319 -148 59 0
> 7807 4731 124 -482 -61 2
! 106080 -9069 0
! 104329 -23690 0
> 6826 3117 301 -408 11 0
> 8699 5547 106 -200 -35 2
> 9728 2745 319 -148 59 0
> 7807 4731 124 -482 -61 2
! 14227 22232 0 sims=352667 RUNNER
! 22434 -8909 200 sims=352667 BLOCKER
> 7127 2709 255 -346 -7 0
> 8805 5347 90 -170 -17 2
> 10047 2597 271 -125 77 0
> 8077 4113 229 -525 -43 2
! 105289 21789 0
! 108789 7092 0
> 7127 2709 255 -346 -7 0
> 8805 5347 90 -170 -17 2
> 10047 2597 271 -125 77 0
> 8077 4113 229 -525 -43 2
! 8304 22521 0 sims=364126 RUNNER
! 26203 -4339 200 sims=364126 BLOCKER
> 7382 2363 216 -294 11 0
> 8895 5177 76 -144 1 2
> 10318 2472 230 -106 95 0
> 8487 3503 348 -518 -25 2
! 94843 50843 200
! 103446 37733 0
> 7382 2363 216 -294 11 0
> 8895 5177 76 -144 1 2
> 10318 2472 230 -106 95 0
> 8487 3503 348 -518 -25 2
! 8575 22396 200 sims=343203 RUNNER
! 28338 1066 0 sims=343203 BLOCKER
> 7773 2166 332 -167 29 0
> 8971 5033 64 -122 19 2
> 10531 2565 180 79 95 0
> 8835 2985 295 -440 -7 2
! 95234 50646 200
! 108955 6778 0
> 7773 2166 332 -167 29 0
> 8971 5033 64 -122 19 2
> 10531 2565 180 79 95 0
> 8835 2985 295 -440 -7 2
! 2716 20975 0 sims=364749 RUNNER
! 26961 -5467 0 sims=364749 BLOCKER
> 8280 2096 430 -59 29 0
> 9035 4911 54 -103 1 2
> 10711 2644 153 67 113 1
> 9130 2545 250 -374 -25 2
! 76479 75231 0
! 104665 -24326 0
> 8280 2096 430 -59 29 0
> 9035 4911 54 -103 1 2
> 10711 2644 153 67 113 1
> 9130 2545 250 -374 -25 2
! -2410 17738 0 sims=381962 RUNNER
! 27256 -5907 SHIELD sims=381962 BLOCKER
> 8497 1959 -37 -197 47 0
> 9089 4808 45 -87 -17 2
> 10864 2711 130 56 131 1
> 9401 2179 252 -303 -25 2
! 95958 50439 200
! 104719 -24429 0
> 8497 1959 -37 -197 47 0
> 9089 4808 45 -87 -17 2
> 10864 2711 130 56 131 1
> 9401 2179 252 -303 -25 2
! -6279 13012 0 sims=387205 RUNNER
! 29252 -258 0 sims=387205 BLOCKER
> 8635 1859 117 -85 29 0
> 9134 4721 38 -73 -17 2
> 10994 2767 110 47 149 1
> 9653 1876 214 -257 -7 2
! 106797 20939 200
! 91049 -52636 200
> 8635 1859 117 -85 29 0
> 9134 4721 38 -73 -17 2
> 10994 2767 110 47 149 1
> 9653 1876 214 -257 -7 2
! -8493 7266 0 sims=352072 RUNNER
! 29286 5692 0 sims=352072 BLOCKER
> 8948 1812 266 -39 11 0
> 9336 4533 171 -159 -35 2
> 11104 2814 93 39 167 1
> 9867 1619 181 -218 11 2
! 96409 50292 200
! 69517 -75330 200
> 8948 1812 266 -39 11 0
> 9336 4533 171 -159 -35 2
> 11104 2814 93 39 167 1
> 9867 1619 181 -218 11 2
! -8820 1071 200 sims=311962 RUNNER
! 27359 11315 0 sims=311962 BLOCKER
> 9389 1870 374 49 29 0
> 9627 4214 247 -270 -53 2
> 10998 2836 -90 18 185 1
> 10048 1401 153 -185 29 2
! 77588 75005 200
! 69808 -75649 200
> 9389 1870 374 49 29 0
> 9627 4214 247 -270 -53 2
> 10998 2836 -90 18 185 1
> 10048 1401 153 -185 29 2
! -7412 -4979 200 sims=309757 RUNNER
! 23688 16028 200 sims=309757 BLOCKER
> 9899 2065 433 165 47 0
> 9994 3784 312 -365 -53 2
> 10724 2776 -232 -51 203 1
> 10337 1362 245 -32 47 2
! 78098 75200 SHIELD
! 91909 -53573 0
> 9899 2065 433 165 47 0
> 9994 3784 312 -365 -53 2
> 10724 2776 -232 -51 203 1
> 10337 1362 245 -32 47 2
! -7686 -5039 SHIELD sims=362999 RUNNER
! 18789 19488 200 sims=362999 BLOCKER
> 10115 2005 23 -213 47 0
> 10099 3736 -352 634 -35 2
> 10719 2937 190 247 -157 1
> 10774 1327 464 -191 65 2
! 97576 50485 0
! 105729 -25501 200
> 10115 2005 23 -213 47 0
> 10099 3736 -352 634 -35 2
> 10719 2937 190 247 -157 1
> 10774 1327 464 -191 65 2
! -9205 1194 0 sims=381171 RUNNER
! 13211 21178 200 sims=381171 BLOCKER
> 10138 1792 19 -181 29 0
> 9938 4312 -136 489 -17 2
> 10909 3184 161 209 -175 1
> 11262 1335 415 6 83 2
! 78337 74927 0
! 91853 -53045 0
> 10138 1792 19 -181 29 0
> 9938 4312 -136 489 -17 2
> 10909 3184 161 209 -175 1
> 11262 1335 415 6 83 2
! -9015 1441 0 sims=336805 RUNNER
! 7446 20968 200 sims=336805 BLOCKER
> 10157 1611 16 -153 47 0
> 9802 4801 -115 415 -35 2
> 11070 3393 136 177 -175 1
> 11639 1537 320 171 101 2
! 78356 74746 0
! 69983 -75062 0
> 10157 1611 16 -153 47 0
> 9802 4801 -115 415 -35 2
> 11070 3393 136 177 -175 1
> 11639 1537 320 171 101 2
! -7340 -4422 0 sims=343924 RUNNER
! 1943 19029 200 sims=343924 BLOCKER
> 10173 1458 13 -130 47 0
> 9687 5216 -97 352 -53 2
> 11206 3570 115 150 -157 1
> 11862 1883 189 294 119 2
! 52434 92088 BOOST
! 42243 -89335 200
> 10173 1458 13 -130 47 0
> 9687 5216 -97 352 -53 2
> 11206 3570 115 150 -157 1
> 11862 1883 189 294 119 2
! -3888 -9551 0 sims=328426 RUNNER
! -2765 15523 200 sims=328426 BLOCKER
> 10461 1917 244 390 65 0
> 9655 5379 -27 138 -71 2
> 11321 3720 97 127 -139 1
> 11905 2313 36 365 137 2
! 52722 92547 200
! 11400 -94605 0
> 10461 1917 244 390 65 0
> 9655 5379 -27 138 -71 2
> 11321 3720 97 127 -139 1
> 11905 2313 36 365 137 2
! -7089 -4095 200 sims=306075 RUNNER
! 2209 19805 200 sims=306075 BLOCKER
> 10790 2488 279 485 65 1
> 9628 5517 -22 117 -89 2
> 11234 3769 -74 41 -157 1
> 11844 2853 -51 458 119 2
! 78989 75623 200
! 11373 -94467 0
> 10790 2488 279 485 65 1
> 9628 5517 -22 117 -89 2
> 11234 3769 -74 41 -157 1
> 11844 2853 -51 458 119 2
! -3860 -9352 200 sims=295785 RUNNER
! -2783 16493 0 sims=295785 BLOCKER
> 11026 2878 -66 -81 47 1
> 9606 5634 -18 99 -89 2
> 11016 3862 -172 406 -139 1
> 11965 3369 357 524 137 2
! 53287 93508 0
! 42162 -88917 200
> 11026 2878 -66 -81 47 1
> 9606 5634 -18 99 -89 2
> 11016 3862 -172 406 -139 1
> 11965 3369 357 524 137 2
! 715 -13281 0 sims=220577 RUNNER
! -6161 11821 200 sims=220577 BLOCKER
> 10960 2797 -56 -68 65 1
> 9653 5544 40 -76 -71 2
> 10844 4268 -146 345 -121 1
> 12141 3978 149 517 155 2
! 23146 102051 200
! 69834 -74319 0
> 10960 2797 -56 -68 65 1
> 9653 5544 40 -76 -71 2
> 10844 4268 -146 345 -121 1
> 12141 3978 149 517 155 2
! -4250 -8853 0 sims=327817 RUNNER
! -7710 6415 200 sims=327817 BLOCKER
> 10928 2928 -26 110 83 1
> 9693 5468 34 -64 -53 2
> 10698 4613 -124 293 -139 1
> 12091 4519 -42 460 173 2
! -8152 101090 0
! 69874 -74395 200
> 10928 2928 -26 110 83 1
> 9693 5468 34 -64 -53 2
> 10698 4613 -124 293 -139 1
> 12091 4519 -42 460 173 2
! -4396 -8508 200 sims=289996 RUNNER
! -7760 6956 200 sims=289996 BLOCKER
> 10902 3038 -22 93 101 1
> 9803 5281 -247 120 -53 2
> 10467 4739 144 -173 -139 1
> 11850 5003 -204 411 173 2
! -37578 90499 0
! 69984 -74582 200
> 10902 3038 -22 93 101 1
> 9803 5281 -247 120 -53 2
> 10467 4739 144 -173 -139 1
> 11850 5003 -204 411 173 2
! 166 -12404 200 sims=334628 RUNNER
! -8001 7440 200 sims=334628 BLOCKER
> 10880 3131 -18 79 119 1
> 9676 5241 -107 -33 -53 2
> 10508 4395 34 -292 -121 1
> 11447 5438 -342 370 173 2
! -8200 101293 200
! 69857 -74622 200
> 10880 3131 -18 79 119 1
> 9676 5241 -107 -33 -53 2
> 10508 4395 34 -292 -121 1
> 11447 5438 -342 370 173 2
! 6009 -15092 200 sims=327922 RUNNER
! -8186 1622 0 sims=327922 BLOCKER
> 10912 3219 208 -311 101 1
> 9689 5048 11 -163 -53 2
> 10409 4095 -265 131 -103 1
> 11105 5808 -290 314 -169 2
! 23098 102473 200
! 42245 -89503 SHIELD
> 10912 3219 208 -311 101 1
> 9689 5048 11 -163 -53 2
> 10409 4095 -265 131 -103 1
> 11105 5808 -290 314 -169 2
! 12152 -15829 0 sims=355684 RUNNER
! -6387 -3888 200 sims=355684 BLOCKER
> 11144 3107 197 -95 83 1
> 9699 4886 -25 -87 -71 2
> 10149 4218 119 -398 -85 1
> 10640 6025 -395 184 -151 2
! -7936 101269 200
! 11444 -95098 0
> 11144 3107 197 -95 83 1
> 9699 4886 -25 -87 -71 2
> 10149 4218 119 -398 -85 1
> 10640 6025 -395 184 -151 2
! 5650 -15269 0 sims=411201 RUNNER
! -8993 2209 0 sims=411201 BLOCKER
> 11303 3208 135 86 101 1
> 9674 4799 -21 -73 -89 2
> 10268 3820 101 -338 -103 1
> 10245 6209 -335 156 -169 2
! -37177 90669 200
! -19563 -90831 0
> 11303 3208 135 86 101 1
> 9674 4799 -21 -73 -89 2
> 10268 3820 101 -338 -103 1
> 10245 6209 -335 156 -169 2
! -33 -13323 0 sims=408828 RUNNER
! -9606 8646 0 sims=408828 BLOCKER
> 11341 3469 32 221 119 1
> 9653 4726 -17 -62 -107 2
> 10369 3482 85 -287 -121 1
> 9910 6365 -284 132 173 2
! -7739 101631 200
! -19584 -90904 0
> 11341 3469 32 221 119 1
> 9653 4726 -17 -62 -107 2
> 10369 3482 85 -287 -121 1
> 9910 6365 -284 132 173 2
! -4725 -9639 0 sims=391034 RUNNER
! -9723 2549 0 sims=391034 BLOCKER
> 11335 3886 -5 354 101 1
> 9636 4664 -14 -52 -107 2
> 10454 3195 72 -243 -139 1
> 9626 6497 -241 112 -169 2
! -7745 102048 200
! -47721 -77251 0
> 11335 3886 -5 354 101 1
> 9636 4664 -14 -52 -107 2
> 10454 3195 72 -243 -139 1
> 9626 6497 -241 112 -169 2
! -7956 -4620 0 sims=408933 RUNNER
! -10225 8934 0 sims=408933 BLOCKER
> 11292 4436 -36 467 101 1
> 9622 4612 -11 -44 -125 2
> 10526 2952 61 -206 -157 1
> 9385 6609 -204 95 173 2
! -37188 91897 200
! -47735 -77303 0
> 11292 4436 -36 467 101 1
> 9622 4612 -11 -44 -125 2
> 10526 2952 61 -206 -157 1
> 9385 6609 -204 95 173 2
! -9398 1209 0 sims=398363 RUNNER
! -10248 2793 0 sims=398363 BLOCKER
> 11159 5078 -113 545 119 1
> 9611 4568 -9 -37 -125 2
> 10587 2746 51 -175 -175 1
> 9181 6704 -173 80 -169 2
! -61976 73277 0
! -47746 -77347 0
> 11159 5078 -113 545 119 1
> 9611 4568 -9 -37 -125 2
> 10587 2746 51 -175 -175 1
> 9181 6704 -173 80 -169 2
! -8900 7245 0 sims=408814 RUNNER
! -10670 9141 0 sims=408814 BLOCKER
> 11046 5623 -96 463 137 1
> 9602 4531 -7 -31 -125 2
> 10638 2571 43 -148 -193 1
> 9008 6784 -147 68 173 2
! -79584 47884 0
! -19635 -91099 0
> 11046 5623 -96 463 137 1
> 9602 4531 -7 -31 -125 2
> 10638 2571 43 -148 -193 1
> 9008 6784 -147 68 173 2
! -6505 12872 0 sims=379995 RUNNER
! -10625 2968 0 sims=379995 BLOCKER
> 10950 6086 -81 393 155 1
> 9595 4500 -5 -26 -107 2
> 10681 2423 36 -125 -211 1
> 8861 6852 -124 57 -169 2
! -88304 18272 200
! 11340 -95484 0
> 10950 6086 -81 393 155 1
> 9595 4500 -5 -26 -107 2
> 10681 2423 36 -125 -211 1
> 8861 6852 -124 57 -169 2
! -2440 17517 0 sims=398426 RUNNER
! -10990 9289 0 sims=398426 BLOCKER
> 10670 6503 -237 354 173 1
> 9590 4474 -4 -22 -89 2
> 10717 2298 30 -106 -229 1
> 8737 6909 -105 48 173 2
! -87492 -12577 200
! 42146 -90077 0
> 10670 6503 -237 354 173 1
> 9590 4474 -4 -22 -89 2
> 10717 2298 30 -106 -229 1
> 8737 6909 -105 48 173 2
! -6426 12599 200 sims=369810 RUNNER
! -10896 3093 0 sims=369810 BLOCKER
> 10237 6819 -368 268 -169 1
> 9586 4452 -3 -18 -71 2
> 10576 2295 -120 -2 149 1
> 8632 6957 -89 40 -169 2
! -77225 -41661 200
! 11331 -95532 200
> 10237 6819 -368 268 -169 1
> 9586 4452 -3 -18 -71 2
> 10576 2295 -120 -2 149 1
> 8632 6957 -89 40 -169 2
! -8911 6794 200 sims=350777 RUNNER
! -8860 -2739 0 sims=350777 BLOCKER
> 9694 6990 -461 145 -151 1
> 9586 4234 0 -185 -89 2
> 10261 2338 -267 36 167 1
> 8543 6997 -75 34 -151 2
! -77768 -41490 0
! -19651 -91396 200
> 9694 6990 -461 145 -151 1
> 9586 4234 0 -185 -89 2
> 10261 2338 -267 36 167 1
> 8543 6997 -75 34 -151 2
! -9663 595 200 sims=368221 RUNNER
! -8949 -2699 SHIELD sims=368221 BLOCKER
> 9284 7141 175 191 -151 1
> 9528 3858 -49 -319 -107 2
> 9795 2357 -396 15 185 1
> 8463 7030 -120 22 -151 2
! -78178 -41339 200
! -47829 -78057 200
> 9284 7141 175 191 -151 1
> 9528 3858 -49 -319 -107 2
> 9795 2357 -396 15 185 1
> 8463 7030 -120 22 -151 2
! -8615 -5458 200 sims=384055 RUNNER
! -5177 -7597 0 sims=384055 BLOCKER
> 9284 7235 0 79 -151 1
> 9364 3375 -139 -410 -125 2
> 9215 2294 -493 -53 203 1
> 8343 7052 -102 18 -133 2
! -88878 -11845 200
! -70499 -56806 200
> 9284 7235 0 79 -151 1
> 9364 3375 -139 -410 -125 2
> 9215 2294 -493 -53 203 1
> 8343 7052 -102 18 -133 2
! -10709 551 200 sims=356244 RUNNER
! -109 -11074 0 sims=356244 BLOCKER
> 9088 7276 -166 34 -169 1
> 9065 2845 -253 -450 -143 2
> 8523 2224 -588 -59 -175 1
> 8241 7070 -86 15 -115 2
! -89074 -11804 200
! -85486 -29711 200
> 9088 7276 -166 34 -169 1
> 9065 2845 -253 -450 -143 2
> 8523 2224 -588 -59 -175 1
> 8241 7070 -86 15 -115 2
! -11401 481 200 sims=340907 RUNNER
! -211 -11056 SHIELD sims=340907 BLOCKER
> 9079 7364 99 102 -169 1
> 8623 2330 -375 -437 -161 2
> 7736 2148 -669 -64 -175 1
> 8120 7076 -113 2 -115 2
! -89083 -11716 200
! -91361 584 0
> 9079 7364 99 102 -169 1
> 8623 2330 -375 -437 -161 2
> 7736 2148 -669 -64 -175 1
> 8120 7076 -113 2 -115 2
! -11751 6647 0 sims=365414 RUNNER
! -332 -11050 0 sims=365414 BLOCKER
> 8982 7428 -82 54 -169 1
> 8248 1893 -318 -371 -179 2
> 7067 2084 -568 -54 167 1
> 8007 7078 -96 1 -115 2
! -78480 -41052 200
! -87382 31130 0
> 8982 7428 -82 54 -169 1
> 8248 1893 -318 -371 -179 2
> 7067 2084 -568 -54 167 1
> 8007 7078 -96 1 -115 2
! -10076 12385 0 sims=344435 RUNNER
! -445 -11048 0 sims=344435 BLOCKER
> 8725 7385 -218 -36 -151 1
> 7930 1522 -270 -315 -197 2
> 6499 2030 -482 -45 149 1
> 7911 7079 -81 0 -115 2
! -78737 -41095 0
! -73985 58879 0
> 8725 7385 -218 -36 -151 1
> 7930 1522 -270 -315 -197 2
> 6499 2030 -482 -45 149 1
> 7911 7079 -81 0 -115 2
! -6622 17124 0 sims=353766 RUNNER
! -541 -11047 SHIELD sims=353766 BLOCKER
> 8628 7396 17 47 -151 1
> 7660 1207 -229 -267 -215 2
> 6017 1985 -409 -38 131 1
> 7818 7074 -89 -7 -115 2
! -78834 -41084 200
! -52521 81070 200
> 8628 7396 17 47 -151 1
> 7660 1207 -229 -267 -215 2
> 6017 1985 -409 -38 131 1
> 7818 7074 -89 -7 -115 2
! -1798 20395 200 sims=291991 RUNNER
! -5822 -7553 0 sims=291991 BLOCKER
> 8485 7352 -7 5 -151 1
> 7311 1100 -296 -91 -233 2
> 5530 2131 -414 124 113 1
> 7714 7061 -202 -54 -133 2
! -78977 -41128 200
! -25245 95651 200
> 8485 7352 -7 5 -151 1
> 7311 1100 -296 -91 -233 2
> 5530 2131 -414 124 113 1
> 7714 7061 -202 -54 -133 2
! 3787 22055 200 sims=340655 RUNNER
! -738 -11065 0 sims=340655 BLOCKER
> 8303 7260 -154 -78 -151 1
> 6950 1198 -306 83 -251 2
> 5099 2454 -366 274 95 1
> 7512 7007 -171 -45 -115 2
! -59896 -65875 200
! 5204 101182 200
> 8303 7260 -154 -78 -151 1
> 6950 1198 -306 83 -251 2
> 5099 2454 -366 274 95 1
> 7512 7007 -171 -45 -115 2
! 9598 21941 200 sims=331660 RUNNER
! 5075 -12844 0 sims=331660 BLOCKER
> 8171 7081 -81 -143 -133 1
> 6641 1481 -263 240 91 2
> 4778 2923 -272 398 77 1
> 7182 6917 -310 -85 -97 2
! -79291 -41399 200
! 4895 101465 200
> 8171 7081 -81 -143 -133 1
> 6641 1481 -263 240 91 2
> 4778 2923 -272 398 77 1
> 7182 6917 -310 -85 -97 2
! 15079 20066 200 sims=328083 RUNNER
! 10998 -12716 0 sims=328083 BLOCKER
> 7915 6841 -217 -203 -151 2
> 6375 1921 -226 373 91 2
> 4609 3492 -143 484 59 1
> 6872 6832 -263 -72 -79 2
! -90247 -12239 200
! 35612 97551 200
> 7915 6841 -217 -203 -151 2
> 6375 1921 -226 373 91 2
> 4609 3492 -143 484 59 1
> 6872 6832 -263 -72 -79 2
! 19703 16613 200 sims=296100 RUNNER
! 16568 -10660 200 sims=296100 BLOCKER
> 7506 6600 -141 -201 -169 2
> 6207 2485 -142 479 73 2
> 4617 4107 6 522 41 1
> 6702 6585 -351 -213 -61 2
! -91748 18787 0
! 35444 98115 200
> 7506 6600 -141 -201 -169 2
> 6207 2485 -142 479 73 2
> 4617 4107 6 522 41 1
> 6702 6585 -351 -213 -61 2
! 23027 11922 200 sims=294273 RUNNER
! 21329 -7055 200 sims=294273 BLOCKER
> 7365 6399 -119 -170 173 2
> 6123 3155 -70 569 73 2
> 4807 4707 161 510 23 1
> 6497 6236 -174 -296 -43 2
! -83265 48660 0
! 35360 98785 0
> 7365 6399 -119 -170 173 2
> 6123 3155 -70 569 73 2
> 4807 4707 161 510 23 1
> 6497 6236 -174 -296 -43 2
! 23217 12522 200 sims=272482 RUNNER
! 24623 -2216 0 sims=272482 BLOCKER
> 7246 6229 -101 -144 155 2
> 6053 3724 -59 483 73 2
> 5152 5295 293 499 23 1
> 6323 5940 -147 -251 -25 2
! -83384 48490 0
! 4307 103708 0
> 7246 6229 -101 -144 155 2
> 6053 3724 -59 483 73 2
> 5152 5295 293 499 23 1
> 6323 5940 -147 -251 -25 2
! 25076 7038 0 sims=282436 RUNNER
! 26174 3503 200 sims=282436 BLOCKER
> 7145 6085 -85 -122 155 2
> 5994 4207 -50 410 91 2
> 5445 5794 249 424 5 1
> 6375 5665 43 -234 -7 0
! -65990 74284 200
! -26562 98758 200
> 7145 6085 -85 -122 155 2
> 5994 4207 -50 410 91 2
> 5445 5794 249 424 5 1
> 6375 5665 43 -234 -7 0
! 24932 1295 200 sims=309813 RUNNER
! 26008 9481 0 sims=309813 BLOCKER
> 6914 6099 -196 12 137 2
> 5879 4806 -97 509 109 0
> 5889 6173 377 322 -13 1
> 6418 5431 36 -198 11 0
! -83716 48360 SHIELD
! 4133 104790 0
> 6914 6099 -196 12 137 2
> 5879 4806 -97 509 109 0
> 5889 6173 377 322 -13 1
> 6418 5431 36 -198 11 0
! 25376 1674 SHIELD sims=373821 RUNNER
! 26269 2994 0 sims=373821 BLOCKER
> 6990 6097 240 -38 155 2
> 5508 5023 -329 168 91 0
> 6025 6557 -55 369 -13 1
> 6417 5046 -32 -382 -7 0
! -83640 48358 0
! 34745 100653 200
> 6990 6097 240 -38 155 2
> 5508 5023 -329 168 91 0
> 6025 6557 -55 369 -13 1
> 6417 5046 -32 -382 -7 0
! 23168 -3744 0 sims=418061 RUNNER
! 26268 2609 200 sims=418061 BLOCKER
> 7230 6059 204 -32 155 2
> 5237 5382 -229 305 73 0
> 5970 6926 -46 313 -31 1
> 6584 4640 141 -345 -7 0
! -65905 74258 200
! 62594 87297 200
> 7230 6059 204 -32 155 2
> 5237 5382 -229 305 73 0
> 5970 6926 -46 313 -31 1
> 6584 4640 141 -345 -7 0
! 19091 -8168 0 sims=401667 RUNNER
! 26435 2203 200 sims=401667 BLOCKER
> 7434 6027 173 -27 137 2
> 5123 5851 -97 398 55 0
> 5924 7239 -39 266 -49 1
> 6924 4271 288 -313 -7 0
! -83196 48288 0
! 84986 66032 200
> 7434 6027 173 -27 137 2
> 5123 5851 -97 398 55 0
> 5924 7239 -39 266 -49 1
> 6924 4271 288 -313 -7 0
! 13739 -11171 0 sims=382550 RUNNER
! 26557 8087 0 sims=382550 BLOCKER
> 7607 6000 147 -22 155 2
> 5186 6369 53 440 37 0
> 5885 7505 -33 226 -67 1
> 7212 3958 244 -266 11 0
! -91647 18186 200
! 99737 38925 200
> 7607 6000 147 -22 155 2
> 5186 6369 53 440 37 0
> 5885 7505 -33 226 -67 1
> 7212 3958 244 -266 11 0
! 7628 -12419 200 sims=360234 RUNNER
! 27063 1521 0 sims=360234 BLOCKER
> 7555 6002 -43 2 173 2
> 5424 6867 -50 47 19 0
> 5874 7538 242 404 -85 1
> 7456 3692 207 -226 -7 0
! -90607 -13078 200
! 105408 8612 200
> 7555 6002 -43 2 173 2
> 5424 6867 -50 47 19 0
> 5874 7538 242 404 -85 1
> 7456 3692 207 -226 -7 0
! 13689 -10872 200 sims=371714 RUNNER
! 27089 7508 0 sims=371714 BLOCKER
> 7316 5966 -203 -30 -169 2
> 5574 6917 127 42 1 0
> 6194 7758 272 186 -67 1
> 7663 3466 175 -192 11 0
! -80146 -42514 200
! 100125 39473 200
> 7316 5966 -203 -30 -169 2
> 5574 6917 127 42 1 0
> 6194 7758 272 186 -67 1
> 7663 3466 175 -192 11 0
! 14009 -10652 200 sims=360675 RUNNER
! 27514 1029 0 sims=360675 BLOCKER
> 6938 5839 -321 -107 -151 2
> 5890 7024 268 91 19 0
> 6544 7760 297 1 -67 1
> 7838 3274 148 -163 -7 0
! -61261 -67296 200
! 105874 8769 200
> 6938 5839 -321 -107 -151 2
> 5890 7024 268 91 19 0
> 6544 7760 297 1 -67 1
> 7838 3274 148 -163 -7 0
! 8287 -12164 200 sims=340956 RUNNER
! 27471 7090 0 sims=340956 BLOCKER
> 6481 5586 -388 -215 -133 0
> 6264 7025 208 -109 1 0
> 6952 7656 456 21 -85 1
> 7986 3111 125 -138 11 0
! -35780 -85044 0
! 101894 -22212 0
> 6481 5586 -388 -215 -133 0
> 6264 7025 208 -109 1 0
> 6952 7656 456 21 -85 1
> 7986 3111 125 -138 11 0
! 2453 -11831 200 sims=366506 RUNNER
! 27837 674 0 sims=366506 BLOCKER
> 6093 5371 -329 -182 -115 0
> 6472 6916 176 -92 -17 0
> 7363 7482 349 -147 -103 2
> 8111 2973 106 -117 -7 0
! -6094 -93883 0
! 88387 -50441 0
> 6093 5371 -329 -182 -115 0
> 6472 6916 176 -92 -17 0
> 7363 7482 349 -147 -103 2
> 8111 2973 106 -117 -7 0
! -2938 -9661 0 sims=368410 RUNNER
! 27744 6789 0 sims=368410 BLOCKER
> 5764 5189 -279 -154 -97 0
> 6648 6824 149 -78 -35 0
> 7712 7335 296 -124 -121 2
> 8217 2856 90 -99 11 0
! 24844 -92973 0
! 88563 -50533 0
> 5764 5189 -279 -154 -97 0
> 6648 6824 149 -78 -35 0
> 7712 7335 296 -124 -121 2
> 8217 2856 90 -99 11 0
! -7382 -5786 0 sims=384902 RUNNER
! 28068 419 0 sims=384902 BLOCKER
> 5485 5035 -237 -130 -79 0
> 6797 6746 126 -66 -35 0
> 8008 7211 251 -105 -139 2
> 8307 2757 76 -84 -7 0
! 53965 -82427 200
! 102427 -22491 0
> 5485 5035 -237 -130 -79 0
> 6797 6746 126 -66 -35 0
> 8008 7211 251 -105 -139 2
> 8307 2757 76 -84 -7 0
! -10402 -604 0 sims=381864 RUNNER
! 27940 6573 0 sims=381864 BLOCKER
> 5345 4730 -119 -259 -61 0
> 6923 6680 107 -56 -17 0
> 8259 7106 213 -89 -157 2
> 8383 2673 64 -71 11 0
! 78480 -63469 200
! 106907 8425 0
> 5345 4730 -119 -259 -61 0
> 6923 6680 107 -56 -17 0
> 8259 7106 213 -89 -157 2
> 8383 2673 64 -71 11 0
! -11665 5363 200 sims=379547 RUNNER
! 28234 236 0 sims=379547 BLOCKER
> 5372 4335 23 -336 -43 0
> 7030 6624 90 -47 1 0
> 8273 7000 11 -90 -175 2
> 8447 2602 54 -60 -7 0
! 96002 -37926 200
! 101581 39180 200
> 5372 4335 23 -336 -43 0
> 7030 6624 90 -47 1 0
> 8273 7000 11 -90 -175 2
> 8447 2602 54 -60 -7 0
! -10137 -815 0 sims=371805 RUNNER
! 28080 6418 0 sims=371805 BLOCKER
> 5576 3914 173 -357 -25 0
> 7309 6642 237 15 19 0
> 8284 6910 9 -76 -157 2
> 8501 2542 45 -51 11 0
! 96206 -38347 200
! 107293 8387 0
> 5576 3914 173 -357 -25 0
> 7309 6642 237 15 19 0
> 8284 6910 9 -76 -157 2
> 8501 2542 45 -51 11 0
! -6810 -6211 200 sims=357287 RUNNER
! 28352 105 0 sims=357287 BLOCKER
> 5930 3472 301 -375 -25 0
> 7343 6617 -144 -56 1 0
> 8345 6743 225 -107 -139 2
> 8546 2491 38 -43 -7 0
! 105184 -8715 200
! 102973 -22620 0
> 5930 3472 301 -375 -25 0
> 7343 6617 -144 -56 1 0
> 8345 6743 225 -107 -139 2
> 8546 2491 38 -43 -7 0
! -6749 -6378 200 sims=358456 RUNNER
! 28179 6307 0 sims=358456 BLOCKER
> 6430 3073 424 -339 -7 0
> 7199 6561 -122 -47 -17 0
> 8419 6505 62 -202 -139 2
> 8584 2448 32 -36 11 0
! 104592 22153 0
! 89114 -50796 200
> 6430 3073 424 -339 -7 0
> 7199 6561 -122 -47 -17 0
> 8419 6505 62 -202 -139 2
> 8584 2448 32 -36 11 0
! -9991 -1310 200 sims=356755 RUNNER
! 26076 12144 0 sims=356755 BLOCKER
> 6854 2734 360 -288 11 0
> 7241 6399 35 -137 -35 0
> 8297 6225 -103 -238 -157 2
> 8616 2412 27 -30 29 0
! 106108 -9452 200
! 89156 -50958 200
> 6854 2734 360 -288 11 0
> 7241 6399 35 -137 -35 0
> 8297 6225 -103 -238 -157 2
> 8616 2412 27 -30 29 0
! -11627 4482 200 sims=335650 RUNNER
! 22256 17039 0 sims=335650 BLOCKER
> 7413 2422 474 -265 -7 0
> 7226 6196 -235 -122 -35 0
> 8209 5921 147 -308 -175 2
> 8643 2382 22 -25 47 0
! 105575 21502 0
! 89141 -51161 200
> 7413 2422 474 -265 -7 0
> 7226 6196 -235 -122 -35 0
> 8209 5921 147 -308 -175 2
> 8643 2382 22 -25 47 0
! -11278 10420 200 sims=359128 RUNNER
! 17095 20508 0 sims=359128 BLOCKER
> 7887 2157 402 -225 11 0
> 7155 5959 -60 -201 -35 0
> 8161 5658 -40 -223 -193 2
> 8665 2357 18 -21 65 0
! 106049 21237 0
! 102785 -23278 200
> 7887 2157 402 -225 11 0
> 7155 5959 -60 -201 -35 0
> 8161 5658 -40 -223 -193 2
> 8665 2357 18 -21 65 0
! -8982 15959 200 sims=335202 RUNNER
! 17117 20483 SHIELD sims=335202 BLOCKER
> 7732 1787 -136 -316 11 0
> 7173 5730 -189 -140 -17 0
> 8063 5508 121 -182 -211 2
> 8739 2351 63 -5 65 0
! 95193 50267 200
! 107157 7475 200
> 7732 1787 -136 -316 11 0
> 7173 5730 -189 -140 -17 0
> 8063 5508 121 -182 -211 2
> 8739 2351 63 -5 65 0
! -11424 10007 200 sims=381115 RUNNER
! 22379 16978 0 sims=381115 BLOCKER
> 7771 1568 33 -186 29 0
> 7184 5593 9 -116 1 0
> 7989 5371 -62 -116 167 2
> 8802 2346 53 -4 47 0
! 105933 20648 200
! 102814 -23644 200
> 7771 1568 33 -186 29 0
> 7184 5593 9 -116 1 0
> 7989 5371 -62 -116 167 2
> 8802 2346 53 -4 47 0
! -11935 3628 200 sims=344169 RUNNER
! 26294 12042 0 sims=344169 BLOCKER
> 8000 1420 194 -125 11 0
> 6980 5533 -201 -42 -17 0
> 8132 5123 150 -219 -175 2
> 8855 2342 45 -3 29 0
! 95461 49900 200
! 88895 -51824 0
> 8000 1420 194 -125 11 0
> 6980 5533 -201 -42 -17 0
> 8132 5123 150 -219 -175 2
> 8855 2342 45 -3 29 0
! -11355 9622 200 sims=338471 RUNNER
! 28488 6158 0 sims=338471 BLOCKER
> 8369 1392 313 -23 29 0
> 6779 5491 -170 -35 -35 0
> 8087 4949 -38 -147 167 2
> 8900 2339 38 -2 11 0
! 76568 74527 200
! 88694 -51866 0
> 8369 1392 313 -23 29 0
> 6779 5491 -170 -35 -35 0
> 8087 4949 -38 -147 167 2
> 8900 2339 38 -2 11 0
! -9056 15250 200 sims=342328 RUNNER
! 28751 -98 0 sims=342328 BLOCKER
> 8818 1515 381 104 47 0
> 6609 5456 -144 -29 -35 0
> 7878 4905 -178 -37 149 2
> 8938 2337 32 -1 -7 0
! 51079 92145 200
! 102239 -23781 200
> 8818 1515 381 104 47 0
> 6609 5456 -144 -29 -35 0
> 7878 4905 -178 -37 149 2
> 8938 2337 32 -1 -7 0
! -9265 15206 200 sims=344512 RUNNER
! 27064 -6115 200 sims=344512 BLOCKER
> 9237 1434 352 -94 65 0
> 6656 5369 40 -74 -17 0
> 7529 4971 -297 56 149 2
> 9198 2618 224 264 -25 0
! 21423 100688 200
! 102286 -23868 SHIELD
> 9237 1434 352 -94 65 0
> 6656 5369 40 -74 -17 0
> 7529 4971 -297 56 149 2
> 9198 2618 224 264 -25 0
! -9614 15272 SHIELD sims=352135 RUNNER
! 23825 -11022 200 sims=352135 BLOCKER
> 9613 1539 319 88 83 0
> 6514 5381 -243 67 -17 0
> 7414 4941 24 -82 149 2
> 9568 2746 314 108 -43 0
! -9467 99701 200
! 88429 -51976 0
> 9613 1539 319 88 83 0
> 6514 5381 -243 67 -17 0
> 7414 4941 24 -82 149 2
> 9568 2746 314 108 -43 0
! -9729 15242 0 sims=344561 RUNNER
! 19264 -14746 200 sims=344561 BLOCKER
> 9894 1823 238 241 101 0
> 6271 5448 -206 56 -35 0
> 7438 4859 20 -69 149 2
> 9979 2679 349 -56 -61 0
! -9186 99985 0
! 88186 -51909 0
> 9894 1823 238 241 101 0
> 6271 5448 -206 56 -35 0
> 7438 4859 20 -69 149 2
> 9979 2679 349 -56 -61 0
! -9705 15160 0 sims=359317 RUNNER
! 19675 -14813 SHIELD sims=359317 BLOCKER
> 10078 1669 143 -222 101 0
> 6065 5504 -175 47 -35 0
> 7458 4790 17 -58 149 2
> 10333 2663 302 -4 -61 0
! -9002 99831 200
! 87980 -51853 0
> 10078 1669 143 -222 101 0
> 6065 5504 -175 47 -35 0
> 7458 4790 17 -58 149 2
> 10333 2663 302 -4 -61 0
! -9685 15091 0 sims=362047 RUNNER
! 14149 -16970 0 sims=362047 BLOCKER
> 10183 1643 89 -21 101 0
> 5890 5551 -148 39 -35 0
> 7475 4732 14 -49 149 2
> 10635 2659 256 -3 -79 0
! 22369 100897 200
! 101520 -23686 200
> 10183 1643 89 -21 101 0
> 5890 5551 -148 39 -35 0
> 7475 4732 14 -49 149 2
> 10635 2659 256 -3 -79 0
! -9668 15033 200 sims=363643 RUNNER
! 8198 -17192 0 sims=363643 BLOCKER
> 10296 1821 96 150 83 0
> 5933 5532 36 -16 -17 0
> 7318 4786 -133 45 149 2
> 10891 2656 217 -2 -97 1
! 52557 92451 200
! 87848 -51825 200
> 10296 1821 96 150 83 0
> 5933 5532 36 -16 -17 0
> 7318 4786 -133 45 149 2
> 10891 2656 217 -2 -97 1
! -9825 15087 200 sims=319305 RUNNER
! 2439 -15470 0 sims=319305 BLOCKER
> 10477 2152 153 281 65 0
> 6133 5401 169 -111 -35 0
> 7014 4934 -258 125 149 2
> 11108 2654 184 -1 -115 1
! 78676 75287 SHIELD
! 101763 -23836 SHIELD
> 10477 2152 153 281 65 0
> 6133 5401 169 -111 -35 0
> 7014 4934 -258 125 149 2
> 11108 2654 184 -1 -115 1
! -10129 15235 SHIELD sims=349405 RUNNER
! 2656 -15472 SHIELD sims=349405 BLOCKER
> 10518 2346 30 161 47 0
> 6045 5425 -223 98 -17 0
> 7013 4924 147 -86 149 2
> 11404 2740 256 76 -115 1
! 97979 50826 200
! 101675 -23812 0
> 10518 2346 30 161 47 0
> 6045 5425 -223 98 -17 0
> 7013 4924 147 -86 149 2
> 11404 2740 256 76 -115 1
! -10130 15225 0 sims=381451 RUNNER
! -2236 -11887 0 sims=381451 BLOCKER
> 10548 2507 25 136 29 0
> 5822 5523 -189 83 -17 0
> 7160 4838 124 -73 149 2
> 11660 2816 217 64 -133 1
! 98009 50987 0
! 101452 -23714 0
> 10548 2507 25 136 29 0
> 5822 5523 -189 83 -17 0
> 7160 4838 124 -73 149 2
> 11660 2816 217 64 -133 1
! -9983 15139 0 sims=374892 RUNNER
! -5832 -6880 0 sims=374892 BLOCKER
> 10573 2643 21 115 29 0
> 5633 5606 -160 70 -17 0
> 7284 4765 105 -62 149 2
> 11877 2880 184 54 -151 1
! 98034 51123 0
! 87548 -51751 0
> 10573 2643 21 115 29 0
> 5633 5606 -160 70 -17 0
> 7284 4765 105 -62 149 2
> 11877 2880 184 54 -151 1
! -9859 15066 0 sims=374710 RUNNER
! -7756 -936 0 sims=374710 BLOCKER
> 10594 2758 17 97 29 0
> 5473 5676 -136 59 -35 0
> 7389 4703 89 -52 149 2
> 12061 2934 156 45 -169 1
! 78793 75893 200
! 87388 -51681 200
> 10594 2758 17 97 29 0
> 5473 5676 -136 59 -35 0
> 7389 4703 89 -52 149 2
> 12061 2934 156 45 -169 1
! -9754 15004 200 sims=363972 RUNNER
! -7790 5371 0 sims=363972 BLOCKER
> 10747 3001 130 206 47 1
> 5501 5620 23 -47 -35 0
> 7307 4754 -70 43 149 2
> 12217 2979 132 38 173 1
! 53008 93631 0
! 101131 -23617 200
> 10747 3001 130 206 47 1
> 5501 5620 23 -47 -35 0
> 7307 4754 -70 43 149 2
> 12217 2979 132 38 173 1
! -9836 15055 200 sims=339752 RUNNER
! -5909 11431 0 sims=339752 BLOCKER
> 10877 3207 110 175 65 1
> 5715 5515 182 -89 -17 0
> 7066 4900 -205 124 149 2
> 12349 3017 112 32 155 1
! 23063 102461 0
! 87630 -51842 200
> 10877 3207 110 175 65 1
> 5715 5515 182 -89 -17 0
> 7066 4900 -205 124 149 2
> 12349 3017 112 32 155 1
! -12421 9399 200 sims=329756 RUNNER
! -7502 5454 200 sims=329756 BLOCKER
> 10987 3382 93 148 83 1
> 5924 5368 -358 99 -35 0
> 6803 5012 312 -129 167 2
> 12262 3073 -73 47 173 1
! -8093 101544 0
! 101554 -23869 200
> 10987 3382 93 148 83 1
> 5924 5368 -358 99 -35 0
> 6803 5012 312 -129 167 2
> 12262 3073 -73 47 173 1
! -10340 15313 200 sims=368872 RUNNER
! -5864 11525 0 sims=368872 BLOCKER
> 11080 3530 79 125 101 1
> 5757 5409 -141 34 -17 0
> 6944 4986 119 -22 149 2
> 12189 3120 -62 39 155 1
! -37400 90991 200
! 101387 -23828 200
> 11080 3530 79 125 101 1
> 5757 5409 -141 34 -17 0
> 6944 4986 119 -22 149 2
> 12189 3120 -62 39 155 1
! -12543 9485 200 sims=353472 RUNNER
! -2438 16760 0 sims=353472 BLOCKER
> 11062 3830 -15 254 119 1
> 5807 5385 42 -20 -17 0
> 6868 5009 -64 19 167 2
> 12127 3159 -52 33 137 1
! -62073 72029 200
! 101437 -23852 200
> 11062 3830 -15 254 119 1
> 5807 5385 42 -20 -17 0
> 6868 5009 -64 19 167 2
> 12127 3159 -52 33 137 1
! -10275 15310 200 sims=357868 RUNNER
! -5999 11611 200 sims=357868 BLOCKER
> 10901 4220 -137 331 137 1
> 5867 5363 -212 66 -17 0
> 6806 5075 210 -29 149 2
> 11894 3277 -198 99 155 1
! -79729 46481 200
! 101497 -23874 200
> 10901 4220 -137 331 137 1
> 5867 5363 -212 66 -17 0
> 6806 5075 210 -29 149 2
> 11894 3277 -198 99 155 1
! -12681 9574 200 sims=328762 RUNNER
! -6232 11729 200 sims=328762 BLOCKER
> 10583 4636 -270 353 155 1
> 5846 5371 -17 6 -17 0
> 6821 5091 12 13 167 2
> 11515 3461 -322 155 155 1
! -80047 46897 200
! 101476 -23866 200
> 10583 4636 -270 353 155 1
> 5846 5371 -17 6 -17 0
> 6821 5091 12 13 167 2
> 11515 3461 -322 155 155 1
! -12666 9590 200 sims=318367 RUNNER
! -6611 11913 200 sims=318367 BLOCKER
> 10132 5074 -383 371 155 1
> 5867 5362 -157 41 -17 0
> 6791 5106 150 -36 167 2
> 11012 3701 -427 203 155 1
! -80498 47335 200
! 101497 -23875 200
> 10132 5074 -383 371 155 1
> 5867 5362 -157 41 -17 0
> 6791 5106 150 -36 167 2
> 11012 3701 -427 203 155 1
! -12696 9605 200 sims=321300 RUNNER
! -7114 12153 200 sims=321300 BLOCKER
> 9568 5530 -479 387 155 1
> 5901 5345 29 -14 -17 0
> 6746 5115 -38 7 167 2
> 10404 3989 -517 244 155 1
! -89686 17716 200
! 101531 -23892 200
> 9568 5530 -479 387 155 1
> 5901 5345 29 -14 -17 0
> 6746 5115 -38 7 167 2
> 10404 3989 -517 244 155 1
! -12741 9614 200 sims=297402 RUNNER
! -9447 6426 200 sims=297402 BLOCKER
> 8890 5941 -575 349 173 1
> 5741 5376 -198 43 -17 0
> 6893 5064 187 -60 167 2
> 9688 4257 -608 228 173 1
! -89272 -13139 0
! 105725 7121 200
> 8890 5941 -575 349 173 1
> 5741 5376 -198 43 -17 0
> 6893 5064 187 -60 167 2
> 9688 4257 -608 228 173 1
! -10250 15365 0 sims=324856 RUNNER
! -10163 6694 200 sims=324856 BLOCKER
> 8315 6290 -488 296 -169 1
> 5743 5422 1 39 1 0
> 7080 5004 158 -51 149 2
> 8881 4509 -685 214 173 1
! -79147 -42190 0
! 101373 -23815 200
> 8315 6290 -488 296 -169 1
> 5743 5422 1 39 1 0
> 7080 5004 158 -51 149 2
> 8881 4509 -685 214 173 1
! -10063 15305 200 sims=319277 RUNNER
! -10752 693 200 sims=319277 BLOCKER
> 7827 6586 -414 251 -151 2
> 5935 5403 163 -16 -17 0
> 7067 5056 -11 44 149 2
> 8000 4685 -749 149 -169 1
! -79635 -41894 0
! 105919 7148 SHIELD
> 7827 6586 -414 251 -151 2
> 5935 5403 163 -16 -17 0
> 7067 5056 -11 44 149 2
> 8000 4685 -749 149 -169 1
! -12420 9555 200 sims=325787 RUNNER
! -11851 7122 0 sims=325787 BLOCKER
> 7413 6837 -351 213 -151 2
> 6044 5402 6 24 1 0
> 6938 5247 39 361 167 2
> 7714 4578 473 -537 173 1
! -60786 -66298 0
! 100595 37958 0
> 7413 6837 -351 213 -151 2
> 6044 5402 6 24 1 0
> 6938 5247 39 361 167 2
> 7714 4578 473 -537 173 1
! -10205 15548 200 sims=350217 RUNNER
! -10412 13030 200 sims=350217 BLOCKER
> 7062 7050 -298 181 -133 2
> 6050 5426 5 20 19 0
> 6806 5711 -112 394 149 2
> 8006 4126 247 -384 155 1
! -35199 -83580 0
! 85913 65607 0
> 7062 7050 -298 181 -133 2
> 6050 5426 5 20 19 0
> 6806 5711 -112 394 149 2
> 8006 4126 247 -384 155 1
! -6315 20805 200 sims=349321 RUNNER
! -11845 6563 0 sims=349321 BLOCKER
> 6764 7231 -253 153 -115 2
> 6055 5446 4 17 37 0
> 6563 6256 -206 463 131 2
> 8253 3742 209 -326 173 1
! -5423 -92023 200
! 100606 38002 200
> 6764 7231 -253 153 -115 2
> 6055 5446 4 17 37 0
> 6563 6256 -206 463 131 2
> 8253 3742 209 -326 173 1
! -6558 21350 SHIELD sims=369726 RUNNER
! -9873 12194 200 sims=369726 BLOCKER
> 6612 7747 -63 733 -97 2
> 6059 5463 3 14 19 0
> 6345 6663 -192 316 131 2
> 8281 3501 23 -205 155 1
! 25692 -90415 200
! 106043 7208 0
> 6612 7747 -63 733 -97 2
> 6059 5463 3 14 19 0
> 6345 6663 -192 316 131 2
> 8281 3501 23 -205 155 1
! -1470 25073 0 sims=401814 RUNNER
! -6346 17141 200 sims=401814 BLOCKER
> 6587 8284 -21 456 -79 2
> 6062 5477 2 11 1 0
> 6153 6979 -163 268 113 2
> 8158 3432 -104 -58 137 1
! 25667 -89878 200
! 101692 -23760 0
> 6587 8284 -21 456 -79 2
> 6062 5477 2 11 1 0
> 6153 6979 -163 268 113 2
> 8158 3432 -104 -58 137 1
! 4410 26903 0 sims=379743 RUNNER
! -6469 17072 200 sims=379743 BLOCKER
> 6604 8544 14 220 -79 2
> 6064 5488 1 9 -17 0
> 5990 7247 -138 227 95 2
> 7908 3510 -212 66 137 1
! 25684 -89618 200
! 87979 -51869 0
> 6604 8544 14 220 -79 2
> 6064 5488 1 9 -17 0
> 5990 7247 -138 227 95 2
> 7908 3510 -212 66 137 1
! 10489 26734 0 sims=352758 RUNNER
! -1788 21002 200 sims=352758 BLOCKER
> 6656 8568 44 20 -79 2
> 6065 5497 0 7 -35 0
> 5852 7474 -117 192 77 2
> 7599 3751 -262 204 119 1
! 25736 -89594 200
! 66246 -74366 200
> 6656 8568 44 20 -79 2
> 6065 5497 0 7 -35 0
> 5852 7474 -117 192 77 2
> 7599 3751 -262 204 119 1
! 16153 24617 200 sims=330505 RUNNER
! -2097 21243 200 sims=330505 BLOCKER
> 6738 8392 69 -149 -79 2
> 6185 5344 102 -129 -53 0
> 5838 7837 -11 308 59 2
> 7240 4130 -305 322 119 1
! -5449 -90862 200
! 88100 -52013 200
> 6738 8392 69 -149 -79 2
> 6185 5344 102 -129 -53 0
> 5838 7837 -11 308 59 2
> 7240 4130 -305 322 119 1
! 20932 20958 0 sims=347487 RUNNER
! 3424 23763 0 sims=347487 BLOCKER
> 6783 8044 37 -295 -97 2
> 6451 5100 225 -207 -35 0
> 5827 8145 -9 261 41 2
> 6935 4452 -259 273 101 1
! -35478 -82586 200
! 66632 -74763 0
> 6783 8044 37 -295 -97 2
> 6451 5100 225 -207 -35 0
> 5827 8145 -9 261 41 2
> 6935 4452 -259 273 101 1
! 24237 15960 0 sims=371847 RUNNER
! -2761 21944 0 sims=371847 BLOCKER
> 6735 7568 -40 -404 -115 2
> 6279 5427 -150 283 -53 0
> 5818 8406 -7 221 23 2
> 7073 4191 121 -227 119 1
! -61464 -65567 0
! 38835 -89124 200
> 6735 7568 -40 -404 -115 2
> 6279 5427 -150 283 -53 0
> 5818 8406 -7 221 23 2
> 7073 4191 121 -227 119 1
! 25742 10149 0 sims=345800 RUNNER
! -2623 21683 200 sims=345800 BLOCKER
> 6695 7164 -34 -343 -133 2
> 6194 5521 -72 79 -71 0
> 5811 8627 -5 187 5 2
> 7097 4139 20 -44 119 1
! -35566 -83466 0
! 38750 -89030 200
> 6695 7164 -34 -343 -133 2
> 6194 5521 -72 79 -71 0
> 5811 8627 -5 187 5 2
> 7097 4139 20 -44 119 1
! 25298 4128 0 sims=302610 RUNNER
! 3281 23772 200 sims=302610 BLOCKER
> 6661 6821 -28 -291 -115 2
> 6187 5411 -5 -93 -71 0
> 5806 8814 -4 158 -13 2
> 7079 4291 -15 129 101 1
! -35600 -83809 200
! 38743 -89140 200
> 6661 6821 -28 -291 -115 2
> 6187 5411 -5 -93 -71 0
> 5806 8814 -4 158 -13 2
> 7079 4291 -15 129 101 1
! 22949 -1487 0 sims=221382 RUNNER
! -2617 21783 200 sims=221382 BLOCKER
> 6548 6349 -95 -401 -115 2
> 6247 5129 51 -239 -71 0
> 5802 8972 -3 134 -31 2
> 6967 4595 -95 258 119 1
! -5639 -92905 200
! 66428 -74734 0
> 6548 6349 -95 -401 -115 2
> 6247 5129 51 -239 -71 0
> 5802 8972 -3 134 -31 2
> 6967 4595 -95 258 119 1
! 18923 -6122 200 sims=357637 RUNNER
! -2729 22087 SHIELD sims=357637 BLOCKER
> 6429 5749 -101 -509 -97 0
> 5847 5162 -461 102 -53 0
> 5930 8955 108 -14 -49 2
> 6917 4826 -30 188 119 1
! 25509 -92413 0
! 87762 -52195 0
> 6429 5749 -101 -509 -97 0
> 5847 5162 -461 102 -53 0
> 5930 8955 108 -14 -49 2
> 6917 4826 -30 188 119 1
! 13745 -9455 200 sims=382746 RUNNER
! 3101 24459 0 sims=382746 BLOCKER
> 6234 5517 -262 -28 -79 0
> 5302 5210 -487 25 -35 0
> 6116 8757 158 -168 -67 2
> 7065 4791 246 -182 101 1
! 54714 -81945 200
! 100932 -24027 200
> 6234 5517 -262 -28 -79 0
> 5302 5210 -487 25 -35 0
> 6116 8757 158 -168 -67 2
> 7065 4791 246 -182 101 1
! 7859 -11167 200 sims=421092 RUNNER
! 9502 24642 0 sims=421092 BLOCKER
> 6069 5314 -140 -172 -61 0
> 5006 5177 -251 -28 -17 0
> 6291 8390 149 -312 -85 2
> 7311 4609 209 -154 83 1
! 79204 -62885 200
! 104990 6922 200
> 6069 5314 -140 -172 -61 0
> 5006 5177 -251 -28 -17 0
> 6291 8390 149 -312 -85 2
> 7311 4609 209 -154 83 1
! 1792 -11097 200 sims=400967 RUNNER
! 15763 22735 0 sims=400967 BLOCKER
> 6075 5006 5 -262 -43 0
> 4955 5152 -43 -20 1 0
> 6395 7883 88 -430 -103 2
> 7520 4455 177 -130 65 1
! 96705 -37255 200
! 99506 37708 200
> 6075 5006 5 -262 -43 0
> 4955 5152 -43 -20 1 0
> 6395 7883 88 -430 -103 2
> 7520 4455 177 -130 65 1
! -3906 -9260 200 sims=366618 RUNNER
! 21160 19082 0 sims=366618 BLOCKER
> 6261 4659 158 -294 -25 0
> 5101 5197 124 38 19 0
> 6380 7282 -12 -511 -121 2
> 7697 4325 150 -110 47 1
! 79396 -63540 200
! 84964 65378 200
> 6261 4659 158 -294 -25 0
> 5101 5197 124 38 19 0
> 6380 7282 -12 -511 -121 2
> 7697 4325 150 -110 47 1
! -3921 -9861 200 sims=351456 RUNNER
! 25189 14021 0 sims=351456 BLOCKER
> 6565 4229 258 -365 -43 0
> 5385 5355 241 134 37 0
> 6265 6600 -97 -580 -121 2
> 7847 4215 127 -93 29 1
! 97195 -38032 200
! 99936 37911 SHIELD
> 6565 4229 258 -365 -43 0
> 5385 5355 241 134 37 0
> 6265 6600 -97 -580 -121 2
> 7847 4215 127 -93 29 1
! -4036 -10543 SHIELD sims=368312 RUNNER
! 27480 8031 0 sims=368312 BLOCKER
> 7004 3779 373 -382 -25 0
> 5597 5459 -239 -338 19 0
> 6197 6050 362 -40 -121 2
> 7974 4122 107 -79 11 1
! 106258 -8408 200
! 105581 7204 0
> 7004 3779 373 -382 -25 0
> 5597 5459 -239 -338 19 0
> 6197 6050 362 -40 -121 2
> 7974 4122 107 -79 11 1
! -8897 -7071 0 sims=331429 RUNNER
! 27825 1685 200 sims=331429 BLOCKER
> 7576 3373 485 -345 -7 0
> 5358 5121 -203 -287 1 0
> 6559 6010 307 -34 -139 2
> 8280 4019 259 -87 -7 1
! 105738 22453 200
! 100988 -24116 200
> 7576 3373 485 -345 -7 0
> 5358 5121 -203 -287 1 0
> 6559 6010 307 -34 -139 2
> 8280 4019 259 -87 -7 1
! -11851 -1805 0 sims=354900 RUNNER
! 26406 -4433 200 sims=354900 BLOCKER
> 8257 3066 579 -260 11 0
> 5155 4834 -172 -243 -17 0
> 6866 5976 260 -28 -157 2
> 8720 3847 374 -145 -25 1
! 95718 51546 200
! 100785 -24403 0
> 8257 3066 579 -260 11 0
> 5155 4834 -172 -243 -17 0
> 6866 5976 260 -28 -157 2
> 8720 3847 374 -145 -25 1
! -11544 -1839 0 sims=341887 RUNNER
! 23347 -9793 200 sims=341887 BLOCKER
> 8963 2803 558 -310 29 0
> 4983 4591 -146 -206 -17 0
> 7126 5948 221 -23 -157 2
> 9288 3666 524 -67 -43 1
! 77162 75938 200
! 100613 -24646 200
> 8963 2803 558 -310 29 0
> 4983 4591 -146 -206 -17 0
> 7126 5948 221 -23 -157 2
> 9288 3666 524 -67 -43 1
! -11284 -1867 200 sims=357182 RUNNER
! 18984 -13826 0 sims=357182 BLOCKER
> 9657 2639 590 -139 47 0
> 5028 4327 38 -224 -17 0
> 7163 5847 31 -85 -157 2
> 9812 3599 445 -56 -61 1
! 77856 75774 200
! 105012 6072 200
> 9657 2639 590 -139 47 0
> 5028 4327 38 -224 -17 0
> 7163 5847 31 -85 -157 2
> 9812 3599 445 -56 -61 1
! -11247 -1968 200 sims=351750 RUNNER
! 13628 -16034 200 sims=351750 BLOCKER
> 10383 2546 616 -215 47 0
> 5266 4106 202 -187 1 0
> 7010 5684 -130 -138 -157 2
> 10296 3447 412 7 -79 1
! 78582 75681 200
! 105250 5851 200
> 10383 2546 616 -215 47 0
> 5266 4106 202 -187 1 0
> 7010 5684 -130 -138 -157 2
> 10296 3447 412 7 -79 1
! -8084 -7437 0 sims=379715 RUNNER
! 7859 -16404 0 sims=379715 BLOCKER
