@ 0 reCurse
@ 1 YurkovAS
CP 4
CP 5981 4218
CP 14674 1404
CP 3434 7247
CP 9413 7227
> 5827 3742 0 0 -1 1
> 6135 4694 0 0 -1 1
> 5519 2791 0 0 -1 1
> 6443 5645 0 0 -1 1
! 89880 -50433 200
! 105991 -663 200
> 5827 3742 0 0 -1 1
> 6135 4694 0 0 -1 1
> 5519 2791 0 0 -1 1
> 6443 5645 0 0 -1 1
! 25409 700 BOOST sims=279685 RUNNER
! 24569 -2807 BOOST sims=279685 BLOCKER
> 5995 3634 142 -92 -33 1
> 6335 4683 169 -9 -3 1
> 6165 2723 549 -57 -6 1
> 7032 5370 500 -233 -25 1
! 102587 -22248 200
! 99692 -31153 200
> 5995 3634 142 -92 -33 1
> 6335 4683 169 -9 -3 1
> 6165 2723 549 -57 -6 1
> 7032 5370 500 -233 -25 1
! 26055 632 200 sims=361543 RUNNER
! 25158 -3082 200 sims=361543 BLOCKER
> 6330 3490 284 -122 -15 1
> 6691 4602 302 -68 -21 1
> 6913 2645 635 -66 -6 1
> 7713 5052 579 -269 -25 1
! 102922 -22392 200
! 100049 -31234 200
> 6330 3490 284 -122 -15 1
> 6691 4602 302 -68 -21 1
> 6913 2645 635 -66 -6 1
> 7713 5052 579 -269 -25 1
! 25184 -5490 200 sims=339920 RUNNER
! 25839 -3400 200 sims=339920 BLOCKER
> 6807 3316 405 -147 -15 1
> 7180 4462 415 -118 -21 1
> 7731 2498 695 -125 -24 1
> 8473 4698 646 -300 -25 1
! 103399 -22566 200
! 100538 -31374 200
> 6807 3316 405 -147 -15 1
> 7180 4462 415 -118 -21 1
> 7731 2498 695 -125 -24 1
> 8473 4698 646 -300 -25 1
! 27621 407 200 sims=381164 RUNNER
! 26599 -3754 200 sims=381164 BLOCKER
> 7405 3117 508 -168 -15 1
> 7782 4272 511 -161 -21 1
> 8625 2352 759 -124 -6 1
> 9300 4313 703 -326 -25 1
! 103997 -22765 200
! 101140 -31564 0
> 7405 3117 508 -168 -15 1
> 7782 4272 511 -161 -21 1
> 8625 2352 759 -124 -6 1
> 9300 4313 703 -326 -25 1
! 28515 261 200 sims=355509 RUNNER
! 23927 -9327 0 sims=355509 BLOCKER
> 8106 2897 596 -186 -15 1
> 8293 4111 434 -136 -21 1
> 9583 2207 814 -123 -6 1
> 10003 3987 597 -277 -43 1
! 107968 8130 200
! 101651 -31725 200
> 8106 2897 596 -186 -15 1
> 8293 4111 434 -136 -21 1
> 9583 2207 814 -123 -6 1
> 10003 3987 597 -277 -43 1
! 29146 6365 0 sims=342202 RUNNER
! 28129 -4465 0 sims=342202 BLOCKER
> 8902 2721 676 -149 3 1
> 8914 3903 527 -176 -21 1
> 10397 2084 691 -104 12 1
> 10600 3710 507 -235 -25 1
! 105494 -23160 200
! 108776 -1330 0
> 8902 2721 676 -149 3 1
> 8914 3903 527 -176 -21 1
> 10397 2084 691 -104 12 1
> 10600 3710 507 -235 -25 1
! 30287 -7 200 sims=338450 RUNNER
! 28726 -4742 200 sims=338450 BLOCKER
> 9771 2520 738 -170 -15 1
> 9441 3727 447 -149 -3 1
> 11287 1959 756 -106 -6 1
> 11288 3390 585 -271 -25 1
! 106363 -23362 200
! 102798 -32109 0
> 9771 2520 738 -170 -15 1
> 9441 3727 447 -149 -3 1
> 11287 1959 756 -106 -6 1
> 11288 3390 585 -271 -25 1
! 29558 -6176 0 sims=318402 RUNNER
! 25915 -10250 0 sims=318402 BLOCKER
> 10702 2298 791 -188 -15 1
> 9888 3578 379 -126 -21 1
> 12043 1853 642 -90 -24 1
> 11873 3119 497 -230 -43 1
! 110564 7531 0
! 109750 -1655 0
> 10702 2298 791 -188 -15 1
> 9888 3578 379 -126 -21 1
> 12043 1853 642 -90 -24 1
> 11873 3119 497 -230 -43 1
! 31933 -238 0 sims=300573 RUNNER
! 21569 -14373 0 sims=300573 BLOCKER
> 11493 2110 672 -159 3 1
> 10267 3452 322 -107 -3 1
> 12685 1763 545 -76 -6 1
> 12370 2889 422 -195 -61 1
! 104851 37946 200
! 103624 -32384 0
> 11493 2110 672 -159 3 1
> 10267 3452 322 -107 -3 1
> 12685 1763 545 -76 -6 1
> 12370 2889 422 -195 -61 1
! 32248 5921 0 sims=312613 RUNNER
! 16186 -16744 0 sims=312613 BLOCKER
> 12352 2023 729 -74 21 1
> 10589 3345 273 -90 -21 1
> 13230 1687 463 -64 12 1
> 12792 2694 358 -165 -79 1
! 112214 7256 SHIELD
! 110451 -1888 0
> 12352 2023 729 -74 21 1
> 10589 3345 273 -90 -21 1
> 13230 1687 463 -64 12 1
> 12792 2694 358 -165 -79 1
! 32793 5845 SHIELD sims=293776 RUNNER
! 16608 -16939 SHIELD sims=293776 BLOCKER
> 12898 1723 359 -237 3 1
> 10862 3255 232 -76 -3 1
> 13725 1617 524 -78 12 1
> 13301 2761 433 58 -79 1
! 106256 37559 0
! 107454 29136 200
> 12898 1723 359 -237 3 1
> 10862 3255 232 -76 -3 1
> 13725 1617 524 -78 12 1
> 13301 2761 433 58 -79 1
! 31046 11617 0 sims=291914 RUNNER
! 10864 -17090 0 sims=291914 BLOCKER
> 13257 1486 305 -201 21 1
> 11287 3231 361 -20 15 1
> 14249 1539 445 -66 30 2
> 13734 2819 368 49 -97 1
! 90971 64418 0
! 95154 57694 0
> 13257 1486 305 -201 21 1
> 11287 3231 361 -20 15 1
> 14249 1539 445 -66 30 2
> 13734 2819 368 49 -97 1
! 27632 16402 0 sims=345870 RUNNER
! 5282 -15307 0 sims=345870 BLOCKER
> 13562 1285 259 -170 39 1
> 11648 3211 306 -17 33 1
> 14694 1473 378 -56 48 2
> 14102 2868 312 41 -115 1
! 68025 85152 0
! 74580 80925 0
> 13562 1285 259 -170 39 1
> 11648 3211 306 -17 33 1
> 14694 1473 378 -56 48 2
> 14102 2868 312 41 -115 1
! 22829 19744 0 sims=350224 RUNNER
! 462 -11759 0 sims=350224 BLOCKER
> 13821 1115 220 -144 57 1
> 11954 3194 260 -14 51 1
> 15072 1417 321 -47 66 2
> 14414 2909 265 34 -133 1
! 68284 84982 200
! 47790 96552 0
> 13821 1115 220 -144 57 1
> 11954 3194 260 -14 51 1
> 15072 1417 321 -47 66 2
> 14414 2909 265 34 -133 1
! 17163 21307 200 sims=379106 RUNNER
! -3078 -6787 200 sims=379106 BLOCKER
> 14150 1139 279 20 57 2
> 12214 3180 221 -11 69 1
> 15414 1569 290 129 84 2
> 14504 2846 76 -53 -151 1
! 40031 97731 0
! 17447 103042 0
> 14150 1139 279 20 57 2
> 12214 3180 221 -11 69 1
> 15414 1569 290 129 84 2
> 14504 2846 76 -53 -151 1
! 11256 21132 200 sims=410011 RUNNER
! -2988 -6850 200 sims=410011 BLOCKER
> 14429 1159 237 17 75 2
> 12435 3169 187 -9 87 1
> 15662 1894 211 275 102 2
> 14405 2696 -84 -127 -151 1
! 9195 101021 200
! -13446 99761 200
> 14429 1159 237 17 75 2
> 12435 3169 187 -9 87 1
> 15662 1894 211 275 102 2
> 14405 2696 -84 -127 -151 1
! 5662 19215 200 sims=412202 RUNNER
! -5228 -1120 200 sims=412202 BLOCKER
> 14656 1376 192 184 93 2
> 12570 3353 114 156 105 1
> 15773 2342 94 380 120 2
> 14125 2531 -238 -140 -169 1
! -21180 94734 200
! -41893 87220 0
> 14656 1376 192 184 93 2
> 12570 3353 114 156 105 1
> 15773 2342 94 380 120 2
> 14125 2531 -238 -140 -169 1
! 910 15725 200 sims=411691 RUNNER
! -5726 4968 200 sims=411691 BLOCKER
> 14776 1747 102 315 111 2
> 12684 3509 96 132 123 1
> 15718 2856 -46 436 138 2
> 13688 2415 -371 -98 173 1
! -48155 79461 200
! -65030 66441 200
> 14776 1747 102 315 111 2
> 12684 3509 96 132 123 1
> 15718 2856 -46 436 138 2
> 13688 2415 -371 -98 173 1
! -2553 10991 200 sims=395717 RUNNER
! -4438 10867 200 sims=395717 BLOCKER
> 14752 2217 -20 399 129 2
> 12625 3767 -50 219 141 1
> 15489 3373 -194 439 156 2
> 13136 2402 -469 -11 155 1
! -69115 56680 200
! -65089 66699 0
> 14752 2217 -20 399 129 2
> 12625 3767 -50 219 141 1
> 15489 3373 -194 439 156 2
> 13136 2402 -469 -11 155 1
! -4401 5464 200 sims=385630 RUNNER
! -1491 16042 200 sims=385630 BLOCKER
> 14564 2725 -159 431 147 2
> 12575 3986 -42 186 141 1
> 15096 3833 -333 390 174 2
> 12521 2527 -522 106 137 1
! -82028 28606 200
! -65139 66918 200
> 14564 2725 -159 431 147 2
> 12575 3986 -42 186 141 1
> 15096 3833 -333 390 174 2
> 12521 2527 -522 106 137 1
! -3175 11968 200 sims=363790 RUNNER
! -5605 10979 200 sims=363790 BLOCKER
> 14212 3208 -299 410 165 2
> 12378 4298 -167 265 141 1
> 14580 4304 -438 400 156 2
> 11818 2718 -597 161 155 1
! -85650 -2025 200
! -65336 67230 200
> 14212 3208 -299 410 165 2
> 12378 4298 -167 265 141 1
> 14580 4304 -438 400 156 2
> 11818 2718 -597 161 155 1
! -5310 6395 200 sims=363118 RUNNER
! -2809 16358 200 sims=363118 BLOCKER
> 13713 3608 -423 339 183 2
> 12056 4689 -274 332 141 1
> 13943 4725 -541 357 174 2
> 11075 3015 -631 252 137 1
! -86149 -1625 200
! -81302 40525 0
> 13713 3608 -423 339 183 2
> 12056 4689 -274 332 141 1
> 13943 4725 -541 357 174 2
> 11075 3015 -631 252 137 1
! -4328 12860 200 sims=376705 RUNNER
! -3552 16655 200 sims=376705 BLOCKER
> 13090 3937 -529 279 -177 2
> 11782 5021 -232 282 159 1
> 13219 5163 -615 372 156 2
> 10298 3403 -660 330 137 1
! -80268 -31899 200
! -65932 67953 0
> 13090 3937 -529 279 -177 2
> 11782 5021 -232 282 159 1
> 13219 5163 -615 372 156 2
> 10298 3403 -660 330 137 1
! -1644 18546 200 sims=376705 RUNNER
! -4329 17043 200 sims=376705 BLOCKER
> 12374 4144 -608 176 -159 2
> 11550 5303 -197 239 141 1
> 12455 5669 -649 429 138 2
> 9492 3869 -685 396 137 1
! -87488 -1089 200
! -42913 89170 200
> 12374 4144 -608 176 -159 2
> 11550 5303 -197 239 141 1
> 12455 5669 -649 429 138 2
> 9492 3869 -685 396 137 1
! -2408 19052 200 sims=389165 RUNNER
! -8634 12321 200 sims=389165 BLOCKER
> 11566 4310 -686 140 -177 2
> 11105 5617 -489 193 123 1
> 11797 6324 -448 630 138 2
> 8626 4350 -736 408 155 1
! -85026 30191 200
! -66609 68549 200
> 11566 4310 -686 140 -177 2
> 11105 5617 -489 193 123 1
> 11797 6324 -448 630 138 2
> 8626 4350 -736 408 155 1
! -6474 14459 200 sims=408898 RUNNER
! -6001 17990 0 sims=408898 BLOCKER
> 10687 4502 -747 162 165 2
> 10461 5936 -547 271 141 1
> 11166 7035 -536 604 156 2
> 7890 4758 -625 346 137 1
! -85905 30383 200
! -67253 68868 200
> 10687 4502 -747 162 165 2
> 10461 5936 -547 271 141 1
> 11166 7035 -536 604 156 2
> 7890 4758 -625 346 137 1
! -8724 9126 200 sims=386001 RUNNER
! -1806 22250 0 sims=386001 BLOCKER
> 9747 4716 -799 181 165 2
> 9759 6333 -597 337 141 1
> 10431 7660 -624 531 174 2
> 7265 5104 -531 294 119 1
! -86845 30597 200
! -44704 90200 200
> 9747 4716 -799 181 165 2
> 9759 6333 -597 337 141 1
> 10431 7660 -624 531 174 2
> 7265 5104 -531 294 119 1
! -9132 3502 200 sims=379687 RUNNER
! 3449 24737 0 sims=379687 BLOCKER
> 8755 4949 -843 197 165 2
> 9053 6838 -600 429 123 1
> 9611 8149 -696 416 192 2
> 6734 5398 -451 249 101 1
! -75112 59412 0
! -16828 103430 200
> 8755 4949 -843 197 165 2
> 9053 6838 -600 429 123 1
> 9611 8149 -696 416 192 2
> 6734 5398 -451 249 101 1
! -7710 -1851 0 sims=376537 RUNNER
! 9171 25249 0 sims=376537 BLOCKER
> 7912 5146 -716 167 147 2
> 8401 7460 -553 528 105 1
> 8915 8565 -591 353 210 2
> 6283 5647 -383 211 83 1
! -55020 82860 0
! 13634 107322 0
> 7912 5146 -716 167 147 2
> 8401 7460 -553 528 105 1
> 8915 8565 -591 353 210 2
> 6283 5647 -383 211 83 1
! -4468 -6298 0 sims=351036 RUNNER
! 14735 23773 0 sims=351036 BLOCKER
> 7196 5313 -608 141 129 2
> 7848 7988 -470 448 87 1
> 8324 8918 -502 300 228 2
> 5900 5858 -325 179 65 1
! -55735 83027 0
! 43684 101346 200
> 7196 5313 -608 141 129 2
> 7848 7988 -470 448 87 1
> 8324 8918 -502 300 228 2
> 5900 5858 -325 179 65 1
! -8997 -1082 200 sims=355488 RUNNER
! 19540 20485 0 sims=355488 BLOCKER
> 6588 5454 -516 119 129 2
> 7335 8381 -525 146 69 1
> 7764 9359 -387 562 -150 2
> 5575 6037 -276 152 47 1
! -77279 59917 200
! 12568 108243 0
> 6588 5454 -516 119 129 2
> 7335 8381 -525 146 69 1
> 7764 9359 -387 562 -150 2
> 5575 6037 -276 152 47 1
! -11799 5201 200 sims=356272 RUNNER
! 23067 15733 0 sims=356272 BLOCKER
> 5912 5675 -343 -2 147 2
> 6810 8527 -446 124 87 1
> 7181 9879 -495 442 -168 2
> 5291 6196 -472 325 29 1
! -57020 83389 200
! -19071 105119 200
> 5912 5675 -343 -2 147 2
> 6810 8527 -446 124 87 1
> 7181 9879 -495 442 -168 2
> 5291 6196 -472 325 29 1
! -10140 -121 200 sims=368767 RUNNER
! 24924 10012 200 sims=368767 BLOCKER
> 5443 5828 -398 130 129 2
> 6312 8844 -423 269 105 1
> 6513 10221 -567 290 -150 2
> 5015 6559 -234 308 11 1
! -57488 83542 200
! -48151 92711 200
> 5443 5828 -398 130 129 2
> 6312 8844 -423 269 105 1
> 6513 10221 -567 290 -150 2
> 5015 6559 -234 308 11 1
! -10808 221 200 sims=370174 RUNNER
! 24866 4122 200 sims=370174 BLOCKER
> 4990 5954 -369 71 129 2
> 5780 9281 -452 371 123 1
> 5773 10411 -629 161 -150 2
> 4909 7002 -106 412 -7 1
! -30846 99312 200
! -71934 72213 200
> 4990 5954 -369 71 129 2
> 5780 9281 -452 371 123 1
> 5773 10411 -629 161 -150 2
> 4909 7002 -106 412 -7 1
! -7610 -4452 0 sims=375221 RUNNER
! 23035 -1450 200 sims=375221 BLOCKER
> 4549 6212 -374 219 111 2
> 5173 9773 -506 137 141 1
> 5144 10577 -544 421 -132 2
> 4984 7329 63 278 -25 1
! -684 106074 200
! -72541 72705 0
> 4549 6212 -374 219 111 2
> 5173 9773 -506 137 141 1
> 5144 10577 -544 421 -132 2
> 4984 7329 63 278 -25 1
! -2991 -7694 0 sims=377293 RUNNER
! 23110 -1123 200 sims=377293 BLOCKER
> 4165 6631 -326 355 93 2
> 4667 9910 -430 116 141 1
> 4600 10998 -462 357 -114 2
> 5228 7522 207 164 -25 1
! 30046 103223 0
! -49796 93777 0
> 4165 6631 -326 355 93 2
> 4667 9910 -430 116 141 1
> 4600 10998 -462 357 -114 2
> 5228 7522 207 164 -25 1
! 2509 -8892 0 sims=396802 RUNNER
! 23354 -930 200 sims=396802 BLOCKER
> 3839 6986 -277 301 75 3
> 4237 10026 -365 98 123 1
> 4138 11355 -392 303 -96 2
> 5616 7601 330 67 -25 1
! 58302 90853 0
! -21644 106618 0
> 3839 6986 -277 301 75 3
> 4237 10026 -365 98 123 1
> 4138 11355 -392 303 -96 2
> 5616 7601 330 67 -25 1
! 8296 -8208 200 sims=398895 RUNNER
! 25467 5164 0 sims=398895 BLOCKER
> 3562 7287 -235 255 57 3
> 3872 10124 -310 83 105 1
> 3788 11462 -297 91 -78 2
> 5946 7668 280 56 -7 1
! 81276 70219 200
! 9105 109986 200
> 3562 7287 -235 255 57 3
> 3872 10124 -310 83 105 1
> 3788 11462 -297 91 -78 2
> 5946 7668 280 56 -7 1
! 13788 -5859 200 sims=402990 RUNNER
! 24072 -784 0 sims=402990 BLOCKER
> 3482 7668 -67 323 39 3
> 3572 10407 -254 240 87 1
> 3591 11380 -167 -69 -60 2
> 6226 7724 238 47 -25 1
! 96840 43504 200
! 39408 103765 200
> 3482 7668 -67 323 39 3
> 3572 10407 -254 240 87 1
> 3591 11380 -167 -69 -60 2
> 6226 7724 238 47 -25 1
! 18454 -2003 200 sims=393085 RUNNER
! 26077 5287 0 sims=393085 BLOCKER
> 3602 8063 101 335 21 3
> 3354 10392 -197 -157 69 1
> 3608 11619 26 347 -42 2
> 6464 7771 202 39 -7 1
! 103464 13296 200
! 66286 88106 0
> 3602 8063 101 335 21 3
> 3354 10392 -197 -157 69 1
> 3608 11619 26 347 -42 2
> 6464 7771 202 39 -7 1
! 13608 -5702 200 sims=410452 RUNNER
! 24590 -681 0 sims=410452 BLOCKER
> 3903 8408 255 293 3 3
> 3157 10235 -167 -133 51 1
> 3734 11793 107 147 -60 2
> 6666 7810 171 33 -25 1
! 100495 -17473 200
! 87024 64698 200
> 3903 8408 255 293 3 3
> 3157 10235 -167 -133 51 1
> 3734 11793 107 147 -60 2
> 6666 7810 171 33 -25 1
! 13734 -5528 200 sims=406490 RUNNER
! 26517 5373 0 sims=406490 BLOCKER
> 4351 8649 380 205 -15 3
> 3158 10211 0 -20 33 1
> 3941 11767 175 -22 -60 2
> 6837 7843 145 28 -7 1
! 88217 -45815 200
! 99750 36092 0
> 4351 8649 380 205 -15 3
> 3158 10211 0 -20 33 1
> 3941 11767 175 -22 -60 2
> 6837 7843 145 28 -7 1
! 8099 -7796 0 sims=386281 RUNNER
! 26470 11659 0 sims=386281 BLOCKER
> 4899 8745 465 81 -33 3
> 3158 10191 0 -17 15 1
> 4116 11745 148 -18 -78 2
> 6982 7871 123 23 11 1
! 67830 -68969 0
! 103020 4957 0
> 4899 8745 465 81 -33 3
> 3158 10191 0 -17 15 1
> 4116 11745 148 -18 -78 2
> 6982 7871 123 23 11 1
! 14116 -5576 200 sims=383208 RUNNER
! 24474 17567 0 sims=383208 BLOCKER
> 5364 8826 395 68 -51 3
> 3158 10174 0 -14 -3 1
> 4364 11554 210 -162 -60 2
> 7105 7894 104 19 29 1
! 41200 -84532 200
! 96515 -25662 0
> 5364 8826 395 68 -51 3
> 3158 10174 0 -14 -3 1
> 4364 11554 210 -162 -60 2
> 7105 7894 104 19 29 1
! 8522 -8009 200 sims=368697 RUNNER
! 20745 22521 0 sims=368697 BLOCKER
> 5831 8707 396 -100 -69 3
> 3158 10160 0 -11 -21 1
> 4616 11196 213 -303 -78 2
> 7209 7913 88 16 47 1
! 41667 -84651 200
! 80872 -52772 200
> 5831 8707 396 -100 -69 3
> 3158 10160 0 -11 -21 1
> 4616 11196 213 -303 -78 2
> 7209 7913 88 16 47 1
! 2525 -8694 200 sims=382508 RUNNER
! 15661 26039 0 sims=382508 BLOCKER
> 6299 8420 397 -243 -69 3
> 3313 10023 132 -116 -39 1
> 4808 10694 163 -426 -96 2
> 7297 7929 74 13 65 1
! 69230 -69294 0
! 57776 -73844 200
> 6299 8420 397 -243 -69 3
> 3313 10023 132 -116 -39 1
> 4808 10694 163 -426 -96 2
> 7297 7929 74 13 65 1
! -3327 -7577 200 sims=396564 RUNNER
! 15749 26055 SHIELD sims=396564 BLOCKER
> 6551 8234 -229 14 -51 3
> 3554 9739 204 -241 -57 1
> 4890 10085 69 -517 -114 2
> 7386 7936 119 -11 65 1
! 90418 -46229 200
! 81268 -53193 200
> 6551 8234 -229 14 -51 3
> 3554 9739 204 -241 -57 1
> 4890 10085 69 -517 -114 2
> 7386 7936 119 -11 65 1
! -8493 -4778 0 sims=416514 RUNNER
! 21026 22563 0 sims=416514 BLOCKER
> 6490 8139 -52 -80 -33 3
> 3913 9372 305 -311 -39 1
> 4959 9568 58 -439 -132 2
> 7505 7925 101 -9 47 1
! 103082 -17743 200
! 81627 -53560 0
> 6490 8139 -52 -80 -33 3
> 3913 9372 305 -311 -39 1
> 4959 9568 58 -439 -132 2
> 7505 7925 101 -9 47 1
! -12362 -432 0 sims=363216 RUNNER
! 24997 17621 0 sims=363216 BLOCKER
> 6631 8007 120 -112 -15 3
> 4218 9061 259 -264 -39 1
> 5017 9129 49 -373 -150 2
> 7606 7916 85 -7 29 1
! 103223 -17875 200
! 97576 -26775 0
> 6631 8007 120 -112 -15 3
> 4218 9061 259 -264 -39 1
> 5017 9129 49 -373 -150 2
> 7606 7916 85 -7 29 1
! -14546 4971 0 sims=348600 RUNNER
! 27239 11732 0 sims=348600 BLOCKER
> 6891 7841 69 -146 -15 3
> 4251 8778 26 -240 -21 1
> 5292 8775 235 -300 -168 2
> 7744 7911 268 1 11 1
! 106753 13074 200
! 81965 -54154 0
> 6891 7841 69 -146 -15 3
> 4251 8778 26 -240 -21 1
> 5292 8775 235 -300 -168 2
> 7744 7911 268 1 11 1
! -14598 10866 200 sims=360010 RUNNER
! 27595 5474 0 sims=360010 BLOCKER
> 7160 7705 228 -115 3 3
> 4277 8538 22 -204 -39 1
> 5328 8496 30 -237 -186 2
> 8012 7912 227 0 -7 1
! 107022 12938 200
! 97635 -27298 0
> 7160 7705 228 -115 3 3
> 4277 8538 22 -204 -39 1
> 5328 8496 30 -237 -186 2
> 8012 7912 227 0 -7 1
! -14562 10587 200 sims=348166 RUNNER
! 26138 -540 0 sims=348166 BLOCKER
> 7488 7567 203 -142 3 3
> 4299 8334 18 -173 -21 1
> 5159 8280 -143 -183 174 2
> 8339 7946 352 53 -25 1
! 107350 12800 200
! 104161 3100 200
> 7488 7567 203 -142 3 3
> 4299 8334 18 -173 -21 1
> 5159 8280 -143 -183 174 2
> 8339 7946 352 53 -25 1
! -14404 4122 0 sims=355341 RUNNER
! 22966 -5694 0 sims=355341 BLOCKER
> 7891 7435 342 -111 3 3
> 4219 8171 -120 -135 -3 1
> 5314 8077 183 -176 192 2
> 8691 7999 299 45 -43 1
! 104483 -18446 200
! 97576 -27665 0
> 7891 7435 342 -111 3 3
> 4219 8171 -120 -135 -3 1
> 5314 8077 183 -176 192 2
> 8691 7999 299 45 -43 1
! -14576 10168 200 sims=359632 RUNNER
! 18387 -9493 0 sims=359632 BLOCKER
> 8426 7272 454 -138 -15 3
> 4099 8036 -102 -114 -21 1
> 5298 7922 -13 -131 174 2
> 8990 8044 254 38 -61 1
! 92292 -47192 SHIELD
! 103961 2802 200
> 8426 7272 454 -138 -15 3
> 4099 8036 -102 -114 -21 1
> 5298 7922 -13 -131 174 2
> 8990 8044 254 38 -61 1
! -14592 10013 200 sims=378574 RUNNER
! 12806 -11589 0 sims=378574 BLOCKER
> 8880 7134 385 -117 -33 0
> 4197 7912 83 -105 -3 1
> 5086 7812 -180 -93 174 2
> 9244 8082 215 32 -79 1
! 71811 -70580 0
! 104059 2678 200
> 8880 7134 385 -117 -33 0
> 4197 7912 83 -105 -3 1
> 5086 7812 -180 -93 174 2
> 9244 8082 215 32 -79 1
! -14804 9903 SHIELD sims=383285 RUNNER
! 6807 -11769 200 sims=383285 BLOCKER
> 9265 7017 327 -99 -51 0
> 3816 7876 -468 -12 -3 1
> 4972 7711 -82 -87 174 2
> 9435 7915 162 -141 -97 1
! 45101 -86341 0
! 103678 2642 200
> 9265 7017 327 -99 -51 0
> 3816 7876 -468 -12 -3 1
> 4972 7711 -82 -87 174 2
> 9435 7915 162 -141 -97 1
! -14918 9802 0 sims=395507 RUNNER
! 983 -10211 200 sims=395507 BLOCKER
> 9582 6786 263 -288 -69 0
> 3548 7854 -228 -19 -3 1
> 4890 7624 -69 -73 174 2
> 9522 7725 80 -69 -115 1
! 14815 -93076 0
! 96905 -27982 200
> 9582 6786 263 -288 -69 0
> 3548 7854 -228 -19 -3 1
> 4890 7624 -69 -73 174 2
> 9522 7725 80 -69 -115 1
! -14673 3466 0 sims=411880 RUNNER
! -4118 -6902 200 sims=411880 BLOCKER
> 9845 6498 223 -244 -87 0
> 3507 7763 -35 -77 -21 1
> 4821 7551 -58 -62 192 2
> 9466 7510 -47 -182 -133 1
! -16037 -90094 0
! 103369 2529 200
> 9845 6498 223 -244 -87 0
> 3507 7763 -35 -77 -21 1
> 4821 7551 -58 -62 192 2
> 9466 7510 -47 -182 -133 1
! -15069 9642 0 sims=402325 RUNNER
! -8026 -2186 200 sims=402325 BLOCKER
> 10068 6254 189 -207 -105 0
> 3672 7676 140 -74 -3 1
> 4763 7489 -49 -52 174 2
> 9244 7231 -188 -237 -151 1
! -44395 -77613 0
! 103534 2442 200
> 10068 6254 189 -207 -105 0
> 3672 7676 140 -74 -3 1
> 4763 7489 -49 -52 174 2
> 9244 7231 -188 -237 -151 1
! -15127 9580 200 sims=389095 RUNNER
! -8248 -2465 200 sims=389095 BLOCKER
> 10257 6047 160 -175 -123 0
> 3737 7647 -199 27 -3 1
> 4790 7402 277 -125 174 2
> 8881 6897 -308 -283 -151 1
! -67457 -56884 0
! 97094 -28189 200
> 10257 6047 160 -175 -123 0
> 3737 7647 -199 27 -3 1
> 4790 7402 277 -125 174 2
> 8881 6897 -308 -283 -151 1
! -15100 9493 200 sims=389690 RUNNER
! -4759 -7730 0 sims=389690 BLOCKER
> 10417 5872 136 -148 -141 0
> 3725 7602 -10 -37 -21 1
> 4868 7298 66 -88 174 2
> 8573 6614 -261 -240 -133 1
! -82941 -29964 0
! 97083 -28234 200
> 10417 5872 136 -148 -141 0
> 3725 7602 -10 -37 -21 1
> 4868 7298 66 -88 174 2
> 8573 6614 -261 -240 -133 1
! -13403 15433 200 sims=388122 RUNNER
! -8919 -3082 0 sims=388122 BLOCKER
> 10553 5724 115 -125 -159 0
> 3902 7493 150 -92 -21 1
> 4751 7291 -99 -5 156 2
> 8312 6374 -221 -204 -151 1
! -89309 490 0
! 103764 2259 200
> 10553 5724 115 -125 -159 0
> 3902 7493 150 -92 -21 1
> 4751 7291 -99 -5 156 2
> 8312 6374 -221 -204 -151 1
! -13520 15426 SHIELD sims=390257 RUNNER
! -5328 -8253 0 sims=390257 BLOCKER
> 10668 5599 97 -106 -177 0
> 3569 7554 -392 78 -3 1
> 4720 7270 -15 -20 156 2
> 8091 6170 -187 -173 -133 1
! -85924 31480 200
! 96926 -28282 200
> 10668 5599 97 -106 -177 0
> 3569 7554 -392 78 -3 1
> 4720 7270 -15 -20 156 2
> 8091 6170 -187 -173 -133 1
! -15170 9361 0 sims=402045 RUNNER
! -9401 -3526 0 sims=402045 BLOCKER
> 10572 5545 -81 -46 -195 0
> 3364 7560 -174 5 -21 1
> 4705 7250 -12 -17 174 2
> 7904 5997 -158 -147 -151 1
! -86020 31426 200
! 96722 -28276 200
> 10572 5545 -81 -46 -195 0
> 3364 7560 -174 5 -21 1
> 4705 7250 -12 -17 174 2
> 7904 5997 -158 -147 -151 1
! -15185 9341 0 sims=384328 RUNNER
! -5736 -8630 0 sims=384328 BLOCKER
> 10298 5551 -233 4 165 0
> 3377 7493 10 -56 -21 1
> 4693 7233 -10 -14 174 2
> 7746 5850 -134 -124 -133 1
! -86294 31432 200
! 103239 2259 200
> 10298 5551 -233 4 165 0
> 3377 7493 10 -56 -21 1
> 4693 7233 -10 -14 174 2
> 7746 5850 -134 -124 -133 1
! -15197 9324 0 sims=378798 RUNNER
! -706 -12276 0 sims=378798 BLOCKER
> 9872 5607 -362 47 165 0
> 3587 7427 178 -56 -3 1
> 4683 7219 -8 -11 174 2
> 7612 5726 -113 -105 -115 1
! -89990 373 200
! 96944 -28409 200
> 9872 5607 -362 47 165 0
> 3587 7427 178 -56 -3 1
> 4683 7219 -8 -11 174 2
> 7612 5726 -113 -105 -115 1
! -15207 9310 200 sims=346563 RUNNER
! 5175 -14125 0 sims=346563 BLOCKER
> 9310 5644 -477 31 -177 0
> 3684 7345 -181 -24 -21 1
> 4743 7183 315 -75 174 2
> 7499 5621 -96 -89 -97 1
! -84048 -30192 0
! 103546 2111 200
> 9310 5644 -477 31 -177 0
> 3684 7345 -181 -24 -21 1
> 4743 7183 315 -75 174 2
> 7499 5621 -96 -89 -97 1
! -13528 15318 200 sims=356685 RUNNER
! 11315 -14012 0 sims=356685 BLOCKER
> 8833 5675 -405 26 -159 0
> 3703 7311 15 -29 -3 1
> 4875 7189 112 5 156 2
> 7403 5532 -81 -75 -79 1
! -68881 -57256 0
! 103565 2077 200
> 8833 5675 -405 26 -159 0
> 3703 7311 15 -29 -3 1
> 4875 7189 112 5 156 2
> 7403 5532 -81 -75 -79 1
! -15015 9280 200 sims=356006 RUNNER
! 17099 -11960 0 sims=356006 BLOCKER
> 8428 5701 -344 22 -141 0
> 3918 7272 182 -33 -3 1
> 4788 7215 -73 22 174 2
> 7322 5457 -68 -63 -61 1
! -84930 -30135 200
! 103780 2038 200
> 8428 5701 -344 22 -141 0
> 3918 7272 182 -33 -3 1
> 4788 7215 -73 22 174 2
> 7322 5457 -68 -63 -61 1
! -15102 9306 SHIELD sims=347648 RUNNER
! 21949 -8183 0 sims=347648 BLOCKER
> 8000 5686 -100 75 -159 0
> 3599 7270 -381 4 -3 1
> 4785 7233 8 14 174 2
> 7151 5360 -408 -170 -43 1
! -85358 -30150 200
! 103461 2036 200
> 8000 5686 -100 75 -159 0
> 3599 7270 -381 4 -3 1
> 4785 7233 8 14 174 2
> 7151 5360 -408 -170 -43 1
! -15105 9324 0 sims=371266 RUNNER
! 25277 -3092 0 sims=371266 BLOCKER
> 7713 5689 -243 2 -159 0
> 3418 7264 -154 -5 -3 1
> 4793 7247 6 11 174 2
> 6743 5190 -346 -144 -25 1
! -70001 -57242 200
! 103280 2030 200
> 7713 5689 -243 2 -159 0
> 3418 7264 -154 -5 -3 1
> 4793 7247 6 11 174 2
> 6743 5190 -346 -144 -25 1
! -15097 9338 0 sims=358218 RUNNER
! 26594 2753 200 sims=358218 BLOCKER
> 7315 5565 -338 -105 -141 0
> 3464 7249 38 -13 -3 1
> 4799 7258 5 9 174 2
> 6596 5022 -125 -143 -7 1
! -70399 -57366 200
! 100056 33130 0
> 7315 5565 -338 -105 -141 0
> 3464 7249 38 -13 -3 1
> 4799 7258 5 9 174 2
> 6596 5022 -125 -143 -7 1
! -15091 9349 0 sims=344400 RUNNER
! 26229 8838 200 sims=344400 BLOCKER
> 7136 5601 -88 85 -141 0
> 3502 7236 32 -11 15 1
> 4804 7267 4 7 174 2
> 6353 4650 -270 -371 11 1
! -47327 -78266 200
! 103364 2002 200
> 7136 5601 -88 85 -141 0
> 3502 7236 32 -11 15 1
> 4804 7267 4 7 174 2
> 6353 4650 -270 -371 11 1
! -15086 9358 200 sims=381241 RUNNER
! 23845 14346 0 sims=381241 BLOCKER
> 6939 5518 -167 -70 -123 0
> 3734 7215 196 -18 -3 1
> 4609 7295 -165 23 174 2
> 6083 4279 -229 -315 29 1
! -18943 -91074 200
! 100326 33096 SHIELD
> 6939 5518 -167 -70 -123 0
> 3734 7215 196 -18 -3 1
> 4609 7295 -165 23 174 2
> 6083 4279 -229 -315 29 1
! -15281 9386 SHIELD sims=372246 RUNNER
! 19723 18906 200 sims=372246 BLOCKER
> 6720 5255 -185 -223 -105 0
> 3656 7166 -132 -48 15 1
> 4718 7349 158 53 174 2
> 5990 4110 -78 -143 47 1
! -47743 -78612 200
! 87523 61629 0
> 6720 5255 -185 -223 -105 0
> 3656 7166 -132 -48 15 1
> 4718 7349 158 53 174 2
> 5990 4110 -78 -143 47 1
! -14845 3191 0 sims=359625 RUNNER
! 23482 13806 200 sims=359625 BLOCKER
> 6426 4864 -249 -332 -123 0
> 3524 7118 -112 -40 33 1
> 4876 7402 134 45 192 2
> 6087 4064 82 -39 29 1
! -19456 -91728 0
! 87391 61581 0
> 6426 4864 -249 -332 -123 0
> 3524 7118 -112 -40 33 1
> 4876 7402 134 45 192 2
> 6087 4064 82 -39 29 1
! -14687 3244 0 sims=414470 RUNNER
! 23579 13760 SHIELD sims=414470 BLOCKER
> 6383 5081 0 283 -105 0
> 3412 7078 -95 -34 33 1
> 5010 7447 113 38 -168 2
> 6148 3970 48 -89 29 1
! -19498 -91511 200
! 100004 32959 0
> 6383 5081 0 283 -105 0
> 3412 7078 -95 -34 33 1
> 5010 7447 113 38 -168 2
> 6148 3970 48 -89 29 1
! -14553 3289 0 sims=389760 RUNNER
! 19788 18597 0 sims=389760 BLOCKER
> 6331 5171 -43 76 -105 0
> 3317 7044 -80 -28 15 1
> 5123 7485 96 32 -168 2
> 6196 3881 40 -75 47 1
! -19550 -91421 200
! 99909 32925 200
> 6331 5171 -43 76 -105 0
> 3317 7044 -80 -28 15 1
> 5123 7485 96 32 -168 2
> 6196 3881 40 -75 47 1
! -14440 3327 200 sims=373499 RUNNER
! 23688 13577 0 sims=373499 BLOCKER
> 6236 5054 -80 -99 -105 0
> 3430 7068 96 20 15 1
> 5023 7475 -84 -8 -168 2
> 6236 3806 34 -63 29 1
! 11469 -94808 200
! 100022 32949 200
> 6236 5054 -80 -99 -105 0
> 3430 7068 96 20 15 1
> 5023 7475 -84 -8 -168 2
> 6236 3806 34 -63 29 1
! -14540 3317 200 sims=378224 RUNNER
! 25869 7622 0 sims=378224 BLOCKER
> 6166 4755 -59 -253 -87 1
> 3719 7140 245 60 15 1
> 4743 7425 -237 -42 -168 2
> 6270 3743 28 -53 11 1
! 42002 -88603 200
! 100311 33021 SHIELD
> 6166 4755 -59 -253 -87 1
> 3719 7140 245 60 15 1
> 4743 7425 -237 -42 -168 2
> 6270 3743 28 -53 11 1
! -14820 3267 SHIELD sims=380016 RUNNER
! 23762 13439 200 sims=380016 BLOCKER
> 6126 4524 -77 -26 -69 1
> 3745 7134 -191 -69 15 1
> 4725 7449 198 84 -168 2
> 6526 3578 260 -310 29 1
! 69057 -73190 200
! 87612 61597 0
> 6126 4524 -77 -26 -69 1
> 3745 7134 -191 -69 15 1
> 4725 7449 198 84 -168 2
> 6526 3578 260 -310 29 1
! -14838 3291 0 sims=414631 RUNNER
! 26159 7394 200 sims=414631 BLOCKER
> 6175 4343 41 -154 -51 1
> 3554 7065 -162 -58 33 1
> 4923 7533 168 71 -168 2
> 6982 3306 387 -231 11 1
! 90042 -50120 200
! 100146 32946 0
> 6175 4343 41 -154 -51 1
> 3554 7065 -162 -58 33 1
> 4923 7533 168 71 -168 2
> 6982 3306 387 -231 11 1
! -14640 3375 0 sims=407148 RUNNER
! 26833 869 200 sims=407148 BLOCKER
> 6384 4080 177 -223 -33 1
> 3392 7007 -137 -49 15 1
> 5091 7604 142 60 -168 2
> 7568 3051 497 -217 -7 1
! 102976 -21802 200
! 99984 32888 0
> 6384 4080 177 -223 -33 1
> 3392 7007 -137 -49 15 1
> 5091 7604 142 60 -168 2
> 7568 3051 497 -217 -7 1
! -14472 3446 0 sims=368480 RUNNER
! 27419 614 200 sims=368480 BLOCKER
> 6754 3805 314 -233 -15 1
> 3255 6958 -116 -41 15 1
> 5233 7664 120 51 -168 2
> 8264 2810 591 -205 -7 1
! 90620 -50659 200
! 87122 61421 200
> 6754 3805 314 -233 -15 1
> 3255 6958 -116 -41 15 1
> 5233 7664 120 51 -168 2
> 8264 2810 591 -205 -7 1
! -14330 3506 200 sims=400729 RUNNER
! 28115 373 200 sims=400729 BLOCKER
> 7236 3463 409 -290 -33 1
> 3307 7026 43 57 33 1
> 5157 7673 -64 8 -168 2
> 9054 2581 671 -194 -7 1
! 103828 -22419 200
! 99899 32907 200
> 7236 3463 409 -290 -33 1
> 3307 7026 43 57 33 1
> 5157 7673 -64 8 -168 2
> 9054 2581 671 -194 -7 1
! -12164 -2327 200 sims=374941 RUNNER
! 27180 -5871 0 sims=374941 BLOCKER
> 7838 3121 511 -290 -15 1
> 3543 7135 200 92 15 1
> 4920 7581 -201 -78 -150 2
> 9725 2387 570 -164 -25 1
! 107700 8354 200
! 100135 33016 200
> 7838 3121 511 -290 -15 1
> 3543 7135 200 92 15 1
> 4920 7581 -201 -78 -150 2
> 9725 2387 570 -164 -25 1
! -14643 3423 200 sims=362628 RUNNER
! 29576 -50 0 sims=362628 BLOCKER
> 8549 2841 604 -237 3 1
> 3760 7223 -340 -91 15 1
> 4700 7517 337 111 -168 2
> 10295 2223 484 -139 -7 1
! 105141 -23040 0
! 100352 33104 200
> 8549 2841 604 -237 3 1
> 3760 7223 -340 -91 15 1
> 4700 7517 337 111 -168 2
> 10295 2223 484 -139 -7 1
! -14863 3359 200 sims=360794 RUNNER
! 29928 6039 0 sims=360794 BLOCKER
> 9153 2604 513 -201 -15 1
> 3613 7184 -124 -33 15 1
> 4841 7586 120 59 -168 2
> 10779 2084 411 -118 11 1
! 93019 -51860 0
! 100205 33065 200
> 9153 2604 513 -201 -15 1
> 3613 7184 -124 -33 15 1
> 4841 7586 120 59 -168 2
> 10779 2084 411 -118 11 1
! -14722 3428 200 sims=291844 RUNNER
! 28271 11780 0 sims=291844 BLOCKER
> 9666 2403 436 -170 -33 1
> 3682 7203 58 15 15 1
> 4765 7603 -64 14 -168 2
> 11190 1966 349 -100 29 1
! 106258 -23479 0
! 87549 61666 200
> 9666 2403 436 -170 -33 1
> 3682 7203 58 15 15 1
> 4765 7603 -64 14 -168 2
> 11190 1966 349 -100 29 1
! -12556 -2397 200 sims=326445 RUNNER
! 24830 16593 0 sims=326445 BLOCKER
> 10102 2233 370 -144 -15 1
> 3764 7279 -215 -30 33 1
> 4672 7565 206 62 -150 2
> 11539 1866 296 -85 47 1
! 106694 -23649 0
! 100356 33160 200
> 10102 2233 370 -144 -15 1
> 3764 7279 -215 -30 33 1
> 4672 7565 206 62 -150 2
> 11539 1866 296 -85 47 1
! -14891 3407 200 sims=335104 RUNNER
! 19991 19992 0 sims=335104 BLOCKER
> 10472 2089 314 -122 -15 1
> 3742 7301 -18 18 15 1
> 4682 7585 8 17 -168 2
> 11835 1781 251 -72 65 1
! 107064 -23793 0
! 100334 33182 200
> 10472 2089 314 -122 -15 1
> 3742 7301 -18 18 15 1
> 4682 7585 8 17 -168 2
> 11835 1781 251 -72 65 1
! -14881 3427 200 sims=345121 RUNNER
! 14272 21632 0 sims=345121 BLOCKER
> 10786 1967 266 -103 -15 1
> 3733 7313 -154 -35 15 1
> 4678 7618 144 73 -168 2
> 12086 1709 213 -61 83 1
! 107378 -23915 0
! 100325 33194 200
> 10786 1967 266 -103 -15 1
> 3733 7313 -154 -35 15 1
> 4678 7618 144 73 -168 2
> 12086 1709 213 -61 83 1
! -14885 3460 200 sims=348495 RUNNER
! 8270 21342 0 sims=348495 BLOCKER
> 11052 1864 226 -87 -15 1
> 3772 7330 33 14 15 1
> 4626 7649 -43 26 -168 2
> 12299 1648 181 -51 101 1
! 110914 7097 200
! 87639 61793 200
> 11052 1864 226 -87 -15 1
> 3772 7330 33 14 15 1
> 4626 7649 -43 26 -168 2
> 12299 1648 181 -51 101 1
! -14937 3491 200 sims=343021 RUNNER
! 2603 19140 0 sims=343021 BLOCKER
> 11478 1787 361 -65 3 1
> 3647 7329 -194 -34 33 1
> 4713 7758 162 126 -168 2
> 12480 1597 153 -43 119 1
! 111340 7020 0
! 100239 33210 200
> 11478 1787 361 -65 3 1
> 3647 7329 -194 -34 33 1
> 4713 7758 162 126 -168 2
> 12480 1597 153 -43 119 1
! -12608 -2242 200 sims=335244 RUNNER
! -2147 15237 0 sims=335244 BLOCKER
> 11839 1722 306 -55 3 1
> 3646 7347 0 15 15 1
> 4702 7784 -9 22 -150 2
> 12633 1554 130 -36 137 1
! 108431 -24159 0
! 100238 33228 200
> 11839 1722 306 -55 3 1
> 3646 7347 0 15 15 1
> 4702 7784 -9 22 -150 2
> 12633 1554 130 -36 137 1
! -14861 3626 200 sims=338233 RUNNER
! -1994 15194 SHIELD sims=338233 BLOCKER
> 11852 1729 -6 9 -15 1
> 3791 7389 -134 -94 15 1
> 4546 7789 124 135 -168 2
> 12792 1512 137 -36 137 1
! 108444 -24153 200
! 87658 61852 200
> 11852 1729 -6 9 -15 1
> 3791 7389 -134 -94 15 1
> 4546 7789 124 135 -168 2
> 12792 1512 137 -36 137 1
! -12775 -2211 200 sims=297521 RUNNER
! -5334 9964 0 sims=297521 BLOCKER
> 12039 1686 159 -36 -15 1
> 3809 7394 -80 -53 33 1
> 4513 7834 67 96 -150 2
> 12929 1476 116 -30 155 1
! 108631 -24196 200
! 87676 61857 200
> 12039 1686 159 -36 -15 1
> 3809 7394 -80 -53 33 1
> 4513 7834 67 96 -150 2
> 12929 1476 116 -30 155 1
! -12808 -2166 200 sims=328867 RUNNER
! -5197 9928 0 sims=328867 BLOCKER
> 12266 1628 98 -27 -15 1
> 3741 7351 -81 -52 33 1
> 4562 7929 65 96 -150 2
> 13170 1417 299 -72 155 1
! 112128 6861 200
! 87608 61814 200
> 12266 1628 98 -27 -15 1
> 3741 7351 -81 -52 33 1
> 4562 7929 65 96 -150 2
> 13170 1417 299 -72 155 1
! -12759 -2071 200 sims=330953 RUNNER
! -4956 9869 0 sims=330953 BLOCKER
> 12564 1611 253 -14 3 1
> 3828 7408 73 48 33 1
> 4454 7925 -91 -3 -150 2
> 13469 1345 254 -61 155 1
! 112426 6844 0
! 66760 85122 200
> 12564 1611 253 -14 3 1
> 3828 7408 73 48 33 1
> 4454 7925 -91 -3 -150 2
> 13469 1345 254 -61 155 1
! -8929 -6938 0 sims=317303 RUNNER
! -4657 9797 200 sims=317303 BLOCKER
> 12773 1611 43 41 3 1
> 3763 7393 -63 -19 51 1
> 4627 8141 155 189 -132 2
> 13586 1355 233 -33 155 1
! 109365 -24270 0
! 87630 61856 0
> 12773 1611 43 41 3 1
> 3763 7393 -63 -19 51 1
> 4627 8141 155 189 -132 2
> 13586 1355 233 -33 155 1
! -12694 -1859 200 sims=299194 RUNNER
! -4540 9807 200 sims=299194 BLOCKER
> 12816 1652 36 34 -15 1
> 3700 7374 -53 -16 33 1
> 4609 8230 -15 75 -150 2
> 13638 1407 43 43 155 1
! 109408 -24230 0
! 66632 85088 200
> 12816 1652 36 34 -15 1
> 3700 7374 -53 -16 33 1
> 4609 8230 -15 75 -150 2
> 13638 1407 43 43 155 1
! -8774 -6633 200 sims=329728 RUNNER
! -4488 9859 200 sims=329728 BLOCKER
> 12706 1727 -146 78 -15 1
> 3773 7513 61 118 51 1
> 4460 8156 -126 -62 -132 2
> 13646 1493 59 58 155 1
! 109298 -24155 200
! 87640 61976 200
> 12706 1727 -146 78 -15 1
> 3773 7513 61 118 51 1
> 4460 8156 -126 -62 -132 2
> 13646 1493 59 58 155 1
! -8923 -6707 SHIELD sims=333417 RUNNER
! -6205 3930 200 sims=333417 BLOCKER
> 12725 1760 -139 65 -15 1
> 3588 7343 -314 -294 33 1
> 4375 8134 -56 -3 -132 2
> 13535 1569 61 27 173 1
! 109317 -24122 200
! 66520 85057 200
> 12725 1760 -139 65 -15 1
> 3588 7343 -314 -294 33 1
> 4375 8134 -56 -3 -132 2
> 13535 1569 61 27 173 1
! -12946 -1866 0 sims=358309 RUNNER
! -6316 4006 200 sims=358309 BLOCKER
> 12602 1815 -133 53 -15 1
> 3400 7204 -159 -117 51 1
> 4319 8131 -47 -2 -150 2
> 13574 1578 63 0 173 1
! 112464 7048 200
! 87267 61667 200
> 12602 1815 -133 53 -15 1
> 3400 7204 -159 -117 51 1
> 4319 8131 -47 -2 -150 2
> 13574 1578 63 0 173 1
! -9064 -6732 0 sims=358330 RUNNER
! -6277 4015 200 sims=358330 BLOCKER
> 12669 1878 56 53 3 1
> 3409 7196 7 -6 33 1
> 4272 8129 -39 -1 -132 2
> 13438 1602 -115 20 173 1
! 109261 -24003 0
! 66341 84910 200
> 12669 1878 56 53 3 1
> 3409 7196 7 -6 33 1
> 4272 8129 -39 -1 -132 2
> 13438 1602 -115 20 173 1
! -9111 -6734 0 sims=363342 RUNNER
! -6413 4039 SHIELD sims=363342 BLOCKER
> 12501 2015 -167 125 -15 1
> 3542 7345 112 127 51 1
> 4233 8128 -33 0 -132 2
> 13345 1614 -76 8 173 1
! 96367 -52449 200
! 66474 85059 200
> 12501 2015 -167 125 -15 1
> 3542 7345 112 127 51 1
> 4233 8128 -33 0 -132 2
> 13345 1614 -76 8 173 1
! -9150 -6735 200 sims=345870 RUNNER
! -4781 10066 0 sims=345870 BLOCKER
> 12502 2031 0 13 -33 1
> 3553 7365 -126 -139 51 1
> 4293 8241 186 253 -132 2
> 13269 1622 -64 6 155 1
! 96368 -52433 200
! 66485 85079 200
> 12502 2031 0 13 -33 1
> 3553 7365 -126 -139 51 1
> 4293 8241 186 253 -132 2
> 13269 1622 -64 6 155 1
! -9090 -6622 200 sims=338926 RUNNER
! -1358 15262 0 sims=338926 BLOCKER
> 12509 2022 -45 20 -33 1
> 3553 7381 0 13 51 1
> 4345 8345 44 88 -132 2
> 13366 1541 134 -97 137 1
! 109101 -23860 200
! 66485 85095 200
> 12509 2022 -45 20 -33 1
> 3553 7381 0 13 51 1
> 4345 8345 44 88 -132 2
> 13366 1541 134 -97 137 1
! -9038 -6518 200 sims=339269 RUNNER
! -1261 15181 0 sims=339269 BLOCKER
> 12657 1990 125 -27 -15 1
> 3679 7549 106 143 51 1
> 4255 8284 -76 -51 -132 2
> 13500 1444 113 -82 137 1
! 96523 -52474 200
! 39515 100907 SHIELD
> 12657 1990 125 -27 -15 1
> 3679 7549 106 143 51 1
> 4255 8284 -76 -51 -132 2
> 13500 1444 113 -82 137 1
! -13066 -1716 0 sims=292222 RUNNER
! -1127 15084 200 sims=292222 BLOCKER
> 12806 1950 -17 61 -33 1
> 3771 7673 65 88 69 1
> 4323 8422 182 282 -150 2
> 13610 1403 238 -131 137 1
! 96672 -52514 200
! 39607 101031 0
> 12806 1950 -17 61 -33 1
> 3771 7673 65 88 69 1
> 4323 8422 182 282 -150 2
> 13610 1403 238 -131 137 1
! -9060 -6441 200 sims=332234 RUNNER
! -1017 15043 200 sims=332234 BLOCKER
