@ 0 reCurse
@ 1 YurkovAS
CP 5
CP 13012 1891
CP 6579 7835
CP 7472 1335
CP 12726 7100
CP 4084 4677
> 13351 2258 0 0 -1 1
> 12673 1524 0 0 -1 1
> 14030 2993 0 0 -1 1
> 11994 789 0 0 -1 1
! -40419 86571 200
! -75619 48474 200
> 13351 2258 0 0 -1 1
> 12673 1524 0 0 -1 1
> 14030 2993 0 0 -1 1
> 11994 789 0 0 -1 1
! 5550 8292 BOOST sims=268176 RUNNER
! 5701 8560 BOOST sims=268176 BLOCKER
> 13243 2427 -91 143 123 1
> 12496 1618 -150 79 152 1
> 13479 3337 -468 292 148 1
> 11585 1294 -347 429 129 1
! -64471 65359 200
! -56969 73552 200
> 13243 2427 -91 143 123 1
> 12496 1618 -150 79 152 1
> 13479 3337 -468 292 148 1
> 11585 1294 -347 429 129 1
! 4999 8636 200 sims=332968 RUNNER
! 5292 9065 200 sims=332968 BLOCKER
> 12998 2697 -208 229 141 1
> 12207 1841 -245 189 134 1
> 12841 3735 -541 338 148 1
> 11112 1878 -401 496 129 1
! -64716 65629 200
! -57258 73775 200
> 12998 2697 -208 229 141 1
> 12207 1841 -245 189 134 1
> 12841 3735 -541 338 148 1
> 11112 1878 -401 496 129 1
! 4361 9034 200 sims=327632 RUNNER
! 4819 9649 200 sims=327632 BLOCKER
> 12635 3052 -308 301 141 1
> 11823 2174 -326 282 134 1
> 12130 4179 -604 377 148 1
> 10585 2529 -447 553 129 1
! -65079 65984 200
! -57642 74108 200
> 12635 3052 -308 301 141 1
> 11823 2174 -326 282 134 1
> 12130 4179 -604 377 148 1
> 10585 2529 -447 553 129 1
! 3650 9478 200 sims=276032 RUNNER
! 7001 11865 0 sims=276032 BLOCKER
> 12172 3479 -393 362 141 1
> 11358 2600 -395 361 134 1
> 11356 4662 -657 410 148 1
> 10138 3082 -379 470 111 1
! -81186 39315 200
! -58107 74534 200
> 12172 3479 -393 362 141 1
> 11358 2600 -395 361 134 1
> 11356 4662 -657 410 148 1
> 10138 3082 -379 470 111 1
! 1653 7081 0 sims=276288 RUNNER
! 3845 10853 0 sims=276288 BLOCKER
> 11592 3913 -492 368 159 1
> 10824 3105 -453 429 134 1
> 10699 5072 -558 348 166 1
> 9759 3552 -322 399 129 1
! -66122 66845 200
! -58641 75039 200
> 11592 3913 -492 368 159 1
> 10824 3105 -453 429 134 1
> 10699 5072 -558 348 166 1
> 9759 3552 -322 399 129 1
! 2219 10371 200 sims=274776 RUNNER
! 6175 12888 0 sims=274776 BLOCKER
> 10945 4407 -550 419 141 1
> 10232 3678 -503 486 134 1
> 9971 5526 -618 385 148 1
> 9437 3951 -273 339 111 1
! -82413 40243 200
! -78062 50625 200
> 10945 4407 -550 419 141 1
> 10232 3678 -503 486 134 1
> 9971 5526 -618 385 148 1
> 9437 3951 -273 339 111 1
! 1491 10825 200 sims=279488 RUNNER
! 8914 13937 0 sims=279488 BLOCKER
> 10208 4898 -626 417 159 1
> 9952 4125 -205 369 152 1
> 9183 6017 -669 417 148 1
> 8764 4423 -604 411 93 1
! -89654 10131 200
! -59513 76059 0
> 10208 4898 -626 417 159 1
> 9952 4125 -205 369 152 1
> 9183 6017 -669 417 148 1
> 8764 4423 -604 411 93 1
! -520 8436 0 sims=205312 RUNNER
! 11352 14082 200 sims=205312 BLOCKER
> 9413 5461 -672 495 177 1
> 9717 4359 -203 181 134 1
> 8514 6434 -568 354 166 1
> 8212 5027 -469 513 75 1
! -90449 10694 200
! -78577 51306 0
> 9413 5461 -672 495 177 1
> 9717 4359 -203 181 134 1
> 8514 6434 -568 354 166 1
> 8212 5027 -469 513 75 1
! -1462 5736 0 sims=254032 RUNNER
! 13658 13414 0 sims=254032 BLOCKER
> 8541 5966 -740 429 177 1
> 9514 4540 -172 153 152 1
> 7946 6788 -482 300 184 1
> 7743 5540 -398 436 57 1
! -91321 11199 0
! -88966 21904 200
> 8541 5966 -740 429 177 1
> 9514 4540 -172 153 152 1
> 7946 6788 -482 300 184 1
> 7743 5540 -398 436 57 1
! -2030 6090 200 sims=305872 RUNNER
! 13189 13927 SHIELD sims=305872 BLOCKER
> 8096 6579 -243 605 177 1
> 9145 4728 -313 159 170 1
> 7264 7074 -579 243 -176 1
> 7315 5958 -376 346 57 1
! -88496 -19302 200
! -89881 -9189 0
> 8096 6579 -243 605 177 1
> 9145 4728 -313 159 170 1
> 7264 7074 -579 243 -176 1
> 7315 5958 -376 346 57 1
! -2008 3328 0 sims=302936 RUNNER
! 15086 12251 0 sims=302936 BLOCKER
> 7660 7132 -370 470 -165 1
> 8832 4887 -266 135 188 1
> 6685 7317 -492 206 -158 2
> 6939 6304 -319 294 39 1
! -88932 -18749 200
! -90194 -9030 0
> 7660 7132 -370 470 -165 1
> 8832 4887 -266 135 188 1
> 6685 7317 -492 206 -158 2
> 6939 6304 -319 294 39 1
! -975 889 200 sims=315776 RUNNER
! 16275 9888 0 sims=315776 BLOCKER
> 7097 7550 -478 355 -165 2
> 8566 5022 -226 114 -172 1
> 6040 7394 -548 65 -140 2
> 6620 6598 -271 249 21 1
! -76770 -46913 200
! -81313 -38815 0
> 7097 7550 -478 355 -165 2
> 8566 5022 -226 114 -172 1
> 6040 7394 -548 65 -140 2
> 6620 6598 -271 249 21 1
! 741 -1086 200 sims=322840 RUNNER
! 16606 7121 0 sims=322840 BLOCKER
> 6451 7796 -548 209 -147 2
> 8340 5136 -192 96 -154 1
> 5386 7289 -555 -88 -122 2
> 6349 6847 -230 211 3 1
! -56481 -69918 0
! -81539 -38701 0
> 6451 7796 -548 209 -147 2
> 8340 5136 -192 96 -154 1
> 5386 7289 -555 -88 -122 2
> 6349 6847 -230 211 3 1
! 2967 -2414 200 sims=320752 RUNNER
! 16008 4259 200 sims=320752 BLOCKER
> 5903 8005 -465 177 -129 2
> 8148 5232 -163 81 -154 1
> 4783 7007 -512 -239 -104 2
> 6312 7006 -31 135 -15 1
! -29933 -85353 200
! -63786 -64233 200
> 5903 8005 -465 177 -129 2
> 8148 5232 -163 81 -154 1
> 4783 7007 -512 -239 -104 2
> 6312 7006 -31 135 -15 1
! 5481 -2969 200 sims=323672 RUNNER
! 14699 1560 200 sims=323672 BLOCKER
> 5366 7995 -456 -8 -111 2
> 7841 5174 -260 -49 -136 1
> 4285 6568 -423 -372 -86 2
> 6449 7032 116 22 -33 1
! 132 -91867 200
! -64093 -64291 200
> 5366 7995 -456 -8 -111 2
> 7841 5174 -260 -49 -136 1
> 4285 6568 -423 -372 -86 2
> 6449 7032 116 22 -33 1
! 8031 -2704 200 sims=286088 RUNNER
! 12742 -739 200 sims=286088 BLOCKER
> 4900 7787 -396 -176 -93 2
> 7437 4986 -343 -159 -136 1
> 3937 6011 -295 -473 -68 2
> 6691 6899 205 -113 -51 1
! 30781 -88805 200
! -39510 -83308 0
> 4900 7787 -396 -176 -93 2
> 7437 4986 -343 -159 -136 1
> 3937 6011 -295 -473 -68 2
> 6691 6899 205 -113 -51 1
! 10365 -1649 200 sims=337512 RUNNER
! 10275 -2437 200 sims=337512 BLOCKER
> 4556 7418 -292 -313 -75 2
> 7094 4827 -291 -135 -118 1
> 3771 5385 -141 -532 -50 2
> 6968 6599 235 -254 -69 1
! 59019 -76449 200
! -39853 -83467 200
> 4556 7418 -292 -313 -75 2
> 7094 4827 -291 -135 -118 1
> 3771 5385 -141 -532 -50 2
> 6968 6599 235 -254 -69 1
! 12251 86 200 sims=329024 RUNNER
! 7491 -3387 200 sims=329024 BLOCKER
> 4373 6937 -155 -408 -57 2
> 6709 4515 -327 -264 -118 1
> 3800 4747 24 -542 -32 2
> 7213 6145 208 -385 -87 1
! 82087 -55995 200
! -65225 -64950 200
> 4373 6937 -155 -408 -57 2
> 6709 4515 -327 -264 -118 1
> 3800 4747 24 -542 -32 2
> 7213 6145 208 -385 -87 1
! 10228 -2913 200 sims=319576 RUNNER
! 4625 -3514 0 sims=319576 BLOCKER
> 4373 6403 0 -453 -39 2
> 6238 4112 -400 -342 -136 1
> 3953 4052 129 -590 -50 2
> 7421 5760 176 -327 -105 1
! 82087 -56529 200
! -40709 -84182 200
> 4373 6403 0 -453 -39 2
> 6238 4112 -400 -342 -136 1
> 3953 4052 129 -590 -50 2
> 7421 5760 176 -327 -105 1
! 7699 -5220 200 sims=308568 RUNNER
! 1975 -2627 200 sims=308568 BLOCKER
> 4528 5824 132 -492 -39 2
> 5744 3593 -419 -440 -118 1
> 4157 3277 173 -659 -68 2
> 7488 5265 57 -420 -123 1
! 97886 -30012 0
! -11620 -94887 200
> 4528 5824 132 -492 -39 2
> 5744 3593 -419 -440 -118 1
> 4157 3277 173 -659 -68 2
> 7488 5265 57 -420 -123 1
! 4855 -6699 200 sims=317096 RUNNER
! -283 -1028 200 sims=317096 BLOCKER
> 4660 5332 112 -418 -21 2
> 5290 2956 -385 -541 -100 1
> 4344 2418 158 -729 -86 2
> 7390 4719 -83 -463 -141 1
! 104522 98 200
! 19207 -96070 200
> 4660 5332 112 -418 -21 2
> 5290 2956 -385 -541 -100 1
> 4344 2418 158 -729 -86 2
> 7390 4719 -83 -463 -141 1
! 8090 -6854 200 sims=311096 RUNNER
! -1946 1135 0 sims=311096 BLOCKER
> 4972 4904 264 -364 -3 2
> 4935 2221 -233 -493 -82 1
> 4575 1500 127 -912 -68 2
> 7307 4256 -70 -393 -159 1
! 101564 30785 200
! 48771 -87658 0
> 4972 4904 264 -364 -3 2
> 4935 2221 -233 -493 -82 1
> 4575 1500 127 -912 -68 2
> 7307 4256 -70 -393 -159 1
! 11003 -6160 0 sims=323632 RUNNER
! -2679 3733 0 sims=323632 BLOCKER
> 5429 4592 388 -265 15 2
> 4702 1728 -198 -419 -64 1
> 4702 588 107 -775 -50 2
> 7237 3863 -59 -334 -177 1
! 102021 30473 200
! 74167 -70206 200
> 5429 4592 388 -265 15 2
> 4702 1728 -198 -419 -64 1
> 4702 588 107 -775 -50 2
> 7237 3863 -59 -334 -177 1
! 13182 -4711 0 sims=330184 RUNNER
! -2422 6451 0 sims=330184 BLOCKER
> 6010 4379 494 -181 15 2
> 4643 1165 -50 -478 -46 1
> 4809 -187 90 -658 -32 2
> 7178 3529 -50 -283 -195 1
! 105872 -854 0
! 92937 -45782 200
> 6010 4379 494 -181 15 2
> 4643 1165 -50 -478 -46 1
> 4809 -187 90 -658 -32 2
> 7178 3529 -50 -283 -195 1
! 14512 -2606 0 sims=335600 RUNNER
! -2808 3006 0 sims=335600 BLOCKER
> 6504 4198 419 -153 -3 2
> 4770 593 107 -486 -28 1
> 4899 -845 76 -559 -14 2
> 7128 3246 -42 -240 -177 1
! 99861 -31638 0
! 74235 -71341 200
> 6504 4198 419 -153 -3 2
> 4770 593 107 -486 -28 1
> 4899 -845 76 -559 -14 2
> 7128 3246 -42 -240 -177 1
! 14875 -147 0 sims=327568 RUNNER
! -2208 -338 0 sims=327568 BLOCKER
> 6923 4045 356 -130 -21 2
> 5016 -37 209 -535 -46 1
> 4975 -1404 64 -475 4 2
> 7086 3006 -35 -204 -159 1
! 84637 -58887 0
! 48853 -89916 0
> 6923 4045 356 -130 -21 2
> 5016 -37 209 -535 -46 1
> 4975 -1404 64 -475 4 2
> 7086 3006 -35 -204 -159 1
! 14247 2342 0 sims=326008 RUNNER
! -2250 -578 200 sims=326008 BLOCKER
> 7279 3915 302 -110 -39 2
> 5225 -572 177 -454 -64 1
> 5039 -1879 54 -403 22 2
> 6864 2730 -188 -234 -159 1
! 61742 -79952 0
! 19142 -99598 0
> 7279 3915 302 -110 -39 2
> 5225 -572 177 -454 -64 1
> 5039 -1879 54 -403 22 2
> 6864 2730 -188 -234 -159 1
! 12699 4549 0 sims=340664 RUNNER
! -907 -3563 0 sims=340664 BLOCKER
> 7581 3805 256 -93 -57 2
> 5402 -1026 150 -385 -82 1
> 5093 -2282 45 -342 40 2
> 6676 2496 -159 -198 -141 1
! 33462 -92787 0
! -11962 -99506 200
> 7581 3805 256 -93 -57 2
> 5402 -1026 150 -385 -82 1
> 5093 -2282 45 -342 40 2
> 6676 2496 -159 -198 -141 1
! 10392 6198 0 sims=321880 RUNNER
! 1230 -5891 0 sims=321880 BLOCKER
> 7837 3712 217 -79 -75 2
> 5517 -1608 97 -494 -100 1
> 5138 -2624 38 -290 58 2
> 6517 2298 -135 -168 -123 1
! 2603 -96150 0
! -41430 -89902 200
> 7837 3712 217 -79 -75 2
> 5517 -1608 97 -494 -100 1
> 5138 -2624 38 -290 58 2
> 6517 2298 -135 -168 -123 1
! 7557 7079 200 sims=326168 RUNNER
! 3929 -7361 0 sims=326168 BLOCKER
> 8054 3633 184 -67 -93 2
> 5636 -2029 201 -141 -118 1
> 5109 -2970 -125 -510 76 2
> 6382 2130 -114 -142 -105 1
! -27782 -89725 200
! -66298 -71494 200
> 8054 3633 184 -67 -93 2
> 5636 -2029 201 -141 -118 1
> 5109 -2970 -125 -510 76 2
> 6382 2130 -114 -142 -105 1
! 4411 7006 200 sims=324136 RUNNER
! 6905 -7856 0 sims=324136 BLOCKER
> 8166 3379 95 -215 -111 2
> 5693 -2309 48 -237 -136 1
> 4970 -3280 -118 -263 94 2
> 6268 1988 -96 -120 -87 1
! -54766 -74335 200
! -84186 -46146 200
> 8166 3379 95 -215 -111 2
> 5693 -2309 48 -237 -136 1
> 4970 -3280 -118 -263 94 2
> 6268 1988 -96 -120 -87 1
! 1224 5992 200 sims=261032 RUNNER
! 9852 -7348 0 sims=261032 BLOCKER
> 8135 3009 -26 -314 -129 2
> 5561 -2634 -111 -275 -154 1
> 4777 -3358 -163 -65 112 2
> 6172 1868 -81 -102 -69 1
! -54797 -74705 200
! -93465 -16551 200
> 8135 3009 -26 -314 -129 2
> 5561 -2634 -111 -275 -154 1
> 4777 -3358 -163 -65 112 2
> 6172 1868 -81 -102 -69 1
! 4079 6618 200 sims=275824 RUNNER
! 12465 -5903 0 sims=275824 BLOCKER
> 7983 2540 -129 -399 -129 2
> 5332 -2889 -16 -111 -172 1
> 4520 -3271 -396 -31 94 2
> 6091 1766 -68 -86 -51 1
! -75884 -51923 0
! -93148 14475 200
> 7983 2540 -129 -399 -129 2
> 5332 -2889 -16 -111 -172 1
> 4520 -3271 -396 -31 94 2
> 6091 1766 -68 -86 -51 1
! 6939 6432 200 sims=305576 RUNNER
! 14478 -3680 0 sims=305576 BLOCKER
> 7854 2141 -109 -339 -147 2
> 5119 -2965 -181 -64 170 1
> 4172 -3108 -295 138 76 2
> 6023 1680 -57 -73 -33 1
! -88738 -23740 200
! -83175 43982 200
> 7854 2141 -109 -339 -147 2
> 5119 -2965 -181 -64 170 1
> 4172 -3108 -295 138 76 2
> 6023 1680 -57 -73 -33 1
! 9471 5372 200 sims=303160 RUNNER
! 15682 -908 0 sims=303160 BLOCKER
> 7552 1750 -256 -332 -165 3
> 4776 -2937 -149 3 152 1
> 3968 -2798 -315 283 58 2
> 5966 1607 -48 -62 -15 1
! -89040 -24131 0
! -64689 68997 200
> 7552 1750 -256 -332 -165 3
> 4776 -2937 -149 3 152 1
> 3968 -2798 -315 283 58 2
> 5966 1607 -48 -62 -15 1
! 9267 5682 200 sims=324400 RUNNER
! 15952 2130 0 sims=324400 BLOCKER
> 7296 1418 -217 -282 -165 3
> 4488 -2790 -244 124 134 1
> 3759 -2345 -177 384 58 2
> 5918 1545 -40 -52 3 1
! -92566 6651 0
! -39349 87089 200
> 7296 1418 -217 -282 -165 3
> 4488 -2790 -244 124 134 1
> 3759 -2345 -177 384 58 2
> 5918 1545 -40 -52 3 1
! 9058 6135 200 sims=323480 RUNNER
! 15254 5129 200 sims=323480 BLOCKER
> 7079 1136 -184 -239 177 3
> 4156 -2486 -281 258 116 1
> 3688 -1791 -60 470 58 2
> 6065 1565 124 16 21 1
! -92783 6369 0
! -9761 96540 0
> 7079 1136 -184 -239 177 3
> 4156 -2486 -281 258 116 1
> 3688 -1791 -60 470 58 2
> 6065 1565 124 16 21 1
! 11348 4637 200 sims=323192 RUNNER
! 13836 7858 200 sims=323192 BLOCKER
> 6895 897 -156 -203 177 3
> 3875 -2228 -238 219 98 1
> 3781 -1192 79 508 40 2
> 6344 1707 237 120 39 1
! -86463 36733 0
! 21239 96252 200
> 6895 897 -156 -203 177 3
> 3875 -2228 -238 219 98 1
> 3781 -1192 79 508 40 2
> 6344 1707 237 120 39 1
! 9080 7288 200 sims=319432 RUNNER
! 14115 8000 200 sims=319432 BLOCKER
> 6739 694 -132 -172 159 3
> 3672 -1812 -172 353 80 1
> 3966 -514 157 575 58 2
> 6736 1953 333 208 39 1
! -70975 63626 200
! 50619 86482 200
> 6739 694 -132 -172 159 3
> 3672 -1812 -172 353 80 1
> 3966 -514 157 575 58 2
> 6736 1953 333 208 39 1
! 9265 7966 200 sims=295944 RUNNER
! 14507 8246 200 sims=295944 BLOCKER
> 6452 648 -244 -39 141 3
> 3594 -1282 -66 450 62 1
> 4229 231 223 632 58 2
> 7224 2287 415 283 39 1
! -48011 84515 0
! 75528 68183 200
> 6452 648 -244 -39 141 3
> 3594 -1282 -66 450 62 1
> 4229 231 223 632 58 2
> 7224 2287 415 283 39 1
! 11889 6659 200 sims=329768 RUNNER
! 14995 8580 200 sims=329768 BLOCKER
> 6208 609 -207 -33 123 3
> 3672 -693 66 500 44 1
> 4605 992 319 646 40 2
> 7794 2696 484 347 39 1
! -19673 97201 0
! 93551 43144 0
> 6208 609 -207 -33 123 3
> 3672 -693 66 500 44 1
> 4605 992 319 646 40 2
> 7794 2696 484 347 39 1
! 13877 4738 0 sims=315416 RUNNER
! 15565 8989 200 sims=315416 BLOCKER
> 6001 576 -175 -28 105 3
> 3738 -193 56 425 26 1
> 4924 1638 271 549 22 2
> 8433 3169 543 401 39 1
! 11234 100438 200
! 93617 43644 0
> 6001 576 -175 -28 105 3
> 3738 -193 56 425 26 1
> 4924 1638 271 549 22 2
> 8433 3169 543 401 39 1
! 14900 2336 0 sims=328800 RUNNER
! 13879 11556 0 sims=328800 BLOCKER
> 5836 748 -139 145 87 3
> 3794 232 47 361 26 1
> 5195 2187 230 466 4 2
> 8976 3570 461 340 57 1
! 41672 94106 200
! 102820 14149 0
> 5836 748 -139 145 87 3
> 3794 232 47 361 26 1
> 5195 2187 230 466 4 2
> 8976 3570 461 340 57 1
! 14898 -232 0 sims=340424 RUNNER
! 16747 9863 0 sims=340424 BLOCKER
> 5769 1080 -57 281 69 3
> 3841 593 39 306 8 1
> 5425 2653 195 396 -14 2
> 9437 3910 391 289 39 1
! 68701 78794 200
! 93720 44430 200
> 5769 1080 -57 281 69 3
> 3841 593 39 306 8 1
> 5425 2653 195 396 -14 2
> 9437 3910 391 289 39 1
! 13905 -2646 200 sims=312816 RUNNER
! 14883 12297 0 sims=312816 BLOCKER
> 5838 1516 58 370 51 3
> 4060 987 185 334 26 1
> 5790 2943 309 246 -32 2
> 9828 4199 332 245 57 1
! 89705 55979 200
! 75993 70452 0
> 5838 1516 58 370 51 3
> 4060 987 185 334 26 1
> 5790 2943 309 246 -32 2
> 9828 4199 332 245 57 1
! 12218 -4717 200 sims=325264 RUNNER
! 17599 10492 0 sims=325264 BLOCKER
> 6064 1995 191 407 33 3
> 4245 1321 157 283 44 1
> 6228 3036 371 78 -50 2
> 10160 4444 282 208 39 1
! 89931 56458 200
! 94124 45158 0
> 6064 1995 191 407 33 3
> 4245 1321 157 283 44 1
> 6228 3036 371 78 -50 2
> 10160 4444 282 208 39 1
! 12656 -4624 SHIELD sims=325968 RUNNER
! 15606 12831 0 sims=325968 BLOCKER
> 6355 2203 164 -203 33 3
> 4402 1604 133 240 26 1
> 6606 3145 329 130 -50 2
> 10442 4652 239 176 57 1
! 69287 79917 200
! 103428 15521 0
> 6355 2203 164 -203 33 3
> 4402 1604 133 240 26 1
> 6606 3145 329 130 -50 2
> 10442 4652 239 176 57 1
! 10352 -6127 0 sims=336296 RUNNER
! 18213 10945 0 sims=336296 BLOCKER
> 6645 2155 246 -40 51 3
> 4535 1844 113 204 8 1
> 6935 3275 279 110 -68 2
> 10681 4828 203 149 39 1
! 90512 56618 200
! 103015 -15520 200
> 6645 2155 246 -40 51 3
> 4535 1844 113 204 8 1
> 6935 3275 279 110 -68 2
> 10681 4828 203 149 39 1
! 7633 -6701 0 sims=326224 RUNNER
! 16127 13215 0 sims=326224 BLOCKER
> 7059 2224 351 58 33 3
> 4845 2013 263 143 -10 1
> 7214 3385 237 93 -86 2
> 10884 4977 172 126 57 1
! 103651 28105 200
! 103325 -15351 200
> 7059 2224 351 58 33 3
> 4845 2013 263 143 -10 1
> 7214 3385 237 93 -86 2
> 10884 4977 172 126 57 1
! 7912 -6591 0 sims=318960 RUNNER
! 18655 11270 0 sims=318960 BLOCKER
> 7603 2334 462 93 15 3
> 5305 2121 390 92 -10 1
> 7451 3478 201 79 -86 2
> 11056 5103 146 107 39 1
! 91470 56797 200
! 104331 16038 0
> 7603 2334 462 93 15 3
> 5305 2121 390 92 -10 1
> 7451 3478 201 79 -86 2
> 11056 5103 146 107 39 1
! 5032 -6225 0 sims=339496 RUNNER
! 16502 13490 0 sims=339496 BLOCKER
> 8233 2536 535 171 33 3
> 5695 2213 331 78 8 1
> 7652 3557 170 67 -104 2
> 11202 5210 124 90 57 1
! 71165 80250 200
! 95574 46050 200
> 8233 2536 535 171 33 3
> 5695 2213 331 78 8 1
> 7652 3557 170 67 -104 2
> 11202 5210 124 90 57 1
! 2353 -4923 0 sims=322512 RUNNER
! 13790 14869 0 sims=322512 BLOCKER
> 8894 2862 561 277 51 3
> 6206 2379 434 140 26 1
> 7822 3624 144 56 -122 2
> 11326 5300 105 76 75 1
! 71826 80576 200
! 78139 71844 0
> 8894 2862 561 277 51 3
> 6206 2379 434 140 26 1
> 7822 3624 144 56 -122 2
> 11326 5300 105 76 75 1
! 162 -2804 0 sims=315688 RUNNER
! 10803 15286 0 sims=315688 BLOCKER
> 9581 3294 583 367 51 3
> 6640 2519 368 119 44 1
> 7966 3680 122 47 -140 2
> 11431 5376 89 64 93 1
! 72513 81008 200
! 53587 90813 0
> 9581 3294 583 367 51 3
> 6640 2519 368 119 44 1
> 7966 3680 122 47 -140 2
> 11431 5376 89 64 93 1
! 2667 -4800 200 sims=313368 RUNNER
! 7847 14712 0 sims=313368 BLOCKER
> 10290 3816 602 444 51 3
> 7008 2638 312 101 62 1
> 7982 3557 13 -104 -122 2
> 11520 5440 75 54 111 1
! 46126 97174 0
! 78942 72103 0
> 10290 3816 602 444 51 3
> 7008 2638 312 101 62 1
> 7982 3557 13 -104 -122 2
> 11520 5440 75 54 111 1
! 2683 -4923 200 sims=314224 RUNNER
! 5227 13211 0 sims=314224 BLOCKER
> 10892 4260 511 377 69 3
> 7311 2730 -73 -238 44 1
> 7898 3292 259 91 -122 2
> 11595 5494 63 45 129 1
! 16125 104122 0
! 97190 46567 0
> 10892 4260 511 377 69 3
> 7311 2730 -73 -238 44 1
> 7898 3292 259 91 -122 2
> 11595 5494 63 45 129 1
! 2599 -5188 200 sims=305840 RUNNER
! 3208 10940 200 sims=305840 BLOCKER
> 11403 4637 434 320 87 3
> 7238 2492 -62 -202 26 1
> 8051 3213 130 -66 -122 2
> 11490 5648 -89 130 147 1
! -14478 101229 0
! 97117 46329 200
> 11403 4637 434 320 87 3
> 7238 2492 -62 -202 26 1
> 8051 3213 130 -66 -122 2
> 11490 5648 -89 130 147 1
! 391 -3215 200 sims=321384 RUNNER
! 1831 8236 200 sims=321384 BLOCKER
> 11837 4957 368 272 105 3
> 7356 2378 100 -97 26 1
> 8028 3018 -19 -165 -140 2
> 11208 5830 -239 154 165 1
! 17070 104819 200
! 79289 71843 200
> 11837 4957 368 272 105 3
> 7356 2378 100 -97 26 1
> 8028 3018 -19 -165 -140 2
> 11208 5830 -239 154 165 1
! 2729 -5462 200 sims=306968 RUNNER
! 1222 5307 200 sims=306968 BLOCKER
> 12215 5429 321 400 87 3
> 7310 2147 -118 -271 44 1
> 8193 2957 219 22 -122 2
> 10769 5974 -372 122 -177 1
! -13666 102021 200
! 79243 71612 200
> 12215 5429 321 400 87 3
> 7310 2147 -118 -271 44 1
> 8193 2957 219 22 -122 2
> 10769 5974 -372 122 -177 1
! 533 -3471 200 sims=321616 RUNNER
! 1433 2390 200 sims=321616 BLOCKER
> 12484 6022 228 504 105 3
> 7336 2015 21 -112 44 1
> 8259 2850 55 -90 -140 2
> 10210 6024 -474 42 -159 1
! -41979 89889 0
! 79269 71480 200
> 12484 6022 228 504 105 3
> 7336 2015 21 -112 44 1
> 8259 2850 55 -90 -140 2
> 10210 6024 -474 42 -159 1
! 599 -3578 200 sims=324120 RUNNER
! 874 2440 200 sims=324120 BLOCKER
> 12712 6526 193 428 123 4
> 7501 2042 140 22 44 1
> 8161 2631 -83 -185 -140 2
> 9549 5994 -561 -25 -159 1
! -65002 69458 200
! 79434 71507 SHIELD
> 12712 6526 193 428 123 4
> 7501 2042 140 22 44 1
> 8161 2631 -83 -185 -140 2
> 9549 5994 -561 -25 -159 1
! 501 -3797 SHIELD sims=326608 RUNNER
! 1778 -299 0 sims=326608 BLOCKER
> 12750 7080 31 470 141 4
> 7477 1918 -74 -153 44 1
> 8242 2592 122 14 -140 2
> 8988 5969 -476 -21 -141 1
! -80608 42916 200
! 97356 45755 200
> 12750 7080 31 470 141 4
> 7477 1918 -74 -153 44 1
> 8242 2592 122 14 -140 2
> 8988 5969 -476 -21 -141 1
! 582 -3836 0 sims=330776 RUNNER
! -348 2385 0 sims=330776 BLOCKER
> 12594 7622 -132 460 159 4
> 7403 1765 -62 -130 26 1
> 8364 2606 103 11 -140 2
> 8512 5948 -404 -17 -159 1
! -87268 12855 200
! 79336 71230 0
> 12594 7622 -132 460 159 4
> 7403 1765 -62 -130 26 1
> 8364 2606 103 11 -140 2
> 8512 5948 -404 -17 -159 1
! 704 -3822 0 sims=317312 RUNNER
! 741 -345 0 sims=317312 BLOCKER
> 12262 8092 -281 399 177 4
> 7341 1635 -52 -110 44 1
> 8467 2617 87 9 -140 2
> 8108 5931 -343 -14 -141 1
! -84330 -17789 200
! 97220 45472 200
> 12262 8092 -281 399 177 4
> 7341 1635 -52 -110 44 1
> 8467 2617 87 9 -140 2
> 8108 5931 -343 -14 -141 1
! 807 -3811 0 sims=317336 RUNNER
! -1228 2347 0 sims=317336 BLOCKER
> 11788 8439 -403 295 195 4
> 7289 1525 -44 -93 26 1
> 8554 2626 73 7 -140 2
> 7765 5917 -291 -11 -159 1
! -72079 -46024 200
! 79222 70990 200
> 11788 8439 -403 295 195 4
> 7289 1525 -44 -93 26 1
> 8554 2626 73 7 -140 2
> 7765 5917 -291 -11 -159 1
! 894 -3802 200 sims=301624 RUNNER
! -6 -376 0 sims=301624 BLOCKER
> 11217 8625 -485 158 -147 4
> 7389 1571 84 39 44 1
> 8474 2504 -68 -103 -140 2
> 7474 5906 -247 -9 -141 1
! -72650 -45838 200
! 79322 71036 200
> 11217 8625 -485 158 -147 4
> 7389 1571 84 39 44 1
> 8474 2504 -68 -103 -140 2
> 7474 5906 -247 -9 -141 1
! 814 -3924 200 sims=309680 RUNNER
! -1862 2322 0 sims=309680 BLOCKER
> 10564 8674 -554 41 -147 4
> 7617 1749 193 151 44 1
> 8253 2272 -188 -196 -140 2
> 7227 5897 -209 -7 -159 1
! -52368 -69040 200
! 54564 90043 SHIELD
> 10564 8674 -554 41 -147 4
> 7617 1749 193 151 44 1
> 8253 2272 -188 -196 -140 2
> 7227 5897 -209 -7 -159 1
! 593 -4156 SHIELD sims=331472 RUNNER
! -544 -396 0 sims=331472 BLOCKER
> 9884 8560 -577 -97 -129 4
> 7430 1589 -174 -148 62 1
> 8445 2387 178 110 -140 2
> 7018 5890 -177 -5 -141 1
! -25952 -84798 200
! 54377 89883 0
> 9884 8560 -577 -97 -129 4
> 7430 1589 -174 -148 62 1
> 8445 2387 178 110 -140 2
> 7018 5890 -177 -5 -141 1
! 785 -4041 0 sims=308960 RUNNER
! -2318 2306 0 sims=308960 BLOCKER
> 9235 8276 -551 -241 -111 4
> 7256 1441 -147 -125 62 1
> 8623 2497 151 93 -140 2
> 6841 5885 -150 -4 -159 1
! -53697 -69438 0
! 79190 70906 0
> 9235 8276 -551 -241 -111 4
> 7256 1441 -147 -125 62 1
> 8623 2497 151 93 -140 2
> 6841 5885 -150 -4 -159 1
! 3324 -5983 0 sims=323368 RUNNER
! -3145 5362 0 sims=323368 BLOCKER
> 8684 8035 -468 -204 -129 4
> 7109 1316 -124 -106 44 1
> 8774 2590 128 79 -122 2
> 6691 5881 -127 -3 -177 1
! -27152 -85323 200
! 96988 45153 200
> 8684 8035 -468 -204 -129 4
> 7109 1316 -124 -106 44 1
> 8774 2590 128 79 -122 2
> 6691 5881 -127 -3 -177 1
! 3475 -5890 0 sims=303152 RUNNER
! -2968 8469 0 sims=303152 BLOCKER
> 8144 7644 -458 -332 -111 4
> 6985 1210 -105 -90 26 1
> 8902 2669 108 67 -122 2
> 6564 5878 -107 -2 -195 1
! -27692 -85714 200
! 96864 45047 200
> 8144 7644 -458 -332 -111 4
> 6985 1210 -105 -90 26 1
> 8902 2669 108 67 -122 2
> 6564 5878 -107 -2 -195 1
! 1242 -3759 200 sims=289744 RUNNER
! -1823 11324 0 sims=289744 BLOCKER
> 7614 7125 -450 -440 -111 4
> 7060 1208 63 -1 26 1
> 8857 2607 -38 -52 -140 2
> 6457 5876 -90 -1 147 1
! -28222 -86233 0
! 78993 70673 200
> 7614 7125 -450 -440 -111 4
> 7060 1208 63 -1 26 1
> 8857 2607 -38 -52 -140 2
> 6457 5876 -90 -1 147 1
! 1197 -3821 200 sims=309784 RUNNER
! 164 13647 0 sims=309784 BLOCKER
> 7164 6685 -382 -374 -111 4
> 7267 1346 175 117 44 1
> 8666 2426 -162 -153 -140 2
> 6367 5875 -76 0 129 1
! -55768 -71029 0
! 79200 70811 200
> 7164 6685 -382 -374 -111 4
> 7267 1346 175 117 44 1
> 8666 2426 -162 -153 -140 2
> 6367 5875 -76 0 129 1
! 1006 -4002 200 sims=279368 RUNNER
! 74 13646 SHIELD sims=279368 BLOCKER
> 6972 6490 214 189 -129 4
> 7586 1602 271 217 44 1
> 8351 2144 -267 -239 -140 2
> 6272 5857 -118 -50 129 1
! -55960 -71224 200
! 97465 45439 SHIELD
> 6972 6490 214 189 -129 4
> 7586 1602 271 217 44 1
> 8351 2144 -267 -239 -140 2
> 6272 5857 -118 -50 129 1
! 691 -4284 SHIELD sims=297088 RUNNER
! 2688 15193 0 sims=297088 BLOCKER
> 7060 6524 74 28 -129 4
> 7392 1500 -261 -153 26 1
> 8549 2224 264 134 -140 2
> 6154 5807 -100 -42 111 1
! -28776 -86834 200
! 79325 70965 0
> 7060 6524 74 28 -129 4
> 7392 1500 -261 -153 26 1
> 8549 2224 264 134 -140 2
> 6154 5807 -100 -42 111 1
! -723 -1522 0 sims=284304 RUNNER
! 5631 15793 0 sims=284304 BLOCKER
> 7062 6365 1 -134 -111 4
> 7131 1347 -221 -130 44 1
> 8813 2358 224 113 -158 2
> 6054 5765 -85 -35 93 1
! -55870 -71349 200
! 79064 70812 0
> 7062 6365 1 -134 -111 4
> 7131 1347 -221 -130 44 1
> 8813 2358 224 113 -158 2
> 6054 5765 -85 -35 93 1
! -459 -1388 0 sims=275192 RUNNER
! 8642 15424 0 sims=275192 BLOCKER
> 6937 6076 -106 -246 -129 4
> 6910 1217 -187 -110 44 1
> 9037 2471 190 96 -158 2
> 5969 5730 -72 -29 75 1
! -76930 -48387 200
! 96789 45054 0
> 6937 6076 -106 -246 -129 4
> 6910 1217 -187 -110 44 1
> 9037 2471 190 96 -158 2
> 5969 5730 -72 -29 75 1
! 1377 -3957 0 sims=299552 RUNNER
! 11415 14117 0 sims=299552 BLOCKER
> 6699 5724 -33 -284 -147 4
> 6723 1107 -158 -93 26 1
> 9227 2567 161 81 -140 2
> 5861 5698 -259 -42 57 1
! -89893 -20157 200
! 96602 44944 200
> 6699 5724 -33 -284 -147 4
> 6723 1107 -158 -93 26 1
> 9227 2567 161 81 -140 2
> 5861 5698 -259 -42 57 1
! 1567 -3861 200 sims=306896 RUNNER
! 13632 11991 0 sims=306896 BLOCKER
> 6473 5388 -192 -285 -165 4
> 6745 1102 18 -4 26 1
> 9235 2519 6 -40 -140 2
> 5602 5656 -220 -35 39 1
! -90119 -20493 200
! 96624 44939 200
> 6473 5388 -192 -285 -165 4
> 6745 1102 18 -4 26 1
> 9235 2519 6 -40 -140 2
> 5602 5656 -220 -35 39 1
! -37 -1227 200 sims=247024 RUNNER
! 14938 9240 0 sims=247024 BLOCKER
> 6088 5051 -327 -286 -165 4
> 6943 1186 168 71 26 1
> 9056 2404 -152 -97 -158 2
> 5382 5621 -187 -29 21 1
! -93774 10284 200
! 96822 45023 200
> 6088 5051 -327 -286 -165 4
> 6943 1186 168 71 26 1
> 9056 2404 -152 -97 -158 2
> 5382 5621 -187 -29 21 1
! 1396 -4024 200 sims=316832 RUNNER
! 15368 6144 200 sims=316832 BLOCKER
> 5561 4775 -447 -234 177 4
> 7291 1345 295 134 26 1
> 8751 2178 -259 -191 -140 2
> 5395 5602 10 -15 3 1
! -87797 40611 0
! 97170 45182 200
> 5561 4775 -447 -234 177 4
> 7291 1345 295 134 26 1
> 8751 2178 -259 -191 -140 2
> 5395 5602 10 -15 3 1
! -521 -1568 200 sims=319752 RUNNER
! 15054 3014 200 sims=319752 BLOCKER
> 5114 4541 -379 -198 159 4
> 7631 1484 -347 -274 26 1
> 8441 1995 373 237 -158 2
> 5598 5535 172 -56 -15 1
! -72600 67473 200
! 79564 70949 200
> 5114 4541 -379 -198 159 4
> 7631 1484 -347 -274 26 1
> 8441 1995 373 237 -158 2
> 5598 5535 172 -56 -15 1
! 781 -4433 200 sims=333584 RUNNER
! 15257 2947 200 sims=333584 BLOCKER
> 4580 4469 -454 -61 141 0
> 7428 1349 -172 -114 44 1
> 8661 2103 186 92 -140 2
> 5963 5427 310 -91 -15 1
! -49883 88336 0
! 97307 45186 200
> 4580 4469 -454 -61 141 0
> 7428 1349 -172 -114 44 1
> 8661 2103 186 92 -140 2
> 5963 5427 310 -91 -15 1
! -611 -1643 200 sims=332664 RUNNER
! 14350 -19 200 sims=332664 BLOCKER
> 4126 4408 -385 -51 123 0
> 7436 1323 6 -22 26 1
> 8662 2120 0 14 -158 2
> 6441 5227 406 -169 -33 1
! -21755 101000 0
! 79369 70788 200
> 4126 4408 -385 -51 123 0
> 7436 1323 6 -22 26 1
> 8662 2120 0 14 -158 2
> 6441 5227 406 -169 -33 1
! 1002 -4308 200 sims=329856 RUNNER
! 14828 -219 200 sims=329856 BLOCKER
> 3741 4357 -327 -43 105 0
> 7586 1440 127 99 44 1
> 8509 2005 -130 -97 -140 2
> 7015 4949 487 -236 -33 1
! 8974 104219 200
! 97465 45277 200
> 3741 4357 -327 -43 105 0
> 7586 1440 127 99 44 1
> 8509 2005 -130 -97 -140 2
> 7015 4949 487 -236 -33 1
! 849 -4423 SHIELD sims=332176 RUNNER
! 15402 -497 200 sims=332176 BLOCKER
> 3424 4514 -269 133 87 0
> 7521 1404 -429 -254 26 1
> 8416 1930 -41 -41 -140 2
> 7670 4604 556 -293 -33 1
! 39260 97872 0
! 97400 45241 200
> 3424 4514 -269 133 87 0
> 7521 1404 -429 -254 26 1
> 8416 1930 -41 -41 -140 2
> 7670 4604 556 -293 -33 1
! 756 -4498 0 sims=343976 RUNNER
! 17329 2016 0 sims=343976 BLOCKER
> 3155 4647 -228 113 69 0
> 7272 1238 -211 -141 26 1
> 8375 1889 -34 -34 -140 2
> 8226 4311 472 -249 -15 1
! 66087 82361 200
! 97151 45075 200
> 3155 4647 -228 113 69 0
> 7272 1238 -211 -141 26 1
> 8375 1889 -34 -34 -140 2
> 8226 4311 472 -249 -15 1
! 715 -4539 0 sims=333952 RUNNER
! 16613 -1135 0 sims=333952 BLOCKER
> 3053 4915 -86 228 51 0
> 7241 1185 -26 -45 26 1
> 8341 1855 -28 -28 -140 2
> 8698 4062 401 -211 -33 1
! 86920 59378 200
! 97120 45022 200
> 3053 4915 -86 228 51 0
> 7241 1185 -26 -45 26 1
> 8341 1855 -28 -28 -140 2
> 8698 4062 401 -211 -33 1
! -931 -1891 0 sims=319240 RUNNER
! 18357 1474 0 sims=319240 BLOCKER
> 3135 5252 69 286 33 0
> 7395 1228 130 36 26 1
> 8313 1827 -23 -23 -158 2
> 9099 3851 340 -179 -15 1
! 99727 31133 0
! 79328 70693 200
> 3135 5252 69 286 33 0
> 7395 1228 130 36 26 1
> 8313 1827 -23 -23 -158 2
> 9099 3851 340 -179 -15 1
! -959 -1919 200 sims=314896 RUNNER
! 17486 -1595 0 sims=314896 BLOCKER
> 3204 5538 58 243 15 0
> 7458 1258 -154 -116 44 1
> 8316 1874 209 182 -158 2
> 9439 3672 289 -152 -33 1
! 103066 304 200
! 97337 45095 200
> 3204 5538 58 243 15 0
> 7458 1258 -154 -116 44 1
> 8316 1874 209 182 -158 2
> 9439 3672 289 -152 -33 1
! 656 -4554 200 sims=323896 RUNNER
! 19098 1084 0 sims=323896 BLOCKER
> 3462 5771 219 197 -3 0
> 7484 1230 21 -24 26 1
> 8372 1927 47 45 -140 2
> 9728 3520 245 -129 -15 1
! 103324 537 200
! 79417 70695 200
> 3462 5771 219 197 -3 0
> 7484 1230 21 -24 26 1
> 8372 1927 47 45 -140 2
> 9728 3520 245 -129 -15 1
! 712 -4501 200 sims=320960 RUNNER
! 18115 -1926 0 sims=320960 BLOCKER
> 3881 5958 355 158 -3 0
> 7644 1341 -81 -81 44 1
> 8271 1848 131 108 -140 2
> 9973 3391 208 -109 -33 1
! 97238 -29878 200
! 79577 70806 200
> 3881 5958 355 158 -3 0
> 7644 1341 -81 -81 44 1
> 8271 1848 131 108 -140 2
> 9973 3391 208 -109 -33 1
! 611 -4580 200 sims=326256 RUNNER
! 19632 803 0 sims=326256 BLOCKER
> 4423 6044 460 73 -21 0
> 7576 1293 -64 -45 44 1
> 8379 1933 98 77 -140 2
> 10181 3282 176 -92 -15 1
! 82137 -56888 200
! 79509 70758 200
> 4423 6044 460 73 -21 0
> 7576 1293 -64 -45 44 1
> 8379 1933 98 77 -140 2
> 10181 3282 176 -92 -15 1
! 719 -4495 200 sims=324736 RUNNER
! 18568 -2164 0 sims=324736 BLOCKER
> 5038 5991 523 -44 -39 0
> 7656 1387 67 79 44 1
> 8324 1881 -46 -43 -140 2
> 10357 3190 149 -78 -33 1
! 82752 -56941 200
! 79589 70852 200
> 5038 5991 523 -44 -39 0
> 7656 1387 67 79 44 1
> 8324 1881 -46 -43 -140 2
> 10357 3190 149 -78 -33 1
! -948 -1865 0 sims=325792 RUNNER
! 20016 602 0 sims=325792 BLOCKER
> 5716 5821 576 -144 -39 0
> 7600 1410 -68 4 44 1
> 8545 2033 208 144 -158 2
> 10506 3112 126 -66 -15 1
! 99074 -30015 200
! 97479 45247 0
> 5716 5821 576 -144 -39 0
> 7600 1410 -68 4 44 1
> 8545 2033 208 144 -158 2
> 10506 3112 126 -66 -15 1
! 885 -4395 200 sims=335592 RUNNER
! 18893 -2334 0 sims=335592 BLOCKER
> 6479 5605 648 -183 -21 0
> 7532 1414 -57 3 26 1
> 8600 2048 46 13 -140 2
> 10632 3046 107 -56 -33 1
! 84193 -57327 200
! 97411 45251 200
> 6479 5605 648 -183 -21 0
> 7532 1414 -57 3 26 1
> 8600 2048 46 13 -140 2
> 10632 3046 107 -56 -33 1
! -672 -1698 200 sims=321016 RUNNER
! 20291 458 0 sims=321016 BLOCKER
> 7282 5296 682 -262 -39 0
> 7655 1505 104 77 26 1
> 8461 1986 -118 -52 -158 2
> 10739 2990 90 -47 -15 1
! 100640 -30540 200
! 97534 45342 200
> 7282 5296 682 -262 -39 0
> 7655 1505 104 77 26 1
> 8461 1986 -118 -52 -158 2
> 10739 2990 90 -47 -15 1
! 801 -4442 0 sims=309096 RUNNER
! 20725 3513 0 sims=309096 BLOCKER
> 8151 4962 738 -283 -21 0
> 7668 1505 -90 -61 26 1
> 8614 2099 230 156 -140 2
> 10829 2943 76 -39 3 1
! 85865 -57970 200
! 79601 70970 0
> 8151 4962 738 -283 -21 0
> 7668 1505 -90 -61 26 1
> 8614 2099 230 156 -140 2
> 10829 2943 76 -39 3 1
! -658 -1647 200 sims=315232 RUNNER
! 20165 6527 0 sims=315232 BLOCKER
> 9044 4553 759 -347 -39 0
> 7578 1444 -76 -51 44 1
> 8659 2180 37 68 -158 2
> 10905 2904 64 -33 21 1
! 63507 -79314 200
! 79511 70909 200
> 9044 4553 759 -347 -39 0
> 7578 1444 -76 -51 44 1
> 8659 2180 37 68 -158 2
> 10905 2904 64 -33 21 1
! 999 -4248 200 sims=311872 RUNNER
! 18676 9197 0 sims=311872 BLOCKER
> 9912 4038 737 -437 -57 0
> 7646 1532 57 74 44 1
> 8543 2119 -98 -51 -140 2
> 10969 2871 54 -28 39 1
! 35793 -92554 0
! 97525 45369 200
> 9912 4038 737 -437 -57 0
> 7646 1532 57 74 44 1
> 8543 2119 -98 -51 -140 2
> 10969 2871 54 -28 39 1
! 883 -4309 200 sims=302416 RUNNER
! 16415 11258 0 sims=302416 BLOCKER
> 10649 3601 626 -371 -75 0
> 7611 1520 -224 -135 26 1
> 8564 2113 212 119 -140 2
> 11023 2843 45 -23 57 1
! 36530 -92991 SHIELD
! 97490 45357 200
> 10649 3601 626 -371 -75 0
> 7611 1520 -224 -135 26 1
> 8564 2113 212 119 -140 2
> 11023 2843 45 -23 57 1
! -708 -1633 200 sims=335720 RUNNER
! 16469 11230 SHIELD sims=335720 BLOCKER
> 11066 3696 339 115 -75 0
> 7567 1473 -37 -40 26 1
> 8591 2157 22 37 -158 2
> 11277 2354 231 -450 57 1
! 65529 -80171 0
! 79500 70938 200
> 11066 3696 339 115 -75 0
> 7567 1473 -37 -40 26 1
> 8591 2157 22 37 -158 2
> 11277 2354 231 -450 57 1
! 931 -4271 200 sims=317696 RUNNER
! 13865 12013 0 sims=317696 BLOCKER
> 11405 3811 288 97 -57 0
> 7674 1572 90 84 44 1
> 8460 2065 -111 -77 -140 2
> 11508 1904 196 -382 75 1
! 89119 -59121 0
! 97553 45409 200
> 11405 3811 288 97 -57 0
> 7674 1572 90 84 44 1
> 8460 2065 -111 -77 -140 2
> 11508 1904 196 -382 75 1
! -812 -1681 0 sims=260496 RUNNER
! 10985 11890 0 sims=260496 BLOCKER
> 11693 3908 244 82 -39 0
> 7666 1571 -98 -58 26 1
> 8626 2161 233 138 -158 2
> 11704 1522 166 -324 93 1
! 66156 -79959 0
! 79599 71036 0
> 11693 3908 244 82 -39 0
> 7666 1571 -98 -58 26 1
> 8626 2161 233 138 -158 2
> 11704 1522 166 -324 93 1
! 966 -4267 200 sims=340512 RUNNER
! 8120 10858 0 sims=340512 BLOCKER
> 11937 3990 207 69 -57 0
> 7568 1513 -83 -49 44 1
> 8706 2170 67 8 -140 2
> 11870 1198 141 -275 111 1
! 37818 -92602 200
! 97447 45350 200
> 11937 3990 207 69 -57 0
> 7568 1513 -83 -49 44 1
> 8706 2170 67 8 -140 2
> 11870 1198 141 -275 111 1
! 1046 -4258 200 sims=318728 RUNNER
! 11347 11184 200 sims=318728 BLOCKER
> 12196 3866 219 -105 -75 0
> 7665 1552 82 32 26 1
> 8620 2049 -73 -102 -140 2
> 12001 1123 110 -63 93 1
! 6962 -95996 200
! 97544 45389 200
> 12196 3866 219 -105 -75 0
> 7665 1552 82 32 26 1
> 8620 2049 -73 -102 -140 2
> 12001 1123 110 -63 93 1
! -652 -1697 200 sims=306248 RUNNER
! 14589 10782 200 sims=306248 BLOCKER
> 12405 3561 177 -259 -93 0
> 7640 1527 -231 -126 26 1
> 8649 2017 234 78 -158 2
> 12163 1253 137 110 75 1
! 7171 -96301 200
! 97519 45364 200
> 12405 3561 177 -259 -93 0
> 7640 1527 -231 -126 26 1
> 8649 2017 234 78 -158 2
> 12163 1253 137 110 75 1
! -623 -1729 200 sims=308936 RUNNER
! 11640 11239 0 sims=308936 BLOCKER
> 12572 3102 141 -389 -93 0
> 7589 1489 -43 -32 26 1
> 8698 2020 41 2 -158 2
> 12300 1363 116 93 93 1
! 38453 -93490 200
! 97468 45326 200
> 12572 3102 141 -389 -93 0
> 7589 1489 -43 -32 26 1
> 8698 2020 41 2 -158 2
> 12300 1363 116 93 93 1
! -574 -1726 200 sims=302960 RUNNER
! 8716 10699 200 sims=302960 BLOCKER
> 12765 2520 163 -494 -75 0
> 7726 1545 116 47 26 1
> 8554 1947 -122 -61 -158 2
> 12344 1643 37 237 111 1
! 7531 -97342 0
! 79659 71010 SHIELD
> 12765 2520 163 -494 -75 0
> 7726 1545 116 47 26 1
> 8554 1947 -122 -61 -158 2
> 12344 1643 37 237 111 1
! 894 -4481 0 sims=300976 RUNNER
! 6051 9414 200 sims=300976 BLOCKER
> 13170 2338 423 -53 -93 1
> 7819 1581 62 22 44 1
> 8662 1999 258 125 -140 2
> 12013 1724 -359 -32 129 1
! 39051 -94254 0
! 97698 45418 0
> 13170 2338 423 -53 -93 1
> 7819 1581 62 22 44 1
> 8662 1999 258 125 -140 2
> 12013 1724 -359 -32 129 1
! 1002 -4429 200 sims=323760 RUNNER
! 5720 9495 200 sims=323760 BLOCKER
