@ 0 reCurse
@ 1 YurkovAS
CP 3
CP 11469 6070
CP 9073 1861
CP 5004 5235
> 11034 6317 0 0 -1 1
> 11904 5823 0 0 -1 1
> 10165 6812 0 0 -1 1
> 12773 5328 0 0 -1 1
! -29246 -85211 200
! -18245 -89523 200
> 11034 6317 0 0 -1 1
> 11904 5823 0 0 -1 1
> 10165 6812 0 0 -1 1
> 12773 5328 0 0 -1 1
! 11557 -3091 BOOST sims=284688 RUNNER
! 3944 633 BOOST sims=284688 BLOCKER
> 11060 6105 -229 -2 -114 1
> 11768 5711 176 -214 -108 1
> 10140 6202 -162 -477 -82 1
> 12284 4939 -315 -429 -152 1
! 607 -93347 200
! -47010 -75190 200
> 11060 6105 -229 -2 -114 1
> 11768 5711 176 -214 -108 1
> 10140 6202 -162 -477 -82 1
> 12284 4939 -315 -429 -152 1
! 8404 -3646 200 sims=289976 RUNNER
! 2436 3203 0 sims=289976 BLOCKER
> 10810 5904 -212 -170 -96 1
> 11828 5334 50 -320 -126 1
> 9943 5528 -167 -572 -100 1
> 11969 4510 -267 -364 -170 1
! 31601 -91910 200
! -46950 -75567 200
> 10810 5904 -212 -170 -96 1
> 11828 5334 50 -320 -126 1
> 9943 5528 -167 -572 -100 1
> 11969 4510 -267 -364 -170 1
! 11335 -4375 0 sims=316528 RUNNER
! 2066 5902 0 sims=316528 BLOCKER
> 10640 5538 -144 -310 -78 1
> 11744 4994 -75 -249 -126 1
> 9776 4956 -141 -486 -82 1
> 11718 4004 -208 -469 -188 1
! 187 -93914 200
! -69157 -53784 200
> 10640 5538 -144 -310 -78 1
> 11744 4994 -75 -249 -126 1
> 9776 4956 -141 -486 -82 1
> 11718 4004 -208 -469 -188 1
! 11168 -4947 200 sims=322608 RUNNER
! 2730 8388 200 sims=322608 BLOCKER
> 10475 5029 -140 -432 -96 1
> 11507 4627 -201 -311 -144 1
> 9663 4272 -96 -581 -82 1
> 11330 3623 -329 -324 -206 1
! -30198 -86325 200
! -47271 -76274 200
> 10475 5029 -140 -432 -96 1
> 11507 4627 -201 -311 -144 1
> 9663 4272 -96 -581 -82 1
> 11330 3623 -329 -324 -206 1
! 11055 -5631 200 sims=290952 RUNNER
! 4137 10570 200 sims=290952 BLOCKER
> 10254 4414 -188 -522 -114 1
> 11193 4165 -195 -230 -126 1
> 9595 3493 -57 -662 -82 1
> 10852 3427 -477 -328 -224 1
! -198 -95038 200
! -69708 -54613 200
> 10254 4414 -188 -522 -114 1
> 11193 4165 -195 -230 -126 1
> 9595 3493 -57 -662 -82 1
> 10852 3427 -477 -328 -224 1
! 7859 -6355 200 sims=300808 RUNNER
! 6157 12256 200 sims=300808 BLOCKER
> 9935 3912 -398 -171 -96 1
> 10898 3933 -240 -178 -144 1
> 9503 2634 -77 -730 -100 1
> 10329 2941 -326 -687 118 1
! 30726 -93902 200
! -47880 -76968 200
> 9935 3912 -398 -171 -96 1
> 10898 3933 -240 -178 -144 1
> 9503 2634 -77 -730 -100 1
> 10329 2941 -326 -687 118 1
! 7767 -7214 SHIELD sims=371864 RUNNER
! 5634 11770 200 sims=371864 BLOCKER
> 9579 3545 -302 -311 -78 1
> 10540 3593 -303 -288 -126 1
> 9407 1893 -91 -634 -100 2
> 10103 2538 -95 -288 118 1
! 30370 -94269 200
! -48238 -77308 200
> 9579 3545 -302 -311 -78 1
> 10540 3593 -303 -288 -126 1
> 9407 1893 -91 -634 -100 2
> 10103 2538 -95 -288 118 1
! 4712 -6936 0 sims=319384 RUNNER
! 2910 9485 200 sims=319384 BLOCKER
> 9319 3038 -221 -430 -78 1
> 10121 3147 -263 -106 -126 1
> 9316 1259 -77 -538 -118 2
> 9863 2385 -296 -402 136 1
! -1133 -96414 SHIELD
! -70780 -55631 0
> 9319 3038 -221 -430 -78 1
> 10121 3147 -263 -106 -126 1
> 9316 1259 -77 -538 -118 2
> 9863 2385 -296 -402 136 1
! 2123 -5688 0 sims=370208 RUNNER
! 875 6769 200 sims=370208 BLOCKER
> 9076 2636 -211 -335 -96 1
> 9858 3041 -223 -90 -144 1
> 9239 721 -65 -457 -136 2
> 9610 1786 -167 -569 154 2
! -31597 -88718 0
! -85247 -27860 0
> 9076 2636 -211 -335 -96 1
> 9858 3041 -223 -90 -144 1
> 9239 721 -65 -457 -136 2
> 9610 1786 -167 -569 154 2
! 251 -3663 0 sims=377272 RUNNER
! -293 3178 200 sims=377272 BLOCKER
> 8865 2301 -179 -284 -114 2
> 9635 2951 -189 -76 -162 1
> 9174 264 -55 -388 -154 2
> 9245 1245 -310 -459 172 2
! -58048 -72013 0
! -90365 2951 0
> 8865 2301 -179 -284 -114 2
> 9635 2951 -189 -76 -162 1
> 9174 264 -55 -388 -154 2
> 9245 1245 -310 -459 172 2
! -729 -1128 0 sims=408640 RUNNER
! 257 5629 0 sims=408640 BLOCKER
> 8686 2017 -152 -241 -132 2
> 9446 2875 -160 -64 -180 1
> 9119 -124 -46 -329 -172 2
> 8935 786 -263 -390 154 2
! -77916 -47982 0
! -85659 33776 0
> 8686 2017 -152 -241 -132 2
> 9446 2875 -160 -64 -180 1
> 9119 -124 -46 -329 -172 2
> 8935 786 -263 -390 154 2
! -729 1612 200 sims=392464 RUNNER
! 1742 7733 0 sims=392464 BLOCKER
> 8534 1776 -129 -204 -150 2
> 9286 2811 -136 -54 162 1
> 8876 -418 -206 -250 -190 2
> 8672 396 -223 -331 136 2
! -89280 -19015 0
! -85819 33712 0
> 8534 1776 -129 -204 -150 2
> 9286 2811 -136 -54 162 1
> 8876 -418 -206 -250 -190 2
> 8672 396 -223 -331 136 2
! 47 4277 200 sims=398840 RUNNER
! 1479 7343 200 sims=398840 BLOCKER
> 8405 1572 -109 -173 -168 2
> 9150 2757 -115 -45 162 1
> 8493 -574 -325 -132 -208 2
> 8305 204 -311 -163 136 2
! -91047 12024 200
! -90850 2757 200
> 8405 1572 -109 -173 -168 2
> 9150 2757 -115 -45 162 1
> 8493 -574 -325 -132 -208 2
> 8305 204 -311 -163 136 2
! 1546 6619 200 sims=411736 RUNNER
! -683 4588 200 sims=411736 BLOCKER
> 8097 1420 -261 -129 174 2
> 8835 2712 -267 -38 180 1
> 8066 -716 -362 -121 134 2
> 7777 283 -448 67 154 2
! -83257 42093 0
! -91165 2712 200
> 8097 1420 -261 -129 174 2
> 8835 2712 -267 -38 180 1
> 8066 -716 -362 -121 134 2
> 7777 283 -448 67 154 2
! 3682 8272 0 sims=365408 BLOCKER
! 584 7230 200 sims=365408 RUNNER
> 7836 1291 -221 -109 156 2
> 8368 2674 -396 -32 180 1
> 7704 -837 -307 -102 116 2
> 7185 489 -503 175 136 2
! -66478 68204 200
! -86737 33575 200
> 7836 1291 -221 -109 156 2
> 8368 2674 -396 -32 180 1
> 7704 -837 -307 -102 116 2
> 7185 489 -503 175 136 2
! 6312 9066 200 sims=433504 BLOCKER
! 2490 9318 0 sims=433504 RUNNER
> 7466 1316 -314 21 138 2
> 7782 2704 -498 25 162 1
> 7369 -741 -284 81 98 2
> 6682 664 -427 148 118 2
! -42533 87918 0
! -92218 2704 0
> 7466 1316 -314 21 138 2
> 7782 2704 -498 25 162 1
> 7369 -741 -284 81 98 2
> 6682 664 -427 148 118 2
! 2985 8247 0 sims=376720 BLOCKER
! 4946 10512 200 sims=376720 RUNNER
> 7152 1337 -266 17 120 2
> 7284 2729 -423 21 180 1
> 7085 -660 -241 68 116 2
> 6220 1009 -392 293 100 2
! -42847 87939 0
! -87821 -28172 200
> 7152 1337 -266 17 120 2
> 7284 2729 -423 21 180 1
> 7085 -660 -241 68 116 2
> 6220 1009 -392 293 100 2
! 5693 9243 200 sims=371480 BLOCKER
! 7612 10912 0 sims=371480 RUNNER
> 6886 1354 -226 14 120 2
> 6671 2688 -521 -34 -162 1
> 6816 -394 -228 226 98 2
> 5828 1302 -333 249 82 2
! -13905 99168 200
! -74230 -56090 0
> 6886 1354 -226 14 120 2
> 6671 2688 -521 -34 -162 1
> 6816 -394 -228 226 98 2
> 5828 1302 -333 249 82 2
! 8552 9454 200 sims=411232 BLOCKER
! 10212 10290 0 sims=411232 RUNNER
> 6618 1564 -227 178 102 2
> 6150 2654 -442 -28 -144 1
> 6623 29 -164 359 80 2
> 5495 1551 -283 211 64 2
! 17070 101016 200
! -52628 -78247 200
> 6618 1564 -227 178 102 2
> 6150 2654 -442 -28 -144 1
> 6623 29 -164 359 80 2
> 5495 1551 -283 211 64 2
! 11318 8858 200 sims=404608 BLOCKER
! 9879 10539 200 sims=404608 RUNNER
> 6412 1941 -175 320 84 2
> 5691 2640 -185 343 -126 1
> 6553 565 -59 455 62 2
> 5199 1766 -455 -172 64 2
! 16864 101393 0
! -53087 -78261 200
> 6412 1941 -175 320 84 2
> 5691 2640 -185 343 -126 1
> 6553 565 -59 455 62 2
> 5199 1766 -455 -172 64 2
! 13746 7512 200 sims=378680 BLOCKER
! 12146 8959 200 sims=378680 RUNNER
> 6237 2261 -148 272 84 2
> 5388 2821 -257 154 -126 1
> 6638 1159 72 504 44 2
> 4883 1738 -268 -23 46 2
! -14554 100075 200
! -25513 -92284 200
> 6237 2261 -148 272 84 2
> 5388 2821 -257 154 -126 1
> 6638 1159 72 504 44 2
> 4883 1738 -268 -23 46 2
! 11333 9988 0 sims=416936 RUNNER
! 13712 6433 200 sims=416936 BLOCKER
> 6047 2729 -161 397 102 2
> 5069 2785 -270 -30 -108 1
> 6710 1663 61 428 62 2
> 4792 1809 -77 60 28 2
! -43952 89331 200
! 5068 -97215 200
> 6047 2729 -161 397 102 2
> 5069 2785 -270 -30 -108 1
> 6710 1663 61 428 62 2
> 4792 1809 -77 60 28 2
! 8446 11511 0 sims=423768 RUNNER
! 14640 3545 200 sims=423768 BLOCKER
> 5786 3299 -221 484 120 2
> 4812 2714 -205 104 -90 1
> 6771 2091 51 363 80 2
> 4899 1745 78 -219 10 2
! -15005 101113 200
! 35713 -92391 0
> 5786 3299 -221 484 120 2
> 4812 2714 -205 104 -90 1
> 6771 2091 51 363 80 2
> 4899 1745 78 -219 10 2
! 5379 11994 0 sims=449496 RUNNER
! 13728 6440 200 sims=449496 BLOCKER
> 5523 3979 -223 577 102 2
> 4607 2818 -174 88 -72 1
> 6822 2454 43 308 98 2
> 5154 1620 216 -106 28 2
! 15975 103431 200
! 63385 -78083 0
> 5523 3979 -223 577 102 2
> 4607 2818 -174 88 -72 1
> 6822 2454 43 308 98 2
> 5154 1620 216 -106 28 2
! 2438 11442 0 sims=431360 RUNNER
! 12101 8813 200 sims=431360 BLOCKER
> 5321 4755 -171 659 84 0
> 4433 2906 -147 74 -54 1
> 6865 2762 36 261 116 2
> 5509 1658 301 32 46 2
! 45994 96109 0
! 85334 -55872 200
> 5321 4755 -171 659 84 0
> 4433 2906 -147 74 -54 1
> 6865 2762 36 261 116 2
> 5509 1658 301 32 46 2
! -82 9955 200 sims=451248 RUNNER
! 12456 8851 200 sims=451248 BLOCKER
> 5150 5414 -145 560 66 0
> 4448 2862 12 -37 -36 1
> 6762 3167 -87 344 134 2
> 5949 1834 373 149 46 2
! 72063 79728 0
! 99553 -28039 200
> 5150 5414 -145 560 66 0
> 4448 2862 12 -37 -36 1
> 6762 3167 -87 344 134 2
> 5949 1834 373 149 46 2
! -2067 7862 200 sims=451496 RUNNER
! 12896 9027 200 sims=451496 BLOCKER
> 5005 5974 -123 476 48 0
> 4650 2763 171 -83 -18 1
> 6498 3605 -224 372 152 2
> 6461 2127 435 248 46 2
! 91607 55973 0
! 104650 2762 200
> 5005 5974 -123 476 48 0
> 4650 2763 171 -83 -18 1
> 6498 3605 -224 372 152 2
> 6461 2127 435 248 46 2
! -449 10798 0 sims=441384 RUNNER
! 13408 9320 200 sims=441384 BLOCKER
> 4882 6450 -104 404 30 0
> 5021 2680 315 -70 0 1
> 6274 3977 -190 316 134 2
> 7035 2519 487 333 46 2
! 102696 27241 200
! 100126 33581 200
> 4882 6450 -104 404 30 0
> 5021 2680 315 -70 0 1
> 6274 3977 -190 316 134 2
> 7035 2519 487 333 46 2
! 1890 12965 200 sims=383168 RUNNER
! 15864 7214 0 sims=383168 BLOCKER
> 4974 6896 77 378 12 0
> 5526 2672 429 -6 18 1
> 5996 4473 -236 421 116 2
> 7522 2852 413 283 28 2
! 104426 -3556 200
! 86427 61450 200
> 4974 6896 77 378 12 0
> 5526 2672 429 -6 18 1
> 5996 4473 -236 421 116 2
> 7522 2852 413 283 28 2
! 4604 14376 0 sims=439592 RUNNER
! 14469 10045 0 sims=439592 BLOCKER
> 5250 7253 234 303 -6 0
> 6117 2784 502 94 36 1
> 5760 4894 -200 357 98 2
> 7935 3135 351 240 46 2
! 96604 -33420 200
! 64895 83685 200
> 5250 7253 234 303 -6 0
> 6117 2784 502 94 36 1
> 5760 4894 -200 357 98 2
> 7935 3135 351 240 46 2
! 7496 14742 0 sims=418960 RUNNER
! 12319 12123 0 sims=418960 BLOCKER
> 5667 7475 354 188 -24 0
> 6737 3040 526 217 54 1
> 5560 5251 -170 303 80 0
> 8286 3375 298 204 64 2
! 79981 -59438 200
! 65515 83941 200
> 5667 7475 354 188 -24 0
> 6737 3040 526 217 54 1
> 5560 5251 -170 303 80 0
> 8286 3375 298 204 64 2
! 10255 14080 200 sims=425128 RUNNER
! 9678 13278 200 sims=425128 BLOCKER
> 6170 7529 427 46 -42 0
> 7381 3419 547 321 54 1
> 5484 5731 -64 407 62 0
> 8612 3777 276 341 82 2
! 97524 -33144 200
! 66159 84320 200
> 6170 7529 427 46 -42 0
> 7381 3419 547 321 54 1
> 5484 5731 -64 407 62 0
> 8612 3777 276 341 82 2
! 12677 12678 0 sims=372344 RUNNER
! 6876 13625 0 sims=372344 BLOCKER
> 6780 7494 518 -30 -24 0
> 8046 3902 564 410 54 1
> 5420 6138 -54 345 44 0
> 8888 4118 234 289 100 2
! 81094 -59419 200
! 38947 99007 SHIELD
> 6780 7494 518 -30 -24 0
> 8046 3902 564 410 54 1
> 5420 6138 -54 345 44 0
> 8888 4118 234 289 100 2
! 14408 10522 200 sims=406144 RUNNER
! 4193 12947 200 sims=406144 BLOCKER
> 7447 7330 566 -139 -42 0
> 8554 4295 421 331 72 1
> 5546 6571 106 367 26 0
> 9590 4749 698 566 118 2
! 98801 -33343 200
! 8554 104295 0
> 7447 7330 566 -139 -42 0
> 8554 4295 421 331 72 1
> 5546 6571 106 367 26 0
> 9590 4749 698 566 118 2
! 15449 7963 200 sims=359208 RUNNER
! 2397 11696 0 sims=359208 BLOCKER
> 8196 7110 636 -187 -24 0
> 8975 4626 357 281 90 1
> 5850 6966 258 335 8 0
> 10288 5315 593 481 136 2
! 82510 -59803 200
! -21926 99731 0
> 8196 7110 636 -187 -24 0
> 8975 4626 357 281 90 1
> 5850 6966 258 335 8 0
> 10288 5315 593 481 136 2
! 15698 5230 200 sims=370496 RUNNER
! 1300 9699 200 sims=370496 BLOCKER
> 8981 6789 666 -272 -42 0
> 9332 4907 303 238 108 1
> 6305 7266 386 255 -10 0
> 10701 5884 351 483 154 2
! 58980 -79813 0
! 9332 104907 0
> 8981 6789 666 -272 -42 0
> 9332 4907 303 238 108 1
> 6305 7266 386 255 -10 0
> 10701 5884 351 483 154 2
! 15134 2571 200 sims=364576 RUNNER
! 798 7276 200 sims=364576 BLOCKER
> 9647 6517 566 -231 -60 0
> 9635 5145 257 202 90 1
> 6868 7427 478 136 -28 0
> 10854 6395 130 434 172 2
! 59646 -80085 200
! 40536 100250 0
> 9647 6517 566 -231 -60 0
> 9635 5145 257 202 90 1
> 6868 7427 478 136 -28 0
> 10854 6395 130 434 172 2
! 13815 234 200 sims=344656 RUNNER
! 1006 4659 200 sims=344656 BLOCKER
> 10313 6113 566 -343 -60 0
> 9892 5347 218 171 72 1
> 7485 7419 524 -6 -46 0
> 10787 6794 -56 339 190 2
! 31104 -91701 0
! 9892 105347 0
> 10313 6113 566 -343 -60 0
> 9892 5347 218 171 72 1
> 7485 7419 524 -6 -46 0
> 10787 6794 -56 339 190 2
! 16314 2724 0 sims=379704 RUNNER
! 1958 2099 200 sims=379704 BLOCKER
> 10964 5863 591 -171 -78 1
> 10025 5425 75 24 90 1
> 8009 7413 445 -5 -28 0
> 10554 7039 -197 208 208 2
! 511 -93589 0
! 40926 100530 0
> 10964 5863 591 -171 -78 1
> 10025 5425 75 24 90 1
> 8009 7413 445 -5 -28 0
> 10554 7039 -197 208 208 2
! 14956 220 0 sims=381264 RUNNER
! 3607 -154 200 sims=381264 BLOCKER
> 11555 5692 502 -145 -96 1
> 10100 5449 63 20 72 1
> 8454 7408 378 -4 -46 0
> 10218 7103 -285 54 -134 2
! -29118 -85662 200
! 10100 105449 200
> 11555 5692 502 -145 -96 1
> 10100 5449 63 20 72 1
> 8454 7408 378 -4 -46 0
> 10218 7103 -285 54 -134 2
! 12838 -1580 0 sims=429040 RUNNER
! 5834 -1885 200 sims=429040 BLOCKER
> 11976 5364 357 -278 -114 1
> 10163 5669 53 187 90 1
> 8832 7404 321 -3 -64 0
> 9845 6977 -316 -106 -116 2
! -54937 -68950 200
! -20738 100774 200
> 11976 5364 357 -278 -114 1
> 10163 5669 53 187 90 1
> 8832 7404 321 -3 -64 0
> 9845 6977 -316 -106 -116 2
! 10224 -2499 0 sims=424832 RUNNER
! 8453 -2926 200 sims=424832 BLOCKER
> 12199 4937 189 -362 -132 1
> 10154 6046 -7 320 108 1
> 9153 7401 272 -2 -82 0
> 9501 6673 -292 -258 -98 2
! -74403 -45062 BOOST
! -48624 86947 0
> 12199 4937 189 -362 -132 1
> 10154 6046 -7 320 108 1
> 9153 7401 272 -2 -82 0
> 9501 6673 -292 -258 -98 2
! 13537 -1587 200 sims=370064 RUNNER
! 11237 -3175 200 sims=370064 BLOCKER
> 11825 4250 -317 -583 -150 1
> 10147 6366 -5 272 126 1
> 9513 7219 305 -154 -64 0
> 9244 6218 -218 -386 -80 2
! -85989 -16541 200
! -48631 87267 0
> 11825 4250 -317 -583 -150 1
> 10147 6366 -5 272 126 1
> 9513 7219 305 -154 -64 0
> 9244 6218 -218 -386 -80 2
! 13897 -1769 SHIELD sims=425312 RUNNER
! 7852 -3685 0 sims=425312 BLOCKER
> 11312 3625 -435 -530 -168 1
> 10430 6254 483 -420 126 1
> 9789 7103 210 -65 -64 0
> 9026 5832 -185 -328 -98 2
! -88140 14077 200
! -48348 87155 200
> 11312 3625 -435 -530 -168 1
> 10430 6254 483 -420 126 1
> 9789 7103 210 -65 -64 0
> 9026 5832 -185 -328 -98 2
! 16736 -90 0 sims=305072 RUNNER
! 4642 -3156 0 sims=305072 BLOCKER
> 10678 3116 -538 -432 174 1
> 10795 5996 310 -219 126 1
> 9999 7038 178 -55 -46 0
> 8841 5504 -157 -278 -116 2
! -88774 13568 200
! -70106 64774 200
> 10678 3116 -538 -432 174 1
> 10795 5996 310 -219 126 1
> 9999 7038 178 -55 -46 0
> 8841 5504 -157 -278 -116 2
! 14383 -1950 0 sims=398120 RUNNER
! 1894 -1689 0 sims=398120 BLOCKER
> 9941 2705 -626 -349 174 1
> 10943 5895 125 -86 144 1
> 10177 6983 151 -46 -64 0
> 8684 5226 -133 -236 -134 2
! -81413 43378 0
! -47835 86796 200
> 9941 2705 -626 -349 174 1
> 10943 5895 125 -86 144 1
> 10177 6983 151 -46 -64 0
> 8684 5226 -133 -236 -134 2
! 14561 -2005 0 sims=380536 RUNNER
! -145 531 200 sims=380536 BLOCKER
> 9315 2356 -532 -296 156 2
> 10950 5971 6 64 126 1
> 10328 6937 128 -39 -64 0
> 8374 4896 -263 -280 -152 2
! -82039 43029 0
! -47828 86872 200
> 9315 2356 -532 -296 156 2
> 10950 5971 6 64 126 1
> 10328 6937 128 -39 -64 0
> 8374 4896 -263 -280 -152 2
! 14712 -2051 200 sims=347656 RUNNER
! -1474 3160 0 sims=347656 BLOCKER
> 8783 2060 -452 -251 156 2
> 10943 6025 147 -207 126 1
> 10439 6890 -58 213 -64 0
> 8111 4616 -223 -238 -170 2
! -65531 68973 200
! -19958 101130 200
> 8783 2060 -452 -251 156 2
> 10943 6025 147 -207 126 1
> 10439 6890 -58 213 -64 0
> 8111 4616 -223 -238 -170 2
! 17386 -303 200 sims=410568 RUNNER
! -718 -79 0 sims=410568 BLOCKER
> 8182 1943 -510 -99 138 2
> 11028 6008 72 -14 108 1
> 10520 6959 68 58 -46 0
> 7888 4378 -189 -202 -152 2
! -41817 88545 0
! -19873 101113 200
> 8182 1943 -510 -99 138 2
> 11028 6008 72 -14 108 1
> 10520 6959 68 58 -46 0
> 7888 4378 -189 -202 -152 2
! 14904 -2029 200 sims=375920 RUNNER
! -1960 2642 0 sims=375920 BLOCKER
> 7672 1844 -433 -84 120 2
> 11064 6138 144 -96 108 1
> 10650 6884 -3 143 -64 0
> 7699 4176 -160 -171 -170 2
! -13119 99658 0
! -47714 87039 200
> 7672 1844 -433 -84 120 2
> 11064 6138 144 -96 108 1
> 10650 6884 -3 143 -64 0
> 7699 4176 -160 -171 -170 2
! 15034 -2104 200 sims=375400 RUNNER
! -1130 -519 200 sims=375400 BLOCKER
> 7239 1760 -368 -71 102 2
> 11138 6118 96 -77 126 1
> 10687 6933 -1 101 -64 0
> 7362 3911 -286 -225 -152 2
! 17691 101212 200
! -19763 101223 200
> 7239 1760 -368 -71 102 2
> 11138 6118 96 -77 126 1
> 10687 6933 -1 101 -64 0
> 7362 3911 -286 -225 -152 2
! 15071 -2055 200 sims=345600 RUNNER
! 415 -3282 0 sims=345600 BLOCKER
> 6892 1888 -295 108 84 2
> 11208 6173 124 -60 108 1
> 10738 6913 -21 89 -64 0
> 7076 3686 -243 -191 -134 2
! -13899 99702 0
! -47570 87074 200
> 6892 1888 -295 108 84 2
> 11208 6173 124 -60 108 1
> 10738 6913 -21 89 -64 0
> 7076 3686 -243 -191 -134 2
! 15122 -2075 200 sims=318128 RUNNER
! 2692 -5302 200 sims=318128 BLOCKER
> 6597 1996 -250 91 102 2
> 11288 6166 108 -66 126 1
> 10732 6931 -46 75 -64 0
> 6745 3315 -281 -315 -116 2
! -43402 88598 200
! -47490 87067 200
> 6597 1996 -250 91 102 2
> 11288 6166 108 -66 126 1
> 10732 6931 -46 75 -64 0
> 6745 3315 -281 -315 -116 2
! 17679 -262 200 sims=355504 RUNNER
! -202 -3878 0 sims=355504 BLOCKER
> 6239 2232 -419 -217 120 2
> 11310 6219 102 -66 126 1
> 10793 6905 -31 88 -46 0
> 6472 3028 -116 174 -134 2
! -14552 100046 0
! -47468 87120 200
> 6239 2232 -419 -217 120 2
> 11310 6219 102 -66 126 1
> 10793 6905 -31 88 -46 0
> 6472 3028 -116 174 -134 2
! 15177 -2083 200 sims=337488 RUNNER
! -2357 -1667 0 sims=337488 BLOCKER
> 5820 2015 -356 -184 102 2
> 11387 6197 100 -62 126 1
> 10757 6931 -65 66 -64 0
> 6356 3202 -98 147 -152 2
! 16272 101467 200
! -69514 64975 200
> 5820 2015 -356 -184 102 2
> 11387 6197 100 -62 126 1
> 10757 6931 -65 66 -64 0
> 6356 3202 -98 147 -152 2
! 17704 -262 200 sims=367272 RUNNER
! -3492 1466 0 sims=367272 BLOCKER
> 5485 2030 -284 12 84 2
> 11341 6233 63 -93 144 1
> 10815 6873 -53 74 -46 0
> 6258 3349 -83 124 -170 2
! 15937 101482 200
! -47437 87134 200
> 5485 2030 -284 12 84 2
> 11341 6233 63 -93 144 1
> 10815 6873 -53 74 -46 0
> 6258 3349 -83 124 -170 2
! 17762 -320 200 sims=379048 RUNNER
! -2571 -1346 200 sims=379048 BLOCKER
> 5222 2241 -223 179 84 2
> 11404 6157 70 -85 126 1
> 10783 6948 -44 84 -46 0
> 5998 3379 -220 25 -152 2
! 15674 101693 0
! -47374 87058 200
> 5222 2241 -223 179 84 2
> 11404 6157 70 -85 126 1
> 10783 6948 -44 84 -46 0
> 5998 3379 -220 25 -152 2
! 15167 -2040 200 sims=368424 RUNNER
! -2831 -1316 200 sims=368424 BLOCKER
> 4999 2420 -189 152 84 2
> 11356 6234 -40 65 126 1
> 10827 6852 37 -81 -64 0
> 5601 3310 -337 -58 -152 2
! 45672 93774 0
! -47422 87135 200
> 4999 2420 -189 152 84 2
> 11356 6234 -40 65 126 1
> 10827 6852 37 -81 -64 0
> 5601 3310 -337 -58 -152 2
! 17774 -341 0 sims=357816 RUNNER
! -1346 -3883 200 sims=357816 BLOCKER
> 4714 2421 -366 -195 66 2
> 11425 6198 65 -39 126 1
> 10638 7034 -168 163 -46 0
> 5221 3259 -198 153 -134 2
! 15166 101873 200
! -69476 64976 0
> 4714 2421 -366 -195 66 2
> 11425 6198 65 -39 126 1
> 10638 7034 -168 163 -46 0
> 5221 3259 -198 153 -134 2
! 17585 -159 200 sims=372376 RUNNER
! 837 -5729 0 sims=372376 BLOCKER
> 4369 2425 -293 3 84 2
> 11490 6159 55 -33 144 1
> 10609 7053 -24 16 -46 0
> 5023 3412 -168 130 -116 2
! -16422 100239 200
! -69411 64937 200
> 4369 2425 -293 3 84 2
> 11490 6159 55 -33 144 1
> 10609 7053 -24 16 -46 0
> 5023 3412 -168 130 -116 2
! 17556 -140 200 sims=375120 RUNNER
! -1924 -3781 0 sims=375120 BLOCKER
> 4034 2624 -284 168 102 2
> 11383 6244 -90 71 144 1
> 10724 6925 97 -108 -46 0
> 4855 3542 -142 110 -134 2
! -16757 100438 200
! -47395 87145 200
> 4034 2624 -284 168 102 2
> 11383 6244 -90 71 144 1
> 10724 6925 97 -108 -46 0
> 4855 3542 -142 110 -134 2
! 15108 -2063 0 sims=384960 RUNNER
! -3974 -1153 0 sims=384960 BLOCKER
> 3708 2988 -276 309 102 2
> 11392 6256 95 -79 126 1
> 10605 7037 -189 185 -64 0
> 4713 3652 -120 93 -152 2
! 14160 102440 200
! -69509 65034 200
> 3708 2988 -276 309 102 2
> 11392 6256 95 -79 126 1
> 10605 7037 -189 185 -64 0
> 4713 3652 -120 93 -152 2
! 17552 -156 200 sims=392904 RUNNER
! -2234 -3541 200 sims=392904 BLOCKER
> 3453 3496 -216 431 84 2
> 11325 6295 -56 32 144 1
> 10555 7078 -42 34 -46 0
> 4454 3601 -220 -43 -134 2
! 44126 94850 0
! -69576 65073 0
> 3453 3496 -216 431 84 2
> 11325 6295 -56 32 144 1
> 10555 7078 -42 34 -46 0
> 4454 3601 -220 -43 -134 2
! 17502 -115 200 sims=408072 RUNNER
! 70 -5387 0 sims=408072 BLOCKER
> 3237 3927 -183 366 66 2
> 11269 6327 -47 27 144 1
> 10652 6968 82 -93 -46 0
> 4234 3558 -187 -36 -116 2
! 70150 78241 0
! -47509 87228 200
> 3237 3927 -183 366 66 2
> 11269 6327 -47 27 144 1
> 10652 6968 82 -93 -46 0
> 4234 3558 -187 -36 -116 2
! 15036 -2020 0 sims=400536 RUNNER
! 2842 -6345 200 sims=400536 BLOCKER
> 3054 4293 -155 311 48 2
> 11303 6312 81 -67 126 1
> 10536 7079 -151 148 -64 0
> 4019 3324 -182 -198 -98 2
! 89656 54292 0
! -69598 65090 200
> 3054 4293 -155 311 48 2
> 11303 6312 81 -67 126 1
> 10536 7079 -151 148 -64 0
> 4019 3324 -182 -198 -98 2
! 17483 -114 200 sims=388416 RUNNER
! 5755 -6524 0 sims=388416 BLOCKER
> 2899 4604 -131 264 30 2
> 11222 6363 -68 42 144 1
> 10524 7083 -10 3 -46 0
> 3837 3126 -154 -168 -80 2
! 100713 25395 200
! -47556 87264 200
> 2899 4604 -131 264 30 2
> 11222 6363 -68 42 144 1
> 10524 7083 -10 3 -46 0
> 3837 3126 -154 -168 -80 2
! 17471 -110 200 sims=383936 RUNNER
! 8532 -5703 0 sims=383936 BLOCKER
> 2964 4910 54 259 12 2
> 11221 6379 120 -109 126 1
> 10468 7130 -168 162 -46 0
> 3683 2958 -130 -142 -62 2
! 102416 -5542 200
! -69680 65157 200
> 2964 4910 54 259 12 2
> 11221 6379 120 -109 126 1
> 10468 7130 -168 162 -46 0
> 3683 2958 -130 -142 -62 2
! 17415 -63 200 sims=407712 RUNNER
! 10876 -3989 200 sims=407712 BLOCKER
> 3217 5148 214 202 -6 2
> 11179 6388 -35 7 144 1
> 10439 7148 -24 15 -46 0
> 3697 2677 11 -238 -44 2
! 102669 -5304 200
! -47599 87289 200
> 3217 5148 214 202 -6 2
> 11179 6388 -35 7 144 1
> 10439 7148 -24 15 -46 0
> 3697 2677 11 -238 -44 2
! 14823 -1840 200 sims=399384 RUNNER
! 12685 -1707 200 sims=399384 BLOCKER
> 3630 5329 350 153 -6 2
> 11120 6473 112 -74 126 1
> 10409 7067 -188 78 -64 0
> 3888 2351 162 -276 -26 2
! 101444 26120 200
! -69781 65251 200
> 3630 5329 350 153 -6 2
> 11120 6473 112 -74 126 1
> 10409 7067 -188 78 -64 0
> 3888 2351 162 -276 -26 2
! 17356 -126 200 sims=394920 RUNNER
! 13791 959 200 sims=394920 BLOCKER
> 4176 5524 463 165 12 2
> 11070 6517 -42 37 144 1
> 10360 7001 -41 -55 -46 0
> 4248 2047 306 -258 -8 2
! 103628 -4928 200
! -84035 37418 200
> 4176 5524 463 165 12 2
> 11070 6517 -42 37 144 1
> 10360 7001 -41 -55 -46 0
> 4248 2047 306 -258 -8 2
! 14744 -1987 0 sims=377272 RUNNER
! 14096 3783 200 sims=377272 BLOCKER
> 4838 5668 562 122 -6 0
> 10991 6512 -24 -32 162 1
> 10165 7049 -207 69 -64 0
> 4751 1824 427 -189 10 2
! 102652 26459 200
! -84114 37413 200
> 4838 5668 562 122 -6 0
> 10991 6512 -24 -32 162 1
> 10165 7049 -207 69 -64 0
> 4751 1824 427 -189 10 2
! 11557 -2854 200 sims=387888 RUNNER
! 13580 6519 200 sims=387888 BLOCKER
> 5596 5832 643 139 12 0
> 10777 6542 -182 25 162 1
> 9986 6920 -152 -109 -82 0
> 5355 1729 513 -80 28 2
! 105048 -4620 200
! -89223 6542 200
> 5596 5832 643 139 12 0
> 10777 6542 -182 25 162 1
> 9986 6920 -152 -109 -82 0
> 5355 1729 513 -80 28 2
! 14370 -2068 0 sims=394280 RUNNER
! 12302 8922 200 sims=394280 BLOCKER
> 6438 5950 715 100 -6 0
> 10566 6487 -120 -74 180 1
> 9663 6891 -333 2 -64 0
> 6007 1793 554 54 46 2
! 97792 -34723 200
! -84539 37388 200
> 6438 5950 715 100 -6 0
> 10566 6487 -120 -74 180 1
> 9663 6891 -333 2 -64 0
> 6007 1793 554 54 46 2
! 16610 -302 200 sims=339208 RUNNER
! 10391 10781 0 sims=339208 BLOCKER
> 7336 5969 763 15 -24 0
> 10256 6475 -263 -10 162 1
> 9469 6749 -164 -120 -46 0
> 6561 1847 470 45 64 2
! 98690 -34704 200
! -70645 65253 200
> 7336 5969 763 15 -24 0
> 10256 6475 -263 -10 162 1
> 9469 6749 -164 -120 -46 0
> 6561 1847 470 45 64 2
! 13853 -2239 200 sims=379744 RUNNER
! 13508 9040 0 sims=379744 BLOCKER
> 8282 5903 803 -56 -24 0
> 10234 6453 8 -27 144 1
> 8990 6579 -434 -136 -64 0
> 7031 1892 399 38 46 2
! 99636 -34770 SHIELD
! -48544 87354 0
> 8282 5903 803 -56 -24 0
> 10234 6453 8 -27 144 1
> 8990 6579 -434 -136 -64 0
> 7031 1892 399 38 46 2
! 13374 -2409 SHIELD sims=448720 RUNNER
! 15860 6587 0 sims=448720 BLOCKER
> 8741 5346 313 -584 -24 0
> 10242 6426 6 -22 126 1
> 8900 6944 0 421 -64 0
> 7430 1930 339 32 28 2
! 108193 -5106 0
! -48536 87327 0
> 8741 5346 313 -584 -24 0
> 10242 6426 6 -22 126 1
> 8900 6944 0 421 -64 0
> 7430 1930 339 32 28 2
! 13284 -2044 0 sims=418888 RUNNER
! 14377 9123 0 sims=418888 BLOCKER
> 9054 4762 266 -496 -6 0
> 10248 6404 5 -18 126 1
> 8900 7365 0 357 -64 0
> 7769 1962 288 27 46 2
! 100408 -35911 200
! -20653 101509 0
> 9054 4762 266 -496 -6 0
> 10248 6404 5 -18 126 1
> 8900 7365 0 357 -64 0
> 7769 1962 288 27 46 2
! 15847 172 0 sims=416584 RUNNER
! 12153 10950 200 sims=416584 BLOCKER
> 9320 4266 226 -421 -24 0
> 10253 6386 4 -15 108 1
> 8900 7722 0 303 -46 0
> 8145 2169 319 175 64 2
! 108772 -6186 0
! -20648 101491 0
> 9320 4266 226 -421 -24 0
> 10253 6386 4 -15 108 1
> 8900 7722 0 303 -46 0
> 8145 2169 319 175 64 2
! 17729 3027 0 sims=430968 RUNNER
! 9537 12072 200 sims=430968 BLOCKER
> 9546 3845 192 -357 -6 0
> 10257 6371 3 -12 108 1
> 8900 8025 0 257 -28 0
> 8492 2542 294 317 82 2
! 107360 24636 0
! 10257 106371 0
> 9546 3845 192 -357 -6 0
> 10257 6371 3 -12 108 1
> 8900 8025 0 257 -28 0
> 8492 2542 294 317 82 2
! 15847 832 200 sims=415072 RUNNER
! 9884 12445 200 sims=415072 BLOCKER
> 9738 3488 163 -303 12 0
> 10260 6359 2 -10 90 1
> 9039 8138 118 96 -46 0
> 8814 3057 273 437 82 2
! 96340 53487 0
! -20641 101464 200
> 9738 3488 163 -303 12 0
> 10260 6359 2 -10 90 1
> 9039 8138 118 96 -46 0
> 8814 3057 273 437 82 2
! 13423 -850 200 sims=411232 RUNNER
! 10206 12960 200 sims=411232 BLOCKER
> 9901 3185 138 -257 30 0
> 10200 6539 -50 153 108 1
> 9245 8054 174 -71 -64 0
> 9115 3692 255 539 82 2
! 76814 77499 0
! -20701 101644 200
> 9901 3185 138 -257 30 0
> 10200 6539 -50 153 108 1
> 9245 8054 174 -71 -64 0
> 9115 3692 255 539 82 2
! 16192 861 0 sims=397696 RUNNER
! 13499 12680 0 sims=397696 BLOCKER
> 10039 2928 117 -218 48 0
> 10088 6882 -95 291 108 1
> 9419 7983 147 -60 -46 0
> 9370 4231 216 458 64 2
! 50712 94282 200
! -20813 101987 0
> 10039 2928 117 -218 48 0
> 10088 6882 -95 291 108 1
> 9419 7983 147 -60 -46 0
> 9370 4231 216 458 64 2
! 13803 -1005 200 sims=393880 RUNNER
! 10762 14134 200 sims=393880 BLOCKER
> 10237 2893 168 -29 66 0
> 10063 7056 192 -208 108 1
> 9584 7860 -73 251 -64 0
> 9614 4887 207 557 82 2
! 20689 102345 200
! -48715 87957 200
> 10237 2893 168 -29 66 0
> 10063 7056 192 -208 108 1
> 9584 7860 -73 251 -64 0
> 9614 4887 207 557 82 2
! 13968 -1128 200 sims=394632 RUNNER
! 13998 13875 200 sims=394632 BLOCKER
> 10426 3063 160 144 84 0
> 10137 7010 63 -39 126 1
> 9599 7931 12 60 -64 0
> 9909 5624 250 626 64 2
! 20878 102515 200
! -70764 65788 0
> 10426 3063 160 144 84 0
> 10137 7010 63 -39 126 1
> 9599 7931 12 60 -64 0
> 9909 5624 250 626 64 2
! 10991 -1972 0 sims=382320 RUNNER
! 16856 12817 0 sims=382320 BLOCKER
> 10607 3406 153 291 84 0
> 10206 7049 98 541 144 1
> 9611 7991 10 51 -82 0
> 10153 6172 167 -42 46 2
! 21059 102858 200
! -84899 37950 200
> 10607 3406 153 291 84 0
> 10206 7049 98 541 144 1
> 9611 7991 10 51 -82 0
> 10153 6172 167 -42 46 2
! 13995 -997 0 sims=379840 RUNNER
! 18982 10867 0 sims=379840 BLOCKER
> 10781 3896 147 416 84 0
> 10234 7516 192 207 162 1
> 9501 8177 -262 348 -64 0
> 10320 6130 141 -35 28 2
! -10010 101710 0
! -89766 7516 0
> 10781 3896 147 416 84 0
> 10234 7516 192 207 162 1
> 9501 8177 -262 348 -64 0
> 10320 6130 141 -35 28 2
! 10893 -1726 200 sims=380712 RUNNER
! 20168 7866 0 sims=380712 BLOCKER
> 10928 4312 124 353 102 0
> 10426 7723 163 175 180 1
> 9267 8327 -199 127 -82 0
> 10461 6095 119 -29 10 2
! -9863 102126 200
! -84679 -23178 200
> 10928 4312 124 353 102 0
> 10426 7723 163 175 180 1
> 9267 8327 -199 127 -82 0
> 10461 6095 119 -29 10 2
! 13651 -661 200 sims=392848 RUNNER
! 20364 4703 0 sims=392848 BLOCKER
> 11010 4861 70 466 102 0
> 10399 7836 -23 96 -162 1
> 9156 8274 -94 -44 -64 0
> 10580 6066 101 -24 -8 2
! -38989 91463 0
! -89601 7836 200
> 11010 4861 70 466 102 0
> 10399 7836 -23 96 -162 1
> 9156 8274 -94 -44 -64 0
> 10580 6066 101 -24 -8 2
! 16103 1081 0 sims=358368 RUNNER
! 19568 1682 0 sims=358368 BLOCKER
> 11080 5327 59 396 120 0
> 10176 7932 -189 81 180 1
> 9062 8230 -79 -37 -46 0
> 10681 6042 85 -20 -26 2
! -63234 72240 SHIELD
! -84929 -22969 200
> 11080 5327 59 396 120 0
> 10176 7932 -189 81 180 1
> 9062 8230 -79 -37 -46 0
> 10681 6042 85 -20 -26 2
! 13446 -758 200 sims=390424 RUNNER
! 19669 1658 SHIELD sims=390424 BLOCKER
> 11316 5415 208 60 138 0
> 9868 7942 27 -29 -162 1
> 8999 8023 -342 -138 -64 0
> 10589 6330 -85 258 -26 2
! -80038 46088 0
! -71033 -50836 200
> 11316 5415 208 60 138 0
> 9868 7942 27 -29 -162 1
> 8999 8023 -342 -138 -64 0
> 10589 6330 -85 258 -26 2
! 15946 830 200 sims=406064 RUNNER
! 17782 -617 0 sims=406064 BLOCKER
> 11524 5475 176 51 156 1
> 9733 7795 -114 -124 -144 1
> 8796 7741 -172 -239 -46 0
> 10504 6588 -72 219 -44 2
! -87928 15927 0
! -71168 -50983 200
> 11524 5475 176 51 156 1
> 9733 7795 -114 -124 -144 1
> 8796 7741 -172 -239 -46 0
> 10504 6588 -72 219 -44 2
! 17625 3046 0 sims=380984 RUNNER
! 15199 -2241 0 sims=380984 BLOCKER
> 11700 5526 149 43 174 1
> 9457 7553 -234 -205 -144 1
> 8624 7502 -146 -203 -28 0
> 10432 6807 -61 186 -62 2
! -86114 -15265 0
! -85648 -23348 200
> 11700 5526 149 43 174 1
> 9457 7553 -234 -205 -144 1
> 8624 7502 -146 -203 -28 0
> 10432 6807 -61 186 -62 2
! 17453 2807 200 sims=318488 RUNNER
! 15127 -2022 0 sims=318488 BLOCKER
> 11849 5569 126 36 192 1
> 9449 7314 22 -201 -162 1
> 8238 7177 -357 -277 -28 0
> 10371 6993 -51 158 -62 2
! -74753 -44430 200
! -71452 -51464 0
> 11849 5569 126 36 192 1
> 9449 7314 22 -201 -162 1
> 8238 7177 -357 -277 -28 0
> 10371 6993 -51 158 -62 2
! 15185 -16 200 sims=336992 RUNNER
! 12107 -2855 200 sims=336992 BLOCKER
> 11802 5505 -40 -54 -150 1
> 9471 7113 18 -170 -144 1
> 8020 6756 -185 -357 -46 0
> 10355 6954 -13 -33 -80 2
! -55111 -68809 200
! -49307 -73788 200
> 11802 5505 -40 -54 -150 1
> 9471 7113 18 -170 -144 1
> 8020 6756 -185 -357 -46 0
> 10355 6954 -13 -33 -80 2
! 14967 -437 200 sims=325160 RUNNER
! 8963 -2949 0 sims=325160 BLOCKER
> 11628 5302 -147 -172 -132 1
> 9371 6781 -84 -282 -126 1
> 7974 6255 -39 -425 -46 0
> 10342 6921 -11 -28 -98 2
! -55285 -69012 200
! -21530 -88324 200
> 11628 5302 -147 -172 -132 1
> 9371 6781 -84 -282 -126 1
> 7974 6255 -39 -425 -46 0
> 10342 6921 -11 -28 -98 2
! 14921 -938 200 sims=399776 RUNNER
! 5958 -2067 200 sims=399776 BLOCKER
> 11347 4981 -238 -272 -132 1
> 9225 6309 -123 -401 -108 1
> 8074 5686 84 -483 -46 0
> 10243 6713 -83 -176 -116 2
! -55566 -69333 200
! 9224 -93691 200
> 11347 4981 -238 -272 -132 1
> 9225 6309 -123 -401 -108 1
> 8074 5686 84 -483 -46 0
> 10243 6713 -83 -176 -116 2
! 16903 991 200 sims=375424 RUNNER
! 3296 -480 0 sims=375424 BLOCKER
> 10975 4560 -316 -357 -132 1
> 9102 5708 -104 -510 -90 1
> 8335 5109 221 -490 -28 0
> 10160 6537 -70 -149 -134 2
! -75627 -45439 200
! -21799 -89397 200
> 10975 4560 -316 -357 -132 1
> 9102 5708 -104 -510 -90 1
> 8335 5109 221 -490 -28 0
> 10160 6537 -70 -149 -134 2
! 18183 3373 200 sims=364208 RUNNER
! 1331 1842 200 sims=364208 BLOCKER
> 10486 4103 -415 -388 -150 1
> 9213 5265 199 -278 -108 1
> 8476 4327 14 -762 -10 0
> 9913 6294 -209 -206 -152 2
! -56427 -70211 200
! -49565 -75636 0
> 10486 4103 -415 -388 -150 1
> 9213 5265 199 -278 -108 1
> 8476 4327 14 -762 -10 0
> 9913 6294 -209 -206 -152 2
! 18379 5719 200 sims=354760 RUNNER
! 65 4558 200 sims=354760 BLOCKER
> 9937 3566 -466 -456 -132 1
> 9412 4987 169 -236 -126 1
> 8688 3593 180 -624 8 0
> 9507 6053 -345 -204 -170 2
! -56976 -70748 SHIELD
! -49366 -75914 0
> 9937 3566 -466 -456 -132 1
> 9412 4987 169 -236 -126 1
> 8688 3593 180 -624 8 0
> 9507 6053 -345 -204 -170 2
! 18591 4985 SHIELD sims=433656 RUNNER
! -396 7445 0 sims=433656 BLOCKER
> 9655 3131 129 -327 -132 1
> 9581 4751 143 -200 -126 1
> 8684 2948 -372 -590 8 0
> 9162 5849 -293 -173 -188 2
! -76947 -46868 0
! -49197 -76150 0
> 9655 3131 129 -327 -132 1
> 9581 4751 143 -200 -126 1
> 8684 2948 -372 -590 8 0
> 9162 5849 -293 -173 -188 2
! 17672 7332 0 sims=436200 RUNNER
! 174 10233 0 sims=436200 BLOCKER
> 9784 2804 109 -277 -150 1
> 9724 4551 121 -170 -126 1
> 8312 2358 -316 -501 26 0
> 8869 5676 -249 -147 -206 2
! -88030 -17987 0
! -21177 -90554 0
> 9784 2804 109 -277 -150 1
> 9724 4551 121 -170 -126 1
> 8312 2358 -316 -501 26 0
> 8869 5676 -249 -147 -206 2
! 15505 9305 0 sims=442816 RUNNER
! -1034 7068 0 sims=442816 BLOCKER
> 9893 2527 92 -235 -168 1
> 9845 4381 102 -144 -108 1
> 7996 1857 -268 -425 44 0
> 8620 5529 -211 -124 172 2
! -89559 12979 0
! -48933 -76520 0
> 9893 2527 92 -235 -168 1
> 9845 4381 102 -144 -108 1
> 7996 1857 -268 -425 44 0
> 8620 5529 -211 -124 172 2
! 15189 8804 0 sims=428728 RUNNER
! -368 9913 0 sims=428728 BLOCKER
> 9985 2292 78 -199 174 1
> 9947 4237 86 -122 -126 1
> 7728 1432 -227 -361 44 0
> 8409 5405 -179 -105 154 2
! -89467 12744 200
! -70954 -54541 200
> 9985 2292 78 -199 174 1
> 9947 4237 86 -122 -126 1
> 7728 1432 -227 -361 44 0
> 8409 5405 -179 -105 154 2
! 14921 8379 200 sims=416496 RUNNER
! -1494 6797 0 sims=416496 BLOCKER
> 9864 2114 -102 -151 174 1
> 9871 3997 -64 -203 -144 1
> 7645 1210 -70 -188 44 0
> 8230 5300 -152 -89 172 2
! -81490 42787 200
! -48907 -76904 0
> 9864 2114 -102 -151 174 1
> 9871 3997 -64 -203 -144 1
> 7645 1210 -70 -188 44 0
> 8230 5300 -152 -89 172 2
! 16633 5594 200 sims=282824 RUNNER
! -758 9684 0 sims=282824 BLOCKER
> 9579 2044 -242 -59 156 2
> 9807 3794 -54 -172 -126 1
> 7755 1110 93 -85 26 0
> 8078 5211 -129 -75 154 2
! -64735 68957 200
! -21094 -91311 200
> 9579 2044 -242 -59 156 2
> 9807 3794 -54 -172 -126 1
> 7755 1110 93 -85 26 0
> 8078 5211 -129 -75 154 2
! 17658 2502 200 sims=399608 RUNNER
! -1825 6603 0 sims=399608 BLOCKER
> 9188 2119 -332 63 138 2
> 9691 3432 -98 -307 -108 1
> 8046 1053 247 -48 8 0
> 7949 5136 -109 -63 172 2
! -40811 88721 200
! 9690 -96568 200
> 9188 2119 -332 63 138 2
> 9691 3432 -98 -307 -108 1
> 8046 1053 247 -48 8 0
> 7949 5136 -109 -63 172 2
! 17894 -683 200 sims=396072 RUNNER
! -1899 3400 0 sims=396072 BLOCKER
> 8756 2355 -367 200 120 2
> 9593 2925 -83 -430 -90 1
> 8490 970 377 -70 -10 0
> 7840 5073 -92 -53 -170 2
! -65558 69268 200
! 40494 -92180 200
> 8756 2355 -367 200 120 2
> 9593 2925 -83 -430 -90 1
> 8490 970 377 -70 -10 0
> 7840 5073 -92 -53 -170 2
! 17319 -3725 200 sims=386392 RUNNER
! -989 378 0 sims=386392 BLOCKER
> 8240 2689 -438 283 138 2
> 9572 2305 -18 -527 -72 1
> 9044 806 470 -139 -28 0
> 7748 5020 -78 -45 -152 2
! -41759 89291 0
! 68350 -78596 200
> 8240 2689 -438 283 138 2
> 9572 2305 -18 -527 -72 1
> 9044 806 470 -139 -28 0
> 7748 5020 -78 -45 -152 2
! 17873 -3889 200 sims=392296 RUNNER
! 801 -2173 200 sims=392296 BLOCKER
> 7802 2972 -372 240 120 2
> 9672 1616 84 -585 -54 2
> 9691 573 549 -197 -28 0
> 7531 4831 -184 -160 -134 2
! -66512 69885 200
! 90573 -57162 200
> 7802 2972 -372 240 120 2
> 9672 1616 84 -585 -54 2
> 9691 573 549 -197 -28 0
> 7531 4831 -184 -160 -134 2
! 18520 -4122 200 sims=398488 RUNNER
! 3147 -4157 200 sims=398488 BLOCKER
> 7281 3346 -442 317 138 2
> 9918 913 208 -597 -36 2
> 10417 282 616 -247 -28 0
> 7259 4491 -230 -288 -116 2
! -42718 89948 SHIELD
! 105023 -29988 200
> 7281 3346 -442 317 138 2
> 9918 913 208 -597 -36 2
> 10417 282 616 -247 -28 0
> 7259 4491 -230 -288 -116 2
! 20265 -1454 200 sims=430776 RUNNER
! 2875 -4497 SHIELD sims=430776 BLOCKER
> 6809 3425 -437 -213 120 2
> 10316 254 338 -559 -18 2
> 11230 0 691 -239 -10 0
> 7059 4441 -133 238 -116 2
! -43190 90027 0
! 110316 253 0
> 6809 3425 -437 -213 120 2
> 10316 254 338 -559 -18 2
> 11230 0 691 -239 -10 0
> 7059 4441 -133 238 -116 2
! 21133 1392 0 sims=460592 RUNNER
! 5667 -5462 0 sims=460592 BLOCKER
> 6372 3212 -371 -181 120 2
> 10654 -305 287 -475 0 2
> 11921 -239 587 -203 8 0
> 6926 4679 -113 202 -98 2
! -43627 89814 0
! 105759 30596 0
> 6372 3212 -371 -181 120 2
> 10654 -305 287 -475 0 2
> 11921 -239 587 -203 8 0
> 6926 4679 -113 202 -98 2
! 20909 4145 0 sims=443072 RUNNER
! 2542 -4309 0 sims=443072 BLOCKER
> 6001 3031 -315 -153 120 2
> 10941 -780 243 -403 18 2
> 12508 -442 498 -172 26 0
> 6813 4881 -96 171 -116 2
! -14790 100845 0
! 91842 57998 200
> 6001 3031 -315 -153 120 2
> 10941 -780 243 -403 18 2
> 12508 -442 498 -172 26 0
> 6813 4881 -96 171 -116 2
! 19701 6505 0 sims=418912 RUNNER
! -134 -2312 0 sims=418912 BLOCKER
> 5686 2878 -267 -130 102 2
> 11346 -1065 344 -242 36 2
> 13006 -614 423 -146 44 0
> 6717 5052 -81 145 -134 2
! 16138 102330 200
! 70124 79836 200
> 5686 2878 -267 -130 102 2
> 11346 -1065 344 -242 36 2
> 13006 -614 423 -146 44 0
> 6717 5052 -81 145 -134 2
! 17701 8215 200 sims=418024 RUNNER
! -230 -2141 200 sims=418024 BLOCKER
> 5440 2947 -209 58 84 2
> 11808 -1145 392 -68 54 2
> 13523 -583 439 25 62 0
> 6497 5053 -186 0 -134 2
! 46113 94301 200
! 42709 93960 200
> 5440 2947 -209 58 84 2
> 11808 -1145 392 -68 54 2
> 13523 -583 439 25 62 0
> 6497 5053 -186 0 -134 2
! 15259 9265 200 sims=420128 RUNNER
! -450 -2140 200 sims=420128 BLOCKER
> 5312 3188 -108 204 66 2
> 12262 -1023 385 103 72 2
> 13997 -361 402 188 80 0
> 6172 4909 -276 -122 -134 2
! 15764 102640 0
! 12262 98977 200
> 5312 3188 -108 204 66 2
> 12262 -1023 385 103 72 2
> 13997 -361 402 188 80 0
> 6172 4909 -276 -122 -134 2
! 12605 9542 200 sims=402928 RUNNER
! 1788 -4079 200 sims=402928 BLOCKER
> 5204 3392 -91 173 84 2
> 12647 -720 327 257 90 2
> 14371 25 318 328 98 0
> 5808 4607 -309 -256 -116 2
! 15656 102844 0
! -18254 94385 200
> 5204 3392 -91 173 84 2
> 12647 -720 327 257 90 2
> 14371 25 318 328 98 0
> 5808 4607 -309 -256 -116 2
! 9987 9013 200 sims=344168 RUNNER
! 1424 -4381 200 sims=344168 BLOCKER
> 5058 3454 -333 -372 84 2
> 12912 -273 225 380 108 2
> 14601 533 195 431 116 0
> 5466 4283 -80 148 -116 2
! 45731 94808 0
! 12912 99727 200
> 5058 3454 -333 -372 84 2
> 12912 -273 225 380 108 2
> 14601 533 195 431 116 0
> 5466 4283 -80 148 -116 2
! 7654 7726 200 sims=400296 RUNNER
! -1481 -2910 0 sims=400296 BLOCKER
> 4725 3082 -283 -316 66 2
> 13137 307 191 493 90 2
> 14657 1108 47 488 134 0
> 5386 4431 -68 125 -134 2
! 45398 94436 200
! 13137 100307 200
> 4725 3082 -283 -316 66 2
> 13137 307 191 493 90 2
> 14657 1108 47 488 134 0
> 5386 4431 -68 125 -134 2
! 7710 8301 200 sims=400296 RUNNER
! 1002 -4557 0 sims=400296 BLOCKER
> 4523 2949 -171 -113 66 2
> 13328 1000 162 589 90 2
> 14565 1740 -78 537 134 0
> 5318 4556 -57 106 -116 2
! 71436 77263 200
! 44229 96105 200
> 4523 2949 -171 -113 66 2
> 13328 1000 162 589 90 2
> 14565 1740 -78 537 134 0
> 5318 4556 -57 106 -116 2
! 5736 6435 200 sims=386264 RUNNER
! 934 -4432 200 sims=386264 BLOCKER
> 4486 2985 -31 30 48 2
> 13552 1779 190 662 72 2
> 14310 2371 -216 536 152 0
> 5173 4482 -122 -62 -116 2
! 45159 94339 0
! 13552 101779 200
> 4486 2985 -31 30 48 2
> 13552 1779 190 662 72 2
> 14310 2371 -216 536 152 0
> 5173 4482 -122 -62 -116 2
! 4462 4107 200 sims=388016 RUNNER
! 789 -4506 200 sims=388016 BLOCKER
> 4455 3015 -26 25 66 2
> 13372 2325 -257 375 90 2
> 14267 3258 67 842 170 0
> 4963 4240 -178 -205 -116 2
! 14907 102467 200
! 13372 102325 200
> 4455 3015 -26 25 66 2
> 13372 2325 -257 375 90 2
> 14267 3258 67 842 170 0
> 4963 4240 -178 -205 -116 2
! 4364 1866 200 sims=399112 RUNNER
! 3571 -5663 0 sims=399112 BLOCKER
> 4450 3239 -4 190 84 2
> 13115 2900 -218 488 90 2
> 14136 4072 -111 692 188 0
> 4785 4035 -151 -174 -98 2
! 14902 102691 0
! 44016 98005 200
> 4450 3239 -4 190 84 2
> 13115 2900 -218 488 90 2
> 14136 4072 -111 692 188 0
> 4785 4035 -151 -174 -98 2
! 4288 5808 200 sims=414920 RUNNER
! 3393 -5868 SHIELD sims=414920 BLOCKER
> 4213 2878 -239 -397 84 2
> 12959 3578 -132 576 72 2
> 13828 4799 -261 617 170 0
> 4657 3916 -104 -92 -98 2
! 44886 94232 200
! 12959 103578 200
> 4213 2878 -239 -397 84 2
> 12959 3578 -132 576 72 2
> 13828 4799 -261 617 170 0
> 4657 3916 -104 -92 -98 2
! 3980 6535 200 sims=453824 RUNNER
! 6393 -5932 0 sims=453824 BLOCKER
> 4055 2664 -134 -182 66 2
> 12827 4354 -112 659 90 2
> 13370 5451 -389 553 170 0
> 4553 3824 -88 -78 -80 2
! 44728 94018 0
! -18074 99459 200
> 4055 2664 -134 -182 66 2
> 12827 4354 -112 659 90 2
> 13370 5451 -389 553 170 0
> 4553 3824 -88 -78 -80 2
! 3467 4059 200 sims=423488 RUNNER
! 6289 -6024 0 sims=423488 BLOCKER
> 3921 2482 -113 -154 66 2
> 12650 5187 -209 392 108 2
> 12786 5992 -437 775 -172 0
> 4465 3746 -74 -66 -80 2
! 44594 93836 200
! -46128 86088 0
> 3921 2482 -113 -154 66 2
> 12650 5187 -209 392 108 2
> 12786 5992 -437 775 -172 0
> 4465 3746 -74 -66 -80 2
! 3798 1608 0 sims=423456 RUNNER
! 3073 -6157 0 sims=423456 BLOCKER
> 3889 2511 -26 24 66 2
> 12441 5579 -177 333 126 2
> 12349 6767 -371 658 -154 0
> 4391 3680 -62 -56 -98 2
! 44562 93865 0
! -68460 64357 0
> 3889 2511 -26 24 66 2
> 12441 5579 -177 333 126 2
> 12349 6767 -371 658 -154 0
> 4391 3680 -62 -56 -98 2
! 5156 -180 200 sims=398536 RUNNER
! 7 -5308 0 sims=398536 BLOCKER
> 3863 2535 -22 20 66 2
> 12264 5912 -150 283 144 2
> 11834 7286 -437 441 -136 0
> 4329 3624 -52 -47 -116 2
! 44536 93889 200
! -82841 36813 0
> 3863 2535 -22 20 66 2
> 12264 5912 -150 283 144 2
> 11834 7286 -437 441 -136 0
> 4329 3624 -52 -47 -116 2
! 7139 -1543 200 sims=400632 RUNNER
! 2937 -6279 0 sims=400632 BLOCKER
> 3922 2738 50 172 66 2
> 12114 6195 -127 240 162 2
> 11303 7550 -451 224 -118 0
> 4277 3577 -44 -39 -98 2
! 14374 102190 0
! -87886 6195 0
> 3922 2738 50 172 66 2
> 12114 6195 -127 240 162 2
> 11303 7550 -451 224 -118 0
> 4277 3577 -44 -39 -98 2
! 9567 -2298 200 sims=412648 RUNNER
! 2885 -6326 SHIELD sims=412648 BLOCKER
