@ 0 reCurse
@ 1 YurkovAS
CP 3
CP 7485 6924
CP 5980 5363
CP 11300 2810
> 7125 7271 0 0 -1 1
> 7845 6577 0 0 -1 1
> 6405 7965 0 0 -1 1
> 8565 5883 0 0 -1 1
! -44331 -78474 200
! -88719 -19408 200
> 7125 7271 0 0 -1 1
> 7845 6577 0 0 -1 1
> 6405 7965 0 0 -1 1
> 8565 5883 0 0 -1 1
! 3968 -11886 BOOST sims=306740 RUNNER
! -10841 1045 BOOST sims=306740 BLOCKER
> 7075 7079 -140 -19 -121 1
> 7672 6506 72 -269 -165 1
> 6253 7359 -251 -449 -97 1
> 7934 5726 -536 -133 -166 1
! -15420 -90357 200
! -76195 -47957 SHIELD
> 7075 7079 -140 -19 -121 1
> 7672 6506 72 -269 -165 1
> 6253 7359 -251 -449 -97 1
> 7934 5726 -536 -133 -166 1
! 10069 -12274 0 sims=347711 RUNNER
! -11472 888 SHIELD sims=347711 BLOCKER
> 6890 6865 -157 -181 -103 1
> 7670 6501 -7 13 -147 1
> 6002 6910 -213 -381 -79 1
> 7472 5329 -387 -355 -166 1
! -44613 -78851 200
! -76197 -47962 0
> 6890 6865 -157 -181 -103 1
> 7670 6501 -7 13 -147 1
> 6002 6910 -213 -381 -79 1
> 7472 5329 -387 -355 -166 1
! 15698 -10582 200 sims=349706 RUNNER
! -9489 -5269 0 sims=349706 BLOCKER
> 6694 6519 -68 -283 -121 1
> 7663 6514 -5 11 -147 1
> 5822 6347 -251 -489 -61 1
> 7085 4974 -328 -301 -148 1
! -15801 -90917 200
! -55269 -71200 0
> 6694 6519 -68 -283 -121 1
> 7663 6514 -5 11 -147 1
> 5822 6347 -251 -489 -61 1
> 7085 4974 -328 -301 -148 1
! 15518 -11145 200 sims=352534 RUNNER
! -5771 -10347 0 sims=352534 BLOCKER
> 6581 6041 -96 -406 -103 1
> 7658 6525 -4 9 -129 1
> 5668 5683 -130 -564 -61 2
> 6757 4673 -278 -255 -130 1
! 15296 -93578 0
! -28178 -86833 0
> 6581 6041 -96 -406 -103 1
> 7658 6525 -4 9 -129 1
> 5668 5683 -130 -564 -61 2
> 6757 4673 -278 -255 -130 1
! 20295 -7957 200 sims=411502 RUNNER
! -735 -13871 0 sims=411502 BLOCKER
> 6485 5635 -81 -345 -85 2
> 7654 6534 -3 7 -111 1
> 5684 4983 13 -595 -43 2
> 6479 4418 -236 -216 -112 1
! 45558 -86415 0
! 2420 -93328 0
> 6485 5635 -81 -345 -85 2
> 7654 6534 -3 7 -111 1
> 5684 4983 13 -595 -43 2
> 6479 4418 -236 -216 -112 1
! 23810 -3469 200 sims=419804 RUNNER
! 5084 -15533 0 sims=419804 BLOCKER
> 6404 5290 -68 -293 -67 2
> 7651 6541 -2 5 -93 1
> 5510 4541 -272 -295 -25 2
> 6612 3965 237 -465 -94 1
! 72009 -70181 200
! 33532 -90051 200
> 6404 5290 -68 -293 -67 2
> 7651 6541 -2 5 -93 1
> 5510 4541 -272 -295 -25 2
> 6612 3965 237 -465 -94 1
! 25361 2104 200 sims=443275 RUNNER
! 11450 -15441 0 sims=443275 BLOCKER
> 6467 4846 53 -377 -49 2
> 7701 6353 42 -159 -75 1
> 5437 4222 -62 -271 -7 2
> 6849 3500 201 -395 -76 1
! 92183 -46657 200
! 33582 -90239 200
> 6467 4846 53 -377 -49 2
> 7701 6353 42 -159 -75 1
> 5437 4222 -62 -271 -7 2
> 6849 3500 201 -395 -76 1
! 25288 1785 200 sims=428946 RUNNER
! 17447 -13461 200 sims=428946 BLOCKER
> 6691 4366 190 -408 -31 2
> 7795 6001 79 -299 -75 1
> 5574 3927 116 -251 -7 2
> 7156 2935 260 -479 -58 1
! 104127 -18129 200
! 2561 -93861 200
> 6691 4366 190 -408 -31 2
> 7795 6001 79 -299 -75 1
> 5574 3927 116 -251 -7 2
> 7156 2935 260 -479 -58 1
! 25425 1490 200 sims=414218 RUNNER
! 22477 -9921 0 sims=414218 BLOCKER
> 7076 3913 327 -385 -13 2
> 7864 5502 58 -423 -93 1
> 5889 3652 267 -234 -7 2
> 7416 2456 221 -407 -40 1
! 104512 -18582 200
! -27972 -87856 200
> 7076 3913 327 -385 -13 2
> 7864 5502 58 -423 -93 1
> 5889 3652 267 -234 -7 2
> 7416 2456 221 -407 -40 1
! 24015 -4800 200 sims=378315 RUNNER
! 25960 -5036 0 sims=378315 BLOCKER
> 7598 3483 443 -365 -13 2
> 7850 4892 -11 -518 -111 1
> 6337 3333 381 -270 -25 2
> 7637 2049 187 -345 -22 1
! 107217 12198 200
! 2616 -94970 200
> 7598 3483 443 -365 -13 2
> 7850 4892 -11 -518 -111 1
> 6337 3333 381 -270 -25 2
> 7637 2049 187 -345 -22 1
! 24463 -5119 200 sims=382424 RUNNER
! 27588 654 0 sims=382424 BLOCKER
> 8240 3135 545 -295 5 2
> 7829 4174 -18 -610 -93 1
> 6899 2978 477 -301 -25 2
> 7824 1704 158 -293 -4 1
! 100290 42208 200
! 33710 -92418 200
> 8240 3135 545 -295 5 2
> 7829 4174 -18 -610 -93 1
> 6899 2978 477 -301 -25 2
> 7824 1704 158 -293 -4 1
! 26750 541 200 sims=371693 RUNNER
! 27230 6542 0 sims=371693 BLOCKER
> 8969 2918 619 -184 23 2
> 7873 3395 258 -142 -75 1
> 7564 2628 344 -816 -7 2
> 7982 1411 134 -249 14 1
! 84439 68523 0
! 33754 -93197 200
> 8969 2918 619 -184 23 2
> 7873 3395 258 -142 -75 1
> 7564 2628 344 -816 -7 2
> 7982 1411 134 -249 14 1
! 27197 6444 200 sims=392721 RUNNER
! 27388 6249 SHIELD sims=392721 BLOCKER
> 9588 2734 526 -156 41 2
> 8183 3060 263 -284 -75 1
> 8080 2058 355 217 11 2
> 8118 1141 124 -299 14 1
! 61091 88450 200
! 62646 -80807 SHIELD
> 9588 2734 526 -156 41 2
> 8183 3060 263 -284 -75 1
> 8080 2058 355 217 11 2
> 8118 1141 124 -299 14 1
! 25572 11754 0 sims=424578 RUNNER
! 25079 11739 0 sims=424578 BLOCKER
> 10217 2749 534 13 59 2
> 8450 2830 229 -163 -57 1
> 8390 1732 237 -596 29 2
> 8242 842 105 -254 32 1
! 32712 100186 200
! 86164 -60102 0
> 10217 2749 534 13 59 2
> 8450 2830 229 -163 -57 1
> 8390 1732 237 -596 29 2
> 8242 842 105 -254 32 1
! 22030 16359 0 sims=438256 RUNNER
! 25203 11440 SHIELD sims=438256 BLOCKER
> 10796 2957 492 176 77 0
> 8679 2667 194 -138 -39 1
> 8715 1491 312 -55 47 2
> 8338 553 78 -260 32 1
! 2080 102576 200
! 102037 -33169 0
> 10796 2957 492 176 77 0
> 8679 2667 194 -138 -39 1
> 8715 1491 312 -55 47 2
> 8338 553 78 -260 32 1
! 17167 19617 200 sims=464513 RUNNER
! 21194 15874 0 sims=464513 BLOCKER
> 11271 3332 403 318 95 0
> 8873 2529 164 -117 -21 1
> 9112 1617 337 107 65 2
> 8416 293 66 -221 50 1
! -27802 95382 200
! 108735 -2704 SHIELD
> 11271 3332 403 318 95 0
> 8873 2529 164 -117 -21 1
> 9112 1617 337 107 65 2
> 8416 293 66 -221 50 1
! 17564 19743 200 sims=410893 RUNNER
! 15908 18837 0 sims=410893 BLOCKER
> 11596 3834 276 426 113 0
> 9027 2432 122 -66 -3 1
> 9635 1708 529 -87 65 2
> 8482 72 56 -187 68 1
! -54009 79304 200
! 105619 28313 0
> 11596 3834 276 426 113 0
> 9027 2432 122 -66 -3 1
> 9635 1708 529 -87 65 2
> 8482 72 56 -187 68 1
! 12072 21559 200 sims=419195 RUNNER
! 9877 20023 0 sims=419195 BLOCKER
> 11741 4411 123 490 131 0
> 9149 2366 103 -56 15 1
> 10188 1820 470 94 83 2
> 8538 -115 47 -158 86 1
! -73975 55914 200
! 109011 -2867 200
> 11741 4411 123 490 131 0
> 9149 2366 103 -56 15 1
> 10188 1820 470 94 83 2
> 8538 -115 47 -158 86 1
! 6372 21453 200 sims=441735 RUNNER
! 3700 19291 200 sims=441735 BLOCKER
> 11693 5004 -41 504 149 0
> 9252 2310 87 -47 -3 1
> 10620 2110 367 246 101 2
> 8537 -79 -1 30 104 1
! -85743 27499 200
! 102609 -33526 0
> 11693 5004 -41 504 149 0
> 9252 2310 87 -47 -3 1
> 10620 2110 367 246 101 2
> 8537 -79 -1 30 104 1
! 924 19602 200 sims=458038 RUNNER
! 3699 19327 200 sims=458038 BLOCKER
> 11457 5553 -200 466 167 0
> 9339 2263 73 -39 -21 1
> 10890 2531 229 357 119 0
> 8488 145 -41 190 104 1
! -88162 -3162 200
! 87053 -60669 0
> 11457 5553 -200 466 167 0
> 9339 2263 73 -39 -21 1
> 10890 2531 229 357 119 0
> 8488 145 -41 190 104 1
! -3737 16171 200 sims=428673 RUNNER
! -2110 17106 200 sims=428673 BLOCKER
> 11058 6002 -339 381 -175 0
> 9412 2224 62 -33 -39 1
> 10973 3024 70 419 137 0
> 8341 505 -124 305 122 1
! -80992 -33071 200
! 63875 -81643 200
> 11058 6002 -339 381 -175 0
> 9412 2224 62 -33 -39 1
> 10973 3024 70 419 137 0
> 8341 505 -124 305 122 1
! -7153 11476 200 sims=362719 RUNNER
! -2257 17466 200 sims=362719 BLOCKER
> 10535 6305 -444 257 -157 0
> 9583 2023 145 -170 -57 1
> 10862 3528 -94 427 155 0
> 8111 980 -195 403 122 1
! -89084 -2410 200
! 35464 -94569 0
> 10535 6305 -444 257 -157 0
> 9583 2023 145 -170 -57 1
> 10862 3528 -94 427 155 0
> 8111 980 -195 403 122 1
! -7264 11980 200 sims=380415 RUNNER
! 3273 20386 200 sims=380415 BLOCKER
> 9892 6545 -546 203 -175 0
> 9728 1853 123 -144 -75 1
> 10587 4040 -233 434 155 0
> 7868 1577 -206 507 104 1
! -82158 -32528 BOOST
! 4494 -98009 0
> 9892 6545 -546 203 -175 0
> 9728 1853 123 -144 -75 1
> 10587 4040 -233 434 155 0
> 7868 1577 -206 507 104 1
! -7539 12492 200 sims=421491 RUNNER
! 3030 20983 200 sims=421491 BLOCKER
> 8748 6494 -972 -43 -157 0
> 9851 1709 104 -122 -93 1
> 10173 4559 -352 440 155 0
> 7614 2278 -216 595 104 1
! -66723 -59111 0
! 4617 -98153 0
> 8748 6494 -972 -43 -157 0
> 9851 1709 104 -122 -93 1
> 10173 4559 -352 440 155 0
> 7614 2278 -216 595 104 1
! -7953 13011 200 sims=450912 RUNNER
! 9009 22229 0 sims=450912 BLOCKER
> 7776 6451 -826 -36 -139 1
> 9955 1587 88 -103 -93 1
> 9640 5084 -453 445 155 0
> 7398 2873 -183 505 86 1
! -43727 -79265 200
! -25881 -91771 0
> 7776 6451 -826 -36 -139 1
> 9955 1587 88 -103 -93 1
> 9640 5084 -453 445 155 0
> 7398 2873 -183 505 86 1
! -10211 7521 0 sims=443555 RUNNER
! 14890 21417 0 sims=443555 BLOCKER
> 6847 6244 -789 -176 -121 1
> 10043 1484 74 -87 -111 1
> 9187 5529 -385 378 173 0
> 7215 3378 -155 429 68 1
! -15648 -91192 200
! -52889 -76230 0
> 6847 6244 -789 -176 -121 1
> 10043 1484 74 -87 -111 1
> 9187 5529 -385 378 173 0
> 7215 3378 -155 429 68 1
! -10446 1713 0 sims=439929 RUNNER
! 20071 18699 0 sims=439929 BLOCKER
> 6013 5873 -708 -315 -103 2
> 10117 1397 62 -73 -129 1
> 8802 5907 -327 321 -169 0
> 7060 3807 -131 364 50 1
! 14728 -93746 0
! -73750 -53066 0
> 6013 5873 -708 -315 -103 2
> 10117 1397 62 -73 -129 1
> 8802 5907 -327 321 -169 0
> 7060 3807 -131 364 50 1
! -8690 -3789 0 sims=453208 RUNNER
! 24021 14405 0 sims=453208 BLOCKER
> 5305 5558 -601 -267 -85 2
> 10179 1324 52 -62 -147 1
> 8475 6228 -277 272 -151 0
> 6929 4171 -111 309 32 1
! 44378 -86492 0
! -86413 -24557 0
> 5305 5558 -601 -267 -85 2
> 10179 1324 52 -62 -147 1
> 8475 6228 -277 272 -151 0
> 6929 4171 -111 309 32 1
! -5165 -8399 200 sims=414015 RUNNER
! 26335 9009 200 sims=414015 BLOCKER
> 4704 5291 -510 -226 -67 2
> 10231 1262 44 -52 -165 1
> 8062 6354 -351 106 -133 0
> 7012 4528 70 303 14 1
! 70309 -70180 200
! -89631 6495 0
> 4704 5291 -510 -226 -67 2
> 10231 1262 44 -52 -165 1
> 8062 6354 -351 106 -133 0
> 7012 4528 70 303 14 1
! -390 -11772 0 sims=467299 RUNNER
! 26963 3133 200 sims=467299 BLOCKER
> 4325 4914 -321 -320 -49 2
> 10275 1210 37 -44 -183 1
> 7711 6460 -298 90 -115 1
> 7282 4817 229 245 -4 1
! 90041 -46589 200
! -83083 37046 0
> 4325 4914 -321 -320 -49 2
> 10275 1210 37 -44 -183 1
> 7711 6460 -298 90 -115 1
> 7282 4817 229 245 -4 1
! -741 -11666 200 sims=463477 RUNNER
! 25826 -2675 200 sims=463477 BLOCKER
> 4175 4491 -127 -359 -31 2
> 10312 1166 31 -37 159 1
> 7328 6369 -325 -77 -115 1
> 7696 4987 352 144 -22 1
! 101611 -18004 200
! -67402 64098 0
> 4175 4491 -127 -359 -31 2
> 10312 1166 31 -37 159 1
> 7328 6369 -325 -77 -115 1
> 7696 4987 352 144 -22 1
! 4891 -13482 200 sims=459907 RUNNER
! 23017 -7869 200 sims=459907 BLOCKER
> 4243 4087 57 -343 -13 2
> 10343 1129 26 -31 141 1
> 6979 6093 -296 -234 -97 1
> 8201 5002 429 13 -40 1
! 103862 12802 200
! -44120 84996 200
> 4243 4087 57 -343 -13 2
> 10343 1129 26 -31 141 1
> 6979 6093 -296 -234 -97 1
> 8201 5002 429 13 -40 1
! 10795 -13540 200 sims=452529 RUNNER
! 18799 -11959 0 sims=452529 BLOCKER
> 4499 3761 217 -276 5 2
> 10260 1266 -70 116 123 1
> 6721 5663 -219 -365 -79 1
> 8630 5015 364 11 -58 1
! 104118 12476 200
! -15621 97858 0
> 4499 3761 217 -276 5 2
> 10260 1266 -70 116 123 1
> 6721 5663 -219 -365 -79 1
> 8630 5015 364 11 -58 1
! 4284 -14188 200 sims=303268 RUNNER
! 13468 -14391 200 sims=303268 BLOCKER
> 4915 3502 353 -219 5 2
> 10190 1382 -59 98 105 1
> 6478 5099 -206 -478 -97 2
> 9042 4832 350 -155 -76 1
! 102352 -18993 200
! -44273 85249 200
> 4915 3502 353 -219 5 2
> 10190 1382 -59 98 105 1
> 6478 5099 -206 -478 -97 2
> 9042 4832 350 -155 -76 1
! 10294 -14534 200 sims=367094 RUNNER
! 7647 -15119 200 sims=367094 BLOCKER
> 5463 3238 465 -224 -13 2
> 10022 1648 -142 225 123 1
> 6310 4425 -142 -573 -79 2
> 9378 4477 285 -301 -94 1
! 105082 11953 200
! -67692 64580 200
> 5463 3238 465 -224 -13 2
> 10022 1648 -142 225 123 1
> 6310 4425 -142 -573 -79 2
> 9378 4477 285 -301 -94 1
! 16006 -13067 200 sims=314818 RUNNER
! 1886 -14067 200 sims=314818 BLOCKER
> 6077 2894 344 -776 5 2
> 9725 1999 -252 298 141 1
> 6315 3815 182 -35 -61 2
> 9588 3991 178 -413 -112 1
! 98127 41967 200
! -83633 37835 200
> 6077 2894 344 -776 5 2
> 9725 1999 -252 298 141 1
> 6315 3815 182 -35 -61 2
> 9588 3991 178 -413 -112 1
! 10131 -15818 200 sims=412419 RUNNER
! 2096 -14553 200 sims=412419 BLOCKER
> 6605 2196 448 -593 23 2
> 9286 2369 -372 314 159 1
> 6535 3584 187 -196 -79 2
> 9691 3393 87 -508 -112 1
! 82075 67801 0
! -90576 7602 200
> 6605 2196 448 -593 23 2
> 9286 2369 -372 314 159 1
> 6535 3584 187 -196 -79 2
> 9691 3393 87 -508 -112 1
! 4098 -16267 200 sims=390278 RUNNER
! -3165 -11928 0 sims=390278 BLOCKER
> 7053 1603 380 -504 41 2
> 8714 2693 -485 275 177 1
> 6698 3189 138 -335 -97 2
> 9778 2885 73 -431 -130 1
! 58556 87319 200
! -87878 -23188 0
> 7053 1603 380 -504 41 2
> 8714 2693 -485 275 177 1
> 6698 3189 138 -335 -97 2
> 9778 2885 73 -431 -130 1
! 4261 -16662 200 sims=416262 RUNNER
! -7183 -7713 200 sims=416262 BLOCKER
> 7536 1270 410 -282 59 2
> 8229 2968 -412 233 195 1
> 6812 2655 96 -453 -97 2
> 9681 2348 -82 -456 -148 1
! 30031 98707 200
! -75638 -51495 0
> 7536 1270 410 -282 59 2
> 8229 2968 -412 233 195 1
> 6812 2655 96 -453 -97 2
> 9681 2348 -82 -456 -148 1
! 10628 -16978 0 sims=413203 RUNNER
! -9725 -2490 200 sims=413203 BLOCKER
> 7991 1183 386 -74 77 2
> 7817 3201 -350 198 -147 1
> 6908 2202 81 -385 -79 2
> 9405 1844 -234 -428 -166 1
! 30486 98620 200
! -55115 -74513 0
> 7991 1183 386 -74 77 2
> 7817 3201 -350 198 -147 1
> 6908 2202 81 -385 -79 2
> 9405 1844 -234 -428 -166 1
! 16604 -15290 0 sims=427336 RUNNER
! -10546 3239 0 sims=427336 BLOCKER
> 8380 1296 -263 -12 77 2
> 7467 3399 -297 168 -129 1
> 6989 1817 68 -327 -61 2
> 9213 1424 430 -249 -184 1
! 59883 87012 0
! -28369 -89959 0
> 8380 1296 -263 -12 77 2
> 7467 3399 -297 168 -129 1
> 6989 1817 68 -327 -61 2
> 9213 1424 430 -249 -184 1
! 21616 -11823 0 sims=273658 RUNNER
! -9331 8916 0 sims=273658 BLOCKER
> 8117 1284 -223 -10 59 2
> 7170 3567 -252 142 -111 1
> 7057 1490 57 -277 -43 2
> 9643 1175 365 -211 158 1
! 83587 66889 0
! 1936 -96295 0
> 8117 1284 -223 -10 59 2
> 7170 3567 -252 142 -111 1
> 7057 1490 57 -277 -43 2
> 9643 1175 365 -211 158 1
! 25183 -6962 0 sims=409017 RUNNER
! -5678 14031 200 sims=409017 BLOCKER
> 7912 1275 35 3 41 2
> 6918 3709 -214 120 -93 1
> 7096 1212 -176 -247 -25 2
> 9855 1093 180 -70 140 1
! 99962 40348 200
! 32799 -92883 200
> 7912 1275 35 3 41 2
> 6918 3709 -214 120 -93 1
> 7096 1212 -176 -247 -25 2
> 9855 1093 180 -70 140 1
! 26947 -1225 200 sims=443933 RUNNER
! -743 18054 200 sims=443933 BLOCKER
> 8131 1356 186 68 23 2
> 6756 3636 -137 -62 -75 1
> 7119 941 19 -230 -7 2
> 9929 1193 62 84 122 1
! 107750 10071 200
! 61219 -80231 200
> 8131 1356 186 68 23 2
> 6756 3636 -137 -62 -75 1
> 7119 941 19 -230 -7 2
> 9929 1193 62 84 122 1
! 26752 4757 200 sims=442673 RUNNER
! -5392 14049 0 sims=442673 BLOCKER
> 8516 1441 327 72 5 2
> 6728 3406 -23 -195 -57 1
> 7334 749 183 -163 11 2
> 9991 1277 52 71 140 1
! 100566 40514 200
! 84442 -59526 200
> 8516 1441 327 72 5 2
> 6728 3406 -23 -195 -57 1
> 7334 749 183 -163 11 2
> 9991 1277 52 71 140 1
! 24826 10445 200 sims=421946 RUNNER
! -8553 8769 200 sims=421946 BLOCKER
> 9027 1591 434 127 23 2
> 6860 3085 112 -272 -39 1
> 7692 683 304 -56 29 2
> 9858 1423 -113 124 158 1
! 108646 10306 SHIELD
! 100218 -32751 200
> 9027 1591 434 127 23 2
> 6860 3085 112 -272 -39 1
> 7692 683 304 -56 29 2
> 9858 1423 -113 124 158 1
! 25184 10379 200 sims=438200 RUNNER
! -8686 8915 SHIELD sims=438200 BLOCKER
> 8985 1820 -74 203 5 2
> 7159 2741 253 -292 -21 1
> 8171 724 407 34 29 2
> 10221 1445 347 9 158 1
! 108604 10535 0
! 107021 -2492 200
> 8985 1820 -74 203 5 2
> 7159 2741 253 -292 -21 1
> 8171 724 407 34 29 2
> 10221 1445 347 9 158 1
! 21811 15351 200 sims=397390 RUNNER
! -5100 14301 0 sims=397390 BLOCKER
> 8911 2023 -62 172 5 2
> 7612 2439 384 -257 -3 1
> 8714 904 461 153 47 2
> 10568 1454 294 7 140 1
! 106348 -20472 0
! 104204 28320 200
> 8911 2023 -62 172 5 2
> 7612 2439 384 -257 -3 1
> 8714 904 461 153 47 2
> 10568 1454 294 7 140 1
! 22354 15531 200 sims=400197 RUNNER
! -4753 14310 0 sims=400197 BLOCKER
> 8989 2174 525 61 -13 2
> 8049 2254 -87 -89 15 1
> 9311 1203 507 254 47 2
> 10862 1461 249 5 140 1
! 94705 -49329 SHIELD
! 107911 -2979 BOOST
> 8989 2174 525 61 -13 2
> 8049 2254 -87 -89 15 1
> 9311 1203 507 254 47 2
> 10862 1461 249 5 140 1
! 17763 19329 0 sims=359576 RUNNER
! 264 18422 0 sims=359576 BLOCKER
> 9514 2235 446 51 -31 2
> 8611 2131 477 -104 -3 1
> 9818 1457 430 215 65 2
> 11111 1466 211 4 122 1
! 75119 -73236 0
! 105203 28012 200
> 9514 2235 446 51 -31 2
> 8611 2131 477 -104 -3 1
> 9818 1457 430 215 65 2
> 11111 1466 211 4 122 1
! 12255 21308 200 sims=332696 RUNNER
! 6273 20872 200 sims=332696 BLOCKER
> 9961 2599 448 364 -49 2
> 9167 2040 392 -104 15 1
> 10385 1596 493 90 83 2
> 11274 1664 138 168 104 1
! 49034 -89451 0
! 93034 56503 200
> 9961 2599 448 364 -49 2
> 9167 2040 392 -104 15 1
> 10385 1596 493 90 83 2
> 11274 1664 138 168 104 1
! 6569 21229 200 sims=274092 RUNNER
! 6436 21070 SHIELD sims=274092 BLOCKER
> 10409 2963 380 309 -67 2
> 9647 2067 -124 167 33 1
> 10501 1843 490 58 101 2
> 11454 1834 166 144 104 1
! 49481 -89087 0
! 72579 79781 0
> 10409 2963 380 309 -67 2
> 9647 2067 -124 167 33 1
> 10501 1843 490 58 101 2
> 11454 1834 166 144 104 1
! 805 19335 200 sims=385035 RUNNER
! 6616 21240 SHIELD sims=385035 BLOCKER
> 10789 3272 323 262 -67 2
> 9523 2234 -105 141 51 1
> 10770 2087 -2 227 119 2
> 11632 1977 174 119 104 1
! 49861 -88778 200
! 45359 95592 0
> 10789 3272 323 262 -67 2
> 9523 2234 -105 141 51 1
> 10770 2087 -2 227 119 2
> 11632 1977 174 119 104 1
! 6954 21720 200 sims=407008 RUNNER
! 1034 18938 0 sims=407008 BLOCKER
> 11190 3350 340 66 -67 0
> 9418 2375 -89 119 69 1
> 10730 2510 -34 359 101 2
> 11806 2096 147 101 122 1
! 19905 -96269 200
! 45254 95733 200
> 11190 3350 340 66 -67 0
> 9418 2375 -89 119 69 1
> 10730 2510 -34 359 101 2
> 11806 2096 147 101 122 1
! 1034 20002 0 sims=318444 RUNNER
! -3515 14952 0 sims=318444 BLOCKER
> 11547 3217 303 -113 -85 0
> 9401 2681 -14 259 69 1
> 10696 2869 -28 305 119 0
> 11953 2197 124 85 140 1
! -10948 -94219 200
! 45237 96039 200
> 11547 3217 303 -113 -85 0
> 9401 2681 -14 259 69 1
> 10696 2869 -28 305 119 0
> 11953 2197 124 85 140 1
! -3931 16509 200 sims=328559 RUNNER
! -6591 9689 0 sims=328559 BLOCKER
> 11760 3017 83 62 -103 0
> 9459 3127 49 378 69 1
> 10522 3310 -148 375 137 0
> 12122 2175 241 -252 158 1
! -39743 -82699 0
! 14692 102989 0
> 11760 3017 83 62 -103 0
> 9459 3127 49 378 69 1
> 10522 3310 -148 375 137 0
> 12122 2175 241 -252 158 1
! -7604 11762 200 sims=417459 RUNNER
! -3199 15031 0 sims=417459 BLOCKER
> 11843 3079 70 52 -121 0
> 9444 3484 -228 233 87 1
> 10256 3790 -9 478 155 0
> 12363 1923 204 -214 140 1
! -63628 -62526 0
! 45280 96842 200
> 11843 3079 70 52 -121 0
> 9444 3484 -228 233 87 1
> 10256 3790 -9 478 155 0
> 12363 1923 204 -214 140 1
! -7870 12242 200 sims=444080 RUNNER
! 1765 18884 200 sims=444080 BLOCKER
> 11913 3131 59 44 -139 0
> 9288 3904 -132 356 69 1
> 10066 4353 -161 478 155 0
> 12461 1879 83 -37 122 1
! -80137 -35942 0
! 45124 97262 200
> 11913 3131 59 44 -139 0
> 9288 3904 -132 356 69 1
> 10066 4353 -161 478 155 0
> 12461 1879 83 -37 122 1
! -9785 6790 200 sims=432173 RUNNER
! -2860 14735 200 sims=432173 BLOCKER
> 11972 3175 50 37 -157 0
> 9080 4351 -246 335 69 1
> 9854 4951 -110 553 173 0
> 12391 1971 -59 77 140 1
! -87647 -5540 200
! 44916 97709 200
> 11972 3175 50 37 -157 0
> 9080 4351 -246 335 69 1
> 9854 4951 -110 553 173 0
> 12391 1971 -59 77 140 1
! -9779 1135 200 sims=427868 RUNNER
! 1793 18932 0 sims=427868 BLOCKER
> 11823 3195 -126 16 -175 0
> 8906 4873 -148 443 69 1
> 9548 5466 -260 437 -169 0
> 12332 2048 -50 65 122 1
! -85613 25690 200
! 71838 82587 200
> 11823 3195 -126 16 -175 0
> 8906 4873 -148 443 69 1
> 9548 5466 -260 437 -169 0
> 12332 2048 -50 65 122 1
! -7944 -4230 200 sims=361886 RUNNER
! -2989 14904 200 sims=361886 BLOCKER
> 11502 3256 -272 51 -193 0
> 8593 5193 -311 228 51 1
> 9404 6085 -76 569 -151 0
> 12129 2242 -172 164 140 1
! -74214 54759 200
! 71525 82907 200
> 11502 3256 -272 51 -193 0
> 8593 5193 -311 228 51 1
> 9404 6085 -76 569 -151 0
> 12129 2242 -172 164 140 1
! -4236 -8542 200 sims=451899 RUNNER
! -3192 15098 200 sims=451899 BLOCKER
> 11059 3410 -376 130 149 0
> 8408 5576 -157 325 51 1
> 9192 6508 -180 359 -133 0
> 11804 2535 -276 248 140 1
! -54546 78881 200
! 71340 83290 200
> 11059 3410 -376 130 149 0
> 8408 5576 -157 325 51 1
> 9192 6508 -180 359 -133 0
> 11804 2535 -276 248 140 1
! -4448 -8119 200 sims=440937 RUNNER
! 1206 19496 200 sims=440937 BLOCKER
> 10552 3691 -431 238 131 0
> 8377 6056 -26 408 51 1
> 8876 6721 -268 180 -133 0
> 11422 2953 -324 354 122 1
! -28521 95741 200
! 44213 99414 SHIELD
> 10552 3691 -431 238 131 0
> 8377 6056 -26 408 51 1
> 8876 6721 -268 180 -133 0
> 11422 2953 -324 354 122 1
! -4764 -7906 SHIELD sims=453117 RUNNER
! -3899 15809 0 sims=453117 BLOCKER
> 10043 4113 -432 358 113 0
> 8175 6226 -187 123 69 1
> 8784 7139 -62 376 -133 0
> 11098 3307 -275 300 140 1
! -29030 96163 200
! 13408 106088 0
> 10043 4113 -432 358 113 0
> 8175 6226 -187 123 69 1
> 8784 7139 -62 376 -133 0
> 11098 3307 -275 300 140 1
! 332 -10987 0 sims=465479 RUNNER
! -7446 10799 200 sims=465479 BLOCKER
> 9533 4655 -433 460 113 0
> 7988 6349 -158 104 87 1
> 8722 7515 -52 319 -115 0
> 10638 3682 -391 318 158 1
! -29540 96705 0
! 43824 99707 0
> 9533 4655 -433 460 113 0
> 7988 6349 -158 104 87 1
> 8722 7515 -52 319 -115 0
> 10638 3682 -391 318 158 1
! 6285 -12336 0 sims=443933 RUNNER
! -4683 16538 200 sims=443933 BLOCKER
> 9100 5115 -368 391 113 0
> 7830 6453 -134 88 69 1
> 8670 7834 -44 271 -97 0
> 10094 4129 -462 379 140 1
! -29973 97165 0
! 70762 84167 200
> 9100 5115 -368 391 113 0
> 7830 6453 -134 88 69 1
> 8670 7834 -44 271 -97 0
> 10094 4129 -462 379 140 1
! 218 -10292 0 sims=401884 RUNNER
! -5227 16985 200 sims=401884 BLOCKER
> 8732 5506 -312 332 113 0
> 7696 6541 -113 74 51 1
> 8626 8105 -37 230 -115 0
> 9479 4637 -522 431 140 1
! -30341 97556 0
! 91563 61004 200
> 8732 5506 -312 332 113 0
> 7696 6541 -113 74 51 1
> 8626 8105 -37 230 -115 0
> 9479 4637 -522 431 140 1
! 6189 -11746 0 sims=392868 RUNNER
! -5842 17493 200 sims=392868 BLOCKER
> 8391 5882 -443 559 113 0
> 7751 6724 46 155 33 1
> 8589 8335 -31 195 -97 0
> 8832 5152 -395 198 140 1
! -324 105501 0
! 91618 61187 200
> 8391 5882 -443 559 113 0
> 7751 6724 46 155 33 1
> 8589 8335 -31 195 -97 0
> 8832 5152 -395 198 140 1
! 137 -9791 0 sims=408961 RUNNER
! -6489 18008 200 sims=408961 BLOCKER
> 8056 6248 -278 349 95 0
> 7822 7273 -30 648 33 1
> 8558 8530 -26 165 -115 0
> 8319 5387 -351 -20 140 1
! 30551 103685 0
! 104414 33154 200
> 8056 6248 -278 349 95 0
> 7822 7273 -30 648 33 1
> 8558 8530 -26 165 -115 0
> 8319 5387 -351 -20 140 1
! 6121 -11321 200 sims=456680 RUNNER
! -10225 12879 0 sims=456680 BLOCKER
> 7778 6597 -236 296 77 1
> 7944 7928 -254 166 15 1
> 8549 8541 350 399 -97 0
> 7968 5367 -298 -17 158 1
! 59281 92313 0
! 107806 2694 200
> 7778 6597 -236 296 77 1
> 7944 7928 -254 166 15 1
> 8549 8541 350 399 -97 0
> 7968 5367 -298 -17 158 1
! 97 -9585 200 sims=459431 RUNNER
! -11983 6762 0 sims=459431 BLOCKER
> 7542 6893 -200 251 59 1
> 7890 8084 -46 132 -3 1
> 8814 8759 225 185 -115 0
> 7670 5350 -253 -14 176 1
! 83012 72498 0
! 107752 2850 200
> 7542 6893 -200 251 59 1
> 7890 8084 -46 132 -3 1
> 8814 8759 225 185 -115 0
> 7670 5350 -253 -14 176 1
! 362 -9367 200 sims=456512 RUNNER
! -10874 12842 0 sims=456512 BLOCKER
> 7342 7144 -170 213 41 1
> 8044 8206 130 103 -3 1
> 8954 8763 119 3 -115 0
> 7417 5336 -215 -11 158 1
! 99392 46217 0
! 101401 -27630 0
> 7342 7144 -170 213 41 1
> 8044 8206 130 103 -3 1
> 8954 8763 119 3 -115 0
> 7417 5336 -215 -11 158 1
! -4686 -5864 0 sims=428708 RUNNER
! -12534 6731 0 sims=428708 BLOCKER
> 7172 7357 -144 181 23 1
> 8174 8309 110 87 -21 1
> 9073 8766 101 2 -133 0
> 7202 5325 -182 -9 176 1
! 106791 16072 200
! 85888 -54623 0
> 7172 7357 -144 181 23 1
> 8174 8309 110 87 -21 1
> 9073 8766 101 2 -133 0
> 7202 5325 -182 -9 176 1
! -8419 -930 200 sims=370685 RUNNER
! -11342 12817 0 sims=370685 BLOCKER
> 7227 7555 46 168 5 1
> 8252 8383 -95 -2 -39 1
> 9031 8684 125 -4 -151 0
> 7020 5316 -154 -7 158 1
! 104664 -14940 200
! 85966 -54549 0
> 7227 7555 46 168 5 1
> 8252 8383 -95 -2 -39 1
> 9031 8684 125 -4 -151 0
> 7020 5316 -154 -7 158 1
! -4609 -5943 200 sims=408282 RUNNER
! -12931 6711 0 sims=408282 BLOCKER
> 7468 7678 204 104 -13 1
> 8157 8381 -80 -1 -39 1
> 9020 8534 -9 -127 -133 0
> 6866 5309 -130 -5 176 1
! 93184 -43825 0
! 62620 -75486 200
> 7468 7678 204 104 -13 1
> 8157 8381 -80 -1 -39 1
> 9020 8534 -9 -127 -133 0
> 6866 5309 -130 -5 176 1
! -8472 -1162 200 sims=387562 RUNNER
! -11678 12801 0 sims=387562 BLOCKER
> 7491 7603 -131 -212 -31 1
> 8165 8362 -25 112 -57 1
> 9038 8339 199 -144 -151 0
> 6736 5304 -110 -4 158 1
! 73096 -67868 0
! 62628 -75505 200
> 7491 7603 -131 -212 -31 1
> 8165 8362 -25 112 -57 1
> 9038 8339 199 -144 -151 0
> 6736 5304 -110 -4 158 1
! -10595 4523 200 sims=416542 RUNNER
! -8585 18160 0 sims=416542 BLOCKER
> 7360 7391 -111 -180 -49 1
> 8249 8306 71 -47 -57 1
> 9041 8157 2 -154 -169 0
> 6626 5300 -93 -3 140 1
! 46433 -84659 0
! 85963 -54626 200
> 7360 7391 -111 -180 -49 1
> 8249 8306 71 -47 -57 1
> 9041 8157 2 -154 -169 0
> 6626 5300 -93 -3 140 1
! -10810 10594 0 sims=390607 RUNNER
! -3972 22261 0 sims=390607 BLOCKER
> 7249 7211 -94 -153 -67 1
> 8253 8175 -1 -110 -39 1
> 9265 7961 195 -167 173 0
> 6533 5297 -79 -2 122 2
! 15964 -92408 200
! 101611 -27661 200
> 7249 7211 -94 -153 -67 1
> 8253 8175 -1 -110 -39 1
> 9265 7961 195 -167 173 0
> 6533 5297 -79 -2 122 2
! -10368 4145 200 sims=431053 RUNNER
! 1695 24703 0 sims=431053 BLOCKER
> 7172 6859 -65 -299 -85 1
> 8439 7993 157 -154 -21 1
> 9264 7756 -1 -174 -169 0
> 6454 5295 -67 -1 104 2
! -15323 -90577 200
! 86153 -54939 200
> 7172 6859 -65 -299 -85 1
> 8439 7993 157 -154 -21 1
> 9264 7756 -1 -174 -169 0
> 6454 5295 -67 -1 104 2
! -10369 3940 200 sims=393085 RUNNER
! 7849 25246 0 sims=393085 BLOCKER
> 7062 6365 -93 -419 -103 1
> 8321 7842 -147 -114 -39 1
> 9497 7415 245 -304 -169 0
> 6387 5294 -56 0 86 2
! -44441 -79351 0
! 86035 -55090 0
> 7062 6365 -93 -419 -103 1
> 8321 7842 -147 -114 -39 1
> 9497 7415 245 -304 -169 0
> 6387 5294 -56 0 86 2
! -10354 9852 200 sims=421260 RUNNER
! 13879 23838 0 sims=421260 BLOCKER
> 6969 5946 -79 -356 -121 1
> 8174 7728 -124 -96 -39 1
> 9543 7135 39 -237 173 0
> 6331 5294 -47 0 68 2
! -68502 -59659 200
! 85888 -55204 200
> 6969 5946 -79 -356 -121 1
> 8174 7728 -124 -96 -39 1
> 9543 7135 39 -237 173 0
> 6331 5294 -47 0 68 2
! -8583 15587 200 sims=408723 RUNNER
! 19187 20615 200 sims=408723 BLOCKER
> 7144 5835 218 -29 -139 1
> 8205 7506 26 -188 -39 1
> 9401 6983 -120 -129 155 0
> 6008 5071 -344 -254 50 2
! -84906 -33238 200
! 101563 -28330 200
> 7144 5835 218 -29 -139 1
> 8205 7506 26 -188 -39 1
> 9401 6983 -120 -129 155 0
> 6008 5071 -344 -254 50 2
! -5226 20623 0 sims=393218 RUNNER
! 18864 20392 200 sims=393218 BLOCKER
> 7178 5728 28 -91 -157 1
> 8418 7246 180 -220 -21 1
> 9281 6854 -102 -109 137 0
> 5793 4970 -183 -85 50 2
! -84872 -33345 200
! 101776 -28590 200
> 7178 5728 28 -91 -157 1
> 8418 7246 180 -220 -21 1
> 9281 6854 -102 -109 137 0
> 5793 4970 -183 -85 50 2
! -8845 15306 200 sims=399140 RUNNER
! 22754 15568 200 sims=399140 BLOCKER
> 7022 5559 -132 -143 -157 1
> 8282 7187 -229 2 -21 1
> 9501 6597 300 -271 155 0
> 5780 4991 -11 17 32 2
! -92597 -3156 200
! 85996 -55745 0
> 7022 5559 -132 -143 -157 1
> 8282 7187 -229 2 -21 1
> 9501 6597 300 -271 155 0
> 5780 4991 -11 17 32 2
! -8625 15049 200 sims=405916 RUNNER
! 25186 9829 200 sims=405916 BLOCKER
> 6691 5399 -281 -136 -175 1
> 8053 7189 -194 1 -39 1
> 9620 6411 100 -158 155 0
> 5963 5056 155 55 14 2
! -85359 -33674 SHIELD
! 101411 -28647 0
> 6691 5399 -281 -136 -175 1
> 8053 7189 -194 1 -39 1
> 9620 6411 100 -158 155 0
> 5963 5056 155 55 14 2
! -8506 14863 200 sims=479045 RUNNER
! 25369 9894 SHIELD sims=479045 BLOCKER
> 6836 5464 126 56 -157 1
> 7859 7190 -164 0 -21 1
> 9539 6338 -69 -62 155 0
> 5692 4910 -234 -125 14 2
! -68635 -60141 0
! 101217 -28646 200
> 6836 5464 126 56 -157 1
> 7859 7190 -164 0 -21 1
> 9539 6338 -69 -62 155 0
> 5692 4910 -234 -125 14 2
! -8587 14790 200 sims=375809 RUNNER
! 25643 3515 0 sims=375809 BLOCKER
> 6962 5520 107 47 -139 1
> 7882 7118 19 -60 -21 1
> 9289 6361 -212 19 155 0
> 5458 4785 -198 -106 -4 2
! -68509 -60085 0
! 101240 -28718 200
> 6962 5520 107 47 -139 1
> 7882 7118 19 -60 -21 1
> 9289 6361 -212 19 155 0
> 5458 4785 -198 -106 -4 2
! -8837 14813 200 sims=414848 RUNNER
! 24002 -2707 0 sims=414848 BLOCKER
> 7069 5567 90 39 -139 1
> 8088 6986 174 -111 -21 1
> 8896 6465 -334 87 155 0
> 5260 4679 -168 -90 -22 2
! -84981 -33506 0
! 101446 -28850 SHIELD
> 7069 5567 90 39 -139 1
> 8088 6986 174 -111 -21 1
> 8896 6465 -334 87 155 0
> 5260 4679 -168 -90 -22 2
! -9230 14917 SHIELD sims=450198 RUNNER
! 23804 -2813 0 sims=450198 BLOCKER
> 7159 5606 76 33 -157 1
> 7961 7087 -219 164 -21 1
> 8863 6340 83 -185 155 0
> 5092 4589 -142 -76 -22 2
! -84891 -33467 200
! 101319 -28749 0
> 7159 5606 76 33 -157 1
> 7961 7087 -219 164 -21 1
> 8863 6340 83 -185 155 0
> 5092 4589 -142 -76 -22 2
! -5764 19980 0 sims=444850 RUNNER
! 23636 -2903 200 sims=444850 BLOCKER
> 7051 5561 -91 -38 -157 1
> 7742 7251 -186 139 -21 1
> 8946 6155 70 -157 137 0
> 5135 4438 36 -128 -22 2
! -68420 -60044 200
! 85456 -55681 0
> 7051 5561 -91 -38 -157 1
> 7742 7251 -186 139 -21 1
> 8946 6155 70 -157 137 0
> 5135 4438 36 -128 -22 2
! -9180 14607 0 sims=418425 RUNNER
! 23679 -3054 200 sims=418425 BLOCKER
> 6809 5392 -205 -143 -139 1
> 7556 7390 -158 118 -39 1
> 9016 5998 59 -133 155 0
> 5356 4235 188 -172 -22 2
! -44694 -80324 200
! 62019 -76477 0
> 6809 5392 -205 -143 -139 1
> 7556 7390 -158 118 -39 1
> 9016 5998 59 -133 155 0
> 5356 4235 188 -172 -22 2
! -5611 19638 0 sims=441399 RUNNER
! 23900 -3257 200 sims=441399 BLOCKER
> 6501 5078 -261 -267 -121 2
> 7398 7508 -134 100 -57 1
> 9075 5865 50 -113 137 0
> 5729 3988 317 -209 -22 2
! -15994 -92358 0
! 61861 -76359 200
> 6501 5078 -261 -267 -121 2
> 7398 7508 -134 100 -57 1
> 9075 5865 50 -113 137 0
> 5729 3988 317 -209 -22 2
! -5552 19505 200 sims=400708 RUNNER
! 25680 2593 200 sims=400708 BLOCKER
> 6240 4811 -221 -226 -103 2
> 7373 7440 -21 -57 -57 1
> 8979 5888 -81 19 137 0
> 6246 3765 439 -189 -4 2
! 14955 -94808 0
! 85087 -55492 200
> 6240 4811 -221 -226 -103 2
> 7373 7440 -21 -57 -57 1
> 8979 5888 -81 19 137 0
> 6246 3765 439 -189 -4 2
! -5648 19528 200 sims=425425 RUNNER
! 26197 2370 200 sims=425425 BLOCKER
> 6019 4585 -187 -192 -85 2
> 7507 7257 114 -155 -39 1
> 8752 6043 -193 132 137 0
> 6885 3562 542 -172 -4 2
! 45092 -87465 0
! 85221 -55675 200
> 6019 4585 -187 -192 -85 2
> 7507 7257 114 -155 -39 1
> 8752 6043 -193 132 137 0
> 6885 3562 542 -172 -4 2
! -5875 19683 200 sims=408310 RUNNER
! 26291 8400 0 sims=408310 BLOCKER
> 5832 4393 -158 -163 -67 2
> 7776 6976 229 -238 -39 1
> 8413 6311 -288 228 137 0
> 7427 3390 460 -146 14 2
! 71437 -71078 200
! 62239 -76891 SHIELD
> 5832 4393 -158 -163 -67 2
> 7776 6976 229 -238 -39 1
> 8413 6311 -288 228 137 0
> 7427 3390 460 -146 14 2
! -6214 19951 SHIELD sims=450730 RUNNER
! 27378 1995 0 sims=450730 BLOCKER
> 5805 4079 -22 -266 -49 2
> 7613 7156 -208 227 -57 1
> 8517 6121 158 -236 137 0
> 7887 3244 391 -124 -4 2
! 91521 -47424 200
! 62076 -76711 0
> 5805 4079 -22 -266 -49 2
> 7613 7156 -208 227 -57 1
> 8517 6121 158 -236 137 0
> 7887 3244 391 -124 -4 2
! -6110 19761 0 sims=441133 RUNNER
! 27293 8082 0 sims=441133 BLOCKER
> 5954 3710 127 -313 -31 2
> 7405 7383 -176 192 -57 1
> 8675 5885 134 -200 137 0
> 8278 3120 332 -105 14 2
! 103390 -18785 200
! 61868 -76484 0
> 5954 3710 127 -313 -31 2
> 7405 7383 -176 192 -57 1
> 8675 5885 134 -200 137 0
> 8278 3120 332 -105 14 2
! -1021 23377 0 sims=439922 RUNNER
! 28229 1725 0 sims=439922 BLOCKER
> 6276 3352 273 -304 -13 2
> 7229 7575 -149 163 -57 1
> 8809 5685 113 -170 119 0
> 8610 3015 282 -89 -4 2
! 105895 12067 200
! 33110 -89017 200
> 6276 3352 273 -304 -13 2
> 7229 7575 -149 163 -57 1
> 8809 5685 113 -170 119 0
> 8610 3015 282 -89 -4 2
! -5818 19325 0 sims=442505 RUNNER
! 27154 -4477 0 sims=442505 BLOCKER
> 6748 3065 401 -243 5 2
> 7080 7738 -126 138 -75 1
> 8922 5515 96 -144 137 0
> 8892 2926 239 -75 -22 2
! 98798 42138 200
! 61543 -76129 200
> 6748 3065 401 -243 5 2
> 7080 7738 -126 138 -75 1
> 8922 5515 96 -144 137 0
> 8892 2926 239 -75 -22 2
! -5705 19155 200 sims=395094 RUNNER
! 24213 -9930 0 sims=395094 BLOCKER
> 7333 2900 497 -140 23 2
> 7063 7708 -14 -25 -57 1
> 8872 5507 -42 -6 137 0
> 9131 2851 203 -63 -40 2
! 99383 41973 200
! 61526 -76159 200
> 7333 2900 497 -140 23 2
> 7063 7708 -14 -25 -57 1
> 8872 5507 -42 -6 137 0
> 9131 2851 203 -63 -40 2
! -5755 19147 200 sims=399728 RUNNER
! 19729 -14110 0 sims=399728 BLOCKER
> 8014 2838 578 -52 23 2
> 7158 7515 80 -163 -57 1
> 8684 5637 -160 110 137 0
> 9334 2788 172 -53 -58 2
! 100064 41911 200
! 61621 -76352 200
> 8014 2838 578 -52 23 2
> 7158 7515 80 -163 -57 1
> 8684 5637 -160 110 137 0
> 9334 2788 172 -53 -58 2
! -1012 23129 200 sims=421078 RUNNER
! 14172 -16618 0 sims=421078 BLOCKER
> 8718 2873 167 95 23 2
> 7347 7184 160 -281 -57 1
> 8427 5922 -218 242 119 0
> 9564 2726 626 -118 -76 2
! 108337 11588 200
! 85061 -55748 200
> 8718 2873 167 95 23 2
> 7347 7184 160 -281 -57 1
> 8427 5922 -218 242 119 0
> 9564 2726 626 -118 -76 2
! -6200 19562 200 sims=407533 RUNNER
! 8169 -17225 0 sims=407533 BLOCKER
> 9084 2985 311 95 5 2
> 7548 6913 -301 328 -39 1
> 8177 6165 260 -352 137 0
> 10190 2608 532 -100 -94 2
! 106521 -19510 200
! 85262 -56019 200
> 9084 2985 311 95 5 2
> 7548 6913 -301 328 -39 1
> 8177 6165 260 -352 137 0
> 10190 2608 532 -100 -94 2
! -6450 19805 200 sims=456176 RUNNER
! 2698 -15936 0 sims=456176 BLOCKER
> 9590 3035 429 42 -13 2
> 7402 7115 -123 171 -39 1
> 8291 5949 96 -183 137 0
> 10722 2508 452 -85 -112 2
! 107026 -19460 200
! 61865 -76752 200
> 9590 3035 429 42 -13 2
> 7402 7115 -123 171 -39 1
> 8291 5949 96 -183 137 0
> 10722 2508 452 -85 -112 2
! -1405 23441 200 sims=445452 RUNNER
! -2134 -12813 200 sims=445452 BLOCKER
> 10214 3032 530 -2 -13 2
> 7388 7118 -11 2 -57 1
> 8290 5941 0 -6 119 0
> 11045 2270 274 -202 -130 0
! 109833 11747 0
! 61851 -76749 200
> 10214 3032 530 -2 -13 2
> 7388 7118 -11 2 -57 1
> 8290 5941 0 -6 119 0
> 11045 2270 274 -202 -130 0
! -6337 19581 200 sims=393708 RUNNER
! -5916 -8328 0 sims=393708 BLOCKER
> 10744 3030 450 -1 5 0
> 7486 6952 83 -140 -57 1
> 8144 6071 -124 110 137 0
> 11319 2068 232 -171 -148 0
! 102794 42103 0
! 61949 -76915 200
> 10744 3030 450 -1 5 0
> 7486 6952 83 -140 -57 1
> 8144 6071 -124 110 137 0
> 11319 2068 232 -171 -148 0
! -6483 19711 SHIELD sims=443107 RUNNER
! -8087 -2770 200 sims=443107 BLOCKER
> 11194 3029 382 0 23 0
> 7435 6971 -319 388 -57 1
> 8044 6148 -57 28 137 0
> 11357 1849 32 -186 -166 0
! 86664 68634 0
! 61898 -76896 200
> 11194 3029 382 0 23 0
> 7435 6971 -319 388 -57 1
> 8044 6148 -57 28 137 0
> 11357 1849 32 -186 -166 0
! -1652 23640 0 sims=444185 RUNNER
! -8594 3244 200 sims=444185 BLOCKER
> 11576 3029 324 0 41 0
> 7225 7191 -178 187 -57 1
> 7987 6176 -48 23 119 0
> 11189 1677 -142 -146 -184 0
! 63079 88745 0
! 84939 -55741 200
> 11576 3029 324 0 41 0
> 7225 7191 -178 187 -57 1
> 7987 6176 -48 23 119 0
> 11189 1677 -142 -146 -184 0
! -1709 23668 0 sims=383264 RUNNER
! -7355 9169 200 sims=383264 BLOCKER
> 11900 3029 275 0 59 0
> 7202 7252 -19 51 -39 1
> 7939 6199 -40 19 119 0
> 10862 1606 -278 -60 158 0
! 34395 100466 0
! 61665 -76615 200
> 11900 3029 275 0 59 0
> 7202 7252 -19 51 -39 1
> 7939 6199 -40 19 119 0
> 10862 1606 -278 -60 158 0
! -1757 23691 0 sims=337687 RUNNER
! -4459 14462 200 sims=337687 BLOCKER
> 12175 3029 233 0 77 0
> 7292 7135 76 -99 -57 1
> 7899 6218 -34 16 119 0
> 10431 1675 -366 58 140 0
! 3459 102648 200
! 61755 -76732 200
> 12175 3029 233 0 77 0
> 7292 7135 76 -99 -57 1
> 7899 6218 -34 16 119 0
> 10431 1675 -366 58 140 0
! -1797 23710 200 sims=321594 RUNNER
! -167 18636 200 sims=321594 BLOCKER
> 12391 3228 183 169 95 0
> 7337 7083 -100 169 -57 1
> 7908 6194 146 -233 119 0
> 9959 1903 -401 193 122 0
! -26682 95278 200
! 61800 -76784 200
> 12391 3228 183 169 95 0
> 7337 7083 -100 169 -57 1
> 7908 6194 146 -233 119 0
> 9959 1903 -401 193 122 0
! -1788 23686 200 sims=392679 RUNNER
! 5121 21309 200 sims=392679 BLOCKER
> 12496 3581 89 300 113 0
> 7346 7084 7 1 -57 1
> 7957 6136 41 -49 119 0
> 9510 2290 -381 328 104 0
! -53109 79051 200
! 61809 -76783 200
> 12496 3581 89 300 113 0
> 7346 7084 7 1 -57 1
> 7957 6136 41 -49 119 0
> 9510 2290 -381 328 104 0
! -1739 23628 200 sims=370545 RUNNER
! 10905 22241 200 sims=370545 BLOCKER
> 12454 4032 -35 383 131 0
> 7456 6927 -61 97 -57 1
> 7907 6253 112 -132 119 0
> 9143 2818 -311 448 86 0
! -73262 55535 200
! 61919 -76940 200
> 12454 4032 -35 383 131 0
> 7456 6927 -61 97 -57 1
> 7907 6253 112 -132 119 0
> 9143 2818 -311 448 86 0
! -1789 23745 200 sims=344421 RUNNER
! 16635 21362 200 sims=344421 BLOCKER
> 12248 4518 -175 413 149 0
> 7415 6988 -43 64 -57 1
> 8011 6164 96 -87 119 0
> 8907 3451 -200 538 68 0
! -73468 56021 200
! 85129 -55944 200
> 12248 4518 -175 413 149 0
> 7415 6988 -43 64 -57 1
> 8011 6164 96 -87 119 0
> 8907 3451 -200 538 68 0
! -1685 23656 200 sims=369054 RUNNER
! 16399 21995 200 sims=369054 BLOCKER
> 11902 5034 -294 438 149 0
> 7527 6926 95 -52 -39 1
> 8010 6252 0 74 119 0
> 8782 4174 -106 614 68 0
! -73814 56537 200
! 61990 -76941 SHIELD
> 11902 5034 -294 438 149 0
> 7527 6926 95 -52 -39 1
> 8010 6252 0 74 119 0
> 8782 4174 -106 614 68 0
! -6617 19892 0 sims=359814 RUNNER
! 16274 22718 200 sims=359814 BLOCKER
> 11437 5575 -395 459 149 0
> 7608 6893 66 -24 -57 1
> 8146 6136 141 -135 137 0
> 8751 4973 -26 679 68 0
! -74279 57078 200
! 85322 -56039 200
> 11437 5575 -395 459 149 0
> 7608 6893 66 -24 -57 1
> 8146 6136 141 -135 137 0
> 8751 4973 -26 679 68 0
! -1550 23628 0 sims=381059 RUNNER
! 16243 23517 SHIELD sims=381059 BLOCKER
> 10871 6137 -481 477 149 0
> 7561 7034 -525 830 -39 1
> 8113 6200 -8 -64 119 0
> 8754 5616 48 487 68 0
! -86565 28632 200
! 62024 -76833 0
> 10871 6137 -481 477 149 0
> 7561 7034 -525 830 -39 1
> 8113 6200 -8 -64 119 0
> 8754 5616 48 487 68 0
! -6514 19840 200 sims=415184 RUNNER
! 16246 24160 SHIELD sims=415184 BLOCKER
> 10195 6659 -574 443 167 0
> 7036 7864 -446 705 -57 1
> 7959 6272 -131 61 137 0
> 8802 6103 40 413 68 0
! -89424 -2056 0
! 84750 -55068 0
> 10195 6659 -574 443 167 0
> 7036 7864 -446 705 -57 1
> 7959 6272 -131 61 137 0
> 8802 6103 40 413 68 0
! -10167 14724 200 sims=367787 RUNNER
! 21658 21424 0 sims=367787 BLOCKER
> 9621 7102 -487 376 -175 0
> 6590 8569 -379 599 -39 1
> 7647 6418 -265 123 155 1
> 8842 6516 34 351 50 0
! -82429 -31971 0
! 99948 -27267 200
> 9621 7102 -487 376 -175 0
> 6590 8569 -379 599 -39 1
> 7647 6418 -265 123 155 1
> 8842 6516 34 351 50 0
! -12204 8855 0 sims=440580 RUNNER
! 21698 21837 SHIELD sims=440580 BLOCKER
> 9342 7712 -77 697 -157 0
> 6398 9096 -163 448 -21 1
> 7382 6541 -225 104 173 1
> 8855 6844 -4 260 50 0
! -66129 -57893 200
! 84112 -53836 200
> 9342 7712 -77 697 -157 0
> 6398 9096 -163 448 -21 1
> 7382 6541 -225 104 173 1
> 8855 6844 -4 260 50 0
! -12251 2725 0 sims=482825 RUNNER
! 16347 25388 0 sims=482825 BLOCKER
> 9114 8278 -193 480 -139 0
> 6390 9418 -6 273 -39 1
> 7157 6645 -191 88 -169 1
> 8851 7104 -3 221 68 0
! -42389 -77438 200
! 84104 -53514 200
> 9114 8278 -193 480 -139 0
> 6390 9418 -6 273 -39 1
> 7157 6645 -191 88 -169 1
> 8851 7104 -3 221 68 0
! -10335 -3051 0 sims=433223 RUNNER
! 10246 27055 0 sims=433223 BLOCKER
> 8818 8587 -251 262 -121 0
> 6539 9565 127 125 -39 1
> 6966 6733 -162 74 -151 1
> 8848 7325 -2 187 86 0
! -42685 -77129 200
! 84253 -53367 200
> 8818 8587 -251 262 -121 0
> 6539 9565 127 125 -39 1
> 6966 6733 -162 74 -151 1
> 8848 7325 -2 187 86 0
! -6674 -7894 0 sims=427434 RUNNER
! 4010 26731 0 sims=427434 BLOCKER
> 8464 8678 -300 76 -121 0
> 6821 9564 240 0 -39 1
> 6804 6807 -137 62 -133 1
> 8846 7512 -1 158 104 0
! -14031 -88758 200
! 61284 -74303 200
> 8464 8678 -300 76 -121 0
> 6821 9564 240 0 -39 1
> 6804 6807 -137 62 -133 1
> 8846 7512 -1 158 104 0
! -1648 -11319 200 sims=433671 RUNNER
! -1752 24473 200 sims=433671 BLOCKER
> 8119 8559 -293 -101 -103 0
> 7170 9396 296 -142 -57 1
> 6582 6688 -188 -101 -115 1
> 8739 7840 -90 278 122 0
! 16834 -91060 200
! 33051 -87196 200
> 8119 8559 -293 -101 -103 0
> 7170 9396 296 -142 -57 1
> 6582 6688 -188 -101 -115 1
> 8739 7840 -90 278 122 0
! 4145 -13163 0 sims=364350 RUNNER
! -6582 20696 0 sims=364350 BLOCKER
> 7843 8259 -234 -255 -85 0
> 7518 9061 295 -284 -75 1
> 6394 6587 -159 -85 -97 1
> 8649 8118 -76 236 140 0
! -14652 -89177 200
! 61981 -74806 200
> 7843 8259 -234 -255 -85 0
> 7518 9061 295 -284 -75 1
> 6394 6587 -159 -85 -97 1
> 8649 8118 -76 236 140 0
! 10210 -13046 0 sims=417641 RUNNER
! -9895 15610 200 sims=417641 BLOCKER
> 7564 7809 -237 -382 -103 0
> 7659 8773 -354 52 -57 1
> 6235 6502 -135 -72 -79 1
> 8650 8265 475 -172 158 0
! -43939 -77907 200
! 62122 -75094 200
> 7564 7809 -237 -382 -103 0
> 7659 8773 -354 52 -57 1
> 6235 6502 -135 -72 -79 1
> 8650 8265 475 -172 158 0
! 15931 -10990 0 sims=429611 RUNNER
! -11301 9660 0 sims=429611 BLOCKER
