@ 0 reCurse
@ 1 YurkovAS
CP 3
CP 5999 5344
CP 11322 2814
CP 7501 6939
> 5784 4892 0 0 -1 1
> 6214 5796 0 0 -1 1
> 5355 3989 0 0 -1 1
> 6643 6699 0 0 -1 1
! 83971 -57451 200
! 72768 -68839 200
> 5784 4892 0 0 -1 1
> 6214 5796 0 0 -1 1
> 5355 3989 0 0 -1 1
> 6643 6699 0 0 -1 1
! 25109 860 BOOST sims=2344489 RUNNER
! 18115 -9684 BOOST sims=2344489 BLOCKER
> 5940 4767 132 -105 -39 1
> 6347 5647 113 -126 -48 1
> 5997 3887 545 -86 -9 1
> 7016 6167 316 -452 -55 1
! 99298 -31069 200
! 92949 -44353 0
> 5940 4767 132 -105 -39 1
> 6347 5647 113 -126 -48 1
> 5997 3887 545 -86 -9 1
> 7016 6167 316 -452 -55 1
! 25751 758 200 sims=291228 RUNNER
! 22989 -5869 200 sims=291228 BLOCKER
> 6259 4590 270 -150 -21 1
> 6460 5521 96 -107 -30 1
> 6740 3770 631 -99 -9 1
> 7492 5595 404 -486 -37 1
! 106121 -643 200
! 104274 -15270 0
> 6259 4590 270 -150 -21 1
> 6460 5521 96 -107 -30 1
> 6740 3770 631 -99 -9 1
> 7492 5595 404 -486 -37 1
! 26494 6899 0 sims=240506 RUNNER
! 23465 -6441 200 sims=240506 BLOCKER
> 6729 4430 399 -136 -3 1
> 6556 5414 81 -90 -12 1
> 7371 3671 536 -84 9 1
> 8056 4989 479 -515 -37 1
! 100086 -31406 0
! 104370 -15377 200
> 6729 4430 399 -136 -3 1
> 6556 5414 81 -90 -12 1
> 7371 3671 536 -84 9 1
> 8056 4989 479 -515 -37 1
! 25191 12751 0 sims=290318 RUNNER
! 19528 -11394 0 sims=290318 BLOCKER
> 7128 4294 339 -115 -21 1
> 6833 5282 235 -111 -12 1
> 7907 3587 455 -71 27 1
> 8535 4474 407 -437 -55 1
! 106990 -939 200
! 93435 -44718 200
> 7128 4294 339 -115 -21 1
> 6833 5282 235 -111 -12 1
> 7907 3587 455 -71 27 1
> 8535 4474 407 -437 -55 1
! 25727 12667 200 sims=286265 RUNNER
! 24508 -7562 200 sims=286265 BLOCKER
> 7667 4169 457 -106 -3 1
> 7241 5071 346 -179 -30 1
> 8410 3487 263 -236 27 1
> 9232 4037 756 -220 -37 1
! 101024 -31667 200
! 74153 -69243 200
> 7667 4169 457 -106 -3 1
> 7241 5071 346 -179 -30 1
> 8410 3487 263 -236 27 1
> 9232 4037 756 -220 -37 1
! 22552 17629 0 sims=283633 RUNNER
! 28142 -2474 0 sims=283633 BLOCKER
> 8311 3991 547 -151 -21 1
> 7721 4743 407 -278 -48 1
> 8673 3251 223 -200 45 1
> 9988 3817 642 -187 -19 1
! 86025 -58941 200
! 94323 -45257 200
> 8311 3991 547 -151 -21 1
> 7721 4743 407 -278 -48 1
> 8673 3251 223 -200 45 1
> 9988 3817 642 -187 -19 1
! 17753 21071 200 sims=271796 BLOCKER
! 25961 -8219 0 sims=271796 RUNNER
> 8988 3925 669 -136 -39 1
> 8170 4491 277 -115 -30 1
> 9144 2892 409 -323 63 1
> 10630 3630 545 -158 -37 1
! 63451 -79942 200
! 94772 -45509 0
> 8988 3925 669 -136 -39 1
> 8170 4491 277 -115 -30 1
> 9144 2892 409 -323 63 1
> 10630 3630 545 -158 -37 1
! 18224 20712 200 sims=279622 BLOCKER
! 22102 -12753 200 sims=279622 RUNNER
> 9766 3621 661 -258 -57 1
> 8447 4376 235 -97 -30 1
> 9644 2747 424 -123 63 1
> 11290 3308 560 -273 -55 2
! 35647 -92971 SHIELD
! 75359 -69938 0
> 9766 3621 661 -258 -57 1
> 8447 4376 235 -97 -30 1
> 9644 2747 424 -123 63 1
> 11290 3308 560 -273 -55 2
! 12773 22501 200 sims=290654 BLOCKER
! 17137 -15818 0 sims=290654 RUNNER
> 10435 3398 571 -177 -75 1
> 8682 4279 199 -82 -48 1
> 10018 2470 290 -354 81 1
> 11850 3035 476 -232 -73 2
! 5201 -96464 0
! 75594 -70035 0
> 10435 3398 571 -177 -75 1
> 8682 4279 199 -82 -48 1
> 10018 2470 290 -354 81 1
> 11850 3035 476 -232 -73 2
! 6889 22224 200 sims=304143 BLOCKER
! 11501 -16962 0 sims=304143 RUNNER
> 11006 3221 485 -150 -93 2
> 8881 4197 169 -69 -48 1
> 10277 2314 219 -132 99 1
> 12326 2803 404 -197 -91 2
! -24830 -90137 0
! 75793 -70117 0
> 11006 3221 485 -150 -93 2
> 8881 4197 169 -69 -48 1
> 10277 2314 219 -132 99 1
> 12326 2803 404 -197 -91 2
! 7148 22068 200 sims=314048 BLOCKER
! 5815 -16107 0 sims=314048 RUNNER
> 11491 3071 412 -127 -111 2
> 9050 4128 143 -58 -48 1
> 10465 2380 159 55 99 1
> 12730 2606 343 -167 -109 2
! -51441 -74643 0
! 95652 -45872 0
> 11491 3071 412 -127 -111 2
> 9050 4128 143 -58 -48 1
> 10465 2380 159 55 99 1
> 12730 2606 343 -167 -109 2
! 7336 22134 200 sims=327747 BLOCKER
! 694 -13367 0 sims=327747 RUNNER
> 11903 2944 350 -107 -129 2
> 9193 4070 121 -49 -30 1
> 10593 2633 108 214 99 1
> 13073 2439 291 -141 -127 2
! -71964 -51519 200
! 107007 -16721 0
> 11903 2944 350 -107 -129 2
> 9193 4070 121 -49 -30 1
> 10593 2633 108 214 99 1
> 13073 2439 291 -141 -127 2
! 1513 20453 200 sims=328643 BLOCKER
! -3310 -9033 0 sims=328643 RUNNER
> 12085 2728 154 -183 -147 2
> 9314 4021 102 -41 -12 1
> 10610 3025 14 333 117 1
> 13364 2298 247 -119 -145 2
! -84507 -23153 200
! 95916 -45979 0
> 12085 2728 154 -183 -147 2
> 9314 4021 102 -41 -12 1
> 10610 3025 14 333 117 1
> 13364 2298 247 -119 -145 2
! 1530 20845 200 sims=342958 BLOCKER
! -5762 -3549 200 sims=342958 RUNNER
> 12046 2493 -33 -199 -165 2
> 9416 3980 86 -34 -30 1
> 10533 3536 -65 434 117 1
> 13420 2121 47 -150 -163 2
! -87816 7726 200
! 76328 -70334 SHIELD
> 12046 2493 -33 -199 -165 2
> 9416 3980 86 -34 -30 1
> 10533 3536 -65 434 117 1
> 13420 2121 47 -150 -163 2
! -3609 17678 0 sims=317989 BLOCKER
! -6577 2470 200 sims=317989 RUNNER
> 11813 2304 -197 -160 -183 2
> 9502 3946 73 -28 -48 1
> 10468 3970 -55 368 135 1
> 13267 1974 -130 -124 -181 2
! -81545 38140 200
! 76414 -70368 0
> 11813 2304 -197 -160 -183 2
> 9502 3946 73 -28 -48 1
> 10468 3970 -55 368 135 1
> 13267 1974 -130 -124 -181 2
! -7352 13050 200 sims=326354 BLOCKER
! -5643 8485 200 sims=326354 RUNNER
> 11429 2216 -326 -75 159 2
> 9575 3918 62 -23 -48 1
> 10235 4429 -198 389 153 1
> 12948 1915 -271 -50 -199 2
! -66285 65148 200
! 50248 -87436 0
> 11429 2216 -326 -75 159 2
> 9575 3918 62 -23 -48 1
> 10235 4429 -198 389 153 1
> 12948 1915 -271 -50 -199 2
! -9519 7558 0 sims=323127 BLOCKER
! -3025 13951 200 sims=323127 RUNNER
> 10948 2267 -409 43 141 2
> 9637 3895 52 -19 -66 1
> 10037 4818 -168 330 171 1
> 12517 1985 -366 59 143 2
! -43515 86134 0
! 76549 -70419 0
> 10948 2267 -409 43 141 2
> 9637 3895 52 -19 -66 1
> 10037 4818 -168 330 171 1
> 12517 1985 -366 59 143 2
! -7783 13898 0 sims=251797 BLOCKER
! -3456 14021 200 sims=251797 RUNNER
> 10539 2310 -347 36 123 2
> 9689 3876 44 -16 -48 1
> 9869 5148 -142 280 153 1
> 11991 2164 -446 152 143 2
! -15342 98902 0
! 76601 -70438 200
> 10539 2310 -347 36 123 2
> 9689 3876 44 -16 -48 1
> 9869 5148 -142 280 153 1
> 11991 2164 -446 152 143 2
! -9885 8277 0 sims=315658 BLOCKER
! -6919 8675 200 sims=315658 RUNNER
> 10192 2346 -294 30 105 2
> 9867 3711 151 -139 -48 1
> 9727 5428 -120 238 171 1
> 11356 2381 -539 184 161 2
! -44271 86213 200
! 50540 -87643 200
> 10192 2346 -294 30 105 2
> 9867 3711 151 -139 -48 1
> 9727 5428 -120 238 171 1
> 11356 2381 -539 184 161 2
! -10027 2299 0 sims=304458 BLOCKER
! -4617 14417 0 sims=304458 RUNNER
> 9789 2544 -342 168 123 2
> 10099 3389 197 -273 -66 1
> 9607 5666 -102 202 189 1
> 10817 2565 -458 156 143 2
! -16092 99136 200
! 77011 -70925 200
> 9789 2544 -342 168 123 2
> 10099 3389 197 -273 -66 1
> 9607 5666 -102 202 189 1
> 10817 2565 -458 156 143 2
! -8213 -3414 0 sims=315553 BLOCKER
! -655 18948 0 sims=315553 RUNNER
> 9395 2905 -334 307 105 2
> 10049 3486 -187 280 -48 1
> 9505 5868 -86 171 207 1
> 10740 2202 79 -506 125 2
! 14628 102767 200
! 50722 -87868 0
> 9395 2905 -334 307 105 2
> 10049 3486 -187 280 -48 1
> 9505 5868 -86 171 207 1
> 10740 2202 79 -506 125 2
! -4637 -8274 200 sims=316421 BLOCKER
! -732 18585 200 sims=316421 RUNNER
> 9071 3412 -275 430 87 2
> 9862 3766 -158 238 -66 1
> 9278 5898 -193 25 225 1
> 10704 1860 -30 -290 125 2
! 44907 96770 200
! 20314 -95686 0
> 9071 3412 -275 430 87 2
> 9862 3766 -158 238 -66 1
> 9278 5898 -193 25 225 1
> 10704 1860 -30 -290 125 2
! 198 -11922 200 sims=302036 BLOCKER
! -5269 13896 200 sims=302036 RUNNER
> 8868 4029 -172 524 69 2
> 9704 4004 -134 202 -84 1
> 8994 5745 -241 -130 243 1
> 10514 1690 -161 -144 143 2
! 71800 81743 200
! -11087 -93810 200
> 8868 4029 -172 524 69 2
> 9704 4004 -134 202 -84 1
> 8994 5745 -241 -130 243 1
> 10514 1690 -161 -144 143 2
! 5865 -14009 0 sims=295687 BLOCKER
! -5459 13726 200 sims=295687 RUNNER
> 8822 4708 -39 577 51 2
> 9528 4010 -149 5 -102 1
> 8753 5615 -204 -110 -99 1
> 10193 1666 -272 -20 143 2
! 44658 98066 SHIELD
! -40472 -82592 0
> 8822 4708 -39 577 51 2
> 9528 4010 -149 5 -102 1
> 8753 5615 -204 -110 -99 1
> 10193 1666 -272 -20 143 2
! 5624 -14139 SHIELD sims=316029 BLOCKER
! -8717 8177 200 sims=316029 RUNNER
> 8849 4736 34 -68 69 2
> 9379 4015 -126 4 -120 1
> 8483 6054 -241 465 -99 1
> 9732 1711 -391 38 161 2
! 14082 104598 SHIELD
! -64935 -62898 0
> 8849 4736 34 -68 69 2
> 9379 4015 -126 4 -120 1
> 8483 6054 -241 465 -99 1
> 9732 1711 -391 38 161 2
! 5354 -13700 0 sims=346563 BLOCKER
! -6241 13747 200 sims=346563 RUNNER
> 8878 4676 16 -38 87 2
> 9305 3936 14 -187 -138 1
> 8242 6519 -204 395 -99 1
> 9181 1869 -468 134 143 2
! -17003 101268 0
! -82049 -36737 200
> 8878 4676 16 -38 87 2
> 9305 3936 14 -187 -138 1
> 8242 6519 -204 395 -99 1
> 9181 1869 -468 134 143 2
! 11371 -13235 0 sims=350882 BLOCKER
! -9729 8380 200 sims=350882 RUNNER
> 8894 4638 13 -32 105 2
> 9136 3668 -143 -228 -156 1
> 8038 6914 -173 335 -81 1
> 8524 2068 -558 169 161 2
! -45569 88505 0
! -90316 -6784 0
> 8894 4638 13 -32 105 2
> 9136 3668 -143 -228 -156 1
> 8038 6914 -173 335 -81 1
> 8524 2068 -558 169 161 2
! 17118 -10906 0 sims=309778 BLOCKER
! -7449 14104 0 sims=309778 RUNNER
> 8907 4606 11 -27 123 2
> 8993 3440 -121 -193 -174 1
> 7865 7249 -147 284 -63 1
> 7966 2237 -474 143 143 2
! -45556 88473 0
! -88821 24231 0
> 8907 4606 11 -27 123 2
> 8993 3440 -121 -193 -174 1
> 7865 7249 -147 284 -63 1
> 7966 2237 -474 143 143 2
! 10994 -12505 200 sims=322301 BLOCKER
! -3506 18620 0 sims=322301 RUNNER
> 8918 4579 9 -22 123 2
> 8872 3247 -102 -164 -192 1
> 7749 7335 -98 73 -81 1
> 7492 2380 -402 121 125 2
! -68796 67511 200
! -77730 53247 200
> 8918 4579 9 -22 123 2
> 8872 3247 -102 -164 -192 1
> 7749 7335 -98 73 -81 1
> 7492 2380 -402 121 125 2
! 16829 -10485 200 sims=321468 BLOCKER
! 1645 21506 200 sims=321468 RUNNER
> 8772 4683 -124 88 141 2
> 8597 3183 -233 -54 -210 1
> 7742 7230 -6 -89 -63 1
> 7032 2692 -391 265 107 2
! -68942 67615 200
! -58316 77497 200
> 8772 4683 -124 88 141 2
> 8597 3183 -233 -54 -210 1
> 7742 7230 -6 -89 -63 1
> 7032 2692 -391 265 107 2
! 10871 -12524 200 sims=318997 BLOCKER
! 7381 22689 200 sims=318997 RUNNER
> 8493 4897 -237 181 141 2
> 8230 3278 -311 80 132 1
> 7767 6943 21 -243 -81 1
> 6644 3157 -329 395 89 2
! -84865 40733 200
! -32443 94632 200
> 8493 4897 -237 181 141 2
> 8230 3278 -311 80 132 1
> 7767 6943 21 -243 -81 1
> 6644 3157 -329 395 89 2
! 4638 -12811 0 sims=317618 BLOCKER
! 797 22283 200 sims=317618 RUNNER
> 8069 5150 -360 214 159 2
> 7838 3541 -333 223 114 1
> 7788 6700 17 -206 -99 1
> 6257 3743 -329 498 107 2
! -69645 68082 0
! -32835 94895 200
> 8069 5150 -360 214 159 2
> 7838 3541 -333 223 114 1
> 7788 6700 17 -206 -99 1
> 6257 3743 -329 498 107 2
! -1292 -11120 0 sims=317058 BLOCKER
! 410 22869 200 sims=317058 RUNNER
> 7709 5364 -306 181 141 2
> 7424 3947 -352 344 114 1
> 7805 6494 14 -175 -117 1
> 5870 4432 -329 585 107 2
! -46754 89231 0
! -33249 95301 200
> 7709 5364 -306 181 141 2
> 7424 3947 -352 344 114 1
> 7805 6494 14 -175 -117 1
> 5870 4432 -329 585 107 2
! -6337 -7648 200 sims=291963 BLOCKER
! 23 23558 200 sims=291963 RUNNER
> 7370 5434 -362 -193 123 2
> 6991 4474 -368 447 114 1
> 7710 6288 -5 78 -135 1
> 5483 5208 -329 659 107 2
! -18511 102026 0
! -3461 103926 SHIELD
> 7370 5434 -362 -193 123 2
> 6991 4474 -368 447 114 1
> 7710 6288 -5 78 -135 1
> 5483 5208 -329 659 107 2
! -10110 -2792 200 sims=315826 BLOCKER
! 5832 25205 0 sims=315826 RUNNER
> 7195 5547 -165 -6 105 2
> 6594 4867 -354 303 96 1
> 7630 6505 114 591 -153 1
> 5154 5867 -279 560 89 2
! 12428 105409 200
! 27385 102681 0
> 7195 5547 -165 -6 105 2
> 6594 4867 -354 303 96 1
> 7630 6505 114 591 -153 1
> 5154 5867 -279 560 89 2
! -6512 -7637 200 sims=323568 BLOCKER
! 11665 24777 0 sims=323568 RUNNER
> 7040 5741 -131 164 87 2
> 6240 5170 -300 257 78 1
> 7603 6955 -23 382 -135 1
> 4875 6427 -237 476 71 2
! 42876 99099 200
! 56240 91772 0
> 7040 5741 -131 164 87 2
> 6240 5170 -300 257 78 1
> 7603 6955 -23 382 -135 1
> 4875 6427 -237 476 71 2
! -1477 -10865 200 sims=299558 BLOCKER
! 16911 22400 0 sims=299558 RUNNER
> 6981 6092 -50 298 69 2
> 5940 5427 -255 218 60 1
> 7489 7159 -96 173 -117 1
> 4638 6903 -201 404 53 2
! 69913 83806 200
! 55940 92029 0
> 6981 6092 -50 298 69 2
> 5940 5427 -255 218 60 1
> 7489 7159 -96 173 -117 1
> 4638 6903 -201 404 53 2
! -6653 -6983 200 sims=301091 BLOCKER
! 21021 18375 0 sims=301091 RUNNER
> 7013 6426 -82 -16 51 2
> 5685 5645 -216 185 60 1
> 7295 7310 -55 429 -135 1
> 4437 7307 -170 343 35 2
! 69945 84140 200
! 79999 72558 200
> 7013 6426 -82 -16 51 2
> 5685 5645 -216 185 60 1
> 7295 7310 -55 429 -135 1
> 4437 7307 -170 343 35 2
! -1785 -10510 200 sims=312221 BLOCKER
! 23563 13154 200 sims=312221 RUNNER
> 7057 6565 37 118 51 0
> 5618 5964 -57 271 42 1
> 7149 7561 -123 213 -117 1
> 4458 7708 18 341 17 2
! 42893 99923 SHIELD
! 55618 92566 200
> 7057 6565 37 118 51 0
> 5618 5964 -57 271 42 1
> 7149 7561 -123 213 -117 1
> 4458 7708 18 341 17 2
! -1931 -10259 200 sims=264089 BLOCKER
! 24455 7359 200 sims=264089 RUNNER
> 7094 6683 31 100 69 0
> 5661 6408 36 377 60 1
> 6935 7596 -181 29 -117 1
> 4676 8046 185 286 -1 2
! 12327 106545 SHIELD
! 26452 104222 200
> 7094 6683 31 100 69 0
> 5661 6408 36 377 60 1
> 6935 7596 -181 29 -117 1
> 4676 8046 185 286 -1 2
! 3806 -12158 0 sims=299026 BLOCKER
! 23586 1535 200 sims=299026 RUNNER
> 7125 6783 26 85 87 0
> 5739 6981 65 486 78 1
> 6754 7625 -153 24 -99 1
> 5050 8267 317 187 -19 2
! -18756 103375 200
! 55739 93583 0
> 7125 6783 26 85 87 0
> 5739 6981 65 486 78 1
> 6754 7625 -153 24 -99 1
> 5050 8267 317 187 -19 2
! -2326 -10195 200 sims=289296 BLOCKER
! 21023 -3769 200 sims=289296 RUNNER
> 7151 6868 22 72 105 0
> 5698 7445 -305 337 60 1
> 6616 7493 153 -55 -117 1
> 5527 8334 405 56 -37 2
! -47312 90735 0
! 80012 74358 200
> 7151 6868 22 72 105 0
> 5698 7445 -305 337 60 1
> 6616 7493 153 -55 -117 1
> 5527 8334 405 56 -37 2
! 3487 -12261 200 sims=288078 BLOCKER
! 16999 -8049 0 sims=288078 RUNNER
> 7362 6724 192 -136 123 0
> 5563 7566 -109 19 42 1
> 6548 7456 -70 -16 -99 1
> 5911 8740 321 427 -55 2
! -18519 103316 200
! 96917 48239 200
> 7362 6724 192 -136 123 0
> 5563 7566 -109 19 42 1
> 6548 7456 -70 -16 -99 1
> 5911 8740 321 427 -55 2
! 9677 -12298 0 sims=331408 BLOCKER
! 11758 -10386 200 sims=331408 RUNNER
> 7554 6588 163 -115 105 0
> 5637 7666 62 85 24 1
> 6478 7440 -59 -13 -81 1
> 6290 8976 322 200 -73 2
! -18327 103180 200
! 105089 18118 0
> 7554 6588 163 -115 105 0
> 5637 7666 62 85 24 1
> 6478 7440 -59 -13 -81 1
> 6290 8976 322 200 -73 2
! 3349 -12314 0 sims=314783 BLOCKER
! 5941 -11021 200 sims=314783 RUNNER
> 7665 6666 94 66 105 0
> 5678 7760 -70 123 6 1
> 6440 7418 72 -62 -99 1
> 6609 8976 270 0 -91 2
! -46798 90533 200
! 105130 18212 200
> 7665 6666 94 66 105 0
> 5678 7760 -70 123 6 1
> 6440 7418 72 -62 -99 1
> 6609 8976 270 0 -91 2
! -2640 -10402 0 sims=309855 BLOCKER
! 98 -9934 200 sims=309855 RUNNER
> 7650 6900 -12 198 123 0
> 5807 7904 109 122 6 1
> 6512 7356 61 -52 -117 1
> 6814 8787 174 -160 -109 2
! -70064 69832 0
! 103621 -12887 200
> 7650 6900 -12 198 123 0
> 5807 7904 109 122 6 1
> 6512 7356 61 -52 -117 1
> 6814 8787 174 -160 -109 2
! 3383 -12398 0 sims=279412 BLOCKER
! 6465 -11210 200 sims=279412 RUNNER
> 7638 7098 -10 168 141 0
> 6112 7984 258 68 -12 1
> 6573 7304 51 -44 -99 1
> 6985 8427 144 -305 -91 2
! -85720 42934 200
! 105564 18436 200
> 7638 7098 -10 168 141 0
> 6112 7984 258 68 -12 1
> 6573 7304 51 -44 -99 1
> 6985 8427 144 -305 -91 2
! 9702 -12450 0 sims=264649 BLOCKER
! 474 -10483 200 sims=264649 RUNNER
> 7474 7242 138 -360 159 0
> 6178 8068 -88 55 6 1
> 6664 7153 -90 -179 -81 1
> 7382 8141 372 305 -109 2
! -85884 43078 200
! 103992 -12723 200
> 7474 7242 138 -360 159 0
> 6178 8068 -88 55 6 1
> 6664 7153 -90 -179 -81 1
> 7382 8141 372 305 -109 2
! 15744 -10667 0 sims=314062 BLOCKER
! -4654 -7832 200 sims=314062 RUNNER
> 7425 6954 -41 -245 159 0
> 6286 8081 91 11 -12 1
> 6574 6974 -76 -152 -63 1
> 7634 8286 213 123 -127 2
! -92437 12187 200
! 104100 -12710 200
> 7425 6954 -41 -245 159 0
> 6286 8081 91 11 -12 1
> 6574 6974 -76 -152 -63 1
> 7634 8286 213 123 -127 2
! 20716 -7168 0 sims=292404 BLOCKER
! -4402 -7687 200 sims=292404 RUNNER
> 7320 6712 -35 -209 177 0
> 6573 8050 243 -25 -12 1
> 6362 6830 -234 -119 -45 1
> 7727 8249 78 -31 -127 2
! -92542 11945 200
! 104387 -12741 200
> 7320 6712 -35 -209 177 0
> 6573 8050 243 -25 -12 1
> 6362 6830 -234 -119 -45 1
> 7727 8249 78 -31 -127 2
! 20504 -7312 200 sims=289625 BLOCKER
! -8656 -3223 200 sims=289625 RUNNER
> 7085 6513 -199 -168 177 0
> 6855 7955 -70 -137 -12 1
> 6269 6570 -78 -221 -45 1
> 7798 8132 370 -42 -145 2
! -92777 11746 200
! 104669 -12836 200
> 7085 6513 -199 -168 177 0
> 6855 7955 -70 -137 -12 1
> 6269 6570 -78 -221 -45 1
> 7798 8132 370 -42 -145 2
! 24089 -2510 200 sims=294945 BLOCKER
! -8585 -3340 200 sims=294945 RUNNER
> 7175 6324 91 -161 177 0
> 6981 7776 106 -151 -12 1
> 5880 6290 -345 -237 -27 1
> 8004 7975 175 -133 -145 2
! -89417 -19557 200
! 106433 18228 200
> 7175 6324 91 -161 177 0
> 6981 7776 106 -151 -12 1
> 5880 6290 -345 -237 -27 1
> 8004 7975 175 -133 -145 2
! 25634 3161 200 sims=297878 BLOCKER
! -11122 2128 200 sims=297878 RUNNER
> 7073 6111 -86 -180 -165 0
> 7203 7630 -13 -163 6 1
> 5733 6022 -125 -228 -9 1
> 8071 7800 258 -109 -163 2
! -89519 -19770 200
! 106655 18082 200
> 7073 6111 -86 -180 -165 0
> 7203 7630 -13 -163 6 1
> 5733 6022 -125 -228 -9 1
> 8071 7800 258 -109 -163 2
! 25487 9151 200 sims=293370 BLOCKER
! -11055 1953 200 sims=293370 RUNNER
> 6794 5879 -237 -196 -165 0
> 7334 7477 7 -150 6 1
> 5806 5825 61 -167 9 1
> 8192 7643 207 -113 -163 2
! -77073 -48584 SHIELD
! 106786 17929 200
> 6794 5879 -237 -196 -165 0
> 7334 7477 7 -150 6 1
> 5806 5825 61 -167 9 1
> 8192 7643 207 -113 -163 2
! 25560 8954 SHIELD sims=314601 BLOCKER
! -11805 7992 200 sims=314601 RUNNER
> 6666 5688 52 -155 -147 0
> 7411 7319 -3 -149 6 1
> 5758 5653 -202 -153 9 1
> 8328 7562 184 -53 179 2
! -89926 -20193 0
! 98765 47992 200
> 6666 5688 52 -155 -147 0
> 7411 7319 -3 -149 6 1
> 5758 5653 -202 -153 9 1
> 8328 7562 184 -53 179 2
! 25512 2524 0 sims=304612 BLOCKER
! -10798 1715 200 sims=304612 RUNNER
> 6718 5533 44 -131 -165 0
> 7544 7239 -24 -105 24 1
> 5556 5500 -171 -130 -9 1
> 8368 7463 171 -46 -163 2
! -77149 -48930 0
! 98898 47912 200
> 6718 5533 44 -131 -165 0
> 7544 7239 -24 -105 24 1
> 5556 5500 -171 -130 -9 1
> 8368 7463 171 -46 -163 2
! 23376 -3580 0 sims=299418 BLOCKER
! -10758 1616 200 sims=299418 RUNNER
> 6762 5402 37 -111 -147 0
> 7551 7176 -43 -66 24 1
> 5385 5370 -145 -110 -27 1
> 8499 7398 161 -42 -163 2
! -89830 -20479 0
! 107003 17628 200
> 6762 5402 37 -111 -147 0
> 7551 7176 -43 -66 24 1
> 5385 5370 -145 -110 -27 1
> 8499 7398 161 -42 -163 2
! 19527 -8772 0 sims=298270 BLOCKER
! -10627 1551 200 sims=298270 RUNNER
> 6799 5291 31 -94 -165 0
> 7685 7126 -47 -78 6 1
> 5240 5260 -123 -93 -45 1
> 8491 7302 154 -45 -163 2
! -89793 -20590 200
! 99039 47799 200
> 6799 5291 31 -94 -165 0
> 7685 7126 -47 -78 6 1
> 5240 5260 -123 -93 -45 1
> 8491 7302 154 -45 -163 2
! 14320 -12560 200 sims=305550 BLOCKER
! -11506 7651 200 sims=305550 RUNNER
> 6637 5145 -137 -123 -165 0
> 7640 7090 -62 -35 24 1
> 5208 4989 -27 -230 -63 1
> 8626 7300 138 3 179 2
! -77230 -49318 0
! 98994 47763 200
> 6637 5145 -137 -123 -165 0
> 7640 7090 -62 -35 24 1
> 5208 4989 -27 -230 -63 1
> 8626 7300 138 3 179 2
! 8337 -14765 200 sims=318444 BLOCKER
! -10500 1453 200 sims=318444 RUNNER
> 6500 5022 -116 -104 -147 1
> 7761 7136 102 39 24 1
> 5212 4561 3 -363 -81 1
> 8573 7245 -45 -47 -163 2
! -56432 -72692 0
! 107213 17588 200
> 6500 5022 -116 -104 -147 1
> 7761 7136 102 39 24 1
> 5212 4561 3 -363 -81 1
> 8573 7245 -45 -47 -163 2
! 14292 -13259 200 sims=324709 BLOCKER
! -11424 7594 0 sims=324709 RUNNER
> 6384 4918 -98 -88 -129 1
> 7727 7152 -44 11 6 1
> 5306 4020 79 -460 -63 1
> 8863 7242 262 0 179 2
! -29452 -88440 0
! 105541 -13639 0
> 6384 4918 -98 -88 -129 1
> 7727 7152 -44 11 6 1
> 5306 4020 79 -460 -63 1
> 8863 7242 262 0 179 2
! 19448 -10122 200 sims=333305 BLOCKER
! -11134 7591 200 sims=333305 RUNNER
> 6286 4830 -83 -74 -111 1
> 7683 7163 -37 9 -12 1
> 5526 3419 187 -511 -45 1
> 8925 7245 52 2 179 2
! 1052 -95032 0
! 107135 17615 200
> 6286 4830 -83 -74 -111 1
> 7683 7163 -37 9 -12 1
> 5526 3419 187 -511 -45 1
> 8925 7245 52 2 179 2
! 23346 -5661 200 sims=332164 BLOCKER
! -10201 1398 200 sims=332164 RUNNER
> 6203 4756 -70 -62 -93 1
> 7845 7193 137 25 6 1
> 5891 2817 310 -511 -27 1
> 8786 7189 -118 -48 -163 2
! 32084 -91836 200
! 105659 -13598 200
> 6203 4756 -70 -62 -93 1
> 7845 7193 137 25 6 1
> 5891 2817 310 -511 -27 1
> 8786 7189 -118 -48 -163 2
! 25645 -312 200 sims=327096 BLOCKER
! -10340 1342 SHIELD sims=327096 RUNNER
> 6185 4501 -15 -216 -75 1
> 7616 7186 -412 -2 -12 1
> 6399 2275 431 -460 -9 1
> 8724 7140 -30 -42 -163 2
! 60648 -79366 200
! 105430 -13605 200
> 6185 4501 -15 -216 -75 1
> 7616 7186 -412 -2 -12 1
> 6399 2275 431 -460 -9 1
> 8724 7140 -30 -42 -163 2
! 26153 5404 200 sims=338527 BLOCKER
! -11273 7489 0 sims=338527 RUNNER
> 6279 4117 79 -326 -57 1
> 7400 7142 -183 -37 -12 1
> 7028 1846 534 -364 9 1
> 8694 7098 -25 -35 179 2
! 83993 -58815 200
! 106852 17594 200
> 6279 4117 79 -326 -57 1
> 7400 7142 -183 -37 -12 1
> 7028 1846 534 -364 9 1
> 8694 7098 -25 -35 179 2
! 24848 10926 200 sims=330687 BLOCKER
! -11303 7447 0 sims=330687 RUNNER
> 6513 3665 199 -384 -39 1
> 7416 7126 13 -13 6 1
> 7740 1573 605 -232 27 1
> 8669 7063 -21 -29 179 2
! 99871 -32171 200
! 105230 -13665 200
> 6513 3665 199 -384 -39 1
> 7416 7126 13 -13 6 1
> 7740 1573 605 -232 27 1
> 8669 7063 -21 -29 179 2
! 21882 15715 0 sims=333466 BLOCKER
! -11328 7412 0 sims=333466 RUNNER
> 6899 3209 327 -387 -21 1
> 7625 7071 177 -46 -12 1
> 8345 1341 514 -197 45 1
> 8648 7034 -17 -24 179 2
! 106761 -2024 200
! 107077 17523 200
> 6899 3209 327 -387 -21 1
> 7625 7071 177 -46 -12 1
> 8345 1341 514 -197 45 1
> 8648 7034 -17 -24 179 2
! 17425 19161 0 sims=316176 BLOCKER
! -11349 7383 200 sims=316176 RUNNER
> 7426 2812 447 -337 -3 1
> 7632 7062 -183 0 6 1
> 8859 1144 436 -167 63 1
> 8800 6997 318 -39 179 2
! 104018 28693 200
! 105446 -13729 200
> 7426 2812 447 -337 -3 1
> 7632 7062 -183 0 6 1
> 8859 1144 436 -167 63 1
> 8800 6997 318 -39 179 2
! 11988 20898 200 sims=321671 BLOCKER
! -11197 7346 200 sims=321671 RUNNER
> 8066 2527 544 -242 15 1
> 7645 7020 10 -35 -12 1
> 9326 1175 397 25 81 1
> 8918 6961 100 -30 179 2
! 104658 28408 200
! 105459 -13771 200
> 8066 2527 544 -242 15 1
> 7645 7020 10 -35 -12 1
> 9326 1175 397 25 81 1
> 8918 6961 100 -30 179 2
! 6197 20929 200 sims=305683 BLOCKER
! -11079 7310 200 sims=305683 RUNNER
> 8803 2337 626 -161 15 1
> 7851 6943 174 -65 -12 1
> 9692 1398 310 189 99 1
> 8818 6934 -84 -22 179 2
! 108665 -2896 0
! 105665 -13848 200
> 8803 2337 626 -161 15 1
> 7851 6943 174 -65 -12 1
> 9692 1398 310 189 99 1
> 8818 6934 -84 -22 179 2
! 612 19218 200 sims=295652 BLOCKER
! -10092 13445 200 sims=295652 RUNNER
> 9307 2290 122 243 -3 1
> 7750 6819 -226 -110 -12 1
> 10034 1651 595 -68 117 1
> 9015 6995 308 56 161 2
! 102664 -33546 200
! 107202 17271 200
> 9307 2290 122 243 -3 1
> 7750 6819 -226 -110 -12 1
> 10034 1651 595 -68 117 1
> 9015 6995 308 56 161 2
! -4108 15793 200 sims=310765 BLOCKER
! -10982 7344 200 sims=310765 RUNNER
> 9616 2461 262 145 -21 1
> 7723 6730 -23 -75 6 1
> 10488 1724 385 62 135 1
> 9123 7054 91 50 179 2
! 102974 -33375 200
! 99077 47403 200
> 9616 2461 262 145 -21 1
> 7723 6730 -23 -75 6 1
> 10488 1724 385 62 135 1
> 9123 7054 91 50 179 2
! -3654 15866 200 sims=287658 BLOCKER
! -10874 7403 200 sims=287658 RUNNER
> 10065 2534 381 62 -21 1
> 7883 6736 135 5 24 1
> 10732 1927 207 172 135 1
> 9014 7107 -92 45 179 2
! 109927 -2699 SHIELD
! 82197 73649 200
> 10065 2534 381 62 -21 1
> 7883 6736 135 5 24 1
> 10732 1927 207 172 135 1
> 9014 7107 -92 45 179 2
! -3410 16069 SHIELD sims=294644 BLOCKER
! -10112 1260 200 sims=294644 RUNNER
> 10373 2665 199 171 -3 1
> 7983 6809 -227 -49 42 1
> 11012 2030 300 27 135 1
> 8915 7159 227 156 -163 2
! 110235 -2568 0
! 99337 47482 200
> 10373 2665 199 171 -3 1
> 7983 6809 -227 -49 42 1
> 11012 2030 300 27 135 1
> 8915 7159 227 156 -163 2
! -6808 11110 0 sims=321615 BLOCKER
! -10211 1312 200 sims=321615 RUNNER
> 10572 2836 169 145 -3 1
> 7939 6841 -37 27 24 1
> 11312 2057 255 22 153 1
> 8951 7257 30 82 -163 2
! 107164 28717 0
! 99293 47514 200
> 10572 2836 169 145 -3 1
> 7939 6841 -37 27 24 1
> 11312 2057 255 22 153 1
> 8951 7257 30 82 -163 2
! -6508 11137 0 sims=316526 BLOCKER
! -10175 1410 200 sims=316526 RUNNER
> 10741 2981 143 123 15 1
> 8066 6940 -118 -20 24 1
> 11567 2079 216 18 153 1
> 8809 7289 105 132 -163 2
! 94608 57444 0
! 99420 47613 200
> 10741 2981 143 123 15 1
> 8066 6940 -118 -20 24 1
> 11567 2079 216 18 153 1
> 8809 7289 105 132 -163 2
! -6253 11159 0 sims=290584 BLOCKER
! -7574 -4183 200 sims=290584 RUNNER
> 10884 3104 121 104 33 2
> 7990 6935 -87 -15 24 1
> 11783 2097 183 15 153 1
> 8891 7373 92 82 -145 2
! 73816 80818 0
! 99344 47608 200
> 10884 3104 121 104 33 2
> 7990 6935 -87 -15 24 1
> 11783 2097 183 15 153 1
> 8891 7373 92 82 -145 2
! -6037 11177 200 sims=320775 BLOCKER
! -10235 1526 200 sims=320775 RUNNER
> 11005 3208 102 88 51 2
> 8086 7001 81 56 24 1
> 11788 2203 4 89 153 1
> 8792 7397 -84 19 -163 2
! 46841 96566 0
! 99440 47674 200
> 11005 3208 102 88 51 2
> 8086 7001 81 56 24 1
> 11788 2203 4 89 153 1
> 8792 7397 -84 19 -163 2
! -7966 5332 200 sims=306257 BLOCKER
! -7591 -4075 200 sims=306257 RUNNER
> 11107 3296 86 74 69 2
> 7870 6868 -190 -116 24 1
> 11594 2323 -164 102 171 2
> 9024 7571 204 151 -145 2
! 16340 103158 0
! 99224 47541 200
> 11107 3296 86 74 69 2
> 7870 6868 -190 -116 24 1
> 11594 2323 -164 102 171 2
> 9024 7571 204 151 -145 2
! -6226 11403 200 sims=287189 BLOCKER
! -7359 -3901 200 sims=287189 RUNNER
> 11193 3370 73 62 87 2
> 7863 6833 -6 -29 24 1
> 11252 2516 -290 163 153 2
> 9064 7607 34 30 -145 2
! -14688 99962 0
! 82177 73746 200
> 11193 3370 73 62 87 2
> 7863 6833 -6 -29 24 1
> 11252 2516 -290 163 153 2
> 9064 7607 34 30 -145 2
! -2890 16658 200 sims=291816 BLOCKER
! -7319 -3865 200 sims=291816 RUNNER
> 11278 3603 75 241 105 2
> 8006 6938 121 89 42 1
> 10808 2650 -380 69 135 2
> 8934 7522 -110 -72 -145 2
! -43185 87470 200
! 99360 47611 200
> 11278 3603 75 241 105 2
> 8006 6938 121 89 42 1
> 10808 2650 -380 69 135 2
> 8934 7522 -110 -72 -145 2
! 1728 20470 200 sims=295757 BLOCKER
! -3102 -8451 200 sims=295757 RUNNER
> 11244 4012 -28 347 123 2
> 7992 6922 -228 -140 24 1
> 10337 2897 -400 210 117 2
> 9021 7477 291 88 -127 2
! -66470 66944 200
! 107444 17374 200
> 11244 4012 -28 347 123 2
> 7992 6922 -228 -140 24 1
> 10337 2897 -400 210 117 2
> 9021 7477 291 88 -127 2
! 7208 22651 200 sims=263949 BLOCKER
! -7362 -3995 200 sims=263949 RUNNER
> 11061 4485 -155 401 141 2
> 7963 6803 -24 -101 6 1
> 9906 3305 -366 346 99 2
> 9148 7450 108 -22 -145 2
! -82297 40321 200
! 99317 47476 200
> 11061 4485 -155 401 141 2
> 7963 6803 -24 -101 6 1
> 9906 3305 -366 346 99 2
> 9148 7450 108 -22 -145 2
! 13035 23059 200 sims=262108 BLOCKER
! -2888 -8523 200 sims=262108 RUNNER
> 10719 4958 -290 401 159 2
> 8122 6783 134 -16 24 1
> 9571 3849 -284 462 81 2
> 9136 7268 -10 -154 -127 2
! -82639 40794 200
! 99476 47456 200
> 10719 4958 -290 401 159 2
> 8122 6783 134 -16 24 1
> 9571 3849 -284 462 81 2
> 9136 7268 -10 -154 -127 2
! 12700 23603 200 sims=245371 BLOCKER
! 2625 -11642 200 sims=245371 RUNNER
> 10242 5431 -405 401 159 2
> 8264 6797 -131 -63 24 1
> 9318 4509 -214 560 81 2
> 9235 6977 336 -172 -109 2
! -89620 10664 BOOST
! 82578 73710 0
> 10242 5431 -405 401 159 2
> 8264 6797 -131 -63 24 1
> 9318 4509 -214 560 81 2
> 9235 6977 336 -172 -109 2
! 6189 24263 0 sims=285922 BLOCKER
! 8886 -13020 200 sims=285922 RUNNER
> 9188 5866 -895 369 177 2
> 8133 6734 -111 -53 42 1
> 9104 5069 -181 476 99 2
> 9568 6605 282 -316 -91 2
! -87404 -20015 SHIELD
! 99487 47407 200
> 9188 5866 -895 369 177 2
> 8133 6734 -111 -53 42 1
> 9104 5069 -181 476 99 2
> 9568 6605 282 -316 -91 2
! 12233 24823 200 sims=295323 RUNNER
! 3057 -12305 0 sims=295323 BLOCKER
> 8343 6249 -667 260 -165 2
> 7778 7306 -812 1135 24 1
> 8885 5060 -186 -9 81 2
> 9850 6289 239 -268 -109 2
! -75524 -48214 0
! 82092 74219 0
> 8343 6249 -667 260 -165 2
> 7778 7306 -812 1135 24 1
> 8885 5060 -186 -9 81 2
> 9850 6289 239 -268 -109 2
! 5756 24814 200 sims=327348 RUNNER
! -2186 -9684 200 sims=327348 BLOCKER
> 7676 6509 -566 221 -147 0
> 6966 8441 -690 964 42 1
> 8668 5249 -184 160 99 2
> 9969 5861 100 -363 -127 2
! -55256 -71205 0
! 56966 95043 0
> 7676 6509 -566 221 -147 0
> 6966 8441 -690 964 42 1
> 8668 5249 -184 160 99 2
> 9969 5861 100 -363 -127 2
! -412 23069 200 sims=338352 RUNNER
! -6414 -5611 0 sims=338352 BLOCKER
> 7110 6730 -481 187 -129 0
> 6276 9405 -586 819 60 1
> 8393 5587 -233 287 117 2
> 10069 5498 85 -308 -145 2
! -28726 -86628 0
! 80590 76318 0
> 7110 6730 -481 187 -129 0
> 6276 9405 -586 819 60 1
> 8393 5587 -233 287 117 2
> 10069 5498 85 -308 -145 2
! -5749 19729 0 sims=360472 RUNNER
! -1967 -10475 0 sims=360472 BLOCKER
> 6629 6917 -408 158 -111 0
> 5690 10224 -498 696 42 1
> 8160 5874 -198 243 135 2
> 10154 5190 72 -261 -127 2
! 1395 -92945 200
! 97044 50897 0
> 6629 6917 -408 158 -111 0
> 5690 10224 -498 696 42 1
> 8160 5874 -198 243 135 2
> 10154 5190 72 -261 -127 2
! -9660 14954 0 sims=348537 RUNNER
! 3643 -13720 0 sims=348537 BLOCKER
> 6211 6875 -355 -35 -93 0
> 5192 10920 -423 591 24 1
> 7962 6117 -168 206 153 2
> 10226 4929 61 -221 -109 2
! 32092 -89717 200
! 104644 21372 0
> 6211 6875 -355 -35 -93 0
> 5192 10920 -423 591 24 1
> 7962 6117 -168 206 153 2
> 10226 4929 61 -221 -109 2
! -11792 9246 0 sims=357917 RUNNER
! 9877 -15068 0 sims=357917 BLOCKER
> 5908 6647 -257 -193 -75 0
> 4769 11511 -359 502 6 1
> 7794 6323 -142 175 171 2
> 10287 4708 51 -187 -91 2
! 60371 -77220 200
! 102583 -9280 200
> 5908 6647 -257 -193 -75 0
> 4769 11511 -359 502 6 1
> 7794 6323 -142 175 171 2
> 10287 4708 51 -187 -91 2
! -11960 3194 0 sims=356258 RUNNER
! 16134 -14418 0 sims=356258 BLOCKER
> 5760 6286 -125 -306 -57 0
> 4606 11971 -138 391 -12 1
> 7652 6498 -120 148 189 0
> 10338 4521 43 -158 -73 2
! 83474 -56646 200
! 91208 -38029 200
> 5760 6286 -125 -306 -57 0
> 4606 11971 -138 391 -12 1
> 7652 6498 -120 148 189 0
> 10338 4521 43 -158 -73 2
! -10168 -2582 0 sims=340732 RUNNER
! 21810 -11862 0 sims=340732 BLOCKER
> 5790 5854 25 -367 -39 1
> 4641 12262 29 247 -30 1
> 7532 6646 -102 125 207 0
> 10381 4363 36 -134 -55 2
! 99148 -29982 200
! 91243 -37738 200
> 5790 5854 25 -367 -39 1
> 4641 12262 29 247 -30 1
> 7532 6646 -102 125 207 0
> 10381 4363 36 -134 -55 2
! -6610 -7496 200 sims=334145 RUNNER
! 26354 -7673 0 sims=334145 BLOCKER
> 6002 5415 179 -372 -21 1
> 4843 12409 171 124 -30 1
> 7289 6630 -206 -13 225 0
> 10417 4229 30 -113 -37 2
! 105864 181 200
! 71755 -61905 200
> 6002 5415 179 -372 -21 1
> 4843 12409 171 124 -30 1
> 7289 6630 -206 -13 225 0
> 10417 4229 30 -113 -37 2
! -1791 -11190 200 sims=331128 RUNNER
! 21889 -12154 0 sims=331128 BLOCKER
> 6381 5033 321 -325 -3 1
> 5148 12384 259 -20 -48 1
> 6992 6439 -252 -162 243 0
> 10447 4116 25 -96 -55 2
! 106243 -200 200
! 72060 -61930 200
> 6381 5033 321 -325 -3 1
> 5148 12384 259 -20 -48 1
> 6992 6439 -252 -162 243 0
> 10447 4116 25 -96 -55 2
! 3863 -13315 0 sims=325164 RUNNER
! 16294 -15010 0 sims=325164 BLOCKER
> 6902 4698 442 -285 -3 1
> 5541 12215 333 -143 -48 1
> 6740 6277 -214 -137 -99 0
> 10472 4020 21 -81 -73 2
! 106764 -535 200
! 46214 -79139 200
> 6902 4698 442 -285 -3 1
> 5541 12215 333 -143 -48 1
> 6740 6277 -214 -137 -99 0
> 10472 4020 21 -81 -73 2
! 9869 -13477 200 sims=314482 RUNNER
! 10123 -15977 0 sims=314482 BLOCKER
> 7544 4403 545 -251 -3 1
> 5955 11889 352 -276 -66 1
> 6557 5942 -155 -284 -81 0
> 10493 3939 17 -68 -91 2
! 107406 -830 200
! 16407 -87563 200
> 7544 4403 545 -251 -3 1
> 5955 11889 352 -276 -66 1
> 6557 5942 -155 -284 -81 0
> 10493 3939 17 -68 -91 2
! 15637 -11878 200 sims=332010 RUNNER
! 3982 -14971 0 sims=332010 BLOCKER
> 8289 4142 633 -222 -3 1
> 6328 11414 316 -403 -84 1
> 6493 5480 -54 -392 -63 1
> 10510 3871 14 -57 -109 2
! 108151 -1091 200
! 47001 -79940 200
> 8289 4142 633 -222 -3 1
> 6328 11414 316 -403 -84 1
> 6493 5480 -54 -392 -63 1
> 10510 3871 14 -57 -109 2
! 20635 -8662 200 sims=300097 RUNNER
! -1526 -12102 0 sims=300097 BLOCKER
> 9122 3910 707 -197 -3 1
> 6725 10828 337 -497 -66 1
> 6580 4947 74 -453 -45 1
> 10524 3814 11 -48 -127 2
! 102479 -31926 SHIELD
! 73637 -63486 200
> 9122 3910 707 -197 -3 1
> 6725 10828 337 -497 -66 1
> 6580 4947 74 -453 -45 1
> 10524 3814 11 -48 -127 2
! 24400 -4133 200 sims=380653 RUNNER
! -1512 -12159 SHIELD sims=380653 BLOCKER
> 9737 3709 15 -191 -21 1
> 7196 10182 400 -548 -48 1
> 6832 4403 214 -462 -27 1
> 10627 3770 594 -16 -127 2
! 103095 -32127 0
! 74108 -64132 200
> 9737 3709 15 -191 -21 1
> 7196 10182 400 -548 -48 1
> 6832 4403 214 -462 -27 1
> 10627 3770 594 -16 -127 2
! 26586 1274 200 sims=338268 RUNNER
! -5756 -7702 0 sims=338268 BLOCKER
> 9752 3518 12 -162 -21 1
> 7730 9485 453 -592 -48 1
> 7244 3910 349 -419 -9 1
> 11221 3754 504 -13 -145 2
! 103110 -32318 0
! 48403 -81869 200
> 9752 3518 12 -162 -21 1
> 7730 9485 453 -592 -48 1
> 7244 3910 349 -419 -9 1
> 11221 3754 504 -13 -145 2
! 26998 7039 200 sims=324205 RUNNER
! -7905 -2093 0 sims=324205 BLOCKER
> 9764 3356 10 -137 -21 1
> 8264 8710 454 -658 -66 1
> 7791 3522 464 -329 9 1
> 11725 3741 428 -11 -163 2
! 109626 -1877 0
! 18716 -90742 200
> 9764 3356 10 -137 -21 1
> 8264 8710 454 -658 -66 1
> 7791 3522 464 -329 9 1
> 11725 3741 428 -11 -163 2
! 27545 6651 200 sims=306565 RUNNER
! -8272 4090 0 sims=306565 BLOCKER
> 9774 3219 8 -116 -3 1
> 8739 7853 403 -728 -84 1
> 8453 3224 562 -253 9 1
> 12153 3730 363 -9 -181 2
! 109636 -2014 0
! 19191 -91599 200
> 9774 3219 8 -116 -3 1
> 8739 7853 403 -728 -84 1
> 8453 3224 562 -253 9 1
> 12153 3730 363 -9 -181 2
! 28207 6353 200 sims=284438 RUNNER
! -6757 10241 200 sims=284438 BLOCKER
> 10005 3122 633 -44 -3 1
> 9163 6926 360 -787 -84 1
> 8989 2983 19 -242 9 1
> 12327 3786 147 47 -199 2
! 106597 29003 200
! -11628 -90888 200
> 10005 3122 633 -44 -3 1
> 9163 6926 360 -787 -84 1
> 8989 2983 19 -242 9 1
> 12327 3786 147 47 -199 2
! 28743 6112 200 sims=329245 RUNNER
! -6583 10297 200 sims=329245 BLOCKER
> 10831 3130 702 6 15 2
> 9481 5943 270 -835 -102 1
> 9206 2772 184 -179 9 1
> 12285 3898 -35 95 161 2
! 94698 57593 200
! 19933 -93509 200
> 10831 3130 702 6 15 2
> 9481 5943 270 -835 -102 1
> 9206 2772 184 -179 9 1
> 12285 3898 -35 95 161 2
! 27026 11852 0 sims=329518 RUNNER
! -3688 15934 200 sims=329518 BLOCKER
> 11701 3245 739 97 33 2
> 9772 4909 247 -878 -84 1
> 9390 2593 156 -152 27 1
> 12090 4113 -165 183 143 2
! 74633 80959 0
! -11019 -92905 0
> 11701 3245 739 97 33 2
> 9772 4909 247 -878 -84 1
> 9390 2593 156 -152 27 1
> 12090 4113 -165 183 143 2
! 23532 16735 0 sims=315721 RUNNER
! -3883 16149 200 sims=315721 BLOCKER
> 12440 3342 628 82 51 2
> 10019 4031 209 -746 -102 1
> 9546 2441 132 -129 45 1
> 11765 4416 -276 257 143 2
! 48276 96700 0
! -39981 -82571 200
> 12440 3342 628 82 51 2
> 10019 4031 209 -746 -102 1
> 9546 2441 132 -129 45 1
> 11765 4416 -276 257 143 2
! 18626 20261 200 sims=319459 RUNNER
! -7145 10927 200 sims=319459 BLOCKER
> 13068 3424 533 69 69 2
> 10166 3185 450 -94 -120 1
> 9731 2417 -168 -645 63 1
> 11300 4738 -395 273 161 2
! 18301 103286 0
! -64148 -63728 0
> 13068 3424 533 69 69 2
> 10166 3185 450 -94 -120 1
> 9731 2417 -168 -645 63 1
> 11300 4738 -395 273 161 2
! 18811 20237 200 sims=327033 RUNNER
! -4673 16774 0 sims=327033 BLOCKER
> 13601 3493 453 58 87 2
> 10616 3091 382 -79 -138 1
> 9654 1950 -65 -396 63 1
> 10905 5011 -335 232 143 2
! -12280 100085 0
! -80738 -37582 0
> 13601 3493 453 58 87 2
> 10616 3091 382 -79 -138 1
> 9654 1950 -65 -396 63 1
> 10905 5011 -335 232 143 2
! 23796 16092 200 sims=336098 RUNNER
! -8005 11522 0 sims=336098 BLOCKER
> 14054 3551 385 49 105 2
> 10998 3012 324 -67 -156 2
> 9730 1695 64 -216 45 1
> 10570 5243 -284 197 161 2
! -40409 87418 200
! -80356 -37661 200
> 14054 3551 385 49 105 2
> 10998 3012 324 -67 -156 2
> 9730 1695 64 -216 45 1
> 10570 5243 -284 197 161 2
! 18810 19515 200 sims=293986 RUNNER
! -5403 17279 0 sims=293986 BLOCKER
> 14330 3768 234 184 123 2
> 11139 2864 120 -126 -156 2
> 9885 1657 131 -32 63 1
> 10286 5440 -241 167 143 2
! -63384 66700 200
! -80215 -37809 200
> 14330 3768 234 184 123 2
> 11139 2864 120 -126 -156 2
> 9885 1657 131 -32 63 1
> 10286 5440 -241 167 143 2
! 24027 15799 200 sims=329182 RUNNER
! -8624 11951 0 sims=329182 BLOCKER
> 14409 4078 66 263 141 2
> 11076 2657 -53 -176 -156 2
> 10157 1766 231 93 45 1
> 10045 5607 -204 141 161 2
! -78949 39914 200
! -63238 -64255 200
> 14409 4078 66 263 141 2
> 11076 2657 -53 -176 -156 2
> 10157 1766 231 93 45 1
> 10045 5607 -204 141 161 2
! 24299 15908 200 sims=307314 RUNNER
! -5928 17643 0 sims=307314 BLOCKER
> 14288 4413 -102 284 159 2
> 11096 2565 308 207 -138 2
> 10308 1783 -162 -271 45 1
> 9841 5748 -173 119 143 2
! -85574 9646 200
! -63218 -64347 200
> 14288 4413 -102 284 159 2
> 11096 2565 308 207 -138 2
> 10308 1783 -162 -271 45 1
> 9841 5748 -173 119 143 2
! 24450 15925 200 sims=324471 RUNNER
! -9069 12259 0 sims=324471 BLOCKER
> 13986 4707 -256 250 177 2
> 11255 2638 135 62 -138 2
> 10287 1653 -17 -110 45 1
> 9668 5867 -147 101 161 2
! -85876 9940 200
! -63059 -64274 200
> 13986 4707 -256 250 177 2
> 11255 2638 135 62 -138 2
> 10287 1653 -17 -110 45 1
> 9668 5867 -147 101 161 2
! 24429 15795 200 sims=306285 RUNNER
! -6305 17903 0 sims=306285 BLOCKER
> 13530 4967 -387 221 177 2
> 11241 2566 -11 -61 -138 2
> 10411 1684 105 26 45 1
> 9521 5968 -124 85 143 2
! -86332 10200 200
! -63073 -64346 200
> 13530 4967 -387 221 177 2
> 11241 2566 -11 -61 -138 2
> 10411 1684 105 26 45 1
> 9521 5968 -124 85 143 2
! 19491 19504 200 sims=303457 RUNNER
! -1951 22351 0 sims=303457 BLOCKER
> 12943 5198 -498 196 177 2
> 11167 2459 179 160 -138 2
> 10521 1800 -149 -152 63 1
> 9397 6053 -105 72 125 2
! -86919 10431 200
! -63147 -64453 200
> 12943 5198 -498 196 177 2
> 11167 2459 179 160 -138 2
> 10521 1800 -149 -152 63 1
> 9397 6053 -105 72 125 2
! 24663 15942 200 sims=309316 RUNNER
! 3550 25179 0 sims=309316 BLOCKER
> 12245 5404 -593 175 177 2
> 11197 2485 25 22 -138 2
> 10513 1789 -6 -8 45 1
> 9292 6125 -89 61 107 2
! -87617 10637 200
! -63117 -64427 200
> 12245 5404 -593 175 177 2
> 11197 2485 25 22 -138 2
> 10513 1789 -6 -8 45 1
> 9292 6125 -89 61 107 2
! 24655 15931 200 sims=286202 RUNNER
! 9641 26122 0 sims=286202 BLOCKER
> 11452 5589 -673 157 177 2
> 11199 2503 105 122 -138 2
> 10523 1793 -95 -104 45 1
> 9203 6186 -75 51 89 2
! -81906 41425 200
! -63115 -64409 200
> 11452 5589 -673 157 177 2
> 11199 2503 105 122 -138 2
> 10523 1793 -95 -104 45 1
> 9203 6186 -75 51 89 2
! 24665 15935 200 sims=292026 RUNNER
! 3356 25312 0 sims=292026 BLOCKER
> 10592 5818 -730 194 159 2
> 11155 2491 -37 -10 -138 2
> 10569 1830 39 31 45 1
> 9128 6237 -63 43 107 2
! -89270 11051 0
! -63159 -64421 200
> 10592 5818 -730 194 159 2
> 11155 2491 -37 -10 -138 2
> 10569 1830 39 31 45 1
> 9128 6237 -63 43 107 2
! 19649 19650 200 sims=288862 RUNNER
! -2344 22620 0 sims=288862 BLOCKER
> 9862 6012 -620 164 177 2
> 11228 2639 109 178 -138 2
> 10440 1747 -156 -123 63 1
> 9065 6280 -53 36 125 2
! -90000 11245 SHIELD
! -63086 -64273 200
> 9862 6012 -620 164 177 2
> 11228 2639 109 178 -138 2
> 10440 1747 -156 -123 63 1
> 9065 6280 -53 36 125 2
! 24582 15889 200 sims=333788 RUNNER
! -2407 22663 SHIELD sims=333788 BLOCKER
> 9750 6002 -62 -19 177 2
> 11188 2683 -33 37 -138 2
> 10425 1765 -12 15 45 1
> 8504 6490 -509 189 125 2
! -90112 11235 0
! -38812 -83919 200
> 9750 6002 -62 -19 177 2
> 11188 2683 -33 37 -138 2
> 10425 1765 -12 15 45 1
> 8504 6490 -509 189 125 2
! 24567 15907 200 sims=349755 RUNNER
! -7469 18526 0 sims=349755 BLOCKER
> 9688 5983 -52 -16 177 2
> 11055 2547 -113 -115 -120 2
> 10554 1921 110 132 45 1
> 7995 6679 -432 160 143 0
! -90174 11216 0
! -38945 -84055 SHIELD
> 9688 5983 -52 -16 177 2
> 11055 2547 -113 -115 -120 2
> 10554 1921 110 132 45 1
> 7995 6679 -432 160 143 0
! 28374 11001 0 sims=337673 RUNNER
! -10915 13190 0 sims=337673 BLOCKER
> 9636 5967 -44 -13 177 2
> 10980 2479 -63 -57 -120 2
> 10289 1584 -227 -288 27 1
> 7563 6839 -367 136 161 0
! -83722 41803 0
! -63334 -64434 200
> 9636 5967 -44 -13 177 2
> 10980 2479 -63 -57 -120 2
> 10289 1584 -227 -288 27 1
> 7563 6839 -367 136 161 0
! 24431 15726 200 sims=325276 RUNNER
! -12434 7188 0 sims=325276 BLOCKER
> 9592 5954 -37 -11 159 2
> 10917 2422 -53 -48 -138 2
> 10203 1437 -72 -124 45 1
> 7196 6975 -311 115 179 0
! -83766 41790 200
! -63397 -64490 0
> 9592 5954 -37 -11 159 2
> 10917 2422 -53 -48 -138 2
> 10203 1437 -72 -124 45 1
> 7196 6975 -311 115 179 0
! 24345 15579 200 sims=321790 RUNNER
! -11930 1128 0 sims=321790 BLOCKER
> 9368 6015 -190 51 159 2
> 10864 2374 -45 -40 -138 2
> 10272 1454 59 14 45 1
> 6885 7090 -264 97 -163 0
! -83990 41851 200
! -80490 -38299 200
> 9368 6015 -190 51 159 2
> 10864 2374 -45 -40 -138 2
> 10272 1454 59 14 45 1
> 6885 7090 -264 97 -163 0
! 24414 15596 200 sims=306376 RUNNER
! -9498 -4382 0 sims=306376 BLOCKER
> 8991 6138 -320 104 159 2
> 10819 2334 -38 -34 -156 2
> 10472 1609 170 132 45 1
> 6621 7187 -224 82 -145 0
! -90871 11371 0
! -63495 -64578 0
> 8991 6138 -320 104 159 2
> 10819 2334 -38 -34 -156 2
> 10472 1609 170 132 45 1
> 6621 7187 -224 82 -145 0
! 19552 19429 0 sims=346717 RUNNER
! -5415 -8786 0 sims=346717 BLOCKER
> 8671 6242 -272 88 177 2
> 10882 2513 55 155 -138 2
> 10541 1528 56 -71 63 1
> 6397 7269 -190 69 -127 0
! -91191 11475 200
! -39118 -84089 200
> 8671 6242 -272 88 177 2
> 10882 2513 55 155 -138 2
> 10541 1528 56 -71 63 1
> 6397 7269 -190 69 -127 0
! 24683 15670 200 sims=346766 RUNNER
! -114 -11641 0 sims=346766 BLOCKER
> 8199 6340 -400 83 177 2
> 10837 2495 -38 -15 -120 2
> 10738 1598 167 59 45 1
> 6207 7338 -161 58 -109 0
! -88393 -19541 0
! -9954 -95319 BOOST
> 8199 6340 -400 83 177 2
> 10837 2495 -38 -15 -120 2
> 10738 1598 167 59 45 1
> 6207 7338 -161 58 -109 0
! 19818 19418 200 sims=313810 RUNNER
! 5858 -12659 200 sims=313810 BLOCKER
> 7799 6423 -340 70 -165 0
> 10716 2655 -97 221 -102 2
> 10944 1025 169 -573 63 1
> 6043 7196 -139 -120 -91 0
! -76068 -48040 200
! 21168 -96797 0
> 7799 6423 -340 70 -165 0
> 10716 2655 -97 221 -102 2
> 10944 1025 169 -573 63 1
> 6043 7196 -139 -120 -91 0
! 14073 20779 200 sims=301896 RUNNER
! 5694 -12801 200 sims=301896 BLOCKER
> 7291 6384 -431 -33 -147 0
> 10619 2876 -82 187 -84 2
> 11144 650 170 -319 81 1
> 5901 6876 -121 -271 -91 0
! -55641 -71330 200
! 51292 -88478 200
> 7291 6384 -431 -33 -147 0
> 10619 2876 -82 187 -84 2
> 11144 650 170 -319 81 1
> 5901 6876 -121 -271 -91 0
! 14273 20404 200 sims=321580 RUNNER
! 11748 -12250 200 sims=321580 BLOCKER
> 6734 6196 -473 -160 -129 0
> 10618 2880 0 3 -66 2
> 11345 529 171 -103 81 1
> 5838 6414 -53 -392 -73 0
! -29102 -87162 SHIELD
! 77530 -71434 200
> 6734 6196 -473 -160 -129 0
> 10618 2880 0 3 -66 2
> 11345 529 171 -103 81 1
> 5838 6414 -53 -392 -73 0
! 8216 20283 200 sims=340074 RUNNER
! 17310 -9969 0 sims=340074 BLOCKER
> 6321 6024 -332 -149 -111 0
> 10752 2734 113 -123 -48 2
> 11485 624 118 80 99 1
> 5186 6141 -738 -195 -55 0
! 1087 -93838 0
! 51425 -88620 200
> 6321 6024 -332 -149 -111 0
> 10752 2734 113 -123 -48 2
> 11485 624 118 80 99 1
> 5186 6141 -738 -195 -55 0
! 2405 18444 200 sims=328160 RUNNER
! 21159 -5895 200 sims=328160 BLOCKER
