@ 0 YurkovAS
@ 1 reCurse
CP 6
CP 14602 7694
CP 10561 5080
CP 13092 2333
CP 4571 2185
CP 7378 4932
CP 3320 7233
> 14330 8114 0 0 -1 1
> 14874 7274 0 0 -1 1
> 13787 8953 0 0 -1 1
> 15417 6435 0 0 -1 1
! -4080 299 BOOST sims=2976440 RUNNER
! -4759 3458 BOOST sims=2976440 BLOCKER
> 14330 8114 0 0 -1 1
> 14874 7274 0 0 -1 1
> 13787 8953 0 0 -1 1
> 15417 6435 0 0 -1 1
! -70825 -44345 200
! -84494 10638 200
> 13732 7860 -508 -215 -157 1
> 14236 7150 -542 -105 -169 1
> 13618 8846 -143 -90 -148 1
> 15217 6443 -169 7 178 1
! -1362 -5261 0 sims=336584 RUNNER
! -5397 3334 SHIELD sims=336584 BLOCKER
> 13732 7860 -508 -215 -157 1
> 14236 7150 -542 -105 -169 1
> 13618 8846 -143 -90 -148 1
> 15217 6443 -169 7 178 1
! -50660 -67758 0
! -84722 9933 200
> 13178 7706 -543 -34 -139 1
> 13699 7039 -449 -104 -169 1
> 13475 8756 -121 -76 -130 1
> 14848 6457 -313 11 178 1
! 2877 -9437 200 sims=367848 RUNNER
! -5934 3223 0 sims=367848 BLOCKER
> 13178 7706 -543 -34 -139 1
> 13699 7039 -449 -104 -169 1
> 13475 8756 -121 -76 -130 1
> 14848 6457 -313 11 178 1
! -50803 -67848 200
! -81278 -21106 200
> 12532 7501 -549 -174 -121 1
> 13250 6935 -381 -88 -169 1
> 13225 8527 -212 -194 -130 1
> 14343 6413 -429 -37 -164 1
! 8033 -11986 200 sims=334120 RUNNER
! -6601 9372 0 sims=334120 BLOCKER
> 12532 7501 -549 -174 -121 1
> 13250 6935 -381 -88 -169 1
> 13225 8527 -212 -194 -130 1
> 14343 6413 -429 -37 -164 1
! -51053 -68077 0
! -85596 9903 BOOST
> 11911 7139 -854 -224 -103 1
> 12722 6968 -388 140 173 1
> 13013 8333 -180 -164 -130 1
> 13438 6271 -502 -317 178 1
! 13654 -12785 0 sims=378120 RUNNER
! -6911 3152 0 sims=378120 BLOCKER
> 11911 7139 -854 -224 -103 1
> 12722 6968 -388 140 173 1
> 13013 8333 -180 -164 -130 1
> 13438 6271 -502 -317 178 1
! -24447 -84385 0
! -86501 9761 200
> 11057 6915 -725 -190 -85 1
> 12334 7108 -329 119 -169 1
> 12833 8169 -153 -139 -112 1
> 12736 5961 -596 -263 178 1
! 18872 -11495 0 sims=376736 RUNNER
! -5158 -2588 0 sims=376736 BLOCKER
> 11057 6915 -725 -190 -85 1
> 12334 7108 -329 119 -169 1
> 12833 8169 -153 -139 -112 1
> 12736 5961 -596 -263 178 1
! -24627 -84549 0
! -81233 40163 200
> 10332 6725 -616 -161 -67 1
> 12005 7227 -279 101 -151 1
> 12680 8030 -130 -118 -112 1
> 11952 5766 -666 -165 160 1
! 12075 -13199 200 sims=369960 RUNNER
! -1635 -7400 0 sims=369960 BLOCKER
> 10332 6725 -616 -161 -67 1
> 12005 7227 -279 101 -151 1
> 12680 8030 -130 -118 -112 1
> 11952 5766 -666 -165 160 1
! 5704 -91726 200
! -66849 67332 200
> 9733 6365 -508 -306 -85 1
> 11726 7328 -237 85 -133 1
> 12536 7712 -122 -269 -94 1
> 11128 5724 -700 -35 142 1
! 5234 -13122 200 sims=393336 RUNNER
! 3274 -10798 0 sims=393336 BLOCKER
> 9733 6365 -508 -306 -85 1
> 11726 7328 -237 85 -133 1
> 12536 7712 -122 -269 -94 1
> 11128 5724 -700 -35 142 1
! -24924 -85006 200
! -82841 39926 200
> 9180 5864 -470 -425 -103 1
> 11489 7413 -201 72 -115 1
> 12339 7258 -167 -386 -112 1
> 10240 5757 -754 28 160 1
! 4681 -13623 200 sims=403888 RUNNER
! 9052 -12438 200 sims=403888 BLOCKER
> 9180 5864 -470 -425 -103 1
> 11489 7413 -201 72 -115 1
> 12339 7258 -167 -386 -112 1
> 10240 5757 -754 28 160 1
! -51939 -69346 200
! -89699 9247 200
> 8665 5244 -437 -526 -103 1
> 11264 7286 -191 -107 -97 1
> 12043 6719 -251 -458 -130 1
> 9286 5792 -810 29 178 1
! 10408 -14680 0 sims=429248 RUNNER
! 15080 -12347 200 sims=429248 BLOCKER
> 8665 5244 -437 -526 -103 1
> 11264 7286 -191 -107 -97 1
> 12043 6719 -251 -458 -130 1
> 9286 5792 -810 29 178 1
! -52235 -69885 200
! -84683 39994 0
> 8228 4718 -371 -447 -85 1
> 11111 6983 -129 -257 -79 1
> 11663 6108 -322 -519 -130 1
> 8476 5821 -688 24 160 1
! 16043 -13692 0 sims=427920 RUNNER
! 20807 -10509 200 sims=427920 BLOCKER
> 8228 4718 -371 -447 -85 1
> 11111 6983 -129 -257 -79 1
> 11663 6108 -322 -519 -130 1
> 8476 5821 -688 24 160 1
! -25797 -86610 0
! -91463 9311 0
> 7857 4271 -315 -379 -67 1
> 11079 6551 -27 -367 -61 1
> 11341 5589 -273 -441 -112 1
> 7788 5845 -584 20 178 1
! 20978 -10823 200 sims=409552 BLOCKER
! 14895 -13082 0 sims=409552 RUNNER
> 7857 4271 -315 -379 -67 1
> 11079 6551 -27 -367 -61 1
> 11341 5589 -273 -441 -112 1
> 7788 5845 -584 20 178 1
! 4365 -94167 0
! -86181 40047 0
> 7673 3741 -156 -450 -49 1
> 11052 6184 -22 -311 -79 1
> 11068 5148 -232 -374 -94 2
> 7204 5865 -496 17 160 1
! 24816 -6560 200 sims=403024 BLOCKER
! 14868 -13449 200 sims=403024 RUNNER
> 7673 3741 -156 -450 -49 1
> 11052 6184 -22 -311 -79 1
> 11068 5148 -232 -374 -94 2
> 7204 5865 -496 17 160 1
! 35260 -91881 200
! -71597 67431 0
> 7688 3188 13 -470 -31 1
> 11068 5677 13 -431 -79 1
> 10884 4580 -156 -482 -76 2
> 6708 5882 -421 14 142 1
! 27175 -1311 0 sims=415184 BLOCKER
! 20764 -11815 0 sims=415184 RUNNER
> 7688 3188 13 -470 -31 1
> 11068 5677 13 -431 -79 1
> 10884 4580 -156 -482 -76 2
> 6708 5882 -421 14 142 1
! 63875 -80224 0
! -87261 40084 0
> 7701 2718 11 -399 -13 1
> 11081 5246 11 -366 -61 2
> 10728 4098 -132 -409 -58 2
> 6287 5896 -357 11 160 1
! 27625 4461 0 sims=401008 BLOCKER
! 20777 -12246 200 sims=401008 RUNNER
> 7701 2718 11 -399 -13 1
> 11081 5246 11 -366 -61 2
> 10728 4098 -132 -409 -58 2
> 6287 5896 -357 11 160 1
! 87332 -60180 0
! -93652 9386 200
> 7712 2319 9 -339 5 1
> 11189 4705 91 -459 -61 2
> 10596 3689 -112 -347 -40 2
> 5730 5914 -473 15 178 1
! 26122 10134 0 sims=401360 BLOCKER
! 15005 -14928 0 sims=401360 RUNNER
> 7712 2319 9 -339 5 1
> 11189 4705 91 -459 -61 2
> 10596 3689 -112 -347 -40 2
> 5730 5914 -473 15 178 1
! 103314 -33771 0
! -90396 -21649 0
> 7721 1980 7 -288 23 1
> 11280 4246 77 -390 -79 2
> 10484 3342 -95 -294 -22 2
> 5257 5929 -402 12 -164 1
! 22815 15101 0 sims=380880 BLOCKER
! 8843 -15605 0 sims=380880 RUNNER
> 7721 1980 7 -288 23 1
> 11280 4246 77 -390 -79 2
> 10484 3342 -95 -294 -22 2
> 5257 5929 -402 12 -164 1
! 110240 -3633 0
! -77646 -49990 0
> 7728 1692 5 -244 41 1
> 11357 3856 65 -331 -97 2
> 10389 3048 -80 -249 -4 2
> 4855 5941 -341 10 -146 1
! 18029 18835 0 sims=395296 BLOCKER
! 15173 -15777 0 sims=395296 RUNNER
> 7728 1692 5 -244 41 1
> 11357 3856 65 -331 -97 2
> 10389 3048 -80 -249 -4 2
> 4855 5941 -341 10 -146 1
! 107418 27240 0
! -78048 -49978 200
> 7733 1448 4 -207 59 1
> 11422 3525 55 -281 -79 2
> 10309 2799 -68 -211 14 2
> 4348 5839 -430 -86 -146 1
! 12232 20935 0 sims=389976 BLOCKER
! 8985 -16326 0 sims=389976 RUNNER
> 7733 1448 4 -207 59 1
> 11422 3525 55 -281 -79 2
> 10309 2799 -68 -211 14 2
> 4348 5839 -430 -86 -146 1
! 95113 55790 0
! -57218 -72962 0
> 7737 1241 3 -175 77 1
> 11477 3244 46 -238 -97 2
> 10241 2588 -57 -179 32 2
> 3918 5753 -365 -73 -128 1
! 18038 18384 200 sims=384264 BLOCKER
! 3025 -14882 0 sims=384264 RUNNER
> 7737 1241 3 -175 77 1
> 11477 3244 46 -238 -97 2
> 10241 2588 -57 -179 32 2
> 3918 5753 -365 -73 -128 1
! 95045 55579 200
! -30284 -88216 200
> 7843 1237 90 -3 59 1
> 11523 3006 39 -202 -115 2
> 10354 2515 95 -62 32 2
> 3485 5492 -368 -221 -110 1
! 12342 20724 0 sims=374912 BLOCKER
! -2117 -11621 0 sims=374912 RUNNER
> 7843 1237 90 -3 59 1
> 11523 3006 39 -202 -115 2
> 10354 2515 95 -62 32 2
> 3485 5492 -368 -221 -110 1
! 95158 55506 0
! -30717 -88477 0
> 7933 1234 76 -2 77 1
> 11562 2804 33 -171 -133 2
> 10449 2453 80 -52 32 2
> 3117 5271 -312 -187 -110 1
! 6190 21158 0 sims=369832 BLOCKER
! -5930 -6892 0 sims=369832 RUNNER
> 7933 1234 76 -2 77 1
> 11562 2804 33 -171 -133 2
> 10449 2453 80 -52 32 2
> 3117 5271 -312 -187 -110 1
! 95253 55444 200
! -373 -94668 200
> 8009 1232 64 -1 95 1
> 11595 2633 28 -145 -151 2
> 10699 2507 212 45 32 2
> 2798 4884 -271 -328 -92 1
! 194 19642 0 sims=376248 BLOCKER
! -8038 -1183 200 sims=376248 RUNNER
> 8009 1232 64 -1 95 1
> 11595 2633 28 -145 -151 2
> 10699 2507 212 45 32 2
> 2798 4884 -271 -328 -92 1
! 107728 26699 0
! 30361 -91242 0
> 8073 1231 54 0 113 1
> 11720 2474 194 -127 -169 2
> 10617 2527 -156 10 14 2
> 2527 4556 -230 -278 -74 1
! -5048 16325 0 sims=393448 BLOCKER
! -8131 4911 0 sims=393448 RUNNER
> 8073 1231 54 0 113 1
> 11720 2474 194 -127 -169 2
> 10617 2527 -156 10 14 2
> 2527 4556 -230 -278 -74 1
! 110373 -4448 200
! 58446 -78347 200
> 8127 1231 45 0 131 1
> 11914 2347 164 -107 173 2
> 10661 2523 36 -3 -4 2
> 2409 4112 -100 -377 -56 1
! -9016 11532 0 sims=373192 BLOCKER
! -6212 10799 200 sims=373192 RUNNER
> 8127 1231 45 0 131 1
> 11914 2347 164 -107 173 2
> 10661 2523 36 -3 -4 2
> 2409 4112 -100 -377 -56 1
! 110417 -4452 200
! 81210 -57454 200
> 8172 1231 38 0 149 1
> 11897 2325 -14 -19 155 2
> 10897 2506 200 -14 -4 2
> 2467 3612 48 -425 -38 1
! -11315 5730 200 sims=369400 BLOCKER
! -2730 15965 200 sims=369400 RUNNER
> 8172 1231 38 0 149 1
> 11897 2325 -14 -19 155 2
> 10897 2506 200 -14 -4 2
> 2467 3612 48 -425 -38 1
! 110653 -4469 0
! 81267 -57954 200
> 8015 1276 -133 38 167 1
> 11895 2421 179 57 137 2
> 10939 2513 -145 30 -4 2
> 2673 3064 174 -465 -38 1
! -9128 11577 0 sims=366168 BLOCKER
! -6231 10873 0 sims=366168 RUNNER
> 8015 1276 -133 38 167 1
> 11895 2421 179 57 137 2
> 10939 2513 -145 30 -4 2
> 2673 3064 174 -465 -38 1
! 110695 -4462 200
! 81473 -58502 0
> 7882 1314 -113 32 149 1
> 12074 2478 152 48 155 2
> 10994 2529 46 13 -4 2
> 2847 2599 147 -395 -38 1
! -11605 5813 0 sims=345656 BLOCKER
! -7777 4915 0 sims=345656 RUNNER
> 7882 1314 -113 32 149 1
> 12074 2478 152 48 155 2
> 10994 2529 46 13 -4 2
> 2847 2599 147 -395 -38 1
! 110750 -4446 0
! 81647 -58967 0
> 7769 1346 -96 27 167 1
> 12226 2526 129 40 173 2
> 11040 2542 39 11 -4 2
> 2994 2204 124 -335 -38 1
! -9374 11647 0 sims=359296 BLOCKER
! -7407 -1290 200 sims=359296 RUNNER
> 7769 1346 -96 27 167 1
> 12226 2526 129 40 173 2
> 11040 2542 39 11 -4 2
> 2994 2204 124 -335 -38 1
! 110796 -4433 0
! 96963 -31998 200
> 7673 1373 -81 22 149 1
> 12159 2528 -57 1 -169 2
> 11079 2553 33 9 -4 2
> 3306 1801 265 -342 -20 1
! -11814 5872 0 sims=332632 BLOCKER
! -7692 4965 0 sims=332632 RUNNER
> 7673 1373 -81 22 149 1
> 12159 2528 -57 1 -169 2
> 11079 2553 33 9 -4 2
> 3306 1801 265 -342 -20 1
! 108108 26745 0
! 97275 -32401 0
> 7592 1395 -68 18 167 1
> 12102 2529 -48 0 173 2
> 11112 2562 28 7 14 2
> 3571 1459 225 -290 -20 1
! -12332 -348 0 sims=332912 BLOCKER
! -6024 10981 0 sims=332912 RUNNER
> 7592 1395 -68 18 167 1
> 12102 2529 -48 0 173 2
> 11112 2562 28 7 14 2
> 3571 1459 225 -290 -20 1
! 110868 -4413 0
! 103510 -2031 200
> 7524 1413 -57 15 185 1
> 12054 2529 -40 0 155 2
> 11140 2569 23 5 -4 2
> 3996 1162 361 -252 -2 1
! -10886 -6402 200 sims=321784 BLOCKER
! -7797 4966 0 sims=321784 RUNNER
> 7524 1413 -57 15 185 1
> 12054 2529 -40 0 155 2
> 11140 2569 23 5 -4 2
> 3996 1162 361 -252 -2 1
! 110896 -4406 0
! 100122 28725 0
> 7283 1350 -204 -53 203 1
> 12014 2529 -34 0 173 2
> 11163 2574 19 4 -4 2
> 4357 910 306 -214 16 1
! -11127 -6465 200 sims=333296 BLOCKER
! -7619 -1287 0 sims=333296 RUNNER
> 7283 1350 -204 -53 203 1
> 12014 2529 -34 0 173 2
> 11163 2574 19 4 -4 2
> 4357 910 306 -214 16 1
! 110919 -4401 0
! 104296 -2579 200
> 6895 1219 -329 -111 -157 1
> 11981 2529 95 -7 -169 2
> 11181 2578 -107 11 -4 2
> 4863 689 429 -187 -2 1
! -11515 -6596 200 sims=328048 BLOCKER
! -7870 4966 0 sims=328048 RUNNER
> 6895 1219 -329 -111 -157 1
> 11981 2529 95 -7 -169 2
> 11181 2578 -107 11 -4 2
> 4863 689 429 -187 -2 1
! 110937 -4397 0
! 98832 -33513 0
> 6382 1030 -436 -160 -157 1
> 12076 2522 80 -5 173 2
> 11074 2589 -90 9 -4 2
> 5292 502 364 -158 -20 1
! -8712 -12091 200 sims=384192 BLOCKER
! -7557 -1294 0 sims=384192 RUNNER
> 6382 1030 -436 -160 -157 1
> 12076 2522 80 -5 173 2
> 11074 2589 -90 9 -4 2
> 5292 502 364 -158 -20 1
! 108103 26781 0
! 84093 -61064 SHIELD
> 6470 1223 568 518 -139 1
> 12156 2517 68 -4 -169 2
> 10984 2598 -76 7 14 2
> 5589 296 202 -210 -38 1
! -11940 -6592 200 sims=344192 BLOCKER
! -7695 4954 0 sims=344192 RUNNER
> 6470 1223 568 518 -139 1
> 12156 2517 68 -4 -169 2
> 10984 2598 -76 7 14 2
> 5589 296 202 -210 -38 1
! 108013 26790 0
! 61508 -82607 0
> 6854 1663 326 373 -157 1
> 12224 2513 57 -3 173 2
> 10908 2605 -64 5 14 2
> 5791 86 171 -178 -56 1
! -8240 -11458 0 sims=398400 BLOCKER
! -5902 10965 0 sims=398400 RUNNER
> 6854 1663 326 373 -157 1
> 12224 2513 57 -3 173 2
> 10908 2605 -64 5 14 2
> 5791 86 171 -178 -56 1
! 107937 26797 0
! 84592 -61480 0
> 7180 2036 277 317 -139 1
> 12281 2510 48 -2 155 2
> 10844 2610 -54 4 14 2
> 5962 -92 145 -151 -38 1
! -3121 -15107 0 sims=384688 BLOCKER
! -7570 4947 0 sims=384688 RUNNER
> 7180 2036 277 317 -139 1
> 12281 2510 48 -2 155 2
> 10844 2610 -54 4 14 2
> 5962 -92 145 -151 -38 1
! 95648 55601 200
! 99931 -34294 0
> 7457 2353 235 269 -121 1
> 12329 2508 40 -1 173 2
> 10960 2720 98 93 32 2
> 6107 -243 123 -128 -20 1
! 2958 -17134 0 sims=382872 BLOCKER
! -5797 10960 0 sims=382872 RUNNER
> 7457 2353 235 269 -121 1
> 12329 2508 40 -1 173 2
> 10960 2720 98 93 32 2
> 6107 -243 123 -128 -20 1
! 107989 26912 0
! 106046 -3733 0
> 7692 2622 199 228 -103 1
> 12369 2507 34 0 155 2
> 11058 2813 83 79 14 2
> 6230 -371 104 -108 -2 1
! -2609 -14521 200 sims=382840 BLOCKER
! -5757 10959 200 sims=382840 RUNNER
> 7692 2622 199 228 -103 1
> 12369 2507 34 0 155 2
> 11058 2813 83 79 14 2
> 6230 -371 104 -108 -2 1
! 110814 -4162 0
! 106169 -3861 200
> 7788 2679 81 48 -121 1
> 12222 2592 -125 71 155 2
> 11141 2892 70 67 -4 2
> 6534 -486 258 -97 -2 1
! 3289 -16808 0 sims=384352 BLOCKER
! -5904 11044 200 sims=384352 RUNNER
> 7788 2679 81 48 -121 1
> 12222 2592 -125 71 155 2
> 11141 2892 70 67 -4 2
> 6534 -486 258 -97 -2 1
! 103859 -34568 0
! 102660 27077 200
> 7869 2727 68 40 -103 1
> 11977 2729 54 39 155 2
> 11149 2977 -255 149 -22 2
> 6984 -528 382 -35 16 1
! 9612 -17197 0 sims=298048 BLOCKER
! -7874 5166 0 sims=298048 RUNNER
> 7869 2727 68 40 -103 1
> 11977 2729 54 39 155 2
> 11149 2977 -255 149 -22 2
> 6984 -528 382 -35 16 1
! 110905 -3998 200
! 89887 55391 200
> 7937 2767 57 34 -85 1
> 12031 2768 45 33 173 2
> 11094 3112 -47 114 -4 2
> 7532 -451 465 65 34 1
! 15752 -15643 200 sims=385488 BLOCKER
! -6095 11220 200 sims=385488 RUNNER
> 7937 2767 57 34 -85 1
> 12031 2768 45 33 173 2
> 11094 3112 -47 114 -4 2
> 7532 -451 465 65 34 1
! 110850 -3863 0
! 69098 78350 200
> 8072 2617 114 -127 -67 1
> 11895 2886 -115 99 155 2
> 11047 3226 -39 96 -4 2
> 8120 -228 499 189 52 1
! 21193 -12477 200 sims=361112 BLOCKER
! -2732 16526 200 sims=361112 RUNNER
> 8072 2617 114 -127 -67 1
> 11895 2886 -115 99 155 2
> 11047 3226 -39 96 -4 2
> 8120 -228 499 189 52 1
! 110803 -3749 200
! 69686 78573 200
> 8317 2339 208 -236 -49 1
> 11944 2995 131 56 137 2
> 10897 3434 -216 213 -4 2
> 8742 119 528 294 52 1
! 25460 -7962 200 sims=363824 BLOCKER
! -6182 11447 0 sims=363824 RUNNER
> 8317 2339 208 -236 -49 1
> 11944 2995 131 56 137 2
> 10897 3434 -216 213 -4 2
> 8742 119 528 294 52 1
! 103615 -34026 200
! 70308 78920 200
> 8696 2000 322 -288 -31 1
> 12075 3051 111 47 155 2
> 10866 3572 -25 117 -22 2
> 9393 571 553 383 52 1
! 28183 -2499 200 sims=327168 BLOCKER
! -7776 5488 0 sims=327168 RUNNER
> 8696 2000 322 -288 -31 1
> 12075 3051 111 47 155 2
> 10866 3572 -25 117 -22 2
> 9393 571 553 383 52 1
! 87470 -60706 0
! 70959 79372 200
> 9213 1667 439 -283 -13 1
> 12186 3098 94 39 173 2
> 10841 3689 -21 99 -40 2
> 10069 1112 574 459 52 1
! 29137 3410 0 sims=346016 BLOCKER
! -5940 11550 200 sims=346016 RUNNER
> 9213 1667 439 -283 -13 1
> 12186 3098 94 39 173 2
> 10841 3689 -21 99 -40 2
> 10069 1112 574 459 52 1
! 63832 -81115 200
! 71635 79913 200
> 9652 1384 373 -240 5 1
> 12099 3222 -74 104 155 2
> 10926 3618 72 -60 -58 2
> 10766 1729 592 524 52 1
! 28062 9199 0 sims=360544 BLOCKER
! -7752 5659 200 sims=360544 RUNNER
> 9652 1384 373 -240 5 1
> 12099 3222 -74 104 155 2
> 10926 3618 72 -60 -58 2
> 10766 1729 592 524 52 1
! 87530 -60660 200
! 72332 80530 200
> 10025 1144 317 -204 23 1
> 11946 3328 226 22 173 2
> 11032 3452 -266 -73 -40 2
> 11481 2411 607 579 52 1
! 25119 14265 200 sims=360136 BLOCKER
! -7687 -488 0 sims=360136 RUNNER
> 10025 1144 317 -204 23 1
> 11946 3328 226 22 173 2
> 11032 3452 -266 -73 -40 2
> 11481 2411 607 579 52 1
! 103750 -34008 200
! 45683 96380 200
> 10493 1071 397 -61 41 1
> 12449 3925 511 682 -169 2
> 10951 3304 -68 -125 -22 2
> 11880 2603 255 -11 70 1
! 20794 18214 200 sims=358792 BLOCKER
! -5043 -5771 200 sims=358792 RUNNER
> 10493 1071 397 -61 41 1
> 12449 3925 511 682 -169 2
> 10951 3304 -68 -125 -22 2
> 11880 2603 255 -11 70 1
! 103669 -34156 200
! 15369 102542 200
> 10993 1181 425 93 59 1
> 12785 4510 285 497 -151 2
> 11068 3104 99 -169 -22 2
> 12142 2792 222 160 88 1
! 15492 20668 200 sims=351160 BLOCKER
! -855 -10117 0 sims=351160 RUNNER
> 10993 1181 425 93 59 1
> 12785 4510 285 497 -151 2
> 11068 3104 99 -169 -22 2
> 12142 2792 222 160 88 1
! 103786 -34356 200
! -15421 98918 0
> 11463 1469 399 244 77 1
> 13070 5007 242 422 -133 2
> 11352 2860 241 -207 -22 2
> 12364 2952 188 136 106 1
! 9720 21393 200 sims=350976 BLOCKER
! 4618 -13119 200 sims=350976 RUNNER
> 11463 1469 399 244 77 1
> 13070 5007 242 422 -133 2
> 11352 2860 241 -207 -22 2
> 12364 2952 188 136 106 1
! 87956 -61418 200
! -15199 99078 0
> 11867 1733 407 -275 95 1
> 13227 5248 133 204 -115 2
> 11723 2703 251 367 -40 2
> 12552 3088 159 115 106 1
! 4052 20143 200 sims=347024 BLOCKER
! 10790 -14603 200 sims=347024 RUNNER
> 11867 1733 407 -275 95 1
> 13227 5248 133 204 -115 2
> 11723 2703 251 367 -40 2
> 12552 3088 159 115 106 1
! 88327 -61575 200
! -15011 99214 200
> 12196 1642 279 -77 113 1
> 13336 5253 92 4 -97 2
> 12027 2880 177 100 -40 2
> 12756 3457 254 363 106 1
! -925 16736 200 sims=367784 BLOCKER
! 17152 -14380 200 sims=367784 RUNNER
> 12196 1642 279 -77 113 1
> 13336 5253 92 4 -97 2
> 12027 2880 177 100 -40 2
> 12756 3457 254 363 106 1
! 88631 -61398 200
! 16245 103396 0
> 12344 1716 125 62 131 1
> 13466 5061 110 -163 -79 2
> 12357 2851 280 -24 -40 2
> 13010 3820 215 308 88 1
! -4799 12017 200 sims=320720 BLOCKER
! 11029 -14790 200 sims=320720 RUNNER
> 12344 1716 125 62 131 1
> 13466 5061 110 -163 -79 2
> 12357 2851 280 -24 -40 2
> 13010 3820 215 308 88 1
! 65348 -81953 200
! 47212 97789 200
> 12298 1881 -39 140 149 1
> 13696 5011 381 356 -97 2
> 12743 2657 328 -164 -58 3
> 13149 4005 -67 -242 70 1
! -7189 6380 200 sims=442416 BLOCKER
! 11259 -14840 200 sims=442416 RUNNER
> 12298 1881 -39 140 149 1
> 13696 5011 381 356 -97 2
> 12743 2657 328 -164 -58 3
> 13149 4005 -67 -242 70 1
! 36935 -94372 0
! 74715 82806 0
> 12064 2066 -198 157 167 1
> 14053 5168 303 133 -97 2
> 13071 2493 278 -139 -76 3
> 13082 3763 -56 -205 52 1
! -7860 323 200 sims=436744 BLOCKER
! 5601 -12958 200 sims=436744 RUNNER
> 12064 2066 -198 157 167 1
> 14053 5168 303 133 -97 2
> 13071 2493 278 -139 -76 3
> 13082 3763 -56 -205 52 1
! 6095 -97263 0
! 95985 59682 0
> 11667 2206 -337 118 185 1
> 14271 5120 185 -41 -115 2
> 13349 2354 236 -118 -94 3
> 13026 3558 -47 -174 34 1
! -8257 463 200 sims=429728 BLOCKER
! 631 -9507 0 sims=429728 RUNNER
> 11667 2206 -337 118 185 1
> 14271 5120 185 -41 -115 2
> 13349 2354 236 -118 -94 3
> 13026 3558 -47 -174 34 1
! -24111 -90364 0
! 95929 59477 200
> 11131 2307 -455 85 -175 1
> 14456 5079 157 -34 -133 2
> 13585 2236 200 -100 -112 3
> 13145 3496 100 -52 34 1
! -8793 564 200 sims=424808 BLOCKER
! -3036 -4617 200 sims=424808 RUNNER
> 11131 2307 -455 85 -175 1
> 14456 5079 157 -34 -133 2
> 13585 2236 200 -100 -112 3
> 13145 3496 100 -52 34 1
! -50693 -74368 0
! 74711 82297 200
> 10477 2375 -556 57 -175 1
> 14438 4948 -15 -111 -151 2
> 13785 2136 170 -85 -130 3
> 13368 3602 189 89 52 1
! -9010 6874 0 sims=416136 BLOCKER
! 798 -9679 0 sims=416136 RUNNER
> 10477 2375 -556 57 -175 1
> 14438 4948 -15 -111 -151 2
> 13785 2136 170 -85 -130 3
> 13368 3602 189 89 52 1
! -71019 -50855 200
! 47570 97571 0
> 9921 2432 -472 48 167 1
> 14423 4837 -12 -94 -133 2
> 13785 1945 0 -162 -148 3
> 13557 3691 160 75 70 1
! -10003 689 0 sims=405632 BLOCKER
! 5971 -13289 0 sims=405632 RUNNER
> 9921 2432 -472 48 167 1
> 14423 4837 -12 -94 -133 2
> 13785 1945 0 -162 -148 3
> 13557 3691 160 75 70 1
! -83244 -22247 200
! 47759 97660 0
> 9449 2480 -401 40 -175 1
> 14411 4743 -10 -79 -115 2
> 13591 1735 -164 -178 -166 3
> 13717 3766 136 63 70 1
! -8961 -5335 0 sims=399944 BLOCKER
! 5959 -13383 200 sims=399944 RUNNER
> 9449 2480 -401 40 -175 1
> 14411 4743 -10 -79 -115 2
> 13591 1735 -164 -178 -166 3
> 13717 3766 136 63 70 1
! -86165 8710 200
! 75283 82567 0
> 9048 2520 -340 34 -157 1
> 14316 4483 -80 -221 -115 2
> 13227 1571 -308 -139 176 3
> 13853 3829 115 53 52 1
! -10876 777 0 sims=418696 BLOCKER
! 5864 -13643 SHIELD sims=418696 RUNNER
> 9048 2520 -340 34 -157 1
> 14316 4483 -80 -221 -115 2
> 13227 1571 -308 -139 176 3
> 13853 3829 115 53 52 1
! -79491 39031 200
! 75419 82630 200
> 8708 2554 -289 28 -175 1
> 14292 4341 -20 -120 -115 2
> 12734 1507 -419 -54 158 3
> 13529 3246 -276 -497 52 1
! -9702 -5261 0 sims=433064 BLOCKER
! 5840 -13785 0 sims=433064 RUNNER
> 8708 2554 -289 28 -175 1
> 14292 4341 -20 -120 -115 2
> 12734 1507 -419 -54 158 3
> 13529 3246 -276 -497 52 1
! -63870 65785 200
! 75095 82047 200
> 8419 2582 -245 23 -157 1
> 14272 4221 -17 -102 -115 2
> 12162 1582 -486 63 140 3
> 13376 2907 -129 -288 52 1
! -6675 -10539 0 sims=413672 BLOCKER
! 5820 -13905 0 sims=413672 RUNNER
> 8419 2582 -245 23 -157 1
> 14272 4221 -17 -102 -115 2
> 12162 1582 -486 63 140 3
> 13376 2907 -129 -288 52 1
! -64442 65860 200
! 74942 81708 200
> 8174 2605 -208 19 -139 1
> 14255 4119 -14 -86 -115 2
> 11523 1774 -543 162 140 3
> 13370 2777 -4 -110 52 1
! -10236 -5210 0 sims=410512 BLOCKER
! 615 -10508 0 sims=410512 RUNNER
> 8174 2605 -208 19 -139 1
> 14255 4119 -14 -86 -115 2
> 11523 1774 -543 162 140 3
> 13370 2777 -4 -110 52 1
! -81195 39234 200
! 74936 81578 0
> 7966 2624 -176 16 -157 1
> 14241 4033 -11 -73 -133 2
> 10795 2011 -619 201 158 3
> 13366 2667 -3 -93 52 1
! -7128 -10497 0 sims=404616 BLOCKER
! 601 -10594 200 sims=404616 RUNNER
> 7966 2624 -176 16 -157 1
> 14241 4033 -11 -73 -133 2
> 10795 2011 -619 201 158 3
> 13366 2667 -3 -93 52 1
! -81923 39471 200
! 47568 96636 200
> 7790 2640 -149 13 -139 1
> 14094 3814 -125 -186 -133 2
> 9991 2287 -683 234 158 3
> 13431 2762 55 80 70 1
! -2511 -14503 0 sims=381632 BLOCKER
! 454 -10813 200 sims=381632 RUNNER
> 7790 2640 -149 13 -139 1
> 14094 3814 -125 -186 -133 2
> 9991 2287 -683 234 158 3
> 13431 2762 55 80 70 1
! -89765 9262 200
! 47633 96731 200
> 7641 2653 -126 11 -121 1
> 13975 3710 98 231 -133 2
> 9108 2535 -750 210 176 3
> 13412 2801 -215 -286 70 1
! 3142 -16834 0 sims=397368 BLOCKER
! 5523 -14416 200 sims=397368 RUNNER
> 7641 2653 -126 11 -121 1
> 13975 3710 98 231 -133 2
> 9108 2535 -750 210 176 3
> 13412 2801 -215 -286 70 1
! -90648 9510 200
! 74978 81602 200
> 7364 2654 -791 -37 -103 1
> 13988 3760 11 42 -115 2
> 8310 2769 -122 237 176 3
> 13320 2673 -78 -109 52 1
! 9107 -17270 0 sims=415480 BLOCKER
! 348 -10867 200 sims=415480 RUNNER
> 7364 2654 -791 -37 -103 1
> 13988 3760 11 42 -115 2
> 8310 2769 -122 237 176 3
> 13320 2673 -78 -109 52 1
! -88719 -21423 200
! 74886 81474 200
> 6573 2617 -672 -31 -85 1
> 13863 3656 -106 -88 -133 2
> 7994 2958 -268 160 -166 3
> 13365 2722 38 41 52 1
! 14388 -15793 0 sims=376016 BLOCKER
! 5411 -14470 200 sims=376016 RUNNER
> 6573 2617 -672 -31 -85 1
> 13863 3656 -106 -88 -133 2
> 7994 2958 -268 160 -166 3
> 13365 2722 38 41 52 1
! -76810 -50033 200
! 47567 96691 200
> 5901 2586 -571 -26 -67 1
> 13819 3672 62 208 -115 2
> 7556 3012 -371 45 -148 3
> 13325 2666 -134 -243 70 1
! 19022 -12508 0 sims=376816 BLOCKER
! 5367 -14454 200 sims=376816 RUNNER
> 5901 2586 -571 -26 -67 1
> 13819 3672 62 208 -115 2
> 7556 3012 -371 45 -148 3
> 13325 2666 -134 -243 70 1
! -77248 -49979 200
! 47527 96635 200
> 5330 2560 -485 -22 -49 1
> 13796 3699 -19 22 -115 2
> 7015 2951 -459 -51 -148 3
> 13259 2611 -55 -46 70 1
! 22473 -7741 200 sims=358368 BLOCKER
! 5344 -14427 200 sims=358368 RUNNER
> 5330 2560 -485 -22 -49 1
> 13796 3699 -19 22 -115 2
> 7015 2951 -459 -51 -148 3
> 13259 2611 -55 -46 70 1
! -90014 -21241 200
! 47461 96580 200
> 5016 2435 -266 -106 -31 1
> 13692 3540 -87 -135 -115 2
> 6362 2852 -555 -84 -166 3
> 13272 2753 11 120 70 1
! 24503 -2064 200 sims=362720 BLOCKER
! 5240 -14586 SHIELD sims=362720 RUNNER
> 5016 2435 -266 -106 -31 1
> 13692 3540 -87 -135 -115 2
> 6362 2852 -555 -84 -166 3
> 13272 2753 11 120 70 1
! -78442 -50139 0
! 74838 81554 200
> 4945 2284 -60 -128 -13 1
> 13637 3465 -39 -50 -115 2
> 5807 2768 -471 -71 -148 3
> 13084 2427 -226 -402 52 1
! 24432 -2215 SHIELD sims=407240 BLOCKER
! 5185 -14661 0 sims=407240 RUNNER
> 4945 2284 -60 -128 -13 1
> 13637 3465 -39 -50 -115 2
> 5807 2768 -471 -71 -148 3
> 13084 2427 -226 -402 52 1
! -58471 -73836 0
! 47286 96396 200
> 4870 2144 -83 -136 -13 1
> 13598 3415 -33 -42 -115 2
> 5482 2822 -76 216 -130 3
> 12926 2213 -133 -181 70 1
! 24794 3887 0 sims=361040 BLOCKER
! 5146 -14711 0 sims=361040 RUNNER
> 4870 2144 -83 -136 -13 1
> 13598 3415 -33 -42 -115 2
> 5482 2822 -76 216 -130 3
> 12926 2213 -133 -181 70 1
! -58796 -73782 200
! 74492 81014 200
> 4787 2008 -70 -115 5 1
> 13565 3373 -28 -35 -115 2
> 5277 2885 -173 53 -130 3
> 12916 2190 -8 -19 52 1
! 23197 9823 0 sims=371224 BLOCKER
! 5113 -14753 0 sims=371224 RUNNER
> 4787 2008 -70 -115 5 1
> 13565 3373 -28 -35 -115 2
> 5277 2885 -173 53 -130 3
> 12916 2190 -8 -19 52 1
! -32183 -89833 200
! 47118 96159 200
> 4717 1893 -59 -97 23 1
> 13537 3338 -23 -29 -115 2
> 5029 2753 -210 -112 -112 3
> 12976 2359 51 143 70 1
! 24641 3636 0 sims=339256 BLOCKER
! 5085 -14788 200 sims=339256 RUNNER
> 4717 1893 -59 -97 23 1
> 13537 3338 -23 -29 -115 2
> 5029 2753 -210 -112 -112 3
> 12976 2359 51 143 70 1
! -1946 -97003 200
! 74542 81160 200
> 4616 1662 -114 -288 5 1
> 13558 3348 157 249 -115 2
> 4847 2575 -126 -58 -94 4
> 13022 2439 -101 -172 52 1
! 24540 3405 200 sims=358080 BLOCKER
! 5106 -14778 200 sims=358080 RUNNER
> 4616 1662 -114 -288 5 1
> 13558 3348 157 249 -115 2
> 4847 2575 -126 -58 -94 4
> 13022 2439 -101 -172 52 1
! 29039 -94454 0
! 74588 81240 200
> 4701 1391 72 -229 5 1
> 13630 3416 61 57 -115 2
> 4721 2517 -107 -49 -76 4
> 13044 2425 18 -12 52 1
! 23111 9206 200 sims=391832 BLOCKER
! 5178 -14710 200 sims=391832 RUNNER
> 4701 1391 72 -229 5 1
> 13630 3416 61 57 -115 2
> 4721 2517 -107 -49 -76 4
> 13044 2425 18 -12 52 1
! 57712 -82287 0
! 47246 96394 200
> 4957 1240 217 -128 23 1
> 13606 3292 -19 -105 -115 2
> 4614 2468 -90 -41 -58 4
> 13130 2601 73 149 70 1
! 20051 14361 200 sims=407032 BLOCKER
! 5154 -14834 SHIELD sims=407032 RUNNER
> 4957 1240 217 -128 23 1
> 13606 3292 -19 -105 -115 2
> 4614 2468 -90 -41 -58 4
> 13130 2601 73 149 70 1
! 81218 -61810 0
! 74696 81402 200
> 5325 1243 312 2 41 1
> 13631 3250 24 -30 -115 2
> 4524 2427 -76 -34 -40 4
> 12888 2279 -240 -323 52 1
! 20419 14364 200 sims=430440 BLOCKER
! -9 -11377 0 sims=430440 RUNNER
> 5325 1243 312 2 41 1
> 13631 3250 24 -30 -115 2
> 4524 2427 -76 -34 -40 4
> 12888 2279 -240 -323 52 1
! 97242 -35033 0
! 74454 81080 200
> 5788 1376 393 113 41 1
> 13655 3220 20 -25 -133 2
> 4448 2393 -64 -28 -22 4
> 12771 2114 -99 -140 52 1
! 16089 18519 0 sims=435576 BLOCKER
! 15 -11407 0 sims=435576 RUNNER
> 5788 1376 393 113 41 1
> 13655 3220 20 -25 -133 2
> 4448 2393 -64 -28 -22 4
> 12771 2114 -99 -140 52 1
! 104204 -4582 0
! 74337 80915 200
> 6181 1489 334 96 59 1
> 13675 3195 17 -21 -133 2
> 4384 2365 -54 -23 -4 4
> 12795 2132 20 14 52 1
! 10680 20976 0 sims=408184 BLOCKER
! 35 -11432 0 sims=408184 RUNNER
> 6181 1489 334 96 59 1
> 13675 3195 17 -21 -133 2
> 4384 2365 -54 -23 -4 4
> 12795 2132 20 14 52 1
! 101413 26557 200
! 74361 80933 200
> 6515 1585 283 81 77 1
> 13692 3174 14 -17 -133 2
> 4524 2390 119 21 14 4
> 12938 2304 121 145 52 1
! 4772 21509 200 sims=383032 BLOCKER
! 52 -11453 200 sims=383032 RUNNER
> 6515 1585 283 81 77 1
> 13692 3174 14 -17 -133 2
> 4524 2390 119 21 14 4
> 12938 2304 121 145 52 1
! 101553 26582 200
! 74504 81105 200
> 6781 1865 225 238 95 1
> 13731 3189 233 234 -133 2
> 4837 2459 266 58 14 4
> 13021 2428 -129 -115 52 1
! -1034 20275 200 sims=390832 BLOCKER
! 91 -11438 200 sims=390832 RUNNER
> 6781 1865 225 238 95 1
> 13731 3189 233 234 -133 2
> 4837 2459 266 58 14 4
> 13021 2428 -129 -115 52 1
! 89641 55450 200
! 95924 58347 200
> 6928 2287 124 358 113 1
> 13828 3277 82 74 -133 2
> 5273 2623 370 139 32 4
> 13058 2425 31 -2 34 1
! -6193 17381 200 sims=378216 BLOCKER
! 188 -11350 200 sims=378216 RUNNER
> 6928 2287 124 358 113 1
> 13828 3277 82 74 -133 2
> 5273 2623 370 139 32 4
> 13058 2425 31 -2 34 1
! 69551 79227 0
! 74624 81226 200
> 6921 2796 -6 432 131 1
> 13774 3205 -46 -61 -133 2
> 5643 2762 314 118 50 4
> 13212 2581 131 132 52 1
! -10222 13097 0 sims=381480 BLOCKER
! 134 -11422 SHIELD sims=381480 RUNNER
> 6921 2796 -6 432 131 1
> 13774 3205 -46 -61 -133 2
> 5643 2762 314 118 50 4
> 13212 2581 131 132 52 1
! 43103 95480 0
! 74778 81382 200
> 6915 3228 -5 367 149 1
> 13779 3201 8 1 -133 2
> 5957 2880 266 100 68 4
> 12952 2302 -261 -283 52 1
! -12572 7727 200 sims=398432 BLOCKER
! 139 -11426 0 sims=398432 RUNNER
> 6915 3228 -5 367 149 1
> 13779 3201 8 1 -133 2
> 5957 2880 266 100 68 4
> 12952 2302 -261 -283 52 1
! 43417 95598 0
! 74518 81103 200
> 6715 3640 -169 350 167 1
> 13787 3202 6 0 -133 2
> 6223 2980 226 85 68 4
> 12814 2177 -117 -106 52 1
! -13209 1897 200 sims=396880 BLOCKER
! 147 -11425 0 sims=396880 RUNNER
> 6715 3640 -169 350 167 1
> 13787 3202 6 0 -133 2
> 6223 2980 226 85 68 4
> 12814 2177 -117 -106 52 1
! 13198 102736 0
! 74380 80978 200
> 6394 4069 -260 389 185 1
> 13793 3202 5 0 -133 2
> 6402 2969 139 -34 86 4
> 12820 2229 5 43 52 1
! -13093 8568 0 sims=393192 BLOCKER
! -3699 -6494 0 sims=393192 RUNNER
> 6394 4069 -260 389 185 1
> 13793 3202 5 0 -133 2
> 6402 2969 139 -34 86 4
> 12820 2229 5 43 52 1
! 13377 102725 200
! 95723 58148 200
> 6134 4458 -221 330 167 1
> 13798 3202 4 0 -151 2
> 6555 3135 130 140 86 4
> 12991 2384 145 131 34 1
! -11009 14759 0 sims=386576 BLOCKER
! 158 -11425 200 sims=386576 RUNNER
> 6134 4458 -221 330 167 1
> 13798 3202 4 0 -151 2
> 6555 3135 130 140 86 4
> 12991 2384 145 131 34 1
! 44015 95853 200
! 74557 81185 200
> 5913 4788 -187 280 149 1
> 13838 3225 245 227 -133 2
> 6760 3460 174 276 68 4
> 13087 2503 -129 -106 52 1
! -7208 19882 0 sims=384544 BLOCKER
! 198 -11402 200 sims=384544 RUNNER
> 5913 4788 -187 280 149 1
> 13838 3225 245 227 -133 2
> 6760 3460 174 276 68 4
> 13087 2503 -129 -106 52 1
! 13735 103216 200
! 95990 58422 200
> 5726 5068 -158 238 131 1
> 13947 3306 92 68 -133 2
> 6948 3936 159 404 86 4
> 13124 2509 31 4 34 1
! -11417 15369 0 sims=414208 BLOCKER
! 307 -11321 200 sims=414208 RUNNER
> 5726 5068 -158 238 131 1
> 13947 3306 92 68 -133 2
> 6948 3936 159 404 86 4
> 13124 2509 31 4 34 1
! -17244 100965 200
! 74690 81310 200
> 5568 5306 -134 202 149 1
> 13903 3228 -37 -66 -133 2
> 7059 4534 94 508 104 5
> 13278 2671 131 137 52 1
! -11575 15607 200 sims=430128 BLOCKER
! 263 -11399 SHIELD sims=430128 RUNNER
> 5568 5306 -134 202 149 1
> 13903 3228 -37 -66 -133 2
> 7059 4534 94 508 104 5
> 13278 2671 131 137 52 1
! -45932 89338 200
! 96181 58590 200
> 5263 5611 -259 259 149 1
> 13923 3213 21 -9 -133 2
> 7047 5212 -10 575 122 5
> 13002 2411 -277 -259 34 1
! -7858 20705 0 sims=448896 BLOCKER
! 283 -11414 0 sims=448896 RUNNER
> 5263 5611 -259 259 149 1
> 13923 3213 21 -9 -133 2
> 7047 5212 -10 575 122 5
> 13002 2411 -277 -259 34 1
! -69557 69490 0
! 95905 58330 200
> 5004 5870 -220 220 131 1
> 13944 3204 17 -7 -133 2
> 7037 5787 -8 488 140 5
> 12891 2264 -94 -125 34 1
! -2811 24280 0 sims=407480 BLOCKER
! 304 -11423 0 sims=407480 RUNNER
> 5004 5870 -220 220 131 1
> 13944 3204 17 -7 -133 2
> 7037 5787 -8 488 140 5
> 12891 2264 -94 -125 34 1
! -85681 43247 200
! 74457 81065 200
> 4784 6090 -187 187 113 1
> 13961 3197 14 -5 -133 2
> 6844 6350 -164 478 158 5
> 12920 2297 24 27 52 1
! 3041 26014 0 sims=396104 BLOCKER
! -3531 -6499 0 sims=396104 RUNNER
> 4784 6090 -187 187 113 1
> 13961 3197 14 -5 -133 2
> 6844 6350 -164 478 158 5
> 12920 2297 24 27 52 1
! -92912 13325 200
! 95823 58216 200
> 4597 6277 -158 158 95 1
> 13975 3192 11 -4 -151 2
> 6480 6842 -308 418 176 5
> 13110 2436 161 118 34 1
! 9096 25764 0 sims=366848 BLOCKER
! 335 -11435 200 sims=366848 RUNNER
> 4597 6277 -158 158 95 1
> 13975 3192 11 -4 -151 2
> 6480 6842 -308 418 176 5
> 13110 2436 161 118 34 1
! -90549 -17350 0
! 74676 81237 200
> 4439 6435 -134 134 77 1
> 14035 3192 280 185 -133 2
> 6172 7260 -261 355 194 5
> 13209 2562 -145 -79 52 1
! 14740 23578 200 sims=396136 BLOCKER
! 395 -11435 200 sims=396136 RUNNER
> 4439 6435 -134 134 77 1
> 14035 3192 280 185 -133 2
> 6172 7260 -261 355 194 5
> 13209 2562 -145 -79 52 1
! -78632 -45731 0
! 96112 58481 200
> 4408 6740 -26 259 59 1
> 14179 3231 122 32 -133 2
> 5911 7615 -221 301 -148 5
> 13230 2595 17 27 34 1
! 19502 19861 200 sims=374968 BLOCKER
! -3313 -6465 200 sims=374968 RUNNER
> 4408 6740 -26 259 59 1
> 14179 3231 122 32 -133 2
> 5911 7615 -221 301 -148 5
> 13230 2595 17 27 34 1
! -91118 -16577 200
! 109356 30158 200
> 4533 7130 106 331 41 1
> 14126 3166 -44 -55 -151 2
> 5496 7868 -352 214 -166 5
> 13439 2677 177 69 16 1
! 14834 24273 200 sims=374728 BLOCKER
! -5507 -650 0 sims=374728 RUNNER
> 4533 7130 106 331 41 1
> 14126 3166 -44 -55 -151 2
> 5496 7868 -352 214 -166 5
> 13439 2677 177 69 16 1
! -79308 -45123 0
! 96342 58596 200
> 4596 7497 -200 75 59 1
> 14414 3349 274 177 -169 2
> 5290 8218 79 533 -148 5
> 13450 2620 -20 -70 34 1
! 9095 26984 0 sims=392800 BLOCKER
! -3078 -6347 200 sims=392800 RUNNER
> 4596 7497 -200 75 59 1
> 14414 3349 274 177 -169 2
> 5290 8218 79 533 -148 5
> 13450 2620 -20 -70 34 1
! -58988 -68386 0
! 75016 81421 0
> 4396 7572 -170 63 77 1
> 14513 3429 84 68 -151 2
> 5369 8751 67 453 -130 5
> 13430 2550 -17 -59 52 1
! 14697 24715 0 sims=390688 BLOCKER
! 873 -11198 200 sims=390688 RUNNER
> 4396 7572 -170 63 77 1
> 14513 3429 84 68 -151 2
> 5369 8751 67 453 -130 5
> 13430 2550 -17 -59 52 1
! -79435 -44240 200
! 74996 81351 0
> 4226 7635 -144 53 59 1
> 14461 3351 -44 -66 -133 2
> 5266 9098 -87 294 -148 5
> 13413 2491 -14 -50 52 1
! 8725 27122 0 sims=392104 BLOCKER
! -3031 -6345 200 sims=392104 RUNNER
> 4226 7635 -144 53 59 1
> 14461 3351 -44 -66 -133 2
> 5266 9098 -87 294 -148 5
> 13413 2491 -14 -50 52 1
! -59012 -67506 0
! 96316 58410 200
> 4082 7688 -122 45 77 1
> 14242 3188 -186 -138 -151 2
> 5179 9392 -73 249 -130 5
> 13565 2553 129 52 34 1
! 14383 24831 200 sims=384288 BLOCKER
! -3250 -6508 SHIELD sims=384288 RUNNER
> 4082 7688 -122 45 77 1
> 14242 3188 -186 -138 -151 2
> 5179 9392 -73 249 -130 5
> 13565 2553 129 52 34 1
! -32281 -83326 200
! 75131 81354 200
> 4063 7904 -16 183 59 1
> 14112 3104 -96 -57 -151 2
> 5031 9456 -125 54 -112 5
> 13256 2222 -405 -418 52 1
! 14364 25047 200 sims=399304 BLOCKER
! -3380 -6592 0 sims=399304 RUNNER
> 4063 7904 -16 183 59 1
> 14112 3104 -96 -57 -151 2
> 5031 9456 -125 54 -112 5
> 13256 2222 -405 -418 52 1
! -59247 -67148 200
! 47458 96191 200
> 4150 8258 73 301 59 1
> 14016 3047 -81 -48 -151 2
> 4777 9357 -215 -84 -130 5
> 12919 1992 -286 -195 70 1
! 14451 25401 SHIELD sims=384264 BLOCKER
! -3476 -6649 0 sims=384264 RUNNER
> 4150 8258 73 301 59 1
> 14016 3047 -81 -48 -151 2
> 4777 9357 -215 -84 -130 5
> 12919 1992 -286 -195 70 1
! -59501 -67247 SHIELD
! 74485 80793 200
> 4219 8550 -110 -105 59 1
> 13935 2999 -68 -40 -151 2
> 4566 9282 -9 290 -130 5
> 12756 1955 -138 -31 52 1
! 8718 28037 0 sims=386568 BLOCKER
! -3557 -6697 0 sims=386568 RUNNER
> 4219 8550 -110 -105 59 1
> 13935 2999 -68 -40 -151 2
> 4566 9282 -9 290 -130 5
> 12756 1955 -138 -31 52 1
! -59712 -67322 0
! 74322 80756 200
> 4109 8445 -93 -89 77 1
> 13867 2959 -57 -34 -151 2
> 4557 9572 -7 246 -130 5
> 12741 2082 -12 107 52 1
! 2366 28369 0 sims=384272 BLOCKER
! 227 -11668 200 sims=384272 RUNNER
> 4109 8445 -93 -89 77 1
> 13867 2959 -57 -34 -151 2
> 4557 9572 -7 246 -130 5
> 12741 2082 -12 107 52 1
! -32903 -83146 0
! 95644 58001 200
> 4016 8356 -79 -75 95 1
> 13674 2779 -164 -153 -133 2
> 4550 9818 -5 209 -112 5
> 12895 2301 130 186 34 1
! 8515 27843 0 sims=421864 BLOCKER
! 34 -11848 SHIELD sims=421864 RUNNER
> 4016 8356 -79 -75 95 1
> 13674 2779 -164 -153 -133 2
> 4550 9818 -5 209 -112 5
> 12895 2301 130 186 34 1
! -2425 -89938 0
! 95798 58220 SHIELD
> 3937 8281 -67 -63 77 1
> 13780 2775 174 43 -133 2
> 4545 10027 -4 177 -94 5
> 12755 2338 -202 -15 34 1
! 14238 25424 0 sims=373480 BLOCKER
! -3712 -6921 0 sims=373480 RUNNER
> 3937 8281 -67 -63 77 1
> 13780 2775 174 43 -133 2
> 4545 10027 -4 177 -94 5
> 12755 2338 -202 -15 34 1
! -32915 -82691 0
! 108881 29901 0
> 3870 8218 -56 -53 59 1
> 13954 2818 147 36 -151 2
> 4541 10204 -3 150 -112 5
> 12553 2323 -171 -12 16 1
! 8369 27705 200 sims=395632 BLOCKER
! -5679 -998 0 sims=395632 RUNNER
> 3870 8218 -56 -53 59 1
> 13954 2818 147 36 -151 2
> 4541 10204 -3 150 -112 5
> 12553 2323 -171 -12 16 1
! -32919 -82514 200
! 108679 29886 0
