@ 0 reCurse
@ 1 YurkovAS
CP 4
CP 13509 2349
CP 12932 7195
CP 5639 2601
CP 4101 7447
> 14005 2408 0 0 -1 1
> 13013 2290 0 0 -1 1
> 14998 2526 0 0 -1 1
> 12020 2172 0 0 -1 1
! -7867 99986 200
! -19454 96872 200
> 14005 2408 0 0 -1 1
> 13013 2290 0 0 -1 1
> 14998 2526 0 0 -1 1
> 12020 2172 0 0 -1 1
! 6546 20652 BOOST sims=3060736 RUNNER
! 21100 19992 BOOST sims=3060736 BLOCKER
> 13961 2603 -37 165 103 1
> 13086 2462 206 128 109 1
> 14723 3115 -233 500 115 1
> 12178 2768 -10 524 63 1
! -37542 88319 200
! -19470 97013 200
> 13961 2603 -37 165 103 1
> 13086 2462 206 128 109 1
> 14723 3115 -233 500 115 1
> 12178 2768 -10 524 63 1
! 6271 21241 200 sims=321568 RUNNER
! 26320 16910 0 sims=321568 BLOCKER
> 14004 2974 108 328 121 1
> 13045 2745 -106 227 109 1
> 14405 3796 -269 579 115 1
> 12168 3292 -8 445 45 1
! -37499 88690 200
! -47136 82608 200
> 14004 2974 108 328 121 1
> 13045 2745 -106 227 109 1
> 14405 3796 -269 579 115 1
> 12168 3292 -8 445 45 1
! 765 18423 0 sims=339000 RUNNER
! 29988 12372 0 sims=339000 BLOCKER
> 14009 3473 4 424 121 1
> 12819 3132 -192 328 127 1
> 14136 4375 -228 492 133 1
> 12160 3737 -6 378 27 1
! -61461 69078 200
! -19737 97683 200
> 14009 3473 4 424 121 1
> 12819 3132 -192 328 127 1
> 14136 4375 -228 492 133 1
> 12160 3737 -6 378 27 1
! 5684 22501 0 sims=305032 RUNNER
! 31914 6866 200 sims=305032 BLOCKER
> 13862 4028 -124 471 139 1
> 12765 3436 8 201 109 1
> 13908 4867 -193 418 115 1
> 12148 4360 -64 586 9 1
! -61608 69633 200
! -19791 97987 200
> 13862 4028 -124 471 139 1
> 12765 3436 8 201 109 1
> 13908 4867 -193 418 115 1
> 12148 4360 -64 586 9 1
! 268 19494 0 sims=274096 RUNNER
! 31902 1231 200 sims=274096 BLOCKER
> 13574 4469 -247 335 139 1
> 12708 3826 -48 331 109 1
> 13728 5446 -149 531 133 1
> 12282 4915 113 471 -9 1
! -37929 90185 200
! 10962 103810 200
> 13574 4469 -247 335 139 1
> 12708 3826 -48 331 109 1
> 13728 5446 -149 531 133 1
> 12282 4915 113 471 -9 1
! -3764 15142 0 sims=260520 RUNNER
! 30102 -4165 200 sims=260520 BLOCKER
> 13292 4944 192 204 121 1
> 12657 4357 -43 451 91 1
> 13579 5977 -126 451 151 1
> 12505 5327 -242 549 -27 1
! -38211 90660 200
! -19899 98908 200
> 13292 4944 192 204 121 1
> 12657 4357 -43 451 91 1
> 13579 5977 -126 451 151 1
> 12505 5327 -242 549 -27 1
! -3913 15673 200 sims=235656 RUNNER
! 30325 -3753 200 sims=235656 BLOCKER
> 13381 5319 75 319 121 1
> 12550 4992 -67 364 109 1
> 13278 6525 -255 465 151 1
> 12440 5790 -78 568 -27 1
! -62089 70924 200
! -20006 99543 200
> 13381 5319 75 319 121 1
> 12550 4992 -67 364 109 1
> 13278 6525 -255 465 151 1
> 12440 5790 -78 568 -27 1
! -6355 10341 200 sims=268464 RUNNER
! 26582 -8352 200 sims=268464 BLOCKER
> 13305 5769 -64 382 139 1
> 12442 5359 -90 305 109 1
> 12878 7101 -197 690 169 2
> 12428 6330 -153 264 -45 1
! -62165 71374 200
! -47739 85222 200
> 13305 5769 -64 382 139 1
> 12442 5359 -90 305 109 1
> 12878 7101 -197 690 169 2
> 12428 6330 -153 264 -45 1
! -6973 4664 200 sims=284280 RUNNER
! 21508 -11490 0 sims=284280 BLOCKER
> 13090 6282 -182 436 139 1
> 12230 5792 -186 209 127 1
> 12482 7767 -336 565 -173 2
> 12276 6626 -121 410 -63 1
! -78960 45355 200
! -69685 63149 200
> 13090 6282 -182 436 139 1
> 12230 5792 -186 209 127 1
> 12482 7767 -336 565 -173 2
> 12276 6626 -121 410 -63 1
! -5644 -685 200 sims=332592 RUNNER
! 15405 -13128 0 sims=332592 BLOCKER
> 12892 6725 -102 348 157 2
> 11880 6116 -297 275 145 1
> 11965 8247 -439 408 -155 2
> 11987 7107 -311 436 -81 1
! -86727 15440 200
! -48301 85979 200
> 12892 6725 -102 348 157 2
> 11880 6116 -297 275 145 1
> 11965 8247 -439 408 -155 2
> 11987 7107 -311 436 -81 1
! -2662 -5393 200 sims=343712 RUNNER
! 8858 -12647 200 sims=343712 BLOCKER
> 12591 7090 -256 310 175 2
> 11463 6551 -354 369 127 1
> 11380 8519 -497 230 -137 2
> 11645 7345 -290 202 -99 1
! -84846 -15405 200
! -70452 63908 200
> 12591 7090 -256 310 175 2
> 11463 6551 -354 369 127 1
> 11380 8519 -497 230 -137 2
> 11645 7345 -290 202 -99 1
! -3247 -5121 200 sims=323664 RUNNER
! 2565 -10475 200 sims=323664 BLOCKER
> 12140 7355 -383 225 -167 2
> 10852 6645 -522 67 145 1
> 10737 8613 -546 79 -137 2
> 11358 7758 -241 363 -117 1
! -73576 -44148 200
! -49329 86508 200
> 12140 7355 -383 225 -167 2
> 10852 6645 -522 67 145 1
> 10737 8613 -546 79 -137 2
> 11358 7758 -241 363 -117 1
! 1041 -8879 0 sims=342944 RUNNER
! -2784 -6384 200 sims=342944 BLOCKER
> 11602 7464 -365 21 -149 2
> 10210 6872 -546 192 127 1
> 10191 8692 -464 67 -119 2
> 10959 7992 -431 270 -135 1
! -54003 -68006 200
! -22346 101423 0
> 11602 7464 -365 21 -149 2
> 10210 6872 -546 192 127 1
> 10191 8692 -464 67 -119 2
> 10959 7992 -431 270 -135 1
! 6375 -10941 0 sims=358464 RUNNER
! 1879 -9828 0 sims=358464 BLOCKER
> 11106 7334 -421 -110 -131 2
> 9664 7064 -464 163 109 1
> 9727 8759 -394 56 -101 2
> 10528 8262 -366 229 -117 1
! -54499 -68136 200
! 7918 107048 0
> 11106 7334 -421 -110 -131 2
> 9664 7064 -464 163 109 1
> 9727 8759 -394 56 -101 2
> 10528 8262 -366 229 -117 1
! 31 -8733 0 sims=391424 RUNNER
! 7399 -11492 200 sims=391424 BLOCKER
> 10554 7073 -469 -221 -131 2
> 9200 7227 -394 138 91 1
> 9333 8815 -334 47 -119 2
> 10131 8293 -337 26 -99 1
! -55051 -68397 200
! 38437 102857 200
> 10554 7073 -469 -221 -131 2
> 9200 7227 -394 138 91 1
> 9333 8815 -334 47 -119 2
> 10131 8293 -337 26 -99 1
! -5294 -4825 200 sims=399648 RUNNER
! 7002 -11461 200 sims=399648 BLOCKER
> 9954 6701 -510 -316 -131 2
> 8864 7556 -285 279 73 1
> 8853 8726 -408 -75 -137 2
> 9763 8121 -313 -145 -99 1
! -55651 -68769 200
! 7118 107540 200
> 9954 6701 -510 -316 -131 2
> 8864 7556 -285 279 73 1
> 8853 8726 -408 -75 -137 2
> 9763 8121 -313 -145 -99 1
! -843 -8766 0 sims=382632 RUNNER
! 6634 -11633 200 sims=382632 BLOCKER
> 9313 6234 -545 -396 -131 2
> 8595 7863 -192 -45 91 1
> 8425 8823 -399 389 -119 2
> 9419 7778 -292 -291 -99 1
! -56292 -69236 200
! -23961 102414 0
> 9313 6234 -545 -396 -131 2
> 8595 7863 -192 -45 91 1
> 8425 8823 -399 389 -119 2
> 9419 7778 -292 -291 -99 1
! -1271 -8669 200 sims=402440 RUNNER
! 6290 -11976 SHIELD sims=402440 BLOCKER
> 8637 5687 -574 -464 -131 2
> 8340 7836 -282 -4 109 1
> 7929 9037 -421 181 -119 2
> 9133 7485 -236 -250 -99 1
! -56968 -69783 200
! -51841 87699 200
> 8637 5687 -574 -464 -131 2
> 8340 7836 -282 -4 109 1
> 7929 9037 -421 181 -119 2
> 9133 7485 -236 -250 -99 1
! -6698 -4603 200 sims=425320 RUNNER
! 53 -10335 0 sims=425320 BLOCKER
> 7932 5072 -599 -522 -131 2
> 7938 7992 -342 132 127 1
> 7362 9082 -482 37 -137 2
> 8897 7235 -200 -212 -117 1
! -57673 -70398 200
! -73977 65349 200
> 7932 5072 -599 -522 -131 2
> 7938 7992 -342 132 127 1
> 7362 9082 -482 37 -137 2
> 8897 7235 -200 -212 -117 1
! -7265 -4558 200 sims=418264 RUNNER
! -5245 -6907 0 sims=418264 BLOCKER
> 7202 4399 -620 -572 -131 2
> 7432 8239 -429 209 145 1
> 6734 8983 -534 -84 -137 2
> 8697 7023 -170 -180 -135 1
! -78514 -47104 200
! -88198 37476 200
> 7202 4399 -620 -572 -131 2
> 7432 8239 -429 209 145 1
> 6734 8983 -534 -84 -137 2
> 8697 7023 -170 -180 -135 1
! -2962 -8509 200 sims=382976 RUNNER
! -9123 -2057 0 sims=382976 BLOCKER
> 6411 3724 -672 -573 -149 2
> 6876 8472 -347 131 163 1
> 6039 8758 -715 -124 -119 2
> 8527 6843 -144 -153 -153 1
! -91026 -18771 0
! -93108 6726 0
> 6411 3724 -672 -573 -149 2
> 6876 8472 -347 131 163 1
> 6039 8758 -715 -124 -119 2
> 8527 6843 -144 -153 -153 1
! 2223 -10875 200 sims=424272 RUNNER
! -11227 3714 200 sims=424272 BLOCKER
> 5739 3151 -571 -487 -167 3
> 6529 8603 -294 111 181 1
> 5286 8438 -640 -272 -101 2
> 8185 6659 -290 -156 -171 1
! -93880 11866 0
! -88022 -23953 0
> 5739 3151 -571 -487 -167 3
> 6529 8603 -294 111 181 1
> 5286 8438 -640 -272 -101 2
> 8185 6659 -290 -156 -171 1
! 7723 -11413 200 sims=424104 RUNNER
! -11569 9788 0 sims=424104 BLOCKER
> 5168 2664 -485 -413 175 3
> 6235 8714 -249 94 -161 1
> 4670 7967 -523 -399 -83 2
> 7895 6503 -246 -132 -189 1
! -86882 41737 200
! -73628 -51467 200
> 5168 2664 -485 -413 175 3
> 6235 8714 -249 94 -161 1
> 4670 7967 -523 -399 -83 2
> 7895 6503 -246 -132 -189 1
! 13122 -10159 200 sims=431072 RUNNER
! -9925 15583 0 sims=431072 BLOCKER
> 4499 2329 -568 -284 157 3
> 5826 8688 -347 -22 -143 1
> 4232 7387 -372 -493 -65 2
> 7649 6371 -209 -112 -207 1
! -70971 67934 200
! -51531 -73227 200
> 4499 2329 -568 -284 157 3
> 5826 8688 -347 -22 -143 1
> 4232 7387 -372 -493 -65 2
> 7649 6371 -209 -112 -207 1
! 17872 -7240 200 sims=390256 RUNNER
! -6493 20513 200 sims=390256 BLOCKER
> 3780 2176 -611 -129 139 3
> 5364 8502 -392 -157 -125 1
> 3996 6748 -200 -543 -47 2
> 7299 6400 -297 25 -225 1
! -47723 87892 200
! -23873 -87128 0
> 3780 2176 -611 -129 139 3
> 5364 8502 -392 -157 -125 1
> 3996 6748 -200 -543 -47 2
> 7299 6400 -297 25 -225 1
! 17636 -7879 200 sims=379776 RUNNER
! -10521 15480 200 sims=379776 BLOCKER
> 3066 2218 -606 36 121 3
> 4972 8345 -333 -133 -107 1
> 3932 6059 -54 -585 -47 2
> 6824 6516 -403 98 153 1
! -19429 99655 200
! 6717 -91639 200
> 3066 2218 -606 36 121 3
> 4972 8345 -333 -133 -107 1
> 3932 6059 -54 -585 -47 2
> 6824 6516 -403 98 153 1
! 21424 -3637 200 sims=407448 RUNNER
! -10996 15596 200 sims=407448 BLOCKER
> 2415 2449 -553 196 103 3
> 4642 8012 -280 -283 -89 1
> 4053 5377 102 -579 -29 2
> 6243 6705 -494 160 153 1
! 11130 102068 200
! 37198 -86539 0
> 2415 2449 -553 196 103 3
> 4642 8012 -280 -283 -89 1
> 4053 5377 102 -579 -29 2
> 6243 6705 -494 160 153 1
! 23686 1561 0 sims=400368 RUNNER
! -13511 9834 200 sims=400368 BLOCKER
> 1879 2844 -455 335 85 3
> 4362 7729 -238 -240 -71 1
> 4155 4798 86 -492 -11 2
> 5551 6896 -587 162 171 1
! 40952 94894 200
! 64543 -72134 200
> 1879 2844 -455 335 85 3
> 4362 7729 -238 -240 -71 1
> 4155 4798 86 -492 -11 2
> 5551 6896 -587 162 171 1
! 24006 7235 0 sims=383120 RUNNER
! -12269 15976 200 sims=383120 BLOCKER
> 1502 3363 -320 441 67 3
> 4034 7434 -762 -10 -53 1
> 4241 4306 73 -418 7 2
> 4996 7044 11 -114 153 1
! 67107 78833 0
! 85949 -49923 200
> 1502 3363 -320 441 67 3
> 4034 7434 -762 -10 -53 1
> 4241 4306 73 -418 7 2
> 4996 7044 11 -114 153 1
! 23874 490 0 sims=392192 RUNNER
! -14758 10173 200 sims=392192 BLOCKER
> 1182 3804 -272 374 49 3
> 3436 7309 -508 -106 -35 1
> 4314 3888 62 -355 -11 2
> 4809 6961 -158 -70 171 1
! 86898 55307 200
! 99066 -21928 0
> 1182 3804 -272 374 49 3
> 3436 7309 -508 -106 -35 1
> 4314 3888 62 -355 -11 2
> 4809 6961 -158 -70 171 1
! 24165 6325 0 sims=392336 RUNNER
! -14945 3832 200 sims=392336 BLOCKER
> 1081 4281 -85 405 31 3
> 2928 7203 -431 -90 -17 1
> 4376 3533 52 -301 7 2
> 4453 6860 -302 -86 189 1
! 98518 26776 200
! 102912 8948 200
> 1081 4281 -85 405 31 3
> 2928 7203 -431 -90 -17 1
> 4376 3533 52 -301 7 2
> 4453 6860 -302 -86 189 1
! 22502 11985 0 sims=363312 RUNNER
! -15301 3731 200 sims=363312 BLOCKER
> 1191 4731 93 382 13 3
> 2697 7116 -196 -73 1 1
> 4428 3232 44 -255 25 2
> 3953 6743 -424 -99 -171 1
! 86907 56234 200
! 98327 -22121 200
> 1191 4731 93 382 13 3
> 2697 7116 -196 -73 1 1
> 4428 3232 44 -255 25 2
> 3953 6743 -424 -99 -171 1
! 22554 11684 200 sims=383168 RUNNER
! -15801 3614 200 sims=383168 BLOCKER
> 1455 5216 224 412 31 3
> 2638 7013 -415 104 -17 1
> 4653 3062 191 -144 25 2
> 3386 6584 -116 -326 -171 1
! 87171 56719 200
! 102622 8758 200
> 1455 5216 224 412 31 3
> 2638 7013 -415 104 -17 1
> 4653 3062 191 -144 25 2
> 3386 6584 -116 -326 -171 1
! 19280 16702 0 sims=362816 RUNNER
! -16368 9713 200 sims=362816 BLOCKER
> 1850 5731 336 437 31 3
> 2423 7120 -182 91 1 1
> 4844 2918 162 -122 43 2
> 3072 6289 -266 -250 -189 1
! 99287 28226 0
! 102407 8865 200
> 1850 5731 336 437 31 3
> 2423 7120 -182 91 1 1
> 4844 2918 162 -122 43 2
> 3072 6289 -266 -250 -189 1
! 14540 20410 0 sims=414064 RUNNER
! -16682 9418 SHIELD sims=414064 BLOCKER
> 1834 6136 -733 278 13 3
> 2441 7214 15 80 1 1
> 5006 2796 137 -103 61 2
> 2841 6042 -124 -203 171 1
! 99271 28631 200
! 98071 -22023 0
> 1834 6136 -733 278 13 3
> 2441 7214 15 80 1 1
> 5006 2796 137 -103 61 2
> 2841 6042 -124 -203 171 1
! 8822 22429 200 sims=425328 RUNNER
! -14979 15122 0 sims=425328 BLOCKER
> 1296 6459 -457 274 13 3
> 2456 7294 12 68 -17 1
> 5181 2889 148 79 79 3
> 2717 5839 -105 -172 153 1
! 98733 28954 200
! 84371 -50063 200
> 1296 6459 -457 274 13 3
> 2456 7294 12 68 -17 1
> 5181 2889 148 79 79 3
> 2717 5839 -105 -172 153 1
! 2744 22740 200 sims=417920 RUNNER
! -15103 14919 0 sims=417920 BLOCKER
> 1034 6778 -222 271 13 3
> 2632 7247 149 -39 -35 1
> 5305 3167 105 235 97 3
> 2612 5667 -89 -146 153 1
! 100653 -1937 200
! 84547 -50110 200
> 1034 6778 -222 271 13 3
> 2632 7247 149 -39 -35 1
> 5305 3167 105 235 97 3
> 2612 5667 -89 -146 153 1
! -3147 21293 200 sims=433464 RUNNER
! -17142 8796 0 sims=433464 BLOCKER
> 1011 7032 -19 215 -5 3
> 2945 7093 265 -130 -35 1
> 5325 3583 17 353 115 3
> 2523 5521 -75 -124 171 1
! 100630 -1683 200
! 63126 -72770 200
> 1011 7032 -19 215 -5 3
> 2945 7093 265 -130 -35 1
> 5325 3583 17 353 115 3
> 2523 5521 -75 -124 171 1
! -3127 21709 200 sims=403616 RUNNER
! -15297 14601 0 sims=403616 BLOCKER
> 1191 7230 153 167 -5 3
> 3330 6803 327 -246 -53 1
> 5257 4117 -57 454 115 3
> 2448 5397 -63 -105 153 1
! 100810 -1485 200
! 85245 -50554 200
> 1191 7230 153 167 -5 3
> 3330 6803 327 -246 -53 1
> 5257 4117 -57 454 115 3
> 2448 5397 -63 -105 153 1
! -8383 18744 200 sims=389088 RUNNER
! -11694 19539 0 sims=389088 BLOCKER
> 1543 7380 299 127 -5 3
> 3821 6442 417 -306 -35 1
> 5064 4717 -164 510 133 3
> 2385 5292 -53 -89 135 1
! 93593 -31693 200
! 64002 -73421 200
> 1543 7380 299 127 -5 3
> 3821 6442 417 -306 -35 1
> 5064 4717 -164 510 133 3
> 2385 5292 -53 -89 135 1
! -8576 19344 200 sims=405512 RUNNER
! -6695 23112 0 sims=405512 BLOCKER
> 2026 7429 410 41 -23 3
> 4317 6037 -210 587 -53 1
> 4805 5312 412 -425 133 3
> 2332 5203 -45 -75 117 1
! 101645 -1286 0
! 64498 -73826 200
> 2026 7429 410 41 -23 3
> 4317 6037 -210 587 -53 1
> 4805 5312 412 -425 133 3
> 2332 5203 -45 -75 117 1
! -3647 23438 200 sims=410504 RUNNER
! -797 24957 0 sims=410504 BLOCKER
> 2436 7470 348 34 -5 3
> 4227 6464 -76 363 -53 1
> 5132 5068 278 -207 115 3
> 2287 5128 -38 -63 99 1
! 94486 -31603 200
! 64408 -73399 200
> 2436 7470 348 34 -5 3
> 4227 6464 -76 363 -53 1
> 5132 5068 278 -207 115 3
> 2287 5128 -38 -63 99 1
! 2695 24919 200 sims=381056 RUNNER
! 5416 24882 0 sims=381056 BLOCKER
> 2968 7426 452 -37 -23 3
> 4271 6667 37 172 -53 1
> 5386 5060 215 -7 97 3
> 2249 5065 -32 -53 81 1
! 102587 -1289 200
! 64452 -73196 200
> 2968 7426 452 -37 -23 3
> 4271 6667 37 172 -53 1
> 5386 5060 215 -7 97 3
> 2249 5065 -32 -53 81 1
! 9202 24693 200 sims=379936 RUNNER
! 11329 22885 0 sims=379936 BLOCKER
> 3619 7372 553 -46 -5 0
> 4428 6679 133 10 -53 1
> 5639 5249 215 160 79 3
> 2217 5012 -27 -45 63 1
! 95669 -31701 200
! 86343 -50678 200
> 3619 7372 553 -46 -5 0
> 4428 6679 133 10 -53 1
> 5639 5249 215 160 79 3
> 2217 5012 -27 -45 63 1
! 9455 24882 200 sims=371040 RUNNER
! 16359 19154 200 sims=371040 BLOCKER
> 4338 7276 512 75 -23 0
> 4743 6546 366 -269 -35 1
> 5892 5605 215 302 79 3
> 2331 5108 97 81 45 1
! 79808 -58330 200
! 100373 -22691 200
> 4338 7276 512 75 -23 0
> 4743 6546 366 -269 -35 1
> 5892 5605 215 302 79 3
> 2331 5108 97 81 45 1
! 15588 23097 200 sims=374288 RUNNER
! 20151 14188 200 sims=374288 BLOCKER
> 5001 7220 563 -47 -41 0
> 5300 6219 473 -278 -17 1
> 6204 6082 265 405 61 3
> 2606 5280 233 146 27 1
! 56504 -78496 0
! 105284 7964 200
> 5001 7220 563 -47 -41 0
> 5300 6219 473 -278 -17 1
> 6204 6082 265 405 61 3
> 2606 5280 233 146 27 1
! 15900 23574 200 sims=388248 RUNNER
! 22360 8409 200 sims=388248 BLOCKER
> 5564 7173 478 -39 -59 0
> 5973 5944 572 -233 1 1
> 6566 6662 307 492 61 3
> 3037 5457 365 150 9 1
! 57067 -78543 200
! 100524 38500 0
> 5564 7173 478 -39 -59 0
> 5973 5944 572 -233 1 1
> 6566 6662 307 492 61 3
> 3037 5457 365 150 9 1
! 10382 26295 0 sims=389296 RUNNER
! 22791 2328 200 sims=389296 BLOCKER
> 6075 6962 266 -180 -59 0
> 6545 5711 486 -198 19 1
> 6943 7155 488 420 79 3
> 3600 5576 478 100 -9 1
! 81545 -58643 200
! 86408 65892 0
> 6075 6962 266 -180 -59 0
> 6545 5711 486 -198 19 1
> 6943 7155 488 420 79 3
> 3600 5576 478 100 -9 1
! 4506 27006 0 sims=393504 RUNNER
! 21420 -3504 200 sims=393504 BLOCKER
> 6492 6651 354 -264 -41 0
> 7031 5513 413 -168 37 1
> 7431 7575 414 357 97 3
> 4256 5585 557 7 -27 1
! 57995 -79065 200
! 64388 87428 0
> 6492 6651 354 -264 -41 0
> 7031 5513 413 -168 37 1
> 7431 7575 414 357 97 3
> 4256 5585 557 7 -27 1
! -1021 25701 0 sims=356544 RUNNER
! 22076 -3495 200 sims=356544 BLOCKER
> 6949 6216 388 -370 -59 0
> 7444 5345 351 -142 55 1
> 7845 7932 351 303 115 3
> 4991 5501 624 -71 -27 1
! 82419 -59389 200
! 64801 87260 0
> 6949 6216 388 -370 -59 0
> 7444 5345 351 -142 55 1
> 7845 7932 351 303 115 3
> 4991 5501 624 -71 -27 1
! -5795 22559 0 sims=352544 RUNNER
! 19133 -8641 200 sims=352544 BLOCKER
> 7386 5891 285 -128 -41 0
> 7897 5027 471 -418 55 1
> 8196 8235 298 257 133 3
> 5756 5289 650 -180 -45 1
! 82856 -59714 200
! 37134 100657 0
> 7386 5891 285 -128 -41 0
> 7897 5027 471 -418 55 1
> 8196 8235 298 257 133 3
> 5756 5289 650 -180 -45 1
! -9296 17931 200 sims=373552 RUNNER
! 19898 -8853 200 sims=373552 BLOCKER
> 7822 5632 370 -220 -41 0
> 8368 4609 400 -355 73 1
> 8319 8589 104 300 151 3
> 6547 4968 672 -273 -45 1
! 83292 -59973 200
! 6622 104593 0
> 7822 5632 370 -220 -41 0
> 8368 4609 400 -355 73 1
> 8319 8589 104 300 151 3
> 6547 4968 672 -273 -45 1
! -11314 12405 200 sims=345032 RUNNER
! 20689 -9174 200 sims=345032 BLOCKER
> 8343 5281 442 -298 -41 0
> 8768 4254 340 -301 91 1
> 8227 8927 -78 287 169 3
> 7360 4554 691 -352 -45 1
! 100393 -33792 200
! -23788 98805 0
> 8343 5281 442 -298 -41 0
> 8768 4254 340 -301 91 1
> 8227 8927 -78 287 169 3
> 7360 4554 691 -352 -45 1
! -11624 6490 200 sims=364744 RUNNER
! 25180 -4526 200 sims=364744 BLOCKER
> 8969 4905 532 -319 -23 0
> 9108 3953 289 -255 109 1
> 7950 9190 -235 223 -173 3
> 8229 4111 738 -376 -27 1
! 101019 -34168 200
! -23448 98504 SHIELD
> 8969 4905 532 -319 -23 0
> 9108 3953 289 -255 109 1
> 7950 9190 -235 223 -173 3
> 8229 4111 738 -376 -27 1
! -10176 738 200 sims=372136 RUNNER
! 26049 -4969 SHIELD sims=372136 BLOCKER
> 9685 4508 608 -337 -23 0
> 9762 3636 633 -282 109 1
> 7534 9328 -353 117 -155 3
> 8602 3797 239 -253 -27 1
! 85155 -61098 200
! -50419 83499 0
> 9685 4508 608 -337 -23 0
> 9762 3636 633 -282 109 1
> 7534 9328 -353 117 -155 3
> 8602 3797 239 -253 -27 1
! -7093 -4312 200 sims=401232 RUNNER
! 28356 668 0 sims=401232 BLOCKER
> 10439 4171 638 -215 -41 0
> 10400 3223 544 -422 127 1
> 7035 9309 -424 -16 -137 3
> 8841 3544 203 -215 -9 1
! 85909 -61434 200
! -22156 97774 200
> 10439 4171 638 -215 -41 0
> 10400 3223 544 -422 127 1
> 7035 9309 -424 -16 -137 3
> 8841 3544 203 -215 -9 1
! -2661 -8183 200 sims=412288 RUNNER
! 28595 6673 0 sims=412288 BLOCKER
> 11228 3825 670 -294 -41 0
> 10944 2801 462 -358 109 1
> 6514 9118 -442 -162 -119 3
> 9044 3329 172 -182 9 1
! 103278 -35248 200
! -21612 97352 0
> 11228 3825 670 -294 -41 0
> 10944 2801 462 -358 109 1
> 6514 9118 -442 -162 -119 3
> 9044 3329 172 -182 9 1
! -3182 -8374 200 sims=406848 RUNNER
! 26864 12409 0 sims=406848 BLOCKER
> 12082 3453 725 -316 -23 0
> 11406 2443 392 -304 109 1
> 5975 8781 -458 -286 -119 3
> 9216 3147 146 -154 27 1
! 111701 -5262 0
! -21150 96994 200
> 12082 3453 725 -316 -23 0
> 11406 2443 392 -304 109 1
> 5975 8781 -458 -286 -119 3
> 9216 3147 146 -154 27 1
! 2159 -10852 0 sims=420512 RUNNER
! 23358 17289 200 sims=420512 BLOCKER
> 12807 3137 616 -268 -5 0
> 11733 2328 277 -97 109 1
> 5517 8495 -389 -243 -101 3
> 9503 3134 244 -10 45 1
! 110244 25631 0
! 9987 102312 200
> 12807 3137 616 -268 -5 0
> 11733 2328 277 -97 109 1
> 5517 8495 -389 -243 -101 3
> 9503 3134 244 -10 45 1
! 7954 -11356 0 sims=438864 RUNNER
! 18583 20954 200 sims=438864 BLOCKER
> 13423 2869 523 -227 13 1
> 12007 2431 232 87 91 1
> 5128 8252 -330 -206 -83 3
> 9838 3302 284 142 63 1
! 99139 54372 0
! -20549 96982 0
> 13423 2869 523 -227 13 1
> 12007 2431 232 87 91 1
> 5128 8252 -330 -206 -83 3
> 9838 3302 284 142 63 1
! 13580 -9874 0 sims=434144 RUNNER
! 18918 21122 200 sims=434144 BLOCKER
> 13946 2642 444 -192 31 1
> 12239 2518 197 73 109 1
> 4798 8046 -280 -175 -65 3
> 10213 3622 318 272 63 1
! 79551 78112 0
! -47942 82381 0
> 13946 2642 444 -192 31 1
> 12239 2518 197 73 109 1
> 4798 8046 -280 -175 -65 3
> 10213 3622 318 272 63 1
! 18438 -6581 200 sims=440840 RUNNER
! 24355 17764 0 sims=440840 BLOCKER
> 14390 2450 377 -163 49 1
> 12436 2591 167 62 127 1
> 4654 7725 -122 -273 -47 3
> 10531 3894 270 231 45 1
! 53463 94500 0
! -69479 59948 0
> 14390 2450 377 -163 49 1
> 12436 2591 167 62 127 1
> 4654 7725 -122 -273 -47 3
> 10531 3894 270 231 45 1
! 22146 -1971 200 sims=432608 RUNNER
! 19611 21714 0 sims=432608 BLOCKER
> 14767 2287 320 -138 67 1
> 12603 2653 141 52 145 1
> 4707 7355 44 -314 -29 0
> 10801 4125 229 196 63 1
! 23482 101906 0
! -69312 60010 0
> 14767 2287 320 -138 67 1
> 12603 2653 141 52 145 1
> 4707 7355 44 -314 -29 0
> 10801 4125 229 196 63 1
! 22199 -2341 200 sims=438656 RUNNER
! 24943 18267 0 sims=438656 BLOCKER
> 15087 2149 272 -117 85 1
> 12744 2705 119 44 145 1
> 4926 6944 186 -349 -29 0
> 11030 4321 194 166 45 1
! -7408 99586 200
! -82886 31942 0
> 15087 2149 272 -117 85 1
> 12744 2705 119 44 145 1
> 4926 6944 186 -349 -29 0
> 11030 4321 194 166 45 1
! 22418 -2752 200 sims=435856 RUNNER
! 20110 22141 0 sims=435856 BLOCKER
> 15314 2227 192 66 103 1
> 12863 2749 101 37 163 1
> 5287 6498 306 -379 -29 0
> 11224 4487 164 141 63 1
! -36189 87943 200
! -82767 31986 0
> 15314 2227 192 66 103 1
> 12863 2749 101 37 163 1
> 5287 6498 306 -379 -29 0
> 11224 4487 164 141 63 1
! 22779 -3198 200 sims=422360 RUNNER
! 25366 18629 0 sims=422360 BLOCKER
> 15403 2464 75 201 121 1
> 12964 2786 85 31 163 1
> 5768 6022 408 -404 -29 0
> 11388 4628 139 119 45 1
! -60067 68069 200
! -87020 1040 0
> 15403 2464 75 201 121 1
> 12964 2786 85 31 163 1
> 5768 6022 408 -404 -29 0
> 11388 4628 139 119 45 1
! 25401 2206 200 sims=409456 RUNNER
! 29208 13708 0 sims=409456 BLOCKER
> 15327 2796 -64 282 139 1
> 13049 2817 72 26 181 1
> 6372 5580 513 -375 -11 0
> 11527 4747 118 101 27 1
! -76723 41869 0
! -82581 32054 200
> 15327 2796 -64 282 139 1
> 13049 2817 72 26 181 1
> 6372 5580 513 -375 -11 0
> 11527 4747 118 101 27 1
! 23864 -4116 200 sims=406648 RUNNER
! 31281 7876 200 sims=406648 BLOCKER
> 15263 3078 -54 239 157 1
> 12930 2901 -101 71 163 1
> 7060 5108 584 -401 -29 0
> 11843 4879 268 112 9 1
! -84356 11793 200
! -87054 1155 200
> 15263 3078 -54 239 157 1
> 12930 2901 -101 71 163 1
> 7060 5108 584 -401 -29 0
> 11843 4879 268 112 9 1
! 20700 -9519 200 sims=415112 RUNNER
! 31597 1750 0 sims=415112 BLOCKER
> 15010 3334 -215 217 175 1
> 12629 2969 -255 57 181 1
> 7780 4561 612 -465 -47 0
> 12111 4991 227 95 -9 1
! -82427 -19161 200
! -81922 -29587 200
> 15010 3334 -215 217 175 1
> 12629 2969 -255 57 181 1
> 7780 4561 612 -465 -47 0
> 12111 4991 227 95 -9 1
! 16232 -13565 200 sims=401176 RUNNER
! 29931 -4089 200 sims=401176 BLOCKER
> 14600 3506 -348 146 193 1
> 12185 2961 -377 -6 -161 1
> 8477 3915 592 -549 -65 0
> 12516 4995 344 3 -27 1
! -85019 12221 200
! -67678 -57220 200
> 14600 3506 -348 146 193 1
> 12185 2961 -377 -6 -161 1
> 8477 3915 592 -549 -65 0
> 12516 4995 344 3 -27 1
! 10914 -15936 200 sims=421856 RUNNER
! 32270 1866 0 sims=421856 BLOCKER
> 14053 3669 -465 138 175 1
> 11648 2835 -456 -107 -143 1
> 9093 3167 523 -635 -83 0
> 12860 4998 292 2 -9 1
! -77997 42742 0
! -45709 -79080 200
> 14053 3669 -465 138 175 1
> 11648 2835 -456 -107 -143 1
> 9093 3167 523 -635 -83 0
> 12860 4998 292 2 -9 1
! 11530 -16684 200 sims=441704 RUNNER
! 32614 8127 0 sims=441704 BLOCKER
> 13588 3807 -395 117 157 1
> 11077 2564 -485 -230 -125 1
> 9640 2333 465 -708 -83 0
> 13152 5000 248 1 9 1
! -61882 69412 0
! -18160 -93066 200
> 13588 3807 -395 117 157 1
> 11077 2564 -485 -230 -125 1
> 9640 2333 465 -708 -83 0
> 13152 5000 248 1 9 1
! 12077 -17518 200 sims=429296 RUNNER
! 32906 1871 0 sims=429296 BLOCKER
> 13193 3924 -335 99 139 1
> 10534 2143 -461 -358 -107 1
> 10129 1426 415 -770 -83 0
> 13400 5001 210 0 -9 1
! -38310 89640 0
! 12279 -97841 200
> 13193 3924 -335 99 139 1
> 10534 2143 -461 -358 -107 1
> 10129 1426 415 -770 -83 0
> 13400 5001 210 0 -9 1
! 18581 -16700 0 sims=444296 RUNNER
! 33154 8130 200 sims=444296 BLOCKER
> 12858 4023 -284 84 121 1
> 10135 1733 -332 -330 -89 1
> 10486 508 295 -798 -65 0
> 13808 5032 346 26 9 1
! -9637 101460 0
! 42691 -92818 0
> 12858 4023 -284 84 121 1
> 10135 1733 -332 -330 -89 1
> 10486 508 295 -798 -65 0
> 13808 5032 346 26 9 1
! 24126 -14119 0 sims=443056 RUNNER
! 31628 14112 0 sims=443056 BLOCKER
> 12574 4107 -241 71 103 1
> 9803 1403 -282 -280 -71 1
> 10781 -290 250 -678 -47 0
> 14154 5058 294 22 27 1
! 21289 103726 200
! 69984 -78460 0
> 12574 4107 -241 71 103 1
> 9803 1403 -282 -280 -71 1
> 10781 -290 250 -678 -47 0
> 14154 5058 294 22 27 1
! 28273 -9986 0 sims=431024 RUNNER
! 28296 19200 0 sims=431024 BLOCKER
> 12350 4377 -190 229 85 1
> 9521 1123 -239 -238 -53 1
> 11031 -968 212 -576 -29 0
> 14448 5080 249 18 45 1
! 51423 96427 200
! 91436 -56234 0
> 12350 4377 -190 229 85 1
> 9521 1123 -239 -238 -53 1
> 11031 -968 212 -576 -29 0
> 14448 5080 249 18 45 1
! 30664 -4784 0 sims=415664 RUNNER
! 23528 22900 0 sims=415664 BLOCKER
> 12238 4790 -95 351 67 1
> 9282 885 -203 -202 -35 1
> 11243 -1544 180 -489 -11 0
> 14697 5098 211 15 63 1
! 77843 80260 200
! 104912 -28352 200
> 12238 4790 -95 351 67 1
> 9282 885 -203 -202 -35 1
> 11243 -1544 180 -489 -11 0
> 14697 5098 211 15 63 1
! 31094 893 0 sims=431136 RUNNER
! 17826 24852 0 sims=431136 BLOCKER
> 12274 5292 30 426 49 1
> 9270 625 -9 -221 -17 1
> 11423 -2033 153 -415 7 0
> 14908 5113 179 12 81 1
! 51347 97342 200
! 109254 2370 200
> 12274 5292 30 426 49 1
> 9270 625 -9 -221 -17 1
> 11423 -2033 153 -415 7 0
> 14908 5113 179 12 81 1
! 29549 6419 200 sims=426960 RUNNER
! 11779 24867 0 sims=426960 BLOCKER
> 12382 5902 91 518 67 1
> 9461 407 162 -184 1 1
> 11757 -2363 284 -280 25 0
> 15087 5125 152 10 99 1
! 21097 105521 0
! 104012 32963 200
> 12382 5902 91 518 67 1
> 9461 407 162 -184 1 1
> 11757 -2363 284 -280 25 0
> 15087 5125 152 10 99 1
! 26384 11277 200 sims=440584 RUNNER
! 6007 22945 0 sims=440584 BLOCKER
> 12473 6420 77 440 85 1
> 9812 288 298 -101 19 1
> 12187 -2507 365 -122 43 0
> 15239 5135 129 8 117 1
! -10022 103857 0
! 109796 2033 200
> 12473 6420 77 440 85 1
> 9812 288 298 -101 19 1
> 12187 -2507 365 -122 43 0
> 15239 5135 129 8 117 1
! 21883 14985 200 sims=429968 RUNNER
! 1097 19277 200 sims=429968 BLOCKER
> 12550 6860 65 374 103 2
> 10310 190 423 -82 1 1
> 12649 -2454 392 44 61 0
> 15227 5284 -10 127 135 1
! -38953 92576 0
! 104861 32746 0
> 12550 6860 65 374 103 2
> 10310 190 423 -82 1 1
> 12649 -2454 392 44 61 0
> 15227 5284 -10 127 135 1
! 16465 17179 200 sims=428232 RUNNER
! -2593 14364 200 sims=428232 BLOCKER
> 12615 7234 55 317 121 2
> 10733 108 359 -69 19 1
> 13079 -2214 365 204 79 0
> 15039 5502 -159 185 153 1
! -62855 72839 0
! 105284 32664 200
> 12615 7234 55 317 121 2
> 10733 108 359 -69 19 1
> 13079 -2214 365 204 79 0
> 15039 5502 -159 185 153 1
! 10642 17637 200 sims=415872 RUNNER
! -4715 8631 200 sims=415872 BLOCKER
> 12670 7551 46 269 139 2
> 11281 104 465 -3 19 1
> 13420 -1811 289 342 97 0
> 14682 5718 -303 183 171 1
! -79380 46624 200
! 111265 1849 200
> 12670 7551 46 269 139 2
> 11281 104 465 -3 19 1
> 13420 -1811 289 342 97 0
> 14682 5718 -303 183 171 1
! 4968 16315 0 sims=413896 RUNNER
! -5072 2589 200 sims=413896 BLOCKER
> 12532 7898 -117 295 157 2
> 11946 104 565 0 1 1
> 13709 -1469 245 290 115 0
> 14181 5870 -425 128 189 1
! -87087 16613 0
! 107576 -29133 0
> 12532 7898 -117 295 157 2
> 11946 104 565 0 1 1
> 13709 -1469 245 290 115 0
> 14181 5870 -425 128 189 1
! 69 13158 0 sims=404264 RUNNER
! -3639 -3210 200 sims=404264 BLOCKER
> 12415 8193 -99 250 175 2
> 12511 104 480 0 -17 1
> 13954 -1179 208 246 133 0
> 13578 5907 -512 31 207 1
! -87204 16908 200
! 94426 -57253 0
> 12415 8193 -99 250 175 2
> 12511 104 480 0 -17 1
> 13954 -1179 208 246 133 0
> 13578 5907 -512 31 207 1
! 5502 16947 200 sims=409576 RUNNER
! -4242 -3173 200 sims=409576 BLOCKER
> 12117 8460 -253 227 175 2
> 12991 104 408 0 -35 1
> 14077 -752 104 363 115 0
> 12888 5847 -586 -50 -153 1
! -85320 -14035 200
! 108621 -29133 200
> 12117 8460 -253 227 175 2
> 12991 104 408 0 -35 1
> 14077 -752 104 363 115 0
> 12888 5847 -586 -50 -153 1
! 5625 17374 200 sims=405000 RUNNER
! -4932 -3233 200 sims=405000 BLOCKER
> 11669 8642 -380 154 -167 2
> 13390 173 -73 320 -17 1
> 14296 -335 599 92 115 0
> 12124 5706 -649 -119 -153 1
! -74047 -42861 0
! 113374 1918 0
> 11669 8642 -380 154 -167 2
> 13390 173 -73 320 -17 1
> 14296 -335 599 92 115 0
> 12124 5706 -649 -119 -153 1
! 656 14292 200 sims=427520 RUNNER
! -5696 -3374 200 sims=427520 BLOCKER
> 11289 8796 -323 130 -149 2
> 13317 493 -62 272 1 1
> 14759 -97 393 202 133 0
> 11297 5496 -703 -178 -153 1
! -54316 -66674 200
! 113301 2238 0
> 11289 8796 -323 130 -149 2
> 13317 493 -62 272 1 1
> 14759 -97 393 202 133 0
> 11297 5496 -703 -178 -153 1
! -2733 9599 200 sims=416720 RUNNER
! -2845 -8646 0 sims=416720 BLOCKER
> 10835 8775 -386 -17 -131 2
> 13255 765 -52 231 1 1
> 14977 202 185 254 151 0
> 10594 5318 -597 -151 -135 1
! -28238 -83275 200
! 113239 2510 200
> 10835 8775 -386 -17 -131 2
> 13255 765 -52 231 1 1
> 14977 202 185 254 151 0
> 10594 5318 -597 -151 -135 1
! -2515 9898 200 sims=408608 RUNNER
! -7226 -3762 0 sims=408608 BLOCKER
> 10371 8574 -394 -170 -113 2
> 13403 999 125 199 1 1
> 14987 553 8 298 151 0
> 9997 5167 -507 -128 -153 1
! 1655 -91045 200
! 113387 2744 200
> 10371 8574 -394 -170 -113 2
> 13403 999 125 199 1 1
> 14987 553 8 298 151 0
> 9997 5167 -507 -128 -153 1
! -4646 4369 200 sims=409024 RUNNER
! -4145 -8975 0 sims=409024 BLOCKER
> 9960 8205 -349 -313 -95 2
> 13728 1201 276 172 1 1
> 14799 889 -160 285 169 0
> 9490 5039 -430 -108 -135 1
! 1244 -91414 200
! 109358 -28036 SHIELD
> 9960 8205 -349 -313 -95 2
> 13728 1201 276 172 1 1
> 14799 889 -160 285 169 0
> 9490 5039 -430 -108 -135 1
! -4834 4705 SHIELD sims=415808 RUNNER
! -8330 -4041 0 sims=415808 BLOCKER
> 9594 7693 -311 -435 -95 2
> 13875 1412 -131 257 -17 1
> 14768 1135 229 130 169 0
> 9060 4931 -365 -91 -153 1
! 878 -91926 200
! 109505 -27825 0
> 9594 7693 -311 -435 -95 2
> 13875 1412 -131 257 -17 1
> 14768 1135 229 130 169 0
> 9060 4931 -365 -91 -153 1
! -4865 4951 0 sims=402352 RUNNER
! -10694 1802 0 sims=402352 BLOCKER
> 9266 7059 -279 -539 -95 2
> 13744 1669 -111 218 -17 1
> 14997 1265 194 110 169 0
> 8695 4840 -310 -77 -171 1
! 550 -92560 0
! 95659 -55688 200
> 9266 7059 -279 -539 -95 2
> 13744 1669 -111 218 -17 1
> 14997 1265 194 110 169 0
> 8695 4840 -310 -77 -171 1
! -2495 10961 0 sims=401448 RUNNER
! -11059 7969 0 sims=401448 BLOCKER
> 8987 6520 -237 -458 -95 2
> 13633 1887 -94 185 -35 1
> 15191 1375 164 93 151 0
> 8385 4763 -263 -65 -189 1
! -30086 -85530 200
! 73814 -77976 200
> 8987 6520 -237 -458 -95 2
> 13633 1887 -94 185 -35 1
> 15191 1375 164 93 151 0
> 8385 4763 -263 -65 -189 1
! -4442 5191 0 sims=400776 RUNNER
! -9435 13843 0 sims=400776 BLOCKER
> 8672 5878 -267 -545 -113 2
> 13539 2072 -79 157 -53 1
> 15355 1468 139 79 169 0
> 8122 4698 -223 -55 -207 1
! -56933 -69592 0
! 95454 -55285 0
> 8672 5878 -267 -545 -113 2
> 13539 2072 -79 157 -53 1
> 15355 1468 139 79 169 0
> 8122 4698 -223 -55 -207 1
! -2137 11164 200 sims=384480 RUNNER
! -6020 18840 0 sims=384480 BLOCKER
> 8405 5333 -226 -463 -131 2
> 13460 2229 -67 133 -35 1
> 15319 1644 -30 149 151 0
> 7899 4643 -189 -46 -225 1
! -30668 -86717 0
! 109090 -27008 200
> 8405 5333 -226 -463 -131 2
> 13460 2229 -67 133 -35 1
> 15319 1644 -30 149 151 0
> 7899 4643 -189 -46 -225 1
! -4314 5460 200 sims=411480 RUNNER
! -6243 18785 SHIELD sims=411480 BLOCKER
> 8513 5287 144 26 -113 2
> 13584 2304 105 63 -17 1
> 15093 1831 -192 159 169 0
> 7677 4555 -194 -81 135 1
! -57092 -70183 200
! 109214 -26933 200
> 8513 5287 144 26 -113 2
> 13584 2304 105 63 -17 1
> 15093 1831 -192 159 169 0
> 7677 4555 -194 -81 135 1
! -4540 5647 200 sims=421576 RUNNER
! -1403 22375 0 sims=421576 BLOCKER
> 8526 5162 10 -106 -131 2
> 13880 2309 251 3 -17 1
> 14705 2028 -330 167 169 0
> 7483 4474 -164 -68 117 1
! -57079 -70308 200
! 109510 -26928 SHIELD
> 8526 5162 10 -106 -131 2
> 13880 2309 251 3 -17 1
> 14705 2028 -330 167 169 0
> 7483 4474 -164 -68 117 1
! -4928 5844 SHIELD sims=423792 RUNNER
! 4354 24228 0 sims=423792 BLOCKER
> 8405 4905 -103 -218 -131 2
> 13629 2486 -270 170 -17 1
> 14877 2021 203 -25 169 0
> 7319 4406 -139 -57 99 1
! -57200 -70565 200
! 113613 4231 0
> 8405 4905 -103 -218 -131 2
> 13629 2486 -270 170 -17 1
> 14877 2021 203 -25 169 0
> 7319 4406 -139 -57 99 1
! -4756 5837 0 sims=415976 RUNNER
! 10448 24160 0 sims=415976 BLOCKER
> 8171 4536 -199 -313 -131 2
> 13359 2656 -229 144 1 1
> 15080 1996 172 -21 169 0
> 7180 4349 -118 -48 81 1
! -77545 -46967 200
! 108989 -26581 0
> 8171 4536 -199 -313 -131 2
> 13359 2656 -229 144 1 1
> 15080 1996 172 -21 169 0
> 7180 4349 -118 -48 81 1
! -4553 5812 0 sims=411960 RUNNER
! 4051 24103 0 sims=411960 BLOCKER
> 7849 4114 -127 -377 -149 2
> 13130 2800 -194 122 -17 1
> 15252 1975 146 -17 169 0
> 7014 4307 -287 -17 99 1
! -89588 -18381 200
! 113114 4545 0
> 7849 4114 -127 -377 -149 2
> 13130 2800 -194 122 -17 1
> 15252 1975 146 -17 169 0
> 7014 4307 -287 -17 99 1
! -4381 5791 0 sims=419968 RUNNER
! -2066 22127 200 sims=419968 BLOCKER
> 7527 3692 -273 -358 -167 2
> 12936 2922 -164 103 1 1
> 15398 1958 124 -14 169 0
> 6636 4468 -321 137 117 1
! -92092 12407 200
! 108566 -26315 200
> 7527 3692 -273 -358 -167 2
> 12936 2922 -164 103 1 1
> 15398 1958 124 -14 169 0
> 6636 4468 -321 137 117 1
! -4235 5774 200 sims=421496 RUNNER
! 3507 24222 0 sims=421496 BLOCKER
> 7055 3351 -401 -289 175 2
> 12963 2967 23 37 -17 1
> 15326 1982 -61 20 169 0
> 6315 4605 -272 116 99 1
! -84995 42424 200
! 94878 -54390 200
> 7055 3351 -401 -289 175 2
> 12963 2967 23 37 -17 1
> 15326 1982 -61 20 169 0
> 6315 4605 -272 116 99 1
! -4307 5798 200 sims=427632 RUNNER
! -2765 22425 0 sims=427632 BLOCKER
> 6470 3140 -497 -179 157 2
> 13150 2889 158 -66 -35 1
> 15069 2040 -218 49 169 0
> 6043 4721 -231 98 117 1
! -69000 68745 0
! 95065 -54468 200
> 6470 3140 -497 -179 157 2
> 13150 2889 158 -66 -35 1
> 15069 2040 -218 49 169 0
> 6043 4721 -231 98 117 1
! -2423 11736 200 sims=408568 RUNNER
! 2914 24475 0 sims=408568 BLOCKER
> 5973 2961 -422 -152 139 3
> 13472 2708 273 -153 -35 1
> 14676 2186 -333 124 151 0
> 5812 4819 -196 83 99 1
! -45530 88677 0
! 95387 -54649 SHIELD
> 5973 2961 -422 -152 139 3
> 13472 2708 273 -153 -35 1
> 14676 2186 -333 124 151 0
> 5812 4819 -196 83 99 1
! -2816 11882 SHIELD sims=431192 RUNNER
! 8941 24573 0 sims=431192 BLOCKER
> 5551 2809 -358 -129 121 3
> 13603 2614 -290 88 -35 1
> 14485 2251 239 -113 151 0
> 5616 4902 -166 70 81 1
! -16944 100246 200
! 95518 -54743 0
> 5551 2809 -358 -129 121 3
> 13603 2614 -290 88 -35 1
> 14485 2251 239 -113 151 0
> 5616 4902 -166 70 81 1
! -3007 11947 0 sims=423568 RUNNER
! 2487 24656 0 sims=423568 BLOCKER
> 5148 2875 -342 55 103 3
> 13313 2702 -246 74 -35 1
> 14724 2138 203 -96 151 0
> 5450 4972 -141 59 99 1
! 13863 102494 0
! 108943 -26535 0
> 5148 2875 -342 55 103 3
> 13313 2702 -246 74 -35 1
> 14724 2138 203 -96 151 0
> 5450 4972 -141 59 99 1
! -2768 11834 0 sims=414352 RUNNER
! -3630 22792 0 sims=414352 BLOCKER
> 4806 2930 -290 46 85 3
> 13067 2776 -209 62 -17 1
> 14927 2042 172 -81 151 0
> 5309 5031 -119 50 117 1
! 43879 94980 0
! 94982 -54581 0
> 4806 2930 -290 46 85 3
> 13067 2776 -209 62 -17 1
> 14927 2042 172 -81 151 0
> 5309 5031 -119 50 117 1
! -4706 5858 0 sims=391312 RUNNER
! -8833 19173 0 sims=391312 BLOCKER
> 4516 2976 -246 39 67 3
> 12858 2838 -177 52 -35 1
> 15099 1961 146 -68 169 0
> 5190 5081 -101 42 135 1
! 70121 78446 200
! 108488 -26399 200
> 4516 2976 -246 39 67 3
> 12858 2838 -177 52 -35 1
> 15099 1961 146 -68 169 0
> 5190 5081 -101 42 135 1
! -2393 11657 200 sims=395672 RUNNER
! -12630 14161 0 sims=395672 BLOCKER
> 4401 3166 -97 161 49 3
> 12872 2832 12 -5 -17 1
> 15070 1990 -24 24 151 0
> 5089 5123 -85 35 153 1
! 90117 54669 200
! 108502 -26405 200
> 4401 3166 -97 161 49 3
> 12872 2832 12 -5 -17 1
> 15070 1990 -24 24 151 0
> 5089 5123 -85 35 153 1
! -4563 5806 200 sims=389184 RUNNER
! -14665 8252 0 sims=389184 BLOCKER
> 4475 3430 63 224 31 3
> 13075 2769 172 -53 -17 1
> 14850 2052 -187 52 169 0
> 5004 5158 -72 29 171 1
! 70080 78900 200
! 94990 -54588 200
> 4475 3430 63 224 31 3
> 13075 2769 172 -53 -17 1
> 14850 2052 -187 52 169 0
> 5004 5158 -72 29 171 1
! -2642 11748 200 sims=384760 RUNNER
! -14750 2029 0 sims=384760 BLOCKER
> 4669 3805 165 318 49 3
> 13411 2601 285 -142 -35 1
> 14488 2201 -307 126 151 0
> 4932 5187 -61 24 189 1
! 43742 95855 0
! 109041 -26636 SHIELD
> 4669 3805 165 318 49 3
> 13411 2601 285 -142 -35 1
> 14488 2201 -307 126 151 0
> 4932 5187 -61 24 189 1
! -3004 11897 SHIELD sims=409288 RUNNER
! -12888 -3893 0 sims=409288 BLOCKER
> 4834 4123 140 270 67 3
> 13413 2554 -278 54 -17 1
> 14464 2232 259 -68 151 0
> 4871 5211 -51 20 207 1
! 13549 103742 0
! 109043 -26683 0
> 4834 4123 140 270 67 3
> 13413 2554 -278 54 -17 1
> 14464 2232 259 -68 151 0
> 4871 5211 -51 20 207 1
! -3028 11928 0 sims=400784 RUNNER
! -9271 -8931 0 sims=400784 BLOCKER
> 4974 4393 119 229 85 3
> 13135 2608 -236 45 -17 1
> 14723 2164 220 -57 151 0
> 4820 5231 -43 17 225 1
! 13689 104012 0
! 113119 4353 0
> 4974 4393 119 229 85 3
> 13135 2608 -236 45 -17 1
> 14723 2164 220 -57 151 0
> 4820 5231 -43 17 225 1
! -4910 5980 0 sims=411392 RUNNER
! -4260 -12589 0 sims=411392 BLOCKER
> 5129 4486 144 28 85 3
> 12899 2653 -200 38 1 1
> 14943 2107 187 -48 169 0
> 4741 5384 -80 180 243 1
! 13844 104105 200
! 108529 -26584 200
> 5129 4486 144 28 85 3
> 12899 2653 -200 38 1 1
> 14943 2107 187 -48 169 0
> 4741 5384 -80 180 243 1
! -4690 5923 0 sims=405008 RUNNER
! 1612 -14370 0 sims=405008 BLOCKER
> 5290 4713 137 193 85 3
> 12699 2691 -170 32 -17 1
> 15130 2059 158 -40 169 0
> 4661 5564 -68 153 -99 1
! -17205 102150 200
! 108329 -26546 200
> 5290 4713 137 193 85 3
> 12699 2691 -170 32 -17 1
> 15130 2059 158 -40 169 0
> 4661 5564 -68 153 -99 1
! -4503 5875 200 sims=327624 RUNNER
! 7790 -14190 0 sims=327624 BLOCKER
> 5382 5101 78 329 103 3
> 12720 2665 18 -22 -17 1
> 15092 2057 -32 -1 169 0
> 4593 5717 -57 130 -81 1
! -46121 90817 0
! 108350 -26572 200
> 5382 5101 78 329 103 3
> 12720 2665 18 -22 -17 1
> 15092 2057 -32 -1 169 0
> 4593 5717 -57 130 -81 1
! -4541 5873 200 sims=414600 RUNNER
! 13673 -12103 200 sims=414600 BLOCKER
> 5460 5430 66 279 121 3
> 12929 2585 177 -68 -17 1
> 14864 2094 -194 31 169 0
> 4627 5669 28 -40 -63 1
! -70010 71035 0
! 108559 -26652 200
> 5460 5430 66 279 121 3
> 12929 2585 177 -68 -17 1
> 14864 2094 -194 31 169 0
> 4627 5669 28 -40 -63 1
! -4769 5910 200 sims=381800 RUNNER
! 18769 -8473 200 sims=381800 BLOCKER
> 5650 5697 219 221 139 3
> 13297 2459 313 -107 -17 1
> 14474 2163 -331 58 169 0
> 4672 5499 -19 -138 -45 1
! -86400 44770 200
! 113281 4204 SHIELD
> 5650 5697 219 221 139 3
> 13297 2459 313 -107 -17 1
> 14474 2163 -331 58 169 0
> 4672 5499 -19 -138 -45 1
! -5159 5979 SHIELD sims=414072 RUNNER
! 22492 -3581 200 sims=414072 BLOCKER
> 5685 5996 29 254 157 3
> 13366 2413 -282 45 1 1
> 14387 2160 266 -87 169 0
> 4831 5270 135 -194 -27 1
! -86365 45069 200
! 113350 4158 0
> 5685 5996 29 254 157 3
> 13366 2413 -282 45 1 1
> 14387 2160 266 -87 169 0
> 4831 5270 135 -194 -27 1
! -3105 11856 0 sims=423760 RUNNER
! 24585 2141 200 sims=423760 BLOCKER
> 5530 6328 -131 282 157 3
> 13084 2458 -239 38 1 1
> 14653 2073 226 -73 151 0
> 5164 5045 282 -191 -9 1
! -94089 15043 200
! 108714 -26779 200
> 5530 6328 -131 282 157 3
> 13084 2458 -239 38 1 1
> 14653 2073 226 -73 151 0
> 5164 5045 282 -191 -9 1
! -4980 5889 0 sims=404856 RUNNER
! 24918 1916 200 sims=404856 BLOCKER
> 5200 6627 -280 254 175 3
> 12845 2496 -203 32 -17 1
> 14879 2000 192 -62 169 0
> 5644 4823 407 -188 -9 1
! -92237 -15868 200
! 112829 4241 0
> 5200 6627 -280 254 175 3
> 12845 2496 -203 32 -17 1
> 14879 2000 192 -62 169 0
> 5644 4823 407 -188 -9 1
! -4754 5816 0 sims=426952 RUNNER
! 25398 1694 200 sims=426952 BLOCKER
> 4725 6836 -403 177 -167 3
> 12642 2528 -172 27 1 1
> 15071 1938 163 -52 169 0
> 6249 4604 513 -186 -9 1
! -80991 -44667 0
! 108272 -26709 200
> 4725 6836 -403 177 -167 3
> 12642 2528 -172 27 1 1
> 15071 1938 163 -52 169 0
> 6249 4604 513 -186 -9 1
! -4562 5754 200 sims=419240 RUNNER
! 26003 7733 200 sims=419240 BLOCKER
> 4322 7013 -342 150 -149 0
> 12661 2497 16 -26 -17 1
> 15038 1924 -28 -11 169 0
> 6960 4449 603 -131 9 1
! -61283 -68457 0
! 112645 4242 200
> 4322 7013 -342 150 -149 0
> 12661 2497 16 -26 -17 1
> 15038 1924 -28 -11 169 0
> 6960 4449 603 -131 9 1
! -4595 5740 200 sims=398480 RUNNER
! 26714 1320 200 sims=398480 BLOCKER
> 3980 7163 -290 127 -131 0
> 12877 2474 183 -19 1 1
> 14814 1951 -190 23 169 0
> 7761 4287 680 -137 -9 1
! -35093 -84887 200
! 108507 -26763 200
> 3980 7163 -290 127 -131 0
> 12877 2474 183 -19 1 1
> 14814 1951 -190 23 169 0
> 7761 4287 680 -137 -9 1
! -4819 5767 200 sims=374616 RUNNER
! 25581 -4793 0 sims=374616 BLOCKER
> 3612 7106 -312 -48 -113 0
> 13251 2397 318 -65 -17 1
> 14428 2012 -328 51 169 0
> 8441 4150 578 -116 -27 1
! -5103 -92513 200
! 95166 -54960 SHIELD
> 3612 7106 -312 -48 -113 0
> 13251 2397 318 -65 -17 1
> 14428 2012 -328 51 169 0
> 8441 4150 578 -116 -27 1
! -5205 5828 SHIELD sims=420304 RUNNER
! 26261 -4930 200 sims=420304 BLOCKER
> 3283 6859 -280 -210 -95 0
> 13378 2411 -233 153 -35 1
> 14291 1984 224 -165 169 0
> 9197 3943 642 -175 -27 1
! 25778 -90578 200
! 109008 -26826 0
> 3283 6859 -280 -210 -95 0
> 13378 2411 -233 153 -35 1
> 14291 1984 224 -165 169 0
> 9197 3943 642 -175 -27 1
! -3201 11680 0 sims=397960 RUNNER
! 27017 -5137 200 sims=397960 BLOCKER
> 3048 6454 -199 -344 -77 0
> 13145 2564 -198 130 -17 1
> 14515 1819 190 -140 151 0
> 10017 3677 697 -225 -27 1
! 54551 -79262 200
! 95060 -54793 0
> 3048 6454 -199 -344 -77 0
> 13145 2564 -198 130 -17 1
> 14515 1819 190 -140 151 0
> 10017 3677 697 -225 -27 1
! 875 16446 0 sims=397712 RUNNER
! 27837 -5403 200 sims=397712 BLOCKER
> 2952 5939 -81 -438 -59 0
> 12947 2694 -168 110 -35 1
> 14705 1679 161 -119 133 0
> 10892 3361 743 -268 -27 1
! 78422 -59666 200
! 73128 -77169 0
> 2952 5939 -81 -438 -59 0
> 12947 2694 -168 110 -35 1
> 14705 1679 161 -119 133 0
> 10892 3361 743 -268 -27 1
! -2787 11375 0 sims=404944 RUNNER
! 30646 232 200 sims=404944 BLOCKER
> 3022 5370 59 -483 -41 0
> 12779 2804 -142 93 -53 1
> 14866 1560 136 -101 151 0
> 11833 3062 799 -254 -9 1
! 95072 -33703 200
! 45335 -91747 200
> 3022 5370 59 -483 -41 0
> 12779 2804 -142 93 -53 1
> 14866 1560 136 -101 151 0
> 11833 3062 799 -254 -9 1
! 1226 16187 0 sims=417560 RUNNER
! 31587 -67 SHIELD sims=417560 BLOCKER
> 3265 4809 206 -476 -23 0
> 13931 2346 1246 -467 -71 1
> 15002 1459 115 -85 133 0
> 12509 2844 547 -177 -9 1
! 102884 -3906 200
! 46487 -92205 200
> 3265 4809 206 -476 -23 0
> 13931 2346 1246 -467 -71 1
> 15002 1459 115 -85 133 0
> 12509 2844 547 -177 -9 1
! 1362 16086 SHIELD sims=373208 RUNNER
! 32263 5973 0 sims=373208 BLOCKER
> 3670 4316 344 -419 -5 0
> 14509 2582 -63 875 -71 1
> 15190 1285 215 -215 133 0
> 13056 2667 464 -150 9 1
! 101107 26810 200
! 16254 -97402 200
> 3670 4316 344 -419 -5 0
> 14509 2582 -63 875 -71 1
> 15190 1285 215 -215 133 0
> 13056 2667 464 -150 9 1
! -2302 10981 0 sims=450808 RUNNER
! 30876 11747 0 sims=450808 BLOCKER
> 4209 3942 458 -317 13 0
> 14449 3257 -50 573 -89 1
> 15405 1070 182 -182 151 0
> 13520 2517 394 -127 27 1
! 103828 -4773 200
! 16194 -96727 200
> 4209 3942 458 -317 13 0
> 14449 3257 -50 573 -89 1
> 15405 1070 182 -182 151 0
> 13520 2517 394 -127 27 1
! -2087 10766 0 sims=428152 RUNNER
! 27662 16659 0 sims=428152 BLOCKER
> 4866 3608 558 -284 -5 0
> 14402 3630 -39 317 -89 1
> 15587 888 154 -154 151 0
> 13914 2390 334 -107 45 1
! 104485 -5107 200
! -14835 -92000 200
> 4866 3608 558 -284 -5 0
> 14402 3630 -39 317 -89 1
> 15587 888 154 -154 151 0
> 13914 2390 334 -107 45 1
! -1905 10584 0 sims=366512 RUNNER
! 22994 20210 0 sims=366512 BLOCKER
> 5623 3307 643 -256 -5 0
> 14305 3756 -82 106 -107 1
> 15741 734 130 -130 151 0
> 14248 2283 283 -90 63 1
! 103060 25801 200
! 16050 -96228 200
> 5623 3307 643 -256 -5 0
> 14305 3756 -82 106 -107 1
> 15741 734 130 -130 151 0
> 14248 2283 283 -90 63 1
! 2101 15361 200 sims=432848 RUNNER
! 17377 22037 0 sims=432848 BLOCKER
> 6461 3096 712 -179 13 0
> 14226 3662 -66 -79 -89 1
> 15735 750 -5 13 133 0
> 14531 2193 240 -76 81 1
! 103898 25591 200
! -15011 -91968 200
> 6461 3096 712 -179 13 0
> 14226 3662 -66 -79 -89 1
> 15735 750 -5 13 133 0
> 14531 2193 240 -76 81 1
! 2095 15377 200 sims=398616 RUNNER
! 11402 21947 200 sims=398616 BLOCKER
> 7368 2962 770 -113 13 0
> 14102 3392 -105 -229 -107 1
> 15594 909 -120 135 133 0
> 14740 2315 177 103 99 1
! 106987 -5753 200
! 15847 -96592 0
> 7368 2962 770 -113 13 0
> 14102 3392 -105 -229 -107 1
> 15594 909 -120 135 133 0
> 14740 2315 177 103 99 1
! -1898 10605 200 sims=369744 RUNNER
! 5660 20135 0 sims=369744 BLOCKER
> 8337 2832 823 -110 -5 0
> 13997 3163 -89 -194 -89 1
> 15299 1141 -250 197 151 0
> 14917 2418 150 87 117 1
! 107956 -5883 200
! 46553 -91388 200
> 8337 2832 823 -110 -5 0
> 13997 3163 -89 -194 -89 1
> 15299 1141 -250 197 151 0
> 14917 2418 150 87 117 1
! 1659 15768 0 sims=342784 RUNNER
! 775 16560 0 sims=342784 BLOCKER
> 9359 2705 868 -108 -5 0
> 13973 2780 -20 -325 -71 1
> 15049 1338 -212 167 133 0
> 15067 2505 127 73 135 1
! 108978 -6010 200
! 74154 -77083 200
> 9359 2705 868 -108 -5 0
> 13973 2780 -20 -325 -71 1
> 15049 1338 -212 167 133 0
> 15067 2505 127 73 135 1
! 1409 15965 200 sims=370832 RUNNER
! 5987 20325 200 sims=370832 BLOCKER
> 10426 2580 907 -106 -5 0
> 14073 2295 85 -412 -53 1
> 14701 1651 -296 266 133 0
> 15103 2756 30 213 117 1
! 107863 25074 0
! 46629 -92256 SHIELD
> 10426 2580 907 -106 -5 0
> 14073 2295 85 -412 -53 1
> 14701 1651 -296 266 133 0
> 15103 2756 30 213 117 1
! 6249 19777 0 sims=394872 RUNNER
! 961 16898 0 sims=394872 BLOCKER
> 11333 2474 770 -90 13 0
> 14073 1964 -10 -270 -71 1
> 15252 1105 578 -570 115 0
> 15133 2969 25 181 135 1
! 97049 53977 200
! 74254 -77899 0
> 11333 2474 770 -90 13 0
> 14073 1964 -10 -270 -71 1
> 15252 1105 578 -570 115 0
> 15133 2969 25 181 135 1
! 6800 19231 200 sims=433376 RUNNER
! 6053 20789 200 sims=433376 BLOCKER
> 12274 2487 800 11 31 0
> 14063 1694 -8 -229 -53 1
> 15745 716 419 -330 115 0
> 15067 3328 -55 305 117 1
! 77879 77957 0
! 95978 -55663 0
> 12274 2487 800 11 31 0
> 14063 1694 -8 -229 -53 1
> 15745 716 419 -330 115 0
> 15067 3328 -55 305 117 1
! 2105 15343 200 sims=419744 RUNNER
! 925 17470 0 sims=419744 BLOCKER
> 13074 2498 680 9 49 1
> 14055 1465 -6 -194 -35 1
> 16028 532 240 -156 133 0
> 15012 3633 -46 259 135 1
! 52147 94548 0
! 109685 -27772 0
> 13074 2498 680 9 49 1
> 14055 1465 -6 -194 -35 1
> 16028 532 240 -156 133 0
> 15012 3633 -46 259 135 1
! 7576 18658 200 sims=412560 RUNNER
! 5932 21453 0 sims=412560 BLOCKER
> 13754 2507 578 7 67 1
> 14049 1271 -5 -164 -17 1
> 16183 557 132 21 115 0
> 14966 3892 -39 220 117 1
! 22469 102126 200
! 114033 3016 0
> 13754 2507 578 7 67 1
> 14049 1271 -5 -164 -17 1
> 16183 557 132 21 115 0
> 14966 3892 -39 220 117 1
! 2543 15184 200 sims=411832 RUNNER
! 824 18034 0 sims=411832 BLOCKER
> 14349 2713 506 175 85 1
> 14044 1107 -4 -139 1 1
> 16179 724 -3 142 133 0
> 14927 4112 -33 187 135 1
! -8146 100150 200
! 108595 33663 200
> 14349 2713 506 175 85 1
> 14044 1107 -4 -139 1 1
> 16179 724 -3 142 133 0
> 14927 4112 -33 187 135 1
! 2539 15351 200 sims=399088 RUNNER
! 5847 21932 0 sims=399088 BLOCKER
> 14810 3083 391 314 103 1
> 14229 1033 157 -62 19 1
> 16040 1012 -118 245 133 0
> 14894 4299 -28 158 117 1
! -36693 88799 200
! 94092 61214 200
> 14810 3083 391 314 103 1
> 14229 1033 157 -62 19 1
> 16040 1012 -118 245 133 0
> 14894 4299 -28 158 117 1
! -1452 10708 200 sims=383840 RUNNER
! 752 18441 0 sims=383840 BLOCKER
> 15098 3568 244 412 121 1
> 14546 1091 269 49 37 1
> 15747 1354 -248 290 151 0
> 14866 4457 -23 134 135 1
! -60372 69173 200
! 71903 83006 200
> 15098 3568 244 412 121 1
> 14546 1091 269 49 37 1
> 15747 1354 -248 290 151 0
> 14866 4457 -23 134 135 1
! -3886 5170 200 sims=371072 RUNNER
! 724 18599 SHIELD sims=371072 BLOCKER
> 15333 3716 259 -41 139 1
> 14652 1179 -222 -66 55 1
> 15580 1807 170 526 169 0
> 14829 4630 -37 164 135 1
! -36170 89432 200
! 43889 96809 200
> 15333 3716 259 -41 139 1
> 14652 1179 -222 -66 55 1
> 15580 1807 170 526 169 0
> 14829 4630 -37 164 135 1
! -4271 -630 200 sims=419048 RUNNER
! 687 18772 0 sims=419048 BLOCKER
> 15489 3846 132 110 121 1
> 14488 1304 -138 106 73 1
> 15551 2309 -24 426 -173 0
> 14792 4794 -31 139 135 1
! -36014 89562 200
! 43725 96934 200
> 15489 3846 132 110 121 1
> 14488 1304 -138 106 73 1
> 15551 2309 -24 426 -173 0
> 14792 4794 -31 139 135 1
! -4082 6125 0 sims=394112 RUNNER
! 5712 22614 0 sims=394112 BLOCKER
> 15518 4127 24 239 121 1
> 14408 1601 -67 252 73 1
> 15527 2735 -20 362 169 0
> 14761 4933 -26 118 117 1
! -35985 89843 0
! 12662 101585 0
> 15518 4127 24 239 121 1
> 14408 1601 -67 252 73 1
> 15527 2735 -20 362 169 0
> 14761 4933 -26 118 117 1
! -4324 298 0 sims=378432 RUNNER
! 11632 24687 0 sims=378432 BLOCKER
> 15542 4366 20 203 121 1
> 14341 1853 -56 214 91 1
> 15507 3097 -17 307 -173 0
> 14735 5051 -22 100 99 1
! -35961 90082 0
! 12595 101837 0
> 15542 4366 20 203 121 1
> 14341 1853 -56 214 91 1
> 15507 3097 -17 307 -173 0
> 14735 5051 -22 100 99 1
! -2619 -5355 0 sims=384280 RUNNER
! 17864 24805 0 sims=384280 BLOCKER
> 15562 4569 17 172 121 1
> 14285 2067 -47 181 91 1
> 15490 3404 -14 260 -155 0
> 14713 5151 -18 85 81 1
! -59908 70174 0
! 43522 97697 0
> 15562 4569 17 172 121 1
> 14285 2067 -47 181 91 1
> 15490 3404 -14 260 -155 0
> 14713 5151 -18 85 81 1
! 863 -10236 200 sims=365536 RUNNER
! 23793 22971 0 sims=365536 BLOCKER
> 15579 4741 14 146 139 1
> 14238 2248 -39 153 73 1
> 15330 3528 -136 105 -137 0
> 14695 5236 -15 72 63 1
! -59891 70346 0
! 71595 84163 200
> 15579 4741 14 146 139 1
> 14238 2248 -39 153 73 1
> 15330 3528 -136 105 -137 0
> 14695 5236 -15 72 63 1
! 5634 -13964 200 sims=369192 RUNNER
! 28837 19378 0 sims=369192 BLOCKER
> 15593 4887 11 124 139 1
> 14314 2565 64 269 55 1
> 15097 3458 -198 -59 -119 0
> 14680 5308 -12 61 45 1
! -59877 70492 200
! 94177 62746 200
> 15593 4887 11 124 139 1
> 14314 2565 64 269 55 1
> 15097 3458 -198 -59 -119 0
> 14680 5308 -12 61 45 1
! 5401 -14034 SHIELD sims=369536 RUNNER
! 32500 14388 0 sims=369536 BLOCKER
> 15453 5142 -118 216 139 1
> 14271 2639 -423 -393 37 1
> 14926 3431 -106 22 -119 0
> 14668 5369 -10 51 27 1
! -76597 44215 0
! 71628 84554 200
> 15453 5142 -118 216 139 1
> 14271 2639 -423 -393 37 1
> 14926 3431 -106 22 -119 0
> 14668 5369 -10 51 27 1
! 299 -10209 0 sims=384576 RUNNER
! 34422 8498 200 sims=384576 BLOCKER
> 15636 5272 169 106 157 1
> 13963 2410 -262 -194 55 1
> 14820 3453 -90 18 -137 0
> 14554 5537 -110 147 9 1
! -59834 70877 200
! 71320 84325 200
> 15636 5272 169 106 157 1
> 13963 2410 -262 -194 55 1
> 14820 3453 -90 18 -137 0
> 14554 5537 -110 147 9 1
! 5124 -14039 0 sims=387768 RUNNER
! 34308 2408 0 sims=387768 BLOCKER
> 15654 5509 15 201 139 1
> 13816 2380 -125 -25 55 1
> 14730 3471 -76 15 -119 0
> 14444 5684 -93 124 -9 1
! -59816 71114 200
! 71173 84295 200
> 15654 5509 15 201 139 1
> 13816 2380 -125 -25 55 1
> 14730 3471 -76 15 -119 0
> 14444 5684 -93 124 -9 1
! 103 -10169 0 sims=394312 RUNNER
! 34198 8813 200 sims=394312 BLOCKER
> 15518 5841 -115 282 139 1
> 13806 2519 -8 118 55 1
> 14654 3486 -64 12 -137 0
> 14549 5839 88 131 9 1
! -76532 44914 0
! 93669 62700 200
> 15518 5841 -115 282 139 1
> 13806 2519 -8 118 55 1
> 14654 3486 -64 12 -137 0
> 14549 5839 88 131 9 1
! 4958 -14006 200 sims=356664 RUNNER
! 32369 14919 200 sims=356664 BLOCKER
> 15613 6131 224 251 157 1
> 13943 2742 -166 -110 37 1
> 14508 3338 158 174 -119 0
> 14605 6053 -95 176 27 1
! -84006 14846 0
! 93806 62923 200
> 15613 6131 224 251 157 1
> 13943 2742 -166 -110 37 1
> 14508 3338 158 174 -119 0
> 14605 6053 -95 176 27 1
! -119 -10302 200 sims=372816 RUNNER
! 28747 20195 0 sims=372816 BLOCKER
> 15837 6382 190 213 175 1
> 13937 2752 -5 8 37 1
> 14520 3376 9 31 -137 0
> 14510 6229 -80 149 45 1
! -83782 15097 0
! 71294 84667 200
> 15837 6382 190 213 175 1
> 13937 2752 -5 8 37 1
> 14520 3376 9 31 -137 0
> 14510 6229 -80 149 45 1
! -107 -10264 200 sims=367536 RUNNER
! 32330 15309 0 sims=367536 BLOCKER
> 16027 6595 161 181 175 1
> 13830 2692 -122 -84 55 1
> 14600 3502 99 140 -137 0
> 14430 6378 -68 126 27 1
! -81410 -15900 0
! 93693 62873 200
> 16027 6595 161 181 175 1
> 13830 2692 -122 -84 55 1
> 14600 3502 99 140 -137 0
> 14430 6378 -68 126 27 1
! -27 -10138 200 sims=397472 RUNNER
! 34184 9507 200 sims=397472 BLOCKER
