@ 0 reCurse
@ 1 YurkovAS
CP 3
CP 11302 2831
CP 7492 6948
CP 5982 5374
> 11669 3171 0 0 -1 1
> 10935 2491 0 0 -1 1
> 12403 3850 0 0 -1 1
> 10201 1812 0 0 -1 1
! -38147 89879 200
! -22751 96646 200
> 11669 3171 0 0 -1 1
> 10935 2491 0 0 -1 1
> 12403 3850 0 0 -1 1
> 10201 1812 0 0 -1 1
! -7084 8349 BOOST sims=3062528 RUNNER
! 6385 21445 BOOST sims=3062528 BLOCKER
> 11487 3222 -236 -78 120 1
> 10868 2679 -57 160 110 1
> 11852 4118 -386 350 167 1
> 10077 2450 -105 542 101 1
! -9304 101036 200
! -50698 81480 0
> 11487 3222 -236 -78 120 1
> 10868 2679 -57 160 110 1
> 11852 4118 -386 350 167 1
> 10077 2450 -105 542 101 1
! -8072 2375 0 sims=308704 RUNNER
! 12514 22301 0 sims=308704 BLOCKER
> 11350 3467 -100 223 102 1
> 10844 2742 0 45 128 1
> 11466 4468 -328 297 -175 1
> 9799 2961 -274 427 83 1
! -38649 90069 200
! -50722 81543 200
> 11350 3467 -100 223 102 1
> 10844 2742 0 45 128 1
> 11466 4468 -328 297 -175 1
> 9799 2961 -274 427 83 1
! -8021 8967 200 sims=342936 RUNNER
! 18251 21087 0 sims=342936 BLOCKER
> 11150 3863 -169 336 120 1
> 10721 2945 -104 172 128 1
> 10943 4810 -444 290 167 1
> 9525 3388 -232 362 65 1
! -63164 70776 0
! -72182 58864 200
> 11150 3863 -169 336 120 1
> 10721 2945 -104 172 128 1
> 10943 4810 -444 290 167 1
> 9525 3388 -232 362 65 1
! -8544 9309 200 sims=334192 RUNNER
! 11962 23239 0 sims=334192 BLOCKER
> 10981 4199 -143 285 138 1
> 10451 3229 -229 241 146 1
> 10304 5145 -543 284 167 1
> 9293 3750 -197 307 83 1
! -80373 44872 200
! -72452 59148 200
> 10981 4199 -143 285 138 1
> 10451 3229 -229 241 146 1
> 10304 5145 -543 284 167 1
> 9293 3750 -197 307 83 1
! -6839 15446 200 sims=342912 RUNNER
! 17745 21876 0 sims=342912 BLOCKER
> 10655 4565 -276 311 156 1
> 10056 3582 -335 299 146 1
> 9590 5532 -607 328 149 1
> 9096 4057 -167 260 65 1
! -88797 15017 200
! -72847 59501 200
> 10655 4565 -276 311 156 1
> 10056 3582 -335 299 146 1
> 9590 5532 -607 328 149 1
> 9096 4057 -167 260 65 1
! -9897 10031 0 sims=332872 RUNNER
! 22736 18684 200 sims=332872 BLOCKER
> 10180 4897 -403 282 174 1
> 9658 3918 -163 157 146 1
> 8983 5860 -515 278 167 1
> 8963 4538 -288 537 47 1
! -89272 15349 200
! -86468 31481 200
> 10180 4897 -403 282 174 1
> 9658 3918 -163 157 146 1
> 8983 5860 -515 278 167 1
> 8963 4538 -288 537 47 1
! -10941 4117 0 sims=337704 RUNNER
! 26455 14234 200 sims=337704 BLOCKER
> 9650 5207 -73 298 174 1
> 9303 4130 -301 180 164 1
> 8468 6138 -437 236 -175 1
> 8778 5165 -534 498 29 1
! -88164 -15584 200
! -73600 60049 200
> 9650 5207 -73 298 174 1
> 9303 4130 -301 180 164 1
> 8468 6138 -437 236 -175 1
> 8778 5165 -534 498 29 1
! -9942 -1677 200 sims=279912 RUNNER
! 28411 8981 200 sims=279912 BLOCKER
> 9381 5463 -228 217 -168 1
> 8836 4422 -396 248 146 1
> 7847 6296 -527 134 -157 1
> 8440 5701 -287 455 11 1
! -90071 15915 200
! -87290 31985 200
> 9381 5463 -228 217 -168 1
> 8836 4422 -396 248 146 1
> 7847 6296 -527 134 -157 1
> 8440 5701 -287 455 11 1
! -7247 -6825 0 sims=350472 RUNNER
! 28291 3264 0 sims=350472 BLOCKER
> 8954 5701 -362 202 174 1
> 8248 4725 -500 257 164 1
> 7320 6430 -447 113 -139 2
> 8153 6156 -243 386 -7 1
! -82400 46374 200
! -74655 60644 200
> 8954 5701 -362 202 174 1
> 8248 4725 -500 257 164 1
> 7320 6430 -447 113 -139 2
> 8153 6156 -243 386 -7 1
! -2981 -10713 0 sims=299728 RUNNER
! 26279 -2296 200 sims=299728 BLOCKER
> 8628 5830 -195 52 156 1
> 7582 5094 -565 313 146 1
> 6873 6543 -379 96 -121 2
> 7872 6612 -319 444 -25 2
! -65686 72743 200
! -53984 83895 0
> 8628 5830 -195 52 156 1
> 7582 5094 -565 313 146 1
> 6873 6543 -379 96 -121 2
> 7872 6612 -319 444 -25 2
! 2374 -12944 0 sims=334408 RUNNER
! 22499 -7028 200 sims=334408 BLOCKER
> 8284 6016 -292 157 138 1
> 7017 5407 -480 266 128 1
> 6494 6639 -322 81 -103 2
> 7699 6920 -146 261 -43 2
! -41715 92618 200
! -27184 99376 200
> 8284 6016 -292 157 138 1
> 7017 5407 -480 266 128 1
> 6494 6639 -322 81 -103 2
> 7699 6920 -146 261 -43 2
! -3807 -10504 0 sims=343472 RUNNER
! 17395 -10572 200 sims=343472 BLOCKER
> 7934 6256 -202 -1 120 1
> 6469 5861 -466 385 110 1
> 6172 6720 -273 68 -121 2
> 7608 7096 -171 355 -61 2
! -66380 73169 200
! -55097 84662 SHIELD
> 7934 6256 -202 -1 120 1
> 6469 5861 -466 385 110 1
> 6172 6720 -273 68 -121 2
> 7608 7096 -171 355 -61 2
! 1673 -12767 0 sims=361448 RUNNER
! 11424 -12537 0 sims=361448 BLOCKER
> 7583 6389 -298 112 138 2
> 6017 6202 -379 274 128 1
> 5762 7225 -398 589 -103 2
> 7437 7451 -145 301 -79 2
! -83771 47062 0
! -28184 100171 0
> 7583 6389 -298 112 138 2
> 6017 6202 -379 274 128 1
> 5762 7225 -398 589 -103 2
> 7437 7451 -145 301 -79 2
! 7505 -12699 0 sims=368672 RUNNER
! 5000 -12400 0 sims=368672 BLOCKER
> 7285 6501 -253 95 156 2
> 5638 6476 -322 232 110 1
> 5364 7814 -338 500 -85 2
> 7292 7752 -123 255 -97 2
! -92167 16953 0
! 2148 106415 0
> 7285 6501 -253 95 156 2
> 5638 6476 -322 232 110 1
> 5364 7814 -338 500 -85 2
> 7292 7752 -123 255 -97 2
! 13179 -10596 200 sims=396264 RUNNER
! 11108 -11881 200 sims=396264 BLOCKER
> 7032 6596 -215 80 174 2
> 5316 6708 -273 197 92 1
> 5104 8130 -220 268 -67 2
> 7207 7811 -72 49 -79 2
! -90782 -14195 0
! 32879 102834 0
> 7032 6596 -215 80 174 2
> 5316 6708 -273 197 92 1
> 5104 8130 -220 268 -67 2
> 7207 7811 -72 49 -79 2
! 18225 -6964 200 sims=394552 RUNNER
! 11023 -11822 200 sims=394552 BLOCKER
> 6817 6676 -182 68 192 2
> 5043 6905 -232 167 74 1
> 5015 8247 -75 99 -49 2
> 7173 7664 -28 -125 -79 2
! -79785 -43323 0
! 60962 89808 0
> 6817 6676 -182 68 192 2
> 5043 6905 -232 167 74 1
> 5015 8247 -75 99 -49 2
> 7173 7664 -28 -125 -79 2
! 22158 -2054 200 sims=386680 RUNNER
! 10989 -11969 200 sims=386680 BLOCKER
> 6635 6744 -154 57 -150 2
> 4811 7072 -197 141 56 1
> 5111 8243 81 -3 -31 2
> 7183 7343 8 -273 -79 2
! -60278 -67570 0
! 32374 103198 0
> 6635 6744 -154 57 -150 2
> 4811 7072 -197 141 56 1
> 5111 8243 81 -3 -31 2
> 7183 7343 8 -273 -79 2
! 18232 -6851 200 sims=421416 RUNNER
! 16879 -10149 200 sims=421416 BLOCKER
> 6344 6663 -255 -76 -132 2
> 4614 7213 -167 119 74 1
> 5323 8089 180 -130 -49 2
> 7425 7033 213 -255 -61 2
! -34329 -84691 0
! 60533 90116 0
> 6344 6663 -255 -76 -132 2
> 4614 7213 -167 119 74 1
> 5323 8089 180 -130 -49 2
> 7425 7033 213 -255 -61 2
! 13138 -10321 200 sims=433496 RUNNER
! 22052 -6607 200 sims=433496 BLOCKER
> 6089 6587 -216 -64 -114 2
> 4447 7332 -141 101 56 1
> 5581 7775 219 -266 -67 2
> 7784 6642 305 -332 -43 2
! -4363 -92865 200
! 83248 68898 0
> 6089 6587 -216 -64 -114 2
> 4447 7332 -141 101 56 1
> 5581 7775 219 -266 -67 2
> 7784 6642 305 -332 -43 2
! 7324 -12149 0 sims=392400 RUNNER
! 17480 -10850 0 sims=392400 BLOCKER
> 5852 6324 -201 -223 -96 2
> 4306 7433 -119 85 38 1
> 5800 7509 186 -226 -85 2
> 8089 6310 259 -282 -61 2
! 26643 -91490 200
! 98275 41635 200
> 5852 6324 -201 -223 -96 2
> 4306 7433 -119 85 38 1
> 5800 7509 186 -226 -85 2
> 8089 6310 259 -282 -61 2
! 7543 -12415 200 sims=378920 RUNNER
! 22716 -7330 0 sims=378920 BLOCKER
> 5693 5905 -135 -355 -78 2
> 4375 7586 58 130 20 1
> 6003 7084 172 -361 -85 2
> 8348 6028 220 -239 -43 2
! 55692 -80697 0
! 104314 11075 200
> 5693 5905 -135 -355 -78 2
> 4375 7586 58 130 20 1
> 6003 7084 172 -361 -85 2
> 8348 6028 220 -239 -43 2
! 7746 -12840 200 sims=384512 RUNNER
! 18044 -11464 0 sims=384512 BLOCKER
> 5558 5550 -114 -301 -60 0
> 4633 7723 219 116 2 1
> 6192 6524 161 -476 -85 2
> 8568 5789 187 -203 -61 2
! 79872 -61363 0
! 100759 -19840 200
> 5558 5550 -114 -301 -60 0
> 4633 7723 219 116 2 1
> 6192 6524 161 -476 -85 2
> 8568 5789 187 -203 -61 2
! 1693 -12963 200 sims=385872 RUNNER
! 23195 -7851 0 sims=385872 BLOCKER
> 5444 5249 -96 -255 -42 0
> 5044 7784 349 51 -16 1
> 6308 5853 98 -570 -103 0
> 8755 5586 158 -172 -43 2
! 96798 -35424 0
! 87947 -48135 200
> 5444 5249 -96 -255 -42 0
> 5044 7784 349 51 -16 1
> 6308 5853 98 -570 -103 0
> 8755 5586 158 -172 -43 2
! -3993 -11290 0 sims=380136 RUNNER
! 18451 -11906 0 sims=380136 BLOCKER
> 5348 4994 -81 -216 -24 0
> 5559 7723 437 -51 -34 1
> 6406 5283 83 -484 -121 0
> 8913 5414 134 -146 -61 2
! 104800 -5458 0
! 67125 -71078 200
> 5348 4994 -81 -216 -24 0
> 5559 7723 437 -51 -34 1
> 6406 5283 83 -484 -121 0
> 8913 5414 134 -146 -61 2
! 1907 -14204 0 sims=403768 RUNNER
! 23540 -8226 0 sims=403768 BLOCKER
> 5267 4778 -68 -183 -6 0
> 6119 7514 476 -177 -52 1
> 6489 4799 70 -411 -103 0
> 9047 5268 113 -124 -43 2
! 103081 25569 200
! 40320 -86455 0
> 5267 4778 -68 -183 -6 0
> 6119 7514 476 -177 -52 1
> 6489 4799 70 -411 -103 0
> 9047 5268 113 -124 -43 2
! 8232 -15125 0 sims=411888 RUNNER
! 18743 -12224 0 sims=411888 BLOCKER
> 5395 4637 108 -120 12 0
> 6595 7337 404 -150 -70 1
> 6559 4388 59 -349 -85 0
> 9160 5144 96 -105 -61 2
! 103209 25428 200
! 40796 -86632 200
> 5395 4637 108 -120 12 0
> 6595 7337 404 -150 -70 1
> 6559 4388 59 -349 -85 0
> 9160 5144 96 -105 -61 2
! 14374 -14022 0 sims=405296 RUNNER
! 23787 -8496 0 sims=405296 BLOCKER
> 5699 4559 258 -66 12 0
> 7067 6999 401 -287 -70 2
> 6618 4039 50 -296 -67 0
> 9256 5039 81 -89 -43 2
! 105151 -5893 200
! 10556 -92940 200
> 5699 4559 258 -66 12 0
> 7067 6999 401 -287 -70 2
> 6618 4039 50 -296 -67 0
> 9256 5039 81 -89 -43 2
! 19739 -11055 0 sims=397064 RUNNER
! 18952 -12453 0 sims=397064 BLOCKER
> 6156 4472 388 -73 -6 0
> 7475 6512 346 -413 -88 2
> 6668 3743 42 -251 -49 0
> 9337 4950 68 -75 -61 2
! 97510 -36201 200
! 41676 -87457 200
> 6156 4472 388 -73 -6 0
> 7475 6512 346 -413 -88 2
> 6668 3743 42 -251 -49 0
> 9337 4950 68 -75 -61 2
! 23811 -6558 200 sims=382360 RUNNER
! 13153 -14683 0 sims=382360 BLOCKER
> 6727 4318 485 -131 -24 0
> 7889 5911 352 -510 -70 2
> 6881 3389 181 -300 -31 0
> 9405 4875 57 -63 -79 2
! 106179 -6134 200
! 42090 -88058 200
> 6727 4318 485 -131 -24 0
> 7889 5911 352 -510 -70 2
> 6881 3389 181 -300 -31 0
> 9405 4875 57 -63 -79 2
! 26368 -1110 0 sims=339752 RUNNER
! 6968 -14976 0 sims=339752 BLOCKER
> 7411 4166 581 -129 -6 0
> 8309 5213 357 -593 -70 2
> 7062 3089 153 -255 -13 0
> 9462 4812 48 -53 -97 2
! 105225 24957 200
! 42510 -88756 200
> 7411 4166 581 -129 -6 0
> 8309 5213 357 -593 -70 2
> 7062 3089 153 -255 -13 0
> 9462 4812 48 -53 -97 2
! 24205 -7212 200 sims=338696 RUNNER
! 1010 -13314 200 sims=338696 BLOCKER
> 8005 3929 -40 -648 12 0
> 8731 4577 349 -107 -70 2
> 7386 2731 275 -304 -31 0
> 9612 4582 681 -181 -115 2
! 107457 -6523 200
! 70297 -74224 200
> 8005 3929 -40 -648 12 0
> 8731 4577 349 -107 -70 2
> 7386 2731 275 -304 -31 0
> 9612 4582 681 -181 -115 2
! 26873 -1768 0 sims=347840 RUNNER
! -4028 -10045 200 sims=347840 BLOCKER
> 8164 3260 135 -568 -6 0
> 9203 4312 401 -224 -52 2
> 7661 2427 233 -258 -13 0
> 10157 4255 462 -278 -133 2
! 107616 -7192 0
! 92106 -51607 200
> 8164 3260 135 -568 -6 0
> 9203 4312 401 -224 -52 2
> 7661 2427 233 -258 -13 0
> 10157 4255 462 -278 -133 2
! 27585 4170 200 sims=313656 RUNNER
! -7335 -5441 200 sims=313656 BLOCKER
> 8423 2918 290 -162 -6 0
> 9651 3988 249 -262 -34 2
> 7970 1960 192 -525 5 0
> 10563 3868 476 -341 -151 2
! 107875 -7534 0
! 105777 -23575 200
> 8423 2918 290 -162 -6 0
> 9651 3988 249 -262 -34 2
> 7970 1960 192 -525 5 0
> 10563 3868 476 -341 -151 2
! 26380 9775 200 sims=326216 RUNNER
! -9070 52 200 sims=326216 BLOCKER
> 8713 2756 246 -137 -6 0
> 10056 3679 215 -234 -16 2
> 8346 1513 319 -379 23 0
> 10879 3481 397 -357 -169 2
! 106527 23547 0
! 92959 -52240 200
> 8713 2756 246 -137 -6 0
> 10056 3679 215 -234 -16 2
> 8346 1513 319 -379 23 0
> 10879 3481 397 -357 -169 2
! 23440 14634 200 sims=301888 RUNNER
! -8972 5918 200 sims=301888 BLOCKER
> 8959 2619 209 -116 12 0
> 10286 3371 150 -250 -34 2
> 8816 1265 399 -210 41 0
> 11229 3110 341 -326 173 2
! 108411 -7833 200
! 71852 -75430 0
> 8959 2619 209 -116 12 0
> 10286 3371 150 -250 -34 2
> 8816 1265 399 -210 41 0
> 11229 3110 341 -326 173 2
! 19117 18408 200 sims=285656 RUNNER
! -6897 11562 200 sims=285656 BLOCKER
> 9367 2482 346 -116 -6 0
> 10436 3121 127 -212 -52 2
> 9318 1226 426 -32 59 0
> 11389 2869 135 -205 155 2
! 107181 23273 200
! 44637 -90848 200
> 9367 2482 346 -116 -6 0
> 10436 3121 127 -212 -52 2
> 9318 1226 426 -32 59 0
> 11389 2869 135 -205 155 2
! 13817 20713 200 sims=286968 RUNNER
! -6737 11321 200 sims=286968 BLOCKER
> 9826 2365 -55 -326 12 0
> 10621 2772 457 -56 -70 2
> 9789 1389 400 138 77 0
> 11436 2740 185 -122 155 2
! 107640 23156 200
! 14110 -97167 200
> 9826 2365 -55 -326 12 0
> 10621 2772 457 -56 -70 2
> 9789 1389 400 138 77 0
> 11436 2740 185 -122 155 2
! 8046 21313 200 sims=296392 RUNNER
! -3191 16380 200 sims=296392 BLOCKER
> 9838 2480 -115 203 12 0
> 10779 2566 240 -133 -88 2
> 10189 1289 345 -232 95 0
> 11892 2743 400 2 137 2
! 109290 -7972 200
! -16784 -93560 0
> 9838 2480 -115 203 12 0
> 10779 2566 240 -133 -88 2
> 10189 1289 345 -232 95 0
> 11892 2743 400 2 137 2
! 8446 21213 200 sims=363712 RUNNER
! -2735 16383 200 sims=363712 BLOCKER
> 9922 2662 71 154 -6 0
> 11019 2433 204 -113 -106 2
> 10517 1256 278 -27 95 0
> 12146 2881 215 117 137 2
! 109374 -7790 200
! -44900 -80470 200
> 9922 2662 71 154 -6 0
> 11019 2433 204 -113 -106 2
> 10517 1256 278 -27 95 0
> 12146 2881 215 117 137 2
! 8774 21180 200 sims=343840 RUNNER
! -2481 16521 200 sims=343840 BLOCKER
> 10192 2795 229 113 -6 0
> 11112 2155 248 133 -124 2
> 10777 1427 51 -224 95 0
> 12215 3134 58 215 137 2
! 108006 23586 200
! -67689 -59411 200
> 10192 2795 229 113 -6 0
> 11112 2155 248 133 -124 2
> 10777 1427 51 -224 95 0
> 12215 3134 58 215 137 2
! 15276 20914 200 sims=321552 RUNNER
! -5911 11586 200 sims=321552 BLOCKER
> 10617 2950 360 131 12 0
> 11202 2165 76 8 -142 2
> 10873 1398 81 -24 77 0
> 12092 3434 -104 254 155 2
! 97219 52949 200
! -44717 -80738 200
> 10617 2950 360 131 12 0
> 11202 2165 76 8 -142 2
> 10873 1398 81 -24 77 0
> 12092 3434 -104 254 155 2
! 15372 20885 200 sims=361776 RUNNER
! -2535 17074 200 sims=361776 BLOCKER
> 11150 3181 453 196 30 1
> 11296 2312 91 151 -124 2
> 10869 1264 -14 -140 77 0
> 11842 3824 -212 331 137 2
! 78063 77495 200
! -44623 -80591 200
> 11150 3181 453 196 30 1
> 11296 2312 91 151 -124 2
> 10869 1264 -14 -140 77 0
> 11842 3824 -212 331 137 2
! 15368 20751 200 sims=305688 RUNNER
! -6284 12276 200 sims=305688 BLOCKER
> 11526 3217 261 -54 48 1
> 11275 2297 -17 -12 -124 2
> 10900 1319 26 46 77 0
> 11659 4548 -96 700 155 2
! 52199 94571 200
! -16288 -93829 200
> 11526 3217 261 -54 48 1
> 11275 2297 -17 -12 -124 2
> 10900 1319 26 46 77 0
> 11659 4548 -96 700 155 2
! 15399 20806 200 sims=373168 RUNNER
! -8192 6985 200 sims=373168 BLOCKER
> 11868 3346 290 109 66 1
> 11285 2296 86 194 -106 2
> 10889 1357 -87 -162 77 0
> 11364 5272 -250 615 173 2
! 22320 102798 0
! -44634 -80607 200
> 11868 3346 290 109 66 1
> 11285 2296 86 194 -106 2
> 10889 1357 -87 -162 77 0
> 11364 5272 -250 615 173 2
! 15388 20844 200 sims=386600 RUNNER
! -8269 1456 0 sims=386600 BLOCKER
> 12158 3455 246 92 84 1
> 11259 2324 -21 23 -124 2
> 10847 1390 -35 27 77 0
> 11114 5887 -212 522 -169 2
! -8633 101269 200
! -44660 -80579 200
> 12158 3455 246 92 84 1
> 11259 2324 -21 23 -124 2
> 10847 1390 -35 27 77 0
> 11114 5887 -212 522 -169 2
! 21148 18533 200 sims=373472 RUNNER
! -6378 -3809 0 sims=373472 BLOCKER
> 12362 3743 173 244 102 1
> 11190 2340 11 187 -124 2
> 10851 1430 -66 -140 59 0
> 10902 6409 -180 443 -151 2
! -37637 90345 200
! -16373 -93786 200
> 12362 3743 173 244 102 1
> 11190 2340 11 187 -124 2
> 10851 1430 -66 -140 59 0
> 10902 6409 -180 443 -151 2
! 21152 18573 200 sims=388808 RUNNER
! -8731 2593 0 sims=388808 BLOCKER
> 12435 4160 62 354 120 1
> 11146 2335 -37 -4 -106 2
> 10888 1461 31 26 59 0
> 10722 6852 -153 376 -169 2
! -61879 71073 200
! 14635 -97604 200
> 12435 4160 62 354 120 1
> 11146 2335 -37 -4 -106 2
> 10888 1461 31 26 59 0
> 10722 6852 -153 376 -169 2
! 15387 20948 200 sims=360960 RUNNER
! -6770 -2844 0 sims=360960 BLOCKER
> 12348 4648 -73 414 138 1
> 11210 2443 81 182 -88 2
> 10870 1370 -42 -168 77 0
> 10569 7228 -130 319 -151 2
! -79006 45321 200
! -16353 -93683 200
> 12348 4648 -73 414 138 1
> 11210 2443 81 182 -88 2
> 10870 1370 -42 -168 77 0
> 10569 7228 -130 319 -151 2
! 15369 20857 200 sims=367728 RUNNER
! -3071 -7399 0 sims=367728 BLOCKER
> 12092 5143 -217 421 156 1
> 11236 2433 21 -8 -106 2
> 10873 1397 2 22 77 0
> 10439 7547 -110 271 -133 2
! -79262 45816 BOOST
! -16327 -93693 200
> 12092 5143 -217 421 156 1
> 11236 2433 21 -8 -106 2
> 10873 1397 2 22 77 0
> 10439 7547 -110 271 -133 2
! 15372 20884 200 sims=339848 RUNNER
! 1987 -10579 200 sims=339848 BLOCKER
> 11281 5828 -689 582 156 1
> 11248 2344 106 157 -106 2
> 10874 1503 -95 -142 77 0
> 10244 7637 -165 76 -115 2
! -88171 16280 0
! -44671 -80559 200
> 11281 5828 -689 582 156 1
> 11248 2344 106 157 -106 2
> 10874 1503 -95 -142 77 0
> 10244 7637 -165 76 -115 2
! 21175 18646 200 sims=346352 RUNNER
! 7807 -12214 200 sims=346352 BLOCKER
> 10592 6410 -585 494 174 1
> 11242 2335 -4 -7 -124 2
> 10882 1532 6 25 59 0
> 10055 7514 -160 -104 -97 2
! -87222 -14381 SHIELD
! -16321 -93791 200
> 10592 6410 -585 494 174 1
> 11242 2335 -4 -7 -124 2
> 10882 1532 6 25 59 0
> 10055 7514 -160 -104 -97 2
! 15381 21019 200 sims=364784 RUNNER
! 7618 -12337 SHIELD sims=364784 BLOCKER
> 10109 6636 -283 -144 -168 1
> 11330 2449 103 158 -106 2
> 10786 1438 -110 -141 77 0
> 9793 7678 -350 475 -97 2
! -76493 -43363 0
! -44589 -80454 200
> 10109 6636 -283 -144 -168 1
> 11330 2449 103 158 -106 2
> 10786 1438 -110 -141 77 0
> 9793 7678 -350 475 -97 2
! 21087 18581 200 sims=419440 RUNNER
! 7356 -12173 0 sims=419440 BLOCKER
> 9826 6492 -240 -122 -150 1
> 11321 2441 -7 -6 -124 2
> 10779 1468 -5 25 59 0
> 9443 8153 -297 403 -97 2
! -87988 -14299 0
! -44598 -80462 200
> 9826 6492 -240 -122 -150 1
> 11321 2441 -7 -6 -124 2
> 10779 1468 -5 25 59 0
> 9443 8153 -297 403 -97 2
! 21080 18611 200 sims=407736 RUNNER
! 991 -9973 0 sims=407736 BLOCKER
> 9586 6370 -204 -103 -168 1
> 11256 2369 72 172 -124 2
> 10823 1565 -90 -151 59 0
> 9146 8556 -252 342 -115 2
! -89866 16822 0
! -44663 -80534 0
> 9586 6370 -204 -103 -168 1
> 11256 2369 72 172 -124 2
> 10823 1565 -90 -151 59 0
> 9146 8556 -252 342 -115 2
! 21124 18708 200 sims=392288 RUNNER
! 6709 -11295 0 sims=392288 BLOCKER
> 9382 6267 -173 -87 174 1
> 11328 2541 61 146 -124 2
> 10836 1585 11 17 59 0
> 8894 8898 -214 290 -97 2
! -81972 46940 200
! -44591 -80362 200
> 9382 6267 -173 -87 174 1
> 11328 2541 61 146 -124 2
> 10836 1585 11 17 59 0
> 8894 8898 -214 290 -97 2
! 21137 18728 200 sims=382032 RUNNER
! 442 -9228 0 sims=382032 BLOCKER
> 9026 6261 -302 -4 156 1
> 11277 2521 -43 -16 -124 2
> 10950 1773 96 160 59 0
> 8680 9188 -181 246 -115 2
! -82328 46934 200
! -16286 -93605 200
> 9026 6261 -302 -4 156 1
> 11277 2521 -43 -16 -124 2
> 10950 1773 96 160 59 0
> 8680 9188 -181 246 -115 2
! 15449 21260 0 sims=361472 RUNNER
! 6243 -10663 200 sims=361472 BLOCKER
> 8541 6338 -412 65 156 1
> 11338 2678 57 146 -106 2
> 10887 1567 -59 -187 77 0
> 8475 9235 -174 40 -97 2
! -90911 16790 0
! -16225 -93448 200
> 8541 6338 -412 65 156 1
> 11338 2678 57 146 -106 2
> 10887 1567 -59 -187 77 0
> 8475 9235 -174 40 -97 2
! 21188 18710 200 sims=394496 RUNNER
! 12291 -10398 200 sims=394496 BLOCKER
> 8129 6403 -350 55 174 1
> 11340 2632 1 -39 -106 2
> 10931 1551 37 -13 59 0
> 8339 9079 -115 -132 -79 2
! -89685 -14388 0
! -16223 -93494 200
> 8129 6403 -350 55 174 1
> 11340 2632 1 -39 -106 2
> 10931 1551 37 -13 59 0
> 8339 9079 -115 -132 -79 2
! 15430 21038 200 sims=363280 RUNNER
! 18035 -8413 200 sims=363280 BLOCKER
> 7779 6458 -297 46 -168 2
> 11315 2474 91 145 -106 2
> 10984 1660 -67 -187 77 0
> 8321 8772 -15 -260 -61 2
! -78823 -43541 200
! -44604 -80429 200
> 7779 6458 -297 46 -168 2
> 11315 2474 91 145 -106 2
> 10984 1660 -67 -187 77 0
> 8321 8772 -15 -260 -61 2
! 15483 21147 200 sims=386232 RUNNER
! 18017 -8720 200 sims=386232 BLOCKER
> 7309 6404 -399 -45 -150 2
> 11294 2453 -17 -17 -124 2
> 10962 1668 -18 6 77 0
> 8403 8337 69 -369 -61 2
! -59604 -67910 200
! -44625 -80450 200
> 7309 6404 -399 -45 -150 2
> 11294 2453 -17 -17 -124 2
> 10962 1668 -18 6 77 0
> 8403 8337 69 -369 -61 2
! 21263 18811 200 sims=361312 RUNNER
! 18099 -9155 200 sims=361312 BLOCKER
> 6776 6210 -452 -164 -132 2
> 11303 2605 24 170 -124 2
> 10909 1511 -62 -174 59 0
> 8569 7793 141 -462 -61 2
! -33897 -85144 200
! -16260 -93521 200
> 6776 6210 -452 -164 -132 2
> 11303 2605 24 170 -124 2
> 10909 1511 -62 -174 59 0
> 8569 7793 141 -462 -61 2
! 15408 20998 200 sims=366920 RUNNER
! 18265 -9699 200 sims=366920 BLOCKER
> 6243 5863 -453 -294 -114 0
> 11272 2583 -26 -18 -106 2
> 10892 1532 -14 17 77 0
> 8807 7156 202 -541 -61 2
! -4209 -93589 0
! -44647 -80320 200
> 6243 5863 -453 -294 -114 0
> 11272 2583 -26 -18 -106 2
> 10892 1532 -14 17 77 0
> 8807 7156 202 -541 -61 2
! 15391 21019 200 sims=366256 RUNNER
! 18503 -10336 200 sims=366256 BLOCKER
> 5790 5569 -385 -249 -96 0
> 11170 2505 0 189 -124 2
> 10887 1638 -89 -165 77 0
> 9106 6440 254 -608 -61 2
! 26581 -92245 0
! -16393 -93621 200
> 5790 5569 -385 -249 -96 0
> 11170 2505 0 189 -124 2
> 10887 1638 -89 -165 77 0
> 9106 6440 254 -608 -61 2
! 15386 21125 200 sims=368184 RUNNER
! 23733 -7200 200 sims=368184 BLOCKER
> 5405 5320 -327 -211 -78 0
> 11115 2502 -46 -2 -106 2
> 10843 1668 -37 25 77 0
> 9506 5696 340 -632 -43 2
! 55404 -81282 0
! -44804 -80401 200
> 5405 5320 -327 -211 -78 0
> 11115 2502 -46 -2 -106 2
> 10843 1668 -37 25 77 0
> 9506 5696 340 -632 -43 2
! 15342 21155 200 sims=343152 RUNNER
! 19202 -11796 0 sims=343152 BLOCKER
> 5078 5109 -277 -179 -60 0
> 11061 2661 -26 197 -124 2
> 10748 1561 -100 -153 77 0
> 9846 5064 289 -537 -61 2
! 79392 -61804 200
! -16502 -93465 200
> 5078 5109 -277 -179 -60 0
> 11061 2661 -26 197 -124 2
> 10748 1561 -100 -153 77 0
> 9846 5064 289 -537 -61 2
! 21049 18704 0 sims=336992 RUNNER
! 19542 -12428 200 sims=336992 BLOCKER
> 4950 4796 -109 -265 -42 0
> 10980 2666 -68 4 -106 2
> 10648 1408 -85 -130 59 0
> 10232 4352 328 -605 -61 2
! 96304 -35877 200
! -44939 -80237 0
> 4950 4796 -109 -265 -42 0
> 10980 2666 -68 4 -106 2
> 10648 1408 -85 -130 59 0
> 10232 4352 328 -605 -61 2
! 15147 20895 200 sims=375008 RUNNER
! 14048 -15281 200 sims=375008 BLOCKER
> 5024 4450 62 -294 -24 0
> 10912 2670 -57 3 -124 2
> 10608 1473 -34 55 77 0
> 10598 3551 311 -681 -79 2
! 104476 -6002 200
! -67889 -58896 200
> 5024 4450 62 -294 -24 0
> 10912 2670 -57 3 -124 2
> 10608 1473 -34 55 77 0
> 10598 3551 311 -681 -79 2
! 20909 18616 0 sims=373840 RUNNER
! 14414 -16082 200 sims=373840 BLOCKER
> 5285 4135 221 -267 -6 0
> 11064 2191 333 -103 -142 2
> 10423 1166 -328 -673 59 0
> 10732 3395 81 -23 -79 2
! 103099 24926 200
! -82905 -32010 200
> 5285 4135 221 -267 -6 0
> 11064 2191 333 -103 -142 2
> 10423 1166 -328 -673 59 0
> 10732 3395 81 -23 -79 2
! 14922 20653 200 sims=407768 RUNNER
! 8295 -16456 0 sims=407768 BLOCKER
> 5702 3910 354 -191 12 0
> 11209 2020 123 -145 -160 2
> 10140 688 -240 -406 77 0
> 10813 3372 68 -19 -97 2
! 103516 24701 200
! -82760 -32181 200
> 5702 3910 354 -191 12 0
> 11209 2020 123 -145 -160 2
> 10140 688 -240 -406 77 0
> 10813 3372 68 -19 -97 2
! 8397 20612 0 sims=396088 RUNNER
! 2361 -14754 0 sims=396088 BLOCKER
> 6252 3761 467 -127 12 0
> 11144 1807 -55 -181 -160 2
> 9900 282 -204 -345 95 0
> 10881 3353 57 -16 -115 2
! 105704 -6691 200
! -82825 -32394 0
> 6252 3761 467 -127 12 0
> 11144 1807 -55 -181 -160 2
> 9900 282 -204 -345 95 0
> 10881 3353 57 -16 -115 2
! 14399 19769 0 sims=343400 RUNNER
! -2759 -11274 0 sims=343400 BLOCKER
> 6918 3613 566 -125 -6 0
> 11089 1626 -46 -153 -160 2
> 9696 -63 -173 -293 77 0
> 10938 3337 48 -13 -133 2
! 104732 24404 200
! -67712 -59940 0
> 6918 3613 566 -125 -6 0
> 11089 1626 -46 -153 -160 2
> 9696 -63 -173 -293 77 0
> 10938 3337 48 -13 -133 2
! 19997 17080 0 sims=373608 RUNNER
! -6554 -6359 0 sims=373608 BLOCKER
> 7680 3530 647 -70 12 0
> 11043 1473 -39 -130 -142 2
> 9523 -356 -147 -249 59 0
> 10986 3324 40 -11 -151 2
! 107132 -6922 200
! -67758 -60093 0
> 7680 3530 647 -70 12 0
> 11043 1473 -39 -130 -142 2
> 9523 -356 -147 -249 59 0
> 10986 3324 40 -11 -151 2
! 14022 19131 200 sims=381688 RUNNER
! -8647 -492 200 sims=381688 BLOCKER
> 8526 3439 719 -77 -6 0
> 11004 1343 -33 -110 -142 2
> 9421 -410 -86 -46 77 0
> 10830 3275 -132 -41 -169 2
! 107978 -7013 200
! -82965 -32858 200
> 8526 3439 719 -77 -6 0
> 11004 1343 -33 -110 -142 2
> 9421 -410 -86 -46 77 0
> 10830 3275 -132 -41 -169 2
! 7678 19514 200 sims=376368 RUNNER
! -9021 5712 200 sims=376368 BLOCKER
> 9444 3341 780 -83 -6 0
> 10783 1165 -187 -151 -160 2
> 9318 -257 -87 130 95 0
> 10499 3258 -280 -14 173 2
! 107258 24132 SHIELD
! -89156 -2324 200
> 9444 3341 780 -83 -6 0
> 10783 1165 -187 -151 -160 2
> 9318 -257 -87 130 95 0
> 10499 3258 -280 -14 173 2
! 1503 18153 200 sims=431304 RUNNER
! -9352 5695 SHIELD sims=431304 BLOCKER
> 9423 3325 -236 4 12 0
> 10396 1007 -328 -134 -178 2
> 9153 57 -140 266 113 0
> 11020 3177 661 -86 173 2
! 107237 24116 0
! -89543 -2482 200
> 9423 3325 -236 4 12 0
> 10396 1007 -328 -134 -178 2
> 9153 57 -140 266 113 0
> 11020 3177 661 -86 173 2
! 7410 19981 0 sims=398144 RUNNER
! -7106 11629 0 sims=398144 BLOCKER
> 9187 3329 -200 3 12 0
> 9868 866 -448 -119 -178 2
> 9013 323 -119 226 95 0
> 11681 3091 561 -73 155 2
! 108639 -7123 0
! -90071 -2623 200
> 9187 3329 -200 3 12 0
> 9868 866 -448 -119 -178 2
> 9013 323 -119 226 95 0
> 11681 3091 561 -73 155 2
! 13512 19810 0 sims=389144 RUNNER
! -6445 11543 0 sims=389144 BLOCKER
> 8987 3332 -170 2 -6 0
> 9578 964 -93 179 -178 2
> 8536 325 -558 -94 77 0
> 12242 3018 476 -62 155 2
! 100341 -37341 0
! -86548 28527 0
> 8987 3332 -170 2 -6 0
> 9578 964 -93 179 -178 2
> 8536 325 -558 -94 77 0
> 12242 3018 476 -62 155 2
! 18837 17468 0 sims=396552 RUNNER
! -2385 16658 0 sims=396552 BLOCKER
> 8817 3334 -144 1 -24 0
> 9485 1143 -79 152 164 2
> 7978 231 -474 -79 59 0
> 12718 2956 404 -52 137 2
! 100171 -37339 200
! -90454 -2346 0
> 8817 3334 -144 1 -24 0
> 9485 1143 -79 152 164 2
> 7978 231 -474 -79 59 0
> 12718 2956 404 -52 137 2
! 23072 13352 0 sims=392640 RUNNER
! -5408 11408 200 sims=392640 BLOCKER
> 8856 3254 32 -68 -24 0
> 9406 1295 -67 129 -178 2
> 7504 152 -402 -67 41 0
> 12941 2989 189 27 155 2
! 108308 -7198 200
! -84563 -32906 0
> 8856 3254 32 -68 -24 0
> 9406 1295 -67 129 -178 2
> 7504 152 -402 -67 41 0
> 12941 2989 189 27 155 2
! 25914 7967 200 sims=395400 RUNNER
! -5185 11441 200 sims=395400 BLOCKER
> 9087 3165 196 -75 -6 0
> 9339 1424 -56 109 -160 2
> 7286 163 -185 9 23 0
> 12949 3101 6 94 155 2
! 108539 -7287 200
! -69462 -60142 0
> 9087 3165 196 -75 -6 0
> 9339 1424 -56 109 -160 2
> 7286 163 -185 9 23 0
> 12949 3101 6 94 155 2
! 27210 1906 200 sims=396456 RUNNER
! -1678 16741 200 sims=396456 BLOCKER
> 9482 3069 335 -81 -6 0
> 9283 1533 -47 92 -142 2
> 7300 189 12 22 5 0
> 12809 3331 -119 195 137 2
! 107296 23860 200
! -46636 -81370 200
> 9482 3069 335 -81 -6 0
> 9283 1533 -47 92 -142 2
> 7300 189 12 22 5 0
> 12809 3331 -119 195 137 2
! 26787 -4310 200 sims=347416 RUNNER
! -5317 11783 200 sims=347416 BLOCKER
> 10013 3030 451 -33 12 0
> 9124 1459 -135 -62 -124 2
> 7507 166 175 -19 -13 0
> 12509 3611 -255 237 155 2
! 96615 53029 0
! -18439 -94667 200
> 10013 3030 451 -33 12 0
> 9124 1459 -135 -62 -124 2
> 7507 166 175 -19 -13 0
> 12509 3611 -255 237 155 2
! 24650 -10135 200 sims=368152 RUNNER
! -5617 12063 200 sims=368152 BLOCKER
> 10464 2997 383 -28 30 0
> 8934 1205 -161 -216 -106 2
> 7853 44 294 -103 -31 0
> 12073 3933 -370 273 155 2
! 77377 77311 0
! 12423 -98734 200
> 10464 2997 383 -28 30 0
> 8934 1205 -161 -216 -106 2
> 7853 44 294 -103 -31 0
> 12073 3933 -370 273 155 2
! 20974 -15050 200 sims=406280 RUNNER
! -2554 17573 0 sims=406280 BLOCKER
> 10847 2969 325 -23 48 1
> 8780 789 -130 -353 -88 2
> 8278 -210 361 -215 -49 0
> 11703 4206 -314 232 137 2
! 51520 94323 0
! 42981 -93180 200
> 10847 2969 325 -23 48 1
> 8780 789 -130 -353 -88 2
> 8278 -210 361 -215 -49 0
> 11703 4206 -314 232 137 2
! 25421 -10511 200 sims=401336 RUNNER
! -6423 12658 0 sims=401336 BLOCKER
> 11172 2946 276 -19 66 1
> 8718 271 -59 -272 -70 2
> 8811 -551 459 -457 -31 0
> 11389 4438 -266 197 155 2
! 21624 102398 0
! 70284 -78530 0
> 11172 2946 276 -19 66 1
> 8718 271 -59 -272 -70 2
> 8811 -551 459 -457 -31 0
> 11389 4438 -266 197 155 2
! 28298 -5050 0 sims=415056 RUNNER
! -3238 18078 0 sims=415056 BLOCKER
> 11448 2927 234 -16 84 1
> 8659 -1 -50 -231 -52 2
> 9270 -1008 390 -388 -13 0
> 11123 4635 -226 167 137 2
! -9343 100741 200
! 91562 -55920 0
> 11448 2927 234 -16 84 1
> 8659 -1 -50 -231 -52 2
> 9270 -1008 390 -388 -13 0
> 11123 4635 -226 167 137 2
! 29194 735 0 sims=410208 RUNNER
! -7003 13087 0 sims=410208 BLOCKER
> 11640 3107 163 152 102 1
> 8609 -232 -42 -196 -34 2
> 9660 -1396 331 -329 5 0
> 10897 4802 -192 141 155 2
! -38359 89709 200
! 104735 -27795 0
> 11640 3107 163 152 102 1
> 8609 -232 -42 -196 -34 2
> 9660 -1396 331 -329 5 0
> 10897 4802 -192 141 155 2
! 28070 6419 0 sims=403584 RUNNER
! -3730 18442 0 sims=403584 BLOCKER
> 11703 3432 53 276 120 1
> 8567 -428 -35 -166 -16 2
> 9991 -1725 281 -279 23 0
> 10705 4943 -163 119 137 2
! -62611 70345 200
! 108506 3061 200
> 11703 3432 53 276 120 1
> 8567 -428 -35 -166 -16 2
> 9991 -1725 281 -279 23 0
> 10705 4943 -163 119 137 2
! 25085 11396 200 sims=384648 RUNNER
! -7421 13395 0 sims=384648 BLOCKER
> 11607 3842 -81 348 138 1
> 8732 -587 140 -135 2 2
> 10423 -1873 367 -125 41 0
> 10542 5062 -138 101 155 2
! -79747 44515 200
! 102701 33615 200
> 11607 3842 -81 348 138 1
> 8732 -587 140 -135 2 2
> 10423 -1873 367 -125 41 0
> 10542 5062 -138 101 155 2
! 20724 15270 200 sims=382608 RUNNER
! -4085 18702 0 sims=382608 BLOCKER
> 11343 4271 -224 364 156 1
> 9060 -654 278 -56 20 2
> 10893 -1827 399 39 59 0
> 10404 5163 -117 85 137 2
! -80011 44944 0
! 87861 60912 200
> 11343 4271 -224 364 156 1
> 9060 -654 278 -56 20 2
> 10893 -1827 399 39 59 0
> 10404 5163 -117 85 137 2
! 15392 17660 200 sims=394672 RUNNER
! -7722 13615 0 sims=394672 BLOCKER
> 11119 4635 -190 309 156 1
> 9496 -587 370 57 38 2
> 11337 -1593 377 198 77 0
> 10287 5248 -99 72 155 2
! -80235 45308 0
! 88297 60979 200
> 11119 4635 -190 309 156 1
> 9496 -587 370 57 38 2
> 11337 -1593 377 198 77 0
> 10287 5248 -99 72 155 2
! 9594 18331 200 sims=379224 RUNNER
! -9564 7685 0 sims=379224 BLOCKER
> 10929 4944 -161 262 156 1
> 10024 -407 448 153 38 2
> 11697 -1196 305 337 95 0
> 10188 5320 -84 61 173 2
! -80425 45617 0
! 103993 33795 200
> 10929 4944 -161 262 156 1
> 10024 -407 448 153 38 2
> 11697 -1196 305 337 95 0
> 10188 5320 -84 61 173 2
! 3882 17214 0 sims=386568 RUNNER
! -9663 7757 SHIELD sims=386568 BLOCKER
> 10973 5111 79 122 156 1
> 10660 -186 540 188 20 2
> 12002 -859 259 286 113 0
> 10084 5390 -93 61 173 2
! -80381 45784 200
! 110599 3303 0
> 10973 5111 79 122 156 1
> 10660 -186 540 188 20 2
> 12002 -859 259 286 113 0
> 10084 5390 -93 61 173 2
! -1119 14235 0 sims=361680 RUNNER
! -8042 13842 0 sims=361680 BLOCKER
> 10869 5314 -88 172 156 1
> 11200 2 459 159 2 2
> 12261 -573 220 243 131 0
> 9991 5451 -79 51 155 2
! -88583 15766 200
! 107326 -27561 0
> 10869 5314 -88 172 156 1
> 11200 2 459 159 2 2
> 12261 -573 220 243 131 0
> 9991 5451 -79 51 155 2
! -4882 9728 0 sims=340632 RUNNER
! -4636 19091 0 sims=340632 BLOCKER
> 10721 5493 -48 144 174 1
> 11659 161 390 135 -16 2
> 12481 -330 187 206 149 0
> 9773 5516 -262 63 137 2
! -80633 46166 200
! 94562 -55758 200
> 10721 5493 -48 144 174 1
> 11659 161 390 135 -16 2
> 12481 -330 187 206 149 0
> 9773 5516 -262 63 137 2
! -7006 4169 200 sims=343096 RUNNER
! 77 23008 0 sims=343096 BLOCKER
> 10490 5718 -196 191 156 1
> 11844 422 44 293 -34 2
> 12844 -316 421 -60 167 0
> 9511 5579 -222 53 119 2
! -88962 16170 200
! 73410 -78379 0
> 10490 5718 -196 191 156 1
> 11844 422 44 293 -34 2
> 12844 -316 421 -60 167 0
> 9511 5579 -222 53 119 2
! -6643 4183 200 sims=355280 RUNNER
! 5695 25212 0 sims=355280 BLOCKER
> 10095 5930 -335 180 174 1
> 11888 715 37 249 -52 2
> 13070 -331 192 -12 167 0
> 9289 5632 -188 45 101 2
! -87719 -14861 200
! 46089 -93254 0
> 10095 5930 -335 180 174 1
> 11888 715 37 249 -52 2
> 13070 -331 192 -12 167 0
> 9289 5632 -188 45 101 2
! -4073 9970 0 sims=346952 RUNNER
! 11726 25483 200 sims=346952 BLOCKER
> 9865 6181 -148 231 -168 1
> 11925 964 31 211 -70 2
> 13262 -343 163 -10 149 0
> 8825 5762 -441 93 83 2
! -87949 -14610 200
! 73491 -77837 0
> 9865 6181 -148 231 -168 1
> 11925 964 31 211 -70 2
> 13262 -343 163 -10 149 0
> 8825 5762 -441 93 83 2
! 141 14751 200 sims=365248 RUNNER
! 17277 23888 0 sims=365248 BLOCKER
> 9521 6370 -292 161 -168 1
> 11956 1175 26 179 -52 2
> 13294 -202 27 119 131 0
> 8384 5855 -374 79 65 2
! -88293 -14421 200
! 73522 -77626 0
> 9521 6370 -292 161 -168 1
> 11956 1175 26 179 -52 2
> 13294 -202 27 119 131 0
> 8384 5855 -374 79 65 2
! 5479 18208 0 sims=360360 RUNNER
! 22024 20482 200 sims=360360 BLOCKER
> 9033 6489 -414 101 -168 1
> 11982 1354 22 152 -52 2
> 13321 -83 22 101 113 0
> 8146 6080 -201 191 47 2
! -77569 -43510 SHIELD
! 94885 -54565 0
> 9033 6489 -414 101 -168 1
> 11982 1354 22 152 -52 2
> 13321 -83 22 101 113 0
> 8146 6080 -201 191 47 2
! 11578 19841 200 sims=309336 RUNNER
! 21786 20707 SHIELD sims=309336 BLOCKER
> 8668 6613 -174 169 -150 1
> 12004 1506 18 129 -34 2
> 13326 217 3 255 95 0
> 7896 6248 -348 78 47 2
! -77934 -43386 0
! 108130 -26057 0
> 8668 6613 -174 169 -150 1
> 12004 1506 18 129 -34 2
> 13326 217 3 255 95 0
> 7896 6248 -348 78 47 2
! 5511 18627 0 sims=343056 RUNNER
! 25388 15944 0 sims=343056 BLOCKER
> 8494 6782 -147 143 -150 1
> 12022 1635 15 109 -16 2
> 13329 472 2 216 113 0
> 7548 6326 -295 66 29 2
! -89320 -14009 200
! 111961 5124 0
> 8494 6782 -147 143 -150 1
> 12022 1635 15 109 -16 2
> 13329 472 2 216 113 0
> 7548 6326 -295 66 29 2
! 208 15566 200 sims=364504 RUNNER
! 27181 10142 0 sims=364504 BLOCKER
> 8347 6925 -124 121 -168 1
> 12037 1744 12 92 2 2
> 13200 839 -109 311 131 0
> 7253 6392 -250 56 11 2
! -78255 -43074 0
! 108163 -25819 0
> 8347 6925 -124 121 -168 1
> 12037 1744 12 92 2 2
> 13200 839 -109 311 131 0
> 7253 6392 -250 56 11 2
! -3943 11140 200 sims=338672 RUNNER
! 26886 10208 0 sims=338672 BLOCKER
> 8223 7046 -105 102 -150 1
> 12049 1836 10 78 -16 2
> 12920 1253 -238 351 149 0
> 7003 6448 -212 47 11 2
! -58690 -67268 200
! 111988 5325 SHIELD
> 8223 7046 -105 102 -150 1
> 12049 1836 10 78 -16 2
> 12920 1253 -238 351 149 0
> 7003 6448 -212 47 11 2
! -4223 11554 SHIELD sims=364848 RUNNER
! 26854 4011 0 sims=364848 BLOCKER
> 7984 6999 -203 -39 -132 2
> 11967 1965 -250 212 2 2
> 12774 1553 57 152 149 0
> 6791 6495 -180 39 -7 2
! -58929 -67315 0
! 111906 5454 0
> 7984 6999 -203 -39 -132 2
> 11967 1965 -250 212 2 2
> 12774 1553 57 152 149 0
> 6791 6495 -180 39 -7 2
! -6713 6052 0 sims=336064 RUNNER
! 26642 4058 200 sims=336064 BLOCKER
> 7781 6960 -172 -33 -132 2
> 11717 2177 -212 180 2 2
> 12831 1705 48 129 167 0
> 6810 6510 15 12 -7 2
! -59132 -67354 200
! 111656 5666 0
> 7781 6960 -172 -33 -132 2
> 11717 2177 -212 180 2 2
> 12831 1705 48 129 167 0
> 6810 6510 15 12 -7 2
! -6656 6204 0 sims=361928 RUNNER
! 26443 10326 200 sims=361928 BLOCKER
> 7744 6904 176 49 -132 2
> 11505 2357 -180 153 2 2
> 12879 1834 40 109 167 0
> 6753 6434 -256 -161 11 2
! -78858 -43095 0
! 107631 -25206 0
> 7744 6904 176 49 -132 2
> 11505 2357 -180 153 2 2
> 12879 1834 40 109 167 0
> 6753 6434 -256 -161 11 2
! -6608 6333 0 sims=367768 RUNNER
! 26386 10250 200 sims=367768 BLOCKER
> 7920 6953 149 41 -150 2
> 11325 2510 -153 130 -16 2
> 12919 1943 34 92 167 0
> 6693 6311 -50 -104 11 2
! -58993 -67361 200
! 107451 -25053 200
> 7920 6953 149 41 -150 2
> 11325 2510 -153 130 -16 2
> 12919 1943 34 92 167 0
> 6693 6311 -50 -104 11 2
! -6568 6442 200 sims=353264 RUNNER
! 24185 16007 0 sims=353264 BLOCKER
> 7935 6845 12 -91 -132 2
> 11364 2585 33 63 -16 2
> 12758 2080 -136 116 167 0
> 6643 6207 -42 -88 29 2
! -78667 -43154 0
! 107490 -24978 200
> 7935 6845 12 -91 -132 2
> 11364 2585 33 63 -16 2
> 12758 2080 -136 116 167 0
> 6643 6207 -42 -88 29 2
! -6729 6579 200 sims=341536 RUNNER
! 26276 10023 200 sims=341536 BLOCKER
> 7947 6754 10 -77 -150 2
> 11589 2593 191 6 -16 2
> 12427 2241 -281 136 167 0
> 6797 6157 131 -42 11 2
! -89867 -14037 200
! 107715 -24970 SHIELD
> 7947 6754 10 -77 -150 2
> 11589 2593 191 6 -16 2
> 12427 2241 -281 136 167 0
> 6797 6157 131 -42 11 2
! -7060 6740 SHIELD sims=382464 RUNNER
! 24289 15853 0 sims=382464 BLOCKER
> 7761 6635 -157 -100 -168 2
> 11436 2751 -214 171 -16 2
> 12490 2225 137 -50 167 0
> 6928 6115 111 -35 29 2
! -78841 -43364 0
! 107562 -24812 0
> 7761 6635 -157 -100 -168 2
> 11436 2751 -214 171 -16 2
> 12490 2225 137 -50 167 0
> 6928 6115 111 -35 29 2
! -4653 12526 0 sims=355536 RUNNER
! 24420 15811 SHIELD sims=355536 BLOCKER
> 7714 6616 183 148 -150 2
> 11222 2922 -181 145 -16 2
> 12627 2175 116 -42 149 0
> 7028 6072 62 -53 29 2
! -90100 -14175 200
! 107348 -24641 0
> 7714 6616 183 148 -150 2
> 11222 2922 -181 145 -16 2
> 12627 2175 116 -42 149 0
> 7028 6072 62 -53 29 2
! -4516 12476 0 sims=393464 RUNNER
! 20668 20699 0 sims=393464 BLOCKER
> 7701 6722 -10 90 -168 2
> 11041 3067 -153 123 -16 2
> 12743 2133 98 -35 149 0
> 7090 6019 52 -45 47 2
! -78901 -43277 200
! 93944 -52852 0
> 7701 6722 -10 90 -168 2
> 11041 3067 -153 123 -16 2
> 12743 2133 98 -35 149 0
> 7090 6019 52 -45 47 2
! -4400 12434 0 sims=416872 RUNNER
! 15542 24145 0 sims=416872 BLOCKER
> 7518 6712 -155 -8 -150 2
> 10888 3190 -130 104 -34 2
> 12841 2098 83 -29 149 0
> 7142 5974 44 -38 65 2
! -59395 -67602 200
! 93791 -52729 200
> 7518 6712 -155 -8 -150 2
> 10888 3190 -130 104 -34 2
> 12841 2098 83 -29 149 0
> 7142 5974 44 -38 65 2
! -4302 12399 200 sims=341448 RUNNER
! 9579 25825 0 sims=341448 BLOCKER
> 7323 6755 -156 58 -132 2
> 10924 3182 30 -6 -34 2
> 12753 2172 -75 62 149 0
> 7093 5736 -52 -223 83 2
! -59590 -67559 200
! 93827 -52737 200
> 7323 6755 -156 58 -132 2
> 10924 3182 30 -6 -34 2
> 12753 2172 -75 62 149 0
> 7093 5736 -52 -223 83 2
! -4390 12473 200 sims=282136 RUNNER
! 3277 25369 200 sims=282136 BLOCKER
> 7033 6664 -246 -77 -132 2
> 11120 3064 166 -100 -34 2
> 12507 2337 -209 140 149 0
> 7003 5709 -76 -22 101 2
! -33640 -84690 0
! 107246 -24499 200
> 7033 6664 -246 -77 -132 2
> 11120 3064 166 -100 -34 2
> 12507 2337 -209 140 149 0
> 7003 5709 -76 -22 101 2
! -4636 12638 200 sims=315912 RUNNER
! -2693 23201 200 sims=315912 BLOCKER
> 6785 6663 -213 133 -114 2
> 11413 2942 -330 192 -16 2
> 12192 2547 311 -117 149 0
> 6832 5786 -142 -68 119 2
! -3667 -92789 0
! 107539 -24621 200
> 6785 6663 -213 133 -114 2
> 11413 2942 -330 192 -16 2
> 12192 2547 311 -117 149 0
> 6832 5786 -142 -68 119 2
! -7295 7046 200 sims=323936 RUNNER
! 3016 25419 200 sims=323936 BLOCKER
> 6572 6796 -181 113 -96 2
> 11275 3079 -117 116 -16 2
> 12308 2475 98 -61 167 0
> 6652 5914 -153 109 101 2
! 27363 -91018 0
! 94178 -52840 200
> 6572 6796 -181 113 -96 2
> 11275 3079 -117 116 -16 2
> 12308 2475 98 -61 167 0
> 6652 5914 -153 109 101 2
! -4835 12776 200 sims=331992 RUNNER
! 2836 25547 200 sims=331992 BLOCKER
> 6380 7028 -171 279 -78 2
> 11324 3083 41 3 -34 2
> 12235 2517 -62 35 149 0
> 6472 6100 -145 76 101 2
! 27171 -90786 200
! 72890 -75718 200
> 6380 7028 -171 279 -78 2
> 11324 3083 41 3 -34 2
> 12235 2517 -62 35 149 0
> 6472 6100 -145 76 101 2
! -4908 12818 200 sims=326904 RUNNER
! 2656 25733 200 sims=326904 BLOCKER
> 6246 7179 -122 254 -78 2
> 11299 3039 -220 79 -52 2
> 12190 2545 161 -93 149 0
> 6293 6305 -143 48 101 2
! 27037 -90635 200
! 94202 -52880 200
> 6246 7179 -122 254 -78 2
> 11299 3039 -220 79 -52 2
> 12190 2545 161 -93 149 0
> 6293 6305 -143 48 101 2
! -4953 12846 200 sims=332552 RUNNER
! 8730 26156 200 sims=332552 BLOCKER
> 6160 7367 -75 232 -78 2
> 11245 3006 -46 -27 -34 2
> 12180 2555 -8 8 149 0
> 6180 6422 -93 27 83 2
! -4292 -92085 200
! 107371 -24557 200
> 6160 7367 -75 232 -78 2
> 11245 3006 -46 -27 -34 2
> 12180 2555 -8 8 149 0
> 6180 6422 -93 27 83 2
! -7307 7054 200 sims=328040 RUNNER
! 8617 26273 200 sims=328040 BLOCKER
