@ 0 YurkovAS
@ 1 reCurse
CP 4
CP 11178 5435
CP 7275 6672
CP 5445 2841
CP 10312 3364
> 11329 5912 0 0 -1 1
> 11027 4958 0 0 -1 1
> 11631 6865 0 0 -1 1
> 10725 4005 0 0 -1 1
! -6491 14992 BOOST sims=3005888 RUNNER
! -4067 18079 BOOST sims=3005888 BLOCKER
> 11329 5912 0 0 -1 1
> 11027 4958 0 0 -1 1
> 11631 6865 0 0 -1 1
> 10725 4005 0 0 -1 1
! -84749 33526 200
! -45619 86620 200
> 10750 6207 -492 250 153 1
> 10536 5384 -416 362 139 1
> 11438 6918 -163 45 165 1
> 10612 4170 -95 140 124 1
! -7070 15287 200 sims=362056 RUNNER
! -4558 18505 SHIELD sims=362056 BLOCKER
> 10750 6207 -492 250 153 1
> 10536 5384 -416 362 139 1
> 11438 6918 -163 45 165 1
> 10612 4170 -95 140 124 1
! -88424 1684 200
! -68189 65736 200
> 10080 6548 -569 289 153 1
> 10120 5746 -353 307 139 1
> 11075 6954 -308 30 183 1
> 10359 4433 -214 223 142 1
! -9674 9677 0 sims=362376 RUNNER
! -181 22889 0 sims=362376 BLOCKER
> 10080 6548 -569 289 153 1
> 10120 5746 -353 307 139 1
> 11075 6954 -308 30 183 1
> 10359 4433 -214 223 142 1
! -82283 -28882 200
! -83610 38635 200
> 9511 6837 -483 245 171 1
> 9767 6053 -300 260 121 1
> 10580 6914 -420 -34 201 1
> 9957 4724 -341 247 160 1
! -10243 3708 0 sims=326088 RUNNER
! 5268 25540 0 sims=326088 BLOCKER
> 9511 6837 -483 245 171 1
> 9767 6053 -300 260 121 1
> 10580 6914 -420 -34 201 1
> 9957 4724 -341 247 160 1
! -82778 -28922 0
! -68844 66290 200
> 9028 7082 -410 208 189 1
> 9467 6313 -255 221 103 1
> 10160 6880 -357 -28 -159 1
> 9458 5094 -423 314 142 1
! -8792 -1998 200 sims=382512 RUNNER
! 4968 25800 SHIELD sims=382512 BLOCKER
> 9028 7082 -410 208 189 1
> 9467 6313 -255 221 103 1
> 10160 6880 -357 -28 -159 1
> 9458 5094 -423 314 142 1
! -83198 -28956 SHIELD
! -46461 87997 200
> 8440 7199 -499 99 207 1
> 9103 6456 -374 75 103 1
> 9912 6930 -145 88 -159 1
> 8923 5574 -454 407 124 1
! -5702 -6943 200 sims=345264 RUNNER
! 4604 25943 SHIELD sims=345264 BLOCKER
> 8440 7199 -499 99 207 1
> 9103 6456 -374 75 103 1
> 9912 6930 -145 88 -159 1
> 8923 5574 -454 407 124 1
! -89950 1696 0
! -69878 67140 200
> 7800 7157 -544 -36 225 1
> 8744 6577 -300 117 103 1
> 9767 7018 -123 74 -177 1
> 8164 5642 -689 -82 142 1
! -6342 -6985 200 sims=394440 RUNNER
! -1557 23720 0 sims=394440 BLOCKER
> 7800 7157 -544 -36 225 1
> 8744 6577 -300 117 103 1
> 9767 7018 -123 74 -177 1
> 8164 5642 -689 -82 142 1
! -86825 32899 200
! -47755 88545 0
> 7115 6980 -582 -150 -135 2
> 8444 6694 -255 99 121 1
> 9644 7092 -104 62 165 1
> 7475 5560 -585 -69 124 1
! -10705 -2100 200 sims=373272 RUNNER
! -6650 19815 0 sims=373272 BLOCKER
> 7115 6980 -582 -150 -135 2
> 8444 6694 -255 99 121 1
> 9644 7092 -104 62 165 1
> 7475 5560 -585 -69 124 1
! -90218 1858 0
! -71326 67126 0
> 6355 6739 -646 -204 -153 2
> 8189 6793 -216 84 139 1
> 9540 7154 -88 52 -177 1
> 6890 5491 -497 -58 142 1
! -7787 -7403 200 sims=397864 RUNNER
! -10221 14608 0 sims=397864 BLOCKER
> 6355 6739 -646 -204 -153 2
> 8189 6793 -216 84 139 1
> 9540 7154 -88 52 -177 1
> 6890 5491 -497 -58 142 1
! -83818 -28682 200
! -87079 39693 0
> 5568 6394 -669 -293 -135 2
> 7973 6877 -183 71 157 1
> 9265 7134 -233 -16 -159 1
> 6393 5433 -422 -49 160 1
! -3512 -11426 200 sims=397560 RUNNER
! -11951 8620 0 sims=397560 BLOCKER
> 5568 6394 -669 -293 -135 2
> 7973 6877 -183 71 157 1
> 9265 7134 -233 -16 -159 1
> 6393 5433 -422 -49 160 1
! -84093 -28702 0
! -93546 8923 0
> 4808 5923 -645 -400 -117 2
> 7790 6948 -155 60 175 2
> 9032 7118 -198 -13 -159 1
> 5971 5384 -358 -41 178 1
! 1679 -13831 0 sims=407352 RUNNER
! -11697 2449 0 sims=407352 BLOCKER
> 4808 5923 -645 -400 -117 2
> 7790 6948 -155 60 175 2
> 9032 7118 -198 -13 -159 1
> 5971 5384 -358 -41 178 1
! -68682 -55813 200
! -90155 -22179 0
> 4163 5523 -548 -340 -99 2
> 7635 7008 -131 51 193 2
> 8679 6979 -300 -118 -141 1
> 5613 5343 -304 -34 -164 1
! 7292 -14231 0 sims=433904 RUNNER
! -9508 -3293 0 sims=433904 BLOCKER
> 4163 5523 -548 -340 -99 2
> 7635 7008 -131 51 193 2
> 8679 6979 -300 -118 -141 1
> 5613 5343 -304 -34 -164 1
! -45784 -76888 200
! -77290 -50576 0
> 3615 5183 -465 -289 -81 2
> 7504 7059 -111 43 211 2
> 8270 6693 -347 -242 -123 1
> 5309 5309 -258 -28 -146 1
! 12695 -12637 200 sims=401576 RUNNER
! -5617 -8035 0 sims=401576 BLOCKER
> 3615 5183 -465 -289 -81 2
> 7504 7059 -111 43 211 2
> 8270 6693 -347 -242 -123 1
> 5309 5309 -258 -28 -146 1
! -69444 -56238 200
! -56257 -73492 200
> 3241 4716 -318 -397 -63 2
> 7393 7102 -94 36 229 2
> 7768 6325 -427 -312 -141 1
> 4928 5123 -323 -157 -128 1
! 17383 -9426 200 sims=419656 RUNNER
! -422 -11308 0 sims=419656 BLOCKER
> 3241 4716 -318 -397 -63 2
> 7393 7102 -94 36 229 2
> 7768 6325 -427 -312 -141 1
> 4928 5123 -323 -157 -128 1
! -46695 -77542 200
! -29274 -88846 200
> 3064 4178 -150 -457 -45 2
> 7299 7138 -79 30 -113 2
> 7232 5845 -455 -407 -123 2
> 4537 4778 -332 -293 -110 1
! 20884 -4902 200 sims=416056 RUNNER
! 5556 -12786 200 sims=416056 BLOCKER
> 3064 4178 -150 -457 -45 2
> 7299 7138 -79 30 -113 2
> 7232 5845 -455 -407 -123 2
> 4537 4778 -332 -293 -110 1
! -18650 -90747 200
! -29665 -89191 200
> 3092 3630 23 -465 -27 2
> 7203 6969 -81 -143 -95 2
> 6725 5245 -430 -510 -105 2
> 4137 4297 -340 -408 -110 1
! 22846 501 200 sims=412872 RUNNER
! 11702 -12518 200 sims=412872 BLOCKER
> 3092 3630 23 -465 -27 2
> 7203 6969 -81 -143 -95 2
> 6725 5245 -430 -510 -105 2
> 4137 4297 -340 -408 -110 1
! -19156 -91347 200
! -30065 -89672 200
> 3244 3060 -101 -733 -9 2
> 7167 6631 -30 -287 -77 2
> 6243 4542 -409 -597 -105 2
> 3797 3775 -58 -194 -110 1
! 22998 6189 200 sims=431032 RUNNER
! 17468 -10512 200 sims=431032 BLOCKER
> 3244 3060 -101 -733 -9 2
> 7167 6631 -30 -287 -77 2
> 6243 4542 -409 -597 -105 2
> 3797 3775 -58 -194 -110 1
! 11476 -95320 0
! 306 -96164 0
> 3341 2358 82 -596 9 2
> 7240 6173 62 -389 -59 2
> 5834 3945 -347 -507 -87 2
> 3739 3581 -49 -164 -92 1
! 23095 -771 200 sims=390504 RUNNER
! 22334 -6948 0 sims=390504 BLOCKER
> 3341 2358 82 -596 9 2
> 7240 6173 62 -389 -59 2
> 5834 3945 -347 -507 -87 2
> 3739 3581 -49 -164 -92 1
! 41670 -89413 0
! 31302 -92545 0
> 3621 1731 237 -533 -9 2
> 7302 5784 52 -330 -41 2
> 5487 3438 -294 -430 -69 3
> 3690 3417 -41 -139 -74 1
! 23375 4860 0 sims=426208 RUNNER
! 25712 -2031 0 sims=426208 BLOCKER
> 3621 1731 237 -533 -9 2
> 7302 5784 52 -330 -41 2
> 5487 3438 -294 -430 -69 3
> 3690 3417 -41 -139 -74 1
! 68418 -74276 0
! 59609 -79486 0
> 3858 1198 201 -453 9 2
> 7354 5454 44 -280 -23 2
> 5193 3008 -249 -365 -51 3
> 3649 3278 -34 -118 -56 1
! 21678 10278 0 sims=429304 RUNNER
! 27278 3711 0 sims=429304 BLOCKER
> 3858 1198 201 -453 9 2
> 7354 5454 44 -280 -23 2
> 5193 3008 -249 -365 -51 3
> 3649 3278 -34 -118 -56 1
! 89060 -51455 0
! 82450 -58288 0
> 4059 745 170 -385 27 2
> 7398 5174 37 -238 -5 2
> 4944 2643 -211 -310 -33 3
> 3615 3160 -28 -100 -38 1
! 18201 14887 200 sims=422624 RUNNER
! 25808 -2641 0 sims=422624 BLOCKER
> 4059 745 170 -385 27 2
> 7398 5174 37 -238 -5 2
> 4944 2643 -211 -310 -33 3
> 3615 3160 -28 -100 -38 1
! 101536 -23239 200
! 97584 -31042 0
> 4370 501 264 -207 45 2
> 7435 4936 31 -202 -23 2
> 4926 2281 -15 -307 -15 3
> 3587 3060 -23 -85 -20 1
! 13450 18321 200 sims=405392 RUNNER
! 27359 3193 0 sims=405392 BLOCKER
> 4370 501 264 -207 45 2
> 7435 4936 31 -202 -23 2
> 4926 2281 -15 -307 -15 3
> 3587 3060 -23 -85 -20 1
! 104788 7514 0
! 82388 -58506 200
> 4725 472 301 -24 63 2
> 7466 4734 26 -171 -5 2
> 4911 1974 -12 -260 3 3
> 3722 2852 114 -176 -38 1
! 7854 20226 200 sims=370720 RUNNER
! 25876 -3081 0 sims=370720 BLOCKER
> 4725 472 301 -24 63 2
> 7466 4734 26 -171 -5 2
> 4911 1974 -12 -260 3 3
> 3722 2852 114 -176 -38 1
! 98269 37810 200
! 97691 -31350 0
> 5057 646 282 147 81 2
> 7492 4563 22 -145 -23 2
> 5086 1786 148 -160 21 3
> 3836 2676 96 -149 -20 1
! 1928 20400 0 sims=353216 RUNNER
! 22586 -8558 0 sims=353216 BLOCKER
> 5057 646 282 147 81 2
> 7492 4563 22 -145 -23 2
> 5086 1786 148 -160 21 3
> 3836 2676 96 -149 -20 1
! 104948 7019 BOOST
! 103775 -814 0
> 5339 793 239 124 99 2
> 7514 4418 18 -123 -41 2
> 5883 1660 677 -107 3 3
> 3932 2527 81 -126 -2 1
! -3741 18613 200 sims=396136 RUNNER
! 25924 -3397 200 sims=396136 BLOCKER
> 5339 793 239 124 99 2
> 7514 4418 18 -123 -41 2
> 5883 1660 677 -107 3 3
> 3932 2527 81 -126 -2 1
! 99241 37496 200
! 103871 -963 200
> 5487 1095 125 256 117 2
> 7716 4217 171 -170 -23 2
> 6747 1625 734 -30 21 3
> 4213 2394 238 -113 -2 1
! -8655 15237 200 sims=390768 RUNNER
! 22810 -8904 200 sims=390768 BLOCKER
> 5487 1095 125 256 117 2
> 7716 4217 171 -170 -23 2
> 6747 1625 734 -30 21 3
> 4213 2394 238 -113 -2 1
! 84461 64557 0
! 104152 -1096 200
> 5471 1492 -13 337 135 2
> 8038 3916 273 -256 -41 2
> 7481 1595 623 -25 39 3
> 4651 2274 372 -101 -2 1
! -8671 15634 SHIELD sims=407056 RUNNER
! 18339 -13227 200 sims=407056 BLOCKER
> 5471 1492 -13 337 135 2
> 8038 3916 273 -256 -41 2
> 7481 1595 623 -25 39 3
> 4651 2274 372 -101 -2 1
! 61944 85462 200
! 98620 -31928 SHIELD
> 5642 1666 357 -39 135 2
> 8414 3489 319 -363 -59 2
> 8213 1738 622 121 57 3
> 4839 2336 -51 240 -20 1
! -12178 10746 0 sims=417696 RUNNER
! 12913 -15998 200 sims=417696 BLOCKER
> 5642 1666 357 -39 135 2
> 8414 3489 319 -363 -59 2
> 8213 1738 622 121 57 3
> 4839 2336 -51 240 -20 1
! 34094 98330 200
! 98808 -31866 0
> 5999 1627 303 -33 153 2
> 8778 2931 309 -474 -77 2
> 8887 2052 572 267 75 3
> 4788 2576 -43 204 -20 1
! -8143 15769 0 sims=415920 RUNNER
! 13277 -16556 SHIELD sims=415920 BLOCKER
> 5999 1627 303 -33 153 2
> 8778 2931 309 -474 -77 2
> 8887 2052 572 267 75 3
> 4788 2576 -43 204 -20 1
! 3653 101914 SHIELD
! 83589 -58990 0
> 6302 1594 257 -28 135 2
> 8981 3046 159 168 -77 2
> 9565 1730 588 -344 93 3
> 4745 2780 -36 173 -38 1
! -11518 10674 0 sims=428096 RUNNER
! 19282 -14097 0 sims=428096 BLOCKER
> 6302 1594 257 -28 135 2
> 8981 3046 159 168 -77 2
> 9565 1730 588 -344 93 3
> 4745 2780 -36 173 -38 1
! 35446 98322 0
! 83545 -58786 0
> 6559 1566 218 -23 153 2
> 9140 3214 135 142 -59 2
> 10153 1386 499 -292 75 3
> 4709 2953 -30 147 -38 1
! -7583 15708 200 sims=417832 RUNNER
! 24234 -9907 0 sims=417832 BLOCKER
> 6559 1566 218 -23 153 2
> 9140 3214 135 142 -59 2
> 10153 1386 499 -292 75 3
> 4709 2953 -30 147 -38 1
! 36034 97978 0
! 83509 -58613 200
> 6636 1684 65 100 135 2
> 9275 3356 114 120 -41 2
> 10652 1094 424 -248 75 3
> 4837 2977 108 20 -38 1
! -11184 10764 200 sims=413448 RUNNER
! 24369 -9765 0 sims=413448 BLOCKER
> 6636 1684 65 100 135 2
> 9275 3356 114 120 -41 2
> 10652 1094 424 -248 75 3
> 4837 2977 108 20 -38 1
! 36533 97686 0
! 83637 -58589 200
> 6523 1875 -96 162 153 2
> 9389 3476 96 102 -41 2
> 11076 846 360 -210 75 3
> 5103 2874 225 -87 -38 1
! -11297 10955 200 sims=395768 RUNNER
! 27799 -4339 0 sims=395768 BLOCKER
> 6523 1875 -96 162 153 2
> 9389 3476 96 102 -41 2
> 11076 846 360 -210 75 3
> 5103 2874 225 -87 -38 1
! 5842 100708 200
! 83903 -58692 200
> 6249 2128 -233 214 153 2
> 9485 3578 81 86 -23 2
> 11426 836 297 -8 93 3
> 5486 2664 325 -178 -38 1
! -11571 11208 SHIELD sims=417928 RUNNER
! 24579 -9543 200 sims=417928 BLOCKER
> 6249 2128 -233 214 153 2
> 9485 3578 81 86 -23 2
> 11426 836 297 -8 93 3
> 5486 2664 325 -178 -38 1
! -24410 94194 200
! 84286 -58902 SHIELD
> 6466 2026 276 -151 153 2
> 9717 3533 197 -38 -41 2
> 11651 1015 191 151 111 3
> 5361 2802 -198 181 -38 1
! -7676 16168 0 sims=424688 RUNNER
! 24811 -9588 200 sims=424688 BLOCKER
> 6466 2026 276 -151 153 2
> 9717 3533 197 -38 -41 2
> 11651 1015 191 151 111 3
> 5361 2802 -198 181 -38 1
! -51280 78729 200
! 99330 -31400 0
> 6742 1875 234 -128 135 2
> 10065 3364 295 -143 -41 2
> 11716 1321 55 260 129 3
> 5163 2983 -168 153 -20 1
! -11078 10955 0 sims=416832 RUNNER
! 20366 -13779 200 sims=416832 BLOCKER
> 6742 1875 234 -128 135 2
> 10065 3364 295 -143 -41 2
> 11716 1321 55 260 129 3
> 5163 2983 -168 153 -20 1
! -72151 55784 200
! 99132 -31219 0
> 6976 1747 198 -108 153 2
> 10463 3050 338 -267 -59 2
> 11603 1690 -95 313 147 3
> 4995 3136 -142 130 -20 1
! -7166 15889 0 sims=401800 RUNNER
! 25557 -10071 0 sims=401800 BLOCKER
> 6976 1747 198 -108 153 2
> 10463 3050 338 -267 -59 2
> 11603 1690 -95 313 147 3
> 4995 3136 -142 130 -20 1
! -51329 79404 0
! 83796 -58430 0
> 7174 1639 168 -91 135 2
> 10801 2783 287 -226 -41 2
> 11508 2003 -80 266 129 3
> 4853 3266 -120 110 -38 1
! -10646 10719 200 sims=424256 RUNNER
! 25895 -10338 SHIELD sims=424256 BLOCKER
> 7174 1639 168 -91 135 2
> 10801 2783 287 -226 -41 2
> 11508 2003 -80 266 129 3
> 4853 3266 -120 110 -38 1
! -51423 79717 0
! 83653 -58300 200
> 7164 1639 -8 0 153 2
> 11043 2604 178 -124 -41 2
> 11878 1802 584 -451 129 3
> 4891 3253 31 -11 -38 1
! -6978 15781 200 sims=439168 RUNNER
! 29453 -5211 0 sims=439168 BLOCKER
> 7164 1639 -8 0 153 2
> 11043 2604 178 -124 -41 2
> 11878 1802 584 -451 129 3
> 4891 3253 31 -11 -38 1
! -71989 56265 200
! 83691 -58313 200
> 7015 1780 -127 120 135 2
> 11221 2480 151 -105 -23 2
> 12294 1460 353 -290 147 3
> 5080 3119 160 -114 -38 1
! -10805 10860 200 sims=403240 RUNNER
! 26315 -10641 0 sims=403240 BLOCKER
> 7015 1780 -127 120 135 2
> 11221 2480 151 -105 -23 2
> 12294 1460 353 -290 147 3
> 5080 3119 160 -114 -38 1
! -84298 27341 200
! 83880 -58447 200
> 6710 1991 -259 179 153 2
> 11372 2375 128 -89 -41 2
> 12454 1222 135 -202 165 3
> 5398 2882 269 -201 -38 1
! -7432 16133 200 sims=389848 RUNNER
! 21673 -14768 0 sims=389848 BLOCKER
> 6710 1991 -259 179 153 2
> 11372 2375 128 -89 -41 2
> 12454 1222 135 -202 165 3
> 5398 2882 269 -201 -38 1
! -87408 -4011 200
! 84198 -58684 0
> 6360 2282 275 -90 135 2
> 11500 2286 108 -75 -59 2
> 12389 1010 -55 -180 -177 3
> 5616 2711 -387 192 -38 1
! -11460 11362 200 sims=392536 RUNNER
! 15999 -17201 200 sims=392536 BLOCKER
> 6360 2282 275 -90 135 2
> 11500 2286 108 -75 -59 2
> 12389 1010 -55 -180 -177 3
> 5616 2711 -387 192 -38 1
! -84203 26891 200
! 84416 -58855 200
> 6457 2283 82 0 153 2
> 11653 2016 130 -229 -77 2
> 12141 882 -210 -109 165 3
> 5387 2780 -194 58 -38 1
! -11363 11363 200 sims=386840 RUNNER
! 9910 -17908 200 sims=386840 BLOCKER
> 6457 2283 82 0 153 2
> 11653 2016 130 -229 -77 2
> 12141 882 -210 -109 165 3
> 5387 2780 -194 58 -38 1
! -71726 55345 200
! 99356 -31422 200
> 6361 2374 -81 77 153 2
> 11753 1687 44 45 -95 2
> 11776 783 -270 -409 147 3
> 5381 2770 -5 -8 -20 1
! -11459 11454 200 sims=390968 RUNNER
! 3938 -16723 0 sims=390968 BLOCKER
> 6361 2374 -81 77 153 2
> 11753 1687 44 45 -95 2
> 11776 783 -270 -409 147 3
> 5381 2770 -5 -8 -20 1
! -51156 78497 200
! 99350 -31432 200
> 6330 2460 178 0 153 2
> 11797 1732 37 38 -113 2
> 11380 529 -336 -215 129 3
> 5336 2776 -243 78 -20 1
! -13424 5589 200 sims=382840 RUNNER
! -1324 -13362 200 sims=382840 BLOCKER
> 6330 2460 178 0 153 2
> 11797 1732 37 38 -113 2
> 11380 529 -336 -215 129 3
> 5336 2776 -243 78 -20 1
! -24456 93887 200
! 105275 -714 200
> 6310 2491 -16 26 171 2
> 11703 1619 -80 -96 -131 2
> 10972 501 -346 -24 111 3
> 5293 2847 -36 60 -2 1
! -13444 5620 200 sims=350856 RUNNER
! -5440 -8682 200 sims=350856 BLOCKER
> 6310 2491 -16 26 171 2
> 11703 1619 -80 -96 -131 2
> 10972 501 -346 -24 111 3
> 5293 2847 -36 60 -2 1
! 5738 100363 200
! 99262 -31355 200
> 6177 2515 103 -69 171 2
> 11452 1420 -213 -169 -149 2
> 10616 677 -302 149 93 3
> 5365 2872 -155 110 -20 1
! -11643 11595 200 sims=382472 RUNNER
! -8035 -3079 200 sims=382472 BLOCKER
> 6177 2515 103 -69 171 2
> 11452 1420 -213 -169 -149 2
> 10616 677 -302 149 93 3
> 5365 2872 -155 110 -20 1
! 36497 97269 200
! 84166 -58694 200
> 6102 2537 -63 18 153 2
> 11141 1252 -54 -43 -167 2
> 10269 973 -505 151 75 3
> 5368 2859 2 -11 -38 1
! -11718 11617 200 sims=375512 RUNNER
! -8783 2995 200 sims=375512 BLOCKER
> 6102 2537 -63 18 153 2
> 11141 1252 -54 -43 -167 2
> 10269 973 -505 151 75 3
> 5368 2859 2 -11 -38 1
! 64732 84840 200
! 99337 -31343 200
> 6290 2457 161 -68 153 2
> 10888 1226 -215 -21 -185 2
> 9873 1292 -336 270 57 3
> 5129 2968 -204 93 -20 1
! -11530 11537 200 sims=371752 RUNNER
! -9036 2969 200 sims=371752 BLOCKER
> 6290 2457 161 -68 153 2
> 10888 1226 -215 -21 -185 2
> 9873 1292 -336 270 57 3
> 5129 2968 -204 93 -20 1
! 87587 64224 200
! 99098 -31234 200
> 6273 2480 -14 19 153 2
> 10474 1222 -352 -3 175 2
> 9692 1688 -153 336 39 3
> 5113 2993 -13 20 -20 1
! -11547 11560 200 sims=329824 RUNNER
! -7936 9037 200 sims=329824 BLOCKER
> 6273 2480 -14 19 153 2
> 10474 1222 -352 -3 175 2
> 9692 1688 -153 336 39 3
> 5113 2993 -13 20 -20 1
! 87406 64620 200
! 99082 -31209 200
> 6081 2590 -163 93 153 2
> 9938 1297 -455 63 157 2
> 9694 2150 2 392 39 3
> 5288 2945 148 -41 -20 1
! -11739 11670 SHIELD sims=361776 RUNNER
! -8472 9112 200 sims=361776 BLOCKER
> 6081 2590 -163 93 153 2
> 9938 1297 -455 63 157 2
> 9694 2150 2 392 39 3
> 5288 2945 148 -41 -20 1
! 64157 86017 200
! 105227 -545 SHIELD
> 6164 2572 123 -38 153 2
> 9299 1438 -543 119 157 2
> 9805 2710 94 475 57 3
> 5190 3015 -136 83 -2 1
! -7978 16714 0 sims=379040 RUNNER
! -5795 14559 200 sims=379040 BLOCKER
> 6164 2572 123 -38 153 2
> 9299 1438 -543 119 157 2
> 9805 2710 94 475 57 3
> 5190 3015 -136 83 -2 1
! 64268 86577 200
! 99159 -31187 0
> 6287 2534 104 -32 135 2
> 8605 1688 -589 212 139 2
> 10008 3353 172 546 57 0
> 5054 3098 -115 70 -20 1
! -7855 16676 0 sims=381568 RUNNER
! -1696 18831 0 sims=381568 BLOCKER
> 6287 2534 104 -32 135 2
> 8605 1688 -589 212 139 2
> 10008 3353 172 546 57 0
> 5054 3098 -115 70 -20 1
! 64471 87220 200
! 104993 -392 0
> 6391 2502 88 -27 135 2
> 8016 1900 -500 180 121 2
> 10289 4067 238 606 57 0
> 4939 3168 -97 59 -2 1
! -11429 11582 0 sims=381240 RUNNER
! 3517 21387 0 sims=381240 BLOCKER
> 6391 2502 88 -27 135 2
> 8016 1900 -500 180 121 2
> 10289 4067 238 606 57 0
> 4939 3168 -97 59 -2 1
! 36170 100659 0
! 98908 -31034 0
> 6479 2475 74 -22 153 2
> 7516 2080 -425 153 103 2
> 10527 4673 202 515 75 0
> 4842 3227 -82 50 -20 1
! -7663 16617 200 sims=373096 RUNNER
! 3017 21567 200 sims=373096 BLOCKER
> 6479 2475 74 -22 153 2
> 7516 2080 -425 153 103 2
> 10527 4673 202 515 75 0
> 4842 3227 -82 50 -20 1
! 5293 104535 0
! 83643 -58339 0
> 6273 2638 -424 216 135 2
> 7184 2384 -32 180 103 2
> 10729 5188 171 437 93 1
> 4760 3277 -69 42 -38 1
! -11547 11718 200 sims=410088 RUNNER
! 8927 22308 200 sims=410088 BLOCKER
> 6273 2638 -424 216 135 2
> 7184 2384 -32 180 103 2
> 10729 5188 171 437 93 1
> 4760 3277 -69 42 -38 1
! -25107 98546 0
! 60679 -79626 200
> 5671 2945 -511 260 153 3
> 7169 2763 -12 322 85 2
> 10900 5625 145 371 111 1
> 4803 3153 36 -105 -56 1
! -12149 12025 SHIELD sims=397096 RUNNER
! 14984 21173 0 sims=397096 BLOCKER
> 5671 2945 -511 260 153 3
> 7169 2763 -12 322 85 2
> 10900 5625 145 371 111 1
> 4803 3153 36 -105 -56 1
! -52031 83339 0
! 83604 -58413 0
> 5252 3187 -342 203 153 3
> 7157 3085 -10 273 67 2
> 11045 5996 123 315 129 1
> 3920 3227 -889 89 -38 1
! -8890 17329 0 sims=448704 RUNNER
! 8900 23009 0 sims=448704 BLOCKER
> 5252 3187 -342 203 153 3
> 7157 3085 -10 273 67 2
> 11045 5996 123 315 129 1
> 3920 3227 -889 89 -38 1
! -72822 60459 0
! 97889 -30975 200
> 4910 3390 -290 172 135 3
> 7147 3358 -8 232 85 2
> 11168 6311 104 267 147 1
> 3219 3248 -595 17 -20 1
! -4170 21210 0 sims=421072 RUNNER
! 14962 21768 200 sims=421072 BLOCKER
> 4910 3390 -290 172 135 3
> 7147 3358 -8 232 85 2
> 11168 6311 104 267 147 1
> 3219 3248 -595 17 -20 1
! -85424 32192 200
! 103158 -242 200
> 4620 3562 -246 146 117 3
> 7217 3774 59 353 67 2
> 11079 6630 -75 270 165 1
> 2824 3258 -335 8 -2 1
! 1491 23316 0 sims=418104 RUNNER
! 15032 22184 200 sims=418104 BLOCKER
> 4620 3562 -246 146 117 3
> 7217 3774 59 353 67 2
> 11079 6630 -75 270 165 1
> 2824 3258 -335 8 -2 1
! -88783 1396 200
! 96793 -30944 200
> 4374 3708 -209 124 99 3
> 7354 4311 116 456 67 2
> 10804 6890 -233 220 183 1
> 2677 3198 -125 -51 -20 1
! 7503 23462 0 sims=417928 RUNNER
! 20475 19405 200 sims=417928 BLOCKER
> 4374 3708 -209 124 99 3
> 7354 4311 116 456 67 2
> 10804 6890 -233 220 183 1
> 2677 3198 -125 -51 -20 1
! -82554 -28946 0
! 102616 -292 200
> 4165 3832 -177 105 81 3
> 7601 4918 210 515 49 2
> 10571 7110 -198 187 -159 1
> 2752 3140 63 -49 -2 1
! 13245 21652 0 sims=400432 RUNNER
! 20722 20012 200 sims=400432 BLOCKER
> 4165 3832 -177 105 81 3
> 7601 4918 210 515 49 2
> 10571 7110 -198 187 -159 1
> 2752 3140 63 -49 -2 1
! -67143 -55821 200
! 98878 30703 200
> 3988 3937 -150 89 63 3
> 7942 5584 290 566 49 2
> 10218 7171 -300 51 -141 1
> 3007 3146 216 5 16 1
! 18130 18079 200 sims=412312 RUNNER
! 25085 15885 200 sims=412312 BLOCKER
> 3988 3937 -150 89 63 3
> 7942 5584 290 566 49 2
> 10218 7171 -300 51 -141 1
> 3007 3146 216 5 16 1
! -44245 -76696 200
! 99133 30709 200
> 3979 4167 -7 195 45 3
> 8403 6253 392 568 31 2
> 9809 7054 -347 -99 -123 1
> 3415 3206 347 51 16 1
! 21799 13247 200 sims=432656 RUNNER
! 25546 16554 SHIELD sims=432656 BLOCKER
> 3979 4167 -7 195 45 3
> 8403 6253 392 568 31 2
> 9809 7054 -347 -99 -123 1
> 3415 3206 347 51 16 1
! -44654 -76813 0
! 99541 30769 200
> 4150 4453 145 242 27 3
> 8774 6815 200 443 31 2
> 9675 7017 1034 305 -123 1
> 3954 3312 458 90 16 1
! 23904 7582 200 sims=454040 RUNNER
! 28261 11314 0 sims=454040 BLOCKER
> 4150 4453 145 242 27 3
> 8774 6815 200 443 31 2
> 9675 7017 1034 305 -123 1
> 3954 3312 458 90 16 1
! -68039 -55914 200
! 86857 59231 0
> 4493 4726 291 232 9 3
> 8974 7258 170 376 13 2
> 10554 7196 746 152 -141 1
> 4412 3402 389 76 34 1
! 24247 1597 200 sims=411656 RUNNER
! 28898 5515 0 sims=411656 BLOCKER
> 4493 4726 291 232 9 3
> 8974 7258 170 376 13 2
> 10554 7196 746 152 -141 1
> 4412 3402 389 76 34 1
! -67160 -55735 200
! 87315 59321 200
> 4982 4927 415 170 -9 3
> 9144 7634 144 319 -5 2
> 11145 7222 501 22 -141 1
> 4967 3590 471 159 34 1
! 22802 -4153 200 sims=391096 RUNNER
! 27554 -181 0 sims=391096 BLOCKER
> 4982 4927 415 170 -9 3
> 9144 7634 144 319 -5 2
> 11145 7222 501 22 -141 1
> 4967 3590 471 159 34 1
! -82213 -28614 200
! 66533 82391 200
> 5575 5006 504 67 -27 3
> 9288 7953 122 271 -23 2
> 11459 7172 267 -42 -159 1
> 5561 3907 505 269 52 1
! 19717 -9136 200 sims=364640 RUNNER
! 24382 -5168 0 sims=364640 BLOCKER
> 5575 5006 504 67 -27 3
> 9288 7953 122 271 -23 2
> 11459 7172 267 -42 -159 1
> 5561 3907 505 269 52 1
! -88403 1938 200
! 67127 82708 200
> 6227 5133 561 361 -45 3
> 9410 8224 103 230 -41 2
> 11526 7120 57 -44 -177 1
> 6183 4132 520 -62 52 1
! 15307 -12687 200 sims=370128 RUNNER
! 19711 -8919 0 sims=370128 BLOCKER
> 6227 5133 561 361 -45 3
> 9410 8224 103 230 -41 2
> 11526 7120 57 -44 -177 1
> 6183 4132 520 -62 52 1
! -81832 -28716 200
! 89086 60051 200
> 6879 5316 554 155 -63 3
> 9513 8454 87 195 -59 2
> 11396 7004 -110 -98 -159 1
> 6869 4182 582 42 34 1
! 10008 -14438 200 sims=367032 RUNNER
! 14012 -11033 200 sims=367032 BLOCKER
> 6879 5316 554 155 -63 3
> 9513 8454 87 195 -59 2
> 11396 7004 -110 -98 -159 1
> 6869 4182 582 42 34 1
! -88466 1770 200
! 68435 82983 0
> 7464 5273 497 -36 -81 3
> 9645 8454 112 0 -77 2
> 11086 6896 -263 -92 -177 1
> 7451 4224 494 35 52 1
! 4335 -14481 200 sims=368352 RUNNER
! 7902 -11470 200 sims=368352 BLOCKER
> 7464 5273 497 -36 -81 3
> 9645 8454 112 0 -77 2
> 11086 6896 -263 -92 -177 1
> 7451 4224 494 35 52 1
! -88776 1662 200
! 41653 98193 0
> 7929 5059 392 29 -99 3
> 9740 8255 80 -169 -95 2
> 10623 6794 -393 -87 -177 1
> 7945 4240 423 -198 70 1
! 11058 -14695 200 sims=363576 RUNNER
! 1925 -10155 200 sims=363576 BLOCKER
> 7929 5059 392 29 -99 3
> 9740 8255 80 -169 -95 2
> 10623 6794 -393 -87 -177 1
> 7945 4240 423 -198 70 1
! -89239 1560 200
! 11434 104179 200
> 8348 5072 356 31 -81 3
> 9742 7902 1 -300 -113 2
> 10030 6697 -503 -82 -177 1
> 8379 4060 369 -172 88 1
! 11477 -14682 200 sims=374400 RUNNER
! 1927 -10508 200 sims=374400 BLOCKER
> 8348 5072 356 31 -81 3
> 9742 7902 1 -300 -113 2
> 10030 6697 -503 -82 -177 1
> 8379 4060 369 -172 88 1
! -89832 1463 200
! 11868 103999 200
> 8735 4905 329 -141 -81 3
> 9665 7418 -65 -411 -113 2
> 9327 6605 -597 -78 -177 1
> 8755 4088 319 23 88 1
! 11864 -14849 SHIELD sims=342328 RUNNER
! 7922 -12506 200 sims=342328 BLOCKER
> 8735 4905 329 -141 -81 3
> 9665 7418 -65 -411 -113 2
> 9327 6605 -597 -78 -177 1
> 8755 4088 319 23 88 1
! -84031 -29231 200
! 12244 104027 200
> 9062 4827 278 -63 -81 3
> 9583 6808 -70 -518 -95 2
> 8543 6455 -666 -127 -159 1
> 9097 3681 291 -372 88 1
! 5933 -14927 0 sims=345480 RUNNER
! 1768 -11602 200 sims=345480 BLOCKER
> 9062 4827 278 -63 -81 3
> 9583 6808 -70 -518 -95 2
> 8543 6455 -666 -127 -159 1
> 9097 3681 291 -372 88 1
! -69171 -56476 0
! -18466 99807 200
> 9340 4764 236 -53 -99 3
> 9435 6106 -125 -596 -113 2
> 7877 6328 -566 -107 -141 1
> 9333 3501 200 -152 106 1
! 260 -13056 0 sims=362928 RUNNER
! -3686 -8988 200 sims=362928 BLOCKER
> 9340 4764 236 -53 -99 3
> 9435 6106 -125 -596 -113 2
> 7877 6328 -566 -107 -141 1
> 9333 3501 200 -152 106 1
! -46586 -77539 200
! 12822 103440 200
> 9595 4671 352 -362 -117 3
> 9160 5399 -369 -317 -131 2
> 7202 6053 -573 -233 -123 2
> 9540 3549 175 40 88 1
! -4547 -9471 0 sims=402400 RUNNER
! 1345 -13011 0 sims=402400 BLOCKER
> 9595 4671 352 -362 -117 3
> 9160 5399 -369 -317 -131 2
> 7202 6053 -573 -233 -123 2
> 9540 3549 175 40 88 1
! -18680 -90539 200
! 43742 97518 200
> 9983 4556 369 170 -135 3
> 8791 5082 -313 -269 -113 2
> 6577 5627 -531 -362 -105 2
> 9747 3530 136 -283 70 1
! 903 -13264 200 sims=386744 RUNNER
! 7048 -14842 0 sims=386744 BLOCKER
> 9983 4556 369 170 -135 3
> 8791 5082 -313 -269 -113 2
> 6577 5627 -531 -362 -105 2
> 9747 3530 136 -283 70 1
! 11810 -94235 200
! 43949 97499 200
> 10261 4548 236 -6 -117 3
> 8478 4813 -266 -228 -95 2
> 6056 5065 -442 -477 -87 2
> 9951 3435 173 -80 70 1
! 1181 -13272 200 sims=398888 RUNNER
! 12977 -14674 0 sims=398888 BLOCKER
> 10261 4548 236 -6 -117 3
> 8478 4813 -266 -228 -95 2
> 6056 5065 -442 -477 -87 2
> 9951 3435 173 -80 70 1
! 41892 -88293 200
! 13440 103374 200
> 10406 4364 123 -156 -117 3
> 8212 4585 -226 -193 -77 2
> 5686 4401 -314 -564 -69 2
> 10131 3555 152 101 88 1
! 1326 -13456 SHIELD sims=398856 RUNNER
! 18513 -12558 0 sims=398856 BLOCKER
> 10406 4364 123 -156 -117 3
> 8212 4585 -226 -193 -77 2
> 5686 4401 -314 -564 -69 2
> 10131 3555 152 101 88 1
! 68617 -73313 0
! 44333 97524 200
> 10553 4276 127 -66 -117 3
> 7986 4392 -192 -164 -59 2
> 5372 3837 -266 -479 -51 2
> 10113 3161 -42 -414 70 1
! -3589 -9866 0 sims=409960 RUNNER
! 23080 -8729 200 sims=409960 BLOCKER
> 10553 4276 127 -66 -117 3
> 7986 4392 -192 -164 -59 2
> 5372 3837 -266 -479 -51 2
> 10113 3161 -42 -414 70 1
! 89239 -50626 200
! 44315 97130 200
> 10680 4210 107 -56 -135 3
> 7945 4097 -34 -250 -41 2
> 5274 3249 -83 -499 -33 3
> 10139 2935 22 -192 70 1
! -3462 -9932 0 sims=379464 RUNNER
! 26355 -3718 200 sims=379464 BLOCKER
> 10680 4210 107 -56 -135 3
> 7945 4097 -34 -250 -41 2
> 5274 3249 -83 -499 -33 3
> 10139 2935 22 -192 70 1
! 101866 -22633 0
! 44341 96904 200
> 10787 4154 90 -47 -135 3
> 8095 3769 127 -278 -23 2
> 5191 2750 -70 -424 -15 3
> 10229 2931 76 -3 70 1
! -3355 -9988 0 sims=373256 RUNNER
! 28019 2026 200 sims=373256 BLOCKER
> 10787 4154 90 -47 -135 3
> 8095 3769 127 -278 -23 2
> 5191 2750 -70 -424 -15 3
> 10229 2931 76 -3 70 1
! 105053 7983 200
! 44431 96900 200
> 10877 4107 76 -39 -135 3
> 8421 3474 277 -251 -5 2
> 5321 2336 110 -351 3 3
> 10373 3116 122 157 70 1
! -3265 -10035 200 sims=358064 RUNNER
! 27908 7973 200 sims=358064 BLOCKER
> 10877 4107 76 -39 -135 3
> 8421 3474 277 -251 -5 2
> 5321 2336 110 -351 3 3
> 10373 3116 122 157 70 1
! 98679 38172 200
! 44575 97085 200
> 10937 4169 172 287 -135 3
> 8893 3268 401 -175 13 2
> 5618 2057 252 -237 21 3
> 10438 3219 -66 -147 70 1
! -6883 -4911 200 sims=402624 RUNNER
! 28380 7767 200 sims=402624 BLOCKER
> 10937 4169 172 287 -135 3
> 8893 3268 401 -175 13 2
> 5618 2057 252 -237 21 3
> 10438 3219 -66 -147 70 1
! 83332 64989 200
! 13927 103158 200
> 10931 4365 -5 166 -153 3
> 9489 3138 506 -110 13 2
> 6025 1946 346 -94 39 3
> 10379 3272 -50 44 88 1
! -3211 -9777 200 sims=381592 RUNNER
! 26632 13439 200 sims=381592 BLOCKER
> 10931 4365 -5 166 -153 3
> 9489 3138 506 -110 13 2
> 6025 1946 346 -94 39 3
> 10379 3272 -50 44 88 1
! 83739 64878 200
! 13868 103211 200
> 10785 4435 -123 327 -135 3
> 9628 3012 36 -124 31 2
> 6526 1978 426 27 39 3
> 10875 3589 502 19 88 1
! 1705 -13385 200 sims=379928 RUNNER
! 22749 18106 0 sims=379928 BLOCKER
> 10785 4435 -123 327 -135 3
> 9628 3012 36 -124 31 2
> 6526 1978 426 27 39 3
> 10875 3589 502 19 88 1
! 99884 37814 200
! -16688 99715 0
> 10571 4584 -181 126 -117 3
> 9664 2888 30 -105 49 2
> 7139 2077 520 83 21 3
> 11377 3608 426 16 106 1
! 7442 -15170 200 sims=366200 RUNNER
! 17479 21298 0 sims=366200 BLOCKER
> 10571 4584 -181 126 -117 3
> 9664 2888 30 -105 49 2
> 7139 2077 520 83 21 3
> 11377 3608 426 16 106 1
! 84853 65009 200
! -44542 86511 200
> 10359 4512 -180 -60 -99 3
> 9694 2783 25 -89 67 2
> 7814 2286 574 177 39 3
> 11691 3790 267 154 124 1
! 13488 -15242 200 sims=360368 RUNNER
! 11437 22707 0 sims=360368 BLOCKER
> 10359 4512 -180 -60 -99 3
> 9694 2783 25 -89 67 2
> 7814 2286 574 177 39 3
> 11691 3790 267 154 124 1
! 85528 65218 200
! -67110 65356 0
> 10210 4254 -126 -218 -81 3
> 9719 2694 21 -75 85 2
> 8543 2589 620 257 39 3
> 11958 3944 226 130 142 1
! 7081 -15500 200 sims=391944 RUNNER
! 11462 22618 SHIELD sims=391944 BLOCKER
> 10210 4254 -126 -218 -81 3
> 9719 2694 21 -75 85 2
> 8543 2589 620 257 39 3
> 11958 3944 226 130 142 1
! 101901 38425 200
! -82011 38146 0
> 10053 3838 -133 -353 -99 0
> 9808 2611 130 -76 85 2
> 8666 2996 -442 408 21 3
> 12184 4074 192 110 160 1
! 13182 -15916 0 sims=397856 RUNNER
! 11551 22535 0 sims=397856 BLOCKER
> 10053 3838 -133 -353 -99 0
> 9808 2611 130 -76 85 2
> 8666 2996 -442 408 21 3
> 12184 4074 192 110 160 1
! 108528 8229 200
! -87755 7564 0
> 9920 3485 -113 -300 -81 0
> 9938 2535 110 -64 85 2
> 8424 3414 -205 355 3 3
> 12376 4184 163 93 178 1
! 6791 -16269 200 sims=377888 RUNNER
! 11681 22459 SHIELD sims=377888 BLOCKER
> 9920 3485 -113 -300 -81 0
> 9938 2535 110 -64 85 2
> 8424 3414 -205 355 3 3
> 12376 4184 163 93 178 1
! 105016 -22467 200
! -83750 -23379 200
> 9713 3439 -206 180 -99 0
> 10054 2426 101 -114 85 2
> 8412 3717 -10 257 -15 3
> 12347 4222 -24 32 -164 1
! 633 -14381 0 sims=207168 RUNNER
! 5555 21913 0 sims=207168 BLOCKER
> 9713 3439 -206 180 -99 0
> 10054 2426 101 -114 85 2
> 8412 3717 -10 257 -15 3
> 12347 4222 -24 32 -164 1
! 108274 8950 200
! -83779 -23341 200
> 9507 3619 -175 153 -117 0
> 10155 2312 85 -96 103 2
> 8602 3984 161 227 3 3
> 12131 4199 -183 -19 -164 1
! 427 -14201 SHIELD sims=338776 RUNNER
! 11898 22236 0 sims=338776 BLOCKER
> 9507 3619 -175 153 -117 0
> 10155 2312 85 -96 103 2
> 8602 3984 161 227 3 3
> 12131 4199 -183 -19 -164 1
! 101960 39820 0
! -83995 -23364 200
> 9345 3764 -115 110 -117 0
> 10240 2216 72 -81 85 2
> 8629 4292 -193 392 21 3
> 11756 4125 -318 -63 -164 1
! 6216 -15990 0 sims=412488 RUNNER
! 11983 22140 0 sims=412488 BLOCKER
> 9345 3764 -115 110 -117 0
> 10240 2216 72 -81 85 2
> 8629 4292 -193 392 21 3
> 11756 4125 -318 -63 -164 1
! 108491 9525 200
! -71147 -51794 0
> 9230 3874 -97 93 -99 0
> 10312 2135 61 -68 85 2
> 8636 4694 5 342 3 3
> 11438 4062 -270 -53 -146 1
! 12359 -15880 0 sims=364360 RUNNER
! 5813 21622 0 sims=364360 BLOCKER
> 9230 3874 -97 93 -99 0
> 10312 2135 61 -68 85 2
> 8636 4694 5 342 3 3
> 11438 4062 -270 -53 -146 1
! 105228 -21187 0
! -50128 -74739 0
> 9133 3967 -82 79 -81 0
> 10373 2067 51 -57 103 2
> 8641 5036 4 290 -15 3
> 11168 4009 -229 -45 -128 1
! 18213 -13853 0 sims=361368 RUNNER
! 12116 21991 0 sims=361368 BLOCKER
> 9133 3967 -82 79 -81 0
> 10373 2067 51 -57 103 2
> 8641 5036 4 290 -15 3
> 11168 4009 -229 -45 -128 1
! 92507 -49428 200
! -23034 -89960 200
> 9051 4046 -69 67 -63 0
> 10424 2010 43 -48 85 2
> 8813 5217 145 153 -33 3
> 10871 3776 -252 -197 -110 1
! 23193 -10096 0 sims=348608 RUNNER
! 5925 21497 200 sims=348608 BLOCKER
> 9051 4046 -69 67 -63 0
> 10424 2010 43 -48 85 2
> 8813 5217 145 153 -33 3
> 10871 3776 -252 -197 -110 1
! 71744 -72497 200
! 7380 -96163 200
> 8982 4113 -58 56 -45 0
> 10422 2157 -1 124 103 2
> 9084 5215 230 -2 -51 3
> 10612 3379 -220 -337 -92 1
! 26802 -4967 0 sims=307776 RUNNER
! 5923 21644 SHIELD sims=307776 BLOCKER
> 8982 4113 -58 56 -45 0
> 10422 2157 -1 124 103 2
> 9084 5215 230 -2 -51 3
> 10612 3379 -220 -337 -92 1
! 44920 -88143 200
! 38175 -92747 200
> 8924 4169 -49 47 -27 0
> 10417 2239 -11 2 103 2
> 9386 5026 256 -160 -69 3
> 10491 3269 -33 574 -74 1
! 28678 1040 200 sims=327408 RUNNER
! 12160 22163 0 sims=327408 BLOCKER
> 8924 4169 -49 47 -27 0
> 10417 2239 -11 2 103 2
> 9386 5026 256 -160 -69 3
> 10491 3269 -33 574 -74 1
! 14619 -94836 200
! 66410 -79634 200
> 9033 4142 0 -120 -9 0
> 10406 2241 -9 1 85 2
> 9692 4709 352 -171 -87 3
> 10570 3677 67 346 -56 1
! 28787 7271 200 sims=348936 RUNNER
! 18221 20651 0 sims=348936 BLOCKER
> 9033 4142 0 -120 -9 0
> 10406 2241 -9 1 85 2
> 9692 4709 352 -171 -87 3
> 10570 3677 67 346 -56 1
! -16190 -91883 200
! 38133 -92449 0
> 9202 4040 -92 -194 9 0
> 10397 2242 -7 0 67 2
> 9951 4402 102 68 -105 3
> 10707 3979 470 35 -74 1
! 27022 13120 200 sims=373480 RUNNER
! 23518 17336 0 sims=373480 BLOCKER
> 9202 4040 -92 -194 9 0
> 10397 2242 -7 0 67 2
> 9951 4402 102 68 -105 3
> 10707 3979 470 35 -74 1
! -15930 -92190 200
! 7216 -95960 0
> 9258 3922 -34 -139 27 0
> 10390 2242 -5 0 49 2
> 10032 4291 150 -54 -105 3
> 11177 4014 399 29 -92 1
! 23400 18064 200 sims=336152 RUNNER
! 27533 12543 200 sims=336152 BLOCKER
> 9258 3922 -34 -139 27 0
> 10390 2242 -5 0 49 2
> 10032 4291 150 -54 -105 3
> 11177 4014 399 29 -92 1
! -15849 -92301 200
! -23025 -89955 0
> 9303 3906 -38 -35 45 0
> 10556 2345 141 87 31 2
> 10193 4062 213 -172 -105 3
> 11576 4043 339 24 -110 1
! 23445 18048 200 sims=321904 RUNNER
! 30043 6844 200 sims=321904 BLOCKER
> 9303 3906 -38 -35 45 0
> 10556 2345 141 87 31 2
> 10193 4062 213 -172 -105 3
> 11576 4043 339 24 -110 1
! -44270 -79805 0
! -49990 -74758 200
> 9406 4012 87 90 45 0
> 10892 2477 285 112 13 2
> 10406 3890 181 -146 -123 0
> 11792 3909 183 -113 -128 1
! 23548 18154 200 sims=382592 RUNNER
! 28035 12778 0 sims=382592 BLOCKER
> 9406 4012 87 90 45 0
> 10892 2477 285 112 13 2
> 10406 3890 181 -146 -123 0
> 11792 3909 183 -113 -128 1
! -67308 -59041 0
! -71111 -52010 200
> 9634 4243 194 196 45 0
> 11177 2589 242 95 31 2
> 10587 3744 153 -124 -141 0
> 11809 3684 14 -191 -146 1
! 27454 13323 0 sims=354712 RUNNER
! 24298 17683 0 sims=354712 BLOCKER
> 9634 4243 194 196 45 0
> 11177 2589 242 95 31 2
> 10587 3744 153 -124 -141 0
> 11809 3684 14 -191 -146 1
! -82771 -32092 0
! -84317 -23879 0
> 9828 4439 164 166 27 0
> 11419 2684 205 80 49 2
> 10740 3620 130 -105 -159 0
> 11823 3493 11 -162 -164 1
! 29582 7568 0 sims=321584 RUNNER
! 19234 21094 200 sims=321584 BLOCKER
> 9828 4439 164 166 27 0
> 11419 2684 205 80 49 2
> 10740 3620 130 -105 -159 0
> 11823 3493 11 -162 -164 1
! -89122 -1613 0
! -88116 6983 SHIELD
> 9992 4605 139 141 9 0
> 11388 2297 -96 -474 67 2
> 10870 3515 110 -89 -177 0
> 11865 3396 43 -67 -182 1
! 29746 1476 0 sims=384344 RUNNER
! 19203 20707 200 sims=384344 BLOCKER
> 9992 4605 139 141 9 0
> 11388 2297 -96 -474 67 2
> 10870 3515 110 -89 -177 0
> 11865 3396 43 -67 -182 1
! -85722 29396 0
! -82104 37598 0
> 10131 4746 118 119 -9 0
> 11370 2007 -15 -246 67 2
> 10980 3426 93 -75 -195 0
> 11908 3329 36 -56 -200 1
! 27951 -4334 0 sims=372552 RUNNER
! 13113 21931 200 sims=372552 BLOCKER
> 10131 4746 118 119 -9 0
> 11370 2007 -15 -246 67 2
> 10980 3426 93 -75 -195 0
> 11908 3329 36 -56 -200 1
! -72887 57889 0
! -66893 64895 0
> 10249 4865 100 101 -27 0
> 11372 1960 2 -39 85 2
> 11073 3351 79 -63 147 0
> 11944 3273 30 -47 -218 1
! 24391 -9277 0 sims=338136 RUNNER
! 6873 21447 200 sims=338136 BLOCKER
> 10249 4865 100 101 -27 0
> 11372 1960 2 -39 85 2
> 11073 3351 79 -63 147 0
> 11944 3273 30 -47 -218 1
! -51859 81065 200
! -82025 37475 0
> 10349 4966 85 85 -45 0
> 11329 2116 -36 132 103 2
> 11026 3443 -39 78 129 0
> 11974 3226 25 -39 160 1
! 19429 -12854 200 sims=348560 RUNNER
! 1028 19259 200 sims=348560 BLOCKER
> 10349 4966 85 85 -45 0
> 11329 2116 -36 132 103 2
> 11026 3443 -39 78 129 0
> 11974 3226 25 -39 160 1
! -24810 96801 200
! -87965 6716 200
> 10525 4873 149 -79 -63 0
> 11190 2419 -118 257 121 2
> 10915 3708 -94 225 111 0
> 11799 3194 -148 -27 178 1
! 13654 -14881 200 sims=339256 RUNNER
! 889 19562 200 sims=339256 BLOCKER
> 10525 4873 149 -79 -63 0
> 11190 2419 -118 257 121 2
> 10915 3708 -94 225 111 0
> 11799 3194 -148 -27 178 1
! 5681 103570 200
! -88140 6684 0
> 10612 4908 -29 378 -81 0
> 10917 2812 -341 259 121 2
> 10903 3821 93 -252 93 0
> 11703 3202 27 81 178 1
! 19692 -12912 200 sims=357808 RUNNER
! 6418 22299 0 sims=357808 BLOCKER
> 10612 4908 -29 378 -81 0
> 10917 2812 -341 259 121 2
> 10903 3821 93 -252 93 0
> 11703 3202 27 81 178 1
! -24933 97179 0
! -82266 37404 200
> 10674 5108 52 169 -63 0
> 10526 2857 -366 -110 103 2
> 10922 3864 -53 253 111 0
> 11666 3270 73 -10 160 1
! 13803 -14646 200 sims=372552 RUNNER
! 6027 22344 200 sims=372552 BLOCKER
> 10674 5108 52 169 -63 0
> 10526 2857 -366 -110 103 2
> 10922 3864 -53 253 111 0
> 11666 3270 73 -10 160 1
! 5688 103726 200
! -67135 64836 200
> 10753 5110 12 394 -81 1
> 10115 2942 -349 72 103 2
> 10863 4286 4 -33 93 0
> 11581 3383 -71 96 142 1
! 7624 -14644 200 sims=363736 RUNNER
! 5616 22429 200 sims=363736 BLOCKER
> 10753 5110 12 394 -81 1
> 10115 2942 -349 72 103 2
> 10863 4286 4 -33 93 0
> 11581 3383 -71 96 142 1
! 36744 100878 200
! -82388 37585 200
> 10734 5306 -16 166 -99 1
> 9721 3209 -334 226 103 2
> 10919 4446 47 136 75 0
> 11322 3547 -220 139 160 1
! 1654 -12514 0 sims=362616 RUNNER
! -580 20352 0 sims=362616 BLOCKER
> 10734 5306 -16 166 -99 1
> 9721 3209 -334 226 103 2
> 10919 4446 47 136 75 0
> 11322 3547 -220 139 160 1
! 36800 101038 200
! -67479 65113 200
> 10697 5535 -62 285 -117 1
> 9387 3435 -283 192 121 2
> 11039 4712 132 135 75 0
> 10944 3809 -320 222 142 1
! -3445 -8607 200 sims=395824 RUNNER
! 4888 22922 0 sims=395824 BLOCKER
> 10697 5535 -62 285 -117 1
> 9387 3435 -283 192 121 2
> 11039 4712 132 135 75 0
> 10944 3809 -320 222 142 1
! 5805 104574 0
! -67857 65375 200
> 10494 5679 -172 122 -135 1
> 9104 3627 -240 163 103 2
> 11171 4847 112 114 93 1
> 10466 4154 -405 293 142 1
! -7326 -3401 200 sims=345248 RUNNER
! 10847 23551 0 sims=345248 BLOCKER
> 10494 5679 -172 122 -135 1
> 9104 3627 -240 163 103 2
> 11171 4847 112 114 93 1
> 10466 4154 -405 293 142 1
! -24665 98205 200
! -68335 65720 200
> 10144 5710 -297 26 -153 1
> 8864 3790 -204 138 85 2
> 11211 5148 34 255 111 1
> 9903 4570 -478 353 142 1
! -7676 -3370 200 sims=312768 RUNNER
! 10607 23714 200 sims=312768 BLOCKER
> 10144 5710 -297 26 -153 1
> 8864 3790 -204 138 85 2
> 11211 5148 34 255 111 1
> 9903 4570 -478 353 142 1
! -51720 82862 200
! -46016 87473 0
> 9680 5681 -301 266 -153 1
> 8677 4127 -158 286 85 2
> 11119 5558 -78 348 129 1
> 9413 4887 -509 -21 124 1
! -10074 2552 0 sims=338720 RUNNER
! 16492 22537 0 sims=338720 BLOCKER
> 9680 5681 -301 266 -153 1
> 8677 4127 -158 286 85 2
> 11119 5558 -78 348 129 1
> 9413 4887 -509 -21 124 1
! -72748 60021 200
! -46506 87790 200
> 9379 5947 -255 226 -171 1
> 8446 4302 -307 -21 67 2
> 10873 6015 -208 388 147 1
> 8865 5143 -354 387 124 1
! -8441 -3133 200 sims=329632 RUNNER
! 10189 24226 200 sims=329632 BLOCKER
> 9379 5947 -255 226 -171 1
> 8446 4302 -307 -21 67 2
> 10873 6015 -208 388 147 1
> 8865 5143 -354 387 124 1
! -85719 31896 0
! -18698 101269 0
> 9003 6162 -244 288 -153 1
> 8156 4480 -246 151 85 2
> 10665 6403 -176 329 165 1
> 8454 5450 -425 155 106 1
! -5139 -7980 0 sims=329560 RUNNER
! 15971 22890 0 sims=329560 BLOCKER
> 9003 6162 -244 288 -153 1
> 8156 4480 -246 151 85 2
> 10665 6403 -176 329 165 1
> 8454 5450 -425 155 106 1
! -89197 1169 200
! 11943 105389 0
> 8759 6450 -207 244 -135 1
> 7910 4631 -209 128 67 2
> 10289 6722 -319 270 183 1
> 8029 5605 -361 131 88 1
! -321 -11370 200 sims=297424 RUNNER
! 15725 23041 200 sims=297424 BLOCKER
> 8759 6450 -207 244 -135 1
> 7910 4631 -209 128 67 2
> 10289 6722 -319 270 183 1
> 8029 5605 -361 131 88 1
! -83069 -29114 200
! 42231 99574 200
> 8461 6516 -253 55 -117 1
> 7779 4943 -111 265 67 2
> 9783 6920 -429 168 -159 1
> 7736 5924 -248 271 70 1
! 5332 -13238 200 sims=289088 RUNNER
! 9522 24867 0 sims=289088 BLOCKER
> 8461 6516 -253 55 -117 1
> 7779 4943 -111 265 67 2
> 9783 6920 -429 168 -159 1
> 7736 5924 -248 271 70 1
! -67931 -56011 200
! 69302 84725 0
> 8275 6426 -66 -27 -99 1
> 7668 5208 -94 225 85 2
> 9199 6962 -496 35 -141 1
> 7390 6143 -385 137 52 2
! 5146 -13328 SHIELD sims=299456 RUNNER
! 15483 23618 200 sims=299456 BLOCKER
> 8275 6426 -66 -27 -99 1
> 7668 5208 -94 225 85 2
> 9199 6962 -496 35 -141 1
> 7390 6143 -385 137 52 2
! -45264 -76905 0
! 90293 62062 0
> 8206 6396 -81 -50 -99 1
> 7652 5617 -13 347 67 2
> 8734 7031 -168 308 -123 1
> 7005 6280 -327 116 34 2
! -874 -11424 0 sims=333000 RUNNER
! 15467 24027 SHIELD sims=333000 BLOCKER
> 8206 6396 -81 -50 -99 1
> 7652 5617 -13 347 67 2
> 8734 7031 -168 308 -123 1
> 7005 6280 -327 116 34 2
! -45729 -76836 200
! 103131 33843 200
> 8294 6450 231 132 -117 1
> 7609 5931 -63 237 67 2
> 8586 7399 -7 522 -123 1
> 6870 6451 -114 145 16 2
! -5848 -7692 0 sims=355760 RUNNER
! 15424 24341 0 sims=355760 BLOCKER
> 8294 6450 231 132 -117 1
> 7609 5931 -63 237 67 2
> 8586 7399 -7 522 -123 1
> 6870 6451 -114 145 16 2
! -17296 -89193 200
! 106809 2961 200
> 8525 6582 196 112 -135 1
> 7618 6117 91 98 67 2
> 8527 7728 -49 279 -105 1
> 6884 6640 -72 220 -2 2
! -9295 -2498 0 sims=319920 RUNNER
! 9361 26041 0 sims=319920 BLOCKER
> 8525 6582 196 112 -135 1
> 7618 6117 91 98 67 2
> 8527 7728 -49 279 -105 1
> 6884 6640 -72 220 -2 2
! -45936 -76139 200
! 100853 -27562 200
> 8721 6694 166 95 -153 1
> 7709 6215 77 83 85 2
> 8369 7839 -134 94 -123 1
> 7000 6792 98 128 -20 2
! -11033 3565 200 sims=278176 RUNNER
! 3210 25702 0 sims=278176 BLOCKER
> 8721 6694 166 95 -153 1
> 7709 6215 77 83 85 2
> 8369 7839 -134 94 -123 1
> 7000 6792 98 128 -20 2
! -17513 -88753 200
! 85801 -54774 200
> 8689 6758 -26 54 -171 1
> 7848 6243 201 -49 103 2
> 8183 7740 -157 -84 -105 1
> 7194 6852 81 123 -38 2
! -9131 -2322 200 sims=231336 RUNNER
! 3349 25730 200 sims=231336 BLOCKER
> 8689 6758 -26 54 -171 1
> 7848 6243 201 -49 103 2
> 8183 7740 -157 -84 -105 1
> 7194 6852 81 123 -38 2
! -46280 -76127 200
! 63113 -76051 200
> 8667 6837 114 152 -153 1
> 7912 6194 15 -207 103 2
> 7917 7488 -226 -213 -123 1
> 7296 6888 -6 111 -56 2
! -9153 -2243 200 sims=338176 RUNNER
! -2389 23337 200 sims=338176 BLOCKER
> 8667 6837 114 152 -153 1
> 7912 6194 15 -207 103 2
> 7917 7488 -226 -213 -123 1
> 7296 6888 -6 111 -56 2
! -17965 -89104 SHIELD
! 86097 -54678 0
> 8603 6898 -54 52 -153 1
> 7824 6158 -74 -30 121 2
> 7733 7315 -148 -140 -105 1
> 6867 6604 -436 -308 -38 2
! -9217 -2182 200 sims=322080 RUNNER
! -7270 19279 0 sims=322080 BLOCKER
> 8603 6898 -54 52 -153 1
> 7824 6158 -74 -30 121 2
> 7733 7315 -148 -140 -105 1
> 6867 6604 -436 -308 -38 2
! 12966 -92547 0
! 100836 -27598 0
> 8371 6859 -197 -32 -153 1
> 7750 6128 -62 -25 139 2
> 7585 7175 -125 -119 -87 2
> 6431 6296 -370 -261 -20 2
! -11383 3730 0 sims=311608 RUNNER
! -10660 13943 200 sims=311608 BLOCKER
> 8371 6859 -197 -32 -153 1
> 7750 6128 -62 -25 139 2
> 7585 7175 -125 -119 -87 2
> 6431 6296 -370 -261 -20 2
! -18297 -89417 SHIELD
! 106370 2805 0
> 8276 6790 0 -87 -171 1
> 7504 6181 -209 45 157 2
> 7450 7060 -122 -95 -105 2
> 6061 6035 -314 -221 -2 2
! -11478 3661 200 sims=332608 RUNNER
! -10906 13996 SHIELD sims=332608 BLOCKER
> 8276 6790 0 -87 -171 1
> 7504 6181 -209 45 157 2
> 7450 7060 -122 -95 -105 2
> 6061 6035 -314 -221 -2 2
! -18431 -89532 SHIELD
! 106000 2544 200
> 8078 6672 -167 -100 -171 1
> 7295 6165 -176 -81 157 2
> 7328 7026 -104 38 -105 2
> 5947 5807 -97 -193 -2 2
! -9742 -2408 0 sims=297864 RUNNER
! -12629 7908 0 sims=297864 BLOCKER
> 8078 6672 -167 -100 -171 1
> 7295 6165 -176 -81 157 2
> 7328 7026 -104 38 -105 2
> 5947 5807 -97 -193 -2 2
! -18553 -89566 0
! 102073 33370 200
> 7911 6572 -141 -85 -153 1
> 7119 6084 -149 -68 175 2
> 7224 7064 -88 32 -105 2
> 6042 5669 80 -117 16 2
! -6231 -7570 200 sims=279600 RUNNER
! -12368 1585 0 sims=279600 BLOCKER
> 7911 6572 -141 -85 -153 1
> 7119 6084 -149 -68 175 2
> 7224 7064 -88 32 -105 2
> 6042 5669 80 -117 16 2
! 12457 -92798 SHIELD
! 88945 61588 SHIELD
> 7692 6380 -78 -104 -135 2
> 6907 5982 -288 -145 193 2
> 7136 7096 -74 27 -87 2
> 6122 5552 68 -99 34 2
! -10128 -2700 0 sims=339624 RUNNER
! -12580 1483 SHIELD sims=339624 BLOCKER
> 7692 6380 -78 -104 -135 2
> 6907 5982 -288 -145 193 2
> 7136 7096 -74 27 -87 2
> 6122 5552 68 -99 34 2
! 12369 -92766 0
! 102248 33115 0
> 7614 6276 -66 -88 -153 2
> 6655 5859 -201 -96 -167 2
> 7062 7123 -62 22 -87 2
> 5827 5232 -374 -348 16 2
! -10206 -2804 200 sims=338856 RUNNER
! -12832 1360 0 sims=338856 BLOCKER
> 7614 6276 -66 -88 -153 2
> 6655 5859 -201 -96 -167 2
> 7062 7123 -62 22 -87 2
> 5827 5232 -374 -348 16 2
! 12295 -92739 0
! 105766 1742 0
> 7370 6097 -207 -151 -153 2
> 6454 5763 -170 -81 -167 2
> 7000 7145 -52 18 -87 2
> 5453 4884 -317 -295 -2 2
! -10450 -2983 200 sims=350856 RUNNER
! -10689 -4538 0 sims=350856 BLOCKER
> 7370 6097 -207 -151 -153 2
> 6454 5763 -170 -81 -167 2
> 7000 7145 -52 18 -87 2
> 5453 4884 -317 -295 -2 2
! -18882 -89447 0
! 101579 32447 0
> 7060 5877 -122 -145 -153 2
> 6208 5660 -349 -128 -149 2
> 6948 7163 -44 15 -105 2
> 5136 4589 -269 -250 16 2
! -7082 -8265 0 sims=361944 RUNNER
! -6913 -9434 0 sims=361944 BLOCKER
> 7060 5877 -122 -145 -153 2
> 6208 5660 -349 -128 -149 2
> 6948 7163 -44 15 -105 2
> 5136 4589 -269 -250 16 2
! -18933 -89429 200
! 105075 1099 200
> 6938 5732 -103 -123 -135 2
> 5859 5532 -296 -108 -131 2
> 6852 6985 -81 -151 -105 2
> 5067 4332 -58 -218 -2 2
! -7204 -8410 200 sims=311016 RUNNER
! -1956 -12878 0 sims=311016 BLOCKER
> 6938 5732 -103 -123 -135 2
> 5859 5532 -296 -108 -131 2
> 6852 6985 -81 -151 -105 2
> 5067 4332 -58 -218 -2 2
! -47611 -76882 200
! 101193 31895 200
> 6694 5468 -207 -224 -135 2
> 5563 5424 -251 -91 -113 2
> 6662 6666 -161 -270 -123 2
> 5201 4169 114 -138 16 2
! -7448 -8674 200 sims=279400 RUNNER
! 3820 -14500 200 sims=279400 BLOCKER
> 6694 5468 -207 -224 -135 2
> 5563 5424 -251 -91 -113 2
> 6662 6666 -161 -270 -123 2
> 5201 4169 114 -138 16 2
! -19220 -89926 0
! 88104 60088 200
> 6346 5103 -296 -310 -135 2
> 5295 5134 -228 -246 -95 2
> 6501 6396 -136 -229 -105 2
> 5481 4143 237 -22 34 2
! -7796 -9039 SHIELD sims=339096 RUNNER
! 9794 -14353 0 sims=339096 BLOCKER
> 6346 5103 -296 -310 -135 2
> 5295 5134 -228 -246 -95 2
> 6501 6396 -136 -229 -105 2
> 5481 4143 237 -22 34 2
! -19380 -90196 200
! 67047 82944 0
> 6054 4801 -213 -194 -135 2
> 5067 4888 -193 -209 -77 2
> 6313 5974 -159 -358 -105 2
> 5673 4039 -177 -708 52 2
! -3026 -13019 0 sims=296864 RUNNER
! 15368 -12255 0 sims=296864 BLOCKER
> 6054 4801 -213 -194 -135 2
> 5067 4888 -193 -209 -77 2
> 6313 5974 -159 -358 -105 2
> 5673 4039 -177 -708 52 2
! 11546 -93888 200
! 39875 98008 0
> 5841 4607 -181 -164 -117 2
> 4874 4679 -164 -177 -59 2
> 6164 5416 -126 -474 -87 2
> 5496 3331 -150 -601 70 3
! -3239 -13213 SHIELD sims=288272 RUNNER
! 19968 -8442 200 sims=288272 BLOCKER
> 5841 4607 -181 -164 -117 2
> 4874 4679 -164 -177 -59 2
> 6164 5416 -126 -474 -87 2
> 5496 3331 -150 -601 70 3
! -19718 -91176 200
! 67062 82132 0
> 5637 4378 -151 -204 -117 2
> 4807 4371 -323 -261 -41 2
> 6272 5395 135 81 -105 2
> 5346 2730 -127 -510 52 3
! 2508 -15376 0 sims=338952 RUNNER
! 23217 -3444 0 sims=338952 BLOCKER
> 5637 4378 -151 -204 -117 2
> 4807 4371 -323 -261 -41 2
> 6272 5395 135 81 -105 2
> 5346 2730 -127 -510 52 3
! -48191 -78472 200
! 88249 58649 200
> 5486 4174 -128 -173 -99 2
> 4484 4110 -274 -221 -23 2
> 6298 5308 22 -73 -123 2
> 5385 2332 32 -338 34 3
! 8615 -15580 0 sims=326864 RUNNER
! 24408 2367 0 sims=326864 BLOCKER
> 5486 4174 -128 -173 -99 2
> 4484 4110 -274 -221 -23 2
> 6298 5308 22 -73 -123 2
> 5385 2332 32 -338 34 3
! -48165 -78559 200
! 88288 58251 200
> 5358 4001 -108 -147 -81 2
> 4210 3889 -232 -187 -5 2
> 6211 5067 -73 -204 -123 2
> 5583 2106 168 -192 34 3
! 14438 -13819 0 sims=344568 RUNNER
! 24134 2146 200 sims=344568 BLOCKER
> 5358 4001 -108 -147 -81 2
> 4210 3889 -232 -187 -5 2
> 6211 5067 -73 -204 -123 2
> 5583 2106 168 -192 34 3
! -71503 -57864 200
! 67149 80907 0
> 5250 3854 -91 -124 -63 2
> 4177 3685 -27 -173 -5 2
> 5983 4737 -194 -280 -141 2
> 5751 1914 142 -163 52 3
! 19392 -10288 200 sims=313416 RUNNER
! 24101 1942 200 sims=313416 BLOCKER
> 5250 3854 -91 -124 -63 2
> 4177 3685 -27 -173 -5 2
> 5983 4737 -194 -280 -141 2
> 5751 1914 142 -163 52 3
! -48480 -79130 200
! 88654 57833 200
> 5299 3586 -91 -471 -45 2
> 4349 3495 146 -161 -5 2
> 5682 4292 -123 -134 -123 2
> 6059 1863 261 -43 34 3
! 23119 -5494 200 sims=319872 RUNNER
! 23836 7994 200 sims=319872 BLOCKER
> 5299 3586 -91 -471 -45 2
> 4349 3495 146 -161 -5 2
> 5682 4292 -123 -134 -123 2
> 6059 1863 261 -43 34 3
! -20200 -92300 200
! 67625 80664 0
> 5432 3010 217 -521 -27 3
> 4644 3393 146 -54 13 2
> 5507 3965 -148 -278 -105 2
> 6320 1820 221 -36 52 3
! 25186 -119 200 sims=387176 RUNNER
! 24131 7892 SHIELD sims=387176 BLOCKER
> 5432 3010 217 -521 -27 3
> 4644 3393 146 -54 13 2
> 5507 3965 -148 -278 -105 2
> 6320 1820 221 -36 52 3
! 10740 -95897 SHIELD
! 40522 95789 0
> 5847 2458 352 -469 -9 3
> 4678 3268 -140 -213 13 2
> 5471 3758 138 -68 -87 2
> 6541 1784 187 -30 70 3
! 25601 5587 200 sims=365672 RUNNER
! 24165 7767 0 sims=365672 BLOCKER
> 5847 2458 352 -469 -9 3
> 4678 3268 -140 -213 13 2
> 5471 3758 138 -68 -87 2
> 6541 1784 187 -30 70 3
! 10704 -96104 0
! 10030 101723 200
> 6018 2347 38 -1 9 3
> 4538 3055 -119 -181 13 2
> 5609 3690 117 -57 -87 2
> 7114 1627 593 -225 88 3
! 23838 11427 200 sims=368056 RUNNER
! 21681 13356 0 sims=368056 BLOCKER
> 6018 2347 38 -1 9 3
> 4538 3055 -119 -181 13 2
> 5609 3690 117 -57 -87 2
> 7114 1627 593 -225 88 3
! -20273 -92902 0
! -20449 97753 200
> 6234 2437 183 76 27 3
> 4419 2874 -101 -153 31 2
> 5726 3633 99 -48 -105 2
> 7652 1594 457 -27 106 3
! 25988 5566 200 sims=377824 RUNNER
! 17540 17968 0 sims=377824 BLOCKER
> 6234 2437 183 76 27 3
> 4419 2874 -101 -153 31 2
> 5726 3633 99 -48 -105 2
> 7652 1594 457 -27 106 3
! -48737 -80234 200
! -48267 84497 200
> 6615 2544 323 91 9 3
> 4318 2721 -85 -130 49 2
> 5825 3585 84 -40 -123 2
> 7997 1733 293 117 124 3
! 26369 -585 200 sims=382216 RUNNER
! 12133 21131 200 sims=382216 BLOCKER
> 6615 2544 323 91 9 3
> 4318 2721 -85 -130 49 2
> 5825 3585 84 -40 -123 2
> 7997 1733 293 117 124 3
! -71889 -59346 200
! -47922 84636 200
> 7136 2604 442 50 -9 3
> 4311 2775 -5 45 67 2
> 5754 3419 -60 -140 -141 2
> 8178 2016 153 240 124 3
! 26890 -525 200 sims=390680 RUNNER
! 12126 21185 200 sims=390680 BLOCKER
> 7136 2604 442 50 -9 3
> 4311 2775 -5 45 67 2
> 5754 3419 -60 -140 -141 2
> 8178 2016 153 240 124 3
! -87604 -32417 200
! -70623 63582 200
> 7487 2790 6 326 -9 3
> 4384 3004 62 194 67 2
> 5507 3207 -209 -179 -159 3
> 8462 2212 533 -2 142 3
! 25307 -6290 200 sims=408832 RUNNER
! 17505 18098 0 sims=408832 BLOCKER
> 7487 2790 6 326 -9 3
> 4384 3004 62 194 67 2
> 5507 3207 -209 -179 -159 3
> 8462 2212 533 -2 142 3
! -94355 -2026 200
! -70339 63778 200
> 7671 3025 156 199 -27 3
> 4311 3209 -319 193 49 2
> 5234 3007 25 -190 -177 3
> 8837 2333 319 102 142 3
! 25491 -6055 200 sims=408688 RUNNER
! 21454 13510 200 sims=408688 BLOCKER
> 7671 3025 156 199 -27 3
> 4311 3209 -319 193 49 2
> 5234 3007 25 -190 -177 3
> 8837 2333 319 102 142 3
! -91358 28888 0
! -69964 63899 200
> 8005 3133 284 91 -27 3
> 4163 3505 -125 251 31 2
> 5259 2817 21 -161 -195 3
> 8998 2558 137 191 142 3
! 25825 -5947 200 sims=388440 RUNNER
! 23650 8004 200 sims=388440 BLOCKER
> 8005 3133 284 91 -27 3
> 4163 3505 -125 251 31 2
> 5259 2817 21 -161 -195 3
> 8998 2558 137 191 142 3
! -78608 57280 0
! -69803 64124 200
> 8268 3243 -34 235 -27 3
> 4233 3801 59 251 13 2
> 5280 2656 17 -136 147 3
> 9176 2763 410 31 142 3
! 26088 -5837 200 sims=396408 RUNNER
! 24157 2058 200 sims=396408 BLOCKER
> 8268 3243 -34 235 -27 3
> 4233 3801 59 251 13 2
> 5280 2656 17 -136 147 3
> 9176 2763 410 31 142 3
! -57652 80370 0
! -84793 36965 200
> 8412 3387 122 122 -27 3
> 4491 4035 219 198 -5 2
> 5297 2520 14 -115 129 3
> 9398 2862 188 84 160 3
! 26232 -5693 200 sims=379752 RUNNER
! 22901 -3780 200 sims=379752 BLOCKER
> 8412 3387 122 122 -27 3
> 4491 4035 219 198 -5 2
> 5297 2520 14 -115 129 3
> 9398 2862 188 84 160 3
! -30539 95878 0
! -84571 37064 200
> 8709 3420 20 164 -27 3
> 4894 4155 342 101 -23 2
> 5311 2405 11 -97 111 3
> 9402 3012 234 -8 160 3
! 26529 -5660 200 sims=358736 RUNNER
! 24818 2412 200 sims=358736 BLOCKER
> 8709 3420 20 164 -27 3
> 4894 4155 342 101 -23 2
> 5311 2405 11 -97 111 3
> 9402 3012 234 -8 160 3
! 77 102267 0
! -69399 64578 200
> 8755 3583 34 141 -27 3
> 5435 4239 460 71 -5 2
> 5322 2308 9 -82 93 3
> 9631 3037 198 18 142 3
! 26575 -5497 200 sims=353744 RUNNER
! 25359 2496 200 sims=353744 BLOCKER
> 8755 3583 34 141 -27 3
> 5435 4239 460 71 -5 2
> 5322 2308 9 -82 93 3
> 9631 3037 198 18 142 3
! 31203 98900 200
! -69170 64603 200
> 8967 3633 180 42 -27 3
> 6094 4293 560 45 -5 2
> 5383 2419 51 94 75 3
> 9671 3178 34 119 142 3
! 26787 -5447 SHIELD sims=338560 RUNNER
! 25581 8792 200 sims=338560 BLOCKER
> 8967 3633 180 42 -27 3
> 6094 4293 560 45 -5 2
> 5383 2419 51 94 75 3
> 9671 3178 34 119 142 3
! 59846 86286 0
! -69130 64744 200
> 9097 3707 105 66 -27 3
> 6849 4383 641 76 13 2
> 5434 2513 43 79 57 3
> 10044 3099 367 -99 142 0
! 28851 578 0 sims=367928 RUNNER
! 26773 2640 0 sims=367928 BLOCKER
> 9097 3707 105 66 -27 3
> 6849 4383 641 76 13 2
> 5434 2513 43 79 57 3
> 10044 3099 367 -99 142 0
! 83148 65445 200
! -83925 37301 200
> 9202 3773 89 56 -9 3
> 7490 4459 544 64 -5 2
> 5632 2718 168 174 39 3
> 10223 3068 152 -26 160 0
! 27022 -5307 0 sims=360520 RUNNER
! 25900 -3356 200 sims=360520 BLOCKER
> 9202 3773 89 56 -9 3
> 7490 4459 544 64 -5 2
> 5632 2718 168 174 39 3
> 10223 3068 152 -26 160 0
! 98990 38554 200
! -68578 64634 200
> 9291 3829 75 47 -27 3
> 8218 4445 618 -12 -23 2
> 5987 2964 301 208 21 3
> 10217 3165 -4 82 142 0
! 29045 700 0 sims=294336 RUNNER
! 23312 -8676 200 sims=294336 BLOCKER
> 9291 3829 75 47 -27 3
> 8218 4445 618 -12 -23 2
> 5987 2964 301 208 21 3
> 10217 3165 -4 82 142 0
! 105849 8197 200
! -45702 86068 0
> 9554 3728 506 -308 -9 3
> 8799 4449 210 226 -41 2
> 6488 3182 425 185 3 3
> 10213 3247 -3 69 124 0
! 29308 599 SHIELD sims=345296 RUNNER
! 19100 -12694 200 sims=345296 BLOCKER
> 9554 3728 506 -308 -9 3
> 8799 4449 210 226 -41 2
> 6488 3182 425 185 3 3
> 10213 3247 -3 69 124 0
! 103080 -22699 200
! -17350 99373 SHIELD
> 9561 3784 -4 55 -9 3
> 9112 4504 266 46 -59 2
> 7106 3315 525 113 -15 3
> 10709 2952 432 -258 106 0
! 27381 -5296 0 sims=334560 RUNNER
! 13611 -14983 0 sims=334560 BLOCKER
> 9561 3784 -4 55 -9 3
> 9112 4504 266 46 -59 2
> 7106 3315 525 113 -15 3
> 10709 2952 432 -258 106 0
! 106968 8548 200
! 14198 102891 0
> 9610 3731 66 -93 -27 3
> 9325 4658 156 179 -77 2
> 7831 3438 616 104 3 3
> 11141 2694 367 -219 88 0
! 23752 -10411 0 sims=357096 RUNNER
! 7582 -15266 200 sims=357096 BLOCKER
> 9610 3731 66 -93 -27 3
> 9325 4658 156 179 -77 2
> 7831 3438 616 104 3 3
> 11141 2694 367 -219 88 0
! 101189 39274 200
! 45343 96663 0
> 9676 3638 56 -79 -45 3
> 9464 4638 117 -17 -95 2
> 8634 3614 682 149 21 3
> 11508 2475 311 -186 70 0
! 23818 -10504 SHIELD sims=397648 RUNNER
! 13963 -14849 0 sims=397648 BLOCKER
> 9676 3638 56 -79 -45 3
> 9464 4638 117 -17 -95 2
> 8634 3614 682 149 21 3
> 11508 2475 311 -186 70 0
! 86348 66546 SHIELD
! 14997 102414 0
> 10100 3529 560 -109 -45 0
> 9581 4621 99 -14 -77 2
> 8948 3793 66 168 39 3
> 11819 2289 264 -158 88 0
! 27920 -5551 0 sims=373696 RUNNER
! 7838 -15303 200 sims=373696 BLOCKER
> 10100 3529 560 -109 -45 0
> 9581 4621 99 -14 -77 2
> 8948 3793 66 168 39 3
> 11819 2289 264 -158 88 0
! 102306 39629 SHIELD
! -15744 98415 0
> 10660 3420 476 -92 -27 0
> 9681 4421 333 10 -95 2
> 9012 3960 29 123 21 3
> 12083 2131 224 -134 106 0
! 24802 -10722 0 sims=387120 RUNNER
! 1866 -13989 0 sims=387120 BLOCKER
> 10660 3420 476 -92 -27 0
> 9681 4421 333 10 -95 2
> 9012 3960 29 123 21 3
> 12083 2131 224 -134 106 0
! 102370 39796 0
! -43836 85034 0
> 11136 3328 404 -78 -45 0
> 10014 4431 283 8 -113 2
> 9041 4083 24 104 21 3
> 12307 1997 190 -113 124 0
! 20216 -14492 0 sims=359664 RUNNER
! -3107 -10663 0 sims=359664 BLOCKER
> 11136 3328 404 -78 -45 0
> 10014 4431 283 8 -113 2
> 9041 4083 24 104 21 3
> 12307 1997 190 -113 124 0
! 108903 9316 0
! -66494 63563 200
> 11540 3250 343 -66 -63 0
> 10297 4439 240 6 -131 2
> 9065 4187 20 88 3 3
> 12339 2007 27 8 142 0
! 14669 -16504 200 sims=334952 RUNNER
! -6846 -5862 200 sims=334952 BLOCKER
> 11540 3250 343 -66 -63 0
> 10297 4439 240 6 -131 2
> 9065 4187 20 88 3 3
> 12339 2007 27 8 142 0
! 102423 40023 0
! -66462 63573 0
> 11914 2986 318 -224 -81 0
> 10366 4342 58 -82 -149 2
> 9085 4275 17 74 21 3
> 12366 2015 22 6 142 0
! 8785 -16768 200 sims=345000 RUNNER
! -9121 -157 200 sims=345000 BLOCKER
> 11914 2986 318 -224 -81 0
> 10366 4342 58 -82 -149 2
> 9085 4275 17 74 21 3
> 12366 2015 22 6 142 0
! 86799 67207 200
! -43553 84918 0
> 12114 2773 81 31 -99 0
> 10229 4215 -116 -107 -167 2
> 9257 4475 146 169 39 3
> 12475 1812 181 -384 124 0
! 15243 -16981 0 sims=428136 RUNNER
! -6914 -6086 0 sims=428136 BLOCKER
> 12114 2773 81 31 -99 0
> 10229 4215 -116 -107 -167 2
> 9257 4475 146 169 39 3
> 12475 1812 181 -384 124 0
! 102615 40311 0
! -15088 97938 0
> 12195 2804 68 26 -81 0
> 10113 4108 -98 -90 -149 2
> 9403 4644 124 143 21 3
> 12656 1428 153 -326 106 0
! 21275 -15016 0 sims=428928 RUNNER
! -9374 -391 0 sims=428928 BLOCKER
> 12195 2804 68 26 -81 0
> 10113 4108 -98 -90 -149 2
> 9403 4644 124 143 21 3
> 12656 1428 153 -326 106 0
! 109265 9877 SHIELD
! 16145 101367 200
> 12263 2830 57 22 -63 0
> 10015 4018 -83 -76 -167 2
> 9527 4787 105 121 3 3
> 12816 1302 135 -107 88 0
! 26405 -11312 200 sims=439840 RUNNER
! -9909 5761 0 sims=439840 BLOCKER
> 12263 2830 57 22 -63 0
> 10015 4018 -83 -76 -167 2
> 9527 4787 105 121 3 3
> 12816 1302 135 -107 88 0
! 106119 -21094 200
! -14747 97428 0
> 12461 2711 168 -101 -45 0
> 9932 3942 -70 -64 -185 2
> 9632 4908 89 102 -15 3
> 12951 1195 114 -90 106 0
! 21541 -15109 0 sims=441472 RUNNER
! -8478 11757 0 sims=441472 BLOCKER
> 12461 2711 168 -101 -45 0
> 9932 3942 -70 -64 -185 2
> 9632 4908 89 102 -15 3
> 12951 1195 114 -90 106 0
! 93498 -49556 0
! -42968 84098 200
> 12629 2610 142 -85 -63 0
> 9862 3878 -59 -54 -203 2
> 9721 5010 75 86 -33 3
> 12953 1271 1 64 124 0
! 15758 -17144 200 sims=406024 RUNNER
! -5232 16999 0 sims=406024 BLOCKER
> 12629 2610 142 -85 -63 0
> 9862 3878 -59 -54 -203 2
> 9721 5010 75 86 -33 3
> 12953 1271 1 64 124 0
! 72652 -72704 0
! -65848 62837 0
> 12802 2327 147 -240 -81 0
> 9803 3824 -50 -45 -221 2
> 9796 5096 63 73 -51 3
> 12954 1335 0 54 142 0
! 9673 -17427 200 sims=396736 RUNNER
! -498 20967 0 sims=396736 BLOCKER
> 12802 2327 147 -240 -81 0
> 9803 3824 -50 -45 -221 2
> 9796 5096 63 73 -51 3
> 12954 1335 0 54 142 0
! 72727 -72618 200
! -42965 84238 0
> 12878 2186 42 51 -99 0
> 9753 3779 -42 -38 121 2
> 9985 5014 160 -70 -51 3
> 12993 1092 56 -377 124 0
! 3798 -15634 0 sims=417048 RUNNER
! 5254 23266 0 sims=417048 BLOCKER
> 12878 2186 42 51 -99 0
> 9753 3779 -42 -38 121 2
> 9985 5014 160 -70 -51 3
> 12993 1092 56 -377 124 0
! 45821 -88344 200
! -65808 62658 200
> 12920 2237 35 43 -117 0
> 9711 3741 -35 -32 103 2
> 10217 4757 196 -218 -69 3
> 12891 838 -86 -215 142 0
! -1222 -11905 200 sims=401584 RUNNER
! 11454 23665 0 sims=401584 BLOCKER
> 12920 2237 35 43 -117 0
> 9711 3741 -35 -32 103 2
> 10217 4757 196 -218 -69 3
> 12891 838 -86 -215 142 0
! 15450 -95105 200
! -65910 62404 200
> 12814 2139 -90 -83 -135 0
> 9676 3709 -29 -27 85 2
> 10423 4339 175 -355 -87 3
> 12647 746 -207 -78 142 0
! -5006 -6941 200 sims=409000 RUNNER
! 17491 22119 0 sims=409000 BLOCKER
> 12814 2139 -90 -83 -135 0
> 9676 3709 -29 -27 85 2
> 10423 4339 175 -355 -87 3
> 12647 746 -207 -78 142 0
! 46259 -89019 200
! -66154 62312 200
> 12546 1965 -227 -147 -153 0
> 9647 3682 -24 -22 67 2
> 10670 3797 209 -460 -69 0
> 12282 791 -309 38 142 0
! -5274 -7115 200 sims=393920 RUNNER
! 22768 18776 0 sims=393920 BLOCKER
> 12546 1965 -227 -147 -153 0
> 9647 3682 -24 -22 67 2
> 10670 3797 209 -460 -69 0
> 12282 791 -309 38 142 0
! 73601 -73917 200
! -43637 83694 200
> 12146 1742 -223 123 -153 0
> 9623 3660 -20 -18 49 2
> 11005 3182 284 -523 -51 0
> 11856 980 -478 -152 124 0
! -7608 -1387 200 sims=391536 RUNNER
! 26766 13961 0 sims=391536 BLOCKER
> 12146 1742 -223 123 -153 0
> 9623 3660 -20 -18 49 2
> 11005 3182 284 -523 -51 0
> 11856 980 -478 -152 124 0
! 94872 -51281 SHIELD
! -44063 83883 200
> 11725 1834 -357 77 -171 0
> 9603 3642 -17 -15 31 2
> 11289 2659 241 -444 -33 0
> 11266 994 -501 11 124 0
! -8029 4963 0 sims=416480 RUNNER
! 22724 18736 200 sims=416480 BLOCKER
> 11725 1834 -357 77 -171 0
> 9603 3642 -17 -15 31 2
> 11289 2659 241 -444 -33 0
> 11266 994 -501 11 124 0
! 74220 -75055 0
! -16297 97120 0
> 11609 1374 -53 -493 -189 0
> 9717 3778 97 115 49 2
> 11289 2752 -45 181 -51 0
> 10765 1005 -425 9 106 0
! -6211 10454 0 sims=444872 RUNNER
! 26860 14079 0 sims=444872 BLOCKER
> 11609 1374 -53 -493 -189 0
> 9717 3778 97 115 49 2
> 11289 2752 -45 181 -51 0
> 10765 1005 -425 9 106 0
! 74220 -74962 0
! 14254 100944 200
> 11556 881 -45 -419 -207 0
> 9814 3893 82 97 31 2
> 11244 2933 -38 153 -51 0
> 10347 1214 -355 177 88 0
! -2586 15023 200 sims=434888 RUNNER
! 22935 18987 0 sims=434888 BLOCKER
> 11556 881 -45 -419 -207 0
> 9814 3893 82 97 31 2
> 11244 2933 -38 153 -51 0
> 10347 1214 -355 177 88 0
! 47080 -90425 200
! 44549 95183 200
> 11370 603 -158 -235 -225 0
> 9896 3990 69 82 49 2
> 11206 3086 -32 130 -69 0
> 10060 1579 -243 310 70 0
! 2290 18423 200 sims=432344 RUNNER
! 27039 14291 0 sims=432344 BLOCKER
> 11370 603 -158 -235 -225 0
> 9896 3990 69 82 49 2
> 11206 3086 -32 130 -69 0
> 10060 1579 -243 310 70 0
! 16439 -96776 0
! 71626 80380 200
> 11121 546 -211 -48 -243 0
> 9965 4072 58 69 31 2
> 11174 3216 -27 110 -87 0
> 9940 2047 -101 397 52 0
! 7992 20300 200 sims=419040 RUNNER
! 23086 19166 0 sims=419040 BLOCKER
> 11121 546 -211 -48 -243 0
> 9965 4072 58 69 31 2
> 11174 3216 -27 110 -87 0
> 9940 2047 -101 397 52 0
! -14708 -93376 0
! 92843 57966 200
> 10879 696 -205 127 99 0
> 10023 4141 49 58 49 2
> 11147 3326 -22 93 -105 0
> 10005 2556 55 432 34 0
! 1799 18516 200 sims=368936 RUNNER
! 27166 14442 0 sims=368936 BLOCKER
> 10879 696 -205 127 99 0
> 10023 4141 49 58 49 2
> 11147 3326 -22 93 -105 0
> 10005 2556 55 432 34 0
! -43316 -80541 0
! 71571 81357 200
> 10583 1001 -251 259 117 0
> 10072 4199 41 49 31 2
> 11125 3419 -18 79 -123 0
> 10183 3146 151 501 52 0
! 7454 20755 200 sims=390064 RUNNER
! 27215 14500 SHIELD sims=390064 BLOCKER
> 10583 1001 -251 259 117 0
> 10072 4199 41 49 31 2
> 11125 3419 -18 79 -123 0
> 10183 3146 151 501 52 0
! -66589 -59512 0
! 44385 97115 200
> 10301 1458 -239 388 99 0
> 10099 4306 13 128 31 2
> 11330 3511 375 89 -141 0
> 10321 3238 6 -308 70 0
! 13430 21212 200 sims=383456 RUNNER
! 29586 8805 0 sims=383456 BLOCKER
> 10301 1458 -239 388 99 0
> 10099 4306 13 128 31 2
> 11330 3511 375 89 -141 0
> 10321 3238 6 -308 70 0
! -82028 -32325 0
! 13810 103177 0
> 10093 2044 -176 497 81 0
> 10112 4434 11 108 13 2
> 11705 3600 318 75 -159 0
> 10327 2930 5 -261 88 0
! 13222 21798 SHIELD sims=336688 RUNNER
! 30036 2691 0 sims=336688 BLOCKER
> 10093 2044 -176 497 81 0
> 10112 4434 11 108 13 2
> 11705 3600 318 75 -159 0
> 10327 2930 5 -261 88 0
! -88157 -1633 200
! -17236 99056 SHIELD
> 9737 2030 -334 -102 81 0
> 10123 4542 9 91 -5 2
> 11823 3665 100 54 -177 0
> 10512 3180 188 303 106 0
! 18817 19850 0 sims=371680 RUNNER
! 28533 -3273 0 sims=371680 BLOCKER
> 9737 2030 -334 -102 81 0
> 10123 4542 9 91 -5 2
> 11823 3665 100 54 -177 0
> 10512 3180 188 303 106 0
! -84769 29546 0
! -45407 86083 0
> 9403 1928 -283 -86 63 0
> 10132 4633 7 77 -23 2
> 11923 3719 85 45 -195 0
> 10700 3483 159 257 124 0
! 23545 16070 0 sims=364504 RUNNER
! 28542 -3182 200 sims=364504 BLOCKER
> 9403 1928 -283 -86 63 0
> 10132 4633 7 77 -23 2
> 11923 3719 85 45 -195 0
> 10700 3483 159 257 124 0
! -84669 29600 200
! -45219 86386 0
> 9120 1842 -240 -73 45 0
> 10323 4632 162 0 -23 2
> 11815 3816 -91 82 165 0
> 10859 3740 135 218 124 0
! 23262 15984 0 sims=353632 RUNNER
! 28733 -3183 200 sims=353632 BLOCKER
> 9120 1842 -240 -73 45 0
> 10323 4632 162 0 -23 2
> 11815 3816 -91 82 165 0
> 10859 3740 135 218 124 0
! -72052 58279 200
! -16704 99866 0
> 8880 1769 -204 -62 45 0
> 10582 4739 115 315 -23 2
> 11791 4026 114 189 147 0
> 10846 3753 -40 -223 106 0
! 23022 15911 200 sims=345728 RUNNER
! 25676 -8382 200 sims=345728 BLOCKER
> 8880 1769 -204 -62 45 0
> 10582 4739 115 315 -23 2
> 11791 4026 114 189 147 0
> 10846 3753 -40 -223 106 0
! -72076 58489 200
! 14335 103692 200
> 8817 1848 -53 67 45 0
> 10848 4923 226 156 -41 2
> 11737 4324 -45 253 147 0
> 10813 3730 -28 -19 88 0
! 22959 15990 200 sims=358656 RUNNER
! 25942 -8198 200 sims=358656 BLOCKER
> 8817 1848 -53 67 45 0
> 10848 4923 226 156 -41 2
> 11737 4324 -45 253 147 0
> 10813 3730 -28 -19 88 0
! -84855 30205 200
! 14302 103669 200
> 8905 2056 75 177 45 0
> 10915 5183 -125 360 -41 2
> 11808 4393 243 -80 165 0
> 10792 3911 -17 153 88 0
! 23047 16198 200 sims=305800 RUNNER
! 21216 -11960 200 sims=305800 BLOCKER
> 8905 2056 75 177 45 0
> 10915 5183 -125 360 -41 2
> 11808 4393 243 -80 165 0
> 10792 3911 -17 153 88 0
! -84784 30274 200
! 14281 103850 0
> 9121 2374 183 270 45 0
> 10893 5372 -18 160 -59 2
> 11858 4365 42 -24 165 0
> 10775 4064 -14 130 88 0
! 23263 16516 200 sims=290000 RUNNER
! 21194 -11771 200 sims=290000 BLOCKER
> 9121 2374 183 270 45 0
> 10893 5372 -18 160 -59 2
> 11858 4365 42 -24 165 0
> 10775 4064 -14 130 88 0
! -84734 30246 0
! 14264 104003 200
> 9445 2785 275 349 45 0
> 10978 5361 72 -9 -59 2
> 11900 4341 35 -20 165 0
> 10768 4394 -5 280 88 0
! 18525 20605 200 sims=290560 RUNNER
! 15477 -14126 0 sims=290560 BLOCKER
> 9445 2785 275 349 45 0
> 10978 5361 72 -9 -59 2
> 11900 4341 35 -20 165 0
> 10768 4394 -5 280 88 0
! -71967 58804 200
! -16795 100520 200
> 9811 3312 310 448 63 0
> 11126 5566 177 319 -77 2
> 11767 4430 -112 75 147 0
> 10631 4652 -167 73 106 0
! 18891 21132 200 sims=304256 RUNNER
! 9383 -14358 200 sims=304256 BLOCKER
> 9811 3312 310 448 63 0
> 11126 5566 177 319 -77 2
> 11767 4430 -112 75 147 0
> 10631 4652 -167 73 106 0
! -51165 82144 200
! 14120 104591 0
> 10212 3938 340 532 63 0
> 11286 5686 135 101 -95 2
> 11529 4660 -202 195 129 0
> 10464 4725 -141 62 88 0
! 19292 21758 SHIELD sims=342320 RUNNER
! 3471 -12724 200 sims=342320 BLOCKER
> 10212 3938 340 532 63 0
> 11286 5686 135 101 -95 2
> 11529 4660 -202 195 129 0
> 10464 4725 -141 62 88 0
! -24307 98018 0
! 44666 98694 SHIELD
> 10390 3931 144 -26 63 0
> 11341 5656 38 174 -113 2
> 11329 4802 -161 -79 111 0
> 10485 5326 24 531 70 0
! 24532 18073 0 sims=393176 RUNNER
! 3526 -12754 200 sims=393176 BLOCKER
> 10390 3931 144 -26 63 0
> 11341 5656 38 174 -113 2
> 11329 4802 -161 -79 111 0
> 10485 5326 24 531 70 0
! -51602 82516 200
! 72051 84127 0
