@ 0 reCurse
@ 1 YurkovAS
CP 6
CP 6283 7773
CP 14103 7760
CP 13884 1193
CP 10267 4931
CP 6094 2208
CP 3027 5213
> 6282 7273 0 0 -1 1
> 6284 8273 0 0 -1 1
> 6281 6273 0 0 -1 1
> 6285 9273 0 0 -1 1
! 103124 -17658 200
! 106069 1726 200
> 6282 7273 0 0 -1 1
> 6284 8273 0 0 -1 1
> 6281 6273 0 0 -1 1
> 6285 9273 0 0 -1 1
! 25844 10431 BOOST sims=3034168 RUNNER
! 26090 6490 BOOST sims=3034168 BLOCKER
> 6476 7223 164 -42 -14 1
> 6484 8260 169 -11 -4 1
> 6917 6408 540 114 12 1
> 6929 9183 547 -76 -8 1
! 106232 14198 200
! 99202 -29200 0
> 6476 7223 164 -42 -14 1
> 6484 8260 169 -11 -4 1
> 6917 6408 540 114 12 1
> 6929 9183 547 -76 -8 1
! 26480 10566 200 sims=363544 RUNNER
! 26734 6400 200 sims=363544 BLOCKER
> 6840 7193 309 -25 4 1
> 6653 8249 143 -9 -22 1
> 7653 6564 625 132 12 1
> 7674 9079 633 -88 -8 1
! 106596 14168 200
! 99371 -29211 200
> 6840 7193 309 -25 4 1
> 6653 8249 143 -9 -22 1
> 7653 6564 625 132 12 1
> 7674 9079 633 -88 -8 1
! 24974 16564 0 sims=360744 RUNNER
! 25650 312 0 sims=360744 BLOCKER
> 7349 7182 432 -9 4 1
> 6981 8165 279 -71 -22 1
> 8278 6696 531 112 30 1
> 8307 8991 538 -74 -26 1
! 100067 44642 200
! 99699 -29295 200
> 7349 7182 432 -9 4 1
> 6981 8165 279 -71 -22 1
> 8278 6696 531 112 30 1
> 8307 8991 538 -74 -26 1
! 21661 21559 0 sims=329912 RUNNER
! 28112 6208 0 sims=329912 BLOCKER
> 7966 7248 524 56 22 1
> 7445 8019 394 -124 -22 1
> 8809 6808 451 95 48 1
> 8845 8917 457 -62 -8 1
! 84570 71526 200
! 107201 1043 0
> 7966 7248 524 56 22 1
> 7445 8019 394 -124 -22 1
> 8809 6808 451 95 48 1
> 8845 8917 457 -62 -8 1
! 26130 16808 0 sims=325016 RUNNER
! 26821 150 0 sims=325016 BLOCKER
> 8643 7433 575 156 40 1
> 7839 7895 334 -105 -4 1
> 9260 6903 383 80 30 1
> 9302 8855 388 -52 -26 1
! 85247 71711 200
! 104868 32087 200
> 8643 7433 575 156 40 1
> 7839 7895 334 -105 -4 1
> 9260 6903 383 80 30 1
> 9302 8855 388 -52 -26 1
! 26581 16903 200 sims=327224 RUNNER
! 23689 -5038 200 sims=327224 BLOCKER
> 9291 7795 529 327 40 1
> 8367 7838 448 -48 14 1
> 9897 7006 562 67 30 1
> 9834 8664 452 -162 -44 1
! 102009 45255 0
! 108123 862 200
> 9291 7795 529 327 40 1
> 8367 7838 448 -48 14 1
> 9897 7006 562 67 30 1
> 9834 8664 452 -162 -44 1
! 29460 11164 200 sims=339704 RUNNER
! 24221 -5229 SHIELD sims=339704 BLOCKER
> 9811 7861 566 -149 22 1
> 8781 7738 16 -138 -4 1
> 10655 7115 643 92 12 1
> 10310 8532 425 -86 -44 1
! 86415 72139 200
! 108537 762 200
> 9811 7861 566 -149 22 1
> 8781 7738 16 -138 -4 1
> 10655 7115 643 92 12 1
> 10310 8532 425 -86 -44 1
! 30218 11273 200 sims=321768 RUNNER
! 19699 -9127 0 sims=321768 BLOCKER
> 10421 7681 500 -178 40 1
> 8997 7586 183 -129 -4 1
> 11494 7249 712 113 12 1
> 10844 8605 471 88 -62 1
! 103139 45141 200
! 101715 -29874 200
> 10421 7681 500 -178 40 1
> 8997 7586 183 -129 -4 1
> 11494 7249 712 113 12 1
> 10844 8605 471 88 -62 1
! 31384 5158 0 sims=381752 RUNNER
! 14317 -11091 0 sims=381752 BLOCKER
> 11106 7578 582 -87 22 1
> 9365 7382 313 -173 -22 1
> 12206 7362 605 96 -6 1
> 11315 8693 400 74 -80 1
! 103824 45038 200
! 85969 -56896 200
> 11106 7578 582 -87 22 1
> 9365 7382 313 -173 -22 1
> 12206 7362 605 96 -6 1
> 11315 8693 400 74 -80 1
! 30477 -773 200 sims=366080 RUNNER
! 14788 -11003 0 sims=366080 BLOCKER
> 11873 7566 652 -10 22 1
> 9831 7080 396 -256 -40 1
> 12994 7377 669 12 -24 1
> 11715 8767 340 62 -80 1
! 104591 45026 200
! 102549 -30380 200
> 11873 7566 652 -10 22 1
> 9831 7080 396 -256 -40 1
> 12994 7377 669 12 -24 1
> 11715 8767 340 62 -80 1
! 27857 -6006 0 sims=395744 RUNNER
! 8932 -11038 200 sims=395744 BLOCKER
> 12710 7631 711 55 22 1
> 10412 6749 494 -281 -22 1
> 13663 7389 568 10 -42 2
> 12027 8631 265 -115 -98 1
! 112466 14606 200
! 87016 -57529 200
> 12710 7631 711 55 22 1
> 10412 6749 494 -281 -22 1
> 13663 7389 568 10 -42 2
> 12027 8631 265 -115 -98 1
! 23663 -9932 200 sims=383088 RUNNER
! 15500 -11065 200 sims=383088 BLOCKER
> 13621 7700 773 58 4 2
> 11059 6339 550 -348 -40 1
> 14331 7226 567 -138 -60 2
> 12327 8319 254 -265 -80 1
! 110650 -16492 SHIELD
! 103777 -31121 200
> 13621 7700 773 58 4 2
> 11059 6339 550 -348 -40 1
> 14331 7226 567 -138 -60 2
> 12327 8319 254 -265 -80 1
! 18489 -12337 200 sims=401728 RUNNER
! 21716 -9340 200 sims=401728 BLOCKER
> 14394 7758 657 49 -14 2
> 11794 5916 625 -359 -22 1
> 14940 6892 517 -283 -78 2
> 12675 7877 295 -375 -62 1
! 99198 -45234 0
! 88398 -58362 0
> 14394 7758 657 49 -14 2
> 11794 5916 625 -359 -22 1
> 14940 6892 517 -283 -78 2
> 12675 7877 295 -375 -62 1
! 12849 -12998 200 sims=405800 RUNNER
! 16148 -11819 0 sims=405800 BLOCKER
> 15051 7807 558 41 -32 2
> 12419 5557 531 -305 -40 1
> 15436 6410 421 -409 -96 2
> 12970 7502 250 -318 -80 1
! 79329 -68797 0
! 105137 -31903 200
> 15051 7807 558 41 -32 2
> 12419 5557 531 -305 -40 1
> 15436 6410 421 -409 -96 2
> 12970 7502 250 -318 -80 1
! 7301 -11861 0 sims=403320 RUNNER
! 10187 -12303 200 sims=403320 BLOCKER
> 15609 7848 474 34 -50 2
> 13135 5177 608 -322 -22 1
> 15857 6001 357 -347 -114 2
> 13192 6986 188 -438 -98 1
! 53069 -84870 0
! 112891 -1798 200
> 15609 7848 474 34 -50 2
> 13135 5177 608 -322 -22 1
> 15857 6001 357 -347 -114 2
> 13192 6986 188 -438 -98 1
! 2474 -8862 0 sims=384256 RUNNER
! 10409 -12819 200 sims=384256 BLOCKER
> 16083 7882 402 28 -68 2
> 13943 4841 686 -285 -4 1
> 16214 5654 303 -294 -132 2
> 13352 6350 136 -540 -98 1
! 23058 -91874 0
! 110972 29033 200
> 16083 7882 402 28 -68 2
> 13943 4841 686 -285 -4 1
> 16214 5654 303 -294 -132 2
> 13352 6350 136 -540 -98 1
! -1107 -4346 0 sims=361768 RUNNER
! 16825 -13346 0 sims=361768 BLOCKER
> 16485 7910 341 23 -86 2
> 14823 4604 748 -201 14 1
> 16517 5360 257 -249 -150 2
> 13488 5810 115 -459 -80 1
! -7707 -89119 200
! 99627 57595 200
> 16485 7910 341 23 -86 2
> 14823 4604 748 -201 14 1
> 16517 5360 257 -249 -150 2
> 13488 5810 115 -459 -80 1
! -3046 1202 0 sims=372728 RUNNER
! 10705 -13995 0 sims=372728 BLOCKER
> 16778 7739 248 -145 -104 2
> 15741 4509 779 -80 32 1
> 16774 5111 218 -211 -168 2
> 13603 5351 97 -390 -98 1
! -36214 -77065 200
! 80019 81113 200
> 16778 7739 248 -145 -104 2
> 15741 4509 779 -80 32 1
> 16774 5111 218 -211 -168 2
> 13603 5351 97 -390 -98 1
! -547 -4889 0 sims=372280 RUNNER
! 17076 -14345 0 sims=372280 BLOCKER
> 16920 7424 120 -267 -122 2
> 16369 4393 257 -286 50 1
> 17271 5089 698 169 -150 2
> 13700 4961 82 -331 -80 1
! -59684 -56854 200
! 80647 80997 0
> 16920 7424 120 -267 -122 2
> 16369 4393 257 -286 50 1
> 17271 5089 698 169 -150 2
> 13700 4961 82 -331 -80 1
! -2292 931 200 sims=367528 RUNNER
! 10917 -14844 0 sims=367528 BLOCKER
> 16887 7028 -28 -336 -140 2
> 16626 4107 218 -243 50 1
> 17773 5216 427 108 -168 2
> 13782 4630 69 -281 -98 1
! -75831 -30432 200
! 54086 96825 0
> 16887 7028 -28 -336 -140 2
> 16626 4107 218 -243 50 1
> 17773 5216 427 108 -168 2
> 13782 4630 69 -281 -98 1
! -2117 7307 200 sims=382464 RUNNER
! 17255 -15066 0 sims=382464 BLOCKER
> 16674 6617 -181 -349 -158 2
> 16844 3864 185 -206 68 1
> 18001 5345 193 109 -186 2
> 13851 4349 58 -238 -80 1
! -76044 -30843 200
! 23819 103620 200
> 16674 6617 -181 -349 -158 2
> 16844 3864 185 -206 68 1
> 18001 5345 193 109 -186 2
> 13851 4349 58 -238 -80 1
! -1889 7436 200 sims=391968 RUNNER
! 23240 -13310 0 sims=391968 BLOCKER
> 16308 6193 -311 -360 -158 2
> 17043 3858 169 -5 86 1
> 17995 5475 -5 110 174 2
> 13909 4111 49 -202 -62 1
! -60296 -58085 200
! -7149 100887 200
> 16308 6193 -311 -360 -158 2
> 17043 3858 169 -5 86 1
> 17995 5475 -5 110 174 2
> 13909 4111 49 -202 -62 1
! -1895 7566 200 sims=380760 RUNNER
! 28296 -9782 0 sims=380760 BLOCKER
> 15844 5704 -394 -415 -140 2
> 17164 4047 102 160 104 1
> 17791 5606 -173 111 174 2
> 13958 3909 41 -171 -44 1
! -76874 -31756 200
! -35827 88851 200
> 15844 5704 -394 -415 -140 2
> 17164 4047 102 160 104 1
> 17791 5606 -173 111 174 2
> 13958 3909 41 -171 -44 1
! -2099 7697 200 sims=373752 RUNNER
! 31934 -4858 0 sims=373752 BLOCKER
> 15265 5214 -492 -416 -158 2
> 17160 4377 -3 280 122 1
> 17419 5738 -316 112 174 2
> 13999 3738 34 -145 -26 1
! -61339 -59064 0
! -59444 68655 200
> 15265 5214 -492 -416 -158 2
> 17160 4377 -3 280 122 1
> 17419 5738 -316 112 174 2
> 13999 3738 34 -145 -26 1
! -2471 7829 200 sims=390432 RUNNER
! 28386 -10155 0 sims=390432 BLOCKER
> 14773 4798 -418 -353 -140 2
> 17004 4786 -132 347 140 1
> 16904 5871 -437 112 174 2
> 14033 3593 28 -123 -44 1
! -38218 -80006 0
! -75714 42246 200
> 14773 4798 -418 -353 -140 2
> 17004 4786 -132 347 140 1
> 16904 5871 -437 112 174 2
> 14033 3593 28 -123 -44 1
! -2659 1713 200 sims=271936 RUNNER
! 23422 -14066 0 sims=271936 BLOCKER
> 14355 4445 -355 -300 -122 2
> 16687 5208 -269 358 158 1
> 16271 5941 -537 59 192 2
> 14061 3470 23 -104 -62 1
! -9837 -92584 0
! -83069 12183 200
> 14355 4445 -355 -300 -122 2
> 16687 5208 -269 358 158 1
> 16271 5941 -537 59 192 2
> 14061 3470 23 -104 -62 1
! -1050 -4059 200 sims=371064 RUNNER
! 23450 -14189 SHIELD sims=371064 BLOCKER
> 13998 4177 -317 13 -104 2
> 16320 5437 -290 164 176 1
> 15459 6043 -711 116 210 2
> 14084 3363 21 -115 -62 1
! 20973 -95579 200
! -80709 -18755 200
> 13998 4177 -317 13 -104 2
> 16320 5437 -290 164 176 1
> 15459 6043 -711 116 210 2
> 14084 3363 21 -115 -62 1
! 2076 -8820 200 sims=386744 RUNNER
! 17557 -16333 0 sims=386744 BLOCKER
> 13695 3990 -257 -158 -86 2
> 15836 5553 -411 98 194 1
> 14614 6010 -718 -27 228 2
> 14105 3248 17 -97 -80 1
! 51155 -88728 200
! -68968 -47438 200
> 13695 3990 -257 -158 -86 2
> 15836 5553 -411 98 194 1
> 14614 6010 -718 -27 228 2
> 14105 3248 17 -97 -80 1
! 6479 -12261 200 sims=376528 RUNNER
! 11322 -16557 0 sims=376528 BLOCKER
> 13467 3701 -236 -194 -68 2
> 15255 5545 -493 -6 -148 1
> 13815 5800 -679 -178 246 2
> 14168 3096 96 -180 -98 1
! 77745 -72903 200
! -49023 -71059 200
> 13467 3701 -236 -194 -68 2
> 15255 5545 -493 -6 -148 1
> 13815 5800 -679 -178 246 2
> 14168 3096 96 -180 -98 1
! 11724 -14090 200 sims=327800 RUNNER
! 5401 -14880 0 sims=327800 BLOCKER
> 13360 3354 -91 -295 -50 2
> 14633 5386 -528 -135 -130 1
> 13115 5423 -594 -320 -96 2
> 14264 2916 81 -153 -116 1
! 98164 -49638 200
! -22827 -87332 200
> 13360 3354 -91 -295 -50 2
> 14633 5386 -528 -135 -130 1
> 13115 5423 -594 -320 -96 2
> 14264 2916 81 -153 -116 1
! 17273 -14140 200 sims=329616 RUNNER
! 371 -11471 0 sims=329616 BLOCKER
> 13439 2953 66 -340 -32 2
> 14030 5066 -512 -272 -112 1
> 12563 4907 -469 -438 -78 2
> 14345 2763 68 -130 -134 1
! 98243 -50039 200
! -23430 -87652 200
> 13439 2953 66 -340 -32 2
> 14030 5066 -512 -272 -112 1
> 12563 4907 -469 -438 -78 2
> 14345 2763 68 -130 -134 1
! 22563 -12414 200 sims=353016 RUNNER
! -3314 -6626 0 sims=353016 BLOCKER
> 13601 2506 28 -381 -32 2
> 13443 4609 -498 -388 -112 1
> 12194 4296 -313 -519 -60 2
> 14487 2634 229 -108 -152 1
! 110630 -21686 200
! 6467 -95147 200
> 13601 2506 28 -381 -32 2
> 13443 4609 -498 -388 -112 1
> 12194 4296 -313 -519 -60 2
> 14487 2634 229 -108 -152 1
! 27057 -9087 200 sims=368200 RUNNER
! -5209 -839 200 sims=368200 BLOCKER
> 13823 2077 188 -364 -14 2
> 12931 4021 -435 -499 -94 1
> 12030 3643 -139 -554 -42 2
> 14519 2491 27 -121 -170 1
! 113579 9052 0
! -24529 -88697 200
> 13823 2077 188 -364 -14 2
> 12931 4021 -435 -499 -94 1
> 12030 3643 -139 -554 -42 2
> 14519 2491 27 -121 -170 1
! 30301 -4492 0 sims=353512 RUNNER
! -5286 5274 200 sims=353512 BLOCKER
> 13854 1613 17 -400 4 3
> 12618 3422 -127 -448 -112 1
> 11694 3003 -423 -603 -24 2
> 14505 2498 -3 11 -188 1
! 106572 39073 0
! -24842 -89296 0
> 13854 1613 17 -400 4 3
> 12618 3422 -127 -448 -112 1
> 11694 3003 -423 -603 -24 2
> 14505 2498 -3 11 -188 1
! 31584 912 0 sims=397000 RUNNER
! -3471 11265 200 sims=397000 BLOCKER
> 13871 1213 14 -340 22 3
> 12491 2974 -107 -380 -112 1
> 11271 2400 -359 -512 -6 2
> 14322 2597 -155 83 154 1
! 90475 65491 0
! -51787 -73630 0
> 13871 1213 14 -340 22 3
> 12491 2974 -107 -380 -112 1
> 11271 2400 -359 -512 -6 2
> 14322 2597 -155 83 154 1
! 30834 6558 0 sims=393096 RUNNER
! -65 16490 200 sims=393096 BLOCKER
> 13885 873 11 -289 40 3
> 12384 2594 -90 -323 -130 1
> 10912 1888 -305 -435 12 2
> 14023 2819 -254 188 136 1
! 66876 85677 0
! -51894 -74010 0
> 13885 873 11 -289 40 3
> 12384 2594 -90 -323 -130 1
> 10912 1888 -305 -435 12 2
> 14023 2819 -254 188 136 1
! 30802 -203 200 sims=394712 RUNNER
! -3953 11586 0 sims=394712 BLOCKER
> 13896 584 9 -245 58 3
> 12294 2271 -76 -274 -130 1
> 10806 1432 -90 -387 -6 2
> 13769 3007 -215 159 154 1
! 38088 97613 200
! -25166 -90447 200
> 13896 584 9 -245 58 3
> 12294 2271 -76 -274 -130 1
> 10806 1432 -90 -387 -6 2
> 13769 3007 -215 159 154 1
! 29077 -6703 200 sims=393176 RUNNER
! -618 16900 0 sims=393176 BLOCKER
> 13953 533 48 -43 76 3
> 12143 1812 -128 -390 -112 1
> 10899 964 78 -398 -24 2
> 13554 3166 -182 135 136 1
! 6977 100289 200
! 5167 -97944 0
> 13953 533 48 -43 76 3
> 12143 1812 -128 -390 -112 1
> 10899 964 78 -398 -24 2
> 13554 3166 -182 135 136 1
! 30789 -1127 0 sims=366032 RUNNER
! -4422 11933 0 sims=366032 BLOCKER
> 13987 690 28 133 94 3
> 12015 1422 -108 -331 -94 1
> 10977 566 66 -338 -6 2
> 13372 3301 -154 114 154 1
! 7011 100446 200
! 36207 -95607 0
> 13987 690 28 133 94 3
> 12015 1422 -108 -331 -94 1
> 10977 566 66 -338 -6 2
> 13372 3301 -154 114 154 1
! 30540 4724 0 sims=387656 RUNNER
! -6433 6084 0 sims=387656 BLOCKER
> 14001 1023 11 282 94 3
> 11907 1091 -91 -281 -76 1
> 11043 228 56 -287 12 2
> 13218 3415 -130 96 172 1
! -23459 93741 200
! 36099 -95938 0
> 14001 1023 11 282 94 3
> 11907 1091 -91 -281 -76 1
> 11043 228 56 -287 12 2
> 13218 3415 -130 96 172 1
! 28364 10228 0 sims=388216 RUNNER
! -6478 -58 0 sims=388216 BLOCKER
> 13937 1490 -54 397 112 3
> 11816 810 -77 -238 -76 1
> 11099 -59 47 -243 30 2
> 13088 3511 -110 81 -170 1
! -50341 78094 200
! 64807 -83994 0
> 13937 1490 -54 397 112 3
> 11816 810 -77 -238 -76 1
> 11099 -59 47 -243 30 2
> 13088 3511 -110 81 -170 1
! 24482 14804 200 sims=369648 RUNNER
! -4571 -5878 0 sims=369648 BLOCKER
> 13754 2040 -155 467 130 3
> 11739 572 -65 -202 -58 1
> 11280 -153 153 -80 48 2
> 12978 3592 -93 68 -152 1
! -50524 78644 0
! 35931 -96457 0
> 13754 2040 -155 467 130 3
> 11739 572 -65 -202 -58 1
> 11280 -153 153 -80 48 2
> 12978 3592 -93 68 -152 1
! 28601 9847 0 sims=346888 RUNNER
! -915 -10795 0 sims=346888 BLOCKER
> 13599 2507 -131 396 130 3
> 11757 514 41 -4 -76 1
> 11350 -377 33 -235 30 2
> 12885 3660 -79 57 -134 1
! -71205 55498 0
! 35949 -96515 200
> 13599 2507 -131 396 130 3
> 11757 514 41 -4 -76 1
> 11350 -377 33 -235 30 2
> 12885 3660 -79 57 -134 1
! 24733 14486 200 sims=351960 RUNNER
! 4118 -14316 0 sims=351960 BLOCKER
> 13468 2903 -111 336 148 3
> 11846 316 75 -168 -76 1
> 11517 -463 141 -73 48 2
> 12806 3717 -67 48 -116 1
! -71336 55894 0
! 4870 -99440 200
> 13468 2903 -111 336 148 3
> 11846 316 75 -168 -76 1
> 11517 -463 141 -73 48 2
> 12806 3717 -67 48 -116 1
! 24900 14400 200 sims=266104 RUNNER
! 10023 -16088 0 sims=266104 BLOCKER
> 13357 3239 -94 285 148 3
> 12079 360 213 72 -94 1
> 11620 -798 72 -320 48 2
> 12739 3765 -56 40 -98 1
! -71447 56230 0
! 36271 -96669 0
> 13357 3239 -94 285 148 3
> 12079 360 213 72 -94 1
> 11620 -798 72 -320 48 2
> 12739 3765 -56 40 -98 1
! 28941 9202 200 sims=364608 RUNNER
! 9956 -16040 SHIELD sims=364608 BLOCKER
> 13507 3322 140 58 148 3
> 12292 432 181 61 -76 1
> 11865 -1018 208 -187 30 2
> 12659 3825 -69 52 -98 1
! -50771 79926 200
! 65283 -84372 0
> 13507 3322 140 58 148 3
> 12292 432 181 61 -76 1
> 11865 -1018 208 -187 30 2
> 12659 3825 -69 52 -98 1
! 25248 13845 0 sims=351992 RUNNER
! 3892 -14151 0 sims=351992 BLOCKER
> 13518 3533 9 179 130 3
> 12473 493 153 51 -58 1
> 12073 -1205 176 -158 48 2
> 12590 3877 -58 44 -116 1
! -71286 56524 200
! 65464 -84311 0
> 13518 3533 9 179 130 3
> 12473 493 153 51 -58 1
> 12073 -1205 176 -158 48 2
> 12590 3877 -58 44 -116 1
! 20208 17066 0 sims=384016 RUNNER
! -1303 -10510 0 sims=384016 BLOCKER
> 13357 3818 -136 242 148 3
> 12626 544 130 43 -58 1
> 12249 -1363 149 -134 66 2
> 12532 3921 -49 37 -134 1
! -83672 28010 200
! 36818 -96485 0
> 13357 3818 -136 242 148 3
> 12626 544 130 43 -58 1
> 12249 -1363 149 -134 66 2
> 12532 3921 -49 37 -134 1
! 14340 18527 0 sims=394600 RUNNER
! -1361 -10466 SHIELD sims=394600 BLOCKER
> 13521 4061 187 201 166 3
> 12756 587 110 36 -76 1
> 12398 -1497 126 -113 84 2
> 12434 3963 -88 35 -134 1
! -83508 28253 200
! 5780 -99169 0
> 13521 4061 187 201 166 3
> 12756 587 110 36 -76 1
> 12398 -1497 126 -113 84 2
> 12434 3963 -88 35 -134 1
! 8240 18066 200 sims=396712 RUNNER
! -5225 -5426 0 sims=396712 BLOCKER
> 13514 4310 -6 211 166 3
> 12866 623 93 30 -94 1
> 12482 -1414 71 70 102 2
> 12346 3998 -74 29 -152 1
! -86242 -2665 200
! -24594 -92095 0
> 13514 4310 -6 211 166 3
> 12866 623 93 30 -94 1
> 12482 -1414 71 70 102 2
> 12346 3998 -74 29 -152 1
! 14573 18476 0 sims=365392 RUNNER
! -7350 525 0 sims=365392 BLOCKER
> 13308 4507 -174 167 -176 3
> 12959 653 79 25 -112 1
> 12553 -1344 60 59 84 2
> 12272 4027 -62 24 -170 1
! -86448 -2468 200
! 5983 -99103 200
> 13308 4507 -174 167 -176 3
> 12959 653 79 25 -112 1
> 12553 -1344 60 59 84 2
> 12272 4027 -62 24 -170 1
! 20688 16927 200 sims=348608 RUNNER
! -7533 6810 0 sims=348608 BLOCKER
> 12934 4660 -317 130 -176 3
> 13024 478 55 -148 -94 1
> 12694 -1102 120 205 66 2
> 12210 4051 -52 20 172 1
! -79784 -32800 200
! 6048 -99278 0
> 12934 4660 -317 130 -176 3
> 13024 478 55 -148 -94 1
> 12694 -1102 120 205 66 2
> 12210 4051 -52 20 172 1
! 14785 18788 0 sims=335024 RUNNER
! -5766 12818 200 sims=335024 BLOCKER
> 12492 4778 -289 189 -158 3
> 13079 330 46 -125 -94 1
> 12814 -897 102 174 84 2
> 11918 4096 -334 -51 154 1
! -64112 -59500 200
! -24381 -92388 200
> 12492 4778 -289 189 -158 3
> 13079 330 46 -125 -94 1
> 12814 -897 102 174 84 2
> 11918 4096 -334 -51 154 1
! 20949 17374 200 sims=365960 RUNNER
! -7887 6879 200 sims=365960 BLOCKER
> 12050 4838 -375 51 -140 3
> 13088 255 68 317 -112 1
> 12960 -776 63 -277 66 2
> 11386 4073 -452 -19 172 1
! -80668 -32622 0
! 6112 -99501 0
> 12050 4838 -375 51 -140 3
> 13088 255 68 317 -112 1
> 12960 -776 63 -277 66 2
> 11386 4073 -452 -19 172 1
! 21095 17495 200 sims=334504 RUNNER
! -8310 600 0 sims=334504 BLOCKER
> 11675 4889 -318 43 -158 3
> 13156 572 57 269 -94 1
> 13104 -870 122 -80 66 2
> 10934 4054 -384 -16 -170 1
! -64929 -59389 200
! 37348 -96457 200
> 11675 4889 -318 43 -158 3
> 13156 572 57 269 -94 1
> 13104 -870 122 -80 66 2
> 10934 4054 -384 -16 -170 1
! 15195 19020 200 sims=377712 RUNNER
! -6725 -5335 0 sims=377712 BLOCKER
> 11204 4803 -400 -72 -140 3
> 13261 647 89 63 -76 1
> 13247 -751 121 101 84 2
> 10550 4038 -326 -13 -152 1
! -41787 -80001 200
! 37453 -96382 200
> 11204 4803 -400 -72 -140 3
> 13261 647 89 63 -76 1
> 13247 -751 121 101 84 2
> 10550 4038 -326 -13 -152 1
! 15338 19139 200 sims=365664 RUNNER
! -9146 565 0 sims=365664 BLOCKER
> 10753 4625 -267 -19 -122 4
> 13398 516 116 -111 -76 1
> 13389 -451 120 254 84 2
> 10169 3962 -439 -197 -170 1
! -42239 -80179 200
! 6422 -99240 SHIELD
> 10753 4625 -267 -19 -122 4
> 13398 516 116 -111 -76 1
> 13389 -451 120 254 84 2
> 10169 3962 -439 -197 -170 1
! 15480 19439 SHIELD sims=339056 RUNNER
! -9636 6745 0 sims=339056 BLOCKER
> 10380 4436 -317 -160 -122 4
> 13516 603 101 215 -94 1
> 13507 -395 99 -94 84 2
> 9730 3765 -373 -167 172 1
! -42612 -80368 200
! -23944 -92115 0
> 10380 4436 -317 -160 -122 4
> 13516 603 101 215 -94 1
> 13507 -395 99 -94 84 2
> 9730 3765 -373 -167 172 1
! 15598 19495 0 sims=351840 RUNNER
! -8246 12532 0 sims=351840 BLOCKER
> 9971 4118 -236 -173 -122 4
> 13617 818 85 182 -112 1
> 13606 -489 84 -79 84 2
> 9343 3586 -440 -248 154 1
! -66633 -60160 200
! -23843 -91900 0
> 9971 4118 -236 -173 -122 4
> 13617 818 85 182 -112 1
> 13606 -489 84 -79 84 2
> 9343 3586 -440 -248 154 1
! 15697 19401 0 sims=383320 RUNNER
! -5044 17479 0 sims=383320 BLOCKER
> 9582 3816 -330 -256 -140 4
> 13702 1000 72 154 -112 1
> 13690 -568 71 -67 84 2
> 8903 3338 -374 -210 136 1
! -67022 -60462 200
! 6726 -98756 0
> 9582 3816 -330 -256 -140 4
> 13702 1000 72 154 -112 1
> 13690 -568 71 -67 84 2
> 8903 3338 -374 -210 136 1
! 15781 19322 0 sims=367104 RUNNER
! -486 20997 0 sims=367104 BLOCKER
> 9247 3533 -260 -224 -140 4
> 13774 1154 61 130 -94 1
> 13761 -635 60 -56 84 2
> 8380 3027 -468 -280 118 1
! -67357 -60745 200
! 6798 -98602 200
> 9247 3533 -260 -224 -140 4
> 13774 1154 61 130 -94 1
> 13761 -635 60 -56 84 2
> 8380 3027 -468 -280 118 1
! 9603 18928 200 sims=382112 RUNNER
! 4907 22723 0 sims=382112 BLOCKER
> 8834 3180 -351 -299 -140 4
> 13821 1084 39 -59 -94 1
> 13779 -495 15 118 102 2
> 7912 2747 -397 -238 100 1
! -83884 -34280 200
! 6845 -98672 200
> 8834 3180 -351 -299 -140 4
> 13821 1084 39 -59 -94 1
> 13779 -495 15 118 102 2
> 7912 2747 -397 -238 100 1
! 15870 19395 200 sims=299608 RUNNER
! 10695 22552 0 sims=299608 BLOCKER
> 8298 2806 -455 -317 -158 4
> 13846 825 21 -219 -94 1
> 13815 -178 30 269 84 2
> 7515 2509 -337 -202 82 1
! -91458 -4169 200
! 38038 -96204 SHIELD
> 8298 2806 -455 -317 -158 4
> 13846 825 21 -219 -94 1
> 13815 -178 30 269 84 2
> 7515 2509 -337 -202 82 1
! 15906 19712 SHIELD sims=269304 RUNNER
! 16282 20485 0 sims=269304 BLOCKER
> 7929 2583 -283 -178 -176 4
> 13877 890 31 228 -76 1
> 13835 -193 11 -185 84 2
> 6893 2199 -558 -274 64 1
! -89100 26775 200
! 38069 -96139 0
> 7929 2583 -283 -178 -176 4
> 13877 890 31 228 -76 1
> 13835 -193 11 -185 84 2
> 6893 2199 -558 -274 64 1
! 15926 19697 0 sims=373224 RUNNER
! 20786 16586 200 sims=373224 BLOCKER
> 7452 2453 -405 -110 166 4
> 13908 1118 26 193 -76 1
> 13846 -378 9 -157 84 2
> 6474 2069 -356 -110 46 1
! -89577 26645 200
! 38100 -95911 0
> 7452 2453 -405 -110 166 4
> 13908 1118 26 193 -76 1
> 13846 -378 9 -157 84 2
> 6474 2069 -356 -110 46 1
! 15937 19512 0 sims=362032 RUNNER
! 15241 20045 200 sims=362032 BLOCKER
> 6951 2430 -227 57 166 4
> 13934 1311 22 164 -76 1
> 13855 -535 7 -133 84 2
> 6108 2100 -509 -50 64 1
! -90078 26622 200
! 6958 -98445 0
> 6951 2430 -227 57 166 4
> 13934 1311 22 164 -76 1
> 13855 -535 7 -133 84 2
> 6108 2100 -509 -50 64 1
! 15946 19355 0 sims=359104 RUNNER
! 8891 21905 200 sims=359104 BLOCKER
> 6530 2535 -357 89 166 5
> 13956 1475 18 139 -94 1
> 13862 -668 5 -113 84 2
> 5627 2248 -408 125 82 1
! -93226 -4440 200
! 6980 -98281 200
> 6530 2535 -357 89 166 5
> 13956 1475 18 139 -94 1
> 13862 -668 5 -113 84 2
> 5627 2248 -408 125 82 1
! 15953 19222 200 sims=329248 RUNNER
! 14394 20224 200 sims=329248 BLOCKER
> 6107 2639 -240 114 -176 5
> 13960 1414 3 -51 -94 1
> 13888 -582 22 73 84 2
> 5174 2524 -504 208 64 1
! -93649 -4336 200
! 6984 -98342 200
> 6107 2639 -240 114 -176 5
> 13960 1414 3 -51 -94 1
> 13888 -582 22 73 84 2
> 5174 2524 -504 208 64 1
! 15979 19308 200 sims=360296 RUNNER
! 19067 16911 200 sims=360296 BLOCKER
> 5667 2739 -373 85 -176 5
> 13949 1163 -9 -212 -94 1
> 13931 -310 36 231 84 2
> 4809 2876 -310 299 46 1
! -91362 26931 200
! 6973 -98593 200
> 5667 2739 -373 85 -176 5
> 13949 1163 -9 -212 -94 1
> 13931 -310 36 231 84 2
> 4809 2876 -310 299 46 1
! 9773 19253 200 sims=350792 RUNNER
! 22468 12265 0 sims=350792 BLOCKER
> 5250 2836 -295 68 166 5
> 13927 917 -15 362 -94 1
> 13925 -49 -8 -349 102 2
> 4349 3212 -449 299 28 1
! -79554 55827 200
! 6951 -98839 200
> 5250 2836 -295 68 166 5
> 13927 917 -15 362 -94 1
> 13925 -49 -8 -349 102 2
> 4349 3212 -449 299 28 1
! 9767 19514 200 sims=360352 RUNNER
! 24045 6685 0 sims=360352 BLOCKER
> 4785 3010 -394 147 148 5
> 13898 1079 -24 138 -94 1
> 13875 -202 -42 -130 102 2
> 3900 3511 -381 254 10 1
! -59493 79614 200
! 6922 -98677 200
> 4785 3010 -394 147 148 5
> 13898 1079 -24 138 -94 1
> 13875 -202 -42 -130 102 2
> 3900 3511 -381 254 10 1
! 15966 19688 200 sims=350280 RUNNER
! 23705 728 200 sims=350280 BLOCKER
> 4352 3249 -218 100 130 5
> 13860 1017 -32 -52 -94 1
> 13854 -133 -17 58 84 2
> 3627 3799 -381 346 -8 1
! -33108 95967 200
! 6884 -98739 200
> 4352 3249 -218 100 130 5
> 13860 1017 -32 -52 -94 1
> 13854 -133 -17 58 84 2
> 3627 3799 -381 346 -8 1
! 15945 19757 200 sims=337984 RUNNER
! 21603 -4968 200 sims=337984 BLOCKER
> 4059 3534 -248 242 112 5
> 13808 923 -54 216 -94 1
> 13863 -33 18 -211 84 2
> 3426 4057 -171 219 -26 1
! -60219 80138 200
! 38000 -96106 200
> 4059 3534 -248 242 112 5
> 13808 923 -54 216 -94 1
> 13863 -33 18 -211 84 2
> 3426 4057 -171 219 -26 1
! 9705 19530 200 sims=356600 RUNNER
! 17813 -9836 200 sims=356600 BLOCKER
> 4029 3644 -11 81 130 5
> 13802 945 -4 18 -76 1
> 13839 -48 -20 -13 102 2
> 3052 4423 -331 322 -44 1
! -80775 56635 200
! 6826 -98811 200
> 4029 3644 -11 81 130 5
> 13802 945 -4 18 -76 1
> 13839 -48 -20 -13 102 2
> 3052 4423 -331 322 -44 1
! 15930 19842 200 sims=362408 RUNNER
! 21028 -4344 200 sims=362408 BLOCKER
> 3848 3831 -153 158 148 5
> 13774 935 -33 156 -94 1
> 13850 -34 19 -152 84 2
> 2901 4657 -128 199 -26 1
! -60430 80435 200
! 37966 -96094 200
> 3848 3831 -153 158 148 5
> 13774 935 -33 156 -94 1
> 13850 -34 19 -152 84 2
> 2901 4657 -128 199 -26 1
! 15941 19856 200 sims=357936 RUNNER
! 22706 1874 200 sims=357936 BLOCKER
> 3566 4142 -239 264 130 5
> 13789 897 13 -32 -76 1
> 13890 13 33 39 84 2
> 2971 4828 59 145 -8 1
! -33894 96860 0
! 37981 -96132 200
> 3566 4142 -239 264 130 5
> 13789 897 13 -32 -76 1
> 13890 13 33 39 84 2
> 2971 4828 59 145 -8 1
! 9732 19576 200 sims=285768 RUNNER
! 22667 8301 200 sims=285768 BLOCKER
> 3466 4202 -36 -20 112 5
> 13809 1045 8 201 -76 1
> 13923 -126 36 -193 102 2
> 3088 5211 51 397 10 1
! -3509 103958 200
! 6833 -98711 200
> 3466 4202 -36 -20 112 5
> 13809 1045 8 201 -76 1
> 13923 -126 36 -193 102 2
> 3088 5211 51 397 10 1
! 9765 19437 200 sims=372232 RUNNER
! 20747 14600 0 sims=372232 BLOCKER
> 3416 4382 -42 152 94 5
> 13803 1046 -5 1 -94 1
> 13917 -123 -4 2 102 2
> 3139 5608 43 337 28 1
! 27608 101411 200
! 6827 -98710 200
> 3416 4382 -42 152 94 5
> 13803 1046 -5 1 -94 1
> 13917 -123 -4 2 102 2
> 3139 5608 43 337 28 1
! 16008 19767 200 sims=365024 RUNNER
! 22835 9081 0 sims=365024 BLOCKER
> 3422 4728 5 294 76 5
> 13781 863 -76 153 -94 1
> 13937 62 75 -151 84 2
> 3182 5945 36 286 10 1
! 56413 89532 200
! 37973 -96166 200
> 3422 4728 5 294 76 5
> 13781 863 -76 153 -94 1
> 13937 62 75 -151 84 2
> 3182 5945 36 286 10 1
! 9779 19625 200 sims=349792 RUNNER
! 22987 3162 200 sims=349792 BLOCKER
> 3533 5192 94 394 58 0
> 13728 940 -51 94 -76 1
> 13996 -11 56 -91 102 2
> 3416 6203 198 219 -8 1
! 56524 89996 200
! 66719 -83864 200
> 3533 5192 94 394 58 0
> 13728 940 -51 94 -76 1
> 13996 -11 56 -91 102 2
> 3416 6203 198 219 -8 1
! 9838 19552 200 sims=341096 RUNNER
! 21392 -2564 200 sims=341096 BLOCKER
> 3741 5532 183 106 58 0
> 13783 864 46 -64 -58 1
> 14010 94 12 88 102 2
> 3785 6558 307 484 -26 1
! 56732 90336 200
! 37975 -96165 200
> 3741 5532 183 106 58 0
> 13783 864 46 -64 -58 1
> 14010 94 12 88 102 2
> 3785 6558 307 484 -26 1
! 4010 17415 0 sims=341640 RUNNER
! 18172 -7335 0 sims=341640 BLOCKER
> 4030 5808 245 234 58 0
> 13778 944 -5 70 -76 1
> 14122 -156 95 -214 120 2
> 4092 7042 260 411 -44 1
! 57021 90612 200
! 37970 -96085 0
> 4030 5808 245 234 58 0
> 13778 944 -5 70 -76 1
> 14122 -156 95 -214 120 2
> 4092 7042 260 411 -44 1
! 9964 19407 200 sims=300192 RUNNER
! 13481 -10617 200 sims=300192 BLOCKER
> 4381 6212 298 343 58 0
> 13773 1014 -4 59 -76 1
> 14175 -174 45 -15 102 2
> 4446 7276 300 199 -62 1
! 57372 91016 200
! 66764 -83790 200
> 4381 6212 298 343 58 0
> 13773 1014 -4 59 -76 1
> 14175 -174 45 -15 102 2
> 4446 7276 300 199 -62 1
! 10017 19389 200 sims=347016 RUNNER
! 7919 -12420 200 sims=347016 BLOCKER
> 4776 6478 327 0 58 0
> 13875 903 86 -94 -58 1
> 14178 7 2 153 102 2
> 4790 7525 300 437 -80 1
! 28968 103507 200
! 38067 -96126 200
> 4776 6478 327 0 58 0
> 13875 903 86 -94 -58 1
> 14178 7 2 153 102 2
> 4790 7525 300 437 -80 1
! 4178 17328 0 sims=311632 RUNNER
! 14179 -10134 200 sims=311632 BLOCKER
> 5151 6672 319 164 76 0
> 13907 912 -13 124 -76 1
> 14283 -137 129 -239 120 2
> 5184 7785 334 221 -62 1
! 29343 103701 200
! 38099 -96117 200
> 5151 6672 319 164 76 0
> 13907 912 -13 124 -76 1
> 14283 -137 129 -239 120 2
> 5184 7785 334 221 -62 1
! 10125 19426 200 sims=344992 RUNNER
! 14573 -9874 200 sims=344992 BLOCKER
> 5518 7030 312 304 76 0
> 13942 842 30 -59 -76 1
> 14370 -180 74 -36 102 2
> 5612 7829 363 37 -62 1
! 29710 104059 SHIELD
! 66933 -83962 200
> 5518 7030 312 304 76 0
> 13942 842 30 -59 -76 1
> 14370 -180 74 -36 102 2
> 5612 7829 363 37 -62 1
! 4370 17141 200 sims=379024 RUNNER
! 19999 -6064 200 sims=379024 BLOCKER
> 5822 7266 258 200 76 0
> 14043 698 -13 120 -58 1
> 14379 -128 106 -197 120 2
> 6201 8404 501 495 -44 1
! 58813 92070 0
! 38235 -96331 200
> 5822 7266 258 200 76 0
> 14043 698 -13 120 -58 1
> 14379 -128 106 -197 120 2
> 6201 8404 501 495 -44 1
! 10221 19435 200 sims=389792 RUNNER
! 24177 -363 200 sims=389792 BLOCKER
> 6080 7466 219 170 58 1
> 14078 624 30 -62 -76 1
> 14443 -129 54 -1 102 2
> 6882 8811 578 346 -26 1
! 82684 71744 0
! 67069 -84180 200
> 6080 7466 219 170 58 1
> 14078 624 30 -62 -76 1
> 14443 -129 54 -1 102 2
> 6882 8811 578 346 -26 1
! 10285 19434 200 sims=378664 RUNNER
! 24858 44 200 sims=378664 BLOCKER
> 6299 7636 186 144 40 1
> 14037 751 -49 135 -58 1
> 14633 -293 175 -167 102 2
> 7640 9069 644 219 -26 1
! 99017 45096 0
! 90641 -63527 0
> 6299 7636 186 144 40 1
> 14037 751 -49 135 -58 1
> 14633 -293 175 -167 102 2
> 7640 9069 644 219 -26 1
! 4633 17028 200 sims=394624 RUNNER
! 22027 -4824 200 sims=394624 BLOCKER
> 6485 7780 158 122 22 1
> 13988 886 -41 114 -40 1
> 14708 -287 63 5 120 2
> 8428 9149 669 68 -44 1
! 106241 14755 200
! 66979 -83918 200
> 6485 7780 158 122 22 1
> 13988 886 -41 114 -40 1
> 14708 -287 63 5 120 2
> 8428 9149 669 68 -44 1
! 4708 17034 200 sims=388104 RUNNER
! 26404 382 0 sims=388104 BLOCKER
> 6843 7916 303 115 4 1
> 14053 830 55 -47 -58 1
> 14671 -109 -31 151 120 2
> 9097 9217 568 57 -26 1
! 106599 14891 200
! 67044 -83974 200
> 6843 7916 303 115 4 1
> 14053 830 55 -47 -58 1
> 14671 -109 -31 151 120 2
> 9097 9217 568 57 -26 1
! -192 13274 200 sims=376608 RUNNER
! 23484 -4676 0 sims=376608 BLOCKER
> 7346 8045 427 109 4 1
> 14060 850 -143 247 -58 1
> 14645 -61 127 -189 138 2
> 9665 9274 482 48 -44 1
! 107102 15020 200
! 67051 -83954 200
> 7346 8045 427 109 4 1
> 14060 850 -143 247 -58 1
> 14645 -61 127 -189 138 2
> 9665 9274 482 48 -44 1
! 4645 17260 200 sims=334096 RUNNER
! 19054 -8385 0 sims=334096 BLOCKER
> 7973 8168 532 104 4 1
> 14023 927 -31 65 -58 1
> 14672 -77 22 -13 120 2
> 10147 9322 409 40 -62 1
! 107729 15143 200
! 67014 -83877 200
> 7973 8168 532 104 4 1
> 14023 927 -31 65 -58 1
> 14672 -77 22 -13 120 2
> 10147 9322 409 40 -62 1
! 4672 17244 200 sims=369808 RUNNER
! 13620 -10374 0 sims=369808 BLOCKER
> 8705 8286 621 100 4 1
> 14098 822 63 -88 -58 1
> 14594 83 -66 136 120 2
> 10556 9362 347 34 -80 1
! 105734 -15906 0
! 67089 -83982 200
> 8705 8286 621 100 4 1
> 14098 822 63 -88 -58 1
> 14594 83 -66 136 120 2
> 10556 9362 347 34 -80 1
! 4594 17404 SHIELD sims=370128 RUNNER
! 7773 -10443 200 sims=370128 BLOCKER
> 9326 8386 527 85 -14 1
> 13891 1117 -253 365 -58 1
> 14566 164 -16 57 120 2
> 10875 9198 271 -139 -98 1
! 109082 15361 0
! 66882 -83687 200
> 9326 8386 527 85 -14 1
> 13891 1117 -253 365 -58 1
> 14566 164 -16 57 120 2
> 10875 9198 271 -139 -98 1
! 4566 17485 0 sims=371936 RUNNER
! 2108 -8778 0 sims=371936 BLOCKER
> 9853 8471 447 72 4 1
> 13744 1312 -124 166 -58 1
> 14550 221 -13 48 120 2
> 11146 9059 230 -118 -116 1
! 109609 15446 0
! 90348 -62966 200
> 9853 8471 447 72 4 1
> 13744 1312 -124 166 -58 1
> 14550 221 -13 48 120 2
> 11146 9059 230 -118 -116 1
! 4550 17542 0 sims=345768 RUNNER
! -2747 -5328 200 sims=345768 BLOCKER
> 10300 8543 379 61 4 1
> 13773 1349 24 31 -40 1
> 14537 269 -11 40 120 2
> 11237 8797 77 -222 -134 1
! 110056 15518 0
! 66764 -83455 200
> 10300 8543 379 61 4 1
> 13773 1349 24 31 -40 1
> 14537 269 -11 40 120 2
> 11237 8797 77 -222 -134 1
! 4537 17590 0 sims=379224 RUNNER
! -2656 -5590 SHIELD sims=379224 BLOCKER
> 10362 8557 -198 -25 4 1
> 13903 1210 110 -117 -58 1
> 14526 309 -9 34 120 2
> 11346 8580 117 -180 -134 1
! 110118 15532 200
! 66894 -83594 200
> 10362 8557 -198 -25 4 1
> 13903 1210 110 -117 -58 1
> 14526 309 -9 34 120 2
> 11346 8580 117 -180 -134 1
! 4526 17630 200 sims=388904 RUNNER
! -2547 -5807 0 sims=388904 BLOCKER
> 10364 8546 1 -9 4 1
> 13949 1165 -105 167 -58 1
> 14587 275 196 -234 120 2
> 11463 8400 99 -153 -134 1
! 103082 46006 200
! 66940 -83639 200
> 10364 8546 1 -9 4 1
> 13949 1165 -105 167 -58 1
> 14587 275 196 -234 120 2
> 11463 8400 99 -153 -134 1
! 4587 17596 200 sims=389520 RUNNER
! -6196 -989 0 sims=389520 BLOCKER
> 10550 8612 158 56 22 1
> 13950 1162 0 -2 -58 1
> 14683 214 81 -51 120 2
> 11562 8247 84 -130 -152 1
! 110306 15587 200
! 90554 -63116 200
> 10550 8612 158 56 22 1
> 13950 1162 0 -2 -58 1
> 14683 214 81 -51 120 2
> 11562 8247 84 -130 -152 1
! -180 13597 200 sims=333256 RUNNER
! -8134 4774 0 sims=333256 BLOCKER
> 10908 8682 303 59 4 1
> 14103 1031 130 -110 -40 1
> 14615 297 -57 70 138 2
> 11646 8117 71 -110 -170 1
! 107937 -15510 0
! 67094 -83773 200
> 10908 8682 303 59 4 1
> 14103 1031 130 -110 -40 1
> 14615 297 -57 70 138 2
> 11646 8117 71 -110 -170 1
! -248 13680 SHIELD sims=374712 RUNNER
! -8159 10900 0 sims=374712 BLOCKER
> 11211 8741 257 50 -14 1
> 13971 1291 -194 341 -58 1
> 14595 313 -8 1 138 2
> 11717 8007 60 -93 172 1
! 96015 -44251 200
! 66962 -83513 200
> 11211 8741 257 50 -14 1
> 13971 1291 -194 341 -58 1
> 14595 313 -8 1 138 2
> 11717 8007 60 -93 172 1
! 4595 17634 0 sims=379728 RUNNER
! -7979 4534 0 sims=379728 BLOCKER
> 11622 8731 320 81 -32 1
> 13883 1462 -74 145 -58 1
> 14587 314 -6 0 120 2
> 11792 7868 93 -208 -170 1
! 96426 -44261 200
! 66874 -83342 200
> 11622 8731 320 81 -32 1
> 13883 1462 -74 145 -58 1
> 14587 314 -6 0 120 2
> 11792 7868 93 -208 -170 1
! 10429 19877 0 sims=401256 RUNNER
! -5867 -1521 0 sims=401256 BLOCKER
> 12112 8706 416 -21 -32 1
> 13915 1437 27 -20 -58 1
> 14581 314 -5 0 102 2
> 11885 7660 79 -176 -152 1
! 76390 -67898 200
! 66906 -83367 200
> 12112 8706 416 -21 -32 1
> 13915 1437 27 -20 -58 1
> 14581 314 -5 0 102 2
> 11885 7660 79 -176 -152 1
! 4581 17635 0 sims=324104 RUNNER
! -2008 -6727 0 sims=324104 BLOCKER
> 12657 8532 462 -148 -50 1
> 14048 1247 113 -161 -58 1
> 14576 314 -4 0 120 2
> 11964 7484 67 -149 -134 1
! 50117 -84186 200
! 67039 -83557 200
> 12657 8532 462 -148 -50 1
> 14048 1247 113 -161 -58 1
> 14576 314 -4 0 120 2
> 11964 7484 67 -149 -134 1
! 4576 17635 200 sims=328552 RUNNER
! 3197 -10492 200 sims=328552 BLOCKER
> 13194 8199 456 -283 -68 1
> 14112 1202 -55 165 -58 1
> 14627 201 153 -298 120 2
> 11943 7155 -17 -279 -116 1
! 20169 -91557 200
! 38304 -95827 200
> 13194 8199 456 -283 -68 1
> 14112 1202 -55 165 -58 1
> 14627 201 153 -298 120 2
> 11943 7155 -17 -279 -116 1
! 4627 17522 200 sims=327840 RUNNER
! 9160 -12650 200 sims=327840 BLOCKER
> 13664 7716 399 -410 -86 2
> 14105 1173 -5 -24 -76 1
> 14680 76 45 -106 120 2
> 11898 6678 -38 -405 -98 1
! -10528 -89313 200
! 67096 -83631 200
> 13664 7716 399 -410 -86 2
> 14105 1173 -5 -24 -76 1
> 14680 76 45 -106 120 2
> 11898 6678 -38 -405 -98 1
! 4680 17397 200 sims=335256 RUNNER
! 15371 -13018 200 sims=335256 BLOCKER
> 14015 7112 298 -513 -104 2
> 14206 979 85 -164 -58 1
> 14625 143 -46 57 120 2
> 11895 6076 -2 -511 -80 1
! -10177 -89917 200
! 67197 -83825 200
> 14015 7112 298 -513 -104 2
> 14206 979 85 -164 -58 1
> 14625 143 -46 57 120 2
> 11895 6076 -2 -511 -80 1
! 4625 17464 200 sims=300040 RUNNER
! 21284 -11583 200 sims=300040 BLOCKER
> 14265 6405 212 -601 -104 2
> 14170 1113 -80 216 -58 1
> 14706 -94 118 -304 120 2
> 11987 5388 78 -584 -62 1
! -38727 -78399 200
! 38362 -95916 200
> 14265 6405 212 -601 -104 2
> 14170 1113 -80 216 -58 1
> 14706 -94 118 -304 120 2
> 11987 5388 78 -584 -62 1
! -157 13289 200 sims=326784 RUNNER
! 26374 -8505 0 sims=326784 BLOCKER
