@ 0 YurkovAS
@ 1 reCurse
CP 3
CP 11302 2831
CP 7492 6948
CP 5982 5374
> 11669 3171 0 0 -1 1
> 10935 2491 0 0 -1 1
> 12403 3850 0 0 -1 1
> 10201 1812 0 0 -1 1
! -3425 16292 BOOST sims=2994040 RUNNER
! 3768 21163 BOOST sims=2994040 BLOCKER
> 11669 3171 0 0 -1 1
> 10935 2491 0 0 -1 1
> 12403 3850 0 0 -1 1
> 10201 1812 0 0 -1 1
! -51547 80728 200
! -6836 100349 200
> 11256 3675 -230 548 139 1
> 10624 3020 -384 330 111 1
> 12275 4004 -108 130 130 1
> 10167 2009 -28 167 100 1
! -7154 11490 200 sims=441568 RUNNER
! -1962 18563 0 sims=441568 BLOCKER
> 11256 3675 -230 548 139 1
> 10624 3020 -384 330 111 1
> 12275 4004 -108 130 130 1
> 10167 2009 -28 167 100 1
! -72529 56995 200
! -36780 90303 200
> 10842 4301 -351 532 157 1
> 10240 3350 -326 280 129 1
> 11998 4241 -235 201 148 1
> 10046 2353 -103 292 118 1
! -7568 12116 200 sims=399648 RUNNER
! 3073 22022 0 sims=399648 BLOCKER
> 10842 4301 -351 532 157 1
> 10240 3350 -326 280 129 1
> 11998 4241 -235 201 148 1
> 10046 2353 -103 292 118 1
! -85031 28433 200
! -61887 71818 200
> 10307 4911 -454 518 157 1
> 9914 3630 -277 238 111 1
> 11569 4491 -364 212 166 1
> 9800 2784 -209 366 136 1
! -9617 6654 0 sims=369496 RUNNER
! 8867 23603 0 sims=369496 BLOCKER
> 10307 4911 -454 518 157 1
> 9914 3630 -277 238 111 1
> 11569 4491 -364 212 166 1
> 9800 2784 -209 366 136 1
! -73235 57482 200
! -62133 72249 200
> 9853 5429 -385 440 175 1
> 9669 4063 -200 412 93 1
> 11035 4809 -453 270 148 1
> 9415 3094 -334 218 136 1
! -9634 930 0 sims=320360 RUNNER
! 14845 23382 200 sims=320360 BLOCKER
> 9853 5429 -385 440 175 1
> 9669 4063 -200 412 93 1
> 11035 4809 -453 270 148 1
> 9415 3094 -334 218 136 1
! -85994 29001 0
! -37532 91388 200
> 9468 5869 -327 374 193 1
> 9521 4668 -126 514 75 1
> 10582 5079 -385 229 166 1
> 8987 3489 -363 335 118 1
! -7675 -4432 200 sims=268168 RUNNER
! 20414 21441 0 sims=268168 BLOCKER
> 9468 5869 -327 374 193 1
> 9521 4668 -126 514 75 1
> 10582 5079 -385 229 166 1
> 8987 3489 -363 335 118 1
! -89174 -1896 0
! -8377 101969 200
> 8970 6140 -423 230 211 1
> 9395 5182 -107 436 57 1
> 10197 5308 -327 194 -176 1
> 8589 4021 -338 452 100 1
! -4151 -8954 0 sims=351112 RUNNER
! 24938 17768 200 sims=351112 BLOCKER
> 8970 6140 -423 230 211 1
> 9395 5182 -107 436 57 1
> 10197 5308 -327 194 -176 1
> 8589 4021 -338 452 100 1
! -89559 -1667 0
! 22506 103047 200
> 8547 6370 -359 195 229 1
> 9035 5684 -316 425 39 1
> 10279 5562 79 217 -176 1
> 8279 4671 -263 552 82 1
! -4574 -8724 200 sims=331008 RUNNER
! 27707 12851 0 sims=331008 BLOCKER
> 8547 6370 -359 195 229 1
> 9035 5684 -316 425 39 1
> 10279 5562 79 217 -176 1
> 8279 4671 -263 552 82 1
! -82439 -31898 200
! -9085 103151 200
> 7951 6535 -531 169 -131 1
> 8825 5988 -153 229 21 1
> 10173 5704 -90 120 -158 1
> 7981 5420 -253 636 100 1
! 136 -11875 0 sims=390080 RUNNER
! 28798 7035 0 sims=390080 BLOCKER
> 7951 6535 -531 169 -131 1
> 8825 5988 -153 229 21 1
> 10173 5704 -90 120 -158 1
> 7981 5420 -253 636 100 1
! -82545 -31756 200
! -38966 93714 200
> 7374 7002 -530 654 -113 2
> 8672 6217 -130 194 3 1
> 9898 5749 -234 38 -158 1
> 7680 5935 -215 180 118 1
! 5631 -12922 200 sims=360344 RUNNER
! 27991 1041 0 sims=360344 BLOCKER
> 7374 7002 -530 654 -113 2
> 8672 6217 -130 194 3 1
> 9898 5749 -234 38 -158 1
> 7680 5935 -215 180 118 1
! -89858 -1226 200
! -64253 75400 0
> 6827 7457 -465 386 -95 2
> 8542 6411 -110 164 -15 1
> 9464 5773 -368 20 -176 1
> 7465 6115 -182 153 136 1
! -988 -10953 200 sims=401304 RUNNER
! 25315 -4482 200 sims=401304 BLOCKER
> 6827 7457 -465 386 -95 2
> 8542 6411 -110 164 -15 1
> 9464 5773 -368 20 -176 1
> 7465 6115 -182 153 136 1
! -87565 29965 0
! -82414 49952 0
> 6284 7659 -461 171 -113 2
> 8600 6466 49 46 -33 1
> 9096 5793 -312 17 166 1
> 7283 6268 -154 130 154 1
! 4541 -12265 200 sims=344000 RUNNER
! 25373 -4427 200 sims=344000 BLOCKER
> 6284 7659 -461 171 -113 2
> 8600 6466 49 46 -33 1
> 9096 5793 -312 17 166 1
> 7283 6268 -154 130 154 1
! -75708 58784 0
! -91743 20185 0
> 5806 7631 -406 -24 -95 2
> 8636 6673 14 201 -33 1
> 8965 5540 -95 -240 148 1
> 7129 6398 -130 110 172 1
! 10305 -11856 200 sims=378880 RUNNER
! 21222 -8870 0 sims=378880 BLOCKER
> 5806 7631 -406 -24 -95 2
> 8636 6673 14 201 -33 1
> 8965 5540 -95 -240 148 1
> 7129 6398 -130 110 172 1
! -55313 82144 200
! -91351 -10966 200
> 5445 7412 -306 -186 -77 2
> 8650 6874 11 170 -51 1
> 8741 5453 -190 -73 130 1
> 6802 6473 -277 63 -170 1
! 15746 -9731 200 sims=403704 RUNNER
! 15817 -11798 0 sims=403704 BLOCKER
> 5445 7412 -306 -186 -77 2
> 8650 6874 11 170 -51 1
> 8741 5453 -190 -73 130 1
> 6802 6473 -277 63 -170 1
! -28719 98171 200
! -91678 -10891 200
> 5242 7055 -172 -303 -59 2
> 8661 7044 9 144 -69 1
> 8476 5565 -225 95 112 1
> 6328 6501 -402 24 -170 1
! 20336 -6066 0 sims=371680 RUNNER
! 9708 -12929 0 sims=371680 BLOCKER
> 5242 7055 -172 -303 -59 2
> 8661 7044 9 144 -69 1
> 8476 5565 -225 95 112 1
> 6328 6501 -402 24 -170 1
! -55802 82169 200
! -92152 -10863 200
> 4986 6788 -542 -88 -41 2
> 8670 7188 7 122 -87 1
> 8122 5813 -300 210 130 1
> 5813 6454 -112 -178 -170 1
! 23396 -1027 200 sims=356328 RUNNER
! 15837 -11484 0 sims=356328 BLOCKER
> 4986 6788 -542 -88 -41 2
> 8670 7188 7 122 -87 1
> 8122 5813 -300 210 130 1
> 5813 6454 -112 -178 -170 1
! -56156 82417 200
! -93213 20371 0
> 4628 6622 -304 -141 -23 2
> 8677 7310 5 103 -69 1
> 7693 6176 -364 308 130 1
> 5701 6276 -95 -151 172 1
! 24552 4879 200 sims=392272 RUNNER
! 9724 -12663 0 sims=392272 BLOCKER
> 4628 6622 -304 -141 -23 2
> 8677 7310 5 103 -69 1
> 7693 6176 -364 308 130 1
> 5701 6276 -95 -151 172 1
! -77111 59167 0
! -93325 20193 200
> 4523 6464 -89 -134 -5 2
> 8682 7413 4 87 -87 1
> 7329 6484 -309 261 148 2
> 5408 6153 -249 -104 172 1
! 24447 4721 200 sims=355072 RUNNER
! 3506 -11906 0 sims=355072 BLOCKER
> 4523 6464 -89 -134 -5 2
> 8682 7413 4 87 -87 1
> 7329 6484 -309 261 148 2
> 5408 6153 -249 -104 172 1
! -89700 30676 0
! -84471 49990 200
> 4244 6456 -346 34 -5 2
> 8686 7500 3 73 -105 1
> 7020 6745 -262 221 166 2
> 5368 5993 76 -176 154 1
! 22654 -1359 200 sims=388288 RUNNER
! -2207 -9273 200 sims=388288 BLOCKER
> 4244 6456 -346 34 -5 2
> 8686 7500 3 73 -105 1
> 7020 6745 -262 221 166 2
> 5368 5993 76 -176 154 1
! -92736 -230 0
! -84511 49830 200
> 4082 6412 -137 -37 -23 2
> 8580 7405 -90 -80 -123 1
> 6758 6966 -222 187 -176 2
> 5264 5905 -88 -75 154 1
! 19176 -6709 200 sims=382904 RUNNER
! -6963 -5181 200 sims=382904 BLOCKER
> 4082 6412 -137 -37 -23 2
> 8580 7405 -90 -80 -123 1
> 6758 6966 -222 187 -176 2
> 5264 5905 -88 -75 154 1
! -85960 -30494 0
! -84615 49742 200
> 4096 6244 11 -142 -41 2
> 8335 7199 -208 -174 -141 1
> 6536 7153 -188 158 -158 2
> 4996 5918 -227 10 154 1
! 22506 -1571 0 sims=380208 RUNNER
! -10337 32 200 sims=380208 BLOCKER
> 4096 6244 11 -142 -41 2
> 8335 7199 -208 -174 -141 1
> 6536 7153 -188 158 -158 2
> 4996 5918 -227 10 154 1
! -70068 -57125 0
! -94030 19835 200
> 3811 6206 -368 12 -23 2
> 7940 6953 -335 -208 -159 2
> 6348 7311 -159 134 -140 2
> 4867 5851 16 -100 172 1
! 23735 4463 200 sims=410280 RUNNER
! -12033 5906 0 sims=410280 BLOCKER
> 3811 6206 -368 12 -23 2
> 7940 6953 -335 -208 -159 2
> 6348 7311 -159 134 -140 2
> 4867 5851 16 -100 172 1
! -46643 -77493 0
! -85012 49688 0
> 3642 6201 -143 -4 -5 2
> 7605 6745 -284 -176 -177 2
> 6189 7445 -135 113 -122 2
> 4883 5751 13 -85 154 1
! 22052 -1614 200 sims=378168 RUNNER
! -11714 11921 0 sims=378168 BLOCKER
> 3642 6201 -143 -4 -5 2
> 7605 6745 -284 -176 -177 2
> 6189 7445 -135 113 -122 2
> 4883 5751 13 -85 154 1
! -18003 -89584 0
! -84996 49588 200
> 3683 6119 34 -69 -23 2
> 7321 6569 -241 -149 165 2
> 6054 7558 -114 96 -104 2
> 4716 5754 -141 2 154 1
! 23607 4376 200 sims=336448 RUNNER
! -9452 17462 0 sims=336448 BLOCKER
> 3683 6119 34 -69 -23 2
> 7321 6569 -241 -149 165 2
> 6054 7558 -114 96 -104 2
> 4716 5754 -141 2 154 1
! 13029 -92198 200
! -94310 19671 200
> 3658 6139 -252 112 -5 2
> 7080 6420 -204 -126 147 2
> 5954 7454 -85 -87 -86 2
> 4635 5677 162 -160 172 1
! 23145 10638 200 sims=388296 RUNNER
! -9693 17313 200 sims=388296 BLOCKER
> 3658 6139 -252 112 -5 2
> 7080 6420 -204 -126 147 2
> 5954 7454 -85 -87 -86 2
> 4635 5677 162 -160 172 1
! 43414 -85264 200
! -93845 -11687 0
> 3601 6296 -48 133 13 2
> 6708 6403 -315 -14 147 2
> 5944 7182 -8 -231 -68 2
> 4797 5517 137 -136 -170 1
! 23525 4553 200 sims=349592 BLOCKER
! -10065 17296 200 sims=349592 RUNNER
> 3601 6296 -48 133 13 2
> 6708 6403 -315 -14 147 2
> 5944 7182 -8 -231 -68 2
> 4797 5517 137 -136 -170 1
! 12919 -92574 200
! -94229 19434 0
> 3752 6412 128 98 -5 2
> 6526 6197 20 -350 147 2
> 5649 7053 -425 65 -86 2
> 4934 5381 116 -115 172 1
! 22162 -1403 0 sims=365720 BLOCKER
! -10247 17090 200 sims=365720 RUNNER
> 3752 6412 128 98 -5 2
> 6526 6197 20 -350 147 2
> 5649 7053 -425 65 -86 2
> 4934 5381 116 -115 172 1
! 43109 -85665 200
! -84945 49218 0
> 3880 6510 108 83 -23 2
> 6378 5956 -125 -204 147 2
> 5299 6933 -297 -102 -68 2
> 5050 5266 98 -97 154 1
! 22290 -1305 200 sims=358096 BLOCKER
! -6208 21499 0 sims=358096 RUNNER
> 3880 6510 108 83 -23 2
> 6378 5956 -125 -204 147 2
> 5299 6933 -297 -102 -68 2
> 5050 5266 98 -97 154 1
! 69577 -69671 200
! -66883 74731 0
> 4172 6515 248 4 -23 2
> 6253 5752 -106 -173 129 0
> 5131 6678 -143 -216 -50 2
> 5148 5169 83 -82 136 1
! 24096 4772 0 sims=349552 BLOCKER
! -6333 21295 200 sims=349552 RUNNER
> 4172 6515 248 4 -23 2
> 6253 5752 -106 -173 129 0
> 5131 6678 -143 -216 -50 2
> 5148 5169 83 -82 136 1
! 42591 -86040 200
! -41799 93463 200
> 4275 6527 -38 16 -5 2
> 6021 5734 -197 -14 129 0
> 5208 6269 191 -354 -68 2
> 5137 5264 -9 80 118 1
! 22685 -1288 0 sims=347992 BLOCKER
! -1146 24406 0 sims=347992 RUNNER
> 4275 6527 -38 16 -5 2
> 6021 5734 -197 -14 129 0
> 5208 6269 191 -354 -68 2
> 5137 5264 -9 80 118 1
! 42668 -86449 200
! -41810 93558 200
> 4237 6543 -32 13 -23 2
> 6250 5475 321 -293 111 0
> 5118 6320 -178 236 -68 2
> 4964 5176 -171 -195 118 1
! 19331 -6578 0 sims=377592 BLOCKER
! -6336 21018 200 sims=377592 RUNNER
> 4237 6543 -32 13 -23 2
> 6250 5475 321 -293 111 0
> 5118 6320 -178 236 -68 2
> 4964 5176 -171 -195 118 1
! 12093 -93436 200
! -41983 93470 0
> 4171 6565 -180 51 -41 2
> 6445 5337 165 -116 129 0
> 4988 6348 14 -9 -86 2
> 4793 4981 -145 -165 118 1
! 22581 -1250 200 sims=394552 BLOCKER
! -10328 16230 200 sims=394552 RUNNER
> 4171 6565 -180 51 -41 2
> 6445 5337 165 -116 129 0
> 4988 6348 14 -9 -86 2
> 4793 4981 -145 -165 118 1
! 42448 -86370 200
! -42154 93275 0
> 4175 6538 3 -23 -23 2
> 6442 5330 -2 -6 147 0
> 5077 6154 75 -165 -68 2
> 4648 4816 -123 -140 118 1
! 22585 -1277 200 sims=375272 BLOCKER
! -10331 16223 200 sims=375272 RUNNER
> 4175 6538 3 -23 -23 2
> 6442 5330 -2 -6 147 0
> 5077 6154 75 -165 -68 2
> 4648 4816 -123 -140 118 1
! 69355 -70450 BOOST
! -12716 103296 200
> 4362 6437 159 -85 -23 2
> 6370 5414 520 -42 147 0
> 5472 5510 -246 -433 -50 0
> 4490 4873 -134 48 100 1
! 22772 -1378 200 sims=402944 BLOCKER
! -12949 10590 0 sims=402944 RUNNER
> 4362 6437 159 -85 -23 2
> 6370 5414 520 -42 147 0
> 5472 5510 -246 -433 -50 0
> 4490 4873 -134 48 100 1
! 90276 -47482 200
! 18407 103899 200
> 4705 6274 291 -138 -23 2
> 6890 5372 442 -35 165 0
> 5396 4971 -64 -458 -32 0
> 4384 5119 -90 209 82 1
! 19799 -6847 200 sims=318120 BLOCKER
! -13083 4325 0 sims=318120 RUNNER
> 4705 6274 291 -138 -23 2
> 6890 5372 442 -35 165 0
> 5396 4971 -64 -458 -32 0
> 4384 5119 -90 209 82 1
! 102425 -19221 200
! 48221 94998 0
> 5147 6005 375 -228 -41 2
> 7332 5337 375 -29 183 0
> 5526 4465 110 -430 -14 0
> 4294 5328 -76 177 64 1
! 20241 -7116 200 sims=427288 BLOCKER
! -11340 -1830 0 sims=427288 RUNNER
> 5147 6005 375 -228 -41 2
> 7332 5337 375 -29 183 0
> 5526 4465 110 -430 -14 0
> 4294 5328 -76 177 64 1
! 105282 11440 200
! 73759 77261 0
> 5673 5646 447 -305 -41 0
> 7707 5308 318 -24 -159 0
> 5836 4049 263 -353 4 0
> 4218 5505 -64 150 46 1
! 20767 -7475 200 sims=401688 BLOCKER
! -7836 -7278 0 sims=401688 RUNNER
> 5673 5646 447 -305 -41 0
> 7707 5308 318 -24 -159 0
> 5836 4049 263 -353 4 0
> 4218 5505 -64 150 46 1
! 105592 11024 200
! 92512 52452 200
> 6271 5210 508 -370 -41 0
> 8025 5284 270 -20 -141 0
> 6299 3710 393 -288 4 0
> 4331 5749 95 207 28 1
! 21365 -7911 200 sims=369240 BLOCKER
! -2868 -11489 0 sims=369240 RUNNER
> 6271 5210 508 -370 -41 0
> 8025 5284 270 -20 -141 0
> 6299 3710 393 -288 4 0
> 4331 5749 95 207 28 1
! 99017 41170 200
! 102811 23113 200
> 6930 4709 560 -426 -41 0
> 8295 5264 229 -17 -123 0
> 6877 3497 491 -181 22 0
> 4623 5991 248 205 10 1
! 17231 -12434 200 sims=365544 RUNNER
! -7248 -7322 0 sims=365544 BLOCKER
> 6930 4709 560 -426 -41 0
> 8295 5264 229 -17 -123 0
> 6877 3497 491 -181 22 0
> 4623 5991 248 205 10 1
! 99595 40957 200
! 103103 23355 0
> 7597 4190 585 -90 -59 0
> 8524 5247 194 -14 -141 0
> 7549 3313 553 -507 22 0
> 4871 6196 210 174 10 1
! 17898 -12953 200 sims=384056 RUNNER
! -10148 -1920 0 sims=384056 BLOCKER
> 7597 4190 585 -90 -59 0
> 8524 5247 194 -14 -141 0
> 7549 3313 553 -507 22 0
> 4871 6196 210 174 10 1
! 84153 67591 200
! 103897 -7721 200
> 8285 3929 584 -222 -59 0
> 8718 5233 164 -11 -159 0
> 8255 2935 600 -321 40 0
> 5279 6342 346 124 -8 1
! 18586 -13214 200 sims=364784 RUNNER
! -11255 4186 0 sims=364784 BLOCKER
> 8285 3929 584 -222 -59 0
> 8718 5233 164 -11 -159 0
> 8255 2935 600 -321 40 0
> 5279 6342 346 124 -8 1
! 61246 87739 200
! 95158 -37495 200
> 8973 3584 587 -128 -59 0
> 8882 5222 139 -9 -177 0
> 8960 2736 596 -334 58 0
> 5805 6378 446 30 -26 1
! 13472 -15903 200 sims=358192 RUNNER
! -10437 10398 200 sims=358192 BLOCKER
> 8973 3584 587 -128 -59 0
> 8882 5222 139 -9 -177 0
> 8960 2736 596 -334 58 0
> 5805 6378 446 30 -26 1
! 33152 99765 200
! 95684 -37459 0
> 9607 3417 539 -94 -77 0
> 8828 5265 -46 36 165 0
> 9602 2440 545 -298 76 0
> 6251 6408 379 25 -26 1
! 7864 -16507 200 sims=352096 RUNNER
! -7945 16158 200 sims=352096 BLOCKER
> 9607 3417 539 -94 -77 0
> 8828 5265 -46 36 165 0
> 9602 2440 545 -298 76 0
> 6251 6408 379 25 -26 1
! 2626 102196 200
! 96130 -37429 200
> 10128 3144 442 -64 -95 0
> 8614 5410 -181 123 147 0
> 10133 2322 452 -268 94 0
> 6810 6345 474 -53 -26 1
! 2313 -15266 0 sims=343856 RUNNER
! -3972 20953 200 sims=343856 BLOCKER
> 10128 3144 442 -64 -95 0
> 8614 5410 -181 123 147 0
> 10133 2322 452 -268 94 0
> 6810 6345 474 -53 -26 1
! -27327 95040 200
! 96689 -37492 200
> 10570 3080 375 -54 -113 0
> 8307 5688 -260 236 129 0
> 10510 2239 320 -70 112 0
> 7464 6204 555 -119 -26 1
! -2551 -12014 200 sims=371176 RUNNER
! -4279 21231 SHIELD sims=371176 BLOCKER
> 10570 3080 375 -54 -113 0
> 8307 5688 -260 236 129 0
> 10510 2239 320 -70 112 0
> 7464 6204 555 -119 -26 1
! 3534 101995 200
! 79397 -63261 0
> 10833 3169 225 112 -131 1
> 8151 5855 -107 126 129 0
> 10797 2074 241 -176 94 0
> 6974 6773 -658 643 -44 2
! -2288 -11925 200 sims=406592 RUNNER
! 984 24527 0 sims=406592 BLOCKER
> 10833 3169 225 112 -131 1
> 8151 5855 -107 126 129 0
> 10797 2074 241 -176 94 0
> 6974 6773 -658 643 -44 2
! 3821 101830 200
! 53921 -81521 200
> 10927 3130 79 -33 -131 1
> 8044 5981 -90 107 111 0
> 11024 2098 192 19 94 0
> 6410 7239 -479 396 -62 2
! 3112 -15280 200 sims=398024 RUNNER
! 6997 25954 0 sims=398024 BLOCKER
> 10927 3130 79 -33 -131 1
> 8044 5981 -90 107 111 0
> 11024 2098 192 19 94 0
> 6410 7239 -479 396 -62 2
! 35216 99127 200
! 53357 -81055 200
> 10890 3030 -87 85 -113 1
> 7954 6088 -76 90 93 0
> 11303 2194 292 -89 76 0
> 6025 7458 -327 186 -62 2
! -2231 -12064 0 sims=440832 RUNNER
! 787 24760 0 sims=440832 BLOCKER
> 10890 3030 -87 85 -113 1
> 7954 6088 -76 90 93 0
> 11303 2194 292 -89 76 0
> 6025 7458 -327 186 -62 2
! 4327 101950 200
! 23389 -91022 200
> 10803 3115 -73 72 -131 1
> 7878 6178 -64 76 111 0
> 11581 2305 236 93 94 1
> 5733 7447 -248 -9 -80 2
! -6340 -7186 0 sims=445184 RUNNER
! -4708 21721 0 sims=445184 BLOCKER
> 10803 3115 -73 72 -131 1
> 7878 6178 -64 76 111 0
> 11581 2305 236 93 94 1
> 5733 7447 -248 -9 -80 2
! -25879 95023 200
! 23097 -91033 200
> 10730 3187 -62 61 -149 1
> 7814 6254 -54 64 129 0
> 11742 2583 136 236 112 1
> 5520 7241 -181 -175 -80 2
! -8757 -1312 0 sims=379496 RUNNER
! -8959 17147 0 sims=379496 BLOCKER
> 10730 3187 -62 61 -149 1
> 7814 6254 -54 64 129 0
> 11742 2583 136 236 112 1
> 5520 7241 -181 -175 -80 2
! -52536 79187 200
! 52467 -81053 200
> 10668 3248 -52 51 -167 1
> 7760 6318 -45 54 147 0
> 11749 2972 6 330 130 1
> 5433 6889 -74 -298 -62 2
! -9256 4991 0 sims=402064 RUNNER
! -11559 11494 0 sims=402064 BLOCKER
> 10668 3248 -52 51 -167 1
> 7760 6318 -45 54 147 0
> 11749 2972 6 330 130 1
> 5433 6889 -74 -298 -62 2
! -73055 55963 200
! 77366 -62576 200
> 10616 3299 -44 43 -185 1
> 7715 6372 -38 45 165 0
> 11585 3408 -139 370 148 1
> 5503 6452 59 -371 -44 2
! -7794 11114 0 sims=390840 RUNNER
! -12258 5325 0 sims=390840 BLOCKER
> 10616 3299 -44 43 -185 1
> 7715 6372 -38 45 165 0
> 11585 3408 -139 370 148 1
> 5503 6452 59 -371 -44 2
! -73219 56399 200
! 95382 -37385 200
> 10572 3342 -37 36 -203 1
> 7677 6417 -32 38 183 0
> 11276 3884 -262 404 148 1
> 5742 5993 202 -389 -26 2
! -4522 16463 200 sims=404712 RUNNER
! -10995 -750 0 sims=404712 BLOCKER
> 10572 3342 -37 36 -203 1
> 7677 6417 -32 38 183 0
> 11276 3884 -262 404 148 1
> 5742 5993 202 -389 -26 2
! -73528 56875 200
! 104768 -7924 200
> 10384 3509 -159 142 -221 1
> 7645 6455 -27 32 -159 0
> 10844 4394 -366 433 148 1
> 6142 5576 340 -354 -8 0
! 83 20652 200 sims=394648 RUNNER
! -12328 5408 0 sims=394648 BLOCKER
> 10384 3509 -159 142 -221 1
> 7645 6455 -27 32 -159 0
> 10844 4394 -366 433 148 1
> 6142 5576 340 -354 -8 0
! -73960 57385 200
! 104622 22940 200
> 10122 3822 -222 266 121 1
> 7618 6487 -22 27 -177 0
> 10308 4933 -455 458 148 1
> 6679 5257 456 -271 10 0
! 5623 23309 200 sims=374248 RUNNER
! -11054 -680 0 sims=374248 BLOCKER
> 10122 3822 -222 266 121 1
> 7618 6487 -22 27 -177 0
> 10308 4933 -455 458 148 1
> 6679 5257 456 -271 10 0
! -74496 57924 200
! 94973 52204 200
> 9855 4283 -226 391 103 1
> 7596 6514 -18 22 -159 0
> 9683 5497 -530 479 148 1
> 7312 5080 537 -150 28 0
! 5356 23770 200 sims=310768 RUNNER
! -7947 -6072 0 sims=310768 BLOCKER
> 9855 4283 -226 391 103 1
> 7596 6514 -18 22 -159 0
> 9683 5497 -530 479 148 1
> 7312 5080 537 -150 28 0
! -87346 29689 0
! 76777 77013 200
> 9584 4869 -230 497 103 1
> 7578 6536 -15 18 -141 0
> 9153 5976 -450 407 166 1
> 7988 5074 574 -5 46 0
! -717 22012 0 sims=388424 RUNNER
! -7965 -6050 200 sims=388424 BLOCKER
> 9584 4869 -230 497 103 1
> 7578 6536 -15 18 -141 0
> 9153 5976 -450 407 166 1
> 7988 5074 574 -5 46 0
! -90603 -999 0
! 96282 52021 200
> 9512 5392 559 547 121 1
> 7408 6428 -144 -91 -141 0
> 8703 6383 -382 345 -176 1
> 8581 5137 -117 -49 28 0
! -5582 18513 0 sims=434184 RUNNER
! -11264 -739 0 sims=434184 BLOCKER
> 9512 5392 559 547 121 1
> 7408 6428 -144 -91 -141 0
> 8703 6383 -382 345 -176 1
> 8581 5137 -117 -49 28 0
! -84015 -31077 0
! 78046 77070 0
> 10071 5939 475 464 139 1
> 7264 6337 -122 -77 -159 0
> 8321 6728 -324 293 -158 1
> 8464 5088 -99 -41 46 0
! -8339 13754 0 sims=407432 RUNNER
! -12709 5290 0 sims=407432 BLOCKER
> 10071 5939 475 464 139 1
> 7264 6337 -122 -77 -159 0
> 8321 6728 -324 293 -158 1
> 8464 5088 -99 -41 46 0
! -68283 -57550 200
! 52301 94967 200
> 10546 6403 403 394 157 1
> 7142 6260 -103 -65 -177 0
> 7844 6892 -405 139 -140 2
> 8453 5227 -9 117 64 0
! -9378 8146 200 sims=413832 RUNNER
! -12177 11436 0 sims=413832 BLOCKER
> 10546 6403 403 394 157 1
> 7142 6260 -103 -65 -177 0
> 7844 6892 -405 139 -140 2
> 8453 5227 -9 117 64 0
! -45147 -77912 200
! 22370 104253 0
> 10750 6814 173 349 175 1
> 6985 6119 -197 -210 165 0
> 7387 6937 -323 129 -122 2
> 8444 5344 -7 99 82 0
! -8737 2315 200 sims=388864 RUNNER
! -9788 17012 0 sims=388864 BLOCKER
> 10750 6814 173 349 175 1
> 6985 6119 -197 -210 165 0
> 7387 6937 -323 129 -122 2
> 8444 5344 -7 99 82 0
! -16805 -90092 200
! 22361 104370 0
> 10728 7118 -18 258 193 1
> 6788 5909 -167 -178 147 0
> 7016 6872 -315 -55 -104 2
> 8437 5443 -5 84 82 0
! -6415 -3183 0 sims=355056 RUNNER
! -5798 21452 0 sims=355056 BLOCKER
> 10728 7118 -18 258 193 1
> 6788 5909 -167 -178 147 0
> 7016 6872 -315 -55 -104 2
> 8437 5443 -5 84 82 0
! 13991 -92884 200
! 52274 95322 200
> 10710 7376 -15 219 211 1
> 6621 5731 -141 -151 129 0
> 6715 6617 -255 -216 -86 2
> 8520 5707 70 224 64 0
! -8777 2877 200 sims=369744 RUNNER
! -546 24403 200 sims=369744 BLOCKER
> 10710 7376 -15 219 211 1
> 6621 5731 -141 -151 129 0
> 6715 6617 -255 -216 -86 2
> 8520 5707 70 224 64 0
! 13690 -93139 200
! 77985 77640 200
> 10500 7550 -178 147 -167 1
> 6369 5408 -223 -351 111 0
> 6514 6560 -162 28 -86 2
> 8729 6075 177 312 46 0
! -9424 9293 200 sims=372184 RUNNER
! 5322 25381 200 sims=372184 BLOCKER
> 10500 7550 -178 147 -167 1
> 6369 5408 -223 -351 111 0
> 6514 6560 -162 28 -86 2
> 8729 6075 177 312 46 0
! -17678 -90469 200
! 52566 95954 200
> 10123 7714 -320 139 175 1
> 6136 5257 -198 -128 93 0
> 6304 6394 -178 -141 -104 2
> 8994 6567 224 417 64 0
! -9364 3215 200 sims=381656 RUNNER
! 11312 24576 200 sims=381656 BLOCKER
> 10123 7714 -320 139 175 1
> 6136 5257 -198 -128 93 0
> 6304 6394 -178 -141 -104 2
> 8994 6567 224 417 64 0
! 13279 -93362 200
! 22911 105593 200
> 9650 7873 -46 689 -167 1
> 5980 5270 -189 -279 75 0
> 6150 6106 -74 45 -86 2
> 9204 7117 -177 -87 82 0
! -7493 -2428 200 sims=425488 RUNNER
! 16873 22043 200 sims=425488 BLOCKER
> 9650 7873 -46 689 -167 1
> 5980 5270 -189 -279 75 0
> 6150 6106 -74 45 -86 2
> 9204 7117 -177 -87 82 0
! 43610 -86612 200
! -8160 105597 200
> 9433 8459 -184 498 -149 1
> 5900 5159 -68 -94 57 0
> 6151 5966 0 -119 -68 2
> 8992 7227 -179 93 100 0
! -3688 -6635 0 sims=418144 RUNNER
! 21443 17745 200 sims=418144 BLOCKER
> 9433 8459 -184 498 -149 1
> 5900 5159 -68 -94 57 0
> 6151 5966 0 -119 -68 2
> 8992 7227 -179 93 100 0
! 70429 -70638 200
! -37955 95521 0
> 9249 8957 -156 423 -131 1
> 5913 4973 0 -193 39 0
> 6354 5911 184 -10 -50 0
> 8813 7320 -152 79 118 0
! 1434 -9453 0 sims=454968 RUNNER
! 24585 12140 0 sims=454968 BLOCKER
> 9249 8957 -156 423 -131 1
> 5913 4973 0 -193 39 0
> 6354 5911 184 -10 -50 0
> 8813 7320 -152 79 118 0
! 91158 -47081 200
! -8551 105800 200
> 9093 9380 -132 359 -113 1
> 5913 4780 0 -164 21 0
> 6708 5795 300 -98 -32 0
> 8626 7596 -158 234 100 0
! 7350 -10544 0 sims=402184 RUNNER
! 21456 17366 200 sims=402184 BLOCKER
> 9093 9380 -132 359 -113 1
> 5913 4780 0 -164 21 0
> 6708 5795 300 -98 -32 0
> 8626 7596 -158 234 100 0
! 70986 -70809 200
! 22543 106622 0
> 8961 9739 -112 305 -95 1
> 6068 4742 132 -32 39 0
> 7137 5544 364 -213 -50 0
> 8468 7830 -134 198 82 0
! 13460 -9748 200 sims=427752 RUNNER
! 16961 21515 0 sims=427752 BLOCKER
> 8961 9739 -112 305 -95 1
> 6068 4742 132 -32 39 0
> 7137 5544 364 -213 -50 0
> 8468 7830 -134 198 82 0
! 91941 -47448 200
! 52305 97709 0
> 8894 9849 -56 93 -77 1
> 6200 4710 112 -27 57 0
> 7671 5225 453 -271 -32 0
> 8334 8028 -113 168 64 0
! 7151 -10075 0 sims=448048 RUNNER
! 11376 24029 0 sims=448048 BLOCKER
> 8894 9849 -56 93 -77 1
> 6200 4710 112 -27 57 0
> 7671 5225 453 -271 -32 0
> 8334 8028 -113 168 64 0
! 92475 -47767 200
! 77799 79961 200
> 8838 9942 -47 79 -95 1
> 6312 4683 95 -22 75 0
> 8294 4848 529 -320 -32 0
> 8360 8340 22 265 46 0
! 1023 -8468 200 sims=425016 RUNNER
! 17205 21456 0 sims=425016 BLOCKER
> 8838 9942 -47 79 -95 1
> 6312 4683 95 -22 75 0
> 8294 4848 529 -320 -32 0
> 8360 8340 22 265 46 0
! 93098 -48144 200
! 52197 98219 0
> 8713 9837 -106 -89 -113 1
> 6407 4661 80 -18 57 0
> 8993 4422 593 -362 -32 0
> 8382 8605 18 225 64 0
! -4408 -5257 200 sims=437352 RUNNER
! 11583 23980 0 sims=437352 BLOCKER
> 8713 9837 -106 -89 -113 1
> 6407 4661 80 -18 57 0
> 8993 4422 593 -362 -32 0
> 8382 8605 18 225 64 0
! 73271 -72182 200
! 22299 107631 200
> 8517 9825 -96 383 -131 1
> 6487 4643 68 -15 75 0
> 9715 3907 613 -437 -50 0
> 8387 8800 -66 -228 82 0
! -4604 -5269 200 sims=463320 RUNNER
! 11663 23962 200 sims=463320 BLOCKER
> 8517 9825 -96 383 -131 1
> 6487 4643 68 -15 75 0
> 9715 3907 613 -437 -50 0
> 8387 8800 -66 -228 82 0
! 94519 -49085 0
! -8977 107280 200
> 8290 10057 -193 197 -131 1
> 6607 4821 101 151 75 0
> 10328 3470 521 -371 -32 0
> 8286 8769 -85 -26 100 0
! 475 -8353 200 sims=381424 RUNNER
! 11783 24140 200 sims=381424 BLOCKER
> 8290 10057 -193 197 -131 1
> 6607 4821 101 151 75 0
> 10328 3470 521 -371 -32 0
> 8286 8769 -85 -26 100 0
! 107357 -20722 0
! -38661 97063 200
> 8019 10070 -230 10 -113 1
> 6760 5165 129 292 75 0
> 10849 3099 442 -315 -14 1
> 8107 8920 -152 128 118 0
! 6276 -9854 200 sims=414472 RUNNER
! 5713 25138 0 sims=414472 BLOCKER
> 8019 10070 -230 10 -113 1
> 6760 5165 129 292 75 0
> 10849 3099 442 -315 -14 1
> 8107 8920 -152 128 118 0
! 110605 10074 0
! -38840 97214 200
> 7756 10018 -256 253 -95 1
> 6889 5457 109 248 93 0
> 11291 2784 375 -267 4 1
> 7876 9088 -162 -155 118 0
! 12255 -9469 200 sims=428360 RUNNER
! 5842 25430 200 sims=428360 BLOCKER
> 7756 10018 -256 253 -95 1
> 6889 5457 109 248 93 0
> 11291 2784 375 -267 4 1
> 7876 9088 -162 -155 118 0
! 104009 40244 0
! -9488 107568 0
> 7545 10076 -179 49 -77 1
> 6988 5905 83 380 93 0
> 11666 2517 318 -226 22 1
> 7714 8933 -137 -131 100 0
! 12044 -9411 200 sims=419912 RUNNER
! 5941 25878 200 sims=419912 BLOCKER
> 7545 10076 -179 49 -77 1
> 6988 5905 83 380 93 0
> 11666 2517 318 -226 22 1
> 7714 8933 -137 -131 100 0
! 88270 66795 0
! -9650 107413 200
> 7411 9930 -113 -123 -77 1
> 7061 6485 61 492 93 0
> 11984 2291 270 -192 40 1
> 7542 8999 -145 56 100 0
! 5668 -9994 200 sims=409176 RUNNER
! -106 25157 200 sims=409176 BLOCKER
> 7411 9930 -113 -123 -77 1
> 7061 6485 61 492 93 0
> 11984 2291 270 -192 40 1
> 7542 8999 -145 56 100 0
! 64975 87095 0
! -9822 107479 200
> 7216 10039 -183 210 -95 1
> 7050 7164 -9 576 111 0
> 12254 2099 229 -163 58 1
> 7427 8821 -79 -269 100 0
! -599 -8371 200 sims=449192 RUNNER
! 6003 27137 0 sims=449192 BLOCKER
> 7216 10039 -183 210 -95 1
> 7050 7164 -9 576 111 0
> 12254 2099 229 -163 58 1
> 7427 8821 -79 -269 100 0
! 36446 99128 0
! -39520 97115 SHIELD
> 6955 10065 -221 22 -113 1
> 7041 7740 -7 489 93 0
> 12483 1936 194 -138 76 1
> 7348 8552 -67 -228 118 0
! 5212 -9859 200 sims=440312 RUNNER
! 5994 27713 SHIELD sims=440312 BLOCKER
> 6955 10065 -221 22 -113 1
> 7041 7740 -7 489 93 0
> 12483 1936 194 -138 76 1
> 7348 8552 -67 -228 118 0
! 5507 101692 200
! -39599 96846 SHIELD
> 6717 9888 -202 -150 -95 1
> 6801 7655 -225 -125 93 0
> 12663 1998 153 52 94 1
> 7514 8898 162 347 118 0
! 11216 -9599 200 sims=463128 RUNNER
! 11977 26974 0 sims=463128 BLOCKER
> 6717 9888 -202 -150 -95 1
> 6801 7655 -225 -125 93 0
> 12663 1998 153 52 94 1
> 7514 8898 162 347 118 0
! -24797 94716 200
! -39433 97192 0
> 6560 9543 -133 -293 -77 1
> 6576 7530 -191 -106 75 0
> 12741 2235 66 201 112 1
> 7676 9245 137 294 118 0
! 16861 -7600 200 sims=430200 RUNNER
! 17469 24303 0 sims=430200 BLOCKER
> 6560 9543 -133 -293 -77 1
> 6576 7530 -191 -106 75 0
> 12741 2235 66 201 112 1
> 7676 9245 137 294 118 0
! -51537 78839 200
! -64257 78710 0
> 6530 9079 -25 -394 -59 1
> 6385 7424 -162 -90 57 0
> 12678 2589 -53 301 130 1
> 7813 9539 116 249 136 0
! 21624 -4042 200 sims=402584 RUNNER
! 21928 20010 0 sims=402584 BLOCKER
> 6530 9079 -25 -394 -59 1
> 6385 7424 -162 -90 57 0
> 12678 2589 -53 301 130 1
> 7813 9539 116 249 136 0
! -51600 79193 200
! -82066 53376 0
> 6656 8554 107 -446 -41 1
> 6223 7334 -137 -76 39 0
> 12496 3043 -154 386 130 1
> 7929 9788 98 211 154 0
! 25066 739 200 sims=396256 RUNNER
! 24895 14501 0 sims=396256 BLOCKER
> 6656 8554 107 -446 -41 1
> 6223 7334 -137 -76 39 0
> 12496 3043 -154 386 130 1
> 7929 9788 98 211 154 0
! -72308 56034 200
! -91097 23705 0
> 6947 8030 247 -445 -23 1
> 6086 7258 -116 -64 21 0
> 12172 3535 -275 418 148 1
> 8027 9999 83 179 172 0
! 25357 215 200 sims=380920 RUNNER
! 26059 8305 0 sims=380920 BLOCKER
> 6947 8030 247 -445 -23 1
> 6086 7258 -116 -64 21 0
> 12172 3535 -275 418 148 1
> 8027 9999 83 179 172 0
! -52106 80139 200
! -90453 -7365 0
> 7378 7507 366 -444 -23 2
> 5970 7194 -98 -54 3 0
> 11768 4106 -343 485 130 1
> 8110 10178 70 152 -170 0
! 27302 5764 200 sims=409520 RUNNER
! 25943 8241 200 sims=409520 BLOCKER
> 7378 7507 366 -444 -23 2
> 5970 7194 -98 -54 3 0
> 11768 4106 -343 485 130 1
> 8110 10178 70 152 -170 0
! -52510 80710 200
! -80184 -36769 200
> 7943 7046 480 -392 -5 2
> 6072 7150 86 -37 3 0
> 11296 4744 -400 542 130 1
> 8003 10236 -90 49 -152 0
! 27867 5303 200 sims=369144 RUNNER
! 24744 14317 0 sims=369144 BLOCKER
> 7943 7046 480 -392 -5 2
> 6072 7150 86 -37 3 0
> 11296 4744 -400 542 130 1
> 8003 10236 -90 49 -152 0
! -26164 97462 200
! -61462 -61697 200
> 8622 6637 577 -348 -5 2
> 6158 7113 73 -31 21 0
> 10821 5471 -403 618 112 1
> 7774 10141 -194 -80 -134 0
! 28109 11136 0 sims=430608 RUNNER
! 26131 8160 0 sims=430608 BLOCKER
> 8622 6637 577 -348 -5 2
> 6158 7113 73 -31 21 0
> 10821 5471 -403 618 112 1
> 7774 10141 -194 -80 -134 0
! -53457 82075 0
! -61691 -61792 0
> 9199 6289 490 -295 13 2
> 6231 7082 62 -26 3 0
> 10418 6089 -342 525 130 1
> 7580 10061 -164 -68 -134 0
! 26342 16590 200 sims=391784 RUNNER
! 25550 1906 0 sims=391784 BLOCKER
> 9199 6289 490 -295 13 2
> 6231 7082 62 -26 3 0
> 10418 6089 -342 525 130 1
> 7580 10061 -164 -68 -134 0
! -74386 59080 0
! -36257 -79818 200
> 9346 6029 -197 -263 31 2
> 6293 7056 52 -22 -15 0
> 10590 6682 468 546 148 1
> 7328 9813 -213 -210 -116 0
! 22467 21123 0 sims=427192 RUNNER
! 26266 8103 0 sims=427192 BLOCKER
> 9346 6029 -197 -263 31 2
> 6293 7056 52 -22 -15 0
> 10590 6682 468 546 148 1
> 7328 9813 -213 -210 -116 0
! -86439 30874 200
! -6589 -89213 200
> 9149 5766 -167 -223 49 2
> 6345 7034 44 -18 3 0
> 10864 7276 232 505 166 1
> 7087 9405 -204 -346 -98 0
! 16964 24176 200 sims=401232 RUNNER
! 25017 14201 200 sims=401232 BLOCKER
> 9149 5766 -167 -223 49 2
> 6345 7034 44 -18 3 0
> 10864 7276 232 505 166 1
> 7087 9405 -204 -346 -98 0
! -88892 300 200
! 24451 -89075 0
> 9060 5727 -75 -33 67 2
> 6576 7088 196 45 21 0
> 10896 7767 27 417 184 1
> 6883 9059 -173 -294 -80 0
! 10803 25651 200 sims=395152 RUNNER
! 22119 19674 0 sims=395152 BLOCKER
> 9060 5727 -75 -33 67 2
> 6576 7088 196 45 21 0
> 10896 7767 27 417 184 1
> 6883 9059 -173 -294 -80 0
! -81822 -29693 200
! 24247 -89421 0
> 9002 5893 -48 141 85 2
> 6772 7133 166 38 39 0
> 10738 8109 -134 290 -158 1
> 6710 8765 -147 -249 -80 0
! 16817 24303 200 sims=352160 RUNNER
! 25444 14300 200 sims=352160 BLOCKER
> 9002 5893 -48 141 85 2
> 6772 7133 166 38 39 0
> 10738 8109 -134 290 -158 1
> 6710 8765 -147 -249 -80 0
! -65866 -56169 200
! 53657 -79529 0
> 9032 6218 25 276 67 2
> 7125 7243 299 93 21 0
> 10451 8270 -244 137 -140 1
> 6563 8516 -124 -211 -62 0
! 10775 26142 0 sims=366824 RUNNER
! 25797 14410 200 sims=366824 BLOCKER
> 9032 6218 25 276 67 2
> 7125 7243 299 93 21 0
> 10451 8270 -244 137 -140 1
> 6563 8516 -124 -211 -62 0
! -42540 -76534 200
! 78496 -60949 0
> 9057 6494 21 234 85 2
> 7611 7408 412 139 21 0
> 10101 8237 -297 -27 -122 1
> 6439 8305 -105 -179 -44 0
! 4558 25981 0 sims=379432 RUNNER
! 26283 14575 200 sims=379432 BLOCKER
> 9057 6494 21 234 85 2
> 7611 7408 412 139 21 0
> 10101 8237 -297 -27 -122 1
> 6439 8305 -105 -179 -44 0
! -66503 -56041 0
! 78372 -61160 0
> 9078 6728 17 198 103 2
> 8210 7619 508 179 21 0
> 9804 8210 -252 -22 -140 1
> 6334 8126 -89 -152 -44 0
! -1223 23871 0 sims=386272 RUNNER
! 23753 20205 200 sims=386272 BLOCKER
> 9078 6728 17 198 103 2
> 8210 7619 508 179 21 0
> 9804 8210 -252 -22 -140 1
> 6334 8126 -89 -152 -44 0
! -82914 -29250 200
! 96213 -35711 0
> 9095 6926 14 168 121 2
> 8619 7828 -368 -92 39 0
> 9621 8209 560 269 -158 1
> 6245 7974 -75 -129 -26 0
! -5999 20047 0 sims=367752 RUNNER
! 27291 14995 0 sims=367752 BLOCKER
> 9095 6926 14 168 121 2
> 8619 7828 -368 -92 39 0
> 9621 8209 560 269 -158 1
> 6245 7974 -75 -129 -26 0
! -66983 -56069 200
! 105271 -5943 0
> 9109 7094 11 142 139 2
> 8251 7736 -312 -78 21 0
> 10028 8349 345 119 -140 1
> 6170 7845 -63 -109 -8 0
! -9301 14909 0 sims=307088 RUNNER
! 28224 8783 0 sims=307088 BLOCKER
> 9109 7094 11 142 139 2
> 8251 7736 -312 -78 21 0
> 10028 8349 345 119 -140 1
> 6170 7845 -63 -109 -8 0
! -82690 -29111 200
! 105196 -6072 0
> 9120 7236 9 120 157 2
> 7939 7658 -265 -66 3 0
> 10188 8393 135 37 -158 1
> 6107 7736 -53 -92 -8 0
! -10804 8979 0 sims=335312 RUNNER
! 26611 14825 0 sims=335312 BLOCKER
> 9120 7236 9 120 157 2
> 7939 7658 -265 -66 3 0
> 10188 8393 135 37 -158 1
> 6107 7736 -53 -92 -8 0
! -82530 -29067 200
! 105133 -6181 0
> 9129 7356 7 102 175 2
> 7674 7592 -225 -56 21 0
> 10138 8355 -42 -32 -158 1
> 6054 7644 -45 -78 -8 0
! -10358 2857 200 sims=294592 RUNNER
! 27647 8639 0 sims=294592 BLOCKER
> 9129 7356 7 102 175 2
> 7674 7592 -225 -56 21 0
> 10138 8355 -42 -32 -158 1
> 6054 7644 -45 -78 -8 0
! -89618 1379 0
! 95933 -36193 0
> 8941 7413 -159 48 193 2
> 7449 7536 -191 -47 3 0
> 10096 8323 -35 -27 -176 1
> 6009 7566 -38 -66 -26 0
! -10983 9156 0 sims=348528 RUNNER
! 27422 8583 200 sims=348528 BLOCKER
> 8941 7413 -159 48 193 2
> 7449 7536 -191 -47 3 0
> 10096 8323 -35 -27 -176 1
> 6009 7566 -38 -66 -26 0
! -89660 1347 0
! 95888 -36271 0
> 8782 7461 -135 40 175 2
> 7458 7499 7 -31 3 0
> 10061 8296 -29 -22 -176 1
> 5971 7500 -32 -56 -26 0
! -10705 2962 200 sims=351160 RUNNER
! 26130 14666 0 sims=351160 BLOCKER
> 8782 7461 -135 40 175 2
> 7458 7499 7 -31 3 0
> 10061 8296 -29 -22 -176 1
> 5971 7500 -32 -56 -26 0
! -89695 1320 0
! 104997 -6417 200
> 8452 7456 -280 -4 -167 2
> 7465 7468 5 -26 21 0
> 10032 8274 -24 -18 -176 1
> 6137 7416 141 -71 -8 0
! -8691 -2845 200 sims=296288 RUNNER
! 26137 14635 SHIELD sims=296288 BLOCKER
> 8452 7456 -280 -4 -167 2
> 7465 7468 5 -26 21 0
> 10032 8274 -24 -18 -176 1
> 6137 7416 141 -71 -8 0
! -86997 32466 200
! 105163 -6501 200
> 8482 7322 312 -130 -149 2
> 7422 7445 -65 -18 21 0
> 9814 8304 -185 25 -194 1
> 6476 7317 288 -84 -8 0
! -11005 2823 200 sims=445616 RUNNER
! 22965 20031 0 sims=445616 BLOCKER
> 8482 7322 312 -130 -149 2
> 7422 7445 -65 -18 21 0
> 9814 8304 -185 25 -194 1
> 6476 7317 288 -84 -8 0
! -74990 61295 200
! 105502 -6600 200
> 8599 7147 99 -148 -167 2
> 7719 7499 380 70 39 0
> 9459 8435 -301 111 -212 1
> 6600 7133 -22 -181 -8 0
! -11325 8890 200 sims=477280 RUNNER
! 18612 24272 0 sims=477280 BLOCKER
> 8599 7147 99 -148 -167 2
> 7719 7499 380 70 39 0
> 9459 8435 -301 111 -212 1
> 6600 7133 -22 -181 -8 0
! -54819 85039 200
! 105626 -6784 0
> 8634 6927 120 -246 175 2
> 7964 7658 117 195 57 0
> 9029 8699 -365 224 -230 1
> 6578 6952 -18 -153 -8 0
! -10853 2428 200 sims=463288 RUNNER
! 13140 26977 0 sims=463288 BLOCKER
> 8634 6927 120 -246 175 2
> 7964 7658 117 195 57 0
> 9029 8699 -365 224 -230 1
> 6578 6952 -18 -153 -8 0
! -75775 61690 0
! 96457 -36885 0
> 8559 6636 -63 -247 -167 2
> 8081 7853 99 165 75 0
> 8664 8923 -310 190 148 1
> 6560 6799 -15 -130 -26 0
! -11365 8379 200 sims=509472 RUNNER
! 7034 27826 0 sims=509472 BLOCKER
> 8559 6636 -63 -247 -167 2
> 8081 7853 99 165 75 0
> 8664 8923 -310 190 148 1
> 6560 6799 -15 -130 -26 0
! -88365 33115 0
! 96439 -37038 200
> 8297 6406 -222 -195 175 2
> 8180 8018 84 140 93 0
> 8354 9113 -263 161 166 1
> 6725 6581 140 -185 -26 0
! -10113 14221 0 sims=504480 RUNNER
! 1013 26690 0 sims=504480 BLOCKER
> 8297 6406 -222 -195 175 2
> 8180 8018 84 140 93 0
> 8354 9113 -263 161 166 1
> 6725 6581 140 -185 -26 0
! -91402 2137 0
! 105751 -7336 200
> 8075 6211 -188 -165 157 2
> 8264 8158 71 119 111 0
> 8091 9274 -223 136 184 1
> 7063 6368 287 -180 -8 0
! -11849 7954 0 sims=519280 RUNNER
! -4322 23701 0 sims=519280 BLOCKER
> 8075 6211 -188 -165 157 2
> 8264 8158 71 119 111 0
> 8091 9274 -223 136 184 1
> 7063 6368 287 -180 -8 0
! -84627 -28186 0
! 106089 -7549 200
> 8326 5966 400 -241 175 2
> 8335 8277 60 101 129 0
> 7868 9410 -189 115 -158 1
> 7109 6240 -147 -75 -8 0
! -11161 1467 200 sims=505216 RUNNER
! -8438 19170 0 sims=505216 BLOCKER
> 8326 5966 400 -241 175 2
> 8335 8277 60 101 129 0
> 7868 9410 -189 115 -158 1
> 7109 6240 -147 -75 -8 0
! -68736 -54868 200
! 96988 -37597 0
> 8531 5680 174 -243 -167 2
> 8395 8378 51 85 147 0
> 7526 9396 -290 -11 -140 1
> 6962 6165 -124 -63 -26 0
! -11393 7423 200 sims=506616 RUNNER
! -10924 13554 0 sims=506616 BLOCKER
> 8531 5680 174 -243 -167 2
> 8395 8378 51 85 147 0
> 7526 9396 -290 -11 -140 1
> 6962 6165 -124 -63 -26 0
! -45465 -75408 0
! 78895 -63300 0
> 8506 5454 -21 -191 175 2
> 8446 8463 43 72 165 0
> 7236 9385 -246 -9 -122 1
> 6838 6102 -105 -53 -44 0
! -9904 13269 0 sims=477928 RUNNER
! -11527 7416 200 sims=477928 BLOCKER
> 8506 5454 -21 -191 175 2
> 8446 8463 43 72 165 0
> 7236 9385 -246 -9 -122 1
> 6838 6102 -105 -53 -44 0
! -16956 -87644 0
! 78771 -63363 200
> 8485 5263 -17 -162 157 2
> 8289 8525 -133 52 183 0
> 6990 9376 -209 -7 -104 1
> 6877 5910 33 -163 -44 0
! -6609 18384 200 sims=488464 RUNNER
! -10383 1358 0 sims=488464 BLOCKER
> 8485 5263 -17 -162 157 2
> 8289 8525 -133 52 183 0
> 6990 9376 -209 -7 -104 1
> 6877 5910 33 -163 -44 0
! 13965 -90380 0
! 96756 -37927 0
> 8317 5232 -142 -26 139 2
> 8156 8577 -113 44 -159 0
> 6781 9369 -177 -5 -86 1
> 6910 5747 28 -138 -26 0
! -1984 22375 200 sims=451944 RUNNER
! -11817 7530 200 sims=451944 BLOCKER
> 8317 5232 -142 -26 139 2
> 8156 8577 -113 44 -159 0
> 6781 9369 -177 -5 -86 1
> 6910 5747 28 -138 -26 0
! 44241 -83349 0
! 105936 -8170 200
> 8072 5377 -208 123 121 2
> 7843 8611 -265 28 -177 0
> 6604 9364 -150 -4 -68 1
> 7136 5581 192 -140 -8 0
! -7022 18498 0 sims=484312 RUNNER
! -11476 13787 200 sims=484312 BLOCKER
> 8072 5377 -208 123 121 2
> 7843 8611 -265 28 -177 0
> 6604 9364 -150 -4 -68 1
> 7136 5581 192 -140 -8 0
! 70882 -67240 0
! 105616 22945 200
> 8327 5414 348 6 139 2
> 7385 8691 -389 67 165 0
> 6454 9360 -127 -3 -50 1
> 7062 5562 -194 8 10 0
! -10083 13229 200 sims=477600 RUNNER
! -9388 19584 0 sims=477600 BLOCKER
> 8327 5414 348 6 139 2
> 7385 8691 -389 67 165 0
> 6454 9360 -127 -3 -50 1
> 7062 5562 -194 8 10 0
! 91258 -43632 200
! 95356 52509 0
> 8491 5498 139 71 157 2
> 7070 8692 -52 -191 147 0
> 6423 9317 -242 155 -32 1
> 6868 5570 -164 6 28 0
! -11433 7241 200 sims=467040 RUNNER
! -5516 24235 0 sims=467040 BLOCKER
> 8491 5498 139 71 157 2
> 7070 8692 -52 -191 147 0
> 6423 9317 -242 155 -32 1
> 6868 5570 -164 6 28 0
! 103452 -14875 200
! 105348 22934 0
> 8431 5586 -51 75 175 2
> 7018 8501 -44 -162 129 0
> 6375 9424 -40 90 -14 1
> 6704 5576 -139 5 10 0
! -11056 1087 200 sims=437128 RUNNER
! -149 27173 0 sims=437128 BLOCKER
> 8431 5586 -51 75 175 2
> 7018 8501 -44 -162 129 0
> 6375 9424 -40 90 -14 1
> 6704 5576 -139 5 10 0
! 103404 -14768 200
! 105184 22940 200
> 8185 5616 -208 25 193 2
> 6974 8339 -37 -137 111 0
> 6529 9466 130 35 -14 1
> 6762 5616 49 33 10 0
! -11302 1117 200 sims=366376 RUNNER
! 5927 28312 200 sims=366376 BLOCKER
> 8185 5616 -208 25 193 2
> 6974 8339 -37 -137 111 0
> 6529 9466 130 35 -14 1
> 6762 5616 49 33 10 0
! 91333 -43526 200
! 105788 -8301 200
> 7809 5595 208 -33 -167 2
> 6927 8402 -40 53 93 0
> 6829 9395 254 -60 -32 1
> 6983 5622 -341 21 -8 0
! -12115 7338 200 sims=442648 RUNNER
! 12103 27721 200 sims=442648 BLOCKER
> 7809 5595 208 -33 -167 2
> 6927 8402 -40 53 93 0
> 6829 9395 254 -60 -32 1
> 6983 5622 -341 21 -8 0
! 91633 -43597 0
! 106009 -8295 200
> 7818 5579 7 -13 175 2
> 6931 8544 -7 -35 75 0
> 7090 9439 233 193 -32 1
> 6840 5615 -121 -5 -8 0
! -11669 1080 200 sims=440528 RUNNER
! 12107 27863 200 sims=440528 BLOCKER
> 7818 5579 7 -13 175 2
> 6931 8544 -7 -35 75 0
> 7090 9439 233 193 -32 1
> 6840 5615 -121 -5 -8 0
! 71368 -67165 200
! 105866 -8302 200
> 7714 5515 63 -64 -167 2
> 6976 8702 38 134 75 0
> 7452 9479 307 33 -50 1
> 6833 5588 -157 -13 -8 0
! -12210 7258 200 sims=395984 RUNNER
! 17869 25475 200 sims=395984 BLOCKER
> 7714 5515 63 -64 -167 2
> 6976 8702 38 134 75 0
> 7452 9479 307 33 -50 1
> 6833 5588 -157 -13 -8 0
! 44912 -83239 0
! 105859 -8329 200
> 7686 5458 60 -56 175 2
> 7123 9004 124 256 57 0
> 7759 9512 260 28 -68 1
> 6766 5557 -141 -17 -8 0
! -10724 13273 0 sims=328392 RUNNER
! 22666 21590 200 sims=328392 BLOCKER
> 7686 5458 60 -56 175 2
> 7123 9004 124 256 57 0
> 7759 9512 260 28 -68 1
> 6766 5557 -141 -17 -8 0
! 14734 -90244 200
! 105792 -8360 200
> 7746 5402 51 -47 157 2
> 7143 9188 7 149 39 0
> 8292 9539 462 29 -86 1
> 6823 5512 48 -38 -8 0
! -7348 18523 200 sims=372816 RUNNER
! 25815 16355 0 sims=372816 BLOCKER
> 7746 5402 51 -47 157 2
> 7143 9188 7 149 39 0
> 8292 9539 462 29 -86 1
> 6823 5512 48 -38 -8 0
! -15900 -87490 200
! 105303 22876 0
> 7679 5486 80 69 139 2
> 7150 9337 5 126 21 0
> 8706 9374 351 -140 -104 1
> 6838 5474 -124 -30 10 0
! -2622 22629 0 sims=428664 RUNNER
! 27123 10384 0 sims=428664 BLOCKER
> 7679 5486 80 69 139 2
> 7150 9337 5 126 21 0
> 8706 9374 351 -140 -104 1
> 6838 5474 -124 -30 10 0
! -44286 -75430 200
! 95132 52421 0
> 7759 5555 68 58 121 2
> 7155 9463 4 107 3 0
> 8951 9064 208 -263 -122 1
> 6714 5444 -105 -25 28 0
! 3260 25042 200 sims=465632 RUNNER
! 27128 10510 200 sims=465632 BLOCKER
> 7759 5555 68 58 121 2
> 7155 9463 4 107 3 0
> 8951 9064 208 -263 -122 1
> 6714 5444 -105 -25 28 0
! -44041 -75740 200
! 76179 77377 200
> 7782 5808 19 214 103 2
> 7359 9580 173 99 3 0
> 9053 8631 86 -367 -122 1
> 6748 5563 28 101 46 0
! 9525 25732 200 sims=433088 RUNNER
! 26678 4404 0 sims=433088 BLOCKER
> 7782 5808 19 214 103 2
> 7359 9580 173 99 3 0
> 9053 8631 86 -367 -122 1
> 6748 5563 28 101 46 0
! -67551 -55647 200
! 76213 77496 0
> 7818 6221 30 351 85 2
> 7532 9679 147 84 -15 0
> 8986 8135 -57 -421 -140 1
> 6776 5664 23 85 46 0
! 3319 25708 200 sims=449408 RUNNER
! 24305 -1214 0 sims=449408 BLOCKER
> 7818 6221 30 351 85 2
> 7532 9679 147 84 -15 0
> 8986 8135 -57 -421 -140 1
> 6776 5664 23 85 46 0
! -83732 -29325 0
! 76241 77597 200
> 7803 6767 -12 463 103 2
> 7679 9763 124 71 -33 0
> 8929 7714 -48 -357 -158 1
> 6938 5893 137 194 46 0
! -2498 23910 0 sims=465416 RUNNER
! 20265 -5780 0 sims=465416 BLOCKER
> 7803 6767 -12 463 103 2
> 7679 9763 124 71 -33 0
> 8929 7714 -48 -357 -158 1
> 6938 5893 137 194 46 0
! -90827 738 0
! 50775 95772 0
> 7791 7230 -10 393 121 2
> 7803 9834 105 60 -51 0
> 8881 7357 -40 -303 -176 1
> 7075 6087 116 164 64 0
! 3292 26717 200 sims=456632 RUNNER
! 14970 -8838 200 sims=456632 BLOCKER
> 7791 7230 -10 393 121 2
> 7803 9834 105 60 -51 0
> 8881 7357 -40 -303 -176 1
> 7075 6087 116 164 64 0
! -88148 31549 0
! 20992 105113 200
> 7736 7818 -46 499 103 2
> 7980 9707 150 -107 -69 0
> 8841 7054 -34 -257 -194 1
> 7219 6449 122 307 82 0
! -2565 24961 0 sims=450272 RUNNER
! 9027 -10266 200 sims=450272 BLOCKER
> 7736 7818 -46 499 103 2
> 7980 9707 150 -107 -69 0
> 8841 7054 -34 -257 -194 1
> 7219 6449 122 307 82 0
! -88188 31246 200
! -10145 104929 200
> 7690 8317 -39 424 121 2
> 8140 9400 136 -260 -87 0
> 8613 6845 -193 -177 166 1
> 7306 6953 74 428 100 0
! -7404 21438 200 sims=452536 RUNNER
! 9187 -10573 200 sims=452536 BLOCKER
> 7690 8317 -39 424 121 2
> 8140 9400 136 -260 -87 0
> 8613 6845 -193 -177 166 1
> 7306 6953 74 428 100 0
! -91143 -130 200
! -39641 95247 200
> 7406 8807 -371 327 139 2
> 8380 9005 334 -245 -87 0
> 8220 6654 -333 -162 -176 1
> 7286 7558 -16 513 118 0
! -11004 16622 200 sims=478032 RUNNER
! 15547 -9667 200 sims=478032 BLOCKER
> 7406 8807 -371 327 139 2
> 8380 9005 334 -245 -87 0
> 8220 6654 -333 -162 -176 1
> 7286 7558 -16 513 118 0
! -84498 -30806 200
! -64647 77023 200
> 6851 9212 -471 344 157 2
> 8786 8573 344 -366 -69 0
> 7702 6417 -440 -201 -158 2
> 7126 8210 -135 554 136 0
! -13073 10955 0 sims=471360 RUNNER
! 9833 -11400 200 sims=471360 BLOCKER
> 6851 9212 -471 344 157 2
> 8786 8573 344 -366 -69 0
> 7702 6417 -440 -201 -158 2
> 7126 8210 -135 554 136 0
! -68902 -57861 200
! -82753 52047 200
> 6380 9556 -400 292 175 2
> 9140 8007 301 -480 -87 0
> 7109 6087 -504 -280 -140 2
> 6811 8852 -267 545 154 0
! -13107 5057 200 sims=466256 RUNNER
! 16307 -10665 0 sims=466256 BLOCKER
> 6380 9556 -400 292 175 2
> 9140 8007 301 -480 -87 0
> 7109 6087 -504 -280 -140 2
> 6811 8852 -267 545 154 0
! -69495 -58191 200
! -92215 22769 200
> 5678 9962 -609 364 193 2
> 9441 7527 255 -408 -69 0
> 6452 5678 -558 -347 -140 0
> 6453 9266 -291 332 172 0
! -11465 -339 0 sims=506760 RUNNER
! 10488 -12446 0 sims=506760 BLOCKER
> 5678 9962 -609 364 193 2
> 9441 7527 255 -408 -69 0
> 6452 5678 -558 -347 -140 0
> 6453 9266 -291 332 172 0
! -46539 -79126 0
! -92027 -8098 0
> 5069 10326 -517 309 211 2
> 9696 7119 216 -346 -87 0
> 5894 5331 -474 -294 -122 0
> 6162 9598 -247 282 -170 0
! -8052 -4768 200 sims=489104 RUNNER
! 16863 -11553 0 sims=489104 BLOCKER
> 5069 10326 -517 309 211 2
> 9696 7119 216 -346 -87 0
> 5894 5331 -474 -294 -122 0
> 6162 9598 -247 282 -170 0
! -47098 -79473 0
! -82132 -37349 0
> 4421 10484 -550 134 229 2
> 9912 6773 183 -294 -69 0
> 5420 5037 -402 -249 -122 0
> 5915 9880 -209 239 -152 0
! -3394 -7926 200 sims=438640 RUNNER
! 10959 -13200 0 sims=438640 BLOCKER
> 4421 10484 -550 134 229 2
> 9912 6773 183 -294 -69 0
> 5420 5037 -402 -249 -122 0
> 5915 9880 -209 239 -152 0
! -18772 -91992 0
! -63550 -62053 200
> 3793 10434 -533 -42 -113 2
> 10095 6479 155 -249 -87 0
> 5018 4788 -341 -211 -104 0
> 5567 9975 -295 80 -134 0
! 2050 -9490 200 sims=507080 RUNNER
! 17262 -12193 0 sims=507080 BLOCKER
> 3793 10434 -533 -42 -113 2
> 10095 6479 155 -249 -87 0
> 5018 4788 -341 -211 -104 0
> 5567 9975 -295 80 -134 0
! 11993 -94968 0
! -38270 -79904 0
> 3243 10193 -467 -205 -95 2
> 10250 6230 131 -211 -69 0
> 4677 4577 -289 -179 -86 0
> 5272 10055 -250 68 -116 0
! 7742 -9294 200 sims=491632 RUNNER
! 11297 -13743 0 sims=491632 BLOCKER
> 3243 10193 -467 -205 -95 2
> 10250 6230 131 -211 -69 0
> 4677 4577 -289 -179 -86 0
> 5272 10055 -250 68 -116 0
! 42137 -88141 0
! -8645 -88971 200
> 2821 9793 -358 -339 -77 2
> 10381 6019 111 -179 -87 0
> 4388 4398 -245 -152 -68 0
> 4994 9925 -236 -110 -98 0
! 13122 -7350 200 sims=491656 RUNNER
! 17548 -12653 0 sims=491656 BLOCKER
> 2821 9793 -358 -339 -77 2
> 10381 6019 111 -179 -87 0
> 4388 4398 -245 -152 -68 0
> 4994 9925 -236 -110 -98 0
! 68666 -72206 0
! -8923 -89101 200
> 2566 9283 -216 -433 -59 2
> 10492 5840 94 -152 -69 0
> 4143 4246 -208 -129 -50 0
> 4730 9617 -224 -261 -98 0
! 17660 -3838 200 sims=483912 RUNNER
! 11539 -14133 0 sims=483912 BLOCKER
> 2566 9283 -216 -433 -59 2
> 10492 5840 94 -152 -69 0
> 4143 4246 -208 -129 -50 0
> 4730 9617 -224 -261 -98 0
! 88947 -48746 0
! -9187 -89409 200
> 2501 8719 -55 -479 -41 2
> 10586 5688 79 -129 -87 0
> 3935 4117 -176 -109 -32 0
> 4478 9158 -214 -390 -98 0
! 20911 904 0 sims=478568 RUNNER
! 17753 -12984 0 sims=478568 BLOCKER
> 2501 8719 -55 -479 -41 2
> 10586 5688 79 -129 -87 0
> 3935 4117 -176 -109 -32 0
> 4478 9158 -214 -390 -98 0
! 100964 -20075 0
! -39359 -80721 200
> 2446 8240 -46 -407 -23 2
> 10665 5559 67 -109 -69 0
> 3759 4008 -149 -92 -14 0
> 4176 8588 -256 -484 -116 0
! 22370 6497 0 sims=423600 RUNNER
! 11712 -14414 0 sims=423600 BLOCKER
> 2446 8240 -46 -407 -23 2
> 10665 5559 67 -109 -69 0
> 3759 4008 -149 -92 -14 0
> 4176 8588 -256 -484 -116 0
! 103515 10983 200
! -65289 -63345 0
> 2400 7833 -39 -345 -5 2
> 10732 5450 56 -92 -87 0
> 3810 3930 42 -66 4 0
> 3920 8104 -217 -411 -134 0
! 21887 12332 0 sims=438440 RUNNER
! 17899 -13222 0 sims=438440 BLOCKER
> 2400 7833 -39 -345 -5 2
> 10732 5450 56 -92 -87 0
> 3810 3930 42 -66 4 0
> 3920 8104 -217 -411 -134 0
! 96528 41390 200
! -84374 -38843 0
> 2361 7488 -33 -293 13 2
> 10788 5358 47 -78 -69 0
> 4037 3939 193 7 22 0
> 3703 7693 -184 -349 -152 0
! 22285 5745 0 sims=428064 RUNNER
! 11835 -14615 0 sims=428064 BLOCKER
> 2361 7488 -33 -293 13 2
> 10788 5358 47 -78 -69 0
> 4037 3939 193 7 22 0
> 3703 7693 -184 -349 -152 0
! 96755 41399 200
! -94777 -9671 200
> 2328 7195 -28 -249 -5 2
> 10835 5280 39 -66 -87 0
> 4415 4021 321 69 22 0
> 3322 7309 -323 -326 -170 0
! 20738 -620 200 sims=467376 RUNNER
! 5659 -14039 0 sims=467376 BLOCKER
> 2328 7195 -28 -249 -5 2
> 10835 5280 39 -66 -87 0
> 4415 4021 321 69 22 0
> 3322 7309 -323 -326 -170 0
! 104171 10996 200
! -95158 -10055 200
> 2014 6806 -435 -352 -23 2
> 10874 5214 33 -56 -105 0
> 4936 4104 442 70 4 0
> 3272 7010 126 -232 -170 0
! 17108 -6315 200 sims=431376 RUNNER
! -19 -11559 0 sims=431376 BLOCKER
> 2014 6806 -435 -352 -23 2
> 10874 5214 33 -56 -105 0
> 4936 4104 442 70 4 0
> 3272 7010 126 -232 -170 0
! 97654 41564 200
! -85022 -39937 0
> 1730 6323 -241 -410 -41 2
> 10907 5158 28 -47 -123 0
> 5563 4249 533 123 22 0
> 3398 6778 107 -197 -152 0
! 20140 -1492 200 sims=472704 RUNNER
! -4636 -7428 0 sims=472704 BLOCKER
> 1730 6323 -241 -410 -41 2
> 10907 5158 28 -47 -123 0
> 5563 4249 533 123 22 0
> 3398 6778 107 -197 -152 0
! 105319 11224 200
! -66067 -65155 0
> 1673 5835 -48 -414 -23 2
> 10935 5111 23 -39 -141 0
> 6296 4386 622 116 4 0
> 3505 6581 90 -167 -134 0
! 20083 -1980 200 sims=429272 RUNNER
! -7737 -2056 200 sims=429272 BLOCKER
> 1673 5835 -48 -414 -23 2
> 10935 5111 23 -39 -141 0
> 6296 4386 622 116 4 0
> 3505 6581 90 -167 -134 0
! 103325 -19806 0
! -40332 -83298 0
> 1809 5343 115 -418 -23 2
> 10771 5000 -139 -94 -159 0
> 6918 4502 528 98 -14 0
> 3595 6414 76 -141 -116 0
! 21733 3600 200 sims=443368 RUNNER
! -7901 -2167 200 sims=443368 BLOCKER
> 1809 5343 115 -418 -23 2
> 10771 5000 -139 -94 -159 0
> 6918 4502 528 98 -14 0
> 3595 6414 76 -141 -116 0
! 91722 -48490 200
! -10322 -92612 200
> 2123 4908 267 -370 -5 2
> 10445 4834 -276 -140 -159 0
> 7616 4494 592 -6 -32 0
> 3643 6075 40 -288 -98 0
! 21610 9407 0 sims=429072 RUNNER
! -8227 -2333 200 sims=429072 BLOCKER
> 2123 4908 267 -370 -5 2
> 10445 4834 -276 -140 -159 0
> 7616 4494 592 -6 -32 0
> 3643 6075 40 -288 -98 0
! 92420 -48498 200
! 21007 -92405 0
> 2390 4538 226 -314 13 2
> 9982 4622 -393 -179 -159 0
> 8378 4382 647 -95 -32 0
> 3683 5787 34 -244 -80 0
! 19533 14839 0 sims=462736 RUNNER
! -8690 -2545 SHIELD sims=462736 BLOCKER
> 2390 4538 226 -314 13 2
> 9982 4622 -393 -179 -159 0
> 8378 4382 647 -95 -32 0
> 3683 5787 34 -244 -80 0
! 105407 -19810 SHIELD
! -10234 -93239 200
> 2616 4224 192 -266 31 2
> 9799 4490 523 38 -159 0
> 8815 4240 -307 -271 -14 0
> 3689 5345 5 -375 -98 0
! 15737 19318 0 sims=471448 RUNNER
! -10174 3443 0 sims=471448 BLOCKER
> 2616 4224 192 -266 31 2
> 9799 4490 523 38 -159 0
> 8815 4240 -307 -271 -14 0
> 3689 5345 5 -375 -98 0
! 105844 -19952 0
! -10228 -93681 0
> 2808 3958 163 -226 49 2
> 10322 4528 444 32 -177 0
> 8508 3969 -260 -230 -14 0
> 3694 4970 4 -318 -98 0
! 10623 22368 200 sims=438384 RUNNER
! -8350 -2639 0 sims=438384 BLOCKER
> 2808 3958 163 -226 49 2
> 10322 4528 444 32 -177 0
> 8508 3969 -260 -230 -14 0
> 3694 4970 4 -318 -98 0
! 93312 -49023 200
! -40143 -84909 0
> 3049 3916 204 -35 67 2
> 10766 4560 377 27 -159 0
> 8248 3739 -221 -195 -32 0
> 3698 4652 3 -270 -116 0
! 16170 19010 0 sims=456504 RUNNER
! -4777 -8026 0 sims=456504 BLOCKER
> 3049 3916 204 -35 67 2
> 10766 4560 377 27 -159 0
> 8248 3739 -221 -195 -32 0
> 3698 4652 3 -270 -116 0
! 93052 -49253 0
! -65767 -67281 0
> 3168 3785 -1 -226 49 2
> 11143 4587 320 22 -141 0
> 8027 3544 -187 -165 -32 0
> 3786 4478 177 -32 -134 0
! 20311 14086 200 sims=394512 RUNNER
! -4400 -7999 200 sims=394512 BLOCKER
> 3168 3785 -1 -226 49 2
> 11143 4587 320 22 -141 0
> 8027 3544 -187 -165 -32 0
> 3786 4478 177 -32 -134 0
! 105056 -20648 200
! -65679 -67455 0
> 3338 3662 144 -104 31 2
> 11308 4483 139 -88 -141 0
> 8034 3331 6 -181 -14 0
> 3963 4446 150 -27 -134 0
! 22825 8161 200 sims=379144 RUNNER
! -4235 -8103 200 sims=379144 BLOCKER
> 3338 3662 144 -104 31 2
> 11308 4483 139 -88 -141 0
> 8034 3331 6 -181 -14 0
> 3963 4446 150 -27 -134 0
! 107790 10306 200
! -39874 -85433 0
> 3677 3603 288 -50 13 2
> 11292 4269 -13 -181 -141 0
> 8240 3164 174 -141 4 0
> 4113 4419 127 -22 -116 0
! 20820 13904 200 sims=320880 RUNNER
! -4251 -8317 200 sims=320880 BLOCKER
> 3677 3603 288 -50 13 2
> 11292 4269 -13 -181 -141 0
> 8240 3164 174 -141 4 0
> 4113 4419 127 -22 -116 0
! 107996 10139 200
! -9804 -94607 200
> 4026 3406 254 -262 31 2
> 11124 3962 -143 -260 -141 0
> 8614 3037 317 -107 4 0
> 4323 4448 220 120 -98 0
! 17147 18500 200 sims=387840 RUNNER
! -7548 -3205 200 sims=387840 BLOCKER
> 4026 3406 254 -262 31 2
> 11124 3962 -143 -260 -141 0
> 8614 3037 317 -107 4 0
> 4323 4448 220 120 -98 0
! 101332 40497 0
! 21687 -94032 200
> 4411 3295 327 -94 49 2
> 10794 3630 -280 -281 -159 0
> 8931 2930 269 -90 22 0
> 4578 4371 216 -65 -80 0
! 12226 21705 200 sims=417408 RUNNER
! -7878 -3537 200 sims=417408 BLOCKER
> 4411 3295 327 -94 49 2
> 10794 3630 -280 -281 -159 0
> 8931 2930 269 -90 22 0
> 4578 4371 216 -65 -80 0
! 108687 9905 0
! 51525 -83923 0
> 4816 3385 344 76 67 2
> 10327 3277 -396 -299 -159 0
> 9200 2840 228 -76 4 0
> 4794 4306 183 -55 -62 0
! 6559 23309 200 sims=438656 RUNNER
! -8345 -3890 SHIELD sims=438656 BLOCKER
> 4816 3385 344 76 67 2
> 10327 3277 -396 -299 -159 0
> 9200 2840 228 -76 4 0
> 4794 4306 183 -55 -62 0
! 101918 40300 0
! 76727 -65159 0
> 5199 3471 336 -26 85 2
> 9974 2995 -241 -215 -159 0
> 9001 2592 -755 -447 22 0
> 4956 4440 126 213 -44 0
! 700 22958 200 sims=467008 RUNNER
! -5569 -9591 0 sims=467008 BLOCKER
> 5199 3471 336 -26 85 2
> 9974 2995 -241 -215 -159 0
> 9001 2592 -755 -447 22 0
> 4956 4440 126 213 -44 0
! 108757 9567 200
! 51903 -83854 200
> 5490 3640 247 143 103 2
> 9733 2780 -204 -182 -141 0
> 8446 2159 -472 -368 4 0
> 5176 4476 186 30 -62 0
! -4811 20783 200 sims=420952 RUNNER
! -1160 -13993 0 sims=420952 BLOCKER
> 5490 3640 247 143 103 2
> 9733 2780 -204 -182 -141 0
> 8446 2159 -472 -368 4 0
> 5176 4476 186 30 -62 0
! 105475 -22033 200
! 52123 -83818 200
> 5773 3594 268 -112 121 2
> 9529 2598 -173 -154 -123 0
> 8168 1743 -236 -353 -14 0
> 5317 4690 91 255 -62 0
! 1274 23081 200 sims=501808 RUNNER
! 4353 -16721 0 sims=501808 BLOCKER
> 5773 3594 268 -112 121 2
> 9529 2598 -173 -154 -123 0
> 8168 1743 -236 -353 -14 0
> 5317 4690 91 255 -62 0
! 107924 8718 200
! 52264 -83604 200
> 5996 3677 189 70 103 2
> 9356 2444 -147 -130 -105 0
> 8132 1404 -31 -288 4 0
> 5502 4768 157 66 -62 0
! -4305 20820 200 sims=490832 RUNNER
! 10403 -17529 200 sims=490832 BLOCKER
> 5996 3677 189 70 103 2
> 9356 2444 -147 -130 -105 0
> 8132 1404 -31 -288 4 0
> 5502 4768 157 66 -62 0
! 100850 38864 200
! 52449 -83526 200
> 6082 3918 73 205 121 2
> 9219 2114 -116 -280 -87 0
> 8286 1191 131 -181 22 0
> 5753 4657 213 -94 -62 0
! -4219 21061 SHIELD sims=473304 RUNNER
! 16386 -16558 0 sims=473304 BLOCKER
> 6082 3918 73 205 121 2
> 9219 2114 -116 -280 -87 0
> 8286 1191 131 -181 22 0
> 5753 4657 213 -94 -62 0
! 101004 38651 200
! 52700 -83637 SHIELD
> 6286 3830 176 -82 121 2
> 9103 1834 -98 -238 -69 0
> 8602 1085 268 -90 22 0
> 5835 4856 66 176 -62 0
! -4015 20973 0 sims=496192 RUNNER
! 21689 -13709 0 sims=496192 BLOCKER
> 6286 3830 176 -82 121 2
> 9103 1834 -98 -238 -69 0
> 8602 1085 268 -90 22 0
> 5835 4856 66 176 -62 0
! 85206 65363 0
! 52782 -83438 0
> 6462 3748 149 -69 121 2
> 9105 1778 41 25 -51 0
> 8770 813 103 -304 40 0
> 5901 5032 56 149 -62 0
! -3839 20891 0 sims=490496 RUNNER
! 25878 -9115 0 sims=490496 BLOCKER
> 6462 3748 149 -69 121 2
> 9105 1778 41 25 -51 0
> 8770 813 103 -304 40 0
> 5901 5032 56 149 -62 0
! 61761 85617 200
! 23265 -93448 200
> 6611 3679 126 -58 121 2
> 9146 1803 34 21 -33 0
> 8979 679 177 -114 58 0
> 5957 5181 47 126 -80 0
! -3690 20822 0 sims=400168 RUNNER
! 21732 -13740 200 sims=400168 BLOCKER
> 6611 3679 126 -58 121 2
> 9146 1803 34 21 -33 0
> 8979 679 177 -114 58 0
> 5957 5181 47 126 -80 0
! 61970 85483 200
! 52904 -83113 0
> 6737 3621 107 -49 121 2
> 9306 1669 135 -114 -51 0
> 9262 735 240 47 58 0
> 6004 5307 39 107 -62 0
! -3564 20764 200 sims=455960 RUNNER
! 16473 -17003 200 sims=455960 BLOCKER
> 6737 3621 107 -49 121 2
> 9306 1669 135 -114 -51 0
> 9262 735 240 47 58 0
> 6004 5307 39 107 -62 0
! 33454 97764 200
! 52951 -82987 200
> 6741 3743 3 104 121 2
> 9525 1777 189 206 -69 0
> 9538 567 231 -257 76 0
> 6137 5237 112 -59 -62 0
! -3560 20886 200 sims=471168 RUNNER
! 16692 -16895 200 sims=471168 BLOCKER
> 6741 3743 3 104 121 2
> 9525 1777 189 206 -69 0
> 9538 567 231 -257 76 0
> 6137 5237 112 -59 -62 0
! 62529 85371 200
! 23501 -93243 200
> 6641 4018 -85 234 121 2
> 9786 1796 221 16 -69 0
> 9875 480 286 -74 58 0
> 6284 4981 124 -217 -80 0
! -3660 21161 SHIELD sims=449080 RUNNER
! 22372 -13747 0 sims=449080 BLOCKER
> 6641 4018 -85 234 121 2
> 9786 1796 221 16 -69 0
> 9875 480 286 -74 58 0
> 6284 4981 124 -217 -80 0
! 34067 97509 200
! 23648 -93499 SHIELD
> 6643 3999 64 -198 121 2
> 10007 1812 187 13 -51 0
> 10209 600 284 102 76 0
> 6321 5017 -31 212 -80 0
! 2144 23486 0 sims=430648 RUNNER
! 17174 -16860 200 sims=430648 BLOCKER
> 6643 3999 64 -198 121 2
> 10007 1812 187 13 -51 0
> 10209 600 284 102 76 0
> 6321 5017 -31 212 -80 0
! 3233 100356 200
! 53268 -83277 0
> 6707 3801 54 -168 103 2
> 10257 1670 117 225 -69 0
> 10488 870 332 -116 94 0
> 6290 5229 -26 180 -62 0
! 2208 23288 0 sims=443688 RUNNER
! 22843 -13873 200 sims=443688 BLOCKER
> 6707 3801 54 -168 103 2
> 10257 1670 117 225 -69 0
> 10488 870 332 -116 94 0
> 6290 5229 -26 180 -62 0
! 3512 100626 200
! 23654 -93251 200
> 6761 3633 45 -142 103 2
> 10500 1740 206 59 -51 0
> 10806 954 270 70 94 0
> 6264 5409 -22 153 -80 0
! 2262 23120 0 sims=439528 RUNNER
! 17667 -16932 200 sims=439528 BLOCKER
> 6761 3633 45 -142 103 2
> 10500 1740 206 59 -51 0
> 10806 954 270 70 94 0
> 6264 5409 -22 153 -80 0
! -26654 93672 0
! 23628 -93071 0
> 6806 3491 38 -120 103 2
> 10716 1763 167 58 -69 0
> 11138 873 298 -107 112 0
> 6242 5562 -18 130 -80 0
! -3495 20634 200 sims=421544 RUNNER
! 23302 -13780 200 sims=421544 BLOCKER
> 6806 3491 38 -120 103 2
> 10716 1763 167 58 -69 0
> 11138 873 298 -107 112 0
> 6242 5562 -18 130 -80 0
! -26322 93591 200
! 23606 -92918 200
> 6741 3542 -55 43 121 2
> 11007 1669 168 80 -51 0
> 11363 948 270 -96 112 0
> 6259 5495 14 -56 -80 0
! 2242 23029 200 sims=452912 RUNNER
! 18174 -17003 200 sims=452912 BLOCKER
> 6741 3542 -55 43 121 2
> 11007 1669 168 80 -51 0
> 11363 948 270 -96 112 0
> 6259 5495 14 -56 -80 0
! -52915 77552 200
! 23623 -92985 200
> 6641 3780 -84 202 103 2
> 11154 1751 122 73 -69 0
> 11598 816 201 -115 130 0
> 6308 5242 41 -215 -80 0
! -3660 20923 200 sims=418448 RUNNER
! 18321 -16921 200 sims=418448 BLOCKER
> 6641 3780 -84 202 103 2
> 11154 1751 122 73 -69 0
> 11598 816 201 -115 130 0
> 6308 5242 41 -215 -80 0
! -25862 93534 200
! 23672 -93238 200
> 6470 4034 -64 -367 121 2
> 11348 1637 164 -96 -69 0
> 11724 886 107 59 112 0
> 6367 4949 -29 335 -80 0
! 1971 23521 200 sims=448080 RUNNER
! 18515 -17035 SHIELD sims=448080 BLOCKER
> 6470 4034 -64 -367 121 2
> 11348 1637 164 -96 -69 0
> 11724 886 107 59 112 0
> 6367 4949 -29 335 -80 0
! -52554 77490 0
! -7550 -94077 200
> 6361 3862 -92 -146 103 2
> 11502 1561 127 -58 -69 0
> 11933 744 205 -175 130 0
> 6310 5086 -48 116 -98 0
! 8104 23786 200 sims=412800 RUNNER
! 12549 -18412 0 sims=412800 BLOCKER
> 6361 3862 -92 -146 103 2
> 11502 1561 127 -58 -69 0
> 11933 744 205 -175 130 0
> 6310 5086 -48 116 -98 0
! -52345 77348 0
! -7607 -93940 200
> 6286 3915 -63 45 85 2
> 11629 1503 107 -49 -87 0
> 12138 569 174 -148 130 0
> 6234 5004 -64 -69 -98 0
! 8029 23839 200 sims=413464 RUNNER
! 18796 -17169 0 sims=413464 BLOCKER
> 6286 3915 -63 45 85 2
> 11629 1503 107 -49 -87 0
> 12138 569 174 -148 130 0
> 6234 5004 -64 -69 -98 0
! -25322 93287 0
! 23598 -93476 200
> 6252 3939 -15 -225 85 2
> 11736 1454 90 -41 -69 0
> 12312 421 147 -125 112 0
> 6193 4958 -48 207 -80 0
! 7995 23863 200 sims=398512 RUNNER
! 24322 -14089 0 sims=398512 BLOCKER
> 6252 3939 -15 -225 85 2
> 11736 1454 90 -41 -69 0
> 12312 421 147 -125 112 0
> 6193 4958 -48 207 -80 0
! -25148 93139 0
! 23557 -93522 200
> 6254 3913 2 -21 85 2
> 11826 1413 76 -34 -51 0
> 12459 296 124 -106 112 0
> 6180 4968 -11 8 -80 0
! 1755 23400 200 sims=413736 RUNNER
! 24412 -14130 200 sims=413736 BLOCKER
> 6254 3913 2 -21 85 2
> 11826 1413 76 -34 -51 0
> 12459 296 124 -106 112 0
> 6180 4968 -11 8 -80 0
! -51819 76900 200
! 23544 -93512 200
