@ 0 Tuo
@ 1 reCurse
CP 6
CP 14490 7764
CP 6309 4303
CP 7818 882
CP 7638 5973
CP 3119 7515
CP 9505 4382
> 14295 8224 0 0 -1 1
> 14685 7304 0 0 -1 1
> 13906 9145 0 0 -1 1
> 15074 6383 0 0 -1 1
! 6573 3764 11
! 15017 8051 17
> 14295 8224 0 0 -1 1
> 14685 7304 0 0 -1 1
> 13906 9145 0 0 -1 1
> 15074 6383 0 0 -1 1
! -82903 -15912 200
! -82223 -16706 200
> 14285 8218 -8 -4 -150 1
> 14692 7320 5 13 66 1
> 13712 9095 -164 -42 -165 1
> 14879 6337 -165 -39 -167 1
! 6309 4303 BOOST
! 15017 8051 16
> 14285 8218 -8 -4 -150 1
> 14692 7320 5 13 66 1
> 13712 9095 -164 -42 -165 1
> 14879 6337 -165 -39 -167 1
! -82880 -16786 200
! -84740 15052 200
> 13694 7928 -502 -246 -154 1
> 14704 7348 9 23 66 1
> 13355 9001 -303 -79 -165 1
> 14515 6314 -309 -19 -185 1
! 6309 4303 100
! 15017 8051 15
> 13694 7928 -502 -246 -154 1
> 14704 7348 9 23 66 1
> 13355 9001 -303 -79 -165 1
> 14515 6314 -309 -19 -185 1
! -70512 -45462 200
! -82922 -16181 200
> 13102 7638 -503 -246 -154 1
> 14719 7385 12 31 66 1
> 12884 8813 -400 -159 -147 1
> 14011 6250 -428 -54 -167 1
! 6309 4303 100
! 15017 8051 14
> 13102 7638 -503 -246 -154 1
> 14719 7385 12 31 66 1
> 12884 8813 -400 -159 -147 1
> 14011 6250 -428 -54 -167 1
! -70983 -45650 200
! -83426 -16245 200
> 12509 7348 -503 -246 -154 1
> 14737 7429 15 37 66 1
> 12316 8545 -482 -227 -147 1
> 13388 6151 -529 -84 -167 1
! 6309 4303 100
! 15017 8051 12
> 12509 7348 -503 -246 -154 1
> 14737 7429 15 37 66 1
> 12316 8545 -482 -227 -147 1
> 13388 6151 -529 -84 -167 1
! -71551 -45918 200
! -72328 -45352 0
> 11916 7058 -503 -246 -154 1
> 14757 7477 16 40 66 1
> 11666 8209 -552 -285 -147 1
> 12859 6067 -449 -71 -149 1
! 6309 4303 100
! 15017 8051 10
> 11916 7058 -503 -246 -154 1
> 14757 7477 16 40 66 1
> 11666 8209 -552 -285 -147 1
> 12859 6067 -449 -71 -149 1
! -51266 -69505 200
! -52746 -69403 0
> 11323 6768 -503 -246 -154 1
> 14777 7526 17 41 66 1
> 10988 7769 -576 -374 -129 1
> 12410 5996 -381 -60 -131 1
! 6309 4303 100
! 9505 4382 0
> 11323 6768 -503 -246 -154 1
> 14777 7526 17 41 66 1
> 10988 7769 -576 -374 -129 1
> 12410 5996 -381 -60 -131 1
! -51944 -69945 200
! -26663 -86054 0
> 10730 6478 -503 -246 -154 1
> 14794 7567 14 34 84 1
> 10286 7240 -596 -450 -129 1
> 12029 5936 -323 -51 -113 1
! 6309 4303 100
! 9505 4382 0
> 10730 6478 -503 -246 -154 1
> 14794 7567 14 34 84 1
> 10286 7240 -596 -450 -129 1
> 12029 5936 -323 -51 -113 1
! -25550 -86118 200
! -27044 -86114 0
> 10231 6058 -385 -410 -154 1
> 14808 7601 11 28 102 1
> 9524 6733 -686 -376 -111 1
> 11706 5885 -274 -43 -113 1
! 6064 4851 100
! 9505 4382 0
> 10231 6058 -385 -410 -154 1
> 14808 7601 11 28 102 1
> 9524 6733 -686 -376 -111 1
> 11706 5885 -274 -43 -113 1
! -53408 -70981 200
! -27367 -86165 0
> 9750 5620 -408 -372 -164 1
> 14819 7629 9 23 120 1
> 8712 6202 -690 -451 -129 1
> 11432 5842 -232 -36 -113 1
! 6095 4863 100
! 9505 4382 0
> 9750 5620 -408 -372 -164 1
> 14819 7629 9 23 120 1
> 8712 6202 -690 -451 -129 1
> 11432 5842 -232 -36 -113 1
! -27124 -87156 200
! -27641 -86208 200
> 9244 5228 -430 -333 -168 1
> 14828 7652 7 19 138 1
> 7950 5564 -647 -542 -111 1
> 11122 5622 -263 -187 -113 1
! 6129 4875 100
! 9505 4382 0
> 9244 5228 -430 -333 -168 1
> 14828 7652 7 19 138 1
> 7950 5564 -647 -542 -111 1
> 11122 5622 -263 -187 -113 1
! 2716 -94298 0
! -54483 -69848 200
> 8715 4884 -449 -292 -174 1
> 14835 7671 5 16 156 1
> 7303 5022 -549 -460 -93 1
> 10728 5284 -335 -287 -131 1
! 6168 4886 100
! 9505 4382 0
> 8715 4884 -449 -292 -174 1
> 14835 7671 5 16 156 1
> 7303 5022 -549 -460 -93 1
> 10728 5284 -335 -287 -131 1
! 33184 -91570 200
! -54877 -70186 0
> 8166 4592 -466 -248 180 1
> 14840 7687 4 13 174 1
> 6806 4369 -422 -555 -75 2
> 10393 4997 -284 -243 -131 1
! 6217 4896 100
! 9505 4382 0
> 8166 4592 -466 -248 180 1
> 14840 7687 4 13 174 1
> 6806 4369 -422 -555 -75 2
> 10393 4997 -284 -243 -131 1
! 61269 -79498 200
! -55212 -70473 0
> 7601 4359 -480 -197 171 1
> 14844 7700 3 11 192 1
> 6493 3646 -266 -614 -57 2
> 10109 4754 -241 -206 -131 1
! 7818 882 0
! 9505 4382 0
> 7601 4359 -480 -197 171 1
> 14844 7700 3 11 192 1
> 6493 3646 -266 -614 -57 2
> 10109 4754 -241 -206 -131 1
! 84207 -59286 200
! -75607 -46749 200
> 7121 4162 -408 -167 189 1
> 14847 7711 2 9 210 1
> 6382 2906 -93 -628 -39 2
> 9697 4445 -350 -262 -149 1
! 7818 882 0
! 9505 4382 0
> 7121 4162 -408 -167 189 1
> 14847 7711 2 9 210 1
> 6382 2906 -93 -628 -39 2
> 9697 4445 -350 -262 -149 1
! 99740 -32930 200
! -76019 -47058 0
> 6713 3995 -346 -141 207 2
> 14849 7720 1 7 -148 1
> 6476 2206 79 -594 -21 2
> 9347 4183 -297 -222 -149 1
! 8383 1083 100
! 9505 4382 0
> 6713 3995 -346 -141 207 2
> 14849 7720 1 7 -148 1
> 6476 2206 79 -594 -21 2
> 9347 4183 -297 -222 -149 1
! 106338 -3027 200
! -56258 -71287 0
> 6296 3783 -354 -180 225 2
> 14850 7727 0 5 -148 1
> 6755 1602 236 -513 -3 2
> 9050 3961 -252 -188 -131 1
! 8349 1161 100
! 9505 4382 0
> 6296 3783 -354 -180 225 2
> 14850 7727 0 5 -148 1
> 6755 1602 236 -513 -3 2
> 9050 3961 -252 -188 -131 1
! 103347 27483 200
! -76666 -47542 0
> 5897 3514 -339 -228 243 2
> 14850 7732 0 4 -148 1
> 7184 1141 364 -392 15 2
> 8798 3773 -214 -159 -149 1
! 8303 1236 100
! 9505 4382 0
> 5897 3514 -339 -228 243 2
> 14850 7732 0 4 -148 1
> 7184 1141 364 -392 15 2
> 8798 3773 -214 -159 -149 1
! 91051 55604 200
! -56807 -71697 0
> 5543 3187 -301 -277 261 2
> 14850 7736 0 3 -148 1
> 7716 858 451 -240 33 3
> 8584 3614 -181 -135 -131 1
! 8245 1303 100
! 9505 4382 0
> 5543 3187 -301 -277 261 2
> 14850 7736 0 3 -148 1
> 7716 858 451 -240 33 3
> 8584 3614 -181 -135 -131 1
! 70648 78572 200
! -57021 -71856 0
> 5258 2811 -242 -319 279 2
> 14850 7739 0 2 -148 1
> 8293 773 490 -71 51 3
> 8403 3479 -153 -114 -131 1
! 8179 1361 100
! 9505 4382 0
> 5258 2811 -242 -319 279 2
> 14850 7739 0 2 -148 1
> 8293 773 490 -71 51 3
> 8403 3479 -153 -114 -131 1
! 44129 94131 200
! -30670 -88571 0
> 5062 2403 -166 -346 297 2
> 14850 7741 0 1 -148 1
> 8855 889 477 98 69 3
> 8250 3365 -130 -96 -113 1
! 8108 1407 100
! 9505 4382 0
> 5062 2403 -166 -346 297 2
> 14850 7741 0 1 -148 1
> 8855 889 477 98 69 3
> 8250 3365 -130 -96 -113 1
! 14088 100751 200
! -30823 -88685 200
> 4967 1986 -80 -354 315 2
> 14850 7742 0 0 -148 1
> 9342 1187 414 253 87 3
> 8042 3085 -176 -238 -113 1
! 8035 1442 100
! 9505 4382 0
> 4967 1986 -80 -354 315 2
> 14850 7742 0 0 -148 1
> 9342 1187 414 253 87 3
> 8042 3085 -176 -238 -113 1
! -16539 97779 200
! -31031 -88965 0
> 4976 1587 7 -339 333 2
> 14850 7742 0 0 -148 1
> 9704 1633 307 379 105 3
> 7866 2847 -149 -202 -113 1
! 7962 1464 100
! 9505 4382 0
> 4976 1587 7 -339 333 2
> 14850 7742 0 0 -148 1
> 9704 1633 307 379 105 3
> 7866 2847 -149 -202 -113 1
! -44759 85500 200
! -31207 -89203 200
> 5082 1233 89 -301 351 2
> 14850 7742 0 0 -148 1
> 9902 2180 168 464 123 3
> 7639 2461 -193 -328 -113 1
! 7894 1477 100
! 9505 4382 0
> 5082 1233 89 -301 351 2
> 14850 7742 0 0 -148 1
> 9902 2180 168 464 123 3
> 7639 2461 -193 -328 -113 1
! -67812 65112 200
! -31434 -89589 0
> 5271 941 160 -248 5 2
> 14850 7742 0 0 -148 1
> 9915 2770 10 501 141 3
> 7446 2133 -164 -278 -113 1
! 7832 1482 100
! 9505 4382 0
> 5271 941 160 -248 5 2
> 14850 7742 0 0 -148 1
> 9915 2770 10 501 141 3
> 7446 2133 -164 -278 -113 1
! -83443 38606 200
! -58159 -73337 200
> 5529 714 219 -193 12 2
> 14850 7742 0 0 -148 1
> 9738 3343 -150 486 159 3
> 7151 1704 -250 -364 -131 1
! 7774 1480 100
! 9505 4382 0
> 5529 714 219 -193 12 2
> 14850 7742 0 0 -148 1
> 9738 3343 -150 486 159 3
> 7151 1704 -250 -364 -131 1
! -67976 66275 200
! -58454 -73766 200
> 5843 553 266 -136 19 2
> 14850 7742 0 0 -148 1
> 9433 3955 -259 520 141 3
> 6770 1189 -324 -437 -131 1
! 7719 1474 SHIELD
! 9505 4382 0
> 5843 553 266 -136 19 2
> 14850 7742 0 0 -148 1
> 9433 3955 -259 520 141 3
> 6770 1189 -324 -437 -131 1
! -83925 39791 200
! -58835 -74281 0
> 6062 381 146 -176 26 2
> 14850 7742 0 0 -148 1
> 8987 4547 -378 502 159 3
> 6920 1116 523 241 -131 1
! 7653 1459 100
! 9505 4382 0
> 6062 381 146 -176 26 2
> 14850 7742 0 0 -148 1
> 8987 4547 -378 502 159 3
> 6920 1116 523 241 -131 1
! -84371 40383 200
! -58685 -74354 200
> 6208 205 124 -149 34 2
> 14850 7742 0 0 -148 1
> 8422 5121 -480 487 159 3
> 7312 1206 333 76 -131 1
! 7585 1435 100
! 9505 4382 0
> 6208 205 124 -149 34 2
> 14850 7742 0 0 -148 1
> 8422 5121 -480 487 159 3
> 7312 1206 333 76 -131 1
! -91440 10354 200
! -58293 -74264 200
> 6332 56 105 -126 42 2
> 14850 7742 0 0 -148 1
> 7742 5618 -577 422 177 4
> 7514 1131 171 -63 -131 1
! 7526 1406 100
! 9505 4382 0
> 6332 56 105 -126 42 2
> 14850 7742 0 0 -148 1
> 7742 5618 -577 422 177 4
> 7514 1131 171 -63 -131 1
! -92120 10851 200
! -78202 -50372 200
> 6437 -70 89 -107 49 2
> 14850 7742 0 0 -148 1
> 6965 6050 -660 367 177 4
> 7514 965 0 -141 -149 1
! 7477 1376 100
! 9505 4382 0
> 6437 -70 89 -107 49 2
> 14850 7742 0 0 -148 1
> 6965 6050 -660 367 177 4
> 7514 965 0 -141 -149 1
! -92897 11283 200
! -58091 -74505 200
> 6584 -96 125 -21 54 2
> 14850 7742 0 0 -148 1
> 6105 6427 -730 320 177 4
> 7383 673 -111 -248 -131 1
! 7445 1352 100
! 9505 4382 0
> 6584 -96 125 -21 54 2
> 14850 7742 0 0 -148 1
> 6105 6427 -730 320 177 4
> 7383 673 -111 -248 -131 1
! -93757 11660 200
! -78333 -50830 200
> 6539 -248 -224 -313 59 2
> 14850 7742 0 0 -148 1
> 5175 6757 -790 280 177 4
> 7321 539 134 70 -149 1
! 7421 1332 100
! 9505 4382 0
> 6539 -248 -224 -313 59 2
> 14850 7742 0 0 -148 1
> 5175 6757 -790 280 177 4
> 7321 539 134 70 -149 1
! -88183 42593 200
! -78395 -50964 0
> 6364 -474 -148 -191 61 2
> 14850 7742 0 0 -148 1
> 4198 7109 -830 298 159 4
> 7455 609 113 59 -149 1
! 7409 1321 100
! 9505 4382 0
> 6364 -474 -148 -191 61 2
> 14850 7742 0 0 -148 1
> 4198 7109 -830 298 159 4
> 7455 609 113 59 -149 1
! -95664 12342 0
! -78261 -50894 0
> 6266 -579 -83 -88 60 2
> 14850 7742 0 0 -148 1
> 3368 7407 -705 253 177 5
> 7568 668 96 50 -149 1
! 7407 1319 100
! 9505 4382 0
> 6266 -579 -83 -88 60 2
> 14850 7742 0 0 -148 1
> 3368 7407 -705 253 177 5
> 7568 668 96 50 -149 1
! -89990 43243 0
! -78148 -50835 200
> 6235 -581 -26 -1 59 2
> 14850 7742 0 0 -148 1
> 2663 7660 -599 215 159 5
> 7493 615 -64 -45 -149 1
! 8225 441 100
! 9505 4382 0
> 6235 -581 -26 -1 59 2
> 14850 7742 0 0 -148 1
> 2663 7660 -599 215 159 5
> 7493 615 -64 -45 -149 1
! -75051 70592 0
! -78223 -50888 200
> 6284 -516 42 54 41 2
> 14850 7742 0 0 -148 1
> 2064 7875 -509 182 141 5
> 7258 467 -200 -125 -149 1
! 7818 882 100
! 9505 4382 0
> 6284 -516 42 54 41 2
> 14850 7742 0 0 -148 1
> 2064 7875 -509 182 141 5
> 7258 467 -200 -125 -149 1
! -52399 91742 0
! -58347 -75003 200
> 6392 -404 -240 -271 42 2
> 14850 7742 0 0 -148 1
> 1555 8057 -432 154 123 5
> 6935 200 57 140 -131 1
! 7416 1328 100
! 9505 4382 0
> 6392 -404 -240 -271 42 2
> 14850 7742 0 0 -148 1
> 1555 8057 -432 154 123 5
> 6935 200 57 140 -131 1
! -24326 104649 0
! -32138 -91850 0
> 6203 -589 -160 -157 59 2
> 14850 7742 0 0 -148 1
> 1123 8211 -367 130 105 5
> 6992 340 48 119 -113 1
! 7414 1326 100
! 9505 4382 0
> 6203 -589 -160 -157 59 2
> 14850 7742 0 0 -148 1
> 1123 8211 -367 130 105 5
> 6992 340 48 119 -113 1
! 6356 108073 0
! -58613 -75130 0
> 6096 -661 -90 -61 58 2
> 14850 7742 0 0 -148 1
> 756 8341 -311 110 87 5
> 7040 459 40 101 -131 1
! 8218 435 100
! 9505 4382 0
> 6096 -661 -90 -61 58 2
> 14850 7742 0 0 -148 1
> 756 8341 -311 110 87 5
> 7040 459 40 101 -131 1
! 36592 101699 200
! -32033 -91591 0
> 6083 -658 -11 2 40 2
> 14850 7742 0 0 -148 1
> 517 8638 -203 252 69 5
> 7080 560 34 85 -113 1
! 8216 433 100
! 9505 4382 0
> 6083 -658 -11 2 40 2
> 14850 7742 0 0 -148 1
> 517 8638 -203 252 69 5
> 7080 560 34 85 -113 1
! 63449 86352 200
! -31993 -91490 200
> 6161 -610 66 40 27 2
> 14850 7742 0 0 -148 1
> 440 9045 -65 346 51 5
> 7036 461 -37 -84 -113 1
! 7818 882 100
! 9505 4382 0
> 6161 -610 66 40 27 2
> 14850 7742 0 0 -148 1
> 440 9045 -65 346 51 5
> 7036 461 -37 -84 -113 1
! 84307 63508 200
! -32037 -91589 0
> 6301 -503 119 90 42 2
> 14850 7742 0 0 -148 1
> 543 9500 87 386 33 5
> 6999 377 -31 -71 -113 1
! 7818 882 SHIELD
! 9505 4382 0
> 6301 -503 119 90 42 2
> 14850 7742 0 0 -148 1
> 543 9500 87 386 33 5
> 6999 377 -31 -71 -113 1
! 84410 63963 200
! -58606 -75093 200
> 6410 -427 62 24 42 2
> 14850 7742 0 0 -148 1
> 798 9995 216 420 33 5
> 6941 294 250 327 -131 1
! 7409 1321 100
! 9505 4382 0
> 6410 -427 62 24 42 2
> 14850 7742 0 0 -148 1
> 798 9995 216 420 33 5
> 6941 294 250 327 -131 1
! 97390 35876 200
! -32132 -91756 200
> 6472 -403 52 20 60 2
> 14850 7742 0 0 -148 1
> 1207 10467 347 400 15 5
> 7113 437 146 121 -113 1
! 7404 1316 100
! 9505 4382 0
> 6472 -403 52 20 60 2
> 14850 7742 0 0 -148 1
> 1207 10467 347 400 15 5
> 7113 437 146 121 -113 1
! 101069 5233 200
! -58492 -75033 0
> 6524 -383 44 17 62 2
> 14850 7742 0 0 -148 1
> 1754 10857 464 331 -3 5
> 7259 558 124 102 -131 1
! 7399 1311 100
! 9505 4382 0
> 6524 -383 44 17 62 2
> 14850 7742 0 0 -148 1
> 1754 10857 464 331 -3 5
> 7259 558 124 102 -131 1
! 95111 -24979 200
! -58346 -74912 200
> 6568 -366 37 14 63 2
> 14850 7742 0 0 -148 1
> 2405 11116 553 220 -21 5
> 7252 509 -6 -41 -131 1
! 7394 1307 100
! 9505 4382 0
> 6568 -366 37 14 63 2
> 14850 7742 0 0 -148 1
> 2405 11116 553 220 -21 5
> 7252 509 -6 -41 -131 1
! 80119 -51816 200
! -58353 -74961 200
> 6614 -307 -125 -155 64 2
> 14850 7742 0 0 -148 1
> 3113 11210 602 80 -39 5
> 7150 361 78 80 -131 1
! 7396 1309 100
! 9505 4382 0
> 6614 -307 -125 -155 64 2
> 14850 7742 0 0 -148 1
> 3113 11210 602 80 -39 5
> 7150 361 78 80 -131 1
! 57576 -72657 200
! -58455 -75109 0
> 6533 -372 -69 -55 64 2
> 14850 7742 0 0 -148 1
> 3824 11122 604 -74 -57 5
> 7228 441 66 68 -131 1
! 8237 453 100
! 9505 4382 0
> 6533 -372 -69 -55 64 2
> 14850 7742 0 0 -148 1
> 3824 11122 604 -74 -57 5
> 7228 441 66 68 -131 1
! 58287 -72745 200
! -58377 -75029 200
> 6533 -355 0 14 46 2
> 14850 7742 0 0 -148 1
> 4537 10880 605 -205 -57 5
> 7163 358 -55 -70 -131 1
! 8234 450 100
! 9505 4382 0
> 6533 -355 0 14 46 2
> 14850 7742 0 0 -148 1
> 4537 10880 605 -205 -57 5
> 7163 358 -55 -70 -131 1
! 59000 -72987 200
! -58442 -75112 200
> 6463 -476 -143 -200 28 2
> 14850 7742 0 0 -148 1
> 5251 10507 606 -316 -57 5
> 7135 319 60 64 -131 1
! 7393 1306 100
! 9505 4382 0
> 6463 -476 -143 -200 28 2
> 14850 7742 0 0 -148 1
> 5251 10507 606 -316 -57 5
> 7135 319 60 64 -131 1
! 59714 -73360 200
! -31938 -91731 0
> 6389 -604 -62 -108 46 2
> 14850 7742 0 0 -148 1
> 5966 10023 607 -411 -57 5
> 7195 383 51 54 -113 1
! 7386 1298 100
! 9505 4382 0
> 6389 -604 -62 -108 46 2
> 14850 7742 0 0 -148 1
> 5966 10023 607 -411 -57 5
> 7195 383 51 54 -113 1
! 31847 -86569 200
! -31878 -91667 0
> 6373 -623 -13 -16 62 2
> 14850 7742 0 0 -148 1
> 6625 9419 559 -513 -75 5
> 7246 437 43 45 -113 1
! 7385 1298 100
! 9505 4382 0
> 6373 -623 -13 -16 62 2
> 14850 7742 0 0 -148 1
> 6625 9419 559 -513 -75 5
> 7246 437 43 45 -113 1
! 32506 -87173 200
! -58359 -75033 200
> 6407 -551 28 61 62 2
> 14850 7742 0 0 -148 1
> 7236 8713 519 -600 -75 5
> 7158 331 -74 -90 -131 1
! 8246 461 100
! 9505 4382 0
> 6407 -551 28 61 62 2
> 14850 7742 0 0 -148 1
> 7236 8713 519 -600 -75 5
> 7158 331 -74 -90 -131 1
! 33117 -87879 200
! -58447 -75139 200
> 6427 -513 -182 -197 44 2
> 14850 7742 0 0 -148 1
> 7807 7920 485 -674 -75 5
> 7033 182 92 104 -131 1
! 7393 1306 100
! 9505 4382 0
> 6427 -513 -182 -197 44 2
> 14850 7742 0 0 -148 1
> 7807 7920 485 -674 -75 5
> 7033 182 92 104 -131 1
! 33688 -88672 200
! -58572 -75288 0
> 6292 -622 -114 -92 62 2
> 14850 7742 0 0 -148 1
> 8344 7053 456 -737 -75 5
> 7125 286 78 88 -131 1
! 8239 455 100
! 9505 4382 0
> 6292 -622 -114 -92 62 2
> 14850 7742 0 0 -148 1
> 8344 7053 456 -737 -75 5
> 7125 286 78 88 -131 1
! 3110 -92809 200
! -78591 -51217 0
> 6250 -644 -35 -19 44 2
> 14850 7742 0 0 -148 1
> 8790 6116 378 -796 -93 5
> 7203 374 66 74 -149 1
! 8236 452 100
! 9505 4382 0
> 6250 -644 -35 -19 44 2
> 14850 7742 0 0 -148 1
> 8790 6116 378 -796 -93 5
> 7203 374 66 74 -149 1
! -27046 -87242 200
! -58402 -75096 200
> 6303 -615 44 24 29 2
> 14850 7742 0 0 -148 1
> 9096 5133 260 -835 -111 5
> 7138 297 -55 -65 -131 1
! 7396 1309 100
! 9505 4382 0
> 6303 -615 44 24 29 2
> 14850 7742 0 0 -148 1
> 9096 5133 260 -835 -111 5
> 7138 297 -55 -65 -131 1
! -53836 -72581 0
! -31935 -91753 0
> 6415 -518 95 82 47 2
> 14850 7742 0 0 -148 1
> 9356 4298 221 -709 -129 0
> 7083 232 -46 -55 -113 1
! 7818 882 SHIELD
! 9505 4382 0
> 6415 -518 95 82 47 2
> 14850 7742 0 0 -148 1
> 9356 4298 221 -709 -129 0
> 7083 232 -46 -55 -113 1
! -74511 -50165 0
! -58522 -75238 200
> 6487 -462 40 23 45 2
> 14850 7742 0 0 -148 1
> 9577 3589 187 -602 -147 0
> 7136 288 252 284 -131 1
! 7392 1304 100
! 9505 4382 0
> 6487 -462 40 23 45 2
> 14850 7742 0 0 -148 1
> 9577 3589 187 -602 -147 0
> 7136 288 252 284 -131 1
! -87015 -22292 0
! -31937 -91762 200
> 6527 -439 34 19 63 2
> 14850 7742 0 0 -148 1
> 9764 2987 158 -511 -165 0
> 7310 388 147 84 -113 1
! 7389 1301 100
! 9505 4382 0
> 6527 -439 34 19 63 2
> 14850 7742 0 0 -148 1
> 9764 2987 158 -511 -165 0
> 7310 388 147 84 -113 1
! -90098 8220 0
! -58295 -75082 0
> 6561 -420 28 16 64 2
> 14850 7742 0 0 -148 1
> 9922 2476 134 -434 -183 0
> 7457 472 124 71 -131 1
! 7386 1299 100
! 9505 4382 0
> 6561 -420 28 16 64 2
> 14850 7742 0 0 -148 1
> 9922 2476 134 -434 -183 0
> 7457 472 124 71 -131 1
! -89940 7709 0
! -78259 -51031 200
> 6589 -404 23 13 64 2
> 14850 7742 0 0 -148 1
> 10056 2042 113 -368 177 0
> 7410 440 -40 -27 -149 1
! 7384 1297 100
! 9505 4382 0
> 6589 -404 23 13 64 2
> 14850 7742 0 0 -148 1
> 10056 2042 113 -368 177 0
> 7410 440 -40 -27 -149 1
! -89806 7275 0
! -78306 -51063 0
> 6654 -300 55 88 65 2
> 14850 7742 0 0 -148 1
> 10169 1674 96 -312 177 0
> 7370 413 -34 -22 -149 1
! 7818 882 100
! 9505 4382 0
> 6654 -300 55 88 65 2
> 14850 7742 0 0 -148 1
> 10169 1674 96 -312 177 0
> 7370 413 -34 -22 -149 1
! -89693 6907 0
! -78346 -51090 200
> 6621 -300 -152 -128 47 2
> 14850 7742 0 0 -148 1
> 10265 1362 81 -265 177 0
> 7320 449 82 158 -149 1
! 8240 455 100
! 9505 4382 0
> 6621 -300 -152 -128 47 2
> 14850 7742 0 0 -148 1
> 10265 1362 81 -265 177 0
> 7320 449 82 158 -149 1
! -89597 6595 200
! -58285 -75021 200
> 6557 -380 -54 -67 29 2
> 14850 7742 0 0 -148 1
> 10146 1107 -100 -216 177 0
> 7271 456 -41 5 -131 1
! 7394 1306 100
! 9505 4382 0
> 6557 -380 -54 -67 29 2
> 14850 7742 0 0 -148 1
> 10146 1107 -100 -216 177 0
> 7271 456 -41 5 -131 1
! -86446 -24774 200
! -31802 -91594 200
> 6571 -374 12 5 47 2
> 14850 7742 0 0 -148 1
> 9853 839 -249 -227 -165 0
> 7152 277 -101 -152 -113 1
! 7392 1305 100
! 9505 4382 0
> 6571 -374 12 5 47 2
> 14850 7742 0 0 -148 1
> 9853 839 -249 -227 -165 0
> 7152 277 -101 -152 -113 1
! -90009 6072 0
! -58453 -75193 0
> 6481 -438 -118 -99 64 2
> 14850 7742 0 0 -148 1
> 9604 612 -211 -192 177 0
> 7197 284 79 50 -131 1
! 8240 455 100
! 9505 4382 0
> 6481 -438 -118 -99 64 2
> 14850 7742 0 0 -148 1
> 9604 612 -211 -192 177 0
> 7197 284 79 50 -131 1
! -83754 36448 0
! -78519 -51219 200
> 6433 -465 -41 -23 46 2
> 14850 7742 0 0 -148 1
> 9393 420 -179 -163 159 0
> 7105 231 -78 -45 -149 1
! 8236 452 100
! 9505 4382 0
> 6433 -465 -41 -23 46 2
> 14850 7742 0 0 -148 1
> 9393 420 -179 -163 159 0
> 7105 231 -78 -45 -149 1
! -90469 5653 0
! -58500 -75239 SHIELD
> 6480 -441 40 20 28 2
> 14850 7742 0 0 -148 1
> 9214 257 -152 -138 177 0
> 7027 186 -66 -38 -131 1
! 7396 1309 100
! 9505 4382 0
> 6480 -441 40 20 28 2
> 14850 7742 0 0 -148 1
> 9214 257 -152 -138 177 0
> 7027 186 -66 -38 -131 1
! -84144 36093 0
! -32046 -91864 SHIELD
> 6376 -599 -120 -171 46 2
> 14850 7742 0 0 -148 1
> 9062 119 -129 -117 159 0
> 6982 173 -34 -7 -113 1
! 7388 1301 100
! 9505 4382 0
> 6376 -599 -120 -171 46 2
> 14850 7742 0 0 -148 1
> 9062 119 -129 -117 159 0
> 6982 173 -34 -7 -113 1
! -90800 5352 0
! -58623 -75297 200
> 6303 -682 -62 -70 62 2
> 14850 7742 0 0 -148 1
> 8933 2 -109 -99 177 0
> 6948 166 -28 -5 -131 1
! 7387 1299 100
! 9505 4382 0
> 6303 -682 -62 -70 62 2
> 14850 7742 0 0 -148 1
> 8933 2 -109 -99 177 0
> 6948 166 -28 -5 -131 1
! -84425 35838 0
! -78768 -51337 0
> 6289 -664 -11 15 61 2
> 14850 7742 0 0 -148 1
> 8824 -97 -92 -84 159 0
> 6920 161 -23 -4 -149 1
! 8245 460 100
! 9505 4382 0
> 6289 -664 -11 15 61 2
> 14850 7742 0 0 -148 1
> 8824 -97 -92 -84 159 0
> 6920 161 -23 -4 -149 1
! -68890 62835 0
! -58685 -75309 0
> 6351 -580 52 71 43 2
> 14850 7742 0 0 -148 1
> 8732 -181 -78 -71 141 0
> 6897 157 -19 -3 -131 1
! 7818 882 100
! 9505 4382 0
> 6351 -580 52 71 43 2
> 14850 7742 0 0 -148 1
> 8732 -181 -78 -71 141 0
> 6897 157 -19 -3 -131 1
! -45731 83686 0
! -32176 -91893 0
> 6421 -513 -3 -32 45 2
> 14850 7742 0 0 -148 1
> 8654 -252 -66 -60 123 0
> 6931 228 92 149 -113 1
! 7394 1307 100
! 9505 4382 0
> 6421 -513 -3 -32 45 2
> 14850 7742 0 0 -148 1
> 8654 -252 -66 -60 123 0
> 6931 228 92 149 -113 1
! -45809 83615 0
! -32142 -91822 200
> 6465 -457 37 47 62 2
> 14850 7742 0 0 -148 1
> 8588 -312 -56 -51 123 0
> 6945 193 11 -29 -113 1
! 7818 882 100
! 9505 4382 0
> 6465 -457 37 47 62 2
> 14850 7742 0 0 -148 1
> 8588 -312 -56 -51 123 0
> 6945 193 11 -29 -113 1
! -45875 83555 0
! -58660 -75277 SHIELD
> 6392 -584 -69 -118 45 2
> 14850 7742 0 0 -148 1
> 8532 -363 -47 -43 123 0
> 6974 188 25 -2 -131 1
! 7388 1300 100
! 9505 4382 0
> 6392 -584 -69 -118 45 2
> 14850 7742 0 0 -148 1
> 8532 -363 -47 -43 123 0
> 6974 188 25 -2 -131 1
! -45931 83504 0
! -32099 -91862 0
> 6370 -614 -18 -25 62 2
> 14850 7742 0 0 -148 1
> 8485 -406 -39 -36 123 0
> 6999 186 21 -1 -113 1
! 7387 1299 100
! 9505 4382 0
> 6370 -614 -18 -25 62 2
> 14850 7742 0 0 -148 1
> 8485 -406 -39 -36 123 0
> 6999 186 21 -1 -113 1
! -45978 83461 0
! -58606 -75284 0
> 6399 -551 24 53 62 2
> 14850 7742 0 0 -148 1
> 8446 -442 -33 -30 123 0
> 7020 185 17 0 -131 1
! 8244 460 100
! 9505 4382 0
> 6399 -551 24 53 62 2
> 14850 7742 0 0 -148 1
> 8446 -442 -33 -30 123 0
> 7020 185 17 0 -131 1
! -69268 62490 0
! -78696 -51318 200
> 6495 -429 81 104 44 2
> 14850 7742 0 0 -148 1
> 8413 -472 -28 -25 141 0
> 7037 185 14 0 -149 1
! 7818 882 100
! 9505 4382 0
> 6495 -429 81 104 44 2
> 14850 7742 0 0 -148 1
> 8413 -472 -28 -25 141 0
> 7037 185 14 0 -149 1
! -84945 35364 0
! -58568 -75285 SHIELD
> 6402 -531 -98 -108 45 2
> 14850 7742 0 0 -148 1
> 8385 -497 -23 -21 159 0
> 7075 213 34 25 -131 1
! 7394 1307 100
! 9505 4382 0
> 6402 -531 -98 -108 45 2
> 14850 7742 0 0 -148 1
> 8385 -497 -23 -21 159 0
> 7075 213 34 25 -131 1
! -69329 62435 0
! -58530 -75257 0
> 6351 -551 -42 -16 62 2
> 14850 7742 0 0 -148 1
> 8362 -518 -19 -17 141 0
> 7109 238 28 21 -131 1
! 8237 453 100
! 9505 4382 0
> 6351 -551 -42 -16 62 2
> 14850 7742 0 0 -148 1
> 8362 -518 -19 -17 141 0
> 7109 238 28 21 -131 1
! -69352 62414 0
! -78607 -51265 0
> 6381 -498 25 45 44 2
> 14850 7742 0 0 -148 1
> 8343 -535 -16 -14 141 0
> 7137 259 23 17 -149 1
! 8234 449 100
! 9505 4382 0
> 6381 -498 25 45 44 2
> 14850 7742 0 0 -148 1
> 8343 -535 -16 -14 141 0
> 7137 259 23 17 -149 1
! -69371 62397 0
! -58468 -75211 0
> 6495 -407 96 76 27 2
> 14850 7742 0 0 -148 1
> 8327 -549 -13 -11 141 0
> 7160 276 19 14 -131 1
! 7818 882 100
! 9505 4382 0
> 6495 -407 96 76 27 2
> 14850 7742 0 0 -148 1
> 8327 -549 -13 -11 141 0
> 7160 276 19 14 -131 1
! -69387 62383 0
! -31913 -91774 SHIELD
> 6607 -320 -67 -98 44 2
> 14850 7742 0 0 -148 1
> 8314 -560 -11 -9 141 0
> 7185 296 37 34 -113 1
! 7395 1308 100
! 9505 4382 0
> 6607 -320 -67 -98 44 2
> 14850 7742 0 0 -148 1
> 8314 -560 -11 -9 141 0
> 7185 296 37 34 -113 1
! -46149 83307 0
! -58420 -75174 0
> 6587 -329 -17 -8 62 2
> 14850 7742 0 0 -148 1
> 8303 -569 -9 -7 123 0
> 7222 330 31 28 -131 1
! 8239 454 100
! 9505 4382 0
> 6587 -329 -17 -8 62 2
> 14850 7742 0 0 -148 1
> 8303 -569 -9 -7 123 0
> 7222 330 31 28 -131 1
! -46160 83298 0
! -78494 -51173 SHIELD
> 6642 -267 46 52 44 2
> 14850 7742 0 0 -148 1
> 8294 -576 -7 -5 123 0
> 7253 358 26 23 -149 1
! 7818 882 100
! 9505 4382 0
> 6642 -267 46 52 44 2
> 14850 7742 0 0 -148 1
> 8294 -576 -7 -5 123 0
> 7253 358 26 23 -149 1
! -69420 62356 200
! -78463 -51145 0
> 6700 -205 -11 -9 44 2
> 14850 7742 0 0 -148 1
> 8132 -455 -138 102 141 0
> 7338 441 133 133 -149 1
! 8236 452 100
! 9505 4382 0
> 6700 -205 -11 -9 44 2
> 14850 7742 0 0 -148 1
> 8132 -455 -138 102 141 0
> 7338 441 133 133 -149 1
! -85226 35381 200
! -90099 -22054 0
> 6779 -170 66 30 26 2
> 14850 7742 0 0 -148 1
> 7807 -281 -276 147 159 0
> 7471 574 113 113 -167 1
! 7391 1304 100
! 9505 4382 0
> 6779 -170 66 30 26 2
> 14850 7742 0 0 -148 1
> 7807 -281 -276 147 159 0
> 7471 574 113 113 -167 1
! -69907 62651 SHIELD
! -89966 -21921 0
> 6587 -35 -522 152 44 2
> 14850 7742 0 0 -148 1
> 7564 -137 -170 118 141 0
> 7584 687 96 96 -167 1
! 8176 401 100
! 9505 4382 0
> 6587 -35 -522 152 44 2
> 14850 7742 0 0 -148 1
> 7564 -137 -170 118 141 0
> 7584 687 96 96 -167 1
! -46899 83730 SHIELD
! -92035 9402 SHIELD
> 6155 161 -367 166 26 2
> 14850 7742 0 0 -148 1
> 7394 -19 -144 100 123 0
> 7680 783 81 81 175 1
! 8057 332 100
! 9505 4382 0
> 6155 161 -367 166 26 2
> 14850 7742 0 0 -148 1
> 7394 -19 -144 100 123 0
> 7680 783 81 81 175 1
! -18487 96573 0
! -91939 9498 0
> 5887 341 -227 153 8 2
> 14850 7742 0 0 -148 1
> 7250 81 -122 85 105 0
> 7761 864 68 68 175 1
! 7980 304 100
! 9505 4382 0
> 5887 341 -227 153 8 2
> 14850 7742 0 0 -148 1
> 7250 81 -122 85 105 0
> 7761 864 68 68 175 1
! 12483 99943 0
! -91858 9579 0
> 5760 492 -107 128 -1 2
> 14850 7742 0 0 -148 1
> 7128 166 -103 72 87 0
> 7829 932 57 57 175 1
! 7930 292 100
! 9505 4382 0
> 5760 492 -107 128 -1 2
> 14850 7742 0 0 -148 1
> 7128 166 -103 72 87 0
> 7829 932 57 57 175 1
! 42964 93524 0
! -84221 40005 200
> 5753 611 -6 100 -5 2
> 14850 7742 0 0 -148 1
> 7025 238 -87 61 69 0
> 7886 989 48 48 157 1
! 7896 287 100
! 9505 4382 0
> 5753 611 -6 100 -5 2
> 14850 7742 0 0 -148 1
> 7025 238 -87 61 69 0
> 7886 989 48 48 157 1
! 12258 100100 0
! -91733 9704 0
> 5846 696 78 72 -9 2
> 14850 7742 0 0 -148 1
> 6938 299 -73 51 87 0
> 7934 1037 40 40 175 1
! 7874 285 100
! 9505 4382 0
> 5846 696 78 72 -9 2
> 14850 7742 0 0 -148 1
> 6938 299 -73 51 87 0
> 7934 1037 40 40 175 1
! 12171 100161 200
! -89503 -21458 200
> 6022 748 149 44 -11 2
> 14850 7742 0 0 -148 1
> 6875 550 -53 213 87 0
> 7779 1032 -131 -4 -167 1
! 7818 882 100
! 9505 4382 0
> 6022 748 149 44 -11 2
> 14850 7742 0 0 -148 1
> 6875 550 -53 213 87 0
> 7779 1032 -131 -4 -167 1
! 12108 100412 200
! -77937 -50471 SHIELD
> 5880 849 -505 117 4 2
> 14850 7742 0 0 -148 1
> 6801 757 -82 -6 87 0
> 7690 1044 -34 24 -149 1
! 7828 282 100
! 9505 4382 0
> 5880 849 -505 117 4 2
> 14850 7742 0 0 -148 1
> 6801 757 -82 -6 87 0
> 7690 1044 -34 24 -149 1
! 12034 100619 200
! -89747 -21451 0
> 5472 942 -346 79 -14 2
> 14850 7742 0 0 -148 1
> 6729 951 -60 164 87 0
> 7656 1068 -28 20 -167 1
! 7803 282 100
! 9505 4382 0
> 5472 942 -346 79 -14 2
> 14850 7742 0 0 -148 1
> 6729 951 -60 164 87 0
> 7656 1068 -28 20 -167 1
! 42565 94309 200
! -78060 -50435 0
> 5222 994 -212 43 -16 2
> 14850 7742 0 0 -148 1
> 6741 1302 9 298 69 0
> 7628 1088 -23 17 -149 1
! 7792 283 100
! 9505 4382 0
> 5222 994 -212 43 -16 2
> 14850 7742 0 0 -148 1
> 6741 1302 9 298 69 0
> 7628 1088 -23 17 -149 1
! 69673 79016 200
! -89809 -21407 0
> 5106 1010 -98 13 -15 2
> 14850 7742 0 0 -148 1
> 6876 1755 114 385 51 0
> 7605 1105 -19 14 -167 1
! 7790 283 100
! 9505 4382 0
> 5106 1010 -98 13 -15 2
> 14850 7742 0 0 -148 1
> 6876 1755 114 385 51 0
> 7605 1105 -19 14 -167 1
! 90743 56218 200
! -89832 -21390 0
> 5105 997 -1 -11 -15 2
> 14850 7742 0 0 -148 1
> 7158 2249 239 419 33 0
> 7586 1119 -16 11 -167 1
! 7843 1481 100
! 9505 4382 0
> 5105 997 -1 -11 -15 2
> 14850 7742 0 0 -148 1
> 7158 2249 239 419 33 0
> 7586 1119 -16 11 -167 1
! 103750 28130 200
! -89851 -21376 0
> 5204 991 84 -5 3 2
> 14850 7742 0 0 -148 1
> 7590 2720 367 400 15 0
> 7570 1130 -13 9 -167 1
! 7818 882 100
! 9505 4382 0
> 5204 991 84 -5 3 2
> 14850 7742 0 0 -148 1
> 7590 2720 367 400 15 0
> 7570 1130 -13 9 -167 1
! 91457 57183 200
! -89867 -21365 200
> 5388 982 156 -7 -2 2
> 14850 7742 0 0 -148 1
> 8125 3229 454 432 33 0
> 7362 1094 -176 -30 -167 1
! 7818 882 100
! 9505 4382 0
> 5388 982 156 -7 -2 2
> 14850 7742 0 0 -148 1
> 8125 3229 454 432 33 0
> 7362 1094 -176 -30 -167 1
! 71057 80943 200
! -90075 -21401 0
> 5644 971 217 -9 -2 2
> 14850 7742 0 0 -148 1
> 8705 3816 492 499 51 0
> 7186 1064 -149 -25 -167 1
! 7818 882 100
! 9505 4382 0
> 5644 971 217 -9 -2 2
> 14850 7742 0 0 -148 1
> 8705 3816 492 499 51 0
> 7186 1064 -149 -25 -167 1
! 92572 58279 200
! -90251 -21431 200
> 5961 958 269 -11 -2 2
> 14850 7742 0 0 -148 1
> 9365 4424 560 516 33 0
> 6842 994 -292 -59 -167 1
! 7818 882 SHIELD
! 9505 4382 0
> 5961 958 269 -11 -2 2
> 14850 7742 0 0 -148 1
> 9365 4424 560 516 33 0
> 6842 994 -292 -59 -167 1
! 93232 58887 200
! -90595 -21501 0
> 6143 944 141 -12 -2 2
> 14850 7742 0 0 -148 1
> 10093 5049 618 531 33 0
> 7423 967 620 -18 -167 1
! 7818 882 100
! 11329 6111 100
> 6143 944 141 -12 -2 2
> 14850 7742 0 0 -148 1
> 10093 5049 618 531 33 0
> 7423 967 620 -18 -167 1
! 106685 30930 200
! -92196 9682 200
> 6284 932 119 -10 -2 2
> 14759 7700 -77 -35 -155 1
> 10904 5632 689 495 15 0
> 7844 966 357 0 175 1
! 7818 882 100
! 12971 7117 100
> 6284 932 119 -10 -2 2
> 14759 7700 -77 -35 -155 1
> 10904 5632 689 495 15 0
> 7844 966 357 0 175 1
! 107496 31513 0
! -91775 9681 200
> 6403 922 101 -8 -2 2
> 14587 7634 -146 -56 -162 1
> 11593 6127 585 420 15 0
> 8002 983 134 14 175 1
! 7818 882 100
! 13348 7387 100
> 6403 922 101 -8 -2 2
> 14587 7634 -146 -56 -162 1
> 11593 6127 585 420 15 0
> 8002 983 134 14 175 1
! 111455 893 200
! -91617 9698 200
> 6504 914 85 -6 -2 2
> 14343 7558 -207 -64 -169 1
> 12378 6537 667 348 -3 0
> 7937 1014 -55 26 175 1
! 7818 882 100
! 14379 7581 100
> 6504 914 85 -6 -2 2
> 14343 7558 -207 -64 -169 1
> 12378 6537 667 348 -3 0
> 7937 1014 -55 26 175 1
! 108970 32418 200
! -89500 -21481 200
> 6689 906 157 -7 -1 2
> 14037 7506 -260 -44 -187 1
> 13238 6937 731 339 15 0
> 7687 995 -212 -16 -167 1
! 7818 882 SHIELD
! 15017 8051 SHIELD
> 6689 906 157 -7 -1 2
> 14037 7506 -260 -44 -187 1
> 13238 6937 731 339 15 0
> 7687 995 -212 -16 -167 1
! 97105 61400 SHIELD
! -89750 -21500 200
> 6780 893 46 -13 -1 2
> 14426 7984 449 501 -205 1
> 13320 6754 -49 -250 33 0
> 7940 992 526 24 -167 1
! 7818 882 100
! 9505 4382 0
> 6780 893 46 -13 -1 2
> 14426 7984 449 501 -205 1
> 13320 6754 -49 -250 33 0
> 7940 992 526 24 -167 1
! 76252 84468 0
! -91679 9707 200
> 6826 880 39 -11 -1 2
> 14875 8485 381 425 -187 1
> 13271 6504 -41 -212 51 0
> 8267 1033 277 35 175 1
! 7818 882 100
! 9505 4382 0
> 6826 880 39 -11 -1 2
> 14875 8485 381 425 -187 1
> 13271 6504 -41 -212 51 0
> 8267 1033 277 35 175 1
! 76203 84218 0
! -89170 -21462 200
> 6865 869 33 -9 0 2
> 15256 8910 323 361 -169 1
> 13230 6292 -34 -180 51 0
> 8349 1023 69 -8 -167 1
! 7818 882 100
! 15017 8051 19
> 6865 869 33 -9 0 2
> 15256 8910 323 361 -169 1
> 13230 6292 -34 -180 51 0
> 8349 1023 69 -8 -167 1
! 97097 60755 0
! -89088 -21472 200
> 6898 860 28 -7 1 2
> 15579 9271 274 306 -151 1
> 13196 6112 -28 -153 33 0
> 8223 970 -106 -45 -167 1
! 7818 882 100
! 13112 5653 100
> 6898 860 28 -7 1 2
> 15579 9271 274 306 -151 1
> 13196 6112 -28 -153 33 0
> 8223 970 -106 -45 -167 1
! 76128 83826 200
! -91396 9685 200
