@ 0 reCurse
@ 1 Tuo
CP 6
CP 14490 7764
CP 6309 4303
CP 7818 882
CP 7638 5973
CP 3119 7515
CP 9505 4382
> 14295 8224 0 0 -1 1
> 14685 7304 0 0 -1 1
> 13906 9145 0 0 -1 1
> 15074 6383 0 0 -1 1
! -84694 -5953 200
! -64424 -53865 200
> 14295 8224 0 0 -1 1
> 14685 7304 0 0 -1 1
> 13906 9145 0 0 -1 1
> 15074 6383 0 0 -1 1
! 6631 3797 11
! 15017 8051 0
> 14097 8196 -168 -24 -172 1
> 14527 7182 -134 -103 -142 1
> 13897 9138 -7 -5 -144 1
> 15074 6383 0 0 92 1
! -75782 -35641 200
! -79442 -27019 200
> 14097 8196 -168 -24 -172 1
> 14527 7182 -134 -103 -142 1
> 13897 9138 -7 -5 -144 1
> 15074 6383 0 0 92 1
! 6309 4303 BOOST
! 15017 8051 45
> 13749 8084 -295 -94 -154 1
> 14205 7011 -273 -145 -160 1
> 13342 8784 -471 -301 -147 1
> 15072 6428 -1 38 92 1
! -85277 -5833 200
! -85734 3521 200
> 13749 8084 -295 -94 -154 1
> 14205 7011 -273 -145 -160 1
> 13342 8784 -471 -301 -147 1
> 15072 6428 -1 38 92 1
! 6309 4303 100
! 15017 8051 44
> 13355 7797 -330 -252 -172 1
> 13732 6859 -401 -129 -178 1
> 12688 8594 -561 -152 -147 1
> 15070 6510 -2 69 92 1
! -76524 -36040 200
! -80237 -27342 0
> 13355 7797 -330 -252 -172 1
> 13732 6859 -401 -129 -178 1
> 12688 8594 -561 -152 -147 1
> 15070 6510 -2 69 92 1
! 6644 3805 100
! 15017 8051 41
> 12845 7457 -433 -288 -154 1
> 13331 6730 -340 -109 -160 1
> 12049 8380 -543 -181 -142 1
> 15067 6620 -2 93 92 1
! -77034 -36380 200
! -80638 -27471 200
> 12845 7457 -433 -288 -154 1
> 13331 6730 -340 -109 -160 1
> 12049 8380 -543 -181 -142 1
> 15067 6620 -2 93 92 1
! 6656 3814 100
! 15017 8051 37
> 12201 7114 -615 -218 -154 1
> 12834 6520 -353 -251 -160 1
> 11430 8134 -526 -208 -140 1
> 15064 6750 -2 110 92 1
! -86825 -6803 200
! -81135 -27681 200
> 12201 7114 -615 -218 -154 1
> 12834 6520 -353 -251 -160 1
> 11430 8134 -526 -208 -140 1
> 15064 6750 -2 110 92 1
! 6668 3823 100
! 15017 8051 33
> 11388 6868 -691 -208 -172 1
> 12293 6201 -459 -271 -160 1
> 10830 7859 -510 -233 -138 1
> 15061 6893 -2 121 92 1
! -87638 -7049 200
! -87646 2711 200
> 11388 6868 -691 -208 -172 1
> 12293 6201 -459 -271 -160 1
> 10830 7859 -510 -233 -138 1
> 15061 6893 -2 121 92 1
! 6680 3831 100
! 15017 8051 28
> 10499 6632 -755 -200 -172 1
> 11634 5923 -560 -236 -178 1
> 10248 7556 -494 -257 -136 1
> 15058 7042 -2 126 92 1
! -79380 -37205 0
! -84492 33486 200
> 10499 6632 -755 -200 -172 1
> 11634 5923 -560 -236 -178 1
> 10248 7556 -494 -257 -136 1
> 15058 7042 -2 126 92 1
! 6691 3840 100
! 15017 8051 23
> 9744 6428 -628 -332 -154 1
> 10882 5742 -639 -153 164 1
> 9685 7231 -491 -117 -134 1
> 15055 7191 -2 126 92 1
! -62190 -63037 200
! -72021 61661 200
> 9744 6428 -628 -332 -154 1
> 10882 5742 -639 -153 164 1
> 9685 7231 -491 -117 -134 1
> 15055 7191 -2 126 92 1
! 6702 3850 100
! 15017 8051 18
> 8972 5957 -656 -400 -136 1
> 10077 5701 -684 -34 146 1
> 9128 7039 -473 -163 -131 1
> 15052 7335 -2 122 93 1
! -62962 -63508 200
! -51489 84502 200
> 8972 5957 -656 -400 -136 1
> 10077 5701 -684 -34 146 1
> 9128 7039 -473 -163 -131 1
> 15052 7335 -2 122 93 1
! 6727 3872 100
! 15017 8051 13
> 8172 5418 -679 -458 -136 1
> 9270 5825 -686 105 128 1
> 8595 6796 -453 -206 -127 1
> 15049 7470 -2 114 93 1
! -38775 -82876 0
! -73633 61744 200
> 8172 5418 -679 -458 -136 1
> 9270 5825 -686 105 128 1
> 8595 6796 -453 -206 -127 1
> 15049 7470 -2 114 93 1
! 6751 3897 100
! 9505 4382 0
> 7493 4960 -577 -389 -118 1
> 8551 5853 -424 -242 146 1
> 7956 6695 -730 179 -122 1
> 15047 7584 -1 96 111 1
! -9871 -93520 200
! -87575 33416 0
> 7493 4960 -577 -389 -118 1
> 8551 5853 -424 -242 146 1
> 7956 6695 -730 179 -122 1
> 15047 7584 -1 96 111 1
! 6803 3963 100
! 9505 4382 0
> 6881 4374 -519 -498 -100 2
> 8127 5611 -360 -205 164 1
> 7187 6782 -653 73 -113 1
> 15046 7680 0 81 129 1
! 20798 -94652 0
! -87999 33174 0
> 6881 4374 -519 -498 -100 2
> 8127 5611 -360 -205 164 1
> 7187 6782 -653 73 -113 1
> 15046 7680 0 81 129 1
! 6875 4103 100
! 9505 4382 0
> 6362 3876 -441 -423 -82 2
> 7767 5406 -306 -174 164 1
> 6522 6756 -564 -22 -97 1
> 15046 7761 0 68 147 1
! 50198 -86003 200
! -92172 1916 0
> 6362 3876 -441 -423 -82 2
> 7767 5406 -306 -174 164 1
> 6522 6756 -564 -22 -97 1
> 15046 7761 0 68 147 1
! 6907 4251 100
! 9505 4382 0
> 6009 3273 -300 -512 -64 2
> 7461 5232 -260 -147 -178 1
> 5973 6635 -466 -102 -81 1
> 15046 7829 0 57 165 1
! 75474 -68661 0
! -88665 32795 200
> 6009 3273 -300 -512 -64 2
> 7461 5232 -260 -147 -178 1
> 5973 6635 -466 -102 -81 1
> 15046 7829 0 57 165 1
! 6903 4389 100
! 9505 4382 0
> 5709 2761 -255 -435 -46 2
> 7009 5140 -384 -78 164 1
> 5545 6441 -363 -165 -68 1
> 15046 7886 0 48 183 1
! 94003 -44186 200
! -75894 61059 200
> 5709 2761 -255 -435 -46 2
> 7009 5140 -384 -78 164 1
> 5545 6441 -363 -165 -68 1
> 15046 7886 0 48 183 1
! 6874 4505 100
! 9505 4382 0
> 5631 2232 -66 -449 -28 2
> 6459 5174 -467 28 146 1
> 5239 6194 -260 -210 -56 1
> 15046 7934 0 40 201 1
! 104111 -15132 200
! -76444 61093 0
> 5631 2232 -66 -449 -28 2
> 6459 5174 -467 28 146 1
> 5239 6194 -260 -210 -56 1
> 15046 7934 0 40 201 1
! 6831 4598 100
! 9505 4382 0
> 5762 1748 111 -411 -10 2
> 5992 5202 -396 23 146 1
> 5050 5913 -160 -238 -45 1
> 15046 7974 0 34 -147 1
! 104788 15665 200
! -76911 61121 200
> 5762 1748 111 -411 -10 2
> 5992 5202 -396 23 146 1
> 5050 5913 -160 -238 -45 1
> 15046 7974 0 34 -147 1
! 6782 4673 100
! 9505 4382 0
> 6071 1365 262 -325 8 2
> 5646 5186 -28 -197 146 1
> 4755 5767 -515 60 -36 1
> 15046 8008 0 28 -147 1
! 95950 45202 200
! -77257 61105 0
> 6071 1365 262 -325 8 2
> 5646 5186 -28 -197 146 1
> 4755 5767 -515 60 -36 1
> 15046 8008 0 28 -147 1
! 6720 4740 100
! 9505 4382 0
> 6513 1128 375 -201 26 2
> 5618 4989 -23 -167 146 1
> 4329 5781 -362 11 -28 1
> 15046 8036 0 23 -147 1
! 78446 70593 200
! -77285 60908 0
> 6513 1128 375 -201 26 2
> 5618 4989 -23 -167 146 1
> 4329 5781 -362 11 -28 1
> 15046 8036 0 23 -147 1
! 6668 4784 100
! 9505 4382 0
> 7032 1066 441 -52 44 2
> 5595 4822 -19 -141 146 1
> 4059 5753 -229 -23 -23 1
> 15046 8059 0 19 -147 1
! 53979 89360 0
! -77308 60741 0
> 7032 1066 441 -52 44 2
> 5595 4822 -19 -141 146 1
> 4059 5753 -229 -23 -23 1
> 15046 8059 0 19 -147 1
! 6634 4807 100
! 9505 4382 0
> 7473 1014 374 -44 62 3
> 5576 4681 -16 -119 146 1
> 3924 5696 -114 -48 -20 1
> 15046 8078 0 16 -146 1
! 24837 99494 200
! -55990 83482 0
> 7473 1014 374 -44 62 3
> 5576 4681 -16 -119 146 1
> 3924 5696 -114 -48 -20 1
> 15046 8078 0 16 -146 1
! 6612 4821 100
! 9505 4382 0
> 7882 1167 347 130 80 3
> 5560 4562 -13 -101 128 1
> 3905 5617 -16 -67 -18 1
> 15046 8094 0 13 -146 1
! -6035 100193 200
! -56006 83363 200
> 7882 1167 347 130 80 3
> 5560 4562 -13 -101 128 1
> 3905 5617 -16 -67 -18 1
> 15046 8094 0 13 -146 1
! 6597 4829 100
! 9505 4382 0
> 8201 1495 271 278 98 3
> 5424 4619 -115 48 128 1
> 3985 5522 67 -80 -16 1
> 15046 8107 0 11 -146 1
! -35636 91374 200
! -77479 60538 200
> 8201 1495 271 278 98 3
> 5424 4619 -115 48 128 1
> 3985 5522 67 -80 -16 1
> 15046 8107 0 11 -146 1
! 6588 4834 100
! 9505 4382 0
> 8384 1953 155 389 116 3
> 5143 4779 -238 135 146 1
> 4149 5416 139 -89 -15 1
> 15046 8118 0 9 -146 1
! -35453 91832 200
! -77760 60698 200
> 8384 1953 155 389 116 3
> 5143 4779 -238 135 146 1
> 4149 5416 139 -89 -15 1
> 15046 8118 0 9 -146 1
! 6309 4303 SHIELD
! 9505 4382 0
> 8451 2522 57 483 116 3
> 5132 4770 483 -328 146 1
> 4249 5353 35 -21 -27 1
> 15046 8127 0 7 -146 1
! -35386 92401 200
! -77771 60689 200
> 8451 2522 57 483 116 3
> 5132 4770 483 -328 146 1
> 4249 5353 35 -21 -27 1
> 15046 8127 0 7 -146 1
! 6309 4303 100
! 9505 4382 0
> 8420 3185 -26 563 116 3
> 5449 4554 269 -183 146 1
> 4284 5332 29 -17 -27 1
> 15046 8134 0 5 -146 1
! -61045 75119 200
! -77454 60473 200
> 8420 3185 -26 563 116 3
> 5449 4554 269 -183 146 1
> 4284 5332 29 -17 -27 1
> 15046 8134 0 5 -146 1
! 6309 4303 100
! 9505 4382 0
> 8255 3892 -140 600 134 3
> 5552 4483 87 -60 146 1
> 4313 5315 24 -14 -27 1
> 15046 8139 0 4 -146 1
! -61210 75826 200
! -56014 83284 0
> 8255 3892 -140 600 134 3
> 5552 4483 87 -60 146 1
> 4313 5315 24 -14 -27 1
> 15046 8139 0 4 -146 1
! 6309 4303 100
! 9505 4382 0
> 7976 4636 -237 632 134 3
> 5639 4423 73 -51 128 1
> 4337 5301 20 -11 -27 1
> 15046 8143 0 3 -146 1
! -61489 76570 200
! -55927 83224 200
> 7976 4636 -237 632 134 3
> 5639 4423 73 -51 128 1
> 4337 5301 20 -11 -27 1
> 15046 8143 0 3 -146 1
! 6309 4303 100
! 9505 4382 0
> 7600 5412 -319 659 134 4
> 5589 4530 -42 90 128 1
> 4446 5245 92 -47 -27 1
> 15046 8146 0 2 -146 1
! -80694 52359 0
! -77314 60449 200
> 7600 5412 -319 659 134 4
> 5589 4530 -42 90 128 1
> 4446 5245 92 -47 -27 1
> 15046 8146 0 2 -146 1
! 6309 4303 100
! 9505 4382 0
> 7281 6071 -271 560 152 4
> 5381 4732 -176 171 146 1
> 4627 5153 154 -78 -27 1
> 15046 8148 0 1 -146 1
! -91199 23435 200
! -90745 32295 0
> 7281 6071 -271 560 152 4
> 5381 4732 -176 171 146 1
> 4627 5153 154 -78 -27 1
> 15046 8148 0 1 -146 1
! 6309 4303 SHIELD
! 9505 4382 0
> 6813 6666 -397 505 170 4
> 5757 4603 405 -156 164 1
> 4726 5105 75 -36 -27 1
> 15046 8149 0 0 -146 1
! -92213 -7251 200
! -90369 32166 200
> 6813 6666 -397 505 170 4
> 5757 4603 405 -156 164 1
> 4726 5105 75 -36 -27 1
> 15046 8149 0 0 -146 1
! 6309 4303 100
! 9505 4382 0
> 6218 7143 -505 405 188 4
> 5970 4502 180 -85 164 2
> 4801 5069 63 -30 -27 1
> 15046 8149 0 0 -146 1
! -83661 -36694 200
! -76933 60421 200
> 6218 7143 -505 405 188 4
> 5970 4502 180 -85 164 2
> 4801 5069 63 -30 -27 1
> 15046 8149 0 0 -146 1
! 6309 4303 100
! 9505 4382 0
> 5533 7460 -582 269 206 4
> 5984 4529 12 22 146 2
> 4864 5039 53 -25 -27 1
> 15046 8149 0 0 -146 1
! -66401 -62005 200
! -90142 32092 200
> 5533 7460 -582 269 206 4
> 5984 4529 12 22 146 2
> 4864 5039 53 -25 -27 1
> 15046 8149 0 0 -146 1
! 6309 4303 100
! 9505 4382 0
> 4807 7590 -616 110 -136 4
> 5804 4606 -153 65 164 2
> 4917 5014 45 -21 -27 1
> 15046 8149 0 0 -146 1
! -42140 -80704 200
! -90322 32169 200
> 4807 7590 -616 110 -136 4
> 5804 4606 -153 65 164 2
> 4917 5014 45 -21 -27 1
> 15046 8149 0 0 -146 1
! 6309 4303 100
! 9505 4382 0
> 4097 7523 -603 -56 -118 4
> 5763 4581 100 -85 164 2
> 4747 5092 -279 130 -27 1
> 15046 8149 0 0 -146 1
! -13267 -90957 0
! -77140 60500 200
> 4097 7523 -603 -56 -118 4
> 5763 4581 100 -85 164 2
> 4747 5092 -279 130 -27 1
> 15046 8149 0 0 -146 1
! 6580 4839 100
! 9505 4382 0
> 3494 7467 -512 -47 -100 5
> 5697 4608 -55 22 146 2
> 4567 5206 -153 97 -9 1
> 15046 8149 0 0 -146 1
! 17411 -91559 200
! -55869 83409 0
> 3494 7467 -512 -47 -100 5
> 5697 4608 -55 22 146 2
> 4567 5206 -153 97 -9 1
> 15046 8149 0 0 -146 1
! 6033 3770 100
! 9505 4382 0
> 3010 7222 -411 -208 -82 5
> 5642 4630 -46 18 128 2
> 4503 5258 -54 43 -27 1
> 15046 8149 0 0 -146 1
! 46846 -82657 200
! -77261 60549 200
> 3010 7222 -411 -208 -82 5
> 5642 4630 -46 18 128 2
> 4503 5258 -54 43 -27 1
> 15046 8149 0 0 -146 1
! 6029 3773 100
! 9505 4382 0
> 2687 6834 -274 -329 -64 5
> 5430 4760 -180 110 146 2
> 4521 5231 15 -22 -44 1
> 15046 8149 0 0 -146 1
! 72152 -65100 200
! -90696 32323 200
> 2687 6834 -274 -329 -64 5
> 5430 4760 -180 110 146 2
> 4521 5231 15 -22 -44 1
> 15046 8149 0 0 -146 1
! 6585 4836 100
! 9505 4382 0
> 2552 6361 -114 -401 -46 5
> 5328 4782 81 -69 164 2
> 4355 5308 -309 153 -26 1
> 15046 8149 0 0 -146 1
! 90846 -40586 200
! -77575 60701 0
> 2552 6361 -114 -401 -46 5
> 5328 4782 81 -69 164 2
> 4355 5308 -309 153 -26 1
> 15046 8149 0 0 -146 1
! 6583 4837 100
! 9505 4382 0
> 2615 5866 53 -420 -28 5
> 5409 4713 68 -58 146 2
> 4144 5440 -179 112 -12 1
> 15046 8149 0 0 -146 1
! 90909 -41081 200
! -77494 60632 200
> 2615 5866 53 -420 -28 5
> 5409 4713 68 -58 146 2
> 4144 5440 -179 112 -12 1
> 15046 8149 0 0 -146 1
! 6030 3772 100
! 9505 4382 0
> 2845 5352 195 -436 -28 5
> 5311 4767 -83 45 146 2
> 4052 5502 -78 52 -30 1
> 15046 8149 0 0 -146 1
! 101325 -12012 200
! -77592 60686 0
> 2845 5352 195 -436 -28 5
> 5311 4767 -83 45 146 2
> 4052 5502 -78 52 -30 1
> 15046 8149 0 0 -146 1
! 6028 3773 100
! 9505 4382 0
> 3237 4881 333 -400 -10 5
> 5228 4812 -70 38 146 2
> 4049 5488 -2 -11 -41 1
> 15046 8149 0 0 -146 1
! 101717 -12483 200
! -90898 32375 0
> 3237 4881 333 -400 -10 5
> 5228 4812 -70 38 146 2
> 4049 5488 -2 -11 -41 1
> 15046 8149 0 0 -146 1
! 6588 4834 100
! 9505 4382 0
> 3767 4446 450 -369 -10 5
> 5158 4850 -59 32 164 2
> 4139 5438 76 -42 -23 1
> 15046 8149 0 0 -146 1
! 102793 18363 200
! -77745 60769 200
> 3767 4446 450 -369 -10 5
> 5158 4850 -59 32 164 2
> 4139 5438 76 -42 -23 1
> 15046 8149 0 0 -146 1
! 6309 4303 100
! 9505 4382 0
> 4415 4105 550 -289 8 5
> 5000 4956 143 -68 146 2
> 4237 5388 -195 115 -28 1
> 15046 8149 0 0 -146 1
! 94294 47942 200
! -77903 60875 0
> 4415 4105 550 -289 8 5
> 5000 4956 143 -68 146 2
> 4237 5388 -195 115 -28 1
> 15046 8149 0 0 -146 1
! 6031 3771 100
! 9505 4382 0
> 5145 3904 620 -171 26 5
> 5143 4888 121 -57 146 2
> 4116 5436 -102 40 -42 1
> 15046 8149 0 0 -146 1
! 95024 47741 200
! -90983 32451 0
> 5145 3904 620 -171 26 5
> 5143 4888 121 -57 146 2
> 4116 5436 -102 40 -42 1
> 15046 8149 0 0 -146 1
! 6584 4836 100
! 9505 4382 0
> 5945 3821 679 -70 26 5
> 5264 4831 102 -48 164 2
> 4105 5435 -9 0 -24 1
> 15046 8149 0 0 -146 1
! 77878 73286 200
! -77639 60750 0
> 5945 3821 679 -70 26 5
> 5264 4831 102 -48 164 2
> 4105 5435 -9 0 -24 1
> 15046 8149 0 0 -146 1
! 6583 4837 100
! 9505 4382 0
> 6768 3890 699 58 44 5
> 5366 4783 86 -40 146 2
> 4193 5412 74 -19 -14 1
> 15046 8149 0 0 -146 1
! 78701 73355 200
! -77537 60702 200
> 6768 3890 699 58 44 5
> 5366 4783 86 -40 146 2
> 4193 5412 74 -19 -14 1
> 15046 8149 0 0 -146 1
! 6030 3772 100
! 9505 4382 0
> 7611 4087 716 167 44 5
> 5286 4855 -67 61 146 2
> 4352 5341 135 -60 -32 1
> 15046 8149 0 0 -146 1
! 79544 73552 200
! -90840 32418 0
> 7611 4087 716 167 44 5
> 5286 4855 -67 61 146 2
> 4352 5341 135 -60 -32 1
> 15046 8149 0 0 -146 1
! 6309 4303 SHIELD
! 9505 4382 0
> 8471 4393 730 260 44 5
> 5219 4916 -56 51 164 2
> 4487 5281 114 -51 -28 1
> 15046 8149 0 0 -146 1
! 80404 73858 200
! -90907 32479 0
> 8471 4393 730 260 44 5
> 5219 4916 -56 51 164 2
> 4487 5281 114 -51 -28 1
> 15046 8149 0 0 -146 1
! 6309 4303 SHIELD
! 9505 4382 0
> 9345 4792 742 339 44 0
> 5456 4822 225 -92 164 2
> 4572 5245 69 -29 -28 1
> 15046 8149 0 0 -146 1
! 99224 48629 200
! -90670 32385 0
> 9345 4792 742 339 44 0
> 5456 4822 225 -92 164 2
> 4572 5245 69 -29 -28 1
> 15046 8149 0 0 -146 1
! 6309 4303 100
! 9505 4382 0
> 10267 5219 783 362 26 0
> 5681 4730 191 -78 164 2
> 4641 5216 58 -24 -28 1
> 15046 8149 0 0 -146 1
! 82200 74684 200
! -90445 32293 200
> 10267 5219 783 362 26 0
> 5681 4730 191 -78 164 2
> 4641 5216 58 -24 -28 1
> 15046 8149 0 0 -146 1
! 6309 4303 100
! 11833 5943 100
> 11194 5720 787 425 44 0
> 5680 4707 -1 -19 164 2
> 4699 5192 49 -20 -29 1
> 14964 8092 -70 -48 -146 1
! 83127 75185 200
! -77223 60626 200
> 11194 5720 787 425 44 0
> 5680 4707 -1 -19 164 2
> 4699 5192 49 -20 -29 1
> 14964 8092 -70 -48 -146 1
! 6309 4303 100
! 13555 6995 100
> 12125 6284 791 479 44 0
> 5513 4800 -141 78 146 2
> 4748 5172 41 -17 -29 1
> 14815 7983 -126 -93 -142 1
! 102004 50121 0
! -90613 32363 200
> 12125 6284 791 479 44 0
> 5513 4800 -141 78 146 2
> 4748 5172 41 -17 -29 1
> 14815 7983 -126 -93 -142 1
! 6309 4303 100
! 14498 7721 100
> 12916 6763 672 407 26 0
> 5585 4735 99 -74 164 2
> 4471 5305 -274 131 -29 1
> 14612 7826 -172 -133 -140 1
! 102795 50600 200
! -77318 60654 200
> 12916 6763 672 407 26 0
> 5585 4735 99 -74 164 2
> 4471 5305 -274 131 -29 1
> 14612 7826 -172 -133 -140 1
! 6596 4830 100
! 14932 7984 100
> 13691 7213 -224 -127 26 0
> 5518 4773 -56 32 146 2
> 4295 5414 -149 92 -13 1
> 14463 7653 757 363 -122 1
! 103570 51050 200
! -77385 60692 0
> 13691 7213 -224 -127 26 0
> 5518 4773 -56 32 146 2
> 4295 5414 -149 92 -13 1
> 14463 7653 757 363 -122 1
! 6019 3778 100
! 13467 7086 100
> 13647 7174 -37 -33 26 0
> 5462 4805 -47 27 146 2
> 4232 5455 -53 34 -31 1
> 15143 7952 577 254 -140 1
! 103526 51011 200
! -90664 32368 0
> 13647 7174 -37 -33 26 0
> 5462 4805 -47 27 146 2
> 4232 5455 -53 34 -31 1
> 15143 7952 577 254 -140 1
! 6018 3778 100
! 13610 7141 100
> 13790 7229 121 46 26 0
> 5415 4832 -39 22 164 2
> 4252 5421 16 -29 -43 1
> 15632 8159 415 176 -152 1
! 103669 51066 200
! -94524 1342 0
> 13790 7229 121 46 26 0
> 5415 4832 -39 22 164 2
> 4252 5421 16 -29 -43 1
> 15632 8159 415 176 -152 1
! 6596 4830 100
! 15017 8051 10
> 14091 7363 255 113 26 1
> 5376 4854 -33 18 182 2
> 4358 5349 90 -60 -25 1
> 16037 8333 344 148 -170 1
! 86024 76828 0
! -90750 32417 0
> 14091 7363 255 113 26 1
> 5376 4854 -33 18 182 2
> 4358 5349 90 -60 -25 1
> 16037 8333 344 148 -170 1
! 6309 4303 SHIELD
! 15017 8051 25
> 14346 7476 216 96 44 1
> 5343 4872 -28 15 164 2
> 4448 5289 76 -51 -28 1
> 16357 8474 271 120 -165 1
! 61293 95770 0
! -90783 32435 0
> 14346 7476 216 96 44 1
> 5343 4872 -28 15 164 2
> 4448 5289 76 -51 -28 1
> 16357 8474 271 120 -165 1
! 6309 4303 100
! 15017 8051 36
> 14562 7572 183 81 62 1
> 5315 4887 -23 12 164 2
> 4524 5238 64 -43 -28 1
> 16594 8583 201 92 -162 1
! 31926 106052 0
! -90811 32450 200
> 14562 7572 183 81 62 1
> 5315 4887 -23 12 164 2
> 4524 5238 64 -43 -28 1
> 16594 8583 201 92 -162 1
! 6309 4303 100
! 15017 8051 45
> 14745 7653 155 68 80 1
> 5314 4858 49 -47 164 2
> 4374 5291 -178 67 -28 1
> 16752 8661 134 65 -161 1
! 827 106679 0
! -90812 32421 0
> 14745 7653 155 68 80 1
> 5314 4858 49 -47 164 2
> 4374 5291 -178 67 -28 1
> 16752 8661 134 65 -161 1
! 6582 4837 100
! 15017 8051 51
> 14900 7721 131 57 98 1
> 5363 4811 41 -39 164 2
> 4196 5358 -151 56 -12 1
> 16838 8709 73 40 -161 1
! -28937 97600 0
! -77540 60730 0
> 14900 7721 131 57 98 1
> 5363 4811 41 -39 164 2
> 4196 5358 -151 56 -12 1
> 16838 8709 73 40 -161 1
! 6577 4840 100
! 15017 8051 54
> 15031 7778 111 48 116 1
> 5404 4772 34 -33 146 2
> 4143 5393 -45 29 -12 1
> 16860 8731 18 18 -160 1
! -54434 79712 0
! -77499 60691 0
> 15031 7778 111 48 116 1
> 5404 4772 34 -33 146 2
> 4143 5393 -45 29 -12 1
> 16860 8731 18 18 -160 1
! 6039 3767 100
! 15364 7922 100
> 15142 7826 94 40 134 1
> 5438 4739 28 -28 146 2
> 4184 5372 35 -18 -30 1
> 16790 8701 -59 -25 -152 1
! -73152 54773 200
! -77465 60658 200
> 15142 7826 94 40 134 1
> 5438 4739 28 -28 146 2
> 4184 5372 35 -18 -30 1
> 16790 8701 -59 -25 -152 1
! 6309 4303 100
! 15424 7946 100
> 15059 7960 -70 113 152 1
> 5300 4823 -117 71 146 2
> 4308 5309 105 -53 -27 1
> 16643 8628 -124 -62 -151 1
! -83421 25324 200
! -77603 60742 0
> 15059 7960 -70 113 152 1
> 5300 4823 -117 71 146 2
> 4308 5309 105 -53 -27 1
> 16643 8628 -124 -62 -151 1
! 6309 4303 SHIELD
! 15017 8051 47
> 14792 8108 -226 125 170 1
> 5183 4894 -99 60 146 2
> 4413 5256 89 -45 -27 1
> 16475 8550 -143 -66 -160 1
! -84234 -5809 200
! -90943 32457 200
> 14792 8108 -226 125 170 1
> 5183 4894 -99 60 146 2
> 4413 5256 89 -45 -27 1
> 16475 8550 -143 -66 -160 1
! 6309 4303 100
! 15017 8051 41
> 14368 8205 -360 82 188 1
> 5218 4855 69 -52 164 2
> 4175 5366 -241 111 -27 1
> 16293 8471 -154 -67 -161 1
! -75511 -35632 200
! -77685 60774 0
> 14368 8205 -360 82 188 1
> 5218 4855 69 -52 164 2
> 4175 5366 -241 111 -27 1
> 16293 8471 -154 -67 -161 1
! 6577 4840 100
! 15017 8051 34
> 13828 8199 -458 -4 206 1
> 5287 4803 58 -44 146 2
> 3934 5477 -204 94 -12 1
> 16107 8393 -158 -65 -162 1
! -76051 -35638 200
! -77616 60722 200
> 13828 8199 -458 -4 206 1
> 5287 4803 58 -44 146 2
> 3934 5477 -204 94 -12 1
> 16107 8393 -158 -65 -162 1
! 6575 4841 100
! 15017 8051 28
> 13190 8107 -542 -77 -154 1
> 5179 4871 -91 57 146 2
> 3730 5571 -173 79 -14 1
> 15922 8320 -157 -62 -163 1
! -76689 -35730 200
! -77724 60790 200
> 13190 8107 -542 -77 -154 1
> 5179 4871 -91 57 146 2
> 3730 5571 -173 79 -14 1
> 15922 8320 -157 -62 -163 1
! 6574 4841 100
! 15017 8051 21
> 12468 7942 -613 -139 -154 1
> 4922 5040 -218 143 146 2
> 3654 5625 -64 46 -14 1
> 15745 8252 -150 -57 -163 1
! -77411 -35895 200
! -77981 60959 200
> 12468 7942 -613 -139 -154 1
> 4922 5040 -218 143 146 2
> 3654 5625 -64 46 -14 1
> 15745 8252 -150 -57 -163 1
! 6042 3766 100
! 15017 8051 15
> 11675 7715 -673 -192 -154 1
> 4538 5295 -326 216 146 2
> 3674 5617 17 -6 -32 1
> 15581 8191 -139 -51 -165 1
! -60259 -61750 200
! -91588 32858 200
> 11675 7715 -673 -192 -154 1
> 4538 5295 -326 216 146 2
> 3674 5617 17 -6 -32 1
> 15581 8191 -139 -51 -165 1
! 6309 4303 100
! 9505 4382 0
> 10858 7384 -694 -281 -136 1
> 4561 5375 117 33 164 2
> 3239 5757 -467 153 -27 1
> 15442 8140 -118 -43 -148 1
! -61076 -62081 200
! -91565 32938 0
> 10858 7384 -694 -281 -136 1
> 4561 5375 117 33 164 2
> 3239 5757 -467 153 -27 1
> 15442 8140 -118 -43 -148 1
! 6566 4845 100
! 9505 4382 0
> 10020 6964 -712 -356 -136 1
> 4678 5408 99 28 164 2
> 2868 5884 -314 107 -15 1
> 15324 8097 -100 -36 -148 1
! -61914 -62501 200
! -95261 1918 0
> 10020 6964 -712 -356 -136 1
> 4678 5408 99 28 164 2
> 2868 5884 -314 107 -15 1
> 15324 8097 -100 -36 -148 1
! 6560 4848 100
! 9505 4382 0
> 9164 6469 -727 -420 -136 1
> 4777 5436 84 23 -178 2
> 2650 5964 -185 67 -16 1
> 15224 8061 -85 -30 -147 1
! -37783 -81825 200
! -95162 1946 0
> 9164 6469 -727 -420 -136 1
> 4777 5436 84 23 -178 2
> 2650 5964 -185 67 -16 1
> 15224 8061 -85 -30 -147 1
! 6557 4849 100
! 9505 4382 0
> 8343 5872 -697 -507 -118 1
> 4861 5459 71 19 -178 2
> 2561 6004 -75 33 -16 1
> 15139 8031 -72 -25 -147 1
! -9021 -92608 0
! -95078 1969 0
> 8343 5872 -697 -507 -118 1
> 4861 5459 71 19 -178 2
> 2561 6004 -75 33 -16 1
> 15139 8031 -72 -25 -147 1
! 6557 4849 100
! 9505 4382 0
> 7646 5365 -592 -430 -100 1
> 4932 5478 60 16 -178 2
> 2582 6009 17 4 -16 1
> 15067 8006 -61 -21 -147 1
! 21563 -93661 0
! -91194 33041 0
> 7646 5365 -592 -430 -100 1
> 4932 5478 60 16 -178 2
> 2582 6009 17 4 -16 1
> 15067 8006 -61 -21 -147 1
! 6059 3757 100
! 9505 4382 0
> 7054 4935 -503 -365 -82 1
> 4992 5494 51 13 164 2
> 2683 5959 85 -42 -33 1
> 15006 7985 -51 -17 -147 1
! 50890 -84944 200
! -94947 2004 200
> 7054 4935 -503 -365 -82 1
> 4992 5494 51 13 164 2
> 2683 5959 85 -42 -33 1
> 15006 7985 -51 -17 -147 1
! 6309 4303 100
! 9505 4382 0
> 6639 4390 -353 -463 -64 2
> 4843 5500 -126 5 -178 2
> 2859 5875 149 -71 -25 1
> 14955 7968 -43 -14 -147 1
! 76104 -67544 200
! -95096 2010 200
> 6639 4390 -353 -463 -64 2
> 4843 5500 -126 5 -178 2
> 2859 5875 149 -71 -25 1
> 14955 7968 -43 -14 -147 1
! 6309 4303 100
! 9505 4382 0
> 6425 3783 -181 -515 -46 2
> 4517 5498 -276 -1 -178 2
> 3099 5763 203 -95 -24 1
> 14912 7954 -36 -11 -147 1
! 94719 -43164 200
! -89452 -28703 0
> 6425 3783 -181 -515 -46 2
> 4517 5498 -276 -1 -178 2
> 3099 5763 203 -95 -24 1
> 14912 7954 -36 -11 -147 1
! 6309 4303 SHIELD
! 9505 4382 0
> 6421 3174 -3 -517 -28 2
> 4241 5497 -234 0 -160 2
> 3302 5668 172 -80 -24 1
> 14876 7943 -30 -9 -147 1
! 104901 -14190 200
! -95698 2007 200
> 6421 3174 -3 -517 -28 2
> 4241 5497 -234 0 -160 2
> 3302 5668 172 -80 -24 1
> 14876 7943 -30 -9 -147 1
! 6309 4303 SHIELD
! 9505 4382 0
> 6615 2622 164 -468 -10 2
> 4618 5333 554 -185 -178 2
> 3393 5604 53 -50 -24 1
> 14846 7934 -25 -7 -146 1
! 105095 -14742 200
! -91508 32896 0
> 6615 2622 164 -468 -10 2
> 4618 5333 554 -185 -178 2
> 3393 5604 53 -50 -24 1
> 14846 7934 -25 -7 -146 1
! 6553 4851 100
! 9505 4382 0
> 6976 2119 306 -427 -10 2
> 5172 5148 470 -157 164 2
> 3446 5554 45 -42 -13 1
> 14821 7927 -21 -5 -146 1
! 106002 16036 0
! -90954 32711 200
> 6976 2119 306 -427 -10 2
> 5172 5148 470 -157 164 2
> 3446 5554 45 -42 -13 1
> 14821 7927 -21 -5 -146 1
! 6549 4853 100
! 9505 4382 0
> 7282 1692 260 -362 8 2
> 5450 5046 236 -86 164 2
> 3491 5512 38 -35 -13 1
> 14800 7922 -17 -4 -146 1
! 97161 45529 0
! -90676 32609 200
> 7282 1692 260 -362 8 2
> 5450 5046 236 -86 164 2
> 3491 5512 38 -35 -13 1
> 14800 7922 -17 -4 -146 1
! 6546 4854 100
! 9505 4382 0
> 7542 1330 221 -307 26 3
> 5494 5015 37 -26 164 2
> 3529 5477 32 -29 -12 1
> 14783 7918 -14 -3 -146 1
! 79475 70795 200
! -94445 1525 0
> 7542 1330 221 -307 26 3
> 5494 5015 37 -26 164 2
> 3529 5477 32 -29 -12 1
> 14783 7918 -14 -3 -146 1
! 6542 4856 100
! 9505 4382 0
> 7907 1162 310 -142 44 3
> 5531 4989 31 -22 -178 2
> 3659 5428 110 -41 -12 1
> 14769 7915 -11 -2 -146 1
! 54854 89456 200
! -90595 32552 0
> 7907 1162 310 -142 44 3
> 5531 4989 31 -22 -178 2
> 3659 5428 110 -41 -12 1
> 14769 7915 -11 -2 -146 1
! 6309 4303 100
! 9505 4382 0
> 8311 1197 343 29 62 3
> 5562 4967 26 -18 164 2
> 3861 5348 171 -68 -23 1
> 14758 7913 -9 -1 -146 1
! 25675 99677 200
! -94377 1477 200
> 8311 1197 343 29 62 3
> 5562 4967 26 -18 164 2
> 3861 5348 171 -68 -23 1
> 14758 7913 -9 -1 -146 1
! 6309 4303 100
! 9505 4382 0
> 8689 1423 321 192 80 3
> 5388 4942 -147 -21 -178 2
> 4124 5241 223 -91 -23 1
> 14749 7912 -7 0 -146 1
! -5228 100449 200
! -90738 32505 200
> 8689 1423 321 192 80 3
> 5388 4942 -147 -21 -178 2
> 4124 5241 223 -91 -23 1
> 14749 7912 -7 0 -146 1
! 6309 4303 SHIELD
! 9505 4382 0
> 8982 1813 249 331 98 3
> 5185 4943 575 -183 164 2
> 4333 5153 103 -56 -23 1
> 14742 7912 -5 0 -146 1
! -34855 91692 200
! -90941 32506 200
> 8982 1813 249 331 98 3
> 5185 4943 575 -183 164 2
> 4333 5153 103 -56 -23 1
> 14742 7912 -5 0 -146 1
! 6309 4303 100
! 9505 4382 0
> 9143 2324 137 434 116 3
> 5568 4815 325 -108 164 2
> 4436 5097 87 -47 -23 1
> 14737 7912 -4 0 -146 1
! -60322 74258 200
! -94371 1325 200
> 9143 2324 137 434 116 3
> 5568 4815 325 -108 164 2
> 4436 5097 87 -47 -23 1
> 14737 7912 -4 0 -146 1
! 6309 4303 100
! 9505 4382 0
> 9141 2902 -1 491 134 3
> 5693 4700 106 -97 -178 2
> 4523 5050 73 -39 -23 1
> 14733 7912 -3 0 -146 1
! -60324 74836 200
! -90433 32263 0
> 9141 2902 -1 491 134 3
> 5693 4700 106 -97 -178 2
> 4523 5050 73 -39 -23 1
> 14733 7912 -3 0 -146 1
! 6309 4303 100
! 9505 4382 0
> 9001 3537 -118 539 134 3
> 5799 4603 90 -82 164 2
> 4596 5011 62 -33 -23 1
> 14730 7912 -2 0 -146 1
! -79293 50484 200
! -90327 32166 200
> 9001 3537 -118 539 134 3
> 5799 4603 90 -82 164 2
> 4596 5011 62 -33 -23 1
> 14730 7912 -2 0 -146 1
! 6309 4303 100
! 9505 4382 0
> 8706 4170 -250 537 152 3
> 5697 4576 -86 -22 164 2
> 4750 4940 131 -60 -22 1
> 14728 7912 -1 0 -146 1
! -79588 51117 200
! -77206 60495 200
> 8706 4170 -250 537 152 3
> 5697 4576 -86 -22 164 2
> 4750 4940 131 -60 -22 1
> 14728 7912 -1 0 -146 1
! 6309 4303 SHIELD
! 9505 4382 0
> 8279 4801 -362 536 152 3
> 5779 4538 379 -150 146 2
> 4848 4893 52 -28 -22 1
> 14727 7912 0 0 -146 1
! -80015 51748 200
! -90347 32101 200
> 8279 4801 -362 536 152 3
> 5779 4538 379 -150 146 2
> 4848 4893 52 -28 -22 1
> 14727 7912 0 0 -146 1
! 6309 4303 100
! 9505 4382 0
> 7740 5431 -457 535 152 4
> 5966 4443 158 -80 164 2
> 4900 4865 44 -23 -22 1
> 14727 7912 0 0 -146 1
! -90740 22795 200
! -90160 32006 200
> 7740 5431 -457 535 152 4
> 5966 4443 158 -80 164 2
> 4900 4865 44 -23 -22 1
> 14727 7912 0 0 -146 1
! 6309 4303 100
! 9505 4382 0
> 7086 6001 -555 484 170 4
> 5932 4418 -29 -21 164 2
> 4944 4842 37 -19 -22 1
> 14727 7912 0 0 -146 1
! -91940 -7916 200
! -76971 60337 200
> 7086 6001 -555 484 170 4
> 5932 4418 -29 -21 164 2
> 4944 4842 37 -19 -22 1
> 14727 7912 0 0 -146 1
! 6309 4303 100
! 9505 4382 0
> 6333 6457 -640 387 188 4
> 5737 4509 -165 77 146 2
> 4981 4823 31 -16 -22 1
> 14727 7912 0 0 -146 1
! -92693 -7460 200
! -90389 32072 200
> 6333 6457 -640 387 188 4
> 5737 4509 -165 77 146 2
> 4981 4823 31 -16 -22 1
> 14727 7912 0 0 -146 1
! 6309 4303 100
! 9505 4382 0
> 5495 6816 -712 305 -172 4
> 5838 4450 100 -55 164 2
> 4647 4961 -298 123 -21 1
> 14727 7912 0 0 -146 1
! -92985 24180 200
! -77065 60369 0
> 5495 6816 -712 305 -172 4
> 5838 4450 100 -55 164 2
> 4647 4961 -298 123 -21 1
> 14727 7912 0 0 -146 1
! 6088 3745 100
! 9505 4382 0
> 4586 7156 -772 288 170 4
> 5938 4395 85 -46 146 2
> 4426 5021 -187 50 -39 1
> 14727 7912 0 0 -146 1
! -83708 54103 200
! -90188 31958 200
> 4586 7156 -772 288 170 4
> 5938 4395 85 -46 146 2
> 4426 5021 -187 50 -39 1
> 14727 7912 0 0 -146 1
! 6523 4864 100
! 9505 4382 0
> 3637 7538 -806 324 152 5
> 5831 4404 -91 7 164 2
> 4332 5035 -79 11 -21 1
> 14727 7912 0 0 -146 1
! -65828 79472 0
! -77072 60323 0
> 3637 7538 -806 324 152 5
> 5831 4404 -91 7 164 2
> 4332 5035 -79 11 -21 1
> 14727 7912 0 0 -146 1
! 6517 4866 100
! 9505 4382 0
