@ 0 reCurse
@ 1 jrke
CP 6
CP 9531 4357
CP 14527 7808
CP 6319 4315
CP 7779 831
CP 7655 5975
CP 3156 7549
> 9815 3946 0 0 -1 1
> 9247 4768 0 0 -1 1
> 10384 3123 0 0 -1 1
> 8678 5591 0 0 -1 1
! 102959 40333 200
! 95909 54664 200
> 9815 3946 0 0 -1 1
> 9247 4768 0 0 -1 1
> 10384 3123 0 0 -1 1
> 8678 5591 0 0 -1 1
! 11841 4772 200 0 200
! 10735 6371 200 0 200
> 10001 4019 158 61 21 1
> 9420 4868 147 84 30 1
> 10516 3273 112 127 49 1
> 8865 5662 158 60 21 1
! 87715 66951 200
! 107234 25659 200
> 10001 4019 158 61 21 1
> 9420 4868 147 84 30 1
> 10516 3273 112 127 49 1
> 8865 5662 158 60 21 1
! 12071 5060 200 0 200
! 11077 6510 200 0 200
> 10307 4216 181 283 39 1
> 9763 4994 291 106 12 1
> 10766 3540 291 111 49 1
> 9210 5794 293 111 21 1
! 64770 88083 200
! 96365 54993 200
> 10307 4216 181 283 39 1
> 9763 4994 291 106 12 1
> 10766 3540 291 111 49 1
> 9210 5794 293 111 21 1
! 12500 5311 200 0 200
! 11628 5336 200 -18 200 Blocker
> 10683 4543 392 173 57 1
> 10179 5272 441 119 30 1
> 11197 3794 366 215 46 1
> 9665 5967 225 367 3 1
! 65146 88410 200
! 77092 79586 200
> 10683 4543 392 173 57 1
> 10179 5272 441 119 30 1
> 11197 3794 366 215 46 1
> 9665 5967 225 367 3 1
! 11869 6188 200 18 200
! 11735 5136 200 -18 200 Blocker
> 11198 4862 505 168 57 1
> 10739 5562 408 348 48 1
> 11652 4188 386 335 64 1
> 10083 6282 355 267 -15 1
! 88912 67794 200
! 97341 55561 0
> 11198 4862 505 168 57 1
> 10739 5562 408 348 48 1
> 11652 4188 386 335 64 1
> 10083 6282 355 267 -15 1
! 13002 6500 SHIELD 0 SHIELD
! 12563 5980 200 0 200 Blocker
> 11756 5333 505 364 39 1
> 11150 5912 447 186 30 1
> 12055 4497 343 260 60 1
> 10566 6607 270 438 -7 1
! 66219 89200 200
! 108964 26703 0
> 11756 5333 505 364 39 1
> 11150 5912 447 186 30 1
> 12055 4497 343 260 60 1
> 10566 6607 270 438 -7 1
! 13498 6662 200 0 200
! 13020 6777 200 0 200 Blocker
> 12428 5831 621 393 57 1
> 11539 6132 280 216 12 1
> 12398 4757 291 221 56 1
> 11036 7059 399 384 4 1
! 38309 102423 200
! 98141 56131 200
> 12428 5831 621 393 57 1
> 11539 6132 280 216 12 1
> 12398 4757 291 221 56 1
> 11036 7059 399 384 4 1
! 13919 6802 200 0 200
! 13301 6277 200 -18 200 Blocker
> 13101 6417 571 498 75 1
> 11992 6448 385 268 30 1
> 12689 4978 247 187 53 1
> 11629 7394 504 285 -14 1
! 7867 106279 0
! 78905 80762 200
> 13101 6417 571 498 75 1
> 11992 6448 385 268 30 1
> 12689 4978 247 187 53 1
> 11629 7394 504 285 -14 1
! 12974 7365 200 18 200
! 14268 7147 200 0 200 Blocker
> 13672 6915 485 423 93 1
> 12511 6865 441 354 48 1
> 12936 5165 209 158 71 1
> 12332 7660 597 226 -5 1
! -22164 100273 0
! 99113 56864 SHIELD
> 13672 6915 485 423 93 1
> 12511 6865 441 354 48 1
> 12936 5165 209 158 71 1
> 12332 7660 597 226 -5 1
! 14947 6585 200 -18 200
! 15121 7694 200 0 200 Blocker
> 14157 7338 412 359 111 2
> 12958 7188 380 271 30 1
> 13264 5483 279 270 53 1
> 13068 8203 621 483 1 1
! -48774 85052 0
! 110772 27979 0
> 14157 7338 412 359 111 2
> 12958 7188 380 271 30 1
> 13264 5483 279 270 53 1
> 13068 8203 621 483 1 1
! 13580 7853 100 18 100
! 15327 7539 0 -18 0 Blocker
> 14569 7697 350 305 129 2
> 13338 7459 323 230 12 1
> 13575 5848 264 310 71 1
> 13689 8686 527 410 -16 1
! -69298 62160 200
! 99940 57458 0
> 14569 7697 350 305 129 2
> 13338 7459 323 230 12 1
> 13575 5848 264 310 71 1
> 13689 8686 527 410 -16 1
! 13196 8262 200 18 200
! 15447 7520 0 -18 0 Blocker
> 14751 8111 154 351 147 2
> 13661 7689 274 195 30 1
> 13841 6358 226 433 89 1
> 14216 9096 447 348 -34 1
! -69116 62574 0
! 111475 28480 0
> 14751 8111 154 351 147 2
> 13661 7689 274 195 30 1
> 13841 6358 226 433 89 1
> 14216 9096 447 348 -34 1
! 12920 8429 0 18 0
! 15347 7565 0 -18 0 Blocker
> 14905 8462 130 298 147 2
> 13935 7884 232 165 12 2
> 14067 6791 192 368 107 1
> 14663 9444 379 295 -52 1
! -81687 34343 200
! 100537 57883 200
> 14905 8462 130 298 147 2
> 13935 7884 232 165 12 2
> 14067 6791 192 368 107 1
> 14663 9444 379 295 -52 1
! 12662 8363 0 18 0
! 15112 7740 0 -18 0 Blocker
> 14842 8812 -53 297 165 2
> 14340 8149 344 225 30 2
> 14259 7159 163 312 125 1
> 15042 9739 322 250 -70 1
! -85020 3578 200
! 81253 82463 SHIELD
> 14842 8812 -53 297 165 2
> 14340 8149 344 225 30 2
> 14259 7159 163 312 125 1
> 15042 9739 322 250 -70 1
! 12342 8187 200 18 200
! 14813 8066 0 -18 0 Blocker
> 14790 9402 -87 431 -177 2
> 14660 8337 269 155 48 2
> 14262 7590 2 366 143 2
> 15408 10059 378 380 -88 1
! -78568 -26434 200
! 81573 82651 0
> 14790 9402 -87 431 -177 2
> 14660 8337 269 155 48 2
> 14262 7590 2 366 143 2
> 15408 10059 378 380 -88 1
! 12064 7994 200 18 200
! 14556 8615 200 -18 200 Blocker
> 14516 9761 -232 305 -159 2
> 14929 8492 228 131 48 2
> 14074 8020 -159 365 161 2
> 15732 10246 275 159 -106 1
! -78842 -26075 200
! 101531 58491 0
> 14516 9761 -232 305 -159 2
> 14929 8492 228 131 48 2
> 14074 8020 -159 365 161 2
> 15732 10246 275 159 -106 1
! 11811 7742 200 18 200
! 14273 9051 200 -18 200 Blocker
> 14097 9994 -355 198 -159 2
> 15157 8623 193 111 30 2
> 13715 8387 -305 312 179 2
> 15896 10238 139 -6 -124 1
! -63617 -52937 200
! 112971 29414 0
> 14097 9994 -355 198 -159 2
> 15157 8623 193 111 30 2
> 13715 8387 -305 312 179 2
> 15896 10238 139 -6 -124 1
! 11608 7437 200 18 200
! 13968 9480 200 -18 200 Blocker
> 13587 10066 -433 61 -141 2
> 15350 8734 164 94 12 2
> 13219 8639 -421 214 197 2
> 15878 10108 -14 -110 -142 1
! -79771 -25770 200
! 114802 -1718 0
> 13587 10066 -433 61 -141 2
> 15350 8734 164 94 12 2
> 13219 8639 -421 214 197 2
> 15878 10108 -14 -110 -142 1
! 11474 7096 200 18 200
! 13665 9921 200 -18 200 Blocker
> 12967 10055 -526 -9 -159 2
> 15514 8828 139 79 -6 2
> 12635 8737 -496 83 215 2
> 15677 9928 -171 -152 -160 1
! -80391 -25781 200
! 106868 -31845 0
> 12967 10055 -526 -9 -159 2
> 15514 8828 139 79 -6 2
> 12635 8737 -496 83 215 2
> 15677 9928 -171 -152 -160 1
! 11423 6740 200 18 200
! 13439 9024 200 0 200 Blocker
> 12254 9974 -605 -68 -159 2
> 15653 8907 118 67 -24 2
> 12020 8660 -523 -65 233 2
> 15321 9701 -302 -192 -158 1
! -65460 -52957 200
! 89967 -58006 200
> 12254 9974 -605 -68 -159 2
> 15653 8907 118 67 -24 2
> 12020 8660 -523 -65 233 2
> 15321 9701 -302 -192 -158 1
! 9393 7952 200 -18 200
! 12884 10041 200 -18 200 Blocker
> 11494 9780 -646 -164 -141 2
> 15920 8840 226 -56 -42 2
> 11334 8479 -583 -153 215 2
> 14819 9495 -426 -175 -176 1
! -42969 -74087 200
! 65919 -77762 200
> 11494 9780 -646 -164 -141 2
> 15920 8840 226 -56 -42 2
> 11334 8479 -583 -153 215 2
> 14819 9495 -426 -175 -176 1
! 10035 6246 200 18 200
! 12198 9167 200 0 200 Blocker
> 10739 9448 -641 -281 -123 2
> 16246 8611 277 -194 -60 2
> 10632 8166 -597 -266 233 2
> 14195 9295 -530 -169 -173 1
! -43724 -74419 200
! 37037 -89203 200
> 10739 9448 -641 -281 -123 2
> 16246 8611 277 -194 -60 2
> 10632 8166 -597 -266 233 2
> 14195 9295 -530 -169 -173 1
! 8711 6143 200 0 200
! 12056 7626 200 18 200 Blocker
> 9989 8999 -637 -381 -123 2
> 16565 8221 270 -331 -78 2
> 9897 7755 -624 -349 -134 2
> 13484 9041 -604 -215 -155 1
! -44474 -74868 0
! 6112 -91231 200
> 9989 8999 -637 -381 -123 2
> 16565 8221 270 -331 -78 2
> 9897 7755 -624 -349 -134 2
> 13484 9041 -604 -215 -155 1
! 8967 5227 200 18 200
! 10886 7896 200 0 200 Blocker
> 9352 8618 -541 -323 -123 2
> 16814 7691 211 -450 -96 2
> 9187 7226 -603 -450 -116 2
> 12697 8745 -668 -251 -156 1
! -16530 -87974 200
! -23859 -83663 200
> 9352 8618 -541 -323 -123 2
> 16814 7691 211 -450 -96 2
> 9187 7226 -603 -450 -116 2
> 12697 8745 -668 -251 -156 1
! 7620 4799 200 0 200
! 10929 6589 200 18 200 Blocker
> 8759 8102 -503 -438 -105 2
> 16944 7058 110 -537 -114 2
> 8476 6608 -604 -525 -123 2
> 11880 8361 -694 -326 -138 1
! -17122 -88490 200
! -49969 -67256 200
> 8759 8102 -503 -438 -105 2
> 16944 7058 110 -537 -114 2
> 8476 6608 -604 -525 -123 2
> 11880 8361 -694 -326 -138 1
! 6674 4238 200 0 200
! 9551 6563 200 0 200 Blocker
> 8204 7471 -471 -536 -105 2
> 16920 6372 -20 -582 -132 2
> 7751 5924 -616 -581 -127 2
> 11028 7913 -724 -380 -142 1
! -17677 -89121 200
! -69682 -43627 200
> 8204 7471 -471 -536 -105 2
> 16920 6372 -20 -582 -132 2
> 7751 5924 -616 -581 -127 2
> 11028 7913 -724 -380 -142 1
! 7097 3143 200 18 200
! 8570 6179 200 0 200 Blocker
> 7681 6742 -444 -619 -105 2
> 16727 5690 -164 -579 -150 2
> 7069 5154 -579 -654 -109 2
> 10141 7418 -754 -420 -145 1
! 12914 -93120 200
! -69875 -44309 200
> 7681 6742 -444 -619 -105 2
> 16727 5690 -164 -579 -150 2
> 7069 5154 -579 -654 -109 2
> 10141 7418 -754 -420 -145 1
! 7104 2492 100 18 100
! 8671 4918 200 18 200 Blocker
> 7247 5923 -368 -695 -87 2
> 16390 5011 -286 -577 -150 2
> 6488 4400 -493 -640 -91 3
> 9267 6838 -742 -493 -127 1
! 43083 -87435 200
! -70212 -44988 200
> 7247 5923 -368 -695 -87 2
> 16390 5011 -286 -577 -150 2
> 6488 4400 -493 -640 -91 3
> 9267 6838 -742 -493 -127 1
! 7257 1958 200 18 200
! 8487 4145 200 18 200 Blocker
> 6951 5041 -251 -749 -69 2
> 15931 4334 -390 -575 -150 2
> 6053 3568 -370 -706 -73 3
> 8461 6156 -685 -579 -109 1
! 69882 -72673 200
! -81883 -16457 200
> 6951 5041 -251 -749 -69 2
> 15931 4334 -390 -575 -150 2
> 6053 3568 -370 -706 -73 3
> 8461 6156 -685 -579 -109 1
! 7360 1598 100 18 100
! 8419 3473 200 18 200 Blocker
> 6826 4137 -106 -768 -51 3
> 15345 3717 -497 -524 -168 2
> 5738 2779 -267 -670 -56 3
> 7773 5377 -584 -662 -91 1
! 69757 -73577 200
! -84107 14169 200
> 6826 4137 -106 -768 -51 3
> 15345 3717 -497 -524 -168 2
> 5738 2779 -267 -670 -56 3
> 7773 5377 -584 -662 -91 1
! 7538 1357 200 18 200
! 8451 2913 200 18 200 Blocker
> 6846 3214 16 -784 -51 3
> 14649 3214 -591 -427 174 2
> 5628 1985 -93 -675 -38 3
> 7242 4522 -451 -726 -75 1
! 90713 -51249 200
! -83165 -17577 200
> 6846 3214 16 -784 -51 3
> 14649 3214 -591 -427 174 2
> 5628 1985 -93 -675 -38 3
> 7242 4522 -451 -726 -75 1
! 7634 1237 100 18 100
! 8501 2411 200 18 200 Blocker
> 7030 2321 156 -758 -33 3
> 13862 2745 -668 -398 -168 2
> 5629 1275 0 -603 -20 3
> 6893 3624 -296 -763 -59 1
! 103622 -23561 0
! -83952 -18046 200
> 7030 2321 156 -758 -33 3
> 13862 2745 -668 -398 -168 2
> 5629 1275 0 -603 -20 3
> 6893 3624 -296 -763 -59 1
! 7744 1278 200 18 200
! 8622 2001 200 18 200 Blocker
> 7186 1563 132 -644 -15 3
> 12998 2305 -734 -373 -168 2
> 5829 663 169 -519 -2 3
> 6743 2724 -127 -764 -43 1
! 107048 6796 200
! -86454 12757 200
> 7186 1563 132 -644 -15 3
> 12998 2305 -734 -373 -168 2
> 5829 663 169 -519 -2 3
> 6743 2724 -127 -764 -43 1
! 7739 1318 100 18 100
! 8800 1692 200 18 200 Blocker
> 7518 929 281 -538 3 4
> 12065 1953 -792 -299 174 2
> 6094 171 225 -418 16 3
> 6795 1870 43 -725 -27 1
! 100876 36765 200
! -87387 12405 0
> 7518 929 281 -538 3 4
> 12065 1953 -792 -299 174 2
> 6094 171 225 -418 16 3
> 6795 1870 43 -725 -27 1
! 7673 1487 200 18 200
! 9011 1489 200 18 200 Blocker
> 7986 463 397 -396 21 4
> 11273 1654 -673 -254 174 2
> 6486 -136 332 -261 34 3
> 7035 1111 204 -645 -10 1
! 85700 63395 200
! -86541 -19137 0
> 7986 463 397 -396 21 4
> 11273 1654 -673 -254 174 2
> 6486 -136 332 -261 34 3
> 7035 1111 204 -645 -10 1
! 7570 1670 200 18 200
! 9216 1430 200 18 200 Blocker
> 8538 193 469 -229 39 4
> 10600 1400 -572 -215 -168 2
> 6942 -240 387 -88 52 3
> 7437 495 341 -523 8 1
! 63001 84060 200
! -76002 -48599 BOOST
> 8538 193 469 -229 39 4
> 10600 1400 -572 -215 -168 2
> 6942 -240 387 -88 52 3
> 7437 495 341 -523 8 1
! 7406 1871 200 18 200
! 9361 1500 200 18 200 Blocker
> 9116 132 491 -52 57 4
> 9465 860 -964 -458 -150 2
> 7215 -364 187 -159 70 3
> 8142 284 643 -125 26 1
! 34997 96724 0
! -57448 -73454 SHIELD
> 9116 132 491 -52 57 4
> 9465 860 -964 -458 -150 2
> 7215 -364 187 -159 70 3
> 8142 284 643 -125 26 1
! 6796 1592 200 18 200
! 9818 2101 SHIELD 18 SHIELD
> 8857 -1528 -224 -1421 75 4
> 9135 1006 114 438 -132 2
> 7411 -323 166 34 88 3
> 8226 -284 -323 -796 44 1
! 3623 98334 200
! -77467 -48993 200
> 8857 -1528 -224 -1421 75 4
> 9135 1006 114 438 -132 2
> 7411 -323 166 34 88 3
> 8226 -284 -323 -796 44 1
! 6347 1535 200 18 200
! 9884 -802 0 -18 0 Blocker
> 8623 -2749 -199 -1038 93 4
> 9249 1444 96 372 -150 2
> 7098 -98 -278 190 106 3
> 8328 -1078 99 -674 26 1
! 3389 97113 200
! -88565 -19347 200
> 8623 -2749 -199 -1038 93 4
> 9249 1444 96 372 -150 2
> 7098 -98 -278 190 106 3
> 8328 -1078 99 -674 26 1
! 7504 1971 0 -18 0
! 10397 -2099 0 -18 0 Blocker
> 8414 -3587 -178 -712 93 4
> 9345 1816 81 316 -168 2
> 6820 92 -236 161 88 3
> 8427 -1752 84 -572 8 1
! 3180 96275 200
! -77257 -48183 0
> 8414 -3587 -178 -712 93 4
> 9345 1816 81 316 -168 2
> 6820 92 -236 161 88 3
> 8427 -1752 84 -572 8 1
! 7815 1829 0 -18 0
! 10277 -3263 0 -18 0 Blocker
> 8226 -4099 -160 -435 93 4
> 9426 2132 68 268 -150 2
> 6584 253 -200 136 70 3
> 8511 -2324 71 -486 -10 1
! 34107 92493 200
! -77176 -47867 200
> 8226 -4099 -160 -435 93 4
> 9426 2132 68 268 -150 2
> 6584 253 -200 136 70 3
> 8511 -2324 71 -486 -10 1
! 8042 1507 0 -18 0
! 10380 -1933 0 18 0 Blocker
> 8118 -4341 -92 -205 75 4
> 9321 2300 -89 142 -150 2
> 6384 389 -170 115 52 3
> 8582 -2810 60 -413 8 1
! 33999 92251 200
! -88493 -18491 0
> 8118 -4341 -92 -205 75 4
> 9321 2300 -89 142 -150 2
> 6384 389 -170 115 52 3
> 8582 -2810 60 -413 8 1
! 8329 1110 200 -18 200
! 10081 -1834 0 18 0 Blocker
> 8078 -4353 -34 -10 75 4
> 9232 2442 -75 120 -168 2
> 6381 615 -2 191 34 3
> 8642 -3223 51 -351 26 1
! 2844 95509 200
! -90220 12894 0
> 8078 -4353 -34 -10 75 4
> 9232 2442 -75 120 -168 2
> 6381 615 -2 191 34 3
> 8642 -3223 51 -351 26 1
! 8578 729 200 -18 200
! 9632 -1808 0 18 0 Blocker
> 8034 -4163 -37 161 93 4
> 9157 2562 -63 102 174 2
> 6572 860 162 207 16 3
> 8693 -3574 43 -298 44 1
! -27802 89195 200
! -82197 43235 0
> 8034 -4163 -37 161 93 4
> 9157 2562 -63 102 174 2
> 6572 860 162 207 16 3
> 8693 -3574 43 -298 44 1
! 8707 349 100 -18 100
! 9118 -1705 200 18 200 Blocker
> 7925 -3815 -92 295 111 4
> 9094 2664 -53 86 156 2
> 6834 1063 222 172 -2 3
> 8829 -3695 115 -102 62 1
! -27911 89543 200
! -65220 69577 0
> 7925 -3815 -92 295 111 4
> 9094 2664 -53 86 156 2
> 6834 1063 222 172 -2 3
> 8829 -3695 115 -102 62 1
! 8711 -58 100 -18 100
! 8638 -1618 200 18 200 Blocker
> 7761 -3333 -139 409 111 4
> 9041 2750 -45 73 138 2
> 7150 1200 268 116 -20 3
> 8978 -3600 126 80 80 1
! 2527 96529 200
! -40958 89352 200
> 7761 -3333 -139 409 111 4
> 9041 2750 -45 73 138 2
> 7150 1200 268 116 -20 3
> 8978 -3600 126 80 80 1
! 9437 1895 100 18 100
! 8140 -1543 200 18 200 Blocker
> 7612 -2724 -127 517 93 4
> 8896 2996 -123 209 120 2
> 7518 1312 312 94 -2 4
> 9075 -3322 82 236 98 1
! 2378 97138 200
! -11895 100810 0
> 7612 -2724 -127 517 93 4
> 8896 2996 -123 209 120 2
> 7518 1312 312 94 -2 4
> 9075 -3322 82 236 98 1
! 9488 2524 0 18 0
! 7629 -1503 200 18 200 Blocker
> 7475 -2007 -116 609 93 4
> 8773 3205 -104 177 102 2
> 7830 1406 265 79 16 4
> 9069 -2907 -5 353 116 1
! 2241 97855 200
! 19225 102657 0
> 7475 -2007 -116 609 93 4
> 8773 3205 -104 177 102 2
> 7830 1406 265 79 16 4
> 9069 -2907 -5 353 116 1
! 9388 3140 100 18 100
! 8100 -577 200 0 200 Blocker
> 7349 -1198 -107 687 93 4
> 8669 3382 -88 150 84 2
> 8178 1540 296 114 34 4
> 8987 -2369 -69 457 113 1
! 33230 95394 200
! 49342 94736 0
> 7349 -1198 -107 687 93 4
> 8669 3382 -88 150 84 2
> 8178 1540 296 114 34 4
> 8987 -2369 -69 457 113 1
! 9226 3721 200 18 200
! 8058 113 200 0 200 Blocker
> 7294 -318 -46 748 75 4
> 8581 3532 -74 127 66 2
> 8598 1811 357 230 52 4
> 8848 -1725 -118 547 111 1
! 33175 96274 200
! 75494 77846 0
> 7294 -318 -46 748 75 4
> 8581 3532 -74 127 66 2
> 8598 1811 357 230 52 4
> 8848 -1725 -118 547 111 1
! 9032 4240 200 18 200
! 7942 876 200 0 200 Blocker
> 7300 623 4 800 75 4
> 8507 3659 -62 107 48 2
> 9025 2228 362 354 70 4
> 8664 -989 -156 625 109 1
! 33181 97215 200
! 95109 53658 0
> 7300 623 4 800 75 4
> 8507 3659 -62 107 48 2
> 9025 2228 362 354 70 4
> 8664 -989 -156 625 109 1
! 8781 4697 200 18 200
! 7792 1716 200 0 200 Blocker
> 7356 1616 47 844 75 4
> 8445 3766 -52 90 30 2
> 9396 2782 314 470 88 4
> 8447 -174 -184 693 108 1
! 2122 101478 200
! 75358 78080 200
> 7356 1616 47 844 75 4
> 8445 3766 -52 90 30 2
> 9396 2782 314 470 88 4
> 8447 -174 -184 693 108 1
! 8480 5076 200 18 200
! 7583 2611 200 0 200 Blocker
> 7393 2660 31 887 93 4
> 8527 4005 69 202 48 2
> 9656 3445 221 563 106 4
> 8204 710 -206 751 107 1
! -28443 96018 200
! 49200 95359 0
> 7393 2660 31 887 93 4
> 8527 4005 69 202 48 2
> 9656 3445 221 563 106 4
> 8204 710 -206 751 107 1
! 8222 5301 100 18 100
! 7355 3565 200 0 200 Blocker
> 7352 3734 -34 912 111 4
> 8596 4207 58 171 66 2
> 9822 4091 140 549 124 4
> 7941 1653 -223 801 107 1
! -28484 97092 200
! 19048 103659 200
> 7352 3734 -34 912 111 4
> 8596 4207 58 171 66 2
> 9822 4091 140 549 124 4
> 7941 1653 -223 801 107 1
! 7895 5392 200 18 200
! 7075 4558 200 0 200 Blocker
> 7246 4833 -89 933 111 4
> 8675 4577 67 314 84 2
> 9805 4764 -14 572 142 4
> 7661 2646 -238 843 107 1
! -55685 82547 0
! -12116 102391 0
> 7246 4833 -89 933 111 4
> 8675 4577 67 314 84 2
> 9805 4764 -14 572 142 4
> 7661 2646 -238 843 107 1
! 7692 5409 100 18 100
! 6780 5593 200 0 200 Blocker
> 7157 5766 -75 793 129 5
> 8742 4891 56 266 102 2
> 9697 5371 -91 515 160 4
> 7366 3681 -250 879 107 1
! -76710 60229 0
! -41257 91493 0
> 7157 5766 -75 793 129 5
> 8742 4891 56 266 102 2
> 9697 5371 -91 515 160 4
> 7366 3681 -250 879 107 1
! 7587 5307 100 18 100
! 6473 6664 200 0 200 Blocker
> 7082 6559 -63 674 147 5
> 8798 5157 47 226 120 2
> 9506 5890 -162 441 178 4
> 7059 4752 -261 910 107 1
! -89510 32440 0
! -11993 102971 200
> 7082 6559 -63 674 147 5
> 8798 5157 47 226 120 2
> 9506 5890 -162 441 178 4
> 7059 4752 -261 910 107 1
! 7520 5101 200 18 200
! 7514 7742 200 -18 200 Blocker
> 7019 7233 -53 572 165 5
> 8793 5559 -85 193 102 2
> 9162 6297 -211 494 196 4
> 6803 5862 -217 943 89 1
! -92843 1999 0
! -41206 92161 0
> 7019 7233 -53 572 165 5
> 8793 5559 -85 193 102 2
> 9162 6297 -211 494 196 4
> 6803 5862 -217 943 89 1
! 7658 5136 100 18 100
! 5439 8443 0 18 0 Blocker
> 6966 7805 -45 486 183 5
> 8708 5752 -72 164 120 2
> 8868 6736 -250 372 214 4
> 6586 6805 -184 801 107 1
! -86392 -28031 0
! -65606 72665 0
> 6966 7805 -45 486 183 5
> 8708 5752 -72 164 120 2
> 8868 6736 -250 372 214 4
> 6586 6805 -184 801 107 1
! 7866 5041 200 18 200
! 4805 8810 SHIELD 18 SHIELD
> 6921 8291 -38 413 -159 5
> 8636 5916 -61 139 138 2
> 8494 6951 -318 183 232 4
> 6402 7606 -156 680 125 1
! -70793 -54640 0
! -82718 46589 0
> 6921 8291 -38 413 -159 5
> 8636 5916 -61 139 138 2
> 8494 6951 -318 183 232 4
> 6402 7606 -156 680 125 1
! 8099 4935 200 18 200
! 4355 8937 SHIELD 18 SHIELD
> 6961 8779 96 475 -141 5
> 8575 6055 -51 118 156 2
> 8106 6947 -329 -3 250 4
> 6238 8279 -145 565 143 1
! -47502 -75088 200
! -90877 16507 200
> 6961 8779 96 475 -141 5
> 8575 6055 -51 118 156 2
> 8106 6947 -329 -3 250 4
> 6238 8279 -145 565 143 1
! 8356 4925 100 18 100
! 4093 8879 0 18 0 Blocker
> 6948 9086 -10 261 -123 5
> 8325 6194 -212 118 174 2
> 7773 6844 -283 -87 268 4
> 6093 8844 -123 480 161 1
! -47515 -74781 200
! -83029 46867 200
> 6948 9086 -10 261 -123 5
> 8325 6194 -212 118 174 2
> 7773 6844 -283 -87 268 4
> 6093 8844 -123 480 161 1
! 8664 5016 100 18 100
! 4057 8739 0 18 0 Blocker
> 6829 9179 -101 79 -123 5
> 8147 6151 -121 -70 156 2
> 7300 6903 -431 83 286 4
> 5970 9324 -104 408 179 1
! -70885 -53752 200
! -83207 46824 0
> 6829 9179 -101 79 -123 5
> 8147 6151 -121 -70 156 2
> 7300 6903 -431 83 286 4
> 5970 9324 -104 408 179 1
! 8603 5632 200 18 200
! 4228 8585 0 18 0 Blocker
> 6573 9132 -217 -39 -141 5
> 8026 6081 -102 -59 156 2
> 6980 6819 -272 -71 304 4
> 5866 9732 -88 346 197 1
! -86785 -26704 200
! -83328 46754 200
> 6573 9132 -217 -39 -141 5
> 8026 6081 -102 -59 156 2
> 6980 6819 -272 -71 304 4
> 5866 9732 -88 346 197 1
! 8775 5996 200 18 200
! 4454 8321 200 18 200 Blocker
> 6169 9021 -343 -94 -159 5
> 7741 6103 -242 18 156 2
> 6865 6624 -98 -166 322 4
> 5614 9964 -214 197 215 1
! -87189 -26815 200
! -83613 46776 200
> 6169 9021 -343 -94 -159 5
> 7741 6103 -242 18 156 2
> 6865 6624 -98 -166 322 4
> 5614 9964 -214 197 215 1
! 8422 5165 100 0 100
! 4684 8081 200 18 200 Blocker
> 5639 8855 -450 -140 -159 5
> 7573 6064 20 -120 156 2
> 6583 6528 -403 5 -43 4
> 5279 10002 -284 32 233 1
! -87719 -26981 200
! -91879 16516 200
> 5639 8855 -450 -140 -159 5
> 7573 6064 20 -120 156 2
> 6583 6528 -403 5 -43 4
> 5279 10002 -284 32 233 1
! 8364 6265 200 18 200
! 4957 7834 200 18 200 Blocker
> 5002 8643 -541 -179 -159 5
> 7394 5965 -152 -84 174 2
> 6361 6448 -188 -67 -25 4
> 4929 9845 -297 -133 251 1
! -72712 -54288 200
! -83960 46638 200
> 5002 8643 -541 -179 -159 5
> 7394 5965 -152 -84 174 2
> 6361 6448 -188 -67 -25 4
> 4929 9845 -297 -133 251 1
! 8333 6801 200 18 200
! 2830 8450 200 -18 200 Blocker
> 4306 8338 -591 -259 -141 5
> 7066 5959 -30 -146 156 2
> 6365 6360 -245 66 -7 4
> 4511 9553 -355 -248 233 1
! -50157 -75529 200
! -67248 72872 200
> 4306 8338 -591 -259 -141 5
> 7066 5959 -30 -146 156 2
> 6365 6360 -245 66 -7 4
> 4511 9553 -355 -248 233 1
! 7729 4926 200 -18 200
! 2832 7548 200 0 200 Blocker
> 3606 7911 -594 -362 -123 0
> 7025 5867 -25 -83 138 2
> 6164 6420 -180 56 -25 4
> 4028 9152 -410 -341 -130 1
! -22276 -88681 0
! -67289 72780 200
> 3606 7911 -594 -362 -123 0
> 7025 5867 -25 -83 138 2
> 6164 6420 -180 56 -25 4
> 4028 9152 -410 -341 -130 1
! 7978 5546 200 0 200
! 3472 6716 100 18 100 Blocker
> 3012 7549 -504 -307 -105 0
> 6851 5918 -147 43 138 2
> 6164 6389 0 -26 -26 4
> 3581 8718 -380 -368 -112 1
! 8245 -92313 0
! -67463 72831 200
> 3012 7549 -504 -307 -105 0
> 6851 5918 -147 43 138 2
> 6164 6389 0 -26 -26 4
> 3581 8718 -380 -368 -112 1
! 8331 6745 200 18 200
! 3709 6312 100 18 100 Blocker
> 2508 7242 -428 -260 -87 0
> 6969 5807 123 -110 138 2
> 5949 6624 -205 215 -8 4
> 3194 8250 -328 -397 -94 1
! 38344 -86116 0
! -43030 92409 200
> 2508 7242 -428 -260 -87 0
> 6969 5807 123 -110 138 2
> 5949 6624 -205 215 -8 4
> 3194 8250 -328 -397 -94 1
! 7327 5311 200 -18 200
! 4032 5987 200 18 200 Blocker
> 2080 6982 -363 -221 -69 0
> 6992 5870 19 53 120 2
> 5924 6752 -21 108 -26 4
> 2915 7659 -237 -502 -76 1
! 65011 -70732 200
! -67322 72783 0
> 2080 6982 -363 -221 -69 0
> 6992 5870 19 53 120 2
> 5924 6752 -21 108 -26 4
> 2915 7659 -237 -502 -76 1
! 7880 5896 200 0 200
! 1929 5303 0 -18 0 Blocker
> 1843 6606 -201 -319 -51 0
> 7011 5923 16 45 138 2
> 6086 6780 137 23 -24 4
> 2678 7157 -201 -426 -94 1
! 64774 -71108 0
! -42988 92525 200
> 1843 6606 -201 -319 -51 0
> 7011 5923 16 45 138 2
> 6086 6780 137 23 -24 4
> 2678 7157 -201 -426 -94 1
! 8233 5908 200 0 200
! 1063 5046 200 -18 200 Blocker
> 1642 6287 -170 -271 -51 0
> 6938 6129 196 -113 120 2
> 6397 6740 6 254 -22 4
> 2402 6545 -234 -519 -112 1
! 85509 -48176 0
! -43061 92731 200
> 1642 6287 -170 -271 -51 0
> 6938 6129 196 -113 120 2
> 6397 6740 6 254 -22 4
> 2402 6545 -234 -519 -112 1
! 7569 5128 200 -18 200
! 2652 4085 SHIELD 18 SHIELD
> 1236 5937 -348 -298 -33 0
> 7034 6189 81 51 120 2
> 6556 6865 135 106 -40 4
> 2192 6034 -178 -434 -94 1
! 97828 -19945 0
! -42965 92791 200
> 1236 5937 -348 -298 -33 0
> 7034 6189 81 51 120 2
> 6556 6865 135 106 -40 4
> 2192 6034 -178 -434 -94 1
! 7223 4836 200 -18 200
! 728 4068 0 -18 0 Blocker
> 888 5639 -295 -253 -15 0
> 7220 6121 171 -77 120 2
> 6592 7094 16 213 -58 4
> 2014 5600 -151 -368 -112 1
! 100750 10872 200
! -42779 92723 200
> 888 5639 -295 -253 -15 0
> 7220 6121 171 -77 120 2
> 6592 7094 16 213 -58 4
> 2014 5600 -151 -368 -112 1
! 7774 5441 200 0 200
! 2347 3291 0 18 0 Blocker
> 793 5396 -80 -206 3 0
> 7291 6217 60 81 120 2
> 6724 7144 112 42 -54 4
> 1863 5232 -128 -312 -94 1
! 94151 41232 200
! -42708 92819 200
> 793 5396 -80 -206 3 0
> 7291 6217 60 81 120 2
> 6724 7144 112 42 -54 4
> 1863 5232 -128 -312 -94 1
! 8129 5406 200 0 200
! 2795 3224 0 18 0 Blocker
> 900 5262 90 -114 21 0
> 7335 6322 156 -122 120 2
> 6878 7179 11 241 -51 4
> 1735 4920 -108 -265 -76 1
! 78614 68194 200
! -42664 92924 200
> 900 5262 90 -114 21 0
> 7335 6322 156 -122 120 2
> 6878 7179 11 241 -51 4
> 1735 4920 -108 -265 -76 1
! 7004 5223 200 -18 200
! 3159 3369 0 18 0 Blocker
> 1101 5312 102 100 39 0
> 7391 6373 47 43 120 2
> 6961 7233 70 46 -69 4
> 1672 4617 14 -316 -58 1
! 94459 41148 200
! -42608 92975 200
> 1101 5312 102 100 39 0
> 7391 6373 47 43 120 2
> 6961 7233 70 46 -69 4
> 1672 4617 14 -316 -58 1
! 7819 5225 200 0 200
! 3540 3552 0 18 0 Blocker
> 1390 5484 245 145 21 0
> 7445 6369 106 -127 120 2
> 7002 7316 -24 193 -67 4
> 1686 4301 11 -268 -40 1
! 101252 10717 200
! -42554 92971 200
> 1390 5484 245 145 21 0
> 7445 6369 106 -127 120 2
> 7002 7316 -24 193 -67 4
> 1686 4301 11 -268 -40 1
! 7838 5484 200 0 200
! 3692 3893 0 18 0 Blocker
> 1835 5639 378 132 3 0
> 7451 6415 5 39 120 2
> 7061 7327 50 9 -65 4
> 1697 4033 9 -227 -22 1
! 98427 -20242 200
! -42548 93017 200
> 1835 5639 378 132 3 0
> 7451 6415 5 39 120 2
> 7061 7327 50 9 -65 4
> 1697 4033 9 -227 -22 1
! 6691 5176 200 -18 200
! 3841 4338 200 18 200 Blocker
> 2406 5719 485 68 -15 0
> 7452 6403 65 -159 120 2
> 7037 7361 -84 178 -83 4
> 1906 3792 177 -204 -4 1
! 86272 -48745 200
! -42547 93005 200
> 2406 5719 485 68 -15 0
> 7452 6403 65 -159 120 2
> 7037 7361 -84 178 -83 4
> 1906 3792 177 -204 -4 1
! 8453 5930 200 18 200
! 3949 4754 200 18 200 Blocker
> 3059 5678 554 -34 -33 0
> 7417 6417 -29 12 120 2
> 7036 7357 0 -3 -65 4
> 2277 3637 315 -132 14 1
! 99651 -20204 200
! -42582 93019 200
> 3059 5678 554 -34 -33 0
> 7417 6417 -29 12 120 2
> 7036 7357 0 -3 -65 4
> 2277 3637 315 -132 14 1
! 7966 5360 200 0 200
! 4006 5190 200 18 200 Blocker
> 3806 5592 635 -72 -15 0
> 7358 6408 11 -178 120 2
> 7050 7367 -49 179 -65 4
> 2762 3611 411 -21 32 1
! 87672 -48872 200
! -13433 104222 200
> 3806 5592 635 -72 -15 0
> 7358 6408 11 -178 120 2
> 7050 7367 -49 179 -65 4
> 2762 3611 411 -21 32 1
! 7931 5552 200 0 200
! 5039 4756 200 0 200 Blocker
> 4609 5411 682 -153 -33 0
> 7327 6426 -25 14 102 2
> 7088 7366 32 0 -64 4
> 3352 3680 501 58 27 1
! 101201 -20471 200
! -13464 104240 200
> 4609 5411 682 -153 -33 0
> 7327 6426 -25 14 102 2
> 7088 7366 32 0 -64 4
> 3352 3680 501 58 27 1
! 6738 5199 200 -18 200
! 6026 3394 200 -18 200 Blocker
> 5484 5206 743 -174 -15 0
> 7321 6387 28 -173 102 2
> 7087 7417 -34 183 -82 4
> 4051 3768 593 75 9 1
! 105346 10439 200
! -13470 104201 200
> 5484 5206 743 -174 -15 0
> 7321 6387 28 -173 102 2
> 7087 7417 -34 183 -82 4
> 4051 3768 593 75 9 1
! 7359 5421 200 0 200
! 6817 4187 200 0 200 Blocker
> 6427 5042 801 -139 3 0
> 7307 6410 -11 19 102 2
> 7080 7402 -5 -12 -82 4
> 4842 3873 672 89 9 1
! 106289 10275 200
! -13484 104224 200
> 6427 5042 801 -139 3 0
> 7307 6410 -11 19 102 2
> 7080 7402 -5 -12 -82 4
> 4842 3873 672 89 9 1
! 7381 5211 200 0 200
! 7687 4306 200 0 200 Blocker
> 7428 4913 850 -109 3 0
> 7305 6418 41 -173 102 2
> 7052 7399 -67 176 -82 4
> 5712 3992 739 101 9 1
! 100786 40749 0
! -42694 93020 0
> 7428 4913 850 -109 3 0
> 7305 6418 41 -173 102 2
> 7052 7399 -67 176 -82 4
> 5712 3992 739 101 9 1
! 8513 5992 200 18 200
! 8007 5649 200 18 200 Blocker
> 8278 4804 722 -92 21 0
> 7346 6245 34 -147 120 2
> 7072 7395 17 -3 -64 4
> 6630 4183 780 162 27 1
! 85992 67736 200
! -13445 104059 200
> 8278 4804 722 -92 21 0
> 7346 6245 34 -147 120 2
> 7072 7395 17 -3 -64 4
> 6630 4183 780 162 27 1
! 8053 5415 200 0 200
! 9583 4001 200 -18 200 Blocker
> 9155 4838 745 28 39 0
> 7338 6294 -6 41 102 2
> 7178 7213 89 -154 -64 4
> 7608 4375 831 163 9 1
! 63618 88705 200
! 17790 105746 200
> 9155 4838 745 28 39 0
> 7338 6294 -6 41 102 2
> 7178 7213 89 -154 -64 4
> 7608 4375 831 163 9 1
! 6920 5089 0 -18 0
! 9853 5952 0 18 0 Blocker
> 10009 5034 725 166 57 1
> 7398 6270 70 -131 84 2
> 7222 7323 17 204 -82 4
> 8439 4538 706 138 27 1
! 64472 88901 200
! -13393 104084 200
> 10009 5034 725 166 57 1
> 7398 6270 70 -131 84 2
> 7222 7323 17 204 -82 4
> 8439 4538 706 138 27 1
! 8767 5944 200 18 200
! 10144 6636 200 18 200 Blocker
> 10843 5368 708 283 57 1
> 7426 6335 24 54 102 2
> 7328 7348 89 21 -64 4
> 9287 4817 721 236 45 1
! 65306 89235 200
! 17878 105787 200
> 10843 5368 708 283 57 1
> 7426 6335 24 54 102 2
> 7328 7348 89 21 -64 4
> 9287 4817 721 236 45 1
! 7035 5202 200 -18 200
! 11564 6609 200 0 200 Blocker
> 11660 5819 694 383 57 1
> 7488 6372 66 -152 84 2
> 7429 7387 72 217 -82 4
> 10165 5177 746 305 38 1
! 89374 68751 200
! 17940 105824 200
> 11660 5819 694 383 57 1
> 7488 6372 66 -152 84 2
> 7429 7387 72 217 -82 4
> 10165 5177 746 305 38 1
! 6468 5662 200 -18 200
! 12645 6836 200 0 200 Blocker
> 12509 6328 722 432 39 1
> 7575 6419 73 39 84 2
> 7467 7407 32 16 -100 4
> 11077 5593 775 353 34 1
! 90223 69260 200
! -13216 104233 200
> 12509 6328 722 432 39 1
> 7575 6419 73 39 84 2
> 7467 7407 32 16 -100 4
> 11077 5593 775 353 34 1
! 7117 5256 200 0 200
! 13510 7064 0 0 0 Blocker
> 13386 6886 745 474 39 1
> 7639 6443 79 -141 102 2
> 7434 7436 -53 187 -99 4
> 11852 5946 658 300 31 1
! 67849 90753 0
! -42360 93045 200
> 13386 6886 745 474 39 1
> 7639 6443 79 -141 102 2
> 7434 7436 -53 187 -99 4
> 11852 5946 658 300 31 1
! 8380 5663 200 18 200
! 14396 7379 200 0 200 Blocker
> 14131 7360 633 402 57 2
> 7618 6475 -17 27 120 2
> 7411 7425 -19 -9 -81 4
> 12684 6344 707 338 29 1
! 40012 103952 200
! -13173 104289 200
> 14131 7360 633 402 57 2
> 7618 6475 -17 27 120 2
> 7411 7425 -19 -9 -81 4
> 12684 6344 707 338 29 1
! 7736 5243 200 0 200
! 14321 8676 200 18 200 Blocker
> 14816 7955 582 505 75 2
> 7618 6443 33 -170 102 2
> 7363 7473 -73 183 -82 4
> 13526 6829 716 412 47 1
! 9582 107817 0
! -13173 104257 200
> 14816 7955 582 505 75 2
> 7618 6443 33 -170 102 2
> 7363 7473 -73 183 -82 4
> 13526 6829 716 412 47 1
! 8818 6073 200 18 200
! 14498 9325 100 18 100 Blocker
> 15398 8460 494 429 93 2
> 7609 6469 -7 21 102 2
> 7379 7477 13 3 -64 4
> 14284 7332 643 427 65 2
! -20438 101818 200
! -13182 104283 200
> 15398 8460 494 429 93 2
> 7609 6469 -7 21 102 2
> 7379 7477 13 3 -64 4
> 14284 7332 643 427 65 2
! 7010 5313 200 -18 200
! 14545 9722 0 18 0 Blocker
> 15820 9076 358 523 111 2
> 7602 6503 39 -164 102 2
> 7379 7465 -44 183 -82 4
> 14927 7759 546 362 83 2
! -47111 86790 200
! -13189 104317 200
> 15820 9076 358 523 111 2
> 7602 6503 39 -164 102 2
> 7379 7465 -44 183 -82 4
> 14927 7759 546 362 83 2
! 8863 6065 200 18 200
! 14406 10045 200 18 200 Blocker
> 16052 9754 197 576 129 2
> 7599 6535 -2 26 102 2
> 7424 7469 38 3 -64 4
> 15433 8317 430 474 101 2
! -67815 64217 200
! 18051 105987 200
> 16052 9754 197 576 129 2
> 7599 6535 -2 26 102 2
> 7424 7469 38 3 -64 4
> 15433 8317 430 474 101 2
! 7080 5305 200 -18 200
! 14254 10291 200 18 200 Blocker
> 16081 10439 24 582 147 2
> 7671 6494 86 -159 84 2
> 7438 7540 -13 185 -82 4
> 15765 8965 282 551 119 2
! -80511 36320 200
! -13120 104308 200
> 16081 10439 24 582 147 2
> 7671 6494 86 -159 84 2
> 7438 7540 -13 185 -82 4
> 15765 8965 282 551 119 2
! 7731 5546 200 0 200
! 14053 10446 200 18 200 Blocker
> 15912 11073 -143 538 165 2
> 7715 6531 37 31 102 2
> 7454 7527 13 -10 -82 4
> 15900 9651 114 583 137 2
! -83950 5839 200
! -42284 93133 200
> 15912 11073 -143 538 165 2
> 7715 6531 37 31 102 2
> 7454 7527 13 -10 -82 4
> 15900 9651 114 583 137 2
! 8995 5934 200 18 200
! 13830 10502 200 18 200 Blocker
> 15569 11601 -291 448 183 2
> 7693 6549 22 -174 120 2
> 7515 7524 10 187 -64 4
> 15832 10317 -57 566 155 2
! -77789 -24235 200
! -13098 104363 0
> 15569 11601 -291 448 183 2
> 7693 6549 22 -174 120 2
> 7515 7524 10 187 -64 4
> 15832 10317 -57 566 155 2
! 8489 5734 200 0 200
! 13615 10463 200 18 200 Blocker
> 15091 11977 -406 319 -159 2
> 7715 6375 18 -147 102 2
> 7621 7535 89 9 -61 4
> 15576 10906 -217 500 173 2
! -62623 -50954 200
! 18167 105827 200
> 15091 11977 -406 319 -159 2
> 7715 6375 18 -147 102 2
> 7621 7535 89 9 -61 4
> 15576 10906 -217 500 173 2
! 7442 5360 200 -18 200
! 13435 10339 200 18 200 Blocker
> 14530 12170 -477 164 -141 2
> 7754 6427 33 44 84 2
> 7747 7347 106 -159 -79 4
> 15163 11366 -351 391 191 2
! -39933 -71697 200
! 18206 105879 200
> 14530 12170 -477 164 -141 2
> 7754 6427 33 44 84 2
> 7747 7347 106 -159 -79 4
> 15163 11366 -351 391 191 2
! 6966 5285 100 -18 100
! 13312 10148 200 18 200 Blocker
> 13944 12166 -498 -3 -123 2
> 7807 6289 44 -219 84 2
> 7841 7470 80 206 -97 4
> 14638 11659 -446 248 209 2
! -40519 -71701 200
! 18259 105741 200
> 13944 12166 -498 -3 -123 2
> 7807 6289 44 -219 84 2
> 7841 7470 80 206 -97 4
> 14638 11659 -446 248 209 2
! 7653 5492 200 0 200
! 12008 12175 SHIELD -18 SHIELD
> 13337 11995 -515 -145 -123 2
> 7872 6269 55 -17 84 2
> 7902 7477 51 5 -95 4
> 14192 11907 -379 210 191 2
! -64377 -50936 0
! 18324 105721 200
> 13337 11995 -515 -145 -123 2
> 7872 6269 55 -17 84 2
> 7902 7477 51 5 -95 4
> 14192 11907 -379 210 191 2
! 6510 5822 200 -18 200
! 12313 10508 200 18 200 Blocker
> 12822 11850 -437 -123 -141 2
> 7948 6451 64 154 84 2
> 7873 7298 -24 -151 -113 4
> 13813 12117 -322 178 209 2
! -41641 -72017 200
! -12843 104265 200
> 12822 11850 -437 -123 -141 2
> 7948 6451 64 154 84 2
> 7873 7298 -24 -151 -113 4
> 13813 12117 -322 178 209 2
! 7028 5214 100 0 100
! 12561 10301 200 18 200 Blocker
> 12276 11559 -464 -247 -123 2
> 8025 6272 69 -194 102 2
> 7757 7583 -103 284 -112 4
> 13491 12295 -273 151 227 2
! -65438 -51372 200
! -12766 104086 200
> 12276 11559 -464 -247 -123 2
> 8025 6272 69 -194 102 2
> 7757 7583 -103 284 -112 4
> 13491 12295 -273 151 227 2
! 8186 5732 200 18 200
! 11718 10837 200 0 200 Blocker
> 11657 11186 -526 -316 -141 2
> 8052 6274 23 1 102 2
> 7640 7668 -99 71 -94 4
> 13218 12446 -232 128 -141 2
! -42806 -72681 200
! -12739 104088 200
> 11657 11186 -526 -316 -141 2
> 8052 6274 23 1 102 2
> 7640 7668 -99 71 -94 4
> 13218 12446 -232 128 -141 2
! 7388 5544 200 0 200
! 12417 10449 200 18 200 Blocker
> 11022 10702 -539 -411 -123 2
> 8033 6471 -15 167 102 2
> 7517 7540 -104 -108 -97 4
> 12878 12405 -288 -34 -123 2
! -43441 -73165 200
! -41966 93073 200
> 11022 10702 -539 -411 -123 2
> 8033 6471 -15 167 102 2
> 7517 7540 -104 -108 -97 4
> 12878 12405 -288 -34 -123 2
! 8480 5508 200 18 200
! 11392 10526 200 0 200 Blocker
> 10374 10123 -550 -491 -123 2
> 8027 6667 181 -79 120 2
> 7343 7380 -334 110 -79 4
> 12466 12214 -350 -162 -128 2
! -44089 -73744 200
! -66287 73580 200
> 10374 10123 -550 -491 -123 2
> 8027 6667 181 -79 120 2
> 7343 7380 -334 110 -79 4
> 12466 12214 -350 -162 -128 2
! 8618 5990 200 18 200
! 10762 10318 200 0 200 Blocker
> 9715 9464 -560 -559 -123 2
> 8059 6722 27 46 138 2
> 7107 7315 -200 -54 -61 4
> 11982 11903 -411 -264 -132 2
! -16167 -87128 0
! -83295 47395 200
> 9715 9464 -560 -559 -123 2
> 8059 6722 27 46 138 2
> 7107 7315 -200 -54 -61 4
> 11982 11903 -411 -264 -132 2
! 8901 6331 200 18 200
! 10099 10004 200 0 200 Blocker
> 9155 8905 -476 -475 -105 2
> 7903 6849 -132 108 156 2
> 7054 7125 -45 -161 -43 4
> 11430 11497 -469 -345 -135 2
! 14388 -90957 0
! -91549 17301 200
> 9155 8905 -476 -475 -105 2
> 7903 6849 -132 108 156 2
> 7054 7125 -45 -161 -43 4
> 11430 11497 -469 -345 -135 2
! 7410 4903 100 -18 100
! 10617 8979 200 18 200 Blocker
> 8679 8430 -404 -403 -87 2
> 7888 6899 61 23 174 2
> 6742 6956 -339 -125 -61 4
> 10871 10973 -475 -445 -117 2
! -17203 -88162 200
! -91564 17351 200
> 8679 8430 -404 -403 -87 2
> 7888 6899 61 23 174 2
> 6742 6956 -339 -125 -61 4
> 10871 10973 -475 -445 -117 2
! 8397 5901 200 18 200
! 9397 8568 200 0 200 Blocker
> 8223 7834 -387 -506 -105 2
> 7750 6943 -117 37 174 2
> 6550 6695 -163 -221 -43 4
> 10291 10357 -492 -523 -122 2
! -46240 -76033 200
! -90064 -13848 200
> 8223 7834 -387 -506 -105 2
> 7750 6943 -117 37 174 2
> 6550 6695 -163 -221 -43 4
> 10291 10357 -492 -523 -122 2
! 8571 6206 200 18 200
! 8633 7968 200 0 200 Blocker
> 7966 7553 -126 -88 -123 2
> 7345 6586 33 -324 -168 2
> 6422 6350 -578 -422 -25 4
> 9685 9670 -515 -584 -125 2
! -46497 -76314 200
! -90469 -14205 200
> 7966 7553 -126 -88 -123 2
> 7345 6586 33 -324 -168 2
> 6422 6350 -578 -422 -25 4
> 9685 9670 -515 -584 -125 2
! 8004 6348 200 18 200
! 7908 7284 200 0 200 Blocker
> 7731 7297 -199 -217 -123 2
> 7182 6220 -138 -310 -168 2
> 6043 5904 -322 -378 -7 4
> 9051 8926 -539 -632 -127 2
! -18151 -89295 200
! -90632 -14571 200
> 7731 7297 -199 -217 -123 2
> 7182 6220 -138 -310 -168 2
> 6043 5904 -322 -378 -7 4
> 9051 8926 -539 -632 -127 2
! 7645 6593 200 18 200
! 8475 6194 100 18 100 Blocker
> 7480 6887 -213 -348 -105 2
> 6848 5868 -283 -298 -168 2
> 5917 5565 -106 -288 11 4
> 8480 8199 -485 -617 -109 2
! -18401 -89705 200
! -90966 -14923 200
> 7480 6887 -213 -348 -105 2
> 6848 5868 -283 -298 -168 2
> 5917 5565 -106 -288 11 4
> 8480 8199 -485 -617 -109 2
! 7311 6886 200 18 200
! 8609 5574 100 18 100 Blocker
> 7215 6346 -225 -460 -105 2
> 6736 5652 49 -134 -168 2
> 5619 5251 -397 -315 29 4
> 7994 7482 -413 -609 -91 2
! -47248 -77521 200
! -92716 16104 200
> 7215 6346 -225 -460 -105 2
> 6736 5652 49 -134 -168 2
> 5619 5251 -397 -315 29 4
> 7994 7482 -413 -609 -91 2
! 7146 6003 200 0 200
! 8843 5071 200 18 200 Blocker
> 7126 6069 -385 -610 -123 2
> 6306 5146 -386 -460 174 2
> 5401 5024 -184 -192 26 4
> 7675 6725 60 -238 -73 2
! -18756 -90523 200
! -93146 15598 SHIELD
> 7126 6069 -385 -610 -123 2
> 6306 5146 -386 -460 174 2
> 5401 5024 -184 -192 26 4
> 7675 6725 60 -238 -73 2
! 7194 5796 SHIELD 0 SHIELD
! 7019 4407 200 -18 200 Blocker
> 6689 5266 -371 -682 -105 2
> 6014 4684 -161 -394 174 3
> 5123 4834 -323 -159 23 4
> 7733 6287 48 -372 -91 2
! 11922 -94596 200
! -85340 45357 SHIELD
> 6689 5266 -371 -682 -105 2
> 6014 4684 -161 -394 174 3
> 5123 4834 -323 -159 23 4
> 7733 6287 48 -372 -91 2
! 6825 5535 200 0 200
! 6457 4158 200 -18 200 Blocker
> 6856 4787 251 -322 -87 2
> 5800 4250 -192 -377 156 3
> 4800 4675 -274 -135 22 4
> 7717 5726 -13 -477 -109 2
! 42692 -88571 0
! -68514 71163 0
> 6856 4787 251 -322 -87 2
> 5800 4250 -192 -377 156 3
> 4800 4675 -274 -135 22 4
> 7717 5726 -13 -477 -109 2
! 6566 5364 200 0 200
! 6988 3169 200 0 200 Blocker
> 7107 4465 213 -273 -69 2
> 5608 3873 -163 -320 138 3
> 4526 4540 -232 -114 21 4
> 7649 5057 -57 -568 -106 2
! 70038 -73249 SHIELD
! -44391 90475 0
> 7107 4465 213 -273 -69 2
> 5608 3873 -163 -320 138 3
> 4526 4540 -232 -114 21 4
> 7649 5057 -57 -568 -106 2
! 6348 5214 200 0 200
! 8276 2610 SHIELD 18 SHIELD
> 7052 3899 -48 -482 -51 2
> 5445 3553 -138 -272 120 3
> 4294 4426 -197 -96 20 4
> 7860 4782 181 -232 -88 2
! 90919 -50564 0
! -15346 101367 0
> 7052 3899 -48 -482 -51 2
> 5445 3553 -138 -272 120 3
> 4294 4426 -197 -96 20 4
> 7860 4782 181 -232 -88 2
! 6164 5082 200 0 200
! 6811 2726 200 -18 200 Blocker
> 7004 3417 -40 -409 -33 2
> 5307 3281 -117 -231 102 3
> 4286 4396 -7 -25 19 4
> 8041 4550 153 -197 -106 2
! 103596 -22465 0
! 15759 102733 0
> 7004 3417 -40 -409 -33 2
> 5307 3281 -117 -231 102 3
> 4286 4396 -7 -25 19 4
> 8041 4550 153 -197 -106 2
! 6359 5087 200 0 200
! 6460 2999 200 -18 200 Blocker
> 6964 3008 -34 -347 -15 2
> 5190 3050 -99 -196 84 3
> 4469 4434 155 32 18 4
> 8194 4353 130 -167 -124 2
! 106826 8241 0
! 45863 94404 0
> 6964 3008 -34 -347 -15 2
> 5190 3050 -99 -196 84 3
> 4469 4434 155 32 18 4
> 8194 4353 130 -167 -124 2
! 6716 5146 200 0 200
! 6257 3434 200 -18 200 Blocker
> 6930 2661 -28 -294 3 2
> 5091 2854 -84 -166 66 3
> 4815 4526 293 78 18 4
> 8324 4186 110 -141 -142 2
! 100288 38497 0
! 72004 77168 0
> 6930 2661 -28 -294 3 2
> 5091 2854 -84 -166 66 3
> 4815 4526 293 78 18 4
> 8324 4186 110 -141 -142 2
! 6401 6384 200 18 200
! 6700 2691 200 0 200 Blocker
> 6902 2367 -23 -249 21 2
> 5007 2688 -71 -141 48 3
> 5271 4720 387 165 36 4
> 8287 3910 -31 -234 -137 2
! 84616 65299 0
! 71920 77002 200
> 6902 2367 -23 -249 21 2
> 5007 2688 -71 -141 48 3
> 5271 4720 387 165 36 4
> 8287 3910 -31 -234 -137 2
! 7438 6178 200 0 200
! 6172 3420 100 -18 100 Blocker
> 6879 2118 -19 -211 39 2
> 5070 2696 53 6 48 3
> 5824 4997 469 235 34 4
> 8165 3634 -103 -234 -155 2
! 61342 85985 200
! 91672 52695 0
> 6879 2118 -19 -211 39 2
> 5070 2696 53 6 48 3
> 5824 4997 469 235 34 4
> 8165 3634 -103 -234 -155 2
! 6977 7111 0 18 0
! 6995 1476 200 18 200 Blocker
> 6969 2075 76 -36 57 2
> 5123 2702 45 5 30 3
> 6293 5232 398 199 52 4
> 7915 3265 -212 -314 -137 2
! 32850 98667 200
! 91725 52701 200
> 6969 2075 76 -36 57 2
> 5123 2702 45 5 30 3
> 6293 5232 398 199 52 4
> 7915 3265 -212 -314 -137 2
! 6761 7430 0 18 0
! 5619 2695 100 -18 100 Blocker
> 7097 2232 108 133 75 2
> 5341 2807 185 89 30 3
> 6691 5431 338 169 70 4
> 7612 2909 -257 -302 -155 2
! 1863 102094 SHIELD
! 72254 77121 0
> 7097 2232 108 133 75 2
> 5341 2807 185 89 30 3
> 6691 5431 338 169 70 4
> 7612 2909 -257 -302 -155 2
! 6478 7523 0 18 0
! 5392 2989 0 -18 0 Blocker
> 7148 2290 38 43 93 2
> 5526 2896 157 75 48 3
> 7029 5600 287 143 88 4
> 7921 3356 310 442 -173 2
! -28688 95648 0
! 46199 94250 0
> 7148 2290 38 43 93 2
> 5526 2896 157 75 48 3
> 7029 5600 287 143 88 4
> 7921 3356 310 442 -173 2
! 6086 7567 200 18 200
! 6622 2298 200 18 200 Blocker
> 7186 2333 32 36 111 2
> 5683 2971 133 63 66 3
> 7261 5935 197 285 106 5
> 8049 3715 108 304 -155 2
! 1952 102195 0
! 16135 102423 200
> 7186 2333 32 36 111 2
> 5683 2971 133 63 66 3
> 7261 5935 197 285 106 5
> 8049 3715 108 304 -155 2
! 5724 7574 200 18 200
! 6163 3089 200 0 200 Blocker
> 7218 2369 27 30 93 2
> 5837 3233 130 222 84 3
> 7346 6386 72 383 124 5
> 7967 3956 -69 204 -162 2
! -28618 95727 0
! -14954 101047 200
> 7218 2369 27 30 93 2
> 5837 3233 130 222 84 3
> 7346 6386 72 383 124 5
> 7967 3956 -69 204 -162 2
! 5351 7521 200 18 200
! 6605 2380 200 18 200 Blocker
> 7245 2399 22 25 111 2
> 5925 3651 75 354 102 3
> 7261 6892 -72 430 142 5
> 7737 4041 -195 72 -144 2
! -28591 95757 200
! -44074 90253 200
> 7245 2399 22 25 111 2
> 5925 3651 75 354 102 3
> 7261 6892 -72 430 142 5
> 7737 4041 -195 72 -144 2
! 4990 7399 200 18 200
! 6862 2021 200 18 200 Blocker
> 7195 2611 -42 179 111 2
> 5900 4178 -21 448 120 3
> 7001 7391 -220 423 160 5
> 7425 3950 -264 -76 -126 2
! 1961 102473 200
! -68414 71091 200
> 7195 2611 -42 179 111 2
> 5900 4178 -21 448 120 3
> 7001 7391 -220 423 160 5
> 7425 3950 -264 -76 -126 2
! 4666 7208 200 18 200
! 5164 3225 100 -18 100 Blocker
> 7143 2990 -44 321 93 2
> 5730 4760 -144 494 138 3
> 6581 7821 -356 365 178 5
> 7080 3815 -292 -114 -144 2
! 1909 102852 0
! -68584 71673 200
> 7143 2990 -44 321 93 2
> 5730 4760 -144 494 138 3
> 6581 7821 -356 365 178 5
> 7080 3815 -292 -114 -144 2
! 4401 6956 200 18 200
! 4788 3701 0 -18 0 Blocker
> 7137 2932 -2 -72 93 2
> 5437 5388 -248 533 138 3
> 6033 8131 -466 263 196 5
> 6750 4080 -282 248 -162 3
! -28699 96290 200
! -44562 91990 200
> 7137 2932 -2 -72 93 2
> 5437 5388 -248 533 138 3
> 6033 8131 -466 263 196 5
> 6750 4080 -282 248 -162 3
! 4213 6660 200 18 200
! 5292 2710 0 18 0 Blocker
> 7063 3047 -62 97 111 2
> 5089 6094 -295 600 120 3
> 5401 8282 -537 128 214 5
> 6468 4328 -239 210 -144 3
! -55868 80761 200
! -44910 92696 200
> 7063 3047 -62 97 111 2
> 5089 6094 -295 600 120 3
> 5401 8282 -537 128 214 5
> 6468 4328 -239 210 -144 3
! 4146 6437 100 18 100
! 5611 2636 0 18 0 Blocker
> 6875 3299 -159 214 129 2
> 4694 6867 -335 657 120 3
> 4802 8331 -508 41 232 5
> 6229 4538 -203 178 -126 3
! -76992 57762 200
! -69620 73780 0
> 6875 3299 -159 214 129 2
> 4694 6867 -335 657 120 3
> 4802 8331 -508 41 232 5
> 6229 4538 -203 178 -126 3
! 4224 6373 0 18 0
! 6026 2716 0 18 0 Blocker
> 6548 3622 -277 274 147 2
> 4359 7524 -284 558 138 3
> 4294 8372 -431 34 250 5
> 6026 4716 -172 151 -108 3
! -90044 29503 0
! -45640 94126 0
> 6548 3622 -277 274 147 2
> 4359 7524 -284 558 138 3
> 4294 8372 -431 34 250 5
> 6026 4716 -172 151 -108 3
! 4442 6387 SHIELD 18 SHIELD
! 6503 2870 100 18 100 Blocker
> 6271 3896 -235 232 165 3
> 4158 7256 -163 -305 120 3
> 3855 8489 -374 106 268 5
> 5855 4767 -145 43 -90 3
! -93591 -1337 0
! -45841 93858 200
> 6271 3896 -235 232 165 3
> 4158 7256 -163 -305 120 3
> 3855 8489 -374 106 268 5
> 5855 4767 -145 43 -90 3
! 4711 6771 200 18 200
! 7003 3030 200 18 200 Blocker
> 6143 3911 -46 -113 183 3
> 3895 7124 -223 -112 120 3
> 3481 8595 -317 90 286 5
> 5666 4837 -222 185 -72 3
! -87215 -31925 0
! -16896 104938 200
> 6143 3911 -46 -113 183 3
> 3895 7124 -223 -112 120 3
> 3481 8595 -317 90 286 5
> 5666 4837 -222 185 -72 3
! 4898 7331 200 18 200
! 6124 2930 200 0 200 Blocker
> 6097 3798 -39 -96 -159 3
> 3630 7208 -224 71 102 3
> 3164 8685 -269 76 304 5
> 5491 4828 -149 -8 -76 3
! -71617 -59133 0
! -17161 105022 200
> 6097 3798 -39 -96 -159 3
> 3630 7208 -224 71 102 3
> 3164 8685 -269 76 304 5
> 5491 4828 -149 -8 -76 3
! 4125 6937 200 0 200
! 7027 3406 200 18 200 Blocker
> 6058 3702 -33 -81 -141 3
> 3364 7475 -225 226 102 3
> 2895 8761 -228 64 -61 5
> 5447 4649 -37 -151 -58 3
! -48405 -80165 0
! -17427 105289 0
> 6058 3702 -33 -81 -141 3
> 3364 7475 -225 226 102 3
> 2895 8761 -228 64 -61 5
> 5447 4649 -37 -151 -58 3
! 3734 6901 200 0 200
! 6576 2632 200 0 200 Blocker
> 6025 3621 -28 -68 -123 3
> 3139 7701 -191 192 102 3
> 2749 8643 -123 -100 -66 5
> 5508 4323 51 -276 -61 3
! -19857 -92971 0
! -46860 94303 200
> 6025 3621 -28 -68 -123 3
> 3139 7701 -191 192 102 3
> 2749 8643 -123 -100 -66 5
> 5508 4323 51 -276 -61 3
! 3521 6533 200 0 200
! 6626 2123 200 0 200 Blocker
> 6203 3285 188 -333 -105 3
> 3035 7631 -15 -231 120 3
> 2508 8791 -278 297 -70 5
> 5444 4137 -91 -110 -63 3
! 11436 -96577 0
! -46964 94233 200
> 6203 3285 188 -333 -105 3
> 3035 7631 -15 -231 120 3
> 2508 8791 -278 297 -70 5
> 5444 4137 -91 -110 -63 3
! 4054 7858 200 18 200
! 7313 3028 200 18 200 Blocker
> 6391 2952 159 -283 -87 3
> 2920 7573 -97 -49 120 3
> 2353 8931 -131 118 -52 5
> 5494 3885 42 -213 -45 3
! 42227 -90406 200
! -17871 105387 0
> 6391 2952 159 -283 -87 3
> 2920 7573 -97 -49 120 3
> 2353 8931 -131 118 -52 5
> 5494 3885 42 -213 -45 3
! 3576 7315 200 0 200
! 7092 2116 200 0 200 Blocker
> 6622 2482 196 -399 -69 3
> 2823 7524 -82 -41 102 3
> 2343 8890 -8 -35 -53 5
> 5670 3524 149 -307 -48 3
! 42458 -90876 200
! 13275 106976 200
> 6622 2482 196 -399 -69 3
> 2823 7524 -82 -41 102 3
> 2343 8890 -8 -35 -53 5
> 5670 3524 149 -307 -48 3
! 3659 7098 200 0 200
! 7291 1582 200 0 200 Blocker
> 6890 1896 227 -497 -69 3
> 2762 7682 -51 134 84 3
> 2453 8694 93 -166 -54 5
> 5947 3063 235 -391 -50 3
! 69821 -75818 0
! 43435 99036 SHIELD
> 6890 1896 227 -497 -69 3
> 2762 7682 -51 134 84 3
> 2453 8694 93 -166 -54 5
> 5947 3063 235 -391 -50 3
! 4638 7848 200 18 200
! 7596 987 200 0 200 Blocker
> 7117 1399 192 -422 -51 3
> 2718 7778 -30 43 66 3
> 2639 8794 88 466 -36 5
> 6306 2515 305 -465 -52 3
! 90984 -53064 0
! 69631 82092 0
> 7117 1399 192 -422 -51 3
> 2718 7778 -30 43 66 3
> 2639 8794 88 466 -36 5
> 6306 2515 305 -465 -52 3
! 3407 7168 200 -18 200
! 7904 395 100 0 100 Blocker
> 7309 977 163 -358 -33 4
> 2688 7821 -25 36 48 3
> 2845 9099 175 259 -54 5
> 6671 1970 310 -463 -53 3
! 103901 -24905 200
! 89290 57820 0
> 7309 977 163 -358 -33 4
> 2688 7821 -25 36 48 3
> 2845 9099 175 259 -54 5
> 6671 1970 310 -463 -53 3
! 3020 7158 200 -18 200
! 8305 -250 200 0 200 Blocker
> 7665 567 302 -348 -15 4
> 2663 7857 -21 30 30 3
> 3083 9168 202 58 -72 5
> 7100 1346 364 -530 -54 3
! 107527 5800 200
! 100477 28648 0
> 7665 567 302 -348 -15 4
> 2663 7857 -21 30 30 3
> 3083 9168 202 58 -72 5
> 7100 1346 364 -530 -54 3
! 2605 7134 200 -18 200
! 9556 136 SHIELD 18 SHIELD
> 8167 229 426 -286 3 4
> 2642 7887 -17 25 12 3
> 3286 9026 172 -120 -90 5
> 7464 816 309 -450 -36 4
! 101525 36065 200
! 89244 57886 200
> 8167 229 426 -286 3 4
> 2642 7887 -17 25 12 3
> 3286 9026 172 -120 -90 5
> 7464 816 309 -450 -36 4
! 2165 7126 200 -18 200
! 9973 366 200 18 200 Blocker
> 8780 15 520 -182 21 4
> 2798 8012 132 106 30 3
> 3397 8715 94 -263 -108 5
> 7773 366 262 -382 -18 4
! 86494 62947 0
! 89400 58011 200
> 8780 15 520 -182 21 4
> 2798 8012 132 106 30 3
> 3397 8715 94 -263 -108 5
> 7773 366 262 -382 -18 4
! 4171 6360 200 18 200
! 10127 664 200 18 200 Blocker
> 9300 -167 442 -154 39 4
> 2751 7857 -111 -206 30 3
> 3844 8613 451 -12 -90 5
> 8035 -16 222 -324 0 4
! 63763 83700 200
! 89353 57856 0
> 9300 -167 442 -154 39 4
> 2751 7857 -111 -206 30 3
> 3844 8613 451 -12 -90 5
> 8035 -16 222 -324 0 4
! 3061 6902 100 -18 100
! 10037 953 200 18 200 Blocker
> 9851 -153 468 11 57 4
> 2640 7651 -94 -175 30 3
> 4265 8506 357 -91 -108 5
> 8257 -340 188 -275 18 4
! 35732 96439 200
! 89242 57650 0
> 9851 -153 468 11 57 4
> 2640 7651 -94 -175 30 3
> 4265 8506 357 -91 -108 5
> 8257 -340 188 -275 18 4
! 2923 7181 100 -18 100
! 9738 1165 200 18 200 Blocker
> 10371 51 441 173 75 4
> 2546 7476 -79 -148 30 3
> 4564 8334 253 -146 -126 5
> 8606 -496 296 -132 36 4
! 5137 99913 200
! 100360 28267 200
> 10371 51 441 173 75 4
> 2546 7476 -79 -148 30 3
> 4564 8334 253 -146 -126 5
> 8606 -496 296 -132 36 4
! 2725 7508 200 -18 200
! 9582 1464 200 18 200 Blocker
> 10802 424 365 316 93 4
> 2663 7370 99 -90 12 3
> 4656 8070 78 -224 -144 5
> 9019 -465 350 25 54 4
! -25034 93782 200
! 100477 28161 200
> 10802 424 365 316 93 4
> 2663 7370 99 -90 12 3
> 4656 8070 78 -224 -144 5
> 9019 -465 350 25 54 4
! 2534 7846 200 -18 200
! 9369 1760 200 18 200 Blocker
> 11095 927 249 427 111 4
> 2958 7322 250 -41 12 3
> 4544 7783 -95 -243 -162 5
> 9430 -249 349 183 72 4
! -51836 78641 200
! 100772 28113 200
> 11095 927 249 427 111 4
> 2958 7322 250 -41 12 3
> 4544 7783 -95 -243 -162 5
> 9430 -249 349 183 72 4
! 2357 8220 200 -18 200
! 9099 2026 200 18 200 Blocker
> 11218 1509 104 495 129 4
> 3404 7323 378 0 12 3
> 4249 7539 -250 -207 -180 5
> 9778 134 295 325 90 4
! -72649 55972 200
! 90006 57322 SHIELD
> 11218 1509 104 495 129 4
> 3404 7323 378 0 12 3
> 4249 7539 -250 -207 -180 5
> 9778 134 295 325 90 4
! 1899 7332 100 0 100
! 8780 2239 200 18 200 Blocker
> 11154 2113 -54 513 147 4
> 3661 7293 207 -28 30 3
> 5109 7628 839 102 -175 5
> 10010 649 197 437 108 4
! -72713 56576 200
! 101475 28084 0
> 11154 2113 -54 513 147 4
> 3661 7293 207 -28 30 3
> 5109 7628 839 102 -175 5
> 10010 649 197 437 108 4
! 3756 7538 200 0 200
! 9527 3178 200 0 200 Blocker
> 10932 2735 -188 528 147 4
> 3868 7265 175 -23 12 3
> 5748 7717 543 75 -176 5
> 10169 1282 135 538 101 4
! -85660 28616 200
! 101682 28056 0
> 10932 2735 -188 528 147 4
> 3868 7265 175 -23 12 3
> 5748 7717 543 75 -176 5
> 10169 1282 135 538 101 4
! 4096 7639 200 0 200
! 8695 3320 200 18 200 Blocker
> 10551 3315 -324 492 165 4
> 4043 7242 148 -19 12 3
> 6091 7783 291 55 -177 5
> 10208 1995 32 606 119 4
! -86041 29196 200
! 90645 57241 0
> 10551 3315 -324 492 165 4
> 4043 7242 148 -19 12 3
> 6091 7783 291 55 -177 5
> 10208 1995 32 606 119 4
! 4185 7723 200 0 200
! 8246 3531 200 18 200 Blocker
> 10034 3859 -439 462 165 4
> 4191 7223 125 -16 30 3
> 6182 7832 77 41 -178 5
> 10094 2738 -96 631 137 4
! -73833 58322 200
! 102005 28014 200
> 10034 3859 -439 462 165 4
> 4191 7223 125 -16 30 3
> 6182 7832 77 41 -178 5
> 10094 2738 -96 631 137 4
! 4060 7796 200 0 200
! 8389 4869 200 0 200 Blocker
> 9427 4430 -515 485 147 4
> 4512 7249 272 21 12 3
> 6059 7870 -104 31 -179 5
> 9873 3525 -187 669 129 4
! -87165 30311 200
! 91114 57248 200
> 9427 4430 -515 485 147 4
> 4512 7249 272 21 12 3
> 6059 7870 -104 31 -179 5
> 9873 3525 -187 669 129 4
! 4198 6577 200 18 200
! 7561 4763 200 18 200 Blocker
> 8719 4967 -601 456 165 4
> 4957 7370 378 102 30 3
> 5766 7836 -249 -28 -161 5
> 9519 4304 -300 662 147 4
! -87873 30848 200
! 71870 81684 SHIELD
> 8719 4967 -601 456 165 4
> 4957 7370 378 102 30 3
> 5766 7836 -249 -28 -161 5
> 9519 4304 -300 662 147 4
! 3437 7092 200 0 200
! 7022 4851 200 18 200 Blocker
> 7925 5475 -675 431 165 5
> 5235 7407 218 20 48 3
> 6331 8396 652 587 -162 5
> 9026 5019 -418 607 165 4
! -88667 31356 200
! 45908 98761 0
> 7925 5475 -675 431 165 5
> 5235 7407 218 20 48 3
> 6331 8396 652 587 -162 5
> 9026 5019 -418 607 165 4
! 4891 8303 200 0 200
! 6554 4838 200 18 200 Blocker
> 7057 5958 -737 410 165 5
> 5453 7427 185 17 66 3
> 6783 8970 384 487 -176 5
> 8408 5617 -525 508 183 4
! -89535 31839 200
! 15905 106879 0
> 7057 5958 -737 410 165 5
> 5453 7427 185 17 66 3
> 6783 8970 384 487 -176 5
> 8408 5617 -525 508 183 4
! 5482 8043 200 18 200
! 5686 6010 200 0 200 Blocker
> 6127 6420 -790 392 165 5
> 5638 7444 157 14 84 3
> 6981 9383 168 351 -158 5
> 7685 6154 -614 456 172 5
! -77740 60883 200
! 46311 98798 SHIELD
> 6127 6420 -790 392 165 5
> 5638 7444 157 14 84 3
> 6981 9383 168 351 -158 5
> 7685 6154 -614 456 172 5
! 5983 7868 200 18 200
! 4892 6916 200 0 200 Blocker
> 5156 6478 -835 -272 147 5
> 5796 7502 135 81 66 3
> 6995 9606 11 189 -140 5
> 6878 6663 -685 432 165 5
! -57776 84192 0
! 72709 81816 SHIELD
> 5156 6478 -835 -272 147 5
> 5796 7502 135 81 66 3
> 6995 9606 11 189 -140 5
> 6878 6663 -685 432 165 5
! 5321 8381 200 0 200
! 4139 6307 200 18 200 Blocker
> 4321 6206 -709 -231 129 5
> 5891 7636 32 178 48 3
> 6845 9677 -127 60 -144 5
> 6394 6555 74 -734 183 5
! -31515 99564 0
! 46564 98990 0
> 4321 6206 -709 -231 129 5
> 5891 7636 32 178 48 3
> 6845 9677 -127 60 -144 5
> 6394 6555 74 -734 183 5
! 4938 8444 200 0 200
! 4623 7019 200 -18 200 Blocker
> 3612 5975 -602 -196 111 5
> 5923 7814 27 151 66 3
> 6550 9628 -250 -41 -147 5
> 6275 5872 -101 -580 165 5
! -1621 105837 200
! 46596 99168 0
> 3612 5975 -602 -196 111 5
> 5923 7814 27 151 66 3
> 6550 9628 -250 -41 -147 5
> 6275 5872 -101 -580 165 5
! 4455 8389 200 0 200
! 4789 7002 200 -18 200 Blocker
> 3000 5979 -520 3 93 5
> 5950 7965 22 128 66 3
> 6128 9485 -358 -121 -149 5
> 6006 5400 -228 -401 147 5
! 28881 102571 0
! 72863 82279 0
> 3000 5979 -520 3 93 5
> 5950 7965 22 128 66 3
> 6128 9485 -358 -121 -149 5
> 6006 5400 -228 -401 147 5
! 4910 7339 200 18 200
! 4990 7053 200 -18 200 Blocker
> 2480 5982 -442 2 75 5
> 5972 8093 18 108 48 3
> 5638 9214 -416 -230 -131 5
> 5651 5154 -301 -209 129 5
! 56943 89849 BOOST
! 92574 58092 0
> 2480 5982 -442 2 75 5
> 5972 8093 18 108 48 3
> 5638 9214 -416 -230 -131 5
> 5651 5154 -301 -209 129 5
! 3779 7324 200 0 200
! 3965 6655 200 0 200 Blocker
> 2392 6529 -74 465 57 5
> 5990 8201 15 91 30 3
> 5082 8841 -472 -316 -135 5
> 5201 5078 -382 -64 138 5
! 80106 69461 200
! 103804 28992 0
> 2392 6529 -74 465 57 5
> 5990 8201 15 91 30 3
> 5082 8841 -472 -316 -135 5
> 5201 5078 -382 -64 138 5
! 4297 6550 0 18 0
! 4362 7166 200 -18 200 Blocker
> 2473 7120 69 502 39 5
> 6005 8292 12 77 12 3
> 4610 8525 -401 -268 -117 5
> 4718 5187 -410 92 120 5
! 95831 42956 200
! 105457 -2160 0
> 2473 7120 69 502 39 5
> 6005 8292 12 77 12 3
> 4610 8525 -401 -268 -117 5
> 4718 5187 -410 92 120 5
! 4522 6282 0 18 0
! 4538 7467 200 -18 200 Blocker
> 2729 7694 217 487 21 0
> 6017 8369 10 65 -6 3
> 4209 8257 -340 -227 -99 5
> 4265 5474 -384 244 102 5
! 102591 12927 0
! 97371 -32304 0
> 2729 7694 217 487 21 0
> 6017 8369 10 65 -6 3
> 4209 8257 -340 -227 -99 5
> 4265 5474 -384 244 102 5
! 4822 6159 100 18 100
! 4776 7728 200 -18 200 Blocker
> 2946 8181 184 413 3 0
> 6027 8434 8 55 -24 3
> 3885 7931 -275 -276 -81 5
> 3901 5917 -309 376 84 5
! 99538 -17700 200
! 80341 -58479 0
> 2946 8181 184 413 3 0
> 6027 8434 8 55 -24 3
> 3885 7931 -275 -276 -81 5
> 3901 5917 -309 376 84 5
! 5166 6099 200 18 200
! 5064 7928 200 -18 200 Blocker
> 3323 8542 320 307 -15 0
> 6035 8489 6 46 -42 3
> 3702 7478 -155 -385 -63 0
> 3672 6476 -194 475 66 5
! 87189 -45922 200
! 56034 -78113 200
> 3323 8542 320 307 -15 0
> 6035 8489 6 46 -42 3
> 3702 7478 -155 -385 -63 0
> 3672 6476 -194 475 66 5
! 5507 6094 200 18 200
! 5383 8051 200 -18 200 Blocker
> 3811 8740 414 168 -33 0
> 6141 8362 90 -108 -60 3
> 3735 7895 36 526 -45 0
> 3565 6158 -98 -442 48 5
! 87677 -45724 200
! 26932 -89452 0
> 3811 8740 414 168 -33 0
> 6141 8362 90 -108 -60 3
> 3735 7895 36 526 -45 0
> 3565 6158 -98 -442 48 5
! 5327 6865 SHIELD 0 SHIELD
! 4939 7351 200 0 200 Blocker
> 4496 9365 594 599 -33 0
> 6231 8254 76 -91 -78 3
> 3761 8364 20 392 -33 0
> 3618 5847 45 -264 41 5
! 67427 -68349 200
! -4221 -91198 0
> 4496 9365 594 599 -33 0
> 6231 8254 76 -91 -78 3
> 3761 8364 20 392 -33 0
> 3618 5847 45 -264 41 5
! 5626 7558 200 0 200
! 4158 7727 200 18 200 Blocker
> 5216 9809 611 377 -51 0
> 6307 8163 64 -77 -96 3
> 3781 8756 17 333 -23 0
> 3766 5754 125 -78 59 5
! 41052 -83549 200
! -4145 -91289 200
> 5216 9809 611 377 -51 0
> 6307 8163 64 -77 -96 3
> 3781 8756 17 333 -23 0
> 3766 5754 125 -78 59 5
! 4931 7203 200 -18 200
! 5916 6536 200 -18 200 Blocker
> 5899 9999 580 161 -69 0
> 6350 7887 36 -234 -96 3
> 3798 9089 14 283 -41 0
> 4042 5807 234 45 41 5
! 11132 -89863 200
! 27141 -89927 200
> 5899 9999 580 161 -69 0
> 6350 7887 36 -234 -96 3
> 3798 9089 14 283 -41 0
> 4042 5807 234 45 41 5
! 5472 7929 200 0 200
! 5936 7295 200 0 200 Blocker
> 6489 9960 501 -32 -87 0
> 6428 7457 65 -365 -78 3
> 3812 9372 11 240 -35 0
> 4433 5976 332 143 38 5
! 11722 -89902 200
! 56427 -79145 0
> 6489 9960 501 -32 -87 0
> 6428 7457 65 -365 -78 3
> 3812 9372 11 240 -35 0
> 4433 5976 332 143 38 5
! 5625 8350 200 0 200
! 6964 6196 200 -18 200 Blocker
> 7000 9728 434 -196 -87 0
> 6493 7092 55 -310 -60 3
> 3997 9514 157 120 -29 0
> 4953 6188 441 180 20 5
! 12233 -90134 200
! 80807 -59821 0
> 7000 9728 434 -196 -87 0
> 6493 7092 55 -310 -60 3
> 3997 9514 157 120 -29 0
> 4953 6188 441 180 20 5
! 5084 7640 200 -18 200
! 7461 7120 200 0 200 Blocker
> 7444 9332 377 -336 -87 0
> 6548 6782 46 -263 -42 3
> 4289 9487 248 -23 -47 0
> 5581 6438 534 212 20 5
! 12677 -90530 200
! 56547 -79820 SHIELD
> 7444 9332 377 -336 -87 0
> 6548 6782 46 -263 -42 3
> 4289 9487 248 -23 -47 0
> 5581 6438 534 212 20 5
! 6037 7855 200 0 200
! 8230 6044 200 -18 200 Blocker
> 7831 8796 329 -455 -87 0
> 6693 6546 156 -191 -60 3
> 4683 9328 335 -135 -43 0
> 5320 6391 -554 -129 2 5
! 13064 -91066 200
! 27484 -91268 0
> 7831 8796 329 -455 -87 0
> 6693 6546 156 -191 -60 3
> 4683 9328 335 -135 -43 0
> 5320 6391 -554 -129 2 5
! 6627 7693 200 0 200
! 6590 5032 200 -18 200 Blocker
> 8170 8141 288 -556 -87 0
> 6849 6355 132 -162 -78 3
> 5171 9064 414 -224 -40 0
> 4959 6208 -307 -155 -16 5
! 13403 -91721 200
! -3603 -93097 200
> 8170 8141 288 -556 -87 0
> 6849 6355 132 -162 -78 3
> 5171 9064 414 -224 -40 0
> 4959 6208 -307 -155 -16 5
! 6117 6705 200 -18 200
! 6719 6805 200 18 200 Blocker
> 8468 7385 253 -642 -87 0
> 6981 6193 112 -137 -96 3
> 5691 8670 441 -334 -58 0
> 4852 6061 -91 -124 2 5
! 44304 -85973 200
! -33692 -85161 200
> 8468 7385 253 -642 -87 0
> 6981 6193 112 -137 -96 3
> 5691 8670 441 -334 -58 0
> 4852 6061 -91 -124 2 5
! 8172 7512 200 18 200
! 6585 4707 200 -18 200 Blocker
> 8793 6556 275 -704 -69 0
> 7093 6056 95 -116 -114 3
> 6285 8207 504 -393 -40 0
> 4954 5883 86 -151 -16 5
! 44629 -86802 200
! -3359 -93396 0
> 8793 6556 275 -704 -69 0
> 7093 6056 95 -116 -114 3
> 6285 8207 504 -393 -40 0
> 4954 5883 86 -151 -16 5
! 7321 5679 200 -18 200
! 7155 5126 200 0 200 Blocker
> 9140 5665 294 -757 -69 0
> 7188 5940 80 -98 -96 3
> 6895 7644 518 -478 -58 0
> 5229 5667 233 -183 -19 5
! 72071 -72049 0
! 27979 -91874 0
> 9140 5665 294 -757 -69 0
> 7188 5940 80 -98 -96 3
> 6895 7644 518 -478 -58 0
> 5229 5667 233 -183 -19 5
! 8579 5300 200 0 200
! 7542 4768 200 0 200 Blocker
> 9434 4908 249 -643 -51 1
> 7268 5842 68 -83 -78 3
> 7530 7004 539 -544 -54 0
> 5648 5412 356 -217 -21 5
! 93301 -49555 0
! 57267 -80760 0
> 9434 4908 249 -643 -51 1
> 7268 5842 68 -83 -78 3
> 7530 7004 539 -544 -54 0
> 5648 5412 356 -217 -21 5
! 10161 5780 200 18 200
! 8058 4407 200 0 200 Blocker
> 9683 4265 211 -546 -33 1
> 7336 5759 57 -70 -60 3
> 8230 6342 595 -563 -36 0
> 6189 5118 459 -249 -23 5
! 106275 -21617 0
! 57335 -80843 200
> 9683 4265 211 -546 -33 1
> 7336 5759 57 -70 -60 3
> 8230 6342 595 -563 -36 0
> 6189 5118 459 -249 -23 5
! 9474 3782 100 -18 100
! 8673 4009 200 0 200 Blocker
> 9894 3719 179 -464 -15 1
> 7493 5516 133 -206 -60 3
> 8883 5698 555 -547 -54 0
> 6831 4787 545 -280 -24 5
! 109756 8952 200
! 81807 -61397 200
> 9894 3719 179 -464 -15 1
> 7493 5516 133 -206 -60 3
> 8883 5698 555 -547 -54 0
> 6831 4787 545 -280 -24 5
! 11340 4533 0 18 0
! 9386 3612 200 0 200 Blocker
> 10273 3265 321 -385 3 1
> 7784 5201 294 -140 -42 3
> 9438 5151 471 -464 -36 0
> 7548 4399 562 -457 -25 5
! 103631 39101 200
! 99138 -35472 200
> 10273 3265 321 -385 3 1
> 7784 5201 294 -140 -42 3
> 9438 5151 471 -464 -36 0
> 7548 4399 562 -457 -25 5
! 12009 4687 100 18 100
! 10270 4362 200 18 200 Blocker
> 10781 2952 431 -266 21 1
> 8261 4980 405 -188 -24 3
> 10004 4656 481 -421 -18 1
> 8309 3919 646 -408 -7 5
! 88495 65884 200
! 107713 -5472 200
> 10781 2952 431 -266 21 1
> 8261 4980 405 -188 -24 3
> 10004 4656 481 -421 -18 1
> 8309 3919 646 -408 -7 5
! 12482 4884 100 18 100
! 10879 4578 200 18 200 Blocker
> 11367 2812 498 -119 39 1
> 8865 4771 513 -177 -6 3
> 10585 4234 493 -358 0 1
> 9151 3550 715 -313 11 5
! 65830 86679 0
! 106679 25562 200
> 11367 2812 498 -119 39 1
> 8865 4771 513 -177 -6 3
> 10585 4234 493 -358 0 1
> 9151 3550 715 -313 11 5
! 12858 5169 200 18 200
! 11366 4846 200 18 200 Blocker
> 11865 2693 423 -101 57 1
> 9574 4636 602 -115 12 3
> 11269 3937 581 -252 18 1
> 10040 3335 755 -182 29 5
! 66328 86560 0
! 96176 54635 200
> 11865 2693 423 -101 57 1
> 9574 4636 602 -115 12 3
> 11269 3937 581 -252 18 1
> 10040 3335 755 -182 29 5
! 13143 5465 200 18 200
! 12719 4220 200 0 200 Blocker
> 12288 2592 359 -85 57 1
> 10349 4621 658 -12 30 3
> 12012 3802 631 -115 36 1
> 10985 3216 803 -101 18 5
! 38169 99184 0
! 96951 54620 0
> 12288 2592 359 -85 57 1
> 10349 4621 658 -12 30 3
> 12012 3802 631 -115 36 1
> 10985 3216 803 -101 18 5
! 13323 5779 200 18 200
! 13880 2435 200 -18 200 Blocker
> 12647 2507 305 -72 75 1
> 11007 4609 559 -10 30 3
> 12761 3848 637 39 54 1
> 11988 3116 852 -85 0 5
! 7413 102369 0
! 77920 78923 200
> 12647 2507 305 -72 75 1
> 11007 4609 559 -10 30 3
> 12761 3848 637 39 54 1
> 11988 3116 852 -85 0 5
! 13398 6087 200 18 200
! 14458 4207 SHIELD 18 SHIELD
> 13279 2056 629 -490 93 1
> 11700 4748 588 117 48 3
> 13461 4077 594 194 72 1
> 12807 3069 687 -29 18 5
! -22557 95414 200
! 98302 54747 200
> 13279 2056 629 -490 93 1
> 11700 4748 588 117 48 3
> 13461 4077 594 194 72 1
> 12807 3069 687 -29 18 5
! 13375 6363 200 18 200
! 15396 2422 0 -18 0 Blocker
> 13836 1753 473 -257 111 1
> 12461 4965 647 184 30 3
> 14056 4471 505 334 90 1
> 13494 3040 583 -24 0 5
! -22000 95111 200
! 110275 25756 200
> 13836 1753 473 -257 111 1
> 12461 4965 647 184 30 3
> 14056 4471 505 334 90 1
> 13494 3040 583 -24 0 5
! 13268 6585 200 18 200
! 15695 1840 0 -18 0 Blocker
> 14237 1683 341 -59 111 1
> 13304 5191 716 191 12 3
> 14500 4996 377 445 108 1
> 14077 3016 495 -20 -18 5
! -48694 79397 200
! 99906 55190 200
> 14237 1683 341 -59 111 1
> 13304 5191 716 191 12 3
> 14500 4996 377 445 108 1
> 14077 3016 495 -20 -18 5
! 13097 6734 200 18 200
! 15748 1378 0 -18 0 Blocker
> 14452 1779 182 81 129 1
> 13961 5481 222 244 30 3
> 14993 5605 754 519 126 1
> 14572 2996 420 -17 -36 5
! -21384 95137 200
! 80874 79795 0
> 14452 1779 182 81 129 1
> 13961 5481 222 244 30 3
> 14993 5605 754 519 126 1
> 14572 2996 420 -17 -36 5
! 13655 6804 200 18 200
! 16992 2979 0 18 0 Blocker
> 14562 2047 93 227 111 1
> 14183 5725 188 207 48 3
> 15598 6257 514 554 138 1
> 14992 2979 357 -14 -18 5
! 9328 101909 200
! 54856 97079 0
> 14562 2047 93 227 111 1
> 14183 5725 188 207 48 3
> 15598 6257 514 554 138 1
> 14992 2979 357 -14 -18 5
! 13924 7041 200 18 200
! 17251 3583 0 18 0 Blocker
> 14645 2474 70 362 93 1
> 14371 5932 159 175 66 3
> 15931 6896 282 543 155 1
> 15349 2965 303 -11 0 5
! 9411 102336 200
! 24823 105384 200
> 14645 2474 70 362 93 1
> 14371 5932 159 175 66 3
> 15931 6896 282 543 155 1
> 15349 2965 303 -11 0 5
! 14053 7019 200 18 200
! 17270 4130 0 18 0 Blocker
> 14705 3036 50 477 93 1
> 14551 6306 152 317 84 3
> 16015 7464 71 482 173 1
> 15652 2954 257 -9 18 5
! 9471 102898 200
! 25003 105758 200
> 14705 3036 50 477 93 1
> 14551 6306 152 317 84 3
> 16015 7464 71 482 173 1
> 15652 2954 257 -9 18 5
! 14162 6879 200 18 200
! 17085 4563 0 18 0 Blocker
> 14745 3713 33 575 93 1
> 14724 6822 146 438 84 3
> 15890 7908 -106 377 191 1
> 15909 2945 218 -7 36 5
! 9511 103575 200
! 25176 106274 0
> 14745 3713 33 575 93 1
> 14724 6822 146 438 84 3
> 15890 7908 -106 377 191 1
> 15909 2945 218 -7 36 5
! 14284 6676 200 18 200
! 16807 5030 200 18 200 Blocker
> 14768 4488 19 658 93 1
> 14870 7260 124 372 84 3
> 15609 8188 -238 238 209 1
> 16244 3100 284 132 54 5
! -21068 97846 200
! 55543 98614 200
> 14768 4488 19 658 93 1
> 14870 7260 124 372 84 3
> 15609 8188 -238 238 209 1
> 16244 3100 284 132 54 5
! 14526 6613 0 18 0
! 16528 5432 200 18 200 Blocker
> 14715 5333 -44 718 111 1
> 15013 7709 -39 106 66 3
> 15433 8532 12 567 227 1
> 16589 3423 293 274 72 5
! -48216 83047 0
! 55686 99063 200
> 14715 5333 -44 718 111 1
> 15013 7709 -39 106 66 3
> 15433 8532 12 567 227 1
> 16589 3423 293 274 72 5
! 15177 6915 200 18 200
! 16202 5789 200 18 200 Blocker
> 14671 6051 -37 610 129 1
> 15055 7998 35 245 66 3
> 15360 8918 -61 327 245 1
> 16881 3897 248 402 90 5
! -69196 60514 200
! 25507 107450 200
> 14671 6051 -37 610 129 1
> 15055 7998 35 245 66 3
> 15360 8918 -61 327 245 1
> 16881 3897 248 402 90 5
! 15719 7085 200 18 200
! 15836 6079 200 18 200 Blocker
> 14466 6770 -174 611 147 1
> 15060 8276 -38 98 84 3
> 15325 9213 12 387 263 1
> 17066 4489 157 503 108 5
! -82126 32651 200
! 55733 99630 200
> 14466 6770 -174 611 147 1
> 15060 8276 -38 98 84 3
> 15325 9213 12 387 263 1
> 17066 4489 157 503 108 5
! 15069 7416 200 0 200
! 15443 6285 200 18 200 Blocker
> 14099 7433 -312 563 165 2
> 15103 8557 36 238 66 3
> 15309 9402 -13 160 -98 1
> 17105 5153 32 564 126 5
! -85763 2199 200
! 55776 99911 200
> 14099 7433 -312 563 165 2
> 15103 8557 36 238 66 3
> 15309 9402 -13 160 -98 1
> 17105 5153 32 564 126 5
! 13768 7979 200 -18 200
! 15045 6397 200 18 200 Blocker
> 13587 7986 -434 469 183 2
> 15132 8580 11 -38 66 3
> 15297 9780 2 379 -116 1
> 16975 5834 -110 578 144 5
! -79771 -27850 200
! 25584 108032 200
> 13587 7986 -434 469 183 2
> 15132 8580 11 -38 66 3
> 15297 9780 2 379 -116 1
> 16975 5834 -110 578 144 5
! 15681 7992 200 18 200
! 14665 6412 200 18 200 Blocker
> 12966 8383 -527 337 -159 2
> 15164 8741 27 136 84 3
> 15271 9961 -22 153 -98 1
> 16674 6473 -255 543 162 5
! -64748 -54548 200
! 25616 108193 200
> 12966 8383 -527 337 -159 2
> 15164 8741 27 136 84 3
> 15271 9961 -22 153 -98 1
> 16674 6473 -255 543 162 5
! 14943 7935 200 0 200
! 14327 6336 200 18 200 Blocker
> 12284 8594 -580 179 -141 2
> 15212 9076 40 284 84 3
> 15217 9917 -45 -37 -99 1
> 16219 7015 -386 460 180 5
! -42179 -75273 200
! -5579 106890 0
> 12284 8594 -580 179 -141 2
> 15212 9076 40 284 84 3
> 15217 9917 -45 -37 -99 1
> 16219 7015 -386 460 180 5
! 14828 7707 200 0 200
! 14053 6182 200 18 200 Blocker
> 11595 8605 -585 9 -123 2
> 15255 8884 36 -198 102 3
> 15135 10159 -70 240 -100 1
> 15643 7412 -489 337 198 5
! -42868 -75262 200
! -34744 95486 0
> 11595 8605 -585 9 -123 2
> 15255 8884 36 -198 102 3
> 15135 10159 -70 240 -100 1
> 15643 7412 -489 337 198 5
! 14683 8232 200 0 200
! 13062 7069 200 0 200 Blocker
> 10901 8446 -589 -134 -123 2
> 15291 8686 30 -168 120 3
> 15019 10204 -98 38 -103 1
> 14956 7723 -584 264 -172 5
! -43562 -75421 200
! -34708 95288 200
> 10901 8446 -589 -134 -123 2
> 15291 8686 30 -168 120 3
> 15019 10204 -98 38 -103 1
> 14956 7723 -584 264 -172 5
! 14426 8098 200 0 200
! 12789 6459 200 18 200 Blocker
> 10203 8144 -593 -256 -123 2
> 15221 8691 -59 4 120 3
> 14867 10049 -129 -131 -106 1
> 14192 7901 -649 151 -154 5
! -44260 -75723 200
! -34778 95293 200
> 10203 8144 -593 -256 -123 2
> 15221 8691 -59 4 120 3
> 14867 10049 -129 -131 -106 1
> 14192 7901 -649 151 -154 5
! 15490 7851 200 18 200
! 11566 7088 200 0 200 Blocker
> 9501 7720 -596 -360 -123 2
> 15062 8868 -135 150 120 3
> 14746 9718 -102 -281 -88 1
> 13352 7993 -714 78 -163 5
! -44962 -76147 200
! -59252 75781 SHIELD
> 9501 7720 -596 -360 -123 2
> 15062 8868 -135 150 120 3
> 14746 9718 -102 -281 -88 1
> 13352 7993 -714 78 -163 5
! 13414 7613 200 -18 200
! 11314 6314 200 18 200 Blocker
> 8796 7192 -599 -448 -123 2
> 14960 8942 -79 47 138 3
> 14257 10007 -480 394 -106 1
> 12475 7956 -745 -31 -145 5
! -17086 -89400 200
! -76394 49615 0
> 8796 7192 -599 -448 -123 2
> 14960 8942 -79 47 138 3
> 14257 10007 -480 394 -106 1
> 12475 7956 -745 -31 -145 5
! 14529 8334 200 18 200
! 11014 5845 200 18 200 Blocker
> 8145 6551 -553 -545 -105 2
> 14881 8989 -67 39 156 3
> 13785 10201 -401 165 -88 1
> 11610 7765 -735 -162 -127 5
! 13378 -93311 200
! -84571 19441 0
> 8145 6551 -553 -545 -105 2
> 14881 8989 -67 39 156 3
> 13785 10201 -401 165 -88 1
> 11610 7765 -735 -162 -127 5
! 14738 8632 200 18 200
! 9551 5846 200 0 200 Blocker
> 7602 5806 -461 -633 -87 2
> 14814 9028 -56 33 174 3
> 13453 10178 -281 -19 -70 1
> 10729 7467 -749 -253 -137 5
! 43438 -87552 0
! -76540 49701 200
> 7602 5806 -461 -633 -87 2
> 14814 9028 -56 33 174 3
> 13453 10178 -281 -19 -70 1
> 10729 7467 -749 -253 -137 5
! 14996 8929 200 18 200
! 9560 5054 200 18 200 Blocker
> 7141 5173 -391 -538 -69 2
> 14758 9061 -47 28 156 3
> 13296 10002 -133 -149 -52 1
> 9883 7039 -719 -363 -119 5
! 70072 -72541 200
! -84694 19513 200
> 7141 5173 -391 -538 -69 2
> 14758 9061 -47 28 156 3
> 13296 10002 -133 -149 -52 1
> 9883 7039 -719 -363 -119 5
! 14517 8119 200 0 200
! 9432 4492 200 18 200 Blocker
> 6876 4480 -225 -589 -51 3
> 14512 9110 -209 41 174 3
> 13272 9685 -20 -269 -57 1
> 9126 6480 -643 -475 -101 5
! 90743 -49983 200
! -83302 -11681 200
> 6876 4480 -225 -589 -51 3
> 14512 9110 -209 41 174 3
> 13272 9685 -20 -269 -57 1
> 9126 6480 -643 -475 -101 5
! 15306 8628 200 18 200
! 9413 4011 200 18 200 Blocker
> 6819 3782 -48 -593 -33 3
> 14182 9087 169 -153 -168 3
> 13333 9312 -398 -182 -39 1
> 8506 5806 -526 -572 -83 5
! 90685 -50682 200
! -83632 -11704 0
> 6819 3782 -48 -593 -33 3
> 14182 9087 169 -153 -168 3
> 13333 9312 -398 -182 -39 1
> 8506 5806 -526 -572 -83 5
! 15132 9015 200 18 200
! 8248 3050 200 0 200 Blocker
> 6939 3080 101 -596 -33 3
> 14351 8934 143 -130 -168 3
> 13122 9058 -179 -215 -21 1
> 7961 5035 -462 -655 -95 5
! 103531 -22802 200
! -83463 -11857 200
> 6939 3080 101 -596 -33 3
> 14351 8934 143 -130 -168 3
> 13122 9058 -179 -215 -21 1
> 7961 5035 -462 -655 -95 5
! 15068 9412 200 18 200
! 8632 2494 200 18 200 Blocker
> 7233 2432 250 -550 -15 3
> 14298 8762 -44 -145 -168 3
> 13143 8832 17 -191 -3 1
> 7543 4185 -355 -722 -77 5
! 107095 7665 0
! -83516 -12029 200
> 7233 2432 250 -550 -15 3
> 14298 8762 -44 -145 -168 3
> 13143 8832 17 -191 -3 1
> 7543 4185 -355 -722 -77 5
! 14870 7256 200 -18 200
! 8848 2020 200 18 200 Blocker
> 7483 1882 212 -467 3 3
> 14147 8574 173 -162 -168 3
> 13258 8570 -204 -219 -21 1
> 7290 3291 -215 -759 -59 5
! 100841 37718 0
! -83667 -12217 200
> 7483 1882 212 -467 3 3
> 14147 8574 173 -162 -168 3
> 13258 8570 -204 -219 -21 1
> 7290 3291 -215 -759 -59 5
! 15179 8920 200 18 200
! 9100 1672 200 18 200 Blocker
> 7695 1415 180 -396 21 4
> 14124 8370 -19 -173 -168 3
> 13254 8340 -3 -195 -3 1
> 7224 2399 -56 -758 -42 5
! 85409 64347 200
! -83690 -12421 200
> 7695 1415 180 -396 21 4
> 14124 8370 -19 -173 -168 3
> 13254 8340 -3 -195 -3 1
> 7224 2399 -56 -758 -42 5
! 14961 6760 200 -18 200
! 9157 1432 0 18 0 Blocker
> 8030 1145 285 -229 39 4
> 14234 8171 153 -165 -168 3
> 13113 8057 -179 -243 -21 1
> 7168 1641 -47 -644 -27 5
! 62493 85012 0
! -83580 -12620 0
> 8030 1145 285 -229 39 4
> 14234 8171 153 -165 -168 3
> 13113 8057 -179 -243 -21 1
> 7168 1641 -47 -644 -27 5
! 15059 8383 200 18 200
! 9294 1341 200 18 200 Blocker
> 8315 916 242 -194 57 4
> 14387 8006 130 -140 -168 3
> 13134 7803 17 -215 -3 1
> 7319 967 128 -572 -9 5
! 34196 97508 200
! -83427 -12785 200
> 8315 916 242 -194 57 4
> 14387 8006 130 -140 -168 3
> 13134 7803 17 -215 -3 1
> 7319 967 128 -572 -9 5
! 14996 8786 200 18 200
! 9407 1394 200 18 200 Blocker
> 8609 915 249 0 75 4
> 14321 7824 -55 -154 -168 3
> 13344 7640 178 -138 15 1
> 7644 428 276 -458 9 5
! 3375 100777 200
! -83493 -12967 200
> 8609 915 249 0 75 4
> 14321 7824 -55 -154 -168 3
> 13344 7640 178 -138 15 1
> 7644 428 276 -458 9 5
! 14844 9134 100 18 100
! 9476 1526 200 18 200 Blocker
> 8848 1115 202 169 93 4
> 14395 7687 225 -86 -168 3
> 13281 7498 -215 -150 33 1
> 8098 62 385 -311 27 5
! -26988 94473 200
! -85057 18139 200
> 8848 1115 202 169 93 4
> 14395 7687 225 -86 -168 3
> 13281 7498 -215 -150 33 1
> 8098 62 385 -311 27 5
! 14911 8546 200 0 200
! 9482 1711 200 18 200 Blocker
> 8978 1471 110 302 111 4
> 14421 7622 22 -55 174 3
> 13234 7456 -39 -35 33 1
> 8623 -107 446 -143 45 5
! -26858 94829 200
! -85031 18074 200
> 8978 1471 110 302 111 4
> 14421 7622 22 -55 174 3
> 13234 7456 -39 -35 33 1
> 8623 -107 446 -143 45 5
! 15392 7306 200 -18 200
! 9413 1923 200 18 200 Blocker
> 9016 1960 32 415 111 4
> 14244 7588 -150 -28 174 3
> 13388 7472 131 13 15 1
> 9158 -71 455 30 63 5
! -53915 79674 200
! -83570 -13203 200
> 9016 1960 32 415 111 4
> 14244 7588 -150 -28 174 3
> 13388 7472 131 13 15 1
> 9158 -71 455 30 63 5
! 15547 8029 100 0 100
! 9269 2132 200 18 200 Blocker
> 8922 2530 -79 484 129 4
> 14413 7586 197 5 -168 3
> 13101 7442 -297 -32 14 1
> 9643 157 412 193 81 5
! -54009 80244 200
! -85039 18038 200
> 8922 2530 -79 484 129 4
> 14413 7586 197 5 -168 3
> 13101 7442 -297 -32 14 1
> 9643 157 412 193 81 5
! 14939 7942 200 0 200
! 9056 2310 200 18 200 Blocker
> 8717 3169 -174 543 129 4
> 14411 7612 -1 22 174 3
> 12997 7462 -88 17 15 1
> 10022 547 322 331 99 5
! -54214 80883 200
! -83403 -13179 200
> 8717 3169 -174 543 129 4
> 14411 7612 -1 22 174 3
> 12997 7462 -88 17 15 1
> 10022 547 322 331 99 5
! 15034 8048 200 0 200
! 8788 2434 200 18 200 Blocker
> 8417 3867 -254 593 129 4
> 14214 7592 -167 -16 -168 3
> 13101 7534 88 61 16 1
> 10252 1056 195 432 117 5
! -54514 81581 200
! -85238 18044 200
> 8417 3867 -254 593 129 4
> 14214 7592 -167 -16 -168 3
> 13101 7534 88 61 16 1
> 10252 1056 195 432 117 5
! 15208 8174 100 0 100
! 8487 2487 200 18 200 Blocker
> 8037 4615 -322 636 129 4
> 14085 7600 156 9 174 3
> 13048 7621 -311 71 17 1
> 10305 1628 44 486 135 5
! -75830 59078 200
! -77269 48273 0
> 8037 4615 -322 636 129 4
> 14085 7600 156 9 174 3
> 13048 7621 -311 71 17 1
> 10305 1628 44 486 135 5
! 14817 6976 200 -18 200
! 8793 3670 200 0 200 Blocker
> 7547 5360 -416 633 147 4
> 14241 7609 132 7 156 3
> 12937 7688 -94 57 -1 1
> 10230 2275 -63 549 127 5
! -89045 31241 200
! -85211 18061 200
> 7547 5360 -416 633 147 4
> 14241 7609 132 7 156 3
> 12937 7688 -94 57 -1 1
> 10230 2275 -63 549 127 5
! 14645 9007 200 18 200
! 8063 3467 200 18 200 Blocker
> 6938 6045 -517 582 165 5
> 14174 7637 -56 23 174 3
> 13034 7803 82 97 17 1
> 10004 2940 -191 565 145 5
! -92924 811 200
! -77180 48310 200
> 6938 6045 -517 582 165 5
> 14174 7637 -56 23 174 3
> 13034 7803 82 97 17 1
> 10004 2940 -191 565 145 5
! 15196 7184 200 -18 200
! 7613 3467 200 18 200 Blocker
> 6221 6617 -609 485 183 5
> 14094 7709 224 2 156 3
> 13157 7928 -187 165 -1 1
> 9622 3565 -324 531 163 5
! -87137 -29219 200
! -77260 48382 200
> 6221 6617 -609 485 183 5
> 14094 7709 224 2 156 3
> 13157 7928 -187 165 -1 1
> 9622 3565 -324 531 163 5
! 15170 8055 200 0 200
! 7194 4739 200 0 200 Blocker
> 5425 7030 -676 351 -159 5
> 14135 7792 35 70 156 3
> 13170 8106 10 150 4 1
> 9118 4183 -428 525 154 5
! -94437 1796 200
! -77219 48465 200
> 5425 7030 -676 351 -159 5
> 14135 7792 35 70 156 3
> 13170 8106 10 150 4 1
> 9118 4183 -428 525 154 5
! 15046 7090 200 -18 200
! 6713 5672 200 0 200 Blocker
> 4549 7371 -744 289 -177 5
> 14112 7896 150 24 156 3
> 13249 8253 -102 189 -14 1
> 8520 4813 -508 535 148 5
! -88809 -28465 200
! -77242 48569 200
> 4549 7371 -744 289 -177 5
> 14112 7896 150 24 156 3
> 13249 8253 -102 189 -14 1
> 8520 4813 -508 535 148 5
! 14561 6757 200 -18 200
! 5817 5195 200 18 200 Blocker
> 3618 7588 -791 184 -159 0
> 14079 8001 -27 89 156 3
> 13316 8335 56 69 -32 1
> 7818 5396 -596 495 166 5
! -74096 -55343 0
! -77275 48674 200
> 3618 7588 -791 184 -159 0
> 14079 8001 -27 89 156 3
> 13316 8335 56 69 -32 1
> 7818 5396 -596 495 166 5
! 14196 6364 200 -18 200
! 5087 6423 200 0 200 Blocker
> 2827 7772 -672 156 -141 0
> 14264 8002 182 -10 156 3
> 13105 8419 -204 82 -50 1
> 7035 5961 -665 480 159 5
! -51636 -76095 0
! -85188 18454 200
> 2827 7772 -672 156 -141 0
> 14264 8002 182 -10 156 3
> 13105 8419 -204 82 -50 1
> 7035 5961 -665 480 159 5
! 15036 7969 200 18 200
! 4245 5872 200 18 200 Blocker
> 2155 7928 -571 132 -123 0
> 14247 8013 -14 9 174 3
> 13070 8394 -29 -21 -32 1
> 6170 6450 -735 415 177 5
! -23727 -88664 200
! -85205 18465 200
> 2155 7928 -571 132 -123 0
> 14247 8013 -14 9 174 3
> 13070 8394 -29 -21 -32 1
> 6170 6450 -735 415 177 5
! 14907 7207 200 0 200
! 3590 5667 200 18 200 Blocker
> 1532 7867 -529 -52 -105 0
> 14034 8043 -180 25 174 3
> 13209 8264 118 -110 -33 1
> 5242 6812 -788 307 195 5
! 6765 -91995 200
! -85418 18495 200
> 1532 7867 -529 -52 -105 0
> 14034 8043 -180 25 174 3
> 13209 8264 118 -110 -33 1
> 5242 6812 -788 307 195 5
! 15172 6956 200 0 200
! 3069 5409 200 18 200 Blocker
> 1013 7615 -440 -213 -87 0
> 14289 7925 261 -112 174 3
> 12859 8207 -341 -36 -34 1
> 4286 7011 -812 168 -147 5
! 36849 -85743 200
! -85163 18377 200
> 1013 7615 -440 -213 -87 0
> 14289 7925 261 -112 174 3
> 12859 8207 -341 -36 -34 1
> 4286 7011 -812 168 -147 5
! 14717 8248 200 18 200
! 2686 5125 200 18 200 Blocker
> 645 7215 -313 -339 -69 0
> 14351 7834 52 -77 174 3
> 12711 8117 -126 -76 -16 1
> 3345 7026 -800 13 -130 0
! 36481 -86143 200
! -85101 18286 200
> 645 7215 -313 -339 -69 0
> 14351 7834 52 -77 174 3
> 12711 8117 -126 -76 -16 1
> 3345 7026 -800 13 -130 0
! 14652 8793 200 18 200
! 2392 4844 200 18 200 Blocker
> 404 6689 -205 -446 -69 0
> 14204 7778 -124 -47 174 3
> 12785 8049 62 -57 2 1
> 2465 6856 -748 -144 -114 0
! 36240 -86669 200
! -77150 48451 200
> 404 6689 -205 -446 -69 0
> 14204 7778 -124 -47 174 3
> 12785 8049 62 -57 2 1
> 2465 6856 -748 -144 -114 0
! 14671 6762 200 -18 200
! 2174 4560 200 18 200 Blocker
> 271 6056 -113 -537 -69 0
> 13897 7812 -260 29 156 3
> 13040 7938 216 -94 -16 1
> 1692 6514 -657 -291 -97 0
! 63202 -71658 200
! -85555 18264 0
> 271 6056 -113 -537 -69 0
> 13897 7812 -260 29 156 3
> 13040 7938 216 -94 -16 1
> 1692 6514 -657 -291 -97 0
! 15275 7265 100 0 100
! 767 4039 200 0 200 Blocker
> 284 5364 10 -588 -51 0
> 14153 7770 273 -43 174 3
> 12836 7886 -229 -36 -17 1
> 965 6036 -617 -406 -110 0
! 84151 -49099 200
! -85299 18222 200
> 284 5364 10 -588 -51 0
> 14153 7770 273 -43 174 3
> 12836 7886 -229 -36 -17 1
> 965 6036 -617 -406 -110 0
! 14687 8566 200 18 200
! 927 3611 SHIELD 18 SHIELD
> 462 4667 151 -592 -33 0
> 14227 7748 62 -18 174 3
> 12807 7854 -24 -26 1 1
> 348 5630 -524 -345 -92 0
! 97054 -21215 200
! -85225 18200 200
> 462 4667 151 -592 -33 0
> 14227 7748 62 -18 174 3
> 12807 7854 -24 -26 1 1
> 348 5630 -524 -345 -92 0
! 14983 7866 200 0 200
! 1054 3461 200 18 200 Blocker
> 806 4023 292 -547 -15 0
> 14090 7751 -116 2 174 3
> 12983 7829 149 -21 0 1
> -176 5285 -445 -293 -74 0
! 100668 9256 200
! -85362 18203 200
> 806 4023 292 -547 -15 0
> 14090 7751 -116 2 174 3
> 12983 7829 149 -21 0 1
> -176 5285 -445 -293 -74 0
! 14912 6515 200 -18 200
! 1113 3638 200 18 200 Blocker
> 1298 3486 417 -456 3 0
> 14124 7761 291 0 174 3
> 12974 7760 -270 -49 -18 1
> -621 4992 -378 -249 -56 0
! 94656 39322 200
! -83690 -13030 200
> 1298 3486 417 -456 3 0
> 14124 7761 291 0 174 3
> 12974 7760 -270 -49 -18 1
> -621 4992 -378 -249 -56 0
! 14796 8391 200 18 200
! 1068 3991 200 18 200 Blocker
> 1902 3102 513 -326 21 0
> 14219 7719 81 -35 -168 3
> 12904 7712 -59 -40 0 1
> -999 4743 -321 -211 -38 0
! 79616 66034 200
! -85233 18171 200
> 1902 3102 513 -326 21 0
> 14219 7719 81 -35 -168 3
> 12904 7712 -59 -40 0 1
> -999 4743 -321 -211 -38 0
! 14625 8965 200 18 200
! 879 4455 200 18 200 Blocker
> 2570 2902 568 -170 39 0
> 14101 7705 -100 -11 174 3
> 13035 7735 111 19 18 1
> -1133 4462 -113 -238 -20 0
! 95928 38738 200
! -85351 18157 200
> 2570 2902 568 -170 39 0
> 14101 7705 -100 -11 174 3
> 13035 7735 111 19 18 1
> -1133 4462 -113 -238 -20 0
! 15238 7074 200 -18 200
! 869 4830 200 18 200 Blocker
> 3325 2804 641 -83 21 0
> 14144 7700 263 -13 174 3
> 13004 7770 -252 39 0 1
> -1046 4215 73 -209 -2 0
! 96683 38640 200
! -85308 18152 200
> 3325 2804 641 -83 21 0
> 14144 7700 263 -13 174 3
> 13004 7770 -252 39 0 1
> -1046 4215 73 -209 -2 0
! 14952 7809 200 0 200
! 1226 3929 200 0 200 Blocker
> 4153 2793 703 -9 21 0
> 14208 7708 54 6 174 3
> 12952 7813 -44 36 1 1
> -775 3981 230 -198 -7 0
! 81867 65725 200
! -85244 18160 200
> 4153 2793 703 -9 21 0
> 14208 7708 54 6 174 3
> 12952 7813 -44 36 1 1
> -775 3981 230 -198 -7 0
! 14710 6587 200 -18 200
! 1639 3515 200 0 200 Blocker
> 5011 2910 729 99 39 0
> 14063 7735 -123 22 174 3
> 13099 7791 125 -18 -17 1
> -349 3745 362 -200 -11 0
! 82725 65842 200
! -83751 -13056 200
> 5011 2910 729 99 39 0
> 14063 7735 -123 22 174 3
> 13099 7791 125 -18 -17 1
> -349 3745 362 -200 -11 0
! 15328 7130 200 0 200
! 2007 4475 200 18 200 Blocker
> 5895 3135 751 191 39 0
> 14216 7691 270 -44 -168 3
> 12945 7741 -271 -35 -17 1
> 211 3570 476 -149 7 0
! 83609 66067 200
! -85236 18143 200
> 5895 3135 751 191 39 0
> 14216 7691 270 -44 -168 3
> 12945 7741 -271 -35 -17 1
> 211 3570 476 -149 7 0
! 14754 8422 200 18 200
! 2871 3689 200 0 200 Blocker
> 6801 3452 770 269 39 0
> 14287 7668 60 -19 174 3
> 12874 7711 -60 -25 1 1
> 887 3430 574 -119 3 0
! 84515 66384 200
! -85165 18120 200
> 6801 3452 770 269 39 0
> 14287 7668 60 -19 174 3
> 12874 7711 -60 -25 1 1
> 887 3430 574 -119 3 0
! 15014 7724 200 0 200
! 3171 4696 200 18 200 Blocker
> 7726 3847 786 335 39 0
> 14148 7670 -118 1 174 3
> 13014 7687 118 -20 0 1
> 1648 3381 647 -41 21 0
! 62189 87714 0
! -85304 18122 200
> 7726 3847 786 335 39 0
> 14148 7670 -118 1 174 3
> 13014 7687 118 -20 0 1
> 1648 3381 647 -41 21 0
! 15332 7667 200 0 200
! 4349 4128 200 0 200 Blocker
> 8512 4182 668 284 57 0
> 14132 7694 269 22 174 3
> 13031 7663 -269 -22 0 1
> 2488 3393 713 10 15 0
! 34393 100774 0
! -83682 -13097 200
> 8512 4182 668 284 57 0
> 14132 7694 269 22 174 3
> 13031 7663 -269 -22 0 1
> 2488 3393 713 10 15 0
! 14542 8934 200 18 200
! 5326 3972 200 0 200 Blocker
