@ 0 reCurse
@ 1 jrke
CP 5
CP 7209 2163
CP 3625 5255
CP 13820 5104
CP 10671 2279
CP 8727 7466
> 7536 2542 0 0 -1 1
> 6882 1784 0 0 -1 1
> 8189 3299 0 0 -1 1
> 6229 1027 0 0 -1 1
! -74630 59539 200
! -61544 74706 0
> 7536 2542 0 0 -1 1
> 6882 1784 0 0 -1 1
> 8189 3299 0 0 -1 1
> 6229 1027 0 0 -1 1
! 6165 4162 200 0 200
! 5073 2899 200 0 200
> 7372 2656 -139 96 145 1
> 6882 1784 0 0 133 1
> 8005 3377 -156 66 157 1
> 6124 1197 -89 144 122 1
! -52809 82519 200
! -61317 74919 200
> 7372 2656 -139 96 145 1
> 6882 1784 0 0 133 1
> 8005 3377 -156 66 157 1
> 6124 1197 -89 144 122 1
! 5705 2948 200 18 200
! 4869 3207 200 0 200
> 7088 2886 -347 85 127 1
> 6746 1930 -115 124 133 1
> 7674 3486 -175 203 175 1
> 5929 1511 -165 266 122 1
! -74827 60243 200
! -35515 92560 0
> 7088 2886 -347 85 127 1
> 6746 1930 -115 124 133 1
> 7674 3486 -175 203 175 1
> 5929 1511 -165 266 122 1
! 5613 2556 200 18 200
! 5917 3972 200 -18 200 Blocker
> 6577 3086 -434 169 145 1
> 6631 2054 -97 105 115 1
> 7304 3644 -314 134 193 1
> 5716 1971 -181 391 104 1
! -75338 60443 200
! -61568 75189 0
> 6577 3086 -434 169 145 1
> 6631 2054 -97 105 115 1
> 7304 3644 -314 134 193 1
> 5716 1971 -181 391 104 1
! 4965 4638 200 -18 200
! 6359 4402 200 -18 200 Blocker
> 5979 3370 -508 241 145 1
> 6534 2159 -82 89 133 1
> 6791 3796 -436 128 175 1
> 5549 2562 -141 501 86 1
! -89651 32607 0
! -80927 50640 200
> 5979 3370 -508 241 145 1
> 6534 2159 -82 89 133 1
> 6791 3796 -436 128 175 1
> 5549 2562 -141 501 86 1
! 4695 5367 200 -18 200
! 4242 4929 SHIELD 18 SHIELD
> 5334 3913 -685 526 163 1
> 6277 2345 -218 158 151 1
> 6509 4155 -32 399 157 1
> 5388 3018 -143 371 104 1
! -76581 61270 0
! -61922 75480 0
> 5334 3913 -685 526 163 1
> 6277 2345 -218 158 151 1
> 6509 4155 -32 399 157 1
> 5388 3018 -143 371 104 1
! 4333 4059 200 18 200
! 3560 4803 200 18 200 Blocker
> 4649 4439 -582 447 145 1
> 6059 2503 -185 134 133 1
> 6278 4572 -196 354 175 1
> 5245 3389 -121 315 122 1
! -55532 84302 0
! -36202 93133 0
> 4649 4439 -582 447 145 1
> 6059 2503 -185 134 133 1
> 6278 4572 -196 354 175 1
> 5245 3389 -121 315 122 1
! 4196 3793 200 18 200
! 3084 4528 200 18 200 Blocker
> 4067 4886 -494 379 127 2
> 5874 2637 -157 113 115 1
> 5887 4881 -332 262 193 1
> 5124 3704 -102 267 140 1
! -28489 99437 0
! -6312 101891 0
> 4067 4886 -494 379 127 2
> 5874 2637 -157 113 115 1
> 5887 4881 -332 262 193 1
> 5124 3704 -102 267 140 1
! 4243 3634 0 18 0
! 3337 5385 200 0 200 Blocker
> 3573 5265 -419 322 109 2
> 5717 2750 -133 96 97 1
> 5555 5143 -282 222 211 1
> 5022 3971 -86 226 137 1
! 1827 105249 0
! 24797 100912 200
> 3573 5265 -419 322 109 2
> 5717 2750 -133 96 97 1
> 5555 5143 -282 222 211 1
> 5022 3971 -86 226 137 1
! 4452 3432 100 18 100
! 4516 6357 200 -18 200 Blocker
> 3154 5587 -356 273 91 2
> 5622 3042 -80 248 79 1
> 5207 5290 -295 124 229 1
> 4840 4372 -154 341 119 1
! 32391 101217 0
! 54102 90503 200
> 3154 5587 -356 273 91 2
> 5622 3042 -80 248 79 1
> 5207 5290 -295 124 229 1
> 4840 4372 -154 341 119 1
! 4729 3322 100 18 100
! 3619 6637 200 0 200 Blocker
> 2798 5860 -302 232 73 2
> 5639 3465 14 359 61 1
> 4993 5585 -115 395 247 1
> 4471 4626 -380 71 118 1
! 60155 87775 200
! 54119 90926 0
> 2798 5860 -302 232 73 2
> 5639 3465 14 359 61 1
> 4993 5585 -115 395 247 1
> 4471 4626 -380 71 118 1
! 4018 3955 200 0 200
! 4397 6876 200 -18 200 Blocker
> 2611 6256 -159 336 55 2
> 5653 3824 11 305 61 1
> 4775 5808 -185 189 -121 1
> 4055 4894 -353 227 100 2
! 82474 66437 200
! 78788 72023 200
> 2611 6256 -159 336 55 2
> 5653 3824 11 305 61 1
> 4775 5808 -185 189 -121 1
> 4055 4894 -353 227 100 2
! 2749 5216 0 -18 0 Blocker
! 4623 7008 100 -18 100
> 2612 6712 0 387 37 2
> 5810 4265 133 375 43 1
> 4590 5997 -157 160 -139 1
> 3715 5220 -288 277 82 2
! 97163 39268 200
! 96440 46526 0
> 2612 6712 0 387 37 2
> 5810 4265 133 375 43 1
> 4590 5997 -157 160 -139 1
> 3715 5220 -288 277 82 2
! 2441 5983 0 -18 0 Blocker
! 4955 7080 200 -18 200
> 2801 7164 160 384 19 2
> 5943 4640 113 318 25 1
> 4433 6157 -133 136 -157 1
> 3514 5677 -171 388 64 2
! 102785 8909 200
! 105197 16826 0
> 2801 7164 160 384 19 2
> 5943 4640 113 318 25 1
> 4433 6157 -133 136 -157 1
> 3514 5677 -171 388 64 2
! 2351 6743 0 -18 0 Blocker
! 5285 7098 200 -18 200
> 3161 7551 305 329 1 2
> 6056 4958 96 270 7 1
> 4300 6293 -113 115 -175 1
> 3481 6210 -27 452 46 2
! 103145 9296 200
! 105310 17144 0
> 3161 7551 305 329 1 2
> 6056 4958 96 270 7 1
> 4300 6293 -113 115 -175 1
> 3481 6210 -27 452 46 2
! 2473 7438 0 -18 0 Blocker
! 5621 7044 200 -18 200
> 3666 7883 429 282 1 2
> 6152 5228 81 229 7 1
> 4452 6424 148 112 -193 1
> 3365 6741 -117 449 28 2
! 99296 -21354 200
! 105406 17414 0
> 3666 7883 429 282 1 2
> 6152 5228 81 229 7 1
> 4452 6424 148 112 -193 1
> 3365 6741 -117 449 28 2
! 3288 8045 0 -18 0 Blocker
! 5427 6884 200 -18 200
> 4286 8107 527 189 -17 2
> 6233 5457 68 194 7 1
> 4600 6536 125 95 -211 1
> 3445 7226 67 412 10 2
! 99916 -21130 200
! 104395 -13623 0
> 4286 8107 527 189 -17 2
> 6233 5457 68 194 7 1
> 4600 6536 125 95 -211 1
> 3445 7226 67 412 10 2
! 3944 8472 0 -18 0 Blocker
! 5489 6674 200 -18 200
> 5004 8238 610 110 -17 2
> 6301 5651 57 164 -11 1
> 4725 6631 106 80 -229 1
> 3710 7611 225 327 -8 2
! 100634 -20999 200
! 105555 17837 200
> 5004 8238 610 110 -17 2
> 6301 5651 57 164 -11 1
> 4725 6631 106 80 -229 1
> 3710 7611 225 327 -8 2
! 4657 8703 0 -18 0 Blocker
! 5518 6410 200 -18 200
> 5805 8290 681 43 -17 2
> 6557 5839 217 160 7 1
> 4831 6711 90 68 -247 1
> 4115 7851 344 204 -26 2
! 101435 -20947 200
! 97187 48100 0
> 5805 8290 681 43 -17 2
> 6557 5839 217 160 7 1
> 4831 6711 90 68 -247 1
> 4115 7851 344 204 -26 2
! 5371 8728 0 -18 0 Blocker
! 6436 7091 200 0 200
> 6677 8275 741 -13 -17 2
> 6774 5999 184 136 25 1
> 4921 6779 76 57 -265 1
> 4649 7993 453 120 -18 2
! 88592 -49082 200
! 79909 74198 0
> 6677 8275 741 -13 -17 2
> 6774 5999 184 136 25 1
> 4921 6779 76 57 -265 1
> 4649 7993 453 120 -18 2
! 6027 8550 0 -18 0 Blocker
! 6395 6333 200 -18 200
> 7582 8147 769 -108 -35 2
> 6958 6135 156 115 43 1
> 4997 6836 64 48 -283 1
> 5264 7995 522 1 -36 2
! 89497 -49210 200
! 55438 93596 200
> 7582 8147 769 -108 -35 2
> 6958 6135 156 115 43 1
> 4997 6836 64 48 -283 1
> 5264 7995 522 1 -36 2
! 6721 8327 200 -18 200 Blocker
! 7566 6703 200 0 200
> 8515 7924 792 -189 -35 2
> 7211 6425 215 246 61 1
> 5164 7056 141 186 -301 1
> 5960 7898 591 -82 -29 2
! 90430 -49433 200
! 55691 93886 0
> 8515 7924 792 -189 -35 2
> 7211 6425 215 246 61 1
> 5164 7056 141 186 -301 1
> 5960 7898 591 -82 -29 2
! 7330 8102 200 -18 200 Blocker
! 8475 6749 200 0 200
> 9471 7620 812 -258 -35 2
> 7426 6671 182 209 61 1
> 5456 7374 247 269 -319 1
> 6733 7733 656 -140 -25 2
! 91386 -49737 200
! 26506 104833 200
> 9471 7620 812 -258 -35 2
> 7426 6671 182 209 61 1
> 5456 7374 247 269 -319 1
> 6733 7733 656 -140 -25 2
! 7895 7835 200 -18 200 Blocker
! 9383 6663 SHIELD 0 SHIELD
> 10447 7247 829 -316 -35 2
> 7849 6723 718 -580 79 1
> 5887 7722 366 295 -337 1
> 7369 7628 504 -26 -22 2
! 70628 -72616 200
! -4337 105977 200
> 10447 7247 829 -316 -35 2
> 7849 6723 718 -580 79 1
> 5887 7722 366 295 -337 1
> 7369 7628 504 -26 -22 2
! 8397 7522 200 -18 200 Blocker
! 9039 5736 200 -18 200
> 11396 6771 806 -404 -53 2
> 8543 6342 589 -324 97 1
> 6452 8035 480 265 -355 1
> 7873 7602 428 -22 -40 2
! 43952 -87780 0
! -33718 96972 200
> 11396 6771 806 -404 -53 2
> 8543 6342 589 -324 97 1
> 6452 8035 480 265 -355 1
> 7873 7602 428 -22 -40 2
! 8818 7167 200 -18 200 Blocker
! 9986 6166 200 0 200
> 12202 6367 685 -343 -71 2
> 9047 6199 428 -121 115 1
> 7127 8255 573 187 -373 1
> 8301 7580 363 -18 -34 2
! 13947 -93617 200
! -33214 96829 200
> 12202 6367 685 -343 -71 2
> 9047 6199 428 -121 115 1
> 7127 8255 573 187 -373 1
> 8301 7580 363 -18 -34 2
! 9143 6782 200 -18 200 Blocker
! 10488 6332 200 0 200
> 12890 5824 585 -461 -89 2
> 9390 6259 291 51 115 1
> 7872 8339 632 71 -391 1
> 8664 7562 308 -15 -30 2
! -16347 -89806 200
! -2796 105513 0
> 12890 5824 585 -461 -89 2
> 9390 6259 291 51 115 1
> 7872 8339 632 71 -391 1
> 8664 7562 308 -15 -30 2
! 9364 6385 200 -18 200 Blocker
! 10877 6447 200 0 200
> 13417 5172 447 -554 -107 3
> 9681 6310 247 43 97 1
> 8636 8259 648 -67 -409 1
> 9151 7457 413 -89 -27 2
! -43940 -76743 0
! 28761 104472 200
> 13417 5172 447 -554 -107 3
> 9681 6310 247 43 97 1
> 8636 8259 648 -67 -409 1
> 9151 7457 413 -89 -27 2
! 9476 6000 200 -18 200 Blocker
! 11524 6369 200 0 200
> 13864 4618 379 -470 -125 3
> 9976 6518 366 -190 79 1
> 9356 8020 371 242 -427 1
> 9742 7304 626 -208 -25 2
! -65999 -55563 200
! 29056 104680 200
> 13864 4618 379 -470 -125 3
> 9976 6518 366 -190 79 1
> 9356 8020 371 242 -427 1
> 9742 7304 626 -208 -25 2
! 10587 6237 200 0 200 Blocker
! 11435 5172 SHIELD -18 SHIELD
> 14083 4028 186 -501 -143 3
> 10502 6093 455 -391 79 1
> 9841 8097 411 65 -55 1
> 10356 7139 520 -137 -43 2
! -80468 -28528 200
! 29582 104255 200
> 14083 4028 186 -501 -143 3
> 10502 6093 455 -391 79 1
> 9841 8097 411 65 -55 1
> 10356 7139 520 -137 -43 2
! 10214 5962 200 -18 200 Blocker
! 12412 5570 100 0 100
> 14080 3462 -2 -481 -161 3
> 10995 5898 419 -165 79 1
> 10309 7970 397 -107 -73 1
> 10876 7002 442 -116 -37 2
! -85904 1716 200
! 30075 104060 200
> 14080 3462 -2 -481 -161 3
> 10995 5898 419 -165 79 1
> 10309 7970 397 -107 -73 1
> 10876 7002 442 -116 -37 2
! 11349 5759 200 0 200 Blocker
! 12995 5622 100 0 100
> 13878 2978 -171 -411 -179 3
> 11452 5929 388 26 79 1
> 10791 7682 409 -244 -65 1
> 11318 6886 375 -98 -33 2
! -81752 32215 200
! -734 105183 200
> 13878 2978 -171 -411 -179 3
> 11452 5929 388 26 79 1
> 10791 7682 409 -244 -65 1
> 11318 6886 375 -98 -33 2
! 10780 5278 200 -18 200 Blocker
! 12481 4734 200 -18 200
> 13516 2625 -307 -299 -197 3
> 11861 5868 387 -301 97 1
> 11063 7441 88 -28 -83 1
> 11810 6872 520 61 -51 2
! -82114 31862 200
! 30941 104030 200
> 13516 2625 -307 -299 -197 3
> 11861 5868 387 -301 97 1
> 11063 7441 88 -28 -83 1
> 11810 6872 520 61 -51 2
! 11419 5229 200 0 200 Blocker
! 12445 4736 200 -18 200
> 13018 2384 -423 -204 163 3
> 12286 5763 361 -88 79 1
> 11183 7216 101 -191 -81 1
> 12401 6746 502 -106 -69 2
! -68897 59741 200
! 60766 93224 200
> 13018 2384 -423 -204 163 3
> 12286 5763 361 -88 79 1
> 11183 7216 101 -191 -81 1
> 12401 6746 502 -106 -69 2
! 10285 5065 200 -18 200 Blocker
! 12334 4515 200 -18 200
> 12431 2295 -498 -75 145 3
> 12710 5664 332 -241 61 1
> 11253 6827 59 -330 -99 1
> 12947 6626 492 55 -87 2
! -69484 59652 200
! 61190 93125 200
> 12431 2295 -498 -75 145 3
> 12710 5664 332 -241 61 1
> 11253 6827 59 -330 -99 1
> 12947 6626 492 55 -87 2
! 9756 4941 200 -18 200 Blocker
! 12241 4836 200 -18 200
> 11769 2335 -562 33 145 3
> 13139 5598 364 -56 61 1
> 11222 6319 -26 -432 -117 1
> 13387 6488 373 -117 -105 2
! -70146 59692 200
! 32219 103760 200
> 11769 2335 -562 33 145 3
> 13139 5598 364 -56 61 1
> 11222 6319 -26 -432 -117 1
> 13387 6488 373 -117 -105 2
! 9236 4888 200 -18 200 Blocker
! 12050 4986 200 -18 200
> 11043 2483 -616 125 145 4
> 13457 5427 242 -246 79 1
> 11055 5745 -142 -487 -135 1
> 13735 6515 323 124 -123 2
! -70872 59840 200
! 1270 104681 200
> 11043 2483 -616 125 145 4
> 13457 5427 242 -246 79 1
> 11055 5745 -142 -487 -135 1
> 13735 6515 323 124 -123 2
! 8740 4914 200 -18 200 Blocker
! 12860 4794 200 0 200
> 10263 2723 -662 203 145 4
> 13675 5380 184 -40 97 1
> 10735 5167 -271 -491 -153 1
> 13967 6461 197 -46 -117 2
! -49918 82586 200
! 32755 103542 200
> 10263 2723 -662 203 145 4
> 13675 5380 184 -40 97 1
> 10735 5167 -271 -491 -153 1
> 13967 6461 197 -46 -117 2
! 8291 5020 200 -18 200 Blocker
! 12204 5416 200 -18 200
> 9481 3086 -665 308 127 4
> 13887 5485 130 -175 79 1
> 10267 4644 -398 -444 -171 1
> 14032 6325 105 148 -135 2
! -23075 97637 200
! 1700 104739 200
> 9481 3086 -665 308 127 4
> 13887 5485 130 -175 79 1
> 10267 4644 -398 -444 -171 1
> 14032 6325 105 148 -135 2
! 7909 5199 200 -18 200 Blocker
! 13793 4300 200 18 200
> 8751 3583 -620 422 109 4
> 13990 5479 78 -107 97 1
> 9671 4231 -506 -351 -189 1
> 14049 6324 23 101 -117 2
! 7005 103567 0
! -28271 96109 200
> 8751 3583 -620 422 109 4
> 13990 5479 78 -107 97 1
> 9671 4231 -506 -351 -189 1
> 14049 6324 23 101 -117 2
! 7609 5436 200 -18 200 Blocker
! 13073 4465 200 0 200
> 8131 4005 -527 358 91 4
> 13977 5417 -13 -103 115 1
> 8987 3970 -581 -221 -207 1
> 13986 6384 -51 102 -118 2
! 37368 99635 0
! 1790 104671 200
> 8131 4005 -527 358 91 4
> 13977 5417 -13 -103 115 1
> 8987 3970 -581 -221 -207 1
> 13986 6384 -51 102 -118 2
! 7407 5709 200 -18 200 Blocker
! 12902 4544 200 0 200
> 7534 4386 -564 342 73 4
> 13940 5513 -31 81 97 1
> 8334 3867 -497 -106 -225 1
> 13833 6314 -129 -59 -121 2
! 64891 86301 0
! -28321 96143 0
> 7534 4386 -564 342 73 4
> 13940 5513 -31 81 97 1
> 8334 3867 -497 -106 -225 1
> 13833 6314 -129 -59 -121 2
! 7493 5934 200 -18 200 Blocker
! 13896 4063 200 18 200
> 6970 4728 -479 290 55 4
> 13951 5293 10 -194 115 1
> 7746 3939 -500 61 -243 1
> 13619 6361 -183 46 -103 2
! 86833 64909 200
! -28310 95923 200
> 6970 4728 -479 290 55 4
> 13951 5293 10 -194 115 1
> 7746 3939 -500 61 -243 1
> 13619 6361 -183 46 -103 2
! 7590 6173 200 -18 200 Blocker
! 14296 4382 200 18 200
> 6651 5138 -271 348 37 4
> 13876 5280 -63 -10 115 1
> 7214 4197 -452 219 -261 1
> 13455 6208 -139 -130 -85 2
! 101202 37694 200
! -28385 95910 200
> 6651 5138 -271 348 37 4
> 13876 5280 -63 -10 115 1
> 7214 4197 -452 219 -261 1
> 13455 6208 -139 -130 -85 2
! 7761 6376 200 -18 200 Blocker
! 14759 4418 200 18 200
> 6569 5551 -69 351 19 4
> 13848 5230 63 -204 115 1
> 6793 4614 -358 354 -279 1
> 13276 6116 -239 83 -67 2
! 106553 7296 200
! -54351 78365 200
> 6569 5551 -69 351 19 4
> 13848 5230 63 -204 115 1
> 6793 4614 -358 354 -279 1
> 13276 6116 -239 83 -67 2
! 7991 6524 200 -18 200 Blocker
! 14923 5066 200 18 200
> 6704 5942 130 456 1 4
> 13775 5172 -62 -49 133 1
> 6521 5110 -246 296 -297 1
> 13170 6049 -90 -56 -49 2
! 106688 7687 200
! -28486 95802 200
> 6704 5942 130 456 1 4
> 13775 5172 -62 -49 133 1
> 6521 5110 -246 296 -297 1
> 13170 6049 -90 -56 -49 2
! 8235 6405 200 -18 200 Blocker
! 14458 4408 100 0 100
> 7034 6401 280 390 1 4
> 13641 5289 24 -76 115 1
> 6416 5548 -89 372 -315 1
> 13130 5930 -172 74 -52 2
! 102664 -22836 200
! -54558 78424 200
> 7034 6401 280 390 1 4
> 13641 5289 24 -76 115 1
> 6416 5548 -89 372 -315 1
> 13130 5930 -172 74 -52 2
! 8500 6264 200 -18 200 Blocker
! 14312 4270 200 0 200
> 7505 6733 400 281 -17 4
> 13639 5223 11 -72 133 1
> 6505 6011 75 393 -333 1
> 12964 5977 -154 56 -55 2
! 89420 -50624 0
! -54560 78358 200
> 7505 6733 400 281 -17 4
> 13639 5223 11 -72 133 1
> 6505 6011 75 393 -333 1
> 12964 5977 -154 56 -55 2
! 8753 6060 200 -18 200 Blocker
! 14890 5317 200 18 200
> 7905 7014 340 238 -35 4
> 13514 5297 -106 63 133 1
> 6777 6436 231 361 -351 1
> 12971 5914 5 -53 -37 2
! 68086 -72849 200
! -54685 78432 200
> 7905 7014 340 238 -35 4
> 13514 5297 -106 63 133 1
> 6777 6436 231 361 -351 1
> 12971 5914 5 -53 -37 2
! 8968 5798 200 -18 200 Blocker
! 13619 3757 200 -18 200
> 8365 7092 391 66 -53 0
> 13627 5103 108 -178 133 1
> 7206 6766 364 280 -369 1
> 12737 6101 -211 173 -55 2
! 40921 -87459 200
! -54572 78238 200
> 8365 7092 391 66 -53 0
> 13627 5103 108 -178 133 1
> 7206 6766 364 280 -369 1
> 12737 6101 -211 173 -55 2
! 9126 5490 200 -18 200 Blocker
! 14606 5558 200 18 200
> 8821 6969 387 -104 -71 0
> 13599 5071 -24 -26 133 1
> 7748 6956 461 161 -387 1
> 12687 6155 -42 45 -37 2
! 10566 -93015 200
! -28662 95701 200
> 8821 6969 387 -104 -71 0
> 13599 5071 -24 -26 133 1
> 7748 6956 461 161 -387 1
> 12687 6155 -42 45 -37 2
! 9208 5157 200 -18 200 Blocker
! 13288 4096 200 -18 200
> 9211 6665 331 -258 -89 0
> 13490 5226 -92 131 115 1
> 8351 6976 512 16 -405 1
> 12761 6037 62 -100 -55 2
! -20026 -88965 200
! -54709 78361 200
> 9211 6665 331 -258 -89 0
> 13490 5226 -92 131 115 1
> 8351 6976 512 16 -405 1
> 12761 6037 62 -100 -55 2
! 9207 4819 SHIELD -18 SHIELD
! 14085 4135 200 0 200
> 9484 6216 231 -381 -107 0
> 13525 5229 200 -175 133 1
> 8863 6992 435 13 -423 1
> 12673 6048 -245 186 -55 2
! -47873 -75699 200
! -54674 78364 200
> 9484 6216 231 -381 -107 0
> 13525 5229 200 -175 133 1
> 8863 6992 435 13 -423 1
> 12673 6048 -245 186 -55 2
! 8954 4832 200 -18 200 Blocker
! 14508 5518 200 18 200
> 9600 5671 98 -463 -125 0
> 13589 5200 54 -24 133 1
> 9298 7005 369 11 -441 1
> 12587 6113 -72 55 -37 2
! -70263 -54510 200
! -54610 78335 200
> 9600 5671 98 -463 -125 0
> 13589 5200 54 -24 133 1
> 9298 7005 369 11 -441 1
> 12587 6113 -72 55 -37 2
! 8668 5056 200 -18 200 Blocker
! 14272 4844 200 0 200
> 9538 5088 -52 -495 -143 0
> 13507 5322 -70 103 133 1
> 9667 7016 313 9 -459 1
> 12675 6048 74 -55 -37 2
! -85013 -27468 200
! -54692 78457 0
> 9538 5088 -52 -495 -143 0
> 13507 5322 -70 103 133 1
> 9667 7016 313 9 -459 1
> 12675 6048 74 -55 -37 2
! 8424 5469 200 -18 200 Blocker
! 13392 3889 200 -18 200
> 9297 4528 -204 -476 -161 0
> 13516 5365 211 -118 133 1
> 9980 7025 266 7 -477 1
> 12785 5889 -110 19 -55 2
! -85254 -28028 200
! -73945 53846 200
> 9297 4528 -204 -476 -161 0
> 13516 5365 211 -118 133 1
> 9980 7025 266 7 -477 1
> 12785 5889 -110 19 -55 2
! 8286 6033 200 -18 200 Blocker
! 14755 5192 200 18 200
> 8904 3987 -334 -459 -161 0
> 13552 5344 30 -17 151 1
> 10105 6890 106 -114 -495 1
> 12835 5788 42 -86 -37 2
! -85647 -28569 200
! -73909 53825 200
> 8904 3987 -334 -459 -161 0
> 13552 5344 30 -17 151 1
> 10105 6890 106 -114 -495 1
> 12835 5788 42 -86 -37 2
! 8655 5220 200 0 200 Blocker
! 13520 3598 200 -18 200
> 8381 3463 -444 -445 -161 0
> 13737 5226 189 -118 151 1
> 10080 6625 -21 -225 -131 1
> 12661 5736 -179 -25 -55 2
! -91603 1717 0
! -73724 53707 200
> 8381 3463 -444 -445 -161 0
> 13737 5226 189 -118 151 1
> 10080 6625 -21 -225 -131 1
> 12661 5736 -179 -25 -55 2
! 7915 5905 200 -18 200 Blocker
! 14562 4995 200 18 200
> 7937 3018 -377 -378 -179 0
> 13751 5205 11 -17 151 1
> 9888 6297 -163 -278 -149 1
> 12642 5591 -16 -123 -37 2
! -87693 32255 200
! -84411 24285 200
> 7937 3018 -377 -378 -179 0
> 13751 5205 11 -17 151 1
> 9888 6297 -163 -278 -149 1
> 12642 5591 -16 -123 -37 2
! 7839 4886 200 0 200 Blocker
! 14826 5430 200 18 200
> 7369 2698 -483 -271 -197 1
> 13594 5219 171 -63 169 1
> 9560 5906 -278 -332 -145 1
> 12787 5410 -181 -78 -19 2
! -74546 60055 200
! -84568 24299 200
> 7369 2698 -483 -271 -197 1
> 13594 5219 171 -63 169 1
> 9560 5906 -278 -332 -145 1
> 12787 5410 -181 -78 -19 2
! 7082 5612 200 -18 200 Blocker
! 14710 5975 200 18 200
> 6722 2542 -549 -132 -215 1
> 13637 5180 101 -46 169 1
> 9090 5517 -399 -330 -163 1
> 12738 5343 -106 -43 -1 2
! -53459 82405 200
! -84525 24260 200
> 6722 2542 -549 -132 -215 1
> 13637 5180 101 -46 169 1
> 9090 5517 -399 -330 -163 1
> 12738 5343 -106 -43 -1 2
! 6587 4544 200 0 200 Blocker
! 14832 5262 200 0 200
> 6053 2570 -568 23 -233 1
> 13630 5157 100 -38 169 1
> 8505 5115 -497 -342 -159 1
> 12744 5308 -101 -11 -2 2
! -26503 97121 200
! -84532 24237 200
> 6053 2570 -568 23 -233 1
> 13630 5157 100 -38 169 1
> 8505 5115 -497 -342 -159 1
> 12744 5308 -101 -11 -2 2
! 5883 5342 200 -18 200 Blocker
! 14377 3943 200 -18 200
> 5420 2782 -538 180 -251 1
> 13638 5143 100 -25 169 1
> 7808 4762 -592 -300 -177 1
> 12726 5242 -108 -42 -20 2
! 3674 102766 200
! -84524 24223 200
> 5420 2782 -538 180 -251 1
> 13638 5143 100 -25 169 1
> 7808 4762 -592 -300 -177 1
> 12726 5242 -108 -42 -20 2
! 5371 5660 200 -18 200 Blocker
! 14733 5806 200 18 200
> 4879 3162 -460 322 91 1
> 13626 5150 101 -2 169 1
> 7023 4513 -667 -211 -195 1
> 12733 5199 -105 -28 -2 2
! 3133 103146 200
! -85628 -7036 200
> 4879 3162 -460 322 91 1
> 13626 5150 101 -2 169 1
> 7023 4513 -667 -211 -195 1
> 12733 5199 -105 -28 -2 2
! 4231 4871 200 0 200 Blocker
! 14727 5098 100 0 100
> 4416 3684 -393 443 91 1
> 13528 5124 -82 -22 -173 1
> 6158 4327 -735 -157 173 1
> 12728 5166 -4 -28 -3 2
! 33653 99314 200
! -85726 -7062 200
> 4416 3684 -393 443 91 1
> 13528 5124 -82 -22 -173 1
> 6158 4327 -735 -157 173 1
> 12728 5166 -4 -28 -3 2
! 3814 5670 200 -18 200 Blocker
! 14434 3753 200 -18 200
> 4081 4318 -284 539 73 1
> 13711 5053 156 -60 -173 1
> 5242 4255 -778 -60 155 1
> 12447 5091 -239 -63 -21 2
! 61438 86233 200
! -85543 -7133 200
> 4081 4318 -284 539 73 1
> 13711 5053 156 -60 -173 1
> 5242 4255 -778 -60 155 1
> 12447 5091 -239 -63 -21 2
! 3494 5944 0 -18 0 Blocker
! 14236 5572 100 18 100
> 3912 5021 -143 597 55 2
> 13668 4969 -36 -71 -173 1
> 4464 4195 -661 -51 137 1
> 12308 5023 -118 -57 -3 2
! 83775 65202 200
! -84494 24049 200
> 3912 5021 -143 597 55 2
> 13668 4969 -36 -71 -173 1
> 4464 4195 -661 -51 137 1
> 12308 5023 -118 -57 -3 2
! 3421 6107 0 -18 0 Blocker
! 14035 6164 200 18 200
> 3929 5738 14 609 37 2
> 13436 4936 -197 -27 169 1
> 3803 4144 -561 -43 119 1
> 12383 5018 63 -4 15 2
! 98480 38294 200
! -74025 53417 SHIELD
> 3929 5738 14 609 37 2
> 13436 4936 -197 -27 169 1
> 3803 4144 -561 -43 119 1
> 12383 5018 63 -4 15 2
! 3510 6285 200 -18 200 Blocker
! 14407 4261 100 -18 100
> 4132 6412 172 572 19 2
> 13257 4907 -112 -29 151 1
> 3205 4298 -508 130 101 1
> 12365 5030 -406 57 -3 2
! 104116 8157 200
! -84905 23987 0
> 4132 6412 172 572 19 2
> 13257 4907 -112 -29 151 1
> 3205 4298 -508 130 101 1
> 12365 5030 -406 57 -3 2
! 3627 6422 200 -18 200 Blocker
! 13804 6285 200 18 200
> 4504 6987 316 489 1 2
> 13145 4878 -95 -24 169 1
> 2722 4626 -410 279 83 1
> 12152 5139 -180 92 15 2
! 100134 -22250 200
! -74316 53359 200
> 4504 6987 316 489 1 2
> 13145 4878 -95 -24 169 1
> 2722 4626 -410 279 83 1
> 12152 5139 -180 92 15 2
! 3812 6514 200 -18 200 Blocker
! 14026 4443 200 -18 200
> 5011 7418 431 365 -17 2
> 13050 4854 -80 -20 151 1
> 2397 5086 -275 390 65 1
> 12172 5221 16 69 -3 2
! 86926 -49939 200
! -55149 77989 SHIELD
> 5011 7418 431 365 -17 2
> 13050 4854 -80 -20 151 1
> 2397 5086 -275 390 65 1
> 12172 5221 16 69 -3 2
! 4046 6543 200 -18 200 Blocker
! 14285 5180 100 0 100
> 5606 7668 505 212 -35 2
> 12970 4834 -68 -17 133 1
> 2259 5622 -117 455 47 1
> 12288 5288 98 57 -1 2
! 87521 -49689 200
! -74491 53315 200
> 5606 7668 505 212 -35 2
> 12970 4834 -68 -17 133 1
> 2259 5622 -117 455 47 1
> 12288 5288 98 57 -1 2
! 4302 6497 200 -18 200 Blocker
! 14143 4021 200 -18 200
> 6275 7765 568 82 -35 2
> 13123 4665 143 -153 151 1
> 2317 6173 49 468 29 1
> 12354 5432 43 131 -19 2
! 101905 -21472 200
! -74338 53146 0
> 6275 7765 568 82 -35 2
> 13123 4665 143 -153 151 1
> 2317 6173 49 468 29 1
> 12354 5432 43 131 -19 2
! 4550 6373 200 -18 200 Blocker
! 13659 3761 200 -18 200
> 7034 7789 645 19 -17 2
> 13266 4512 121 -130 151 1
> 2563 6678 208 429 11 1
> 12556 5442 172 8 -37 2
! 88949 -49568 200
! -54933 77647 0
> 7034 7789 645 19 -17 2
> 13266 4512 121 -130 151 1
> 2563 6678 208 429 11 1
> 12556 5442 172 8 -37 2
! 4765 6177 200 -18 200 Blocker
! 13371 3346 200 -18 200
> 7843 7693 687 -81 -35 2
> 13387 4382 102 -110 133 1
> 2969 7082 345 343 -7 1
> 12842 5286 243 -132 -55 2
! 89758 -49664 200
! -74074 52863 200
> 7843 7693 687 -81 -35 2
> 13387 4382 102 -110 133 1
> 2969 7082 345 343 -7 1
> 12842 5286 243 -132 -55 2
! 4923 5925 200 -18 200 Blocker
! 13048 3054 100 -18 100
> 8694 7497 723 -166 -35 2
> 13345 4290 38 -268 151 1
> 3495 7340 446 218 -25 1
> 13083 5138 130 64 -73 2
! 90609 -49860 200
! -54854 77425 0
> 8694 7497 723 -166 -35 2
> 13345 4290 38 -268 151 1
> 3495 7340 446 218 -25 1
> 13083 5138 130 64 -73 2
! 6101 7978 200 18 200 Blocker
! 12529 3216 100 -18 100
> 9581 7216 753 -238 -35 2
> 13383 4022 32 -227 133 1
> 4139 7533 547 163 -7 1
> 13211 5102 108 -30 -91 2
! 91496 -50141 200
! -54816 77157 200
> 9581 7216 753 -238 -35 2
> 13383 4022 32 -227 133 1
> 4139 7533 547 163 -7 1
> 13211 5102 108 -30 -91 2
! 6295 6196 200 -18 200 Blocker
! 12055 3395 100 -18 100
> 10498 6863 779 -299 -35 2
> 13279 3941 -88 -68 133 1
> 4867 7611 618 65 -25 1
> 13286 4978 63 -105 -109 3
! 106128 -22374 200
! -28982 94571 0
> 10498 6863 779 -299 -35 2
> 13279 3941 -88 -68 133 1
> 4867 7611 618 65 -25 1
> 13286 4978 63 -105 -109 3
! 7479 6746 200 0 200 Blocker
! 11547 3611 200 -18 200
> 11468 6506 824 -303 -17 2
> 13191 3873 -74 -57 115 1
> 5675 7613 686 1 -18 1
> 13228 4714 -49 -224 -127 3
! 93383 -50851 0
! -29070 94503 200
> 11468 6506 824 -303 -17 2
> 13191 3873 -74 -57 115 1
> 5675 7613 686 1 -18 1
> 13228 4714 -49 -224 -127 3
! 8453 6934 200 0 200 Blocker
! 11075 3847 200 -18 200
> 12292 6203 700 -257 -35 2
> 13016 3575 -150 -288 115 1
> 6555 7567 748 -39 -14 1
> 13032 4798 -165 106 -145 3
! 72473 -73660 200
! -29245 94205 200
> 12292 6203 700 -257 -35 2
> 13016 3575 -150 -288 115 1
> 6555 7567 748 -39 -14 1
> 13032 4798 -165 106 -145 3
! 8717 5843 200 -18 200 Blocker
! 12151 2824 200 18 200
> 13112 5786 697 -354 -53 2
> 12781 3468 -199 -90 115 1
> 7473 7423 780 -122 -32 1
> 12746 4745 -242 -45 -127 3
! 45668 -88765 0
! -29480 94098 200
> 13112 5786 697 -354 -53 2
> 12781 3468 -199 -90 115 1
> 7473 7423 780 -122 -32 1
> 12746 4745 -242 -45 -127 3
! 10119 6135 200 0 200 Blocker
! 11240 3023 100 0 100
> 13809 5432 592 -300 -71 3
> 12497 3559 -240 77 115 1
> 8433 7213 815 -178 -26 1
> 12438 4625 -261 -102 -131 3
! 15554 -94552 0
! -29764 94189 200
> 13809 5432 592 -300 -71 3
> 12497 3559 -240 77 115 1
> 8433 7213 815 -178 -26 1
> 12438 4625 -261 -102 -131 3
! 10281 5093 200 -18 200 Blocker
! 11985 2331 200 18 200
> 14401 5132 503 -255 -89 3
> 12195 3544 -237 -238 115 1
> 9392 6896 815 -269 -44 1
> 12076 4612 -326 215 -113 3
! -14836 -90498 200
! -30066 94174 200
> 14401 5132 503 -255 -89 3
> 12195 3544 -237 -238 115 1
> 9392 6896 815 -269 -44 1
> 12076 4612 -326 215 -113 3
! 11790 5099 200 0 200 Blocker
! 12245 2683 200 18 200
> 14846 4686 377 -379 -107 3
> 11873 3487 -273 -48 115 1
> 10367 6507 828 -330 -37 1
> 11732 4628 -292 13 -95 3
! -42511 -77229 200
! -313 102741 200
> 14846 4686 377 -379 -107 3
> 11873 3487 -273 -48 115 1
> 10367 6507 828 -330 -37 1
> 11732 4628 -292 13 -95 3
! 11838 4073 200 -18 200 Blocker
! 12522 2841 100 18 100
> 15108 4143 222 -461 -125 3
> 11576 3638 -252 127 97 1
> 11310 6013 801 -419 -55 1
> 11462 4543 -229 -71 -77 3
! -64755 -56038 200
! -610 102892 200
> 15108 4143 222 -461 -125 3
> 11576 3638 -252 127 97 1
> 11310 6013 801 -419 -55 1
> 11462 4543 -229 -71 -77 3
! 12073 3394 200 -18 200 Blocker
! 10452 2631 0 -18 0
> 15170 3562 52 -494 -143 3
> 11336 3679 -192 -60 97 1
> 12170 5403 730 -518 -73 1
> 11197 4757 -237 276 -95 3
! -64693 -56619 200
! -30925 94309 0
> 15170 3562 52 -494 -143 3
> 11336 3679 -192 -60 97 1
> 12170 5403 730 -518 -73 1
> 11197 4757 -237 276 -95 3
! 12184 2805 200 -18 200 Blocker
! 12093 3147 200 18 200
> 15062 2948 -91 -522 -143 3
> 11144 3619 -163 -51 115 1
> 12901 4685 621 -610 -90 1
> 11004 4838 -163 68 -77 3
! -79489 -29608 200
! -1042 102873 200
> 15062 2948 -91 -522 -143 3
> 11144 3619 -163 -51 115 1
> 12901 4685 621 -610 -90 1
> 11004 4838 -163 68 -77 3
! 12229 2295 200 -18 200 Blocker
! 12501 3463 200 18 200
> 14782 2361 -238 -499 -161 3
> 10957 3767 -159 125 97 1
> 13468 3882 481 -682 -106 1
> 10943 4734 -51 -88 -59 3
! -79769 -30195 200
! 30037 101929 200
> 14782 2361 -238 -499 -161 3
> 10957 3767 -159 125 97 1
> 13468 3882 481 -682 -106 1
> 10943 4734 -51 -88 -59 3
! 12215 1846 200 -18 200 Blocker
! 10700 2454 200 -18 200
> 14355 1797 -363 -479 -161 3
> 10827 3653 -113 -238 79 1
> 13844 3030 319 -724 -122 1
> 10946 4886 5 270 -77 3
! -85629 51 200
! 59307 91114 0
> 14355 1797 -363 -479 -161 3
> 10827 3653 -113 -238 79 1
> 13844 3030 319 -724 -122 1
> 10946 4886 5 270 -77 3
! 12123 1482 200 -18 200 Blocker
! 11446 3012 200 0 200
> 13792 1315 -478 -410 -179 3
> 10714 3415 -96 -202 61 1
> 14014 2172 144 -729 -138 1
> 11003 4963 48 65 -75 3
! -81838 30552 0
! 59194 90876 200
> 13792 1315 -478 -410 -179 3
> 10714 3415 -96 -202 61 1
> 14014 2172 144 -729 -138 1
> 11003 4963 48 65 -75 3
! 11970 1213 200 -18 200 Blocker
! 10263 2974 200 -18 200
> 13260 812 -484 -483 -197 3
> 10715 3388 0 -23 61 1
> 14031 1451 47 -557 -155 1
> 11040 4828 31 -114 -93 3
! -68655 58169 200
! 59195 90849 200
> 13260 812 -484 -483 -197 3
> 10715 3388 0 -23 61 1
> 14031 1451 47 -557 -155 1
> 11040 4828 31 -114 -93 3
! 11918 1314 200 -18 200 Blocker
! 10961 2617 100 0 100
> 12612 444 -550 -313 -215 3
> 10812 3540 82 129 61 1
> 13880 869 -128 -494 -173 1
> 11067 4614 23 -181 -92 3
! -47569 80307 0
! 59292 91001 200
> 12612 444 -550 -313 -215 3
> 10812 3540 82 129 61 1
> 13880 869 -128 -494 -173 1
> 11067 4614 23 -181 -92 3
! 11828 1442 200 -18 200 Blocker
! 9797 2778 100 -18 100
> 12062 131 -467 -266 -233 3
> 10931 3548 49 -245 61 1
> 13556 413 -275 -387 -191 1
> 11116 4635 93 270 -110 3
! -20494 94682 200
! 30011 101710 0
> 12062 131 -467 -266 -233 3
> 10931 3548 49 -245 61 1
> 13556 413 -275 -387 -191 1
> 11116 4635 93 270 -110 3
! 11781 1635 200 -18 200 Blocker
! 11815 2790 200 18 200
> 11530 54 -452 -65 -251 3
> 10980 3303 41 -208 79 1
> 13106 123 -382 -246 -209 1
> 11202 4705 72 59 -92 3
! 9784 100038 200
! 30060 101465 200
> 11530 54 -452 -65 -251 3
> 10980 3303 41 -208 79 1
> 13106 123 -382 -246 -209 1
> 11202 4705 72 59 -92 3
! 11794 1871 200 -18 200 Blocker
! 11197 2565 200 0 200
> 11075 189 -387 114 91 3
> 11059 3291 67 -9 79 1
> 12587 23 -440 -85 -227 1
> 11274 4564 60 -119 -90 3
! 40312 95819 200
! 30139 101453 200
> 11075 189 -387 114 91 3
> 11059 3291 67 -9 79 1
> 12587 23 -440 -85 -227 1
> 11274 4564 60 -119 -90 3
! 11879 2122 200 -18 200 Blocker
! 10041 2665 200 -18 200
> 10746 494 -279 259 73 3
> 11162 3463 29 -267 79 1
> 12062 119 -446 81 -245 1
> 11274 4271 57 163 -108 3
! 39983 96124 200
! -1024 102717 200
> 10746 494 -279 259 73 3
> 11162 3463 29 -267 79 1
> 12062 119 -446 81 -245 1
> 11274 4271 57 163 -108 3
! 12036 2360 200 -18 200 Blocker
! 12011 2342 200 18 200
> 10525 944 -187 382 73 3
> 11167 3395 3 -58 97 1
> 11591 398 -400 237 -263 1
> 11331 4234 48 -31 -90 3
! 8779 100928 200
! 30247 101557 200
> 10525 944 -187 382 73 3
> 11167 3395 3 -58 97 1
> 11591 398 -400 237 -263 1
> 11331 4234 48 -31 -90 3
! 12258 2559 200 -18 200 Blocker
! 10086 2423 200 -18 200
> 10335 1526 -161 494 91 3
> 11148 3231 -25 -185 79 1
> 11229 831 -307 368 -281 1
> 11377 4315 47 115 -108 3
! -22221 96077 200
! 30228 101393 200
> 10335 1526 -161 494 91 3
> 11148 3231 -25 -185 79 1
> 11229 831 -307 368 -281 1
> 11377 4315 47 115 -108 3
! 9992 3193 200 18 200 Blocker
! 12104 2338 200 18 200
> 10109 2209 -192 580 109 4
> 11161 3242 11 9 79 1
> 10897 1397 -282 481 -263 1
> 11424 4230 39 -72 -90 3
! 8363 102193 200
! 30241 101404 200
> 10109 2209 -192 580 109 4
> 11161 3242 11 9 79 1
> 10897 1397 -282 481 -263 1
> 11424 4230 39 -72 -90 3
! 11682 3802 200 -18 200 Blocker
! 10170 2378 200 -18 200
> 9914 2989 -166 662 91 4
> 11140 3211 -72 -207 79 1
> 10653 2074 -207 575 -281 1
> 11471 4204 94 158 -108 3
! -22642 97540 200
! 30220 101373 200
> 9914 2989 -166 662 91 4
> 11140 3211 -72 -207 79 1
> 10653 2074 -207 575 -281 1
> 11471 4204 94 158 -108 3
! 9516 4643 200 18 200 Blocker
! 9785 3069 200 -18 200
> 9683 3840 -196 723 109 4
> 11135 3220 167 125 79 1
> 10392 2827 -393 522 -263 1
> 11447 4200 -20 -2 -126 3
! -22873 98391 200
! -1051 102474 200
> 9683 3840 -196 723 109 4
> 11135 3220 167 125 79 1
> 10392 2827 -393 522 -263 1
> 11447 4200 -20 -2 -126 3
! 8499 4958 200 18 200 Blocker
! 10193 2499 100 0 100
> 9422 4752 -221 775 109 4
> 11222 3329 26 -94 97 1
> 9914 3530 -406 597 -245 1
> 11423 4332 27 299 -126 3
! -50759 84615 200
! -31039 93959 0
> 9422 4752 -221 775 109 4
> 11222 3329 26 -94 97 1
> 9914 3530 -406 597 -245 1
> 11423 4332 27 299 -126 3
! 8621 6030 100 0 100 Blocker
! 11450 2431 200 18 200
> 9081 5687 -290 794 127 4
> 11248 3235 22 -79 115 1
> 9462 4216 -384 582 117 1
> 11387 4441 -30 92 -108 3
! -72834 63044 0
! -938 102489 200
> 9081 5687 -290 794 127 4
> 11248 3235 22 -79 115 1
> 9462 4216 -384 582 117 1
> 11387 4441 -30 92 -108 3
! 9422 6971 200 -18 200 Blocker
! 12037 2441 200 18 200
> 8791 6481 -246 674 145 4
> 11246 3355 -2 101 97 1
> 9046 4995 -354 662 99 1
> 11356 4333 -26 -91 -90 3
! -86839 35718 0
! 30326 101517 200
> 8791 6481 -246 674 145 4
> 11246 3355 -2 101 97 1
> 9046 4995 -354 662 99 1
> 11356 4333 -26 -91 -90 3
! 8348 7830 200 0 200 Blocker
! 10037 2462 200 -18 200
> 8545 7155 -209 572 163 0
> 11247 3251 -13 -244 79 1
> 8644 5851 -341 727 104 1
> 11303 4454 -31 258 -108 3
! -91439 5409 0
! -939 102505 0
> 8545 7155 -209 572 163 0
> 11247 3251 -13 -244 79 1
> 8644 5851 -341 727 104 1
> 11303 4454 -31 258 -108 3
! 7795 8616 100 0 100 Blocker
! 11952 2620 200 18 200
> 8336 7727 -177 486 181 0
> 11234 3007 -11 -207 97 1
> 8274 6674 -314 699 107 1
> 11271 4512 -27 49 -90 3
! -86215 -24829 0
! -952 102261 200
> 8336 7727 -177 486 181 0
> 11234 3007 -11 -207 97 1
> 8274 6674 -314 699 107 1
> 11271 4512 -27 49 -90 3
! 8676 9453 SHIELD -18 SHIELD
! 11244 2361 200 0 200
> 8159 8213 -150 413 -161 0
> 11199 2999 -30 -7 97 1
> 7960 7373 -266 594 89 1
> 11241 4361 -25 -128 -91 3
! -71704 -51968 0
! -987 102253 200
> 8159 8213 -150 413 -161 0
> 11199 2999 -30 -7 97 1
> 7960 7373 -266 594 89 1
> 11241 4361 -25 -128 -91 3
! 6547 9605 SHIELD 18 SHIELD
! 9952 2556 100 -18 100
> 8052 8756 -61 550 -143 0
> 11145 3191 -46 162 97 1
> 7690 7954 -232 484 107 1
> 11184 4138 -48 -189 -109 3
! -49305 -73159 0
! -1041 102445 200
> 8052 8756 -61 550 -143 0
> 11145 3191 -46 162 97 1
> 7690 7954 -232 484 107 1
> 11184 4138 -48 -189 -109 3
! 8109 10329 0 -18 0 Blocker
! 9334 2687 200 -18 200
> 7991 9306 -51 467 -125 0
> 11061 2987 -74 -298 97 1
> 7458 8438 -197 411 89 1
> 11030 4353 -128 308 -127 3
! -21246 -86324 200
! -31200 93617 0
> 7991 9306 -51 467 -125 0
> 11061 2987 -74 -298 97 1
> 7458 8438 -197 411 89 1
> 11030 4353 -128 308 -127 3
! 8465 10446 0 -18 0 Blocker
! 10864 2461 200 18 200
> 7882 9582 -93 234 -107 0
> 10987 2689 -62 -253 115 1
> 7261 8849 -167 349 71 1
> 10838 4472 -163 100 -109 3
! -21355 -86048 200
! -1199 101943 200
> 7882 9582 -93 234 -107 0
> 10987 2689 -62 -253 115 1
> 7261 8849 -167 349 71 1
> 10838 4472 -163 100 -109 3
! 8732 10345 0 -18 0 Blocker
! 11318 2468 200 18 200
> 7764 9650 10 144 -107 0
> 10901 2635 -73 -46 97 1
> 7061 9172 -281 188 53 1
> 10672 4372 -140 -84 -91 3
! -21473 -85980 200
! -31360 93265 200
> 7764 9650 10 144 -107 0
> 10901 2635 -73 -46 97 1
> 7061 9172 -281 188 53 1
> 10672 4372 -140 -84 -91 3
! 8693 9945 0 -18 0 Blocker
! 10497 2288 0 0 0
> 7716 9603 -41 -40 -107 0
> 10743 2770 -133 114 115 1
> 6780 9360 -238 159 35 1
> 10532 4288 -119 -71 -95 3
! -21521 -86027 200
! -1443 102024 200
> 7716 9603 -41 -40 -107 0
> 10743 2770 -133 114 115 1
> 6780 9360 -238 159 35 1
> 10532 4288 -119 -71 -95 3
! 8542 9484 0 -18 0 Blocker
! 11546 2331 200 18 200
> 7617 9372 -84 -196 -107 0
> 10586 3083 -133 265 97 1
> 6542 9519 -202 135 17 1
> 10459 4022 -62 -225 -77 3
! -21620 -86258 200
! -1600 102337 0
> 7617 9372 -84 -196 -107 0
> 10586 3083 -133 265 97 1
> 6542 9519 -202 135 17 1
> 10459 4022 -62 -225 -77 3
! 8326 8970 100 -18 100 Blocker
! 11906 2485 0 18 0
> 7475 8985 -121 -329 -107 0
> 10499 3004 -57 -191 97 1
> 6440 9652 -86 113 -1 1
> 10351 4141 -108 225 -59 3
! 9220 -90999 200
! -1687 102258 200
> 7475 8985 -121 -329 -107 0
> 10499 3004 -57 -191 97 1
> 6440 9652 -86 113 -1 1
> 10351 4141 -108 225 -59 3
! 8031 8501 100 -18 100 Blocker
! 11376 2480 200 0 200
> 7357 8456 -99 -449 -89 0
> 10418 3012 -69 6 97 1
> 6449 9733 7 68 -19 1
> 10348 4196 -2 46 -58 3
! 9102 -91528 200
! 29498 101174 200
> 7357 8456 -99 -449 -89 0
> 10418 3012 -69 6 97 1
> 6449 9733 7 68 -19 1
> 10348 4196 -2 46 -58 3
! 7718 7999 200 -18 200 Blocker
! 10193 2047 200 -18 200
> 7261 7807 -81 -551 -89 0
> 10387 3214 -26 171 79 1
> 6616 9681 141 -44 -37 1
> 10393 4048 38 -126 -76 3
! 9006 -92177 200
! 29467 101376 200
> 7261 7807 -81 -551 -89 0
> 10387 3214 -26 171 79 1
> 6616 9681 141 -44 -37 1
> 10393 4048 38 -126 -76 3
! 7400 7533 200 -18 200 Blocker
! 9607 1882 200 -18 200
> 7183 7056 -65 -638 -89 0
> 10394 2923 5 -276 79 1
> 6872 9473 217 -176 -55 1
> 10421 4381 24 312 -94 3
! 8928 -92928 200
! -1792 102177 200
> 7183 7056 -65 -638 -89 0
> 10394 2923 5 -276 79 1
> 6872 9473 217 -176 -55 1
> 10421 4381 24 312 -94 3
! 7051 7097 200 -18 200 Blocker
! 11611 2827 200 18 200
> 7121 6218 -52 -712 -89 0
> 10375 2846 -16 -65 97 1
> 7148 9106 234 -312 -73 1
> 10492 4499 60 100 -76 3
! 39677 -88333 200
! 29455 101008 200
> 7121 6218 -52 -712 -89 0
> 10375 2846 -16 -65 97 1
> 7148 9106 234 -312 -73 1
> 10492 4499 60 100 -76 3
! 6666 6714 200 -18 200 Blocker
! 11084 2464 200 0 200
> 7134 5317 11 -765 -71 0
> 10397 2977 18 111 79 1
> 7379 8594 196 -435 -91 1
> 10608 4407 98 -78 -74 3
! 8879 -94667 200
! 58877 90438 200
> 7134 5317 11 -765 -71 0
> 10397 2977 18 111 79 1
> 7379 8594 196 -435 -91 1
> 10608 4407 98 -78 -74 3
! 6251 6402 200 -18 200 Blocker
! 9954 2262 200 -18 200
> 7148 4352 12 -820 -89 0
> 10512 3263 97 243 61 1
> 7510 7970 111 -530 -109 1
> 10700 4129 78 -236 -92 3
! -22089 -91278 0
! 58992 90724 SHIELD
> 7148 4352 12 -820 -89 0
> 10512 3263 97 243 61 1
> 7510 7970 111 -530 -109 1
> 10700 4129 78 -236 -92 3
! 6905 5360 200 0 200 Blocker
! 9485 2238 100 -18 100
> 7160 3532 10 -697 -107 0
> 10589 3420 62 120 61 1
> 7576 7245 55 -616 -103 1
> 10942 4657 235 578 -110 3
! -50197 -78383 200
! 29669 101582 0
> 7160 3532 10 -697 -107 0
> 10589 3420 62 120 61 1
> 7576 7245 55 -616 -103 1
> 10942 4657 235 578 -110 3
! 7136 4485 200 0 200 Blocker
! 10425 3168 200 0 200
> 7055 2671 -89 -731 -125 1
> 10651 3540 52 102 79 1
> 7600 6431 19 -691 -99 1
> 11111 5046 143 330 -109 3
! -72808 -57510 0
! 59131 91001 200
> 7055 2671 -89 -731 -125 1
> 10651 3540 52 102 79 1
> 7600 6431 19 -691 -99 1
> 11111 5046 143 330 -109 3
! 6063 4184 200 -18 200 Blocker
! 10538 3296 200 0 200
> 6966 1940 -75 -621 -143 1
> 10703 3642 44 86 61 1
> 7528 5562 -61 -738 -117 1
> 11192 5186 68 118 -108 3
! -87585 -30616 0
! 59183 91103 0
> 6966 1940 -75 -621 -143 1
> 10703 3642 44 86 61 1
> 7528 5562 -61 -738 -117 1
> 11192 5186 68 118 -108 3
! 6468 2864 200 0 200 Blocker
! 10580 3212 200 0 200
> 6891 1319 -63 -527 -161 1
> 10747 3728 37 73 61 1
> 7394 4638 -114 -785 -111 1
> 11201 5113 7 -62 -107 3
! -93093 -426 0
! 59227 91189 0
> 6891 1319 -63 -527 -161 1
> 10747 3728 37 73 61 1
> 7394 4638 -114 -785 -111 1
> 11201 5113 7 -62 -107 3
! 5435 2655 200 -18 200 Blocker
! 11924 2971 200 18 200
> 6828 792 -53 -447 -179 1
> 10784 3801 31 62 61 1
> 7153 3699 -204 -798 -129 1
> 11211 4851 8 -222 -89 3
! -88802 30029 200
! 83919 72000 0
> 6828 792 -53 -447 -179 1
> 10784 3801 31 62 61 1
> 7153 3699 -204 -798 -129 1
> 11211 4851 8 -222 -89 3
! 4824 2332 200 -18 200 Blocker
! 10014 2909 100 -18 100
> 6584 403 -207 -330 -197 1
> 10800 3835 -118 -216 43 1
> 6780 2793 -316 -769 -147 1
> 11205 4562 126 -1 -107 3
! -75331 57760 0
! 83935 72034 200
> 6584 403 -207 -330 -197 1
> 10800 3835 -118 -216 43 1
> 6780 2793 -316 -769 -147 1
> 11205 4562 126 -1 -107 3
! 4703 880 100 0 100 Blocker
! 10688 2457 200 0 200
> 6377 73 -175 -280 145 1
> 10781 3681 -46 -179 43 1
> 6390 1956 -331 -711 -137 1
> 11330 4441 137 -54 -104 3
! -53804 79936 0
! 83916 71880 200
> 6377 73 -175 -280 145 1
> 10781 3681 -46 -179 43 1
> 6390 1956 -331 -711 -137 1
> 11330 4441 137 -54 -104 3
! 4074 1001 0 -18 0 Blocker
! 10959 2349 100 0 100
> 6202 -207 -148 -238 127 1
> 10881 3638 85 -36 43 1
> 6059 1245 -281 -604 -155 1
> 11450 4289 101 -129 -100 3
! -26354 94344 0
! 101511 45899 200
> 6202 -207 -148 -238 127 1
> 10881 3638 85 -36 43 1
> 6059 1245 -281 -604 -155 1
> 11450 4289 101 -129 -100 3
! 3815 1023 0 -18 0 Blocker
! 9968 2632 200 -18 200
> 6054 -445 -125 -202 109 1
> 10900 3408 -20 -236 25 1
> 5778 641 -238 -513 -173 1
> 11704 4262 252 18 -118 3
! 4308 99539 200
! 84035 71607 0
> 6054 -445 -125 -202 109 1
> 10900 3408 -20 -236 25 1
> 5778 641 -238 -513 -173 1
> 11704 4262 252 18 -118 3
! 3791 1098 SHIELD -18 SHIELD
! 10923 2338 200 0 200
> 6017 -632 171 -568 91 1
> 10880 3172 -17 -200 43 1
> 5531 147 -230 -379 -191 1
> 11881 4095 150 -142 -112 3
! -26539 93919 200
! 101510 45433 200
> 6017 -632 171 -568 91 1
> 10880 3172 -17 -200 43 1
> 5531 147 -230 -379 -191 1
> 11881 4095 150 -142 -112 3
! 3937 1231 0 -18 0 Blocker
! 10165 2787 200 -18 200
> 6123 -1011 90 -322 109 1
> 11044 3057 139 -98 25 1
> 5301 -232 -195 -322 -209 1
> 11902 3800 18 -250 -130 3
! -54058 78852 200
! 84179 71256 200
> 6123 -1011 90 -322 109 1
> 11044 3057 139 -98 25 1
> 5301 -232 -195 -322 -209 1
> 11902 3800 18 -250 -130 3
! 4261 1259 0 -18 0 Blocker
! 9882 3042 100 -18 100
> 6093 -1173 -25 -137 127 1
> 11210 2997 -77 -231 43 1
> 5106 -554 -165 -273 -227 1
> 11954 3595 263 7 -148 3
! -26463 93378 200
! 84345 71196 200
> 6093 -1173 -25 -137 127 1
> 11210 2997 -77 -231 43 1
> 5106 -554 -165 -273 -227 1
> 11954 3595 263 7 -148 3
! 4697 1158 0 -18 0 Blocker
! 11393 1562 200 18 200
> 6003 -1121 -76 44 109 1
> 11279 2902 58 -80 43 1
> 4941 -827 -140 -232 -245 1
> 12088 3449 114 -124 -130 3
! -26553 93430 200
! 101909 45163 0
> 6003 -1121 -76 44 109 1
> 11279 2902 58 -80 43 1
> 4941 -827 -140 -232 -245 1
> 12088 3449 114 -124 -130 3
! 5221 1101 200 -18 200 Blocker
! 10067 2793 200 -18 200
> 5862 -888 -119 198 109 1
> 11337 2822 49 -68 25 1
> 4778 -860 -138 -28 -263 1
> 12032 3219 -47 -195 -148 3
! -26694 93663 200
! 101967 45083 200
> 5862 -888 -119 198 109 1
> 11337 2822 49 -68 25 1
> 4778 -860 -138 -28 -263 1
> 12032 3219 -47 -195 -148 3
! 5707 1036 200 -18 200 Blocker
! 9790 3177 200 -18 200
> 5678 -501 -156 329 109 1
> 11100 2572 -201 -212 25 1
> 4679 -692 -83 142 -281 1
> 12258 3243 192 20 -166 3
! -54503 79362 200
! 84235 70771 200
> 5678 -501 -156 329 109 1
> 11100 2572 -201 -212 25 1
> 4679 -692 -83 142 -281 1
> 12258 3243 192 20 -166 3
! 5016 1610 200 0 200 Blocker
! 11036 1578 200 18 200
> 5402 -12 -234 415 127 1
> 11045 2496 -46 -64 43 1
> 4625 -352 -45 288 82 1
> 12280 3157 18 -72 -148 3
! -54779 79851 200
! 101675 44757 200
> 5402 -12 -234 415 127 1
> 11045 2496 -46 -64 43 1
> 4625 -352 -45 288 82 1
> 12280 3157 18 -72 -148 3
! 3547 1878 SHIELD 18 SHIELD
! 10517 1972 100 0 100
> 5160 637 -152 587 127 1
> 11180 2517 114 17 25 1
> 4569 -71 -53 234 100 1
> 12215 3029 -55 -108 -146 3
! -27396 95188 200
! 101810 44778 200
> 5160 637 -152 587 127 1
> 11180 2517 114 17 25 1
> 4569 -71 -53 234 100 1
> 12215 3029 -55 -108 -146 3
! 4134 2330 200 0 200 Blocker
! 9961 2998 200 -18 200
> 4943 1413 -184 659 109 1
> 11253 2508 -208 -142 25 1
> 4516 163 -45 198 100 1
> 12190 2977 248 90 -164 3
! -27613 95964 200
! 101883 44769 200
> 4943 1413 -184 659 109 1
> 11253 2508 -208 -142 25 1
> 4516 163 -45 198 100 1
> 12190 2977 248 90 -164 3
! 5435 2338 200 -18 200 Blocker
! 11084 1333 200 18 200
> 4694 2261 -211 720 109 1
> 11226 2451 -22 -48 25 1
> 4471 361 -38 168 82 1
> 12272 2955 69 -18 -146 3
! -27862 96812 200
! 101856 44712 200
> 4694 2261 -211 720 109 1
> 11226 2451 -22 -48 25 1
> 4471 361 -38 168 82 1
> 12272 2955 69 -18 -146 3
! 4739 2708 200 0 200 Blocker
! 10142 3014 200 -18 200
> 4418 3170 -234 772 109 1
> 11385 2488 135 31 25 1
> 4433 529 -32 142 83 1
> 12149 2882 -104 -61 -164 3
! 2672 103154 200
! 102015 44749 200
> 4418 3170 -234 772 109 1
> 11385 2488 135 31 25 1
> 4433 529 -32 142 83 1
> 12149 2882 -104 -61 -164 3
! 3334 2595 200 18 200 Blocker
! 9978 3573 200 -18 200
> 4181 4142 -201 826 91 1
> 11202 2336 -200 -153 25 1
> 4361 867 -61 287 101 1
> 12345 3096 211 205 -182 3
! 33418 99772 0
! 84337 70535 200
> 4181 4142 -201 826 91 1
> 11202 2336 -200 -153 25 1
> 4361 867 -61 287 101 1
> 12345 3096 211 205 -182 3
! 5230 3148 200 -18 200 Blocker
! 10732 2071 200 18 200
> 3980 4968 -170 702 73 2
> 11148 2319 -45 -14 43 1
> 4323 1353 -32 412 83 1
> 12364 3246 15 127 -164 3
! 61337 86883 0
! 59628 89780 200
> 3980 4968 -170 702 73 2
> 11148 2319 -45 -14 43 1
> 4323 1353 -32 412 83 1
> 12364 3246 15 127 -164 3
! 4559 3949 200 0 200 Blocker
! 11025 1639 200 18 200
> 3810 5670 -144 596 55 2
> 11200 2480 44 136 61 1
> 4309 1964 -11 519 85 1
> 12213 3261 -128 13 -146 3
! 83673 65851 200
! 84335 70679 200
> 3810 5670 -144 596 55 2
> 11200 2480 44 136 61 1
> 4309 1964 -11 519 85 1
> 12213 3261 -128 13 -146 3
! 4490 4675 200 0 200 Blocker
! 10261 2044 200 0 200
> 3826 6386 13 608 37 2
> 11288 2672 -245 -88 43 1
> 4311 2683 1 610 86 1
> 12018 3249 154 240 -148 3
! 98377 38942 200
! 101918 44933 0
> 3826 6386 13 608 37 2
> 11288 2672 -245 -88 43 1
> 4311 2683 1 610 86 1
> 12018 3249 154 240 -148 3
! 5726 4978 200 -18 200 Blocker
! 11348 1449 200 18 200
> 4028 7059 171 572 19 2
> 11043 2584 -208 -74 25 1
> 4386 3479 64 676 68 1
> 12043 3336 21 73 -130 3
! 104012 8804 200
! 101673 44845 200
> 4028 7059 171 572 19 2
> 11043 2584 -208 -74 25 1
> 4386 3479 64 676 68 1
> 12043 3336 21 73 -130 3
! 6316 5321 200 -18 200 Blocker
! 10650 1724 200 0 200
> 4399 7634 315 489 1 2
> 11016 2595 -22 8 25 1
> 4578 4309 163 705 50 1
> 11933 3258 -93 -66 -131 3
! 100029 -21603 200
! 101646 44856 200
> 4399 7634 315 489 1 2
> 11016 2595 -22 8 25 1
> 4578 4309 163 705 50 1
> 11933 3258 -93 -66 -131 3
! 6876 5546 200 -18 200 Blocker
! 9696 2697 200 -18 200
> 4905 8065 430 365 -17 2
> 11045 2587 -198 -178 25 1
> 4910 5121 282 689 32 1
> 11799 3189 109 112 -149 3
! 100535 -21172 200
! 84180 70786 200
> 4905 8065 430 365 -17 2
> 11045 2587 -198 -178 25 1
> 4910 5121 282 689 32 1
> 11799 3189 109 112 -149 3
! 7058 6976 200 0 200 Blocker
! 11048 1276 200 18 200
> 5526 8372 528 260 -17 2
> 10993 2545 -43 -35 43 1
> 5343 5941 368 696 41 1
> 11777 3150 -18 -33 -131 3
! 87441 -48985 200
! 84128 70744 200
> 5526 8372 528 260 -17 2
> 10993 2545 -43 -35 43 1
> 5343 5941 368 696 41 1
> 11777 3150 -18 -33 -131 3
! 7903 6829 200 -18 200 Blocker
! 9615 2622 200 -18 200
> 6218 8517 588 123 -35 2
> 10948 2533 -166 -107 43 1
> 5895 6715 469 657 23 1
> 11736 3127 93 78 -149 3
! 88133 -48840 200
! 84083 70732 200
> 6218 8517 588 123 -35 2
> 10948 2533 -166 -107 43 1
> 5895 6715 469 657 23 1
> 11736 3127 93 78 -149 3
! 8508 6877 200 -18 200 Blocker
! 9943 2072 200 0 200
> 6970 8525 639 7 -35 2
> 10928 2562 -16 24 43 1
> 6563 7389 568 572 5 1
> 11657 3104 -67 -19 -150 3
! 88885 -48832 200
! 84063 70761 200
> 6970 8525 639 7 -35 2
> 10928 2562 -16 24 43 1
> 6563 7389 568 572 5 1
> 11657 3104 -67 -19 -150 3
! 9017 6828 SHIELD -18 SHIELD
! 9685 1985 200 0 200
> 7792 8432 969 134 -35 2
> 10773 2510 -205 -98 43 1
> 7129 7959 454 463 -13 1
> 11701 3198 111 135 -150 3
! 67973 -71431 200
! 101403 44771 200
> 7792 8432 969 134 -35 2
> 10773 2510 -205 -98 43 1
> 7129 7959 454 463 -13 1
> 11701 3198 111 135 -150 3
! 9026 6762 200 -18 200 Blocker
! 10917 1323 200 18 200
> 8881 8406 925 -21 -53 2
> 10749 2497 -20 -11 25 1
> 7583 8422 385 393 -31 1
> 11677 3185 -20 -10 -132 3
! 41437 -86145 200
! 83884 70696 200
> 8881 8406 925 -21 -53 2
> 10749 2497 -20 -11 25 1
> 7583 8422 385 393 -31 1
> 11677 3185 -20 -10 -132 3
! 8828 6790 200 -18 200 Blocker
! 9505 2718 200 -18 200
> 9871 8196 841 -178 -71 2
> 10842 2598 -162 -95 43 1
> 7968 8815 327 334 -49 1
> 11516 3101 105 109 -150 3
! 42427 -86355 200
! 101472 44859 200
> 9871 8196 841 -178 -71 2
> 10842 2598 -162 -95 43 1
> 7968 8815 327 334 -49 1
> 11516 3101 105 109 -150 3
! 9738 7489 200 0 200 Blocker
! 9716 2110 200 0 200
> 10777 7829 770 -312 -71 2
> 10832 2563 -78 -89 25 1
> 8295 9149 277 283 -37 1
> 11475 3138 34 91 -151 3
! 43333 -86722 200
! 83967 70762 200
> 10777 7829 770 -312 -71 2
> 10832 2563 -78 -89 25 1
> 8295 9149 277 283 -37 1
> 11475 3138 34 91 -151 3
! 9215 7328 200 -18 200 Blocker
! 10579 1235 200 18 200
> 11612 7328 709 -425 -71 2
> 10792 2510 -77 -85 43 1
> 8687 9268 333 101 -55 1
> 11481 3183 48 78 -133 3
! 13357 -92656 0
! 83927 70709 200
> 11612 7328 709 -425 -71 2
> 10792 2510 -77 -85 43 1
> 8687 9268 333 101 -55 1
> 11481 3183 48 78 -133 3
! 10282 7567 200 0 200 Blocker
! 10029 1652 200 0 200
> 12321 6903 602 -361 -89 2
> 10836 2535 -70 -89 43 1
> 9157 9223 399 -38 -47 1
> 11417 3142 52 75 -133 3
! -16916 -88727 200
! 83971 70734 200
> 12321 6903 602 -361 -89 2
> 10836 2535 -70 -89 43 1
> 9157 9223 399 -38 -47 1
> 11417 3142 52 75 -133 3
! 9824 7001 200 -18 200 Blocker
! 9309 2797 200 -18 200
> 12865 6351 461 -469 -107 2
> 10800 2459 -56 -93 43 1
> 9641 9004 411 -186 -65 1
> 11405 3245 16 116 -151 3
! -44492 -75564 0
! 59280 89920 200
> 12865 6351 461 -469 -107 2
> 10800 2459 -56 -93 43 1
> 9641 9004 411 -186 -65 1
> 11405 3245 16 116 -151 3
! 10982 6824 200 0 200 Blocker
! 10534 1458 100 18 100
> 13326 5882 391 -398 -125 2
> 10841 2541 34 69 61 1
> 10157 8648 438 -302 -58 1
> 11352 3288 -44 36 -133 3
! -66537 -54299 200
! 59321 90002 200
> 13326 5882 391 -398 -125 2
> 10841 2541 34 69 61 1
> 10157 8648 438 -302 -58 1
> 11352 3288 -44 36 -133 3
! 10442 6151 200 -18 200 Blocker
! 9808 1715 200 0 200
> 13557 5364 196 -440 -143 3
> 10773 2483 -106 -123 61 1
> 10642 8152 412 -421 -76 1
> 11367 3483 61 240 -134 3
! -80994 -27192 200
! 83908 70682 200
> 13557 5364 196 -440 -143 3
> 10773 2483 -106 -123 61 1
> 10642 8152 412 -421 -76 1
> 11367 3483 61 240 -134 3
! 11586 5596 200 0 200 Blocker
! 11122 1544 200 18 200
> 13564 4859 5 -429 -161 3
> 10813 2496 34 11 43 1
> 11123 7543 409 -517 -70 1
> 11339 3544 -23 51 -116 3
! -80987 -27697 200
! 83948 70695 200
> 13564 4859 5 -429 -161 3
> 10813 2496 34 11 43 1
> 11123 7543 409 -517 -70 1
> 11339 3544 -23 51 -116 3
! 10926 4911 200 -18 200 Blocker
! 10352 1618 200 0 200
> 13380 4365 -156 -419 -161 3
> 10993 2643 153 125 43 1
> 11540 6826 354 -609 -88 1
> 11225 3417 -97 -107 -117 3
! -81171 -28191 200
! 59473 90104 200
> 13380 4365 -156 -419 -161 3
> 10993 2643 153 125 43 1
> 11540 6826 354 -609 -88 1
> 11225 3417 -97 -107 -117 3
! 10664 4393 200 -18 200 Blocker
! 9257 2357 100 -18 100
> 13035 3881 -293 -411 -161 3
> 11082 2398 74 -214 61 1
> 11840 6024 254 -681 -106 1
> 11218 3784 -4 318 -135 3
! -86949 2135 200
! 30162 100560 0
> 13035 3881 -293 -411 -161 3
> 11082 2398 74 -214 61 1
> 11840 6024 254 -681 -106 1
> 11218 3784 -4 318 -135 3
! 10360 3989 200 -18 200 Blocker
! 10885 2028 100 18 100
> 12542 3467 -419 -352 -179 3
> 11156 2184 62 -181 79 1
> 11983 5177 121 -720 -124 1
> 11168 4013 -42 194 -117 3
! -83088 32704 200
! -1030 101438 0
> 12542 3467 -419 -352 -179 3
> 11156 2184 62 -181 79 1
> 11983 5177 121 -720 -124 1
> 11168 4013 -42 194 -117 3
! 10037 3705 200 -18 200 Blocker
! 11470 2034 200 18 200
> 11932 3173 -518 -249 -197 3
> 11218 2003 52 -153 97 1
> 11947 4333 -30 -717 -142 1
> 11094 4010 -62 -2 -99 3
! -88052 1427 200
! -31043 92633 200
> 11932 3173 -518 -249 -197 3
> 11218 2003 52 -153 97 1
> 11947 4333 -30 -717 -142 1
> 11094 4010 -62 -2 -99 3
! 9718 3539 SHIELD -18 SHIELD
! 11985 2137 100 18 100
> 11214 2921 -610 -214 -179 3
> 11185 2031 -27 24 115 1
> 11917 3616 -25 -609 -160 1
> 11047 3909 -39 -85 -81 3
! -84416 32158 SHIELD
! -57014 75166 200
> 11214 2921 -610 -214 -179 3
> 11185 2031 -27 24 115 1
> 11917 3616 -25 -609 -160 1
> 11047 3909 -39 -85 -81 3
! 9777 3613 200 -18 200 Blocker
! 10055 1953 100 -18 100
> 10599 2753 -523 -130 -197 4
> 11068 1740 -86 -374 133 1
> 11892 3007 -21 -517 -178 1
> 10992 3725 -46 -156 -99 3
! -71316 60110 0
! -76393 50221 200
> 10599 2753 -523 -130 -197 4
> 11068 1740 -86 -374 133 1
> 11892 3007 -21 -517 -178 1
> 10992 3725 -46 -156 -99 3
! 10047 3720 200 -18 200 Blocker
! 9461 2084 100 -18 100
> 10076 2623 -444 -110 -215 4
> 10807 1463 -221 -235 151 1
> 11871 2490 -17 -439 -196 1
> 10900 3480 -77 -208 -117 3
! -50105 82486 0
! -57392 74598 200
> 10076 2623 -444 -110 -215 4
> 10807 1463 -221 -235 151 1
> 11871 2490 -17 -439 -196 1
> 10900 3480 -77 -208 -117 3
! 10500 3785 200 -18 200 Blocker
! 9041 2364 0 -18 0
> 9632 2513 -377 -93 -233 4
> 10450 1374 -303 -75 133 1
> 11854 2051 -14 -373 -214 1
> 10823 3272 -65 -176 -135 3
! -22924 97064 0
! -57749 74509 200
> 9632 2513 -377 -93 -233 4
> 10450 1374 -303 -75 133 1
> 11854 2051 -14 -373 -214 1
> 10823 3272 -65 -176 -135 3
! 10016 2908 200 0 200 Blocker
! 8783 2783 0 -18 0
> 9255 2420 -320 -79 -251 4
> 10011 1445 -373 60 133 1
> 11659 1763 -165 -245 155 1
> 10758 3096 -55 -149 -153 3
! 7509 102404 200
! -32250 92075 200
> 9255 2420 -320 -79 -251 4
> 10011 1445 -373 60 133 1
> 11659 1763 -165 -245 155 1
> 10758 3096 -55 -149 -153 3
! 10427 3442 200 -18 200 Blocker
! 8728 3260 0 -18 0
> 8932 2541 -274 102 91 4
> 9553 1686 -388 205 115 1
> 11348 1654 -264 -92 137 1
> 10703 2947 -46 -126 -171 3
! 38169 98171 200
! -2633 100940 200
> 8932 2541 -274 102 91 4
> 9553 1686 -388 205 115 1
> 11348 1654 -264 -92 137 1
> 10703 2947 -46 -126 -171 3
! 10664 3722 200 -18 200 Blocker
! 8786 3774 100 -18 100
> 8716 2834 -183 249 73 4
> 9141 2090 -350 342 97 1
> 10987 1737 -306 70 119 1
> 10558 2837 -123 -93 -189 4
! 66073 84749 200
! 28221 100252 0
> 8716 2834 -183 249 73 4
> 9141 2090 -350 342 97 1
> 10987 1737 -306 70 119 1
> 10558 2837 -123 -93 -189 4
! 10949 3991 200 -18 200 Blocker
! 8879 4300 200 -18 200
> 8648 3247 -58 350 55 4
> 8791 2432 -297 290 79 1
> 10643 2003 -292 226 101 1
> 10257 2835 -255 -1 -207 4
! 37885 98877 200
! -3395 101686 0
> 8648 3247 -58 350 55 4
> 8791 2432 -297 290 79 1
> 10643 2003 -292 226 101 1
> 10257 2835 -255 -1 -207 4
! 9931 4389 200 0 200 Blocker
! 9003 4794 200 -18 200
> 8648 3788 0 460 73 4
> 8494 2722 -252 246 97 1
> 10349 2328 -197 189 107 1
> 9806 3068 -435 285 -225 4
! 6902 103772 200
! -33767 93352 0
> 8648 3788 0 460 73 4
> 8494 2722 -252 246 97 1
> 10349 2328 -197 189 107 1
> 9806 3068 -435 285 -225 4
! 9509 4621 200 0 200 Blocker
! 9042 5427 100 -18 100
> 8645 4448 -2 560 91 4
> 8242 2968 -214 209 115 1
> 10083 2705 -225 320 110 1
> 9326 3442 -408 318 -243 4
! 6899 104432 200
! -59957 76103 0
> 8645 4448 -2 560 91 4
> 8242 2968 -214 209 115 1
> 10083 2705 -225 320 110 1
> 9326 3442 -408 318 -243 4
! 9106 5092 200 0 200 Blocker
! 9262 5933 200 -18 200
> 8640 5208 -4 645 91 4
> 8028 3177 -181 177 133 1
> 9782 3210 -255 429 112 1
> 8887 3958 -373 438 -261 4
! 37877 100838 200
! -34233 93807 0
> 8640 5208 -4 645 91 4
> 8028 3177 -181 177 133 1
> 9782 3210 -255 429 112 1
> 8887 3958 -373 438 -261 4
! 10059 5774 200 -18 200 Blocker
! 9422 6178 0 -18 0
> 8694 6044 46 710 73 4
> 7847 3354 -153 150 115 1
> 9512 3838 -229 534 94 1
> 8514 4396 -317 372 -279 4
! 66051 87959 200
! -34414 93984 0
> 8694 6044 46 710 73 4
> 7847 3354 -153 150 115 1
> 9512 3838 -229 534 94 1
> 8514 4396 -317 372 -279 4
! 10449 6238 200 -18 200 Blocker
! 9682 6253 100 -18 100
> 8855 6918 136 742 55 0
> 7694 3504 -130 127 115 1
> 9331 4566 -154 619 76 1
> 8243 4857 -230 391 -297 4
! 88718 67099 0
! -4492 102758 0
> 8855 6918 136 742 55 0
> 7694 3504 -130 127 115 1
> 9331 4566 -154 619 76 1
> 8243 4857 -230 391 -297 4
! 9709 7320 200 0 200 Blocker
! 9795 6156 0 -18 0
> 8991 7660 115 630 37 0
> 7564 3631 -110 107 97 1
> 9204 5383 -107 694 82 1
> 8013 5248 -195 332 -315 4
! 103542 40216 0
! 26644 101793 0
> 8991 7660 115 630 37 0
> 7564 3631 -110 107 97 1
> 9204 5383 -107 694 82 1
> 8013 5248 -195 332 -315 4
! 9403 8256 200 0 200 Blocker
! 9991 5924 200 -18 200
> 9106 8290 97 535 19 0
> 7454 3738 -93 90 79 1
> 9111 6277 -79 759 86 1
> 7996 5670 -14 359 -333 4
! 109090 10035 200
! 55934 91199 0
> 9106 8290 97 535 19 0
> 7454 3738 -93 90 79 1
> 9111 6277 -79 759 86 1
> 7996 5670 -14 359 -333 4
! 10382 8645 100 -18 100 Blocker
! 10056 5700 100 -18 100
> 9403 8828 252 457 1 0
> 7361 3828 -79 76 61 1
> 9069 7129 -35 723 68 1
> 8081 6044 72 318 -351 4
! 105033 -20409 200
! 80496 72027 0
> 9403 8828 252 457 1 0
> 7361 3828 -79 76 61 1
> 9069 7129 -35 723 68 1
> 8081 6044 72 318 -351 4
! 10900 9018 200 -18 200 Blocker
! 10024 5409 100 -18 100
> 9846 9227 376 338 -17 0
> 7282 3904 -67 64 43 1
> 9162 8005 79 744 50 1
> 8252 6346 145 256 -369 4
! 91761 -48130 200
! 97912 46165 0
> 9846 9227 376 338 -17 0
> 7282 3904 -67 64 43 1
> 9162 8005 79 744 50 1
> 8252 6346 145 256 -369 4
! 11182 9233 0 -18 0 Blocker
! 9811 5188 0 -18 0
> 10386 9450 458 189 -35 0
> 7215 3968 -56 54 25 1
> 9241 8749 67 632 32 1
> 8397 6602 123 217 -387 4
! 70567 -70413 200
! 97845 46229 0
> 10386 9450 458 189 -35 0
> 7215 3968 -56 54 25 1
> 9241 8749 67 632 32 1
> 8397 6602 123 217 -387 4
! 11503 9228 200 -18 200 Blocker
! 9428 5037 0 -18 0
> 10964 9479 491 24 -53 0
> 7159 4022 -47 45 25 1
> 9502 9430 221 578 14 1
> 8520 6819 104 184 -405 4
! 43520 -85072 200
! 106413 16208 0
> 10964 9479 491 24 -53 0
> 7159 4022 -47 45 25 1
> 9502 9430 221 578 14 1
> 8520 6819 104 184 -405 4
! 11763 9184 200 -18 200 Blocker
! 8953 4929 100 -18 100
> 11520 9314 472 -140 -71 0
> 7112 4067 -39 38 7 1
> 9923 9994 357 479 -4 1
> 8669 6914 126 80 -423 0
! 13265 -90670 200
! 106366 16253 0
> 11520 9314 472 -140 -71 0
> 7112 4067 -39 38 7 1
> 9923 9994 357 479 -4 1
> 8669 6914 126 80 -423 0
! 11965 9059 200 -18 200 Blocker
! 8451 4821 200 -18 200
> 11995 8974 404 -288 -89 0
> 7073 4105 -33 32 7 1
> 10465 10398 461 343 -22 1
> 8826 6796 133 -99 -441 0
! -17242 -86656 200
! 105235 -14975 0
> 11995 8974 404 -288 -89 0
> 7073 4105 -33 32 7 1
> 10465 10398 461 343 -22 1
> 8826 6796 133 -99 -441 0
! 12092 8875 200 -18 200 Blocker
! 7960 4737 200 -18 200
> 12341 8495 293 -407 -107 0
> 7040 4137 -28 27 -11 1
> 11079 10613 522 182 -40 1
> 8927 6500 86 -251 -459 0
! -45016 -73420 0
! 94501 -44344 0
> 12341 8495 293 -407 -107 0
> 7040 4137 -28 27 -11 1
> 11079 10613 522 182 -40 1
> 8927 6500 86 -251 -459 0
! 12133 8660 200 -18 200 Blocker
! 7457 4693 200 -18 200
> 12634 8088 249 -345 -125 0
> 7012 4164 -23 22 -29 1
> 11707 10625 533 10 -58 1
> 8922 6071 -4 -364 -477 0
! -67229 -52093 200
! 105174 -14917 200
> 12634 8088 249 -345 -125 0
> 7012 4164 -23 22 -29 1
> 11707 10625 533 10 -58 1
> 8922 6071 -4 -364 -477 0
! 12087 8440 200 -18 200 Blocker
! 7919 3747 200 0 200
> 12723 7623 75 -395 -143 0
> 7185 4148 147 -13 -11 1
> 12289 10441 494 -156 -76 1
> 8839 5523 -70 -465 -113 0
! -81828 -24933 0
! 105347 -14933 0
> 12723 7623 75 -395 -143 0
> 7185 4148 147 -13 -11 1
> 12289 10441 494 -156 -76 1
> 8839 5523 -70 -465 -113 0
! 11959 8245 200 -18 200 Blocker
! 6883 3925 200 -18 200
> 12798 7228 63 -335 -161 0
> 7332 4135 124 -11 -11 1
> 12769 10085 408 -302 -94 1
> 8637 4908 -171 -522 -131 0
! -67065 -52953 200
! 105494 -14946 200
> 12798 7228 63 -335 -161 0
> 7332 4135 124 -11 -11 1
> 12769 10085 408 -302 -94 1
> 8637 4908 -171 -522 -131 0
! 11763 8098 200 -18 200 Blocker
! 7023 2726 200 0 200
> 12701 6773 -82 -387 -143 0
> 7562 4060 -348 -217 -11 1
> 13102 9598 283 -414 -112 1
> 8437 4251 374 -404 -126 0
! -81850 -25783 200
! 105724 -15021 200
> 12701 6773 -82 -387 -143 0
> 7562 4060 -348 -217 -11 1
> 13102 9598 283 -414 -112 1
> 8437 4251 374 -404 -126 0
! 11519 8018 200 -18 200 Blocker
! 6719 3167 200 -18 200
> 12430 6321 -230 -384 -161 0
> 7410 3805 -128 -216 -11 1
> 13257 9031 131 -482 -130 1
> 8648 3731 179 -442 -144 0
! -67433 -53860 200
! 94871 -44676 200
> 12430 6321 -230 -384 -161 0
> 7410 3805 -128 -216 -11 1
> 13257 9031 131 -482 -130 1
> 8648 3731 179 -442 -144 0
! 11253 8017 200 -18 200 Blocker
! 6627 3289 200 -18 200
> 12040 5817 -331 -428 -143 0
> 7457 3492 39 -266 -29 1
> 13218 8443 -32 -499 -148 1
> 8636 3229 -9 -426 -162 0
! -82511 -26739 200
! 94918 -44989 200
> 12040 5817 -331 -428 -143 0
> 7457 3492 39 -266 -29 1
> 13218 8443 -32 -499 -148 1
> 8636 3229 -9 -426 -162 0
! 11320 6778 200 0 200 Blocker
! 6535 3483 200 -18 200
> 11520 5324 -442 -419 -161 0
> 7671 3129 181 -308 -29 1
> 13036 7812 -154 -536 -139 1
> 8427 2805 -177 -360 -180 0
! -83031 -27232 200
! 75870 -70006 SHIELD
> 11520 5324 -442 -419 -161 0
> 7671 3129 181 -308 -29 1
> 13036 7812 -154 -536 -139 1
> 8427 2805 -177 -360 -180 0
! 11222 5833 200 0 200 Blocker
! 6470 3738 200 -18 200
> 10889 4840 -536 -411 -161 0
> 7772 2857 82 -230 -47 1
> 12747 7129 -245 -580 -133 1
> 8864 2153 402 -568 -198 0
! -68974 -55341 200
! 95233 -45624 0
> 10889 4840 -536 -411 -161 0
> 7772 2857 82 -230 -47 1
> 12747 7129 -245 -580 -133 1
> 8864 2153 402 -568 -198 0
! 10342 6129 200 -18 200 Blocker
! 7973 3365 200 -18 200
> 10193 4309 -591 -451 -143 0
> 7854 2627 69 -195 -29 1
> 12328 6451 -356 -576 -151 1
> 9105 1704 205 -381 -216 0
! -84358 -28247 200
! 76053 -70508 0
> 10193 4309 -591 -451 -143 0
> 7854 2627 69 -195 -29 1
> 12328 6451 -356 -576 -151 1
> 9105 1704 205 -381 -216 0
! 10048 4808 200 0 200 Blocker
! 7530 2616 200 0 200
> 9413 3793 -663 -438 -161 0
> 7923 2432 58 -165 -47 1
> 11810 5758 -440 -588 -144 1
> 9137 1423 27 -238 150 0
! -90571 2047 200
! 50184 -88198 0
> 9413 3793 -663 -438 -161 0
> 7923 2432 58 -165 -47 1
> 11810 5758 -440 -588 -144 1
> 9137 1423 27 -238 150 0
! 9170 5170 200 -18 200 Blocker
! 7259 2285 200 0 200
> 8550 3352 -733 -375 -179 0
> 7981 2267 49 -140 -65 1
> 11180 5109 -535 -551 -162 1
> 8982 1268 -131 -131 155 0
! -87080 32589 0
! 50242 -88363 200
> 8550 3352 -733 -375 -179 0
> 7981 2267 49 -140 -65 1
> 11180 5109 -535 -551 -162 1
> 8982 1268 -131 -131 155 0
! 8553 5238 200 -18 200 Blocker
! 7784 3061 200 -18 200
> 7817 2977 -623 -318 -197 0
> 8115 1946 113 -273 -65 1
> 10445 4559 -624 -467 -180 1
> 8704 1273 -236 3 137 0
! -74098 60334 0
! 50376 -88684 0
> 7817 2977 -623 -318 -197 0
> 8115 1946 113 -273 -65 1
> 10445 4559 -624 -467 -180 1
> 8704 1273 -236 3 137 0
! 7621 4092 200 0 200 Blocker
! 6859 2776 200 0 200
