@ 0 reCurse
@ 1 jrke
CP 6
CP 7677 5964
CP 3148 7517
CP 9516 4377
CP 14535 7793
CP 6325 4309
CP 7784 838
> 7839 6437 0 0 -1 1
> 7515 5491 0 0 -1 1
> 8164 7383 0 0 -1 1
> 7190 4545 0 0 -1 1
! -77909 57888 200
! -91763 17484 200
> 7839 6437 0 0 -1 1
> 7515 5491 0 0 -1 1
> 8164 7383 0 0 -1 1
> 7190 4545 0 0 -1 1
! 5964 7423 200 0 200
! 5416 5846 200 0 200
> 7668 6540 -145 87 149 1
> 7316 5515 -168 20 173 1
> 7964 7387 -169 3 179 1
> 7029 4663 -137 100 144 1
! -78048 58043 200
! -90846 -13565 200
> 7668 6540 -145 87 149 1
> 7316 5515 -168 20 173 1
> 7964 7387 -169 3 179 1
> 7029 4663 -137 100 144 1
! 5595 7428 200 0 200
! 5112 6056 200 0 200
> 7316 6631 -330 -10 149 1
> 6999 5634 -242 180 -169 1
> 7631 7493 -252 177 179 1
> 6683 4743 -321 -11 144 1
! -90120 29126 200
! -92255 17821 200
> 7316 6631 -330 -10 149 1
> 6999 5634 -242 180 -169 1
> 7631 7493 -252 177 179 1
> 6683 4743 -321 -11 144 1
! 5179 7708 200 0 200
! 5682 6824 200 -18 200 Blocker
> 6791 6666 -446 29 167 1
> 6558 5838 -374 173 173 1
> 7180 7687 -383 165 175 1
> 6244 4894 -372 128 126 1
! -92828 -2049 200
! -84072 48099 0
> 6791 6666 -446 29 167 1
> 6558 5838 -374 173 173 1
> 7180 7687 -383 165 175 1
> 6244 4894 -372 128 126 1
! 4605 8044 200 0 200
! 5872 7222 200 -18 200 Blocker
> 6178 6839 -510 198 -175 1
> 6184 5921 -239 210 155 1
> 6599 7879 -493 163 172 1
> 5777 5141 -485 19 108 1
! -91258 29334 200
! -66951 74120 200
> 6178 6839 -510 198 -175 1
> 6184 5921 -239 210 155 1
> 6599 7879 -493 163 172 1
> 5777 5141 -485 19 108 1
! 4340 7103 0 18 0
! 5972 7252 200 -18 200 Blocker
> 5473 7082 -599 206 167 1
> 5799 6267 -327 294 137 1
> 6106 8042 -419 138 190 1
> 5292 5360 -412 186 90 1
! -94146 -1633 200
! -42681 93728 200
> 5473 7082 -599 206 167 1
> 5799 6267 -327 294 137 1
> 6106 8042 -419 138 190 1
> 5292 5360 -412 186 90 1
! 4298 6741 0 18 0
! 3587 7326 200 18 200 Blocker
> 4675 7271 -678 160 -175 1
> 5375 6736 -360 398 119 1
> 5687 8180 -356 117 208 1
> 4818 5736 -402 319 108 1
! -87375 -31802 0
! -13705 104898 200
> 4675 7271 -678 160 -175 1
> 5375 6736 -360 398 119 1
> 5687 8180 -356 117 208 1
> 4818 5736 -402 319 108 1
! 4367 6320 200 18 200
! 2636 7348 200 18 200 Blocker
> 3997 7431 -576 136 -157 1
> 4977 7330 -338 505 101 1
> 5192 8153 -420 -23 226 1
> 4298 6217 -441 408 126 1
! -71474 -58174 0
! -43503 94791 200
> 3997 7431 -576 136 -157 1
> 4977 7330 -338 505 101 1
> 5192 8153 -420 -23 226 1
> 4298 6217 -441 408 126 1
! 4466 5951 SHIELD 18 SHIELD
! 1765 7305 200 18 200 Blocker
> 3421 7567 -489 115 -139 2
> 4444 7105 -141 30 119 1
> 4803 8239 -328 80 244 1
> 3488 6558 -1021 -6 144 1
! -48082 -78149 0
! -68691 75304 200
> 3421 7567 -489 115 -139 2
> 4444 7105 -141 30 119 1
> 4803 8239 -328 80 244 1
> 3488 6558 -1021 -6 144 1
! 4857 6152 200 18 200
! 1849 8454 0 -18 0 Blocker
> 2932 7682 -415 97 -121 2
> 4157 7271 -244 141 137 1
> 4475 8319 -278 68 262 1
> 2467 6552 -867 -5 131 1
! -19563 -89754 200
! -86473 49532 0
> 2932 7682 -415 97 -121 2
> 4157 7271 -244 141 137 1
> 4475 8319 -278 68 262 1
> 2467 6552 -867 -5 131 1
! 3891 6208 200 0 200
! 1426 8539 0 -18 0 Blocker
> 2472 7584 -390 -83 -103 2
> 3913 7412 -207 119 155 1
> 4197 8387 -236 57 -105 1
> 1600 6547 -736 -4 118 1
! 11187 -92035 0
! -69222 75611 0
> 2472 7584 -390 -83 -103 2
> 3913 7412 -207 119 155 1
> 4197 8387 -236 57 -105 1
> 1600 6547 -736 -4 118 1
! 4749 6390 200 18 200
! 1142 8524 0 -18 0 Blocker
> 2082 7501 -331 -70 -85 2
> 3706 7531 -175 101 137 2
> 3961 8444 -200 48 -87 1
> 864 6543 -625 -3 103 1
! 41155 -84549 200
! -44774 94992 SHIELD
> 2082 7501 -331 -70 -85 2
> 3706 7531 -175 101 137 2
> 3961 8444 -200 48 -87 1
> 864 6543 -625 -3 103 1
! 3876 6295 200 0 200
! 1020 8381 0 -18 0 Blocker
> 1829 7247 -214 -215 -67 2
> 3525 7614 -160 48 119 2
> 3809 8472 -62 242 -92 1
> 239 6540 -531 -2 85 1
! 67434 -68224 200
! -15555 105776 0
> 1829 7247 -214 -215 -67 2
> 3525 7614 -160 48 119 2
> 3809 8472 -62 242 -92 1
> 239 6540 -531 -2 85 1
! 3670 6515 200 0 200
! 1020 8047 0 -18 0 Blocker
> 1746 6881 -70 -311 -49 2
> 3365 7662 -136 40 101 2
> 3733 8515 -64 36 -94 1
> -292 6538 -451 -1 67 1
! 67351 -68590 200
! 15551 106916 0
> 1746 6881 -70 -311 -49 2
> 3365 7662 -136 40 101 2
> 3733 8515 -64 36 -94 1
> -292 6538 -451 -1 67 1
! 3516 6356 200 0 200
! 1143 7670 200 -18 200 Blocker
> 1807 6419 52 -392 -49 2
> 3211 7672 -200 -107 83 2
> 3667 8382 13 2 -96 1
> -612 6688 -272 127 49 1
! 87523 -45084 200
! 45472 98302 0
> 1807 6419 52 -392 -49 2
> 3211 7672 -200 -107 83 2
> 3667 8382 13 2 -96 1
> -612 6688 -272 127 49 1
! 3450 6196 200 0 200
! 1260 7310 200 -18 200 Blocker
> 2030 5924 189 -420 -31 2
> 3011 7565 -170 -90 65 2
> 3660 8185 -5 -167 -96 1
> -713 6918 -85 195 31 1
! 99466 -16571 200
! 71210 80700 BOOST
> 2030 5924 189 -420 -31 2
> 3011 7565 -170 -90 65 2
> 3660 8185 -5 -167 -96 1
> -713 6918 -85 195 31 1
! 4755 6113 200 18 200
! 1394 6921 200 -18 200 Blocker
> 2414 5459 326 -395 -13 2
> 2851 7590 -198 -30 47 2
> 4131 8183 462 50 -78 1
> -603 7158 93 204 13 1
! 102033 14174 200
! 90312 56070 0
> 2414 5459 326 -395 -13 2
> 2851 7590 -198 -30 47 2
> 4131 8183 462 50 -78 1
> -603 7158 93 204 13 1
! 3780 6406 0 -18 0
! 1515 6502 200 -18 200 Blocker
> 2939 5081 446 -320 5 2
> 2653 7560 -168 -25 29 2
> 4593 8233 392 42 -96 1
> -311 7345 248 159 -5 1
! 102558 13796 200
! 100815 26640 200
> 2939 5081 446 -320 5 2
> 2653 7560 -168 -25 29 2
> 4593 8233 392 42 -96 1
> -311 7345 248 159 -5 1
! 3647 6789 0 -18 0
! 1597 6061 200 -18 200 Blocker
> 3584 4778 548 -257 5 2
> 2681 7573 24 11 11 2
> 4985 8275 333 35 -114 1
> 121 7426 367 69 -23 1
! 103203 13493 200
! 101935 -4613 200
> 3584 4778 548 -257 5 2
> 2681 7573 24 11 11 2
> 4985 8275 333 35 -114 1
> 121 7426 367 69 -23 1
! 3413 7210 200 -18 200
! 2513 6635 200 0 200 Blocker
> 4331 4538 635 -203 5 2
> 2904 7560 189 -11 -7 2
> 5185 8161 170 -97 -132 1
> 678 7432 473 5 -18 1
! 96381 43611 200
! 102158 -4627 200
> 4331 4538 635 -203 5 2
> 2904 7560 189 -11 -7 2
> 5185 8161 170 -97 -132 1
> 678 7432 473 5 -18 1
! 3203 7607 200 -18 200
! 2444 5657 200 -18 200 Blocker
> 5150 4413 696 -106 23 2
> 3292 7525 329 -30 -7 2
> 5182 7963 -2 -168 -150 1
> 1312 7319 539 -96 -36 1
! 104769 13128 200
! 93922 -34736 200
> 5150 4413 696 -106 23 2
> 3292 7525 329 -30 -7 2
> 5182 7963 -2 -168 -150 1
> 1312 7319 539 -96 -36 1
! 3191 8004 0 -18 0
! 4051 7223 200 18 200 Blocker
> 6045 4324 760 -75 5 2
> 3802 7410 433 -97 -25 2
> 5180 7795 -1 -142 -168 1
> 2041 7160 619 -134 -18 1
! 98095 43397 200
! 76937 -60789 0
> 6045 4324 760 -75 5 2
> 3802 7410 433 -97 -25 2
> 5180 7795 -1 -142 -168 1
> 2041 7160 619 -134 -18 1
! 3169 8548 200 -18 200
! 4752 6346 200 0 200 Blocker
> 6989 4327 802 2 23 2
> 4235 7313 368 -82 -43 2
> 4980 7673 -170 -103 -186 1
> 2852 6968 688 -162 -17 1
! 99039 43400 200
! 52715 -80149 200
> 6989 4327 802 2 23 2
> 4235 7313 368 -82 -43 2
> 4980 7673 -170 -103 -186 1
> 2852 6968 688 -162 -17 1
! 2821 7779 0 0 0
! 5620 7522 200 18 200 Blocker
> 7975 4407 838 68 23 2
> 4539 6881 779 -293 -61 2
> 5223 7784 227 105 177 1
> 3488 6771 -1 -252 1 2
! 83445 70012 200
! 23619 -91281 0
> 7975 4407 838 68 23 2
> 4539 6881 779 -293 -61 2
> 5223 7784 227 105 177 1
> 3488 6771 -1 -252 1 2
! 3773 6800 0 18 0 Blocker
! 5687 6557 200 0 200
> 8964 4606 840 169 41 3
> 5318 6588 662 -249 -79 2
> 5450 7889 192 89 195 1
> 3686 6500 168 -230 -6 2
! 84434 70211 200
! 24398 -91574 0
> 8964 4606 840 169 41 3
> 5318 6588 662 -249 -79 2
> 5450 7889 192 89 195 1
> 3686 6500 168 -230 -6 2
! 4383 6424 0 18 0 Blocker
! 5489 4798 200 -18 200
> 9955 4906 842 255 41 3
> 5980 6339 562 -211 -79 2
> 5642 7978 163 75 213 1
> 4037 6190 298 -263 -24 2
! 61458 90622 200
! -6207 -92915 0
> 9955 4906 842 255 41 3
> 5980 6339 562 -211 -79 2
> 5642 7978 163 75 213 1
> 4037 6190 298 -263 -24 2
! 5088 6186 0 18 0 Blocker
! 6487 6384 200 18 200
> 10900 5332 803 362 59 3
> 6542 6128 477 -179 -97 2
> 5805 8053 138 63 231 1
> 4534 5908 422 -240 -6 2
! 86370 70937 200
! -35719 -84502 0
> 10900 5332 803 362 59 3
> 6542 6128 477 -179 -97 2
> 5805 8053 138 63 231 1
> 4534 5908 422 -240 -6 2
! 5838 6119 0 18 0 Blocker
! 7144 5438 200 0 200
> 11854 5825 810 419 41 3
> 7019 5949 405 -152 -115 2
> 5943 8116 117 53 249 1
> 5153 5633 526 -234 -10 2
! 63357 91541 200
! -61180 -67186 200
> 11854 5825 810 419 41 3
> 7019 5949 405 -152 -115 2
> 5943 8116 117 53 249 1
> 5153 5633 526 -234 -10 2
! 6578 6237 0 18 0 Blocker
! 7846 5017 200 0 200
> 12767 6415 776 501 59 3
> 7288 5651 228 -253 -133 2
> 6060 8169 99 45 267 1
> 5874 5354 612 -236 -13 2
! 35262 103852 0
! -80174 -42829 200
> 12767 6415 776 501 59 3
> 7288 5651 228 -253 -133 2
> 6060 8169 99 45 267 1
> 5874 5354 612 -236 -13 2
! 7357 6369 200 18 200 Blocker
! 8511 5978 200 18 200
> 13543 6916 659 425 77 3
> 7461 5330 679 -145 -151 2
> 6211 8021 128 -125 285 1
> 6565 5107 54 -337 5 2
! 4827 106535 0
! -90701 -13750 200
> 13543 6916 659 425 77 3
> 7461 5330 679 -145 -151 2
> 6211 8021 128 -125 285 1
> 6565 5107 54 -337 5 2
! 8049 6511 200 18 200 Blocker
! 8279 6213 200 18 200
> 14202 7341 560 361 95 4
> 7944 5147 410 -155 -169 2
> 6448 7729 201 -248 303 1
> 6803 4849 202 -219 23 2
! -24871 99391 200
! -90218 -13933 200
> 14202 7341 560 361 95 4
> 7944 5147 410 -155 -169 2
> 6448 7729 201 -248 303 1
> 6803 4849 202 -219 23 2
! 8703 6693 200 18 200 Blocker
! 9030 5490 200 0 200
> 14684 7886 409 463 113 4
> 8158 4954 181 -164 -169 2
> 6805 7356 303 -317 321 1
> 7197 4685 335 -139 16 2
! -50921 83356 200
! -90004 -14126 200
> 14684 7886 409 463 113 4
> 8158 4954 181 -164 -169 2
> 6805 7356 303 -317 321 1
> 7197 4685 335 -139 16 2
! 9305 6924 200 18 200 Blocker
! 8886 6280 200 18 200
> 14962 8500 236 521 131 4
> 8477 4841 433 -53 -169 2
> 7295 6968 416 -329 339 1
> 7363 4569 -21 -141 34 2
! -70754 60003 200
! -89685 -14239 200
> 14962 8500 236 521 131 4
> 8477 4841 433 -53 -169 2
> 7295 6968 416 -329 339 1
> 7363 4569 -21 -141 34 2
! 9836 7208 200 18 200 Blocker
! 9541 4351 200 -18 200
> 15027 9124 54 530 149 4
> 8714 4750 201 -77 -169 2
> 7911 6629 523 -287 357 1
> 7534 4483 145 -72 16 2
! -82409 31619 200
! -90540 16937 200
> 15027 9124 54 530 149 4
> 8714 4750 201 -77 -169 2
> 7911 6629 523 -287 357 1
> 7534 4483 145 -72 16 2
! 10279 7540 200 18 200 Blocker
! 9794 5017 200 0 200
> 14886 9699 -119 488 167 4
> 8716 4697 2 -44 173 2
> 8627 6394 608 -199 375 1
> 7874 4457 288 -22 13 2
! -84733 983 200
! -89446 -14383 200
> 14886 9699 -119 488 167 4
> 8716 4697 2 -44 173 2
> 8627 6394 608 -199 375 1
> 7874 4457 288 -22 13 2
! 10620 7905 200 18 200 Blocker
! 9605 6095 200 18 200
> 14568 10170 -270 399 185 4
> 9096 4780 384 88 -169 3
> 9402 6304 659 -76 393 1
> 7759 4373 -159 -88 31 2
! -77482 -28903 200
! -78366 -43700 200
> 14568 10170 -270 399 185 4
> 9096 4780 384 88 -169 3
> 9402 6304 659 -76 393 1
> 7759 4373 -159 -88 31 2
! 10849 8282 200 18 200 Blocker
! 9486 5418 200 0 200
> 14114 10491 -385 272 203 4
> 9305 4771 177 -7 -151 3
> 10186 6384 666 67 411 1
> 7771 4389 10 13 31 2
! -61357 -55114 200
! -88857 -14309 200
> 14114 10491 -385 272 203 4
> 9305 4771 177 -7 -151 3
> 10186 6384 666 67 411 1
> 7771 4389 10 13 31 2
! 10967 8648 200 18 200 Blocker
! 9973 4210 200 -18 200
> 13578 10632 -455 119 -139 4
> 9286 4726 -16 -38 -169 3
> 10923 6638 626 215 429 1
> 7976 4448 174 49 13 2
! -61893 -54973 200
! -88876 -14354 200
> 13578 10632 -455 119 -139 4
> 9286 4726 -16 -38 -169 3
> 10923 6638 626 215 429 1
> 7976 4448 174 49 13 2
! 10980 8978 200 18 200 Blocker
! 9593 6157 200 18 200
> 12972 10620 -515 -10 -139 4
> 9119 4654 306 -23 -169 3
> 11559 7053 540 352 447 1
> 8275 4597 -193 88 31 2
! -62499 -54985 200
! -90135 16841 200
> 12972 10620 -515 -10 -139 4
> 9119 4654 306 -23 -169 3
> 11559 7053 540 352 447 1
> 8275 4597 -193 88 31 2
! 10901 9250 200 18 200 Blocker
! 10274 4493 200 -18 200
> 12306 10479 -566 -120 -139 4
> 9226 4655 91 1 173 3
> 12047 7598 414 463 465 1
> 8277 4731 1 113 13 2
! -63165 -55126 200
! -90028 16841 0
> 12306 10479 -566 -120 -139 4
> 9226 4655 91 1 173 3
> 12047 7598 414 463 465 1
> 8277 4731 1 113 13 2
! 10751 9446 200 18 200 Blocker
! 10303 3984 200 -18 200
> 11589 10228 -609 -213 -139 4
> 9317 4656 77 0 173 3
> 12352 8228 258 535 483 1
> 8477 4827 170 81 -5 2
! -39914 -75488 200
! -89937 16842 200
> 11589 10228 -609 -213 -139 4
> 9317 4656 77 0 173 3
> 12352 8228 258 535 483 1
> 8477 4827 170 81 -5 2
! 10556 9551 200 18 200 Blocker
! 10839 4716 200 0 200
> 10877 9844 -605 -326 -121 4
> 9597 4589 285 -67 173 3
> 12454 8888 86 561 501 1
> 8445 4990 -74 148 -3 2
! -40626 -75872 200
! -89657 16775 200
> 10877 9844 -605 -326 -121 4
> 9597 4589 285 -67 173 3
> 12454 8888 86 561 501 1
> 8445 4990 -74 148 -3 2
! 10343 9564 200 18 200 Blocker
! 10081 3753 200 -18 200
> 10169 9347 -601 -422 -121 4
> 9683 4546 73 -36 173 3
> 12353 9520 -85 537 519 1
> 8558 5067 96 65 -21 2
! -65302 -56258 200
! -80947 46807 200
> 10169 9347 -601 -422 -121 4
> 9683 4546 73 -36 173 3
> 12353 9520 -85 537 519 1
> 8558 5067 96 65 -21 2
! 10143 9488 200 18 200 Blocker
! 10708 4344 200 0 200
> 9417 8794 -639 -470 -139 4
> 9575 4595 -92 41 155 3
> 12068 10067 -242 464 537 1
> 8844 5068 242 1 -19 2
! -42086 -76922 200
! -63560 72794 200
> 9417 8794 -639 -470 -139 4
> 9575 4595 -92 41 155 3
> 12068 10067 -242 464 537 1
> 8844 5068 242 1 -19 2
! 9981 9333 200 18 200 Blocker
! 11166 4353 200 0 200
> 8675 8153 -630 -545 -121 4
> 9848 4426 281 -177 137 3
> 11633 10479 -369 349 555 1
> 8766 5357 -115 278 -17 2
! -13820 -89283 200
! -63287 72625 200
> 8675 8153 -630 -545 -121 4
> 9848 4426 281 -177 137 3
> 11633 10479 -369 349 555 1
> 8766 5357 -115 278 -17 2
! 9879 9118 200 18 200 Blocker
! 9975 3878 200 -18 200
> 8000 7413 -573 -628 -103 4
> 9983 4385 114 -34 137 3
> 11097 10719 -455 203 573 1
> 8815 5520 41 138 -35 2
! 16715 -92206 200
! -63152 72584 200
> 8000 7413 -573 -628 -103 4
> 9983 4385 114 -34 137 3
> 11097 10719 -455 203 573 1
> 8815 5520 41 138 -35 2
! 9854 8868 200 18 200 Blocker
! 9507 3767 0 -18 0
> 7444 6586 -472 -703 -85 4
> 9951 4487 -27 87 137 3
> 10517 10766 -493 40 591 1
> 8856 5658 34 117 -53 2
! 46517 -85464 200
! -63184 72686 200
> 7444 6586 -472 -703 -85 4
> 9951 4487 -27 87 137 3
> 10517 10766 -493 40 591 1
> 8856 5658 34 117 -53 2
! 9909 8609 200 18 200 Blocker
! 8928 3575 200 -18 200
> 7050 5699 -334 -754 -67 4
> 9778 4710 -147 189 137 3
> 9953 10619 -479 -124 609 1
> 8955 5586 83 -61 -71 2
! 72655 -69772 200
! -63357 72909 200
> 7050 5699 -334 -754 -67 4
> 9778 4710 -147 189 137 3
> 9953 10619 -479 -124 609 1
> 8955 5586 83 -61 -71 2
! 10043 8370 200 18 200 Blocker
! 10840 4263 200 18 200
> 6847 4794 -172 -769 -49 4
> 9717 4792 184 -176 137 3
> 9464 10295 -415 -275 627 1
> 8926 5608 -260 265 -53 2
! 72452 -70677 200
! -63418 72991 200
> 6847 4794 -172 -769 -49 4
> 9717 4792 184 -176 137 3
> 9464 10295 -415 -275 627 1
> 8926 5608 -260 265 -53 2
! 8934 7823 200 0 200 Blocker
! 8704 3673 200 -18 200
> 6806 3874 -34 -781 -49 5
> 9755 4752 32 -33 137 3
> 9007 9824 -388 -399 -102 1
> 8731 5684 -165 64 -71 2
! 92522 -47629 200
! -80875 47013 200
> 6806 3874 -34 -781 -49 5
> 9755 4752 32 -33 137 3
> 9007 9824 -388 -399 -102 1
> 8731 5684 -165 64 -71 2
! 8162 7273 200 0 200 Blocker
! 10368 4486 200 18 200
> 6943 2990 116 -751 -31 5
> 9606 4804 -126 43 155 3
> 8556 9235 -383 -500 -108 1
> 8686 5588 -38 -81 -53 2
! 92659 -48513 200
! -81024 47065 200
> 6943 2990 116 -751 -31 5
> 9606 4804 -126 43 155 3
> 8556 9235 -383 -500 -108 1
> 8686 5588 -38 -81 -53 2
! 8853 6643 200 18 200 Blocker
! 10752 4864 200 18 200
> 7230 2136 244 -725 -31 5
> 9395 4844 76 -199 155 3
> 8172 8535 -326 -594 -90 1
> 8716 5479 -231 141 -35 2
! 104666 -20359 200
! -63740 73043 200
> 7230 2136 244 -725 -31 5
> 9395 4844 76 -199 155 3
> 8172 8535 -326 -594 -90 1
> 8716 5479 -231 141 -35 2
! 9139 6161 200 18 200 Blocker
! 9201 3540 200 -18 200
> 7669 1366 373 -654 -13 0
> 9325 4781 -59 -53 137 3
> 7907 7750 -225 -666 -72 1
> 8605 5460 -94 -16 -53 2
! 107288 10081 200
! -63810 72980 200
> 7669 1366 373 -654 -13 0
> 9325 4781 -59 -53 137 3
> 7907 7750 -225 -666 -72 1
> 8605 5460 -94 -16 -53 2
! 8362 4992 200 0 200 Blocker
! 10615 4801 200 18 200
> 8241 729 486 -541 5 0
> 9231 4754 35 -135 137 3
> 7715 6887 -163 -733 -81 1
> 8563 5439 -150 95 -35 2
! 100291 39802 200
! -63904 72953 200
> 8241 729 486 -541 5 0
> 9231 4754 35 -135 137 3
> 7715 6887 -163 -733 -81 1
> 8563 5439 -150 95 -35 2
! 9108 4598 200 18 200 Blocker
! 9129 3454 200 -18 200
> 8911 266 569 -393 23 0
> 9120 4755 -94 1 137 3
> 7644 5976 -60 -774 -63 1
> 8533 5374 -25 -55 -53 2
! 84381 65871 0
! -64015 72954 0
> 8911 266 569 -393 23 0
> 9120 4755 -94 1 137 3
> 7644 5976 -60 -774 -63 1
> 8533 5374 -25 -55 -53 2
! 9544 4203 200 18 200 Blocker
! 10612 4676 200 18 200
> 9480 -127 483 -334 41 0
> 9183 4587 83 -175 137 3
> 7726 5061 69 -777 -45 1
> 8515 5373 -45 32 -35 2
! 60983 85589 200
! -39297 92048 200
> 9480 -127 483 -334 41 0
> 9183 4587 83 -175 137 3
> 7726 5061 69 -777 -45 1
> 8515 5373 -45 32 -35 2
! 9968 3940 200 18 200 Blocker
! 10272 4143 200 0 200
> 10066 -290 498 -138 59 0
> 9169 4587 -11 0 119 3
> 7974 4194 210 -736 -27 1
> 8634 5290 101 -70 -35 2
! 32561 97147 200
! -39311 92048 200
> 10066 -290 498 -138 59 0
> 9169 4587 -11 0 119 3
> 7974 4194 210 -736 -27 1
> 8634 5290 101 -70 -35 2
! 10357 3802 200 18 200 Blocker
! 10935 5258 200 18 200
> 10609 -233 461 48 77 0
> 9292 4439 145 -182 119 3
> 8381 3426 346 -653 -9 1
> 8695 5484 11 222 -17 2
! 1893 99386 200
! -9788 102601 200
> 10609 -233 461 48 77 0
> 9292 4439 145 -182 119 3
> 8381 3426 346 -653 -9 1
> 8695 5484 11 222 -17 2
! 10900 2429 200 0 200 Blocker
! 10030 3949 200 -18 200
> 11053 14 377 210 95 0
> 9399 4453 90 12 101 3
> 8913 2699 452 -617 -22 1
> 8870 5591 148 91 -35 2
! 2337 99633 200
! -9681 102615 200
> 11053 14 377 210 95 0
> 9399 4453 90 12 101 3
> 8913 2699 452 -617 -22 1
> 8870 5591 148 91 -35 2
! 11500 2614 200 18 200 Blocker
! 9734 3602 200 -18 200
> 11413 423 305 347 95 0
> 9451 4661 44 177 101 3
> 9565 2069 553 -535 -4 1
> 9138 5522 228 -58 -53 2
! 2697 100042 200
! 21637 103915 SHIELD
> 11413 423 305 347 95 0
> 9451 4661 44 177 101 3
> 9565 2069 553 -535 -4 1
> 9138 5522 228 -58 -53 2
! 11814 2594 0 18 0 Blocker
! 9404 3264 200 -18 200
> 11701 969 244 464 95 0
> 9516 4775 60 79 83 3
> 10118 1534 470 -454 13 1
> 9221 5905 13 495 -71 2
! -27372 93019 200
! -9564 102937 0
> 11701 969 244 464 95 0
> 9516 4775 60 79 83 3
> 10118 1534 470 -454 13 1
> 9221 5905 13 495 -71 2
! 11900 2589 0 18 0 Blocker
! 8591 4296 200 -18 200
> 11867 1617 140 550 113 0
> 9576 4854 51 67 101 3
> 10588 1080 399 -385 31 1
> 9238 6200 14 250 -89 2
! -53738 77087 200
! -38904 92315 0
> 11867 1617 140 550 113 0
> 9576 4854 51 67 101 3
> 10588 1080 399 -385 31 1
> 9238 6200 14 250 -89 2
! 11847 2720 200 18 200 Blocker
! 9290 4250 200 0 200
> 11876 2318 7 595 131 0
> 9627 4921 43 56 119 3
> 11119 845 451 -199 49 1
> 9257 6250 16 42 -88 2
! -73840 53821 200
! -63508 73120 0
> 11876 2318 7 595 131 0
> 9627 4921 43 56 119 3
> 11119 845 451 -199 49 1
> 9257 6250 16 42 -88 2
! 11762 2838 200 18 200 Blocker
! 9350 4093 200 0 200
> 11712 3016 -139 593 149 0
> 9670 4977 36 47 137 3
> 11649 830 450 -13 67 1
> 9282 6092 20 -134 -88 2
! -85724 25511 200
! -38810 92438 200
> 11712 3016 -139 593 149 0
> 9670 4977 36 47 137 3
> 11649 830 450 -13 67 1
> 9282 6092 20 -134 -88 2
! 11604 2961 200 18 200 Blocker
! 10656 4224 200 18 200
> 11378 3654 -283 542 167 0
> 9674 5030 118 -257 119 3
> 12118 1016 398 158 85 1
> 9307 5940 -94 172 -70 2
! -88241 -5061 200
! -9406 103192 200
> 11378 3654 -283 542 167 0
> 9674 5030 118 -257 119 3
> 12118 1016 398 158 85 1
> 9307 5940 -94 172 -70 2
! 11383 3060 200 18 200 Blocker
! 8607 3997 200 -18 200
> 10896 4179 -409 445 -175 0
> 9754 4969 67 -51 101 3
> 12472 1369 301 300 103 1
> 9222 5912 -72 -23 -88 2
! -86540 26674 SHIELD
! 21940 104223 0
> 10896 4179 -409 445 -175 0
> 9754 4969 67 -51 101 3
> 12472 1369 301 300 103 1
> 9222 5912 -72 -23 -88 2
! 11113 3112 200 18 200 Blocker
! 10504 4155 200 18 200
> 10499 4618 -258 334 167 0
> 9702 4976 -839 392 83 3
> 12671 1841 169 401 121 1
> 9220 5702 -1 -178 -70 2
! -89120 -4097 SHIELD
! -9378 103138 SHIELD
> 10499 4618 -258 334 167 0
> 9702 4976 -839 392 83 3
> 12671 1841 169 401 121 1
> 9220 5702 -1 -178 -70 2
! 10815 3102 200 18 200 Blocker
! 11043 4294 SHIELD 18 SHIELD
> 10241 4952 -219 283 -175 0
> 9308 4641 -303 -336 101 3
> 12690 2374 16 453 139 1
> 8774 6251 -410 518 -52 2
! -89378 -3763 0
! -39172 92102 0
> 10241 4952 -219 283 -175 0
> 9308 4641 -303 -336 101 3
> 12690 2374 16 453 139 1
> 8774 6251 -410 518 -52 2
! 10514 3019 200 18 200 Blocker
! 9718 5035 200 0 200
> 10022 5235 -186 240 -175 0
> 9005 4305 -257 -285 119 3
> 12522 2906 -142 452 157 1
> 8364 6769 -348 440 -52 2
! -87414 27730 200
! -10075 102467 200
> 10022 5235 -186 240 -175 0
> 9005 4305 -257 -285 119 3
> 12522 2906 -142 452 157 1
> 8364 6769 -348 440 -52 2
! 10355 4218 200 0 200 Blocker
! 8093 5010 200 -18 200
> 9836 5475 -158 204 167 0
> 8748 4020 -218 -242 101 3
> 12209 3462 -266 472 149 1
> 8016 7209 -295 374 -70 2
! -89783 -3240 0
! 20934 103274 0
> 9836 5475 -158 204 167 0
> 8748 4020 -218 -242 101 3
> 12209 3462 -266 472 149 1
> 8016 7209 -295 374 -70 2
! 9751 3742 200 18 200 Blocker
! 8473 5516 200 0 200
> 9678 5679 -134 173 -175 0
> 8530 3778 -185 -205 83 3
> 11748 3980 -391 439 167 1
> 7721 7583 -250 317 -75 2
! -89941 -3036 200
! 50791 94408 0
> 9678 5679 -134 173 -175 0
> 8530 3778 -185 -205 83 3
> 11748 3980 -391 439 167 1
> 7721 7583 -250 317 -75 2
! 9914 6079 200 -18 200 Blocker
! 9181 6515 200 18 200
> 9345 5835 -283 132 -175 0
> 8345 3573 -157 -174 65 3
> 11186 4523 -477 461 149 1
> 7580 7732 -119 127 -57 2
! -90274 -2880 200
! 50606 94203 200
> 9345 5835 -283 132 -175 0
> 8345 3573 -157 -174 65 3
> 11186 4523 -477 461 149 1
> 7580 7732 -119 127 -57 2
! 8517 4792 200 18 200 Blocker
! 8659 6014 200 0 200
> 8863 5950 -409 97 -175 0
> 8273 3580 -61 6 65 3
> 10514 5030 -570 430 167 1
> 7567 7690 -10 -36 -58 2
! -90756 -2765 200
! 20459 102834 200
> 8863 5950 -409 97 -175 0
> 8273 3580 -61 6 65 3
> 10514 5030 -570 430 167 1
> 7567 7690 -10 -36 -58 2
! 7919 4600 200 18 200 Blocker
! 8723 5788 200 0 200
> 8255 6030 -517 67 -175 1
> 8236 3785 -31 173 83 3
> 9745 5443 -653 351 185 1
> 7661 7483 79 -175 -59 2
! -89181 28525 200
! 50497 94415 200
> 8255 6030 -517 67 -175 1
> 8236 3785 -31 173 83 3
> 9745 5443 -653 351 185 1
> 7661 7483 79 -175 -59 2
! 7206 6927 200 -18 200 Blocker
! 7548 5116 200 -18 200
> 7543 6142 -605 95 167 1
> 8290 4139 45 301 65 3
> 8897 5840 -720 337 167 1
> 7786 7113 106 -314 -77 2
! -78173 57645 200
! 20476 103393 200
> 7543 6142 -605 95 167 1
> 8290 4139 45 301 65 3
> 8897 5840 -720 337 167 1
> 7786 7113 106 -314 -77 2
! 6152 5317 200 18 200 Blocker
! 9552 5356 200 18 200
> 6767 6340 -659 168 149 1
> 8359 4639 58 424 83 3
> 8141 5812 -343 -657 185 1
> 7832 6976 -259 517 -59 2
! -90669 28835 200
! -10721 102801 0
> 6767 6340 -659 168 149 1
> 8359 4639 58 424 83 3
> 8141 5812 -343 -657 185 1
> 7832 6976 -259 517 -59 2
! 5912 6288 200 -18 200 Blocker
! 8706 5607 200 0 200
> 5913 6553 -725 181 167 1
> 8508 4973 235 175 101 3
> 7512 5287 -643 -338 168 1
> 7681 7324 -128 296 -57 2
! -79803 58056 200
! -39972 92434 0
> 5913 6553 -725 181 167 1
> 8508 4973 235 175 101 3
> 7512 5287 -643 -338 168 1
> 7681 7324 -128 296 -57 2
! 5397 6584 200 -18 200 Blocker
! 8751 5775 200 0 200
> 5017 6837 -761 241 149 1
> 8743 5148 199 148 119 3
> 6696 5049 -693 -202 150 1
> 7667 7455 -12 111 -55 2
! -60588 82308 0
! -64392 73347 0
> 5017 6837 -761 241 149 1
> 8743 5148 199 148 119 3
> 6696 5049 -693 -202 150 1
> 7667 7455 -12 111 -55 2
! 5108 6857 200 -18 200 Blocker
! 8917 5764 200 0 200
> 4256 7078 -646 204 131 1
> 8942 5296 169 125 137 3
> 5869 4996 -702 -45 132 1
> 7774 7405 90 -42 -54 2
! -34817 99128 0
! -64193 73495 200
> 4256 7078 -646 204 131 1
> 8942 5296 169 125 137 3
> 5869 4996 -702 -45 132 1
> 7774 7405 90 -42 -54 2
! 4937 7139 200 -18 200 Blocker
! 7864 5163 200 -18 200
> 3610 7282 -549 173 113 2
> 8965 5557 19 222 137 3
> 5086 5134 -665 117 114 1
> 7927 7173 130 -196 -72 2
! -5105 106901 0
! -81665 47818 200
> 3610 7282 -549 173 113 2
> 8965 5557 19 222 137 3
> 5086 5134 -665 117 114 1
> 7927 7173 130 -196 -72 2
! 4878 7403 200 -18 200 Blocker
! 8737 4885 200 0 200
> 3061 7455 -466 147 95 2
> 8803 5864 -137 260 155 3
> 4400 5450 -582 268 96 1
> 8124 6788 167 -326 -71 2
! 25556 104892 0
! -81827 48125 0
> 3061 7455 -466 147 95 2
> 8803 5864 -137 260 155 3
> 4400 5450 -582 268 96 1
> 8124 6788 167 -326 -71 2
! 2346 7353 200 18 200 Blocker
! 10093 5200 200 18 200
> 2595 7602 -396 124 77 2
> 8982 5736 337 -336 155 3
> 3737 5901 -563 383 114 1
> 8096 6692 -208 145 -53 2
! 54098 93318 200
! -81648 47997 0
> 2595 7602 -396 124 77 2
> 8982 5736 337 -336 155 3
> 3737 5901 -563 383 114 1
> 8096 6692 -208 145 -53 2
! 3631 8436 200 -18 200 Blocker
! 9212 5080 200 0 200
> 2302 7897 -249 251 59 2
> 9319 5400 286 -285 155 3
> 3153 6483 -496 494 96 1
> 8002 6673 -80 -16 -55 2
! 77772 73502 200
! -81311 47661 200
> 2302 7897 -249 251 59 2
> 9319 5400 286 -285 155 3
> 3153 6483 -496 494 96 1
> 8002 6673 -80 -16 -55 2
! 3757 8882 200 -18 200 Blocker
! 9184 4855 200 0 200
> 2204 8279 -83 324 41 2
> 9424 5200 89 -170 155 3
> 2699 7173 -386 586 78 2
> 8031 6489 24 -156 -57 2
! 94254 47352 200
! -63711 73399 200
> 2204 8279 -83 324 41 2
> 9424 5200 89 -170 155 3
> 2699 7173 -386 586 78 2
> 8031 6489 24 -156 -57 2
! 3799 9097 0 -18 0
! 7950 4336 0 -18 0 Blocker
> 2305 8681 85 341 23 2
> 9367 5166 -48 -28 137 3
> 2313 7759 -328 498 60 2
> 8055 6333 20 -132 -75 2
! 101924 17396 200
! -81263 47427 200
> 2305 8681 85 341 23 2
> 9367 5166 -48 -28 137 3
> 2313 7759 -328 498 60 2
> 8055 6333 20 -132 -75 2
! 3995 9152 200 -18 200
! 7358 4334 0 -18 0 Blocker
> 2610 9093 292 433 5 2
> 9138 5223 -194 48 155 3
> 2112 8338 -203 408 42 2
> 8075 6201 17 -112 -93 2
! 100047 -13402 200
! -81492 47484 0
> 2610 9093 292 433 5 2
> 9138 5223 -194 48 155 3
> 2112 8338 -203 408 42 2
> 8075 6201 17 -112 -93 2
! 4097 8976 200 -18 200
! 6833 4535 0 -18 0 Blocker
> 3097 9481 413 329 -13 2
> 8944 5271 -164 40 155 3
> 2091 8828 -17 416 24 2
> 8092 6089 14 -95 -111 2
! 88813 -42022 200
! -81686 47532 0
> 3097 9481 413 329 -13 2
> 8944 5271 -164 40 155 3
> 2091 8828 -17 416 24 2
> 8092 6089 14 -95 -111 2
! 4226 8787 200 -18 200
! 6429 4905 0 -18 0 Blocker
> 3681 9707 496 192 -31 2
> 8780 5311 -139 34 155 3
> 2273 9266 154 372 6 2
> 8106 5994 11 -80 -129 2
! 89397 -41796 200
! -90474 17497 0
> 3681 9707 496 192 -31 2
> 8780 5311 -139 34 155 3
> 2273 9266 154 372 6 2
> 8106 5994 11 -80 -129 2
! 4332 8538 200 -18 200
! 6185 5396 0 -18 0 Blocker
> 4348 9796 567 75 -31 2
> 8662 5323 5 -103 173 3
> 2623 9597 297 281 -12 2
> 8096 5936 -113 64 -147 2
! 69953 -65675 200
! -89500 -13757 0
> 4348 9796 567 75 -31 2
> 8662 5323 5 -103 173 3
> 2623 9597 297 281 -12 2
> 8096 5936 -113 64 -147 2
! 4392 8243 200 -18 200
! 5986 6105 0 -18 0 Blocker
> 5046 9720 593 -64 -49 2
> 8667 5220 4 -87 -169 3
> 3094 9779 400 154 -30 2
> 7983 6000 -96 54 -165 2
! 44119 -82330 200
! -78795 -43260 0
> 5046 9720 593 -64 -49 2
> 8667 5220 4 -87 -169 3
> 3094 9779 400 154 -30 2
> 7983 6000 -96 54 -165 2
! 4389 7923 200 -18 200
! 6020 6771 0 -18 0 Blocker
> 5717 9472 570 -210 -67 2
> 8671 5133 3 -73 -151 3
> 3628 9785 454 5 -48 2
> 7887 6054 -81 45 -183 2
! 44789 -82578 200
! -78791 -43347 0
> 5717 9472 570 -210 -67 2
> 8671 5133 3 -73 -151 3
> 3628 9785 454 5 -48 2
> 7887 6054 -81 45 -183 2
! 4312 7602 200 -18 200
! 6252 7358 0 -18 0 Blocker
> 6365 9078 550 -334 -67 2
> 8674 5060 2 -62 -151 3
> 4164 9608 455 -150 -66 2
> 7806 6099 -68 38 -201 2
! 45437 -82972 200
! -89488 -14020 0
> 6365 9078 550 -334 -67 2
> 8674 5060 2 -62 -151 3
> 4164 9608 455 -150 -66 2
> 7806 6099 -68 38 -201 2
! 5514 7448 200 0 200
! 6649 7814 0 -18 0 Blocker
> 6993 8560 533 -440 -67 2
> 8676 4998 1 -52 -169 3
> 4725 9288 476 -271 -58 2
> 7738 6137 -57 32 -219 2
! 15708 -91059 200
! -90578 17185 0
> 6993 8560 533 -440 -67 2
> 8676 4998 1 -52 -169 3
> 4725 9288 476 -271 -58 2
> 7738 6137 -57 32 -219 2
! 6367 7151 200 0 200
! 7163 8101 0 -18 0 Blocker
> 7543 7921 467 -543 -85 2
> 8677 4946 0 -44 173 3
> 5323 8858 508 -365 -52 2
> 7681 6169 -48 27 -237 2
! 46616 -84129 200
! -81953 47207 0
> 7543 7921 467 -543 -85 2
> 8677 4946 0 -44 173 3
> 5323 8858 508 -365 -52 2
> 7681 6169 -48 27 -237 2
! 7185 6759 200 0 200
! 7738 8193 0 -18 0 Blocker
> 8088 7194 463 -618 -67 2
> 8677 4902 0 -37 155 3
> 5964 8343 544 -437 -48 2
> 7633 6196 -40 22 -255 2
! 47160 -84856 200
! -64458 73101 200
> 8088 7194 463 -618 -67 2
> 8677 4902 0 -37 155 3
> 5964 8343 544 -437 -48 2
> 7633 6196 -40 22 -255 2
! 7980 6271 200 0 200
! 8310 8085 0 -18 0 Blocker
> 8629 6392 459 -681 -67 2
> 8531 5001 -124 84 137 3
> 6647 7763 580 -493 -46 2
> 7593 6218 -34 18 -273 2
! 74234 -69079 200
! -39949 92462 200
> 8629 6392 459 -681 -67 2
> 8531 5001 -124 84 137 3
> 6647 7763 580 -493 -46 2
> 7593 6218 -34 18 -273 2
! 7533 5091 200 -18 200
! 8818 7790 0 -18 0 Blocker
> 9219 5560 501 -707 -49 2
> 8310 5260 -187 220 119 3
> 7315 7091 568 -571 -64 2
> 7559 6236 -28 15 -291 2
! 94935 -45943 0
! -64825 73459 SHIELD
> 9219 5560 501 -707 -49 2
> 8310 5260 -187 220 119 3
> 7315 7091 568 -571 -64 2
> 7559 6236 -28 15 -291 2
! 9825 5487 200 18 200
! 9208 7340 0 -18 0 Blocker
> 9720 4853 425 -600 -31 3
> 8188 5422 -48 88 137 3
> 7856 7140 444 114 -46 2
> 7049 6065 -971 276 -309 2
! 107156 -17642 0
! -82442 47683 0
> 9720 4853 425 -600 -31 3
> 8188 5422 -48 88 137 3
> 7856 7140 444 114 -46 2
> 7049 6065 -971 276 -309 2
! 8606 5075 200 -18 200
! 8203 6910 200 -18 200 Blocker
> 10145 4253 361 -510 -13 3
> 8140 5510 -40 74 155 3
> 8388 7075 452 -55 -64 2
> 6239 6459 -688 335 36 2
! 109764 12968 200
! -64995 73709 0
> 10145 4253 361 -510 -13 3
> 8140 5510 -40 74 155 3
> 8388 7075 452 -55 -64 2
> 6239 6459 -688 335 36 2
! 8493 5050 0 -18 0
! 7751 6794 200 -18 200 Blocker
> 10705 3760 476 -418 5 3
> 8100 5584 -34 62 137 3
> 8840 7020 384 -46 -82 2
> 5741 6857 -423 337 18 2
! 102755 42833 0
! -40380 93045 0
> 10705 3760 476 -418 5 3
> 8100 5584 -34 62 137 3
> 8840 7020 384 -46 -82 2
> 5741 6857 -423 337 18 2
! 8191 5032 200 -18 200
! 7410 6514 200 -18 200 Blocker
> 11181 3342 404 -355 23 3
> 8066 5646 -28 52 119 3
> 9190 6777 297 -206 -100 2
> 5518 7195 -189 287 0 2
! 86651 68947 200
! -11014 103808 200
> 11181 3342 404 -355 23 3
> 8066 5646 -28 52 119 3
> 9190 6777 297 -206 -100 2
> 5518 7195 -189 287 0 2
! 7904 5043 200 -18 200
! 7109 6189 200 -18 200 Blocker
> 11736 3118 471 -190 41 3
> 8000 5894 -56 211 101 3
> 9394 6394 173 -325 -118 2
> 5519 7421 1 192 -18 2
! 63239 88834 200
! 20186 105148 0
> 11736 3118 471 -190 41 3
> 8000 5894 -56 211 101 3
> 9394 6394 173 -325 -118 2
> 5519 7421 1 192 -18 2
! 9873 3890 200 18 200
! 7612 6933 200 0 200 Blocker
> 12310 3099 487 -15 59 3
> 7944 6105 -47 179 83 3
> 9533 5872 118 -443 -100 2
> 5715 7568 166 124 -13 2
! 34805 100536 200
! 50205 96735 0
> 12310 3099 487 -15 59 3
> 7944 6105 -47 179 83 3
> 9533 5872 118 -443 -100 2
> 5715 7568 166 124 -13 2
! 10528 3631 0 18 0
! 8025 7197 200 0 200 Blocker
> 12842 3279 452 152 77 3
> 7897 6284 -39 152 65 3
> 9651 5429 100 -376 -82 2
> 6078 7660 308 78 -9 2
! 4126 102898 200
! 76096 79419 200
> 12842 3279 452 152 77 3
> 7897 6284 -39 152 65 3
> 9651 5429 100 -376 -82 2
> 6078 7660 308 78 -9 2
! 11140 3614 0 18 0
! 7942 6182 200 -18 200 Blocker
> 13277 3630 369 298 95 3
> 7994 6582 82 253 47 3
> 9751 5053 85 -319 -64 2
> 6564 7647 413 -11 -27 2
! 4561 103249 200
! 95455 55062 0
> 13277 3630 369 298 95 3
> 7994 6582 82 253 47 3
> 9751 5053 85 -319 -64 2
> 6564 7647 413 -11 -27 2
! 11602 3795 0 18 0
! 9150 7980 200 18 200 Blocker
> 13629 4127 298 422 95 3
> 8076 6835 69 215 29 3
> 9836 4734 72 -271 -46 3
> 7174 7604 518 -36 -9 2
! 4913 103746 200
! 106238 25915 0
> 13629 4127 298 422 95 3
> 8076 6835 69 215 29 3
> 9836 4734 72 -271 -46 3
> 7174 7604 518 -36 -9 2
! 11878 4116 0 18 0
! 9865 7224 200 0 200 Blocker
> 13910 4748 238 528 95 3
> 8317 6851 410 -225 11 3
> 9908 4463 61 -230 -28 3
> 7719 7739 256 353 -8 2
! -25163 96798 200
! 106479 25931 0
> 13910 4748 238 528 95 3
> 8317 6851 410 -225 11 3
> 9908 4463 61 -230 -28 3
> 7719 7739 256 353 -8 2
! 12148 4539 200 18 200
! 10154 7786 200 0 200 Blocker
> 14070 5460 135 605 113 3
> 8727 6626 348 -191 11 3
> 10166 4199 219 -224 -10 3
> 8175 8096 387 303 1 2
! -25003 97510 200
! 107981 -5560 200
> 14070 5460 135 605 113 3
> 8727 6626 348 -191 11 3
> 10166 4199 219 -224 -10 3
> 8175 8096 387 303 1 2
! 12362 4939 200 18 200
! 10364 7137 200 -18 200 Blocker
> 14127 6249 48 670 113 3
> 9274 6411 464 -183 -7 3
> 10583 4004 354 -166 8 3
> 8753 8341 491 208 -17 2
! -51478 81719 0
! 108528 -5776 200
> 14127 6249 48 670 113 3
> 9274 6411 464 -183 -7 3
> 10583 4004 354 -166 8 3
> 8753 8341 491 208 -17 2
! 12520 5366 200 18 200
! 11348 7906 200 0 200 Blocker
> 14175 6919 40 569 131 3
> 9937 6204 563 -176 -7 3
> 11116 3926 453 -66 26 3
> 9441 8516 585 148 -10 2
! -51430 82389 0
! 100567 -36057 200
> 14175 6919 40 569 131 3
> 9937 6204 563 -176 -7 3
> 11116 3926 453 -66 26 3
> 9441 8516 585 148 -10 2
! 12602 5802 200 18 200
! 12003 9628 200 18 200 Blocker
> 14215 7488 34 483 131 4
> 10681 5943 632 -221 -25 3
> 11712 3999 506 62 44 3
> 10224 8694 665 150 8 2
! -71501 58991 0
! 101311 -36318 200
> 14215 7488 34 483 131 4
> 10681 5943 632 -221 -25 3
> 11712 3999 506 62 44 3
> 10224 8694 665 150 8 2
! 12600 6228 200 18 200
! 12655 7905 0 -18 0 Blocker
> 14249 7971 28 410 149 4
> 11494 5637 691 -259 -25 3
> 12311 4238 509 203 62 3
> 10889 8844 565 127 -10 2
! -51356 83442 200
! 102124 -36624 200
> 14249 7971 28 410 149 4
> 11494 5637 691 -259 -25 3
> 12311 4238 509 203 62 3
> 10889 8844 565 127 -10 2
! 12514 6620 200 18 200
! 13621 8589 200 0 200 Blocker
> 14146 8532 -87 476 131 4
> 12366 5293 741 -291 -25 3
> 12854 4638 461 340 80 3
> 11653 8952 649 92 -5 2
! -24927 100582 200
! 111620 -6894 SHIELD
> 14146 8532 -87 476 131 4
> 12366 5293 741 -291 -25 3
> 12854 4638 461 340 80 3
> 11653 8952 649 92 -5 2
! 12351 6955 SHIELD 18 SHIELD
! 14016 10074 0 18 0 Blocker
> 13981 9192 -140 561 113 4
> 12713 5526 286 209 -7 3
> 13709 4454 735 -167 98 3
> 12302 9044 551 78 13 2
! -51624 84662 0
! 103343 -36735 0
> 13981 9192 -140 561 113 4
> 12713 5526 286 209 -7 3
> 13709 4454 735 -167 98 3
> 12302 9044 551 78 13 2
! 12916 5870 200 18 200
! 14296 10782 200 18 200 Blocker
> 13841 9753 -119 476 131 4
> 12999 5735 243 177 -25 3
> 14444 4287 624 -141 116 3
> 13025 9224 614 153 31 2
! -71875 61256 0
! 112253 -6452 0
> 13841 9753 -119 476 131 4
> 12999 5735 243 177 -25 3
> 14444 4287 624 -141 116 3
> 13025 9224 614 153 31 2
! 14104 6123 200 0 200
! 14420 11218 SHIELD 18 SHIELD
> 13722 10229 -101 404 149 4
> 13242 5912 206 150 -7 3
> 15068 4146 530 -119 100 3
> 13639 9377 521 130 49 2
! -83714 32724 0
! 103872 -36349 0
> 13722 10229 -101 404 149 4
> 13242 5912 206 150 -7 3
> 15068 4146 530 -119 100 3
> 13639 9377 521 130 49 2
! 14015 5555 200 18 200
! 14334 11499 0 18 0 Blocker
> 13621 10633 -85 343 167 4
> 13448 6062 175 127 -25 3
> 15598 4027 450 -101 118 3
> 14160 9507 442 110 67 2
! -85998 1917 200
! 104078 -36199 0
> 13621 10633 -85 343 167 4
> 13448 6062 175 127 -25 3
> 15598 4027 450 -101 118 3
> 14160 9507 442 110 67 2
! 14071 4890 200 18 200
! 14152 11566 0 18 0 Blocker
> 13337 10959 -241 276 185 4
> 13623 6189 148 107 -25 3
> 15903 4064 259 31 136 3
> 14602 9617 375 93 85 2
! -78713 -28114 200
! 104253 -36072 0
> 13337 10959 -241 276 185 4
> 13623 6189 148 107 -25 3
> 15903 4064 259 31 136 3
> 14602 9617 375 93 85 2
! 14579 5623 200 0 200
! 13844 11596 200 18 200 Blocker
> 12912 11157 -361 168 203 4
> 13771 6296 125 90 -25 3
> 16033 4247 110 155 130 3
> 14977 9710 318 79 103 2
! -62559 -54448 200
! 113025 -5891 0
> 12912 11157 -361 168 203 4
> 13771 6296 125 90 -25 3
> 16033 4247 110 155 130 3
> 14977 9710 318 79 103 2
! 14729 6087 200 0 200
! 13635 11232 200 18 200 Blocker
> 12400 11194 -435 31 -139 4
> 13896 6386 106 76 -7 3
> 16027 4565 -4 270 125 3
> 15193 9961 183 213 121 2
! -63071 -54411 200
! 104526 -35875 200
> 12400 11194 -435 31 -139 4
> 13896 6386 106 76 -7 3
> 16027 4565 -4 270 125 3
> 15193 9961 183 213 121 2
! 16061 7035 200 -18 200
! 13351 11034 200 18 200 Blocker
> 11814 11094 -498 -85 -139 4
> 14183 6377 244 -7 -25 3
> 15963 5026 -54 391 107 3
> 15226 10306 27 293 139 2
! -39689 -74622 200
! 113437 -5810 200
> 11814 11094 -498 -85 -139 4
> 14183 6377 244 -7 -25 3
> 15963 5026 -54 391 107 3
> 15226 10306 27 293 139 2
! 14152 6741 200 18 200
! 13061 10791 200 18 200 Blocker
> 11213 10838 -510 -217 -121 4
> 14626 6346 376 -26 -7 3
> 15793 5580 -144 471 125 3
> 15069 10678 -133 316 157 2
! -40290 -74878 200
! 113880 -5841 0
> 11213 10838 -510 -217 -121 4
> 14626 6346 376 -26 -7 3
> 15793 5580 -144 471 125 3
> 15069 10678 -133 316 157 2
! 13569 6767 SHIELD 18 SHIELD
! 12792 10499 200 18 200 Blocker
> 10600 10450 -521 -330 -121 4
> 14837 6398 -634 428 -7 3
> 15665 6043 -27 355 143 3
> 14737 11013 -282 284 175 2
! -11895 -86986 200
! 114091 -5789 200
> 10600 10450 -521 -330 -121 4
> 14837 6398 -634 428 -7 3
> 15665 6043 -27 355 143 3
> 14737 11013 -282 284 175 2
! 13438 6436 200 18 200
! 12569 10164 200 18 200 Blocker
> 10034 9925 -481 -446 -103 4
> 14402 6802 -370 343 -7 3
> 15638 6398 -22 301 161 3
> 14260 11253 -405 204 193 2
! -41469 -75791 200
! 105032 -35459 200
> 10034 9925 -481 -446 -103 4
> 14402 6802 -370 343 -7 3
> 15638 6398 -22 301 161 3
> 14260 11253 -405 204 193 2
! 13536 7415 200 0 200
! 12412 9797 200 18 200 Blocker
> 9450 9308 -496 -524 -121 4
> 14213 7060 -160 219 -25 3
> 15616 6699 -18 255 154 3
> 13683 11355 -490 86 211 2
! -13045 -88128 200
! 113467 -5127 200
> 9450 9308 -496 -524 -121 4
> 14213 7060 -160 219 -25 3
> 15616 6699 -18 255 154 3
> 13683 11355 -490 86 211 2
! 13431 6572 200 18 200
! 12333 9416 200 18 200 Blocker
> 8909 8589 -459 -611 -103 4
> 14252 7255 32 165 -7 3
> 15598 6954 -15 216 172 3
> 13061 11291 -528 -54 229 2
! -13586 -88847 200
! 113506 -4932 200
> 8909 8589 -459 -611 -103 4
> 14252 7255 32 165 -7 3
> 15598 6954 -15 216 172 3
> 13061 11291 -528 -54 229 2
! 13641 6137 200 18 200
! 11090 9577 200 0 200 Blocker
> 8405 7783 -428 -684 -103 4
> 14483 7396 195 119 -7 4
> 15386 7135 -180 153 190 3
> 12382 11106 -577 -157 -139 2
! -14090 -89653 200
! 105113 -34865 SHIELD
> 8405 7783 -428 -684 -103 4
> 14483 7396 195 119 -7 4
> 15386 7135 -180 153 190 3
> 12382 11106 -577 -157 -139 2
! 13039 6906 200 0 200
! 11310 8805 200 18 200 Blocker
> 7932 6904 -402 -747 -103 4
> 14608 7539 85 128 -25 4
> 15712 7029 480 -158 -174 3
> 11702 10778 -577 -279 -121 2
! -14563 -90532 200
! 87743 -60660 0
> 7932 6904 -402 -747 -103 4
> 14608 7539 85 128 -25 4
> 15712 7029 480 -158 -174 3
> 11702 10778 -577 -279 -121 2
! 14287 7971 200 -18 200
! 9992 8613 200 0 200 Blocker
> 7485 5962 -379 -800 -103 4
> 14693 7667 72 108 -43 4
> 15997 6914 241 -97 -192 3
> 11001 10342 -595 -370 -128 2
! 16200 -93657 0
! 63173 -79795 0
> 7485 5962 -379 -800 -103 4
> 14693 7667 72 108 -43 4
> 15997 6914 241 -97 -192 3
> 11001 10342 -595 -370 -128 2
! 14766 8452 200 -18 200
! 10329 7773 200 18 200 Blocker
> 7106 5162 -322 -680 -85 4
> 14765 7775 61 91 -61 4
> 16066 6918 58 3 -210 3
> 10337 9784 -564 -473 -110 2
! 46179 -86888 200
! 63245 -79687 0
> 7106 5162 -322 -680 -85 4
> 14765 7775 61 91 -61 4
> 16066 6918 58 3 -210 3
> 10337 9784 -564 -473 -110 2
! 13936 6691 200 18 200
! 9021 7244 200 0 200 Blocker
> 6862 4298 -207 -734 -67 5
> 14826 7866 51 77 -61 4
> 15929 6964 -116 39 -192 3
> 9681 9133 -557 -552 -117 2
! 72467 -71173 200
! 33906 -90296 200
> 6862 4298 -207 -734 -67 5
> 14826 7866 51 77 -61 4
> 15929 6964 -116 39 -192 3
> 9681 9133 -557 -552 -117 2
! 13661 7460 200 0 200
! 9468 6408 200 18 200 Blocker
> 6786 3413 -64 -752 -49 5
> 14915 7747 75 -101 -79 4
> 15618 7046 -264 69 168 3
> 9091 8384 -501 -636 -99 2
! 92502 -48090 200
! 2727 -91507 SHIELD
> 6786 3413 -64 -752 -49 5
> 14915 7747 75 -101 -79 4
> 15618 7046 -264 69 168 3
> 9091 8384 -501 -636 -99 2
! 13202 7572 200 0 200
! 8246 5575 200 0 200 Blocker
> 6893 2558 91 -726 -31 5
> 14954 7690 14 -25 -97 4
> 15518 6713 97 -507 168 3
> 8532 7556 -474 -703 -107 2
! 104329 -19937 200
! -27307 -82940 200
> 6893 2558 91 -726 -31 5
> 14954 7690 14 -25 -97 4
> 15518 6713 97 -507 168 3
> 8532 7556 -474 -703 -107 2
! 14143 7841 200 -18 200
! 8774 4773 200 18 200 Blocker
> 7179 1787 242 -655 -13 5
> 14968 7665 11 -21 -115 4
> 15442 6307 -64 -345 150 3
> 8062 6653 -399 -767 -89 2
! 106798 10502 0
! -27293 -82965 0
> 7179 1787 242 -655 -13 5
> 14968 7665 11 -21 -115 4
> 15442 6307 -64 -345 150 3
> 8062 6653 -399 -767 -89 2
! 14483 7972 200 -18 200
! 8987 4129 200 18 200 Blocker
> 7421 1132 205 -556 5 0
> 14979 7644 9 -17 -115 4
> 15245 6111 -167 -166 132 3
> 7729 5697 -283 -812 -71 2
! 99471 40205 0
! -53220 -65491 0
> 7421 1132 205 -556 5 0
> 14979 7644 9 -17 -115 4
> 15245 6111 -167 -166 132 3
> 7729 5697 -283 -812 -71 2
! 14848 8133 200 -18 200
! 9248 3623 200 18 200 Blocker
> 7626 576 174 -472 23 0
> 14988 7627 7 -14 -133 4
> 14998 6128 -210 14 114 3
> 7564 4724 -140 -827 -54 2
! 83096 66181 200
! -27273 -83003 200
> 7626 576 174 -472 23 0
> 14988 7627 7 -14 -133 4
> 14998 6128 -210 14 114 3
> 7564 4724 -140 -827 -54 2
! 15245 8294 200 -18 200
! 9516 3217 200 18 200 Blocker
> 7951 235 276 -289 41 0
> 14910 7432 -65 -165 -115 4
> 14768 6341 -195 181 96 3
> 7582 3775 15 -806 -38 2
! 100001 39308 200
! -27351 -83198 200
> 7951 235 276 -289 41 0
> 14910 7432 -65 -165 -115 4
> 14768 6341 -195 181 96 3
> 7582 3775 15 -806 -38 2
! 14343 8710 200 0 200
! 9331 1615 200 0 200 Blocker
> 8411 24 391 -179 23 0
> 14847 7469 2 276 -115 4
> 14451 6336 -324 -249 100 3
> 7723 2814 119 -817 -51 2
! 83881 65629 200
! -27414 -83161 0
> 8411 24 391 -179 23 0
> 14847 7469 2 276 -115 4
> 14451 6336 -324 -249 100 3
> 7723 2814 119 -817 -51 2
! 15004 7885 0 -18 0
! 9774 1479 0 18 0 Blocker
> 8953 -24 460 -40 41 0
> 14849 7745 1 234 -115 4
> 14127 6087 -275 -211 82 3
> 7842 1997 101 -694 -33 2
! 60456 85692 0
! -27412 -82885 200
> 8953 -24 460 -40 41 0
> 14849 7745 1 234 -115 4
> 14127 6087 -275 -211 82 3
> 7842 1997 101 -694 -33 2
! 15380 7459 200 -18 200
! 10140 1418 200 18 200 Blocker
> 9413 -64 391 -34 59 0
> 14765 7798 -70 44 -115 4
> 13939 6056 -159 -26 64 3
> 8136 1251 250 -634 -15 2
! 31908 97373 200
! -27496 -82832 200
> 9413 -64 391 -34 59 0
> 14765 7798 -70 44 -115 4
> 13939 6056 -159 -26 64 3
> 8136 1251 250 -634 -15 2
! 15722 7063 200 -18 200
! 10253 1334 0 18 0 Blocker
> 9849 97 370 136 77 0
> 14610 7661 -131 -116 -115 4
> 13919 6174 -17 100 46 3
> 8386 617 212 -538 2 2
! 1133 99716 200
! 2422 -91593 200
> 9849 97 370 136 77 0
> 14610 7661 -131 -116 -115 4
> 13919 6174 -17 100 46 3
> 8386 617 212 -538 2 2
! 14208 8453 200 18 200
! 10332 1433 200 18 200 Blocker
> 10202 432 299 284 95 0
> 14455 7346 -132 -267 -97 4
> 13989 6454 59 238 64 3
> 8786 148 339 -398 20 2
! -28871 92482 200
! -27806 -83284 SHIELD
> 10202 432 299 284 95 0
> 14455 7346 -132 -267 -97 4
> 13989 6454 59 238 64 3
> 8786 148 339 -398 20 2
! 13701 8662 0 18 0
! 10355 1574 200 18 200 Blocker
> 10423 900 187 397 113 0
> 14352 7131 -71 -155 -115 4
> 13756 6172 -354 -516 82 3
> 9282 -126 421 -233 38 2
! -55182 76370 200
! -53847 -66004 0
> 10423 900 187 397 113 0
> 14352 7131 -71 -155 -115 4
> 13756 6172 -354 -516 82 3
> 9282 -126 421 -233 38 2
! 14930 7239 200 -18 200
! 10309 1756 200 18 200 Blocker
> 10479 1448 47 465 131 0
> 14281 6976 -60 -131 -133 4
> 13489 5836 -226 -285 64 3
> 9814 -193 452 -56 56 2
! -55126 76918 200
! -73181 -41504 0
> 10479 1448 47 465 131 0
> 14281 6976 -60 -131 -133 4
> 13489 5836 -226 -285 64 3
> 9814 -193 452 -56 56 2
! 14227 7528 200 0 200
! 10189 1950 200 18 200 Blocker
> 10395 2064 -71 523 131 0
> 14221 6845 -51 -111 -151 4
> 13343 5734 -124 -86 66 3
> 10320 -57 430 116 74 2
! -75321 53567 200
! -73241 -41635 0
> 10395 2064 -71 523 131 0
> 14221 6845 -51 -111 -151 4
> 13343 5734 -124 -86 66 3
> 10320 -57 430 116 74 2
! 15124 6748 200 -18 200
! 9998 2126 200 18 200 Blocker
> 10153 2690 -206 532 149 0
> 14170 6734 -43 -94 -151 4
> 13352 5798 7 54 48 3
> 10742 259 358 268 92 2
! -75563 54193 200
! -54029 -66401 200
> 10153 2690 -206 532 149 0
> 14170 6734 -43 -94 -151 4
> 13352 5798 7 54 48 3
> 10742 259 358 268 92 2
! 14831 7487 200 0 200
! 9746 2261 200 18 200 Blocker
> 9776 3325 -320 539 149 0
> 14060 6565 168 124 -133 4
> 13421 5931 -202 -155 49 3
> 11031 715 245 387 110 2
! -75940 54828 200
! -54139 -66570 200
> 9776 3325 -320 539 149 0
> 14060 6565 168 124 -133 4
> 13421 5931 -202 -155 49 3
> 11031 715 245 387 110 2
! 14662 7436 200 0 200
! 9452 2332 200 18 200 Blocker
> 9285 3967 -417 545 149 0
> 14092 6543 26 -18 -133 4
> 13346 5930 -63 0 50 3
> 11152 1259 103 462 128 2
! -76431 55470 200
! -73370 -41937 200
> 9285 3967 -417 545 149 0
> 14092 6543 26 -18 -133 4
> 13346 5930 -63 0 50 3
> 11152 1259 103 462 128 2
! 15418 6462 200 -18 200
! 9140 2327 200 18 200 Blocker
> 8697 4615 -500 550 149 0
> 14077 6537 96 83 -151 4
> 13318 5929 -133 -89 32 3
> 11089 1832 -53 487 146 2
! -88739 27110 200
! -73385 -41943 0
> 8697 4615 -500 550 149 0
> 14077 6537 96 83 -151 4
> 13318 5929 -133 -89 32 3
> 11089 1832 -53 487 146 2
! 15051 7006 200 0 200
! 9212 3549 200 0 200 Blocker
> 8002 5210 -590 505 167 0
> 14173 6620 81 70 -151 4
> 13355 5946 31 14 32 3
> 10888 2454 -170 528 138 2
! -89434 27705 200
! -54026 -66515 0
> 8002 5210 -590 505 167 0
> 14173 6620 81 70 -151 4
> 13355 5946 31 14 32 3
> 10888 2454 -170 528 138 2
! 14210 8000 200 18 200
! 8530 3212 200 18 200 Blocker
> 7217 5760 -667 467 167 1
> 14254 6690 68 59 -133 4
> 13515 6113 135 141 50 3
> 10536 3065 -299 519 156 2
! -92402 -2955 200
! -73208 -41790 200
> 7217 5760 -667 467 167 1
> 14254 6690 68 59 -133 4
> 13515 6113 135 141 50 3
> 10536 3065 -299 519 156 2
! 13803 8449 200 18 200
! 8227 4479 200 0 200 Blocker
> 6351 6210 -736 382 -175 1
> 14417 6849 232 203 -151 4
> 13456 6243 -144 41 68 3
> 10066 3688 -399 529 149 2
! -91085 28705 200
! -83745 -12231 200
> 6351 6210 -736 382 -175 1
> 14417 6849 232 203 -151 4
> 13456 6243 -144 41 68 3
> 10066 3688 -399 529 149 2
! 15178 7450 200 -18 200
! 7475 4025 200 18 200 Blocker
> 5420 6637 -791 362 167 1
> 14453 7014 30 140 -169 4
> 13441 6437 -12 164 50 3
> 9473 4264 -504 489 167 3
! -80296 58140 200
! -73009 -41466 200
> 5420 6637 -791 362 167 1
> 14453 7014 30 140 -169 4
> 13441 6437 -12 164 50 3
> 9473 4264 -504 489 167 3
! 15564 7133 200 -18 200
! 7526 6413 200 -18 200 Blocker
> 4458 7102 -818 395 149 1
> 14316 7061 159 177 -151 4
> 13591 6703 -148 88 32 3
> 8798 4857 -573 504 149 3
! -92978 29597 200
! -73146 -41419 200
> 4458 7102 -818 395 149 1
> 14316 7061 159 177 -151 4
> 13591 6703 -148 88 32 3
> 8798 4857 -573 504 149 3
! 15638 6638 200 -18 200
! 6033 5169 200 18 200 Blocker
> 3445 7542 -860 373 167 2
> 14429 7204 108 127 -151 4
> 13509 6776 -83 55 14 3
> 8031 5408 -652 468 167 3
! -96174 -1173 200
! -73033 -41276 200
> 3445 7542 -860 373 167 2
> 14429 7204 108 127 -151 4
> 13509 6776 -83 55 14 3
> 8031 5408 -652 468 167 3
! 15561 7363 200 0 200
! 5235 6371 200 0 200 Blocker
> 2386 7898 -900 302 -175 2
> 14362 7234 -56 25 -151 4
> 13618 6886 92 93 16 3
> 7190 5941 -714 453 161 3
! -89664 -31175 0
! -73100 -41246 200
> 2386 7898 -900 302 -175 2
> 14362 7234 -56 25 -151 4
> 13618 6886 92 93 16 3
> 7190 5941 -714 453 161 3
! 14941 8555 0 18 0
! 4396 7110 200 0 200 Blocker
> 1486 8200 -765 256 -157 2
> 14440 7306 82 69 -151 4
> 13401 6835 -200 -51 34 3
> 6291 6471 -763 450 157 3
! -73985 -57405 0
! -73022 -41174 0
> 1486 8200 -765 256 -157 2
> 14440 7306 82 69 -151 4
> 13401 6835 -200 -51 34 3
> 6291 6471 -763 450 157 3
! 15400 6707 200 -18 200
! 3384 6426 200 18 200 Blocker
> 721 8456 -650 217 -139 2
> 14522 7375 69 58 -151 4
> 13393 6839 -6 3 16 3
> 5329 6937 -817 396 175 3
! -50782 -77260 0
! -72940 -41105 200
> 721 8456 -650 217 -139 2
> 14522 7375 69 58 -151 4
> 13393 6839 -6 3 16 3
> 5329 6937 -817 396 175 3
! 14741 8576 200 18 200
! 2626 6200 200 18 200 Blocker
> 71 8673 -552 184 -121 2
> 14416 7336 -90 -33 -151 4
> 13553 6954 135 97 34 3
> 4317 7287 -859 297 193 3
! -22424 -88763 0
! -83746 -11744 200
> 71 8673 -552 184 -121 2
> 14416 7336 -90 -33 -151 4
> 13553 6954 135 97 34 3
> 4317 7287 -859 297 193 3
! 14372 8930 0 18 0
! 1433 8444 200 -18 200 Blocker
> -481 8857 -469 156 -103 2
> 14412 7392 107 97 -169 4
> 13406 6924 -236 -75 52 3
> 3259 7600 -899 266 175 3
! 8234 -90762 200
! -83750 -11688 200
> -481 8857 -469 156 -103 2
> 14412 7392 107 97 -169 4
> 13406 6924 -236 -75 52 3
> 3259 7600 -899 266 175 3
! 15093 7400 0 -18 0
! 474 6733 200 18 200 Blocker
> -933 8814 -383 -36 -85 2
> 14323 7451 -75 50 -169 4
> 13170 6849 -200 -63 34 3
> 2165 7820 -929 187 193 3
! 38140 -83236 0
! -73139 -41029 0
> -933 8814 -383 -36 -85 2
> 14323 7451 -75 50 -169 4
> 13170 6849 -200 -63 34 3
> 2165 7820 -929 187 193 3
! 15169 6709 200 -18 200
! -908 7512 200 0 200 Blocker
> -1316 8778 -325 -30 -67 2
> 14248 7501 -63 42 -151 4
> 13162 6841 -6 -6 16 3
> 1037 7987 -958 141 -174 3
! 64289 -66693 0
! -53951 -65634 200
> -1316 8778 -325 -30 -67 2
> 14248 7501 -63 42 -151 4
> 13162 6841 -6 -6 16 3
> 1037 7987 -958 141 -174 3
! 14510 8569 200 18 200
! -1826 9228 200 -18 200 Blocker
> -1641 8748 -276 -25 -49 2
> 14049 7397 -169 -88 -133 4
> 13322 6947 135 89 34 3
> -116 8171 -980 155 -192 3
! 84075 -42755 0
! -54150 -65738 SHIELD
> -1641 8748 -276 -25 -49 2
> 14049 7397 -169 -88 -133 4
> 13322 6947 135 89 34 3
> -116 8171 -980 155 -192 3
! 14141 8915 0 18 0
! -2923 7513 0 18 0 Blocker
> -1917 8723 -234 -21 -31 2
> 13926 7337 -97 -46 -133 4
> 12999 6751 -346 -211 52 3
> -1096 8326 -833 131 -174 3
! 95519 -13772 0
! -73536 -41143 0
> -1917 8723 -234 -21 -31 2
> 13926 7337 -97 -46 -133 4
> 12999 6751 -346 -211 52 3
> -1096 8326 -833 131 -174 3
! 14768 7146 200 -18 200
! -3415 7119 SHIELD 18 SHIELD
> -2942 9113 -1023 410 -13 2
> 13829 7291 -82 -39 -151 4
> 12819 6652 -153 -84 34 3
> -1850 8416 -625 68 -156 3
! 96677 17828 200
! -84333 -11789 200
> -2942 9113 -1023 410 -13 2
> 13829 7291 -82 -39 -151 4
> 12819 6652 -153 -84 34 3
> -1850 8416 -625 68 -156 3
! 14865 6491 200 -18 200
! -4431 8900 0 -18 0 Blocker
> -3766 9540 -700 363 5 2
> 13747 7252 -69 -33 -169 4
> 12858 6623 33 -24 16 3
> -2475 8484 -531 57 -174 3
! 93671 -12955 200
! -73715 -41228 0
> -3766 9540 -700 363 5 2
> 13747 7252 -69 -33 -169 4
> 12858 6623 33 -24 16 3
> -2475 8484 -531 57 -174 3
! 14245 8333 200 18 200
! -4738 9541 0 -18 0 Blocker
> -4271 9858 -429 270 -13 2
> 13678 7219 -58 -28 -151 4
> 13057 6711 169 74 34 3
> -3006 8541 -451 48 -192 3
! 93165 -12637 200
! -54521 -65916 200
> -4271 9858 -429 270 -13 2
> 13678 7219 -58 -28 -151 4
> 13057 6711 169 74 34 3
> -3006 8541 -451 48 -192 3
! 13910 8664 0 18 0
! -4795 10075 0 -18 0 Blocker
> -4505 10083 -199 191 -13 2
> 13821 7321 123 87 -133 4
> 12888 6509 -144 -173 52 3
> -3457 8589 -383 40 -210 3
! 81211 -41420 200
! -73641 -41159 0
> -4505 10083 -199 191 -13 2
> 13821 7321 123 87 -133 4
> 12888 6509 -144 -173 52 3
> -3457 8589 -383 40 -210 3
! 14859 6942 200 -18 200
! -4653 10456 0 -18 0 Blocker
> -4533 10171 -23 74 -31 2
> 13944 7408 104 73 -151 4
> 12910 6448 18 -52 34 3
> -3840 8629 -325 34 -228 3
! 81183 -41332 200
! -54255 -65727 200
> -4533 10171 -23 74 -31 2
> 13944 7408 104 73 -151 4
> 12910 6448 18 -52 34 3
> -3840 8629 -325 34 -228 3
! 14752 7626 200 0 200
! -4374 10652 0 -18 0 Blocker
> -4385 10142 126 -24 -31 2
> 13912 7335 -27 -62 -133 4
> 13096 6504 158 47 33 3
> -4165 8663 -276 28 -246 3
! 61220 -65329 200
! -54287 -65800 200
> -4385 10142 126 -24 -31 2
> 13912 7335 -27 -62 -133 4
> 13096 6504 158 47 33 3
> -4165 8663 -276 28 -246 3
! 14042 8605 200 18 200
! -4025 10647 0 -18 0 Blocker
> -4128 9967 218 -148 -49 2
> 13913 7303 212 199 -133 4
> 13216 6529 -109 -204 51 3
> -4441 8691 -234 23 -264 3
! 81588 -41536 200
! -54286 -65832 200
> -4128 9967 218 -148 -49 2
> 13913 7303 212 199 -133 4
> 13216 6529 -109 -204 51 3
> -4441 8691 -234 23 -264 3
! 15232 6894 200 -18 200
! -3675 10446 0 -18 0 Blocker
> -3739 9716 331 -213 -31 2
> 13989 7356 64 44 -133 4
> 13275 6433 50 -81 33 3
> -4675 8714 -198 19 -282 3
! 81977 -41787 200
! -28272 -83274 200
> -3739 9716 331 -213 -31 2
> 13989 7356 64 44 -133 4
> 13275 6433 50 -81 33 3
> -4675 8714 -198 19 -282 3
! 14113 8406 200 18 200
! -3387 10071 0 -18 0 Blocker
> -3237 9400 427 -268 -31 2
> 13968 7219 -17 -116 -115 4
> 13452 6507 150 62 51 3
> -4873 8733 -168 16 -300 3
! 82479 -42103 200
! -54231 -65916 200
> -3237 9400 427 -268 -31 2
> 13968 7219 -17 -116 -115 4
> 13452 6507 150 62 51 3
> -4873 8733 -168 16 -300 3
! 13717 8766 200 18 200
! -3031 9644 200 -18 200 Blocker
> -2639 9029 508 -315 -31 2
> 14140 7406 185 213 -133 4
> 13350 6306 -126 -225 69 3
> -4892 8882 -15 126 -318 3
! 83077 -42474 200
! -54059 -65729 200
> -2639 9029 508 -315 -31 2
> 14140 7406 185 213 -133 4
> 13350 6306 -126 -225 69 3
> -4892 8882 -15 126 -318 3
! 15069 7279 200 -18 200
! -2719 9238 200 -18 200 Blocker
> -1960 8611 577 -355 -31 2
> 14189 7473 41 56 -133 4
> 13351 6236 0 -59 51 3
> -4724 9088 142 175 -336 3
! 95476 -13884 200
! -28072 -83157 200
> -1960 8611 577 -355 -31 2
> 14189 7473 41 56 -133 4
> 13351 6236 0 -59 51 3
> -4724 9088 142 175 -336 3
! 14736 7887 200 0 200
! -2430 8806 200 -18 200 Blocker
> -1188 8211 656 -339 -13 2
> 14145 7348 -36 -106 -115 4
> 13480 6330 109 80 50 3
> -4383 9283 289 165 -354 3
! 84528 -43292 200
! -28116 -83282 200
> -1188 8211 656 -339 -13 2
> 14145 7348 -36 -106 -115 4
> 13480 6330 109 80 50 3
> -4383 9283 289 165 -354 3
! 13742 8605 200 18 200
! -2189 8348 200 -18 200 Blocker
> -361 7769 703 -375 -31 2
> 14147 7233 206 190 -115 4
> 13541 6423 -152 -208 68 3
> -3899 9405 411 104 -372 3
! 97075 -14726 200
! -54052 -65902 200
> -361 7769 703 -375 -31 2
> 14147 7233 206 190 -115 4
> 13541 6423 -152 -208 68 3
> -3899 9405 411 104 -372 3
! 15255 7381 200 -18 200
! -2016 7874 200 -18 200 Blocker
> 537 7349 763 -356 -13 2
> 14217 7277 59 37 -133 4
> 13518 6368 -19 -46 50 3
> -3315 9408 496 2 -390 3
! 86253 -44154 200
! -53982 -65858 200
> 537 7349 763 -356 -13 2
> 14217 7277 59 37 -133 4
> 13518 6368 -19 -46 50 3
> -3315 9408 496 2 -390 3
! 13652 8517 200 18 200
! -914 8310 200 0 200 Blocker
> 1471 6890 794 -390 -31 2
> 14140 7168 -65 -92 -133 4
> 13574 6507 47 118 68 3
> -2637 9327 576 -69 -25 3
! 98907 -15605 200
! -54059 -65967 200
> 1471 6890 794 -390 -31 2
> 14140 7168 -65 -92 -133 4
> 13574 6507 47 118 68 3
> -2637 9327 576 -69 -25 3
! 14445 8665 200 0 200
! -67 8328 200 0 200 Blocker
> 2460 6455 840 -369 -13 2
> 14303 7342 177 192 -133 4
> 13332 6398 -245 -137 68 3
> -1875 9186 648 -120 -21 3
! 99896 -16040 200
! -73159 -41138 200
> 2460 6455 840 -369 -13 2
> 14303 7342 177 192 -133 4
> 13332 6398 -245 -137 68 3
> -1875 9186 648 -120 -21 3
! 14953 7427 200 -18 200
! 827 8278 200 0 200 Blocker
> 3495 6041 879 -351 -13 2
> 14305 7437 1 80 -151 4
> 13216 6414 -99 13 50 3
> -1037 9002 711 -156 -19 3
! 100931 -16454 200
! -53894 -65698 200
> 3495 6041 879 -351 -13 2
> 14305 7437 1 80 -151 4
> 13216 6414 -99 13 50 3
> -1037 9002 711 -156 -19 3
! 15252 6959 200 -18 200
! 936 7044 200 -18 200 Blocker
> 4569 5645 912 -336 -13 2
> 14170 7371 -115 -56 -133 4
> 13287 6533 59 101 32 3
> -165 8727 740 -233 -37 3
! 104188 14360 200
! -54029 -65764 200
> 4569 5645 912 -336 -13 2
> 14170 7371 -115 -56 -133 4
> 13287 6533 59 101 32 3
> -165 8727 740 -233 -37 3
! 14170 8674 200 18 200
! 2775 8456 200 18 200 Blocker
> 5680 5326 944 -270 5 2
> 14078 7313 184 188 -133 4
> 13315 6643 -238 -144 50 3
> 765 8430 790 -252 -19 3
! 105299 14041 200
! -73384 -41167 200
> 5680 5326 944 -270 5 2
> 14078 7313 184 188 -133 4
> 13315 6643 -238 -144 50 3
> 765 8430 790 -252 -19 3
! 15212 7031 200 -18 200
! 3635 7462 200 0 200 Blocker
> 6823 5073 971 -214 5 2
> 14087 7404 7 77 -151 4
> 13247 6605 -58 -32 32 3
> 1745 8114 832 -268 -19 3
! 106442 13788 200
! -54112 -65731 200
> 6823 5073 971 -214 5 2
> 14087 7404 7 77 -151 4
> 13247 6605 -58 -32 32 3
> 1745 8114 832 -268 -19 3
! 15055 7739 200 0 200
! 4657 7130 200 0 200 Blocker
> 7993 4876 994 -167 5 2
> 13958 7335 -109 -58 -133 4
> 13358 6679 94 63 32 3
> 2766 7782 868 -282 -19 3
! 100043 43949 200
! -28303 -83295 200
> 7993 4876 994 -167 5 2
> 13958 7335 -109 -58 -133 4
> 13358 6679 94 63 32 3
> 2766 7782 868 -282 -19 3
! 14201 8596 0 18 0
! 5738 8143 200 18 200 Blocker
> 9171 4787 1001 -75 23 3
> 13985 7338 74 58 -115 4
> 13231 6499 -158 -208 50 3
> 3834 7498 907 -241 -1 3
! 84641 70392 200
! -54214 -65797 200
> 9171 4787 1001 -75 23 3
> 13985 7338 74 58 -115 4
> 13231 6499 -158 -208 50 3
> 3834 7498 907 -241 -1 3
! 15208 6823 200 -18 200
! 6941 7219 200 0 200 Blocker
> 10323 4843 979 47 41 3
> 13923 7250 -53 -75 -133 4
> 13242 6397 9 -86 32 3
> 4940 7239 940 -220 -5 3
! 61826 90559 0
! -28338 -83380 200
> 10323 4843 979 47 41 3
> 13923 7250 -53 -75 -133 4
> 13242 6397 9 -86 32 3
> 4940 7239 940 -220 -5 3
! 14075 8351 200 18 200
! 8072 6827 200 0 200 Blocker
> 11302 4890 832 39 59 3
> 13867 7098 104 66 -115 4
> 13298 6360 -105 -226 50 3
> 6078 6993 967 -209 -7 3
! 33797 102327 0
! -28394 -83532 200
> 11302 4890 832 39 59 3
> 13867 7098 104 66 -115 4
> 13298 6360 -105 -226 50 3
> 6078 6993 967 -209 -7 3
! 14607 7819 200 0 200
! 8969 7851 200 18 200 Blocker
> 12134 4929 707 33 77 3
> 13886 6983 16 -97 -115 4
> 13327 6283 24 -65 48 3
> 7242 6820 989 -146 11 3
! 3418 104548 0
! -54313 -66152 200
> 12134 4929 707 33 77 3
> 13886 6983 16 -97 -115 4
> 13327 6283 24 -65 48 3
> 7242 6820 989 -146 11 3
! 14823 7853 200 0 200
! 10391 7094 200 0 200 Blocker
> 12841 4962 600 28 95 3
> 13972 7001 123 79 -133 4
> 13283 6102 -88 -218 46 3
> 8430 6691 1010 -109 5 3
! 4125 104581 0
! -28289 -83629 200
> 12841 4962 600 28 95 3
> 13972 7001 123 79 -133 4
> 13283 6102 -88 -218 46 3
> 8430 6691 1010 -109 5 3
! 14723 7467 200 0 200
! 11632 6774 200 0 200 Blocker
> 13441 4990 510 23 95 3
> 14010 6899 32 -86 -115 4
> 13340 6022 48 -68 43 3
> 9640 6587 1028 -88 1 3
! 4725 104609 200
! -54189 -66236 200
> 13441 4990 510 23 95 3
> 14010 6899 32 -86 -115 4
> 13340 6022 48 -68 43 3
> 9640 6587 1028 -88 1 3
! 13808 8114 200 18 200
! 12868 6537 200 0 200 Blocker
> 13934 5212 418 188 95 3
> 13977 6759 130 84 -133 4
> 13412 6037 -97 -190 61 3
> 10868 6496 1043 -77 -1 3
! -25139 97262 0
! -28284 -83871 200
> 13934 5212 418 188 95 3
> 13977 6759 130 84 -133 4
> 13412 6037 -97 -190 61 3
> 10868 6496 1043 -77 -1 3
! 15309 6777 200 -18 200
! 14111 6381 200 0 200 Blocker
> 14352 5400 355 159 113 3
> 14022 6662 38 -82 -115 4
> 13460 5985 40 -44 43 3
> 12111 6412 1056 -71 -2 3
! 5636 105019 200
! 1834 -92592 200
> 14352 5400 355 159 113 3
> 14022 6662 38 -82 -115 4
> 13460 5985 40 -44 43 3
> 12111 6412 1056 -71 -2 3
! 13920 8101 200 18 200
! 14825 7459 0 18 0 Blocker
> 14690 5758 286 304 95 3
> 14243 6610 232 5 -97 4
> 13707 5692 589 -560 61 3
> 12849 6537 202 368 16 3
! -24383 97808 200
! -28018 -84020 0
> 14690 5758 286 304 95 3
> 14243 6610 232 5 -97 4
> 13707 5692 589 -560 61 3
> 12849 6537 202 368 16 3
! 14028 7316 200 18 200
! 15118 6153 200 -18 200 Blocker
> 15040 6029 370 117 113 3
> 14333 6832 2 301 -115 4
> 14335 5328 533 -309 79 3
> 13251 6898 341 306 -2 3
! -50565 81499 200
! 2145 -92422 SHIELD
> 15040 6029 370 117 113 3
> 14333 6832 2 301 -115 4
> 14335 5328 533 -309 79 3
> 13251 6898 341 306 -2 3
! 13938 7013 200 18 200
! 15168 5973 0 -18 0 Blocker
> 15279 6297 202 227 131 3
> 14345 7132 53 251 -97 4
> 14844 5218 432 -93 97 3
> 13495 7213 -229 305 -20 3
! -50326 81767 0
! -27916 -83498 0
> 15279 6297 202 227 131 3
> 14345 7132 53 251 -97 4
> 14844 5218 432 -93 97 3
> 13495 7213 -229 305 -20 3
! 13776 6734 200 18 200
! 14496 5694 200 -18 200 Blocker
> 15481 6524 171 192 131 3
> 14398 7383 45 213 -115 4
> 15192 5307 295 75 115 3
> 13424 7395 -60 154 -38 3
! -70235 58027 200
! -53801 -65752 0
> 15481 6524 171 192 131 3
> 14398 7383 45 213 -115 4
> 15192 5307 295 75 115 3
> 13424 7395 -60 154 -38 3
! 13563 6449 200 18 200
! 15563 7472 200 18 200 Blocker
> 15481 6819 0 250 149 3
> 14443 7596 38 181 -133 4
> 15351 5529 135 188 133 3
> 13552 7480 108 72 -20 3
! -70235 58322 200
! -53756 -65539 0
> 15481 6819 0 250 149 3
> 14443 7596 38 181 -133 4
> 15351 5529 135 188 133 3
> 13552 7480 108 72 -20 3
! 13986 7326 200 0 200
! 15727 6800 200 0 200 Blocker
> 15310 7172 -145 300 149 3
> 14605 7807 219 199 -133 4
> 15365 5876 11 295 127 3
> 13727 7462 66 -35 -17 3
! -82126 29667 SHIELD
! -53594 -65328 200
> 15310 7172 -145 300 149 3
> 14605 7807 219 199 -133 4
> 15365 5876 11 295 127 3
> 13727 7462 66 -35 -17 3
! 13272 6814 200 18 200
! 15684 8078 0 18 0 Blocker
> 15190 7450 -84 221 167 3
> 14433 8081 -319 383 -133 4
> 15212 6285 -130 347 145 3
> 13793 7427 56 -29 1 3
! -82246 29945 0
! -27828 -82549 200
> 15190 7450 -84 221 167 3
> 14433 8081 -319 383 -133 4
> 15212 6285 -130 347 145 3
> 13793 7427 56 -29 1 3
! 13280 7894 200 0 200
! 15446 8602 0 18 0 Blocker
> 15106 7671 -71 187 167 4
> 14029 8283 -342 171 -115 4
> 14928 6760 -241 403 140 3
> 13849 7398 47 -24 19 3
! -84513 -1044 SHIELD
! 1841 -90971 0
> 15106 7671 -71 187 167 4
> 14029 8283 -342 171 -115 4
> 14928 6760 -241 403 140 3
> 13849 7398 47 -24 19 3
! 12492 7316 SHIELD 18 SHIELD
! 15043 9012 0 18 0 Blocker
> 15045 7880 -16 261 -175 4
> 13687 8454 -290 145 -97 4
> 14677 7141 -248 240 158 3
> 13896 7374 39 -20 37 3
! -84574 -835 0
! -28574 -82176 200
> 15045 7880 -16 261 -175 4
> 13687 8454 -290 145 -97 4
> 14677 7141 -248 240 158 3
> 13896 7374 39 -20 37 3
! 12294 6849 200 18 200
! 14578 9458 200 18 200 Blocker
> 15029 8141 -13 221 -175 4
> 13312 8418 -318 -30 -115 4
> 14811 7267 125 103 176 4
> 13669 7631 -205 222 55 3
! -77021 -30932 0
! 1124 -90836 200
> 15029 8141 -13 221 -175 4
> 13312 8418 -318 -30 -115 4
> 14811 7267 125 103 176 4
> 13669 7631 -205 222 55 3
! 13070 6204 200 18 200
! 15355 8504 0 -18 0 Blocker
> 15016 8362 -11 187 -157 4
> 12841 8425 -425 51 -97 4
> 14936 7370 106 87 194 4
> 13592 7618 -40 -57 37 3
! -84603 -353 0
! -29420 -82205 0
> 15016 8362 -11 187 -157 4
> 12841 8425 -425 51 -97 4
> 14936 7370 106 87 194 4
> 13592 7618 -40 -57 37 3
! 12907 6925 200 0 200
! 15309 8885 200 0 200 Blocker
> 15005 8549 -9 158 -175 4
> 12416 8476 -361 43 -115 4
> 15042 7457 90 73 -168 4
> 13713 7680 102 52 36 3
! -82431 31044 200
! 228 -90778 0
> 15005 8549 -9 158 -175 4
> 12416 8476 -361 43 -115 4
> 15042 7457 90 73 -168 4
> 13713 7680 102 52 36 3
! 13660 5895 200 18 200
! 14433 9634 0 18 0 Blocker
> 14801 8752 -173 172 167 4
> 12055 8519 -306 36 -97 4
> 14959 7429 -70 -23 -150 4
> 13815 7732 86 44 54 3
! -82635 31247 200
! -30206 -82111 0
> 14801 8752 -173 172 167 4
> 12055 8519 -306 36 -97 4
> 14959 7429 -70 -23 -150 4
> 13815 7732 86 44 54 3
! 12984 6306 200 0 200
! 13901 9976 200 18 200 Blocker
> 14433 8969 -312 184 167 4
> 11749 8555 -260 30 -115 4
> 14715 7307 -207 -103 -150 4
> 13961 7967 124 199 72 4
! -85186 253 200
! -438 -90699 0
> 14433 8969 -312 184 167 4
> 11749 8555 -260 30 -115 4
> 14715 7307 -207 -103 -150 4
> 13961 7967 124 199 72 4
! 12320 7434 200 -18 200
! 13405 10258 200 18 200 Blocker
> 13919 9157 -454 308 185 4
> 11489 8585 -221 25 -97 4
> 14312 7164 -342 -121 -168 4
> 14086 8345 123 171 90 4
! -78131 -29916 200
! -698 -90669 200
> 13919 9157 -454 308 185 4
> 11489 8585 -221 25 -97 4
> 14312 7164 -342 -121 -168 4
> 14086 8345 123 171 90 4
! 12498 5408 200 18 200
! 13033 10134 0 18 0 Blocker
> 13281 9387 -542 195 203 4
> 11244 8411 -208 -147 -97 4
> 13796 6944 -438 -186 -150 4
> 14209 8516 104 145 108 4
! -62190 -56218 200
! -943 -90843 200
> 13281 9387 -542 195 203 4
> 11244 8411 -208 -147 -97 4
> 13796 6944 -438 -186 -150 4
> 14209 8516 104 145 108 4
! 11453 5658 200 0 200
! 12533 9954 200 18 200 Blocker
> 12588 9451 -589 54 -139 4
> 11012 8065 -197 -293 -97 4
> 13183 6662 -521 -239 -151 4
> 14194 8822 -12 260 126 4
! -62883 -56154 200
! 30092 -90097 200
> 12588 9451 -589 54 -139 4
> 11012 8065 -197 -293 -97 4
> 13183 6662 -521 -239 -151 4
> 14194 8822 -12 260 126 4
! 10478 6691 200 -18 200
! 12090 9762 200 18 200 Blocker
> 11848 9374 -628 -65 -139 4
> 10853 7576 -135 -415 -79 4
> 12466 6386 -609 -234 -169 4
> 14019 9198 -148 319 144 4
! -63623 -56231 200
! -1334 -91678 200
> 11848 9374 -628 -65 -139 4
> 10853 7576 -135 -415 -79 4
> 12466 6386 -609 -234 -169 4
> 14019 9198 -148 319 144 4
! 10357 4543 200 18 200
! 11671 9517 200 18 200 Blocker
> 11069 9178 -662 -166 -139 4
> 10694 6962 -135 -521 -97 4
> 11682 6056 -666 -280 -151 4
> 13680 9577 -287 322 162 4
! -40434 -76538 200
! -1493 -92292 200
> 11069 9178 -662 -166 -139 4
> 10694 6962 -135 -521 -97 4
> 11682 6056 -666 -280 -151 4
> 13680 9577 -287 322 162 4
! 8832 6044 200 -18 200
! 11301 9219 200 18 200 Blocker
> 10304 8841 -650 -286 -121 4
> 10392 6421 -533 -111 -97 4
> 10962 5560 -334 -770 -169 4
> 13193 9898 -413 272 180 4
! -12191 -88595 200
! -31869 -84209 200
> 10304 8841 -650 -286 -121 4
> 10392 6421 -533 -111 -97 4
> 10962 5560 -334 -770 -169 4
> 13193 9898 -413 272 180 4
! 8634 5720 200 -18 200
! 11000 8877 200 18 200 Blocker
> 9609 8360 -590 -408 -103 4
> 9774 6129 -524 -248 -115 4
> 10428 4804 -453 -642 176 4
> 12590 10107 -512 177 198 4
! -12886 -89076 200
! -2413 -93125 200
> 9609 8360 -590 -408 -103 4
> 9774 6129 -524 -248 -115 4
> 10428 4804 -453 -642 176 4
> 12590 10107 -512 177 198 4
! 8290 5576 200 -18 200
! 10785 8504 200 18 200 Blocker
> 8974 7757 -539 -512 -103 4
> 9226 5682 -466 -379 -97 4
> 9787 4230 -544 -487 160 4
> 11917 10165 -571 49 216 4
! -13521 -89679 200
! -2961 -93572 200
> 8974 7757 -539 -512 -103 4
> 9226 5682 -466 -379 -97 4
> 9787 4230 -544 -487 160 4
> 11917 10165 -571 49 216 4
! 8013 5567 200 -18 200
! 10666 8122 200 18 200 Blocker
> 8390 7050 -496 -600 -103 4
> 8736 5104 -416 -490 -97 4
> 9083 3863 -598 -311 143 4
> 11230 10051 -584 -96 234 4
! -14105 -90386 200
! -3451 -94150 0
> 8390 7050 -496 -600 -103 4
> 8736 5104 -416 -490 -97 4
> 9083 3863 -598 -311 143 4
> 11230 10051 -584 -96 234 4
! 7842 5656 200 -18 200
! 10646 7755 200 18 200 Blocker
> 7849 6255 -459 -675 -103 4
> 8320 4614 -353 -416 -97 4
> 8370 3716 -605 -125 125 4
> 10586 9764 -547 -243 252 4
! 16564 -93364 0
! -33941 -86016 SHIELD
> 7849 6255 -459 -675 -103 4
> 8320 4614 -353 -416 -97 4
> 8370 3716 -605 -125 125 4
> 10586 9764 -547 -243 252 4
! 7800 5591 SHIELD -18 SHIELD
! 9359 7429 200 0 200 Blocker
> 7390 5580 -390 -573 -85 4
> 7975 4382 -289 -116 -115 4
> 7757 3407 -524 -343 107 4
> 9946 9344 -544 -357 -118 4
! 46463 -86470 0
! -60224 -68753 0
> 7390 5580 -390 -573 -85 4
> 7975 4382 -289 -116 -115 4
> 7757 3407 -524 -343 107 4
> 9946 9344 -544 -357 -118 4
! 7949 5144 200 -18 200
! 9708 6808 200 18 200 Blocker
> 7000 5007 -331 -487 -67 4
> 7686 4266 -245 -98 -133 4
> 7233 3064 -445 -291 89 4
> 9368 8790 -491 -471 -100 4
! 72605 -70464 200
! -79776 -44214 0
> 7000 5007 -331 -487 -67 4
> 7686 4266 -245 -98 -133 4
> 7233 3064 -445 -291 89 4
> 9368 8790 -491 -471 -100 4
! 8112 4530 200 -18 200
! 8495 6152 200 0 200 Blocker
> 6670 4457 -409 -379 -49 5
> 7571 4080 31 -246 -151 4
> 6788 2773 -378 -247 71 4
> 8814 8129 -470 -561 -108 4
! 92386 -47046 200
! -90591 -15000 0
> 6670 4457 -409 -379 -49 5
> 7571 4080 31 -246 -151 4
> 6788 2773 -378 -247 71 4
> 8814 8129 -470 -561 -108 4
! 7126 4606 200 0 200
! 9024 5476 200 18 200 Blocker
> 6432 3975 -201 -409 -31 5
> 7602 3834 26 -209 -169 4
> 6410 2526 -321 -209 80 4
> 8343 7368 -400 -646 -90 4
! 92148 -47528 200
! -91652 16021 200
> 6432 3975 -201 -409 -31 5
> 7602 3834 26 -209 -169 4
> 6410 2526 -321 -209 80 4
> 8343 7368 -400 -646 -90 4
! 6471 4484 200 0 200
! 7943 4522 200 0 200 Blocker
> 6402 3463 -25 -435 -31 5
> 7429 3649 -146 -156 -187 4
> 6095 2517 -267 -7 88 4
> 7915 6524 -363 -717 -98 4
! 92118 -48040 200
! -90733 -15431 0
> 6402 3463 -25 -435 -31 5
> 7429 3649 -146 -156 -187 4
> 6095 2517 -267 -7 88 4
> 7915 6524 -363 -717 -98 4
! 7182 4244 SHIELD -18 SHIELD
! 8585 3865 200 18 200 Blocker
> 6548 2925 124 -457 -31 5
> 7283 3493 -124 -132 -169 4
> 5828 2510 -226 -5 70 4
> 7587 5610 -279 -776 -80 4
! 92264 -48578 200
! -90879 -15587 200
> 6548 2925 124 -457 -31 5
> 7283 3493 -124 -132 -169 4
> 5828 2510 -226 -5 70 4
> 7587 5610 -279 -776 -80 4
! 7426 3735 200 -18 200
! 8891 3306 200 18 200 Blocker
> 6843 2365 251 -476 -31 5
> 6963 3323 -272 -144 -169 4
> 5602 2505 -192 -4 52 4
> 7402 4657 -157 -809 -62 4
! 104279 -20130 200
! -91199 -15757 200
> 6843 2365 251 -476 -31 5
> 6963 3323 -272 -144 -169 4
> 5602 2505 -192 -4 52 4
> 7402 4657 -157 -809 -62 4
! 6764 4235 200 0 200
! 8278 1906 200 0 200 Blocker
> 7289 1844 378 -442 -13 5
> 6495 3141 -398 -154 -169 4
> 5410 2501 -163 -3 56 4
> 7306 3657 -81 -849 -72 4
! 106908 10559 0
! -80967 -45339 200
> 7289 1844 378 -442 -13 5
> 6495 3141 -398 -154 -169 4
> 5410 2501 -163 -3 56 4
> 7306 3657 -81 -849 -72 4
! 6477 4322 200 0 200
! 9005 1515 200 18 200 Blocker
> 7667 1402 321 -375 5 0
> 5939 2900 -134 -8 -151 4
> 5230 2488 -490 -207 60 4
> 7342 2646 30 -859 -54 4
! 99717 40475 200
! -62260 -70235 0
> 7667 1402 321 -375 5 0
> 5939 2900 -134 -8 -151 4
> 5230 2488 -490 -207 60 4
> 7342 2646 30 -859 -54 4
! 6750 3176 200 -18 200
! 9464 1107 200 18 200 Blocker
> 8172 1105 429 -252 23 0
> 5805 2892 -113 -6 -133 4
> 4889 2414 -289 -63 42 4
> 7533 1668 162 -830 -36 4
! 83642 66710 0
! -81657 -45588 200
> 8172 1105 429 -252 23 0
> 5805 2892 -113 -6 -133 4
> 4889 2414 -289 -63 42 4
> 7533 1668 162 -830 -36 4
! 6235 3823 200 0 200
! 9695 838 0 18 0 Blocker
> 8601 853 364 -214 41 0
> 5517 2789 -244 -87 -151 4
> 4738 2496 -128 69 46 4
> 7695 838 137 -705 -21 4
! 60104 86569 200
! -92645 -16291 200
> 8601 853 364 -214 41 0
> 5517 2789 -244 -87 -151 4
> 4738 2496 -128 69 46 4
> 7695 838 137 -705 -21 4
! 6138 4148 200 0 200
! 9957 702 200 18 200 Blocker
> 9068 810 396 -36 59 0
> 5548 2834 51 47 -169 4
> 4268 2547 -425 34 50 4
> 8032 121 286 -609 -3 4
! 31563 98247 200
! -93706 15021 0
> 9068 810 396 -36 59 0
> 5548 2834 51 47 -169 4
> 4268 2547 -425 34 50 4
> 8032 121 286 -609 -3 4
! 5978 3113 200 -18 200
! 10163 710 200 18 200 Blocker
> 9509 969 374 135 77 0
> 5599 2881 43 39 173 4
> 4013 2686 -216 118 32 4
> 8512 -438 407 -474 15 4
! 793 100588 200
! -85031 45142 200
> 9509 969 374 135 77 0
> 5599 2881 43 39 173 4
> 4013 2686 -216 118 32 4
> 8512 -438 407 -474 15 4
! 5992 2651 200 -18 200
! 10304 798 200 18 200 Blocker
> 9866 1303 303 284 95 0
> 5461 3005 -117 104 155 4
> 3991 2851 -18 140 14 4
> 9088 -804 489 -311 33 4
! -29207 93353 200
! -85169 45266 0
> 9866 1303 303 284 95 0
> 5461 3005 -117 104 155 4
> 3991 2851 -18 140 14 4
> 9088 -804 489 -311 33 4
! 6108 3523 200 0 200
! 10365 939 200 18 200 Blocker
> 10091 1771 191 397 113 0
> 5344 3109 -99 88 155 4
> 4164 3052 146 170 18 4
> 9704 -961 523 -133 51 4
! -55514 77241 200
! -93910 15295 200
> 10091 1771 191 397 113 0
> 5344 3109 -99 88 155 4
> 4164 3052 146 170 18 4
> 9704 -961 523 -133 51 4
! 6402 3902 200 0 200
! 10342 1103 200 18 200 Blocker
> 10151 2319 50 465 131 0
> 5295 3215 279 81 173 4
> 4248 3299 -249 218 21 4
> 10300 -908 506 45 69 4
! -75565 53822 200
! -85335 45476 200
> 10151 2319 50 465 131 0
> 5295 3215 279 81 173 4
> 4248 3299 -249 218 21 4
> 10300 -908 506 45 69 4
! 6124 2948 200 -18 200
! 10237 1262 200 18 200 Blocker
> 10030 2887 -103 482 149 0
> 5393 3381 83 140 155 4
> 4199 3527 -41 193 3 4
> 10818 -663 440 207 87 4
! -75686 54390 200
! -93861 15567 200
> 10030 2887 -103 482 149 0
> 5393 3381 83 140 155 4
> 4199 3527 -41 193 3 4
> 10818 -663 440 207 87 4
! 6003 2522 200 -18 200
! 10060 1389 200 18 200 Blocker
> 9756 3472 -233 497 149 0
> 5277 3545 -98 139 173 4
> 4351 3668 129 119 -15 4
> 11208 -262 331 340 105 4
! -75960 54975 200
! -93977 15731 200
> 9756 3472 -233 497 149 0
> 5277 3545 -98 139 173 4
> 4351 3668 129 119 -15 4
> 11208 -262 331 340 105 4
! 6534 4575 200 18 200
! 9829 1463 200 18 200 Blocker
> 9352 4072 -343 510 149 0
> 5465 3638 272 62 173 4
> 4195 3867 -245 186 3 4
> 11431 247 189 432 123 4
! -88084 26567 0
! -85165 45899 0
> 9352 4072 -343 510 149 0
> 5465 3638 272 62 173 4
> 4195 3867 -245 186 3 4
> 11431 247 189 432 123 4
! 5795 2855 200 -18 200
! 9566 1467 200 18 200 Blocker
> 9009 4582 -291 433 167 0
> 5737 3700 231 52 155 4
> 4143 4001 -44 113 -15 4
> 11466 806 29 475 141 4
! -76707 56085 200
! -84893 45961 200
> 9009 4582 -291 433 167 0
> 5737 3700 231 52 155 4
> 4143 4001 -44 113 -15 4
> 11466 806 29 475 141 4
! 6153 4902 200 18 200
! 9785 2666 200 0 200 Blocker
> 8547 5118 -393 455 149 0
> 5787 3837 42 116 155 4
> 4299 4124 132 104 3 4
> 11361 1429 -89 529 132 4
! -88889 27613 200
! -93467 16023 200
> 8547 5118 -393 455 149 0
> 5787 3837 42 116 155 4
> 4299 4124 132 104 3 4
> 11361 1429 -89 529 132 4
! 6276 3030 200 -18 200
! 9120 2415 200 18 200 Blocker
