@ 0 jrke
@ 1 reCurse
CP 6
CP 7677 5964
CP 3148 7517
CP 9516 4377
CP 14535 7793
CP 6325 4309
CP 7784 838
> 7839 6437 0 0 -1 1
> 7515 5491 0 0 -1 1
> 8164 7383 0 0 -1 1
> 7190 4545 0 0 -1 1
! 5694 6926 200 0 200
! 5518 6414 200 0 200
> 7839 6437 0 0 -1 1
> 7515 5491 0 0 -1 1
> 8164 7383 0 0 -1 1
> 7190 4545 0 0 -1 1
! -91800 10053 200
! -87738 35987 200
> 7644 6481 -165 37 167 1
> 7333 5575 -154 71 155 1
> 7964 7388 -169 4 178 1
> 7000 4608 -161 53 162 1
! 5335 7013 200 0 200
! 5185 6576 200 0 200
> 7644 6481 -165 37 167 1
> 7333 5575 -154 71 155 1
> 7964 7388 -169 4 178 1
> 7000 4608 -161 53 162 1
! -91975 10878 200
! -73901 63386 0
> 7284 6563 -305 69 167 1
> 6998 5730 -284 132 155 1
> 7595 7399 -313 9 178 1
> 6839 4661 -136 45 144 1
! 5536 8292 200 -18 200
! 5647 7786 200 -18 200 Blocker
> 7284 6563 -305 69 167 1
> 6998 5730 -284 132 155 1
> 7595 7399 -313 9 178 1
> 6839 4661 -136 45 144 1
! -88531 -20164 0
! -74062 63439 0
> 6811 6760 -466 128 149 1
> 6555 5959 -411 88 137 1
> 7292 7422 -158 164 -164 1
> 6703 4706 -115 38 144 1
! 4153 6696 200 18 200
! 5762 8010 0 -18 0 Blocker
> 6811 6760 -466 128 149 1
> 6555 5959 -411 88 137 1
> 7292 7422 -158 164 -164 1
> 6703 4706 -115 38 144 1
! -75611 -48497 200
! -74198 63484 0
> 6150 6933 -561 146 167 1
> 6144 6047 -349 74 119 1
> 6968 7474 -275 44 -146 1
> 6588 4744 -97 32 144 1
! 3748 6298 0 18 0
! 6063 8305 200 -18 200 Blocker
> 6150 6933 -561 146 167 1
> 6144 6047 -349 74 119 1
> 6968 7474 -275 44 -146 1
> 6588 4744 -97 32 144 1
! -75935 -48445 200
! -52190 85645 200
> 5583 7116 -499 264 185 1
> 5763 6280 -306 89 101 1
> 6527 7406 -374 -57 -146 1
> 6373 4938 -182 164 126 1
! 3575 6068 0 18 0
! 6387 8363 200 -18 200 Blocker
> 5583 7116 -499 264 185 1
> 5763 6280 -306 89 101 1
> 6527 7406 -374 -57 -146 1
> 6373 4938 -182 164 126 1
! -89599 -20157 200
! -52405 85839 0
> 5084 7380 -424 224 203 1
> 5481 6568 -239 244 83 1
> 5961 7294 -481 -95 -164 1
> 6191 5102 -154 139 126 1
! 3630 5890 0 18 0
! 4272 8561 SHIELD 18 SHIELD
> 5084 7380 -424 224 203 1
> 5481 6568 -239 244 83 1
> 5961 7294 -481 -95 -164 1
> 6191 5102 -154 139 126 1
! -76942 -48625 SHIELD
! -74710 63880 200
> 4660 7604 -360 190 221 1
> 5052 6523 -397 -88 101 1
> 5670 7488 -214 214 -146 1
> 5875 5359 -268 218 144 1
! 3850 5845 0 18 0
! 5585 8429 200 -18 200 Blocker
> 4660 7604 -360 190 221 1
> 5052 6523 -397 -88 101 1
> 5670 7488 -214 214 -146 1
> 5875 5359 -268 218 144 1
! -77233 -48431 0
! -89230 36260 0
> 4300 7794 -306 161 239 1
> 4655 6435 -337 -74 83 1
> 5456 7702 -181 181 -146 1
> 5607 5577 -227 185 162 1
! 4186 5763 200 18 200
! 5818 7970 200 -18 200 Blocker
> 4300 7794 -306 161 239 1
> 4655 6435 -337 -74 83 1
> 5456 7702 -181 181 -146 1
> 5607 5577 -227 185 162 1
! -90670 -19861 0
! -75294 64355 200
> 3949 7760 -298 -28 257 1
> 4318 6361 -286 -62 65 1
> 5275 7883 -153 153 -164 1
> 5218 5880 -330 257 144 1
! 4511 5707 200 18 200
! 3612 8459 200 18 200 Blocker
> 3949 7760 -298 -28 257 1
> 4318 6361 -286 -62 65 1
> 5275 7883 -153 153 -164 1
> 5218 5880 -330 257 144 1
! -77628 -48036 0
! -89887 36781 0
> 3669 7533 -238 -193 275 2
> 4032 6299 -243 -52 83 1
> 5122 8036 -130 130 -146 1
> 4888 6137 -280 218 162 1
! 4874 5680 200 18 200
! 5289 7856 200 -18 200 Blocker
> 3669 7533 -238 -193 275 2
> 4032 6299 -243 -52 83 1
> 5122 8036 -130 130 -146 1
> 4888 6137 -280 218 162 1
! -77781 -47883 200
! -90217 37038 200
> 3487 7261 -242 191 293 2
> 3638 6366 -306 -356 65 1
> 4826 8054 -251 15 -146 1
> 4675 6374 -121 192 162 1
! 5131 6319 200 18 200
! 4262 8004 200 0 200 Blocker
> 3487 7261 -242 191 293 2
> 3638 6366 -306 -356 65 1
> 4826 8054 -251 15 -146 1
> 4675 6374 -121 192 162 1
! -78077 -47865 200
! -95325 6374 200
> 3376 7301 -94 34 311 2
> 3403 6197 -199 -143 69 1
> 4409 7957 -354 -82 -146 1
> 4354 6566 -272 163 180 1
! 5426 6840 200 18 200
! 3992 8108 200 0 200 Blocker
> 3376 7301 -94 34 311 2
> 3403 6197 -199 -143 69 1
> 4409 7957 -354 -82 -146 1
> 4354 6566 -272 163 180 1
! -57157 -70844 0
! -90751 37467 200
> 3319 7351 -315 278 329 2
> 3263 6245 -119 40 73 1
> 4055 7875 -300 -69 -128 1
> 4026 6672 -11 -145 162 1
! 4890 6496 200 0 200
! 3787 8389 200 0 200 Blocker
> 3319 7351 -315 278 329 2
> 3263 6245 -119 40 73 1
> 4055 7875 -300 -69 -128 1
> 4026 6672 -11 -145 162 1
! -57511 -70926 SHIELD
! -95974 6672 200
> 2922 7369 -471 -69 -29 2
> 2998 6391 -280 98 76 1
> 3781 7822 -219 -36 -128 1
> 4009 6615 40 -23 180 1
! 4375 6233 200 0 200
! 4403 7903 200 -18 200 Blocker
> 2922 7369 -471 -69 -29 2
> 2998 6391 -280 98 76 1
> 3781 7822 -219 -36 -128 1
> 4009 6615 40 -23 180 1
! -30421 -86147 0
! -91096 37516 0
> 2566 7427 -327 197 -38 2
> 2865 6409 -87 -133 58 1
> 3562 7786 -186 -30 -110 2
> 4049 6592 34 -19 162 1
! 4438 7547 200 18 200
! 3944 8142 200 0 200 Blocker
> 2566 7427 -327 197 -38 2
> 2865 6409 -87 -133 58 1
> 3562 7786 -186 -30 -110 2
> 4049 6592 34 -19 162 1
! 71 -92153 0
! -95951 6592 200
> 2427 7556 -118 109 -20 2
> 2884 6446 15 31 58 1
> 3376 7756 -158 -25 -92 2
> 3883 6573 -141 -16 180 1
! 3539 5841 200 -18 200
! 4939 7301 200 -18 200 Blocker
> 2427 7556 -118 109 -20 2
> 2884 6446 15 31 58 1
> 3376 7756 -158 -25 -92 2
> 3883 6573 -141 -16 180 1
! 30939 -88370 200
! -91222 37474 200
> 2439 7535 -145 -56 -38 2
> 2752 6575 -286 92 40 1
> 3245 7738 45 22 -74 2
> 3852 6649 148 82 162 1
! 4493 7402 200 18 200
! 4661 6820 200 -18 200 Blocker
> 2439 7535 -145 -56 -38 2
> 2752 6575 -286 92 40 1
> 3245 7738 45 22 -74 2
> 3852 6649 148 82 162 1
! 59164 -75165 200
! -96148 6649 0
> 2452 7517 -38 155 -20 2
> 2682 6636 -11 -119 22 1
> 3402 7594 133 -122 -56 2
> 4000 6731 125 69 180 1
! 3644 5848 200 -18 200
! 4806 5985 200 -18 200 Blocker
> 2452 7517 -38 155 -20 2
> 2682 6636 -11 -119 22 1
> 3402 7594 133 -122 -56 2
> 4000 6731 125 69 180 1
! 82203 -53972 200
! -91105 37632 0
> 2572 7549 101 27 -38 2
> 2870 6531 160 -89 4 1
> 3632 7430 68 29 -38 2
> 4186 6719 285 -179 162 1
! 4407 6222 200 0 200
! 4715 7856 200 18 200 Blocker
> 2572 7549 101 27 -38 2
> 2870 6531 160 -89 4 1
> 3632 7430 68 29 -38 2
> 4186 6719 285 -179 162 1
! 97601 -26772 200
! -76715 65497 0
> 2835 7459 223 -76 -36 2
> 3215 6517 293 -11 22 1
> 3888 7391 217 -33 -20 2
> 4471 6540 242 -152 144 1
! 4838 6090 200 0 200
! 5548 7330 200 0 200 Blocker
> 2835 7459 223 -76 -36 2
> 3215 6517 293 -11 22 1
> 3888 7391 217 -33 -20 2
> 4471 6540 242 -152 144 1
! 97857 -26811 200
! -76430 65318 0
> 3223 7270 329 -160 -34 2
> 3697 6572 409 46 19 1
> 4293 7290 344 -86 -20 2
> 4713 6388 205 -129 144 1
! 5376 5880 200 0 200
! 6210 5975 SHIELD -18 SHIELD
> 3223 7270 329 -160 -34 2
> 3697 6572 409 46 19 1
> 4293 7290 344 -86 -20 2
> 4713 6388 205 -129 144 1
! 98262 -26912 200
! -54065 87289 SHIELD
> 3443 7394 148 160 -33 2
> 4134 6579 375 0 1 1
> 4825 7136 452 -131 -20 2
> 4918 6259 174 -109 126 1
! 5436 6356 200 0 200
! 6311 5317 SHIELD -18 SHIELD
> 3443 7394 148 160 -33 2
> 4134 6579 375 0 1 1
> 4825 7136 452 -131 -20 2
> 4918 6259 174 -109 126 1
! 83626 -54430 200
! -53860 87160 0
> 3768 7462 276 57 -28 2
> 4495 6586 300 9 -17 1
> 5435 6882 518 -216 -38 2
> 5234 6079 329 -183 126 1
! 5008 5542 200 -18 200
! 6899 5952 200 0 200 Blocker
> 3768 7462 276 57 -28 2
> 4495 6586 300 9 -17 1
> 5435 6882 518 -216 -38 2
> 5234 6079 329 -183 126 1
! 84235 -54684 200
! -25667 101184 0
> 4184 7376 353 -72 -46 2
> 4795 6595 255 7 -15 1
> 6111 6543 574 -288 -38 2
> 5563 5896 279 -155 108 1
! 6704 6922 200 18 200
! 7175 6033 200 0 200 Blocker
> 4184 7376 353 -72 -46 2
> 4795 6595 255 7 -15 1
> 6111 6543 574 -288 -38 2
> 5563 5896 279 -155 108 1
! 84911 -55023 200
! 5563 105896 0
> 4657 7300 315 69 -28 2
> 5108 6513 352 -203 -13 1
> 6843 6132 621 -349 -38 2
> 5842 5741 237 -131 90 1
! 5936 5392 200 -18 200
! 7604 5815 200 0 200 Blocker
> 4657 7300 315 69 -28 2
> 5108 6513 352 -203 -13 1
> 6843 6132 621 -349 -38 2
> 5842 5741 237 -131 90 1
! 85643 -55434 200
! -25059 100846 200
> 5112 7226 386 -62 -46 2
> 5427 6341 108 6 -16 1
> 7622 5660 661 -401 -38 2
> 6050 5769 339 -129 108 1
! 7026 5581 200 0 200
! 7650 5741 200 0 200 Blocker
> 5112 7226 386 -62 -46 2
> 5427 6341 108 6 -16 1
> 7622 5660 661 -401 -38 2
> 6050 5769 339 -129 108 1
! 101591 -28542 200
! -24851 100874 200
> 5626 7154 403 101 -41 2
> 5691 6226 202 -214 -15 1
> 8471 5191 721 -398 -20 2
> 6388 5779 341 -37 108 1
! 6524 5111 200 -18 200
! 8018 5443 200 0 200 Blocker
> 5626 7154 403 101 -41 2
> 5691 6226 202 -214 -15 1
> 8471 5191 721 -398 -20 2
> 6388 5779 341 -37 108 1
! 108410 1700 0
! -52390 86680 200
> 6133 7084 430 -59 -59 2
> 5805 6117 76 -80 -19 1
> 9192 4793 612 -338 -2 3
> 6889 5735 446 -49 126 1
! 6371 4833 200 -18 200
! 7985 6680 200 18 200 Blocker
> 6133 7084 430 -59 -59 2
> 5805 6117 76 -80 -19 1
> 9192 4793 612 -338 -2 3
> 6889 5735 446 -49 126 1
! 105318 32356 0
! -74012 64513 200
> 6609 6830 404 -215 -77 2
> 6081 6035 234 -69 -1 1
> 9804 4455 520 -287 16 3
> 7173 5804 241 58 144 1
! 8673 5172 200 18 200
! 8515 5928 200 0 200 Blocker
> 6609 6830 404 -215 -77 2
> 6081 6035 234 -69 -1 1
> 9804 4455 520 -287 16 3
> 7173 5804 241 58 144 1
! 92707 60374 200
! -51605 86705 0
> 7049 6574 227 60 -59 2
> 6515 5957 368 -66 -3 1
> 10490 4280 582 -148 34 3
> 7482 5732 409 -339 126 1
! 7084 4442 200 -18 200
! 9080 5776 200 0 200 Blocker
> 7049 6574 227 60 -59 2
> 6515 5957 368 -66 -3 1
> 10490 4280 582 -148 34 3
> 7482 5732 409 -339 126 1
! 72056 83081 200
! -23419 100837 200
> 7463 6607 360 38 -77 2
> 6942 5709 353 -221 -4 1
> 11195 4290 599 8 52 3
> 7829 5583 295 -126 108 1
! 9483 5202 200 18 200
! 9161 6654 200 18 200 Blocker
> 7463 6607 360 38 -77 2
> 6942 5709 353 -221 -4 1
> 11195 4290 599 8 52 3
> 7829 5583 295 -126 108 1
! 45397 98259 200
! -50949 86484 200
> 7927 6474 394 -112 -59 2
> 7198 5564 137 -115 14 1
> 11862 4486 567 166 70 3
> 8298 5591 478 0 126 1
! 8129 4170 200 -18 200
! 9470 5981 200 0 200 Blocker
> 7927 6474 394 -112 -59 2
> 7198 5564 137 -115 14 1
> 11862 4486 567 166 70 3
> 8298 5591 478 0 126 1
! 46064 98455 200
! -50480 86492 200
> 8238 6439 207 90 -77 2
> 7532 5485 283 -67 10 1
> 12497 4840 540 300 70 3
> 8788 5481 473 -213 126 1
! 8940 4385 200 0 200
! 9982 5800 200 0 200 Blocker
> 8238 6439 207 90 -77 2
> 7532 5485 283 -67 10 1
> 12497 4840 540 300 70 3
> 8788 5481 473 -213 126 1
! 15986 104779 200
! -72113 64259 200
> 8510 6340 230 -84 -71 2
> 8013 5444 409 -35 7 1
> 13044 5340 464 424 88 3
> 9099 5386 264 -81 144 1
! 8097 4152 200 -18 200
! 10031 6909 200 18 200 Blocker
> 8510 6340 230 -84 -71 2
> 8013 5444 409 -35 7 1
> 13044 5340 464 424 88 3
> 9099 5386 264 -81 144 1
! 16533 105279 200
! -86006 36287 0
> 8836 6266 352 108 -89 2
> 8510 5284 347 -307 25 1
> 13515 5964 400 530 88 3
> 9363 5305 224 -68 162 1
! 9226 4174 200 0 200
! 9924 6901 200 18 200 Blocker
> 8836 6266 352 108 -89 2
> 8510 5284 347 -307 25 1
> 13515 5964 400 530 88 3
> 9363 5305 224 -68 162 1
! -14048 102090 200
! -85742 36206 0
> 9225 6177 330 -75 -79 2
> 8793 5103 195 -155 43 1
> 13860 6686 293 613 106 3
> 9797 5248 413 -46 162 1
! 8710 4289 0 -18 0
! 10597 6448 200 0 200 Blocker
> 9225 6177 330 -75 -79 2
> 8793 5103 195 -155 43 1
> 13860 6686 293 613 106 3
> 9797 5248 413 -46 162 1
! -42059 89589 200
! -90203 5248 200
> 9555 6102 280 -63 -97 2
> 9148 5068 302 -30 37 1
> 14041 7465 153 661 124 4
> 10010 5202 181 -39 180 1
! 8335 4430 200 -18 200
! 10093 7142 200 18 200 Blocker
> 9555 6102 280 -63 -97 2
> 9148 5068 302 -30 37 1
> 14041 7465 153 661 124 4
> 10010 5202 181 -39 180 1
! -64760 69031 0
! -85095 36103 0
> 9763 5887 279 19 -115 2
> 9370 5154 25 -136 55 1
> 14194 8126 130 561 142 4
> 10372 5182 368 -10 162 1
! 8118 4839 200 -18 200
! 10657 6820 200 0 200 Blocker
> 9763 5887 279 19 -115 2
> 9370 5154 25 -136 55 1
> 14194 8126 130 561 142 4
> 10372 5182 368 -10 162 1
! -79775 42328 0
! -89628 5182 200
> 9974 5884 197 30 -133 2
> 9448 5053 47 -119 52 1
> 14324 8687 110 476 160 4
> 10540 5172 142 -8 180 1
! 8671 4305 200 0 200
! 10849 6668 200 0 200 Blocker
> 9974 5884 197 30 -133 2
> 9448 5053 47 -119 52 1
> 14324 8687 110 476 160 4
> 10540 5172 142 -8 180 1
! -85615 12177 200
! -84565 36073 200
> 9974 5845 -62 43 -130 2
> 9626 5085 151 27 49 1
> 14234 9170 -76 410 178 4
> 10561 5141 80 -103 162 1
! 9759 3693 200 18 200
! 9969 7304 200 18 200 Blocker
> 9974 5845 -62 43 -130 2
> 9626 5085 151 27 49 1
> 14234 9170 -76 410 178 4
> 10561 5141 80 -103 162 1
! -81892 -18393 200
! -89439 5141 200
> 10013 6100 45 244 -112 2
> 9644 4892 -125 -210 67 1
> 13966 9525 -228 301 -164 4
> 10478 5043 58 -63 180 1
! 8192 5178 200 -18 200
! 10379 6707 200 0 200 Blocker
> 10013 6100 45 244 -112 2
> 9644 4892 -125 -210 67 1
> 13966 9525 -228 301 -164 4
> 10478 5043 58 -63 180 1
! -68937 -46394 200
! -84627 35944 200
> 9931 6190 -69 76 -130 2
> 9536 4855 -173 -48 68 1
> 13572 9714 -334 160 -146 4
> 10404 5054 18 26 162 1
! 9709 4071 200 18 200
! 10187 6847 200 0 200 Blocker
> 9931 6190 -69 76 -130 2
> 9536 4855 -173 -48 68 1
> 13572 9714 -334 160 -146 4
> 10404 5054 18 26 162 1
! -69331 -46205 200
! -84701 35955 200
> 9789 6080 -121 -93 -112 2
> 9425 4997 -94 120 72 1
> 13072 9762 -424 40 -146 4
> 10232 5142 -146 74 162 1
! 10152 4046 0 18 0
! 10011 7209 200 0 200 Blocker
> 9789 6080 -121 -93 -112 2
> 9425 4997 -94 120 72 1
> 13072 9762 -424 40 -146 4
> 10232 5142 -146 74 162 1
! -48494 -69039 200
! -70669 63920 0
> 9668 5987 -102 -79 -94 2
> 9223 5288 -194 244 75 1
> 12525 9644 -465 -99 -128 4
> 10245 5238 33 85 144 1
! 10732 4042 200 18 200
! 9598 7657 200 0 200 Blocker
> 9668 5987 -102 -79 -94 2
> 9223 5288 -194 244 75 1
> 12525 9644 -465 -99 -128 4
> 10245 5238 33 85 144 1
! -21677 -84325 200
! -84860 36139 0
> 9897 6127 208 138 -76 2
> 8779 5317 -391 4 81 1
> 11992 9357 -453 -243 -110 4
> 10278 5323 28 72 162 1
! 9281 4225 200 -18 200
! 9944 6877 200 -18 200 Blocker
> 9897 6127 208 138 -76 2
> 8779 5317 -391 4 81 1
> 11992 9357 -453 -243 -110 4
> 10278 5323 28 72 162 1
! -22210 -84612 200
! -70623 64101 0
> 10050 6170 97 115 -94 2
> 8479 5499 -255 154 63 1
> 11471 8926 -443 -366 -110 4
> 10349 5291 92 -106 144 1
! 8733 4600 200 -18 200
! 10006 6561 0 -18 0 Blocker
> 10050 6170 97 115 -94 2
> 8479 5499 -255 154 63 1
> 11471 8926 -443 -366 -110 4
> 10349 5291 92 -106 144 1
! 7980 -91013 200
! -48429 86192 200
> 10070 6109 -30 91 -112 2
> 8224 5653 -216 130 45 1
> 11021 8360 -382 -480 -92 4
> 10327 5337 28 -104 126 1
! 9216 4160 200 0 200
! 10181 6127 200 -18 200 Blocker
> 10070 6109 -30 91 -112 2
> 8224 5653 -216 130 45 1
> 11021 8360 -382 -480 -92 4
> 10327 5337 28 -104 126 1
! -23181 -85609 200
! -20574 100442 200
> 9902 6180 -147 75 -114 2
> 8186 5874 -32 187 27 1
> 10571 7692 -382 -567 -110 4
> 10350 5260 25 -80 108 1
! 10212 4103 200 18 200
! 10327 5717 200 -18 200 Blocker
> 9902 6180 -147 75 -114 2
> 8186 5874 -32 187 27 1
> 10571 7692 -382 -567 -110 4
> 10350 5260 25 -80 108 1
! -23631 -86277 0
! -48428 86161 200
> 9735 6056 -141 -105 -96 2
> 8352 6092 140 185 9 1
> 10189 7125 -324 -481 -110 4
> 10257 5342 -78 69 126 1
! 10694 4046 SHIELD 18 SHIELD
! 10274 5369 0 -18 0 Blocker
> 9735 6056 -141 -105 -96 2
> 8352 6092 140 185 9 1
> 10189 7125 -324 -481 -110 4
> 10257 5342 -78 69 126 1
! 6698 -92814 200
! -20644 100447 SHIELD
> 9563 5923 -225 -112 -78 2
> 8492 6277 119 157 -9 1
> 10045 6841 114 263 -92 4
> 10192 5399 0 -2 108 1
! 10973 4339 200 18 200
! 10571 7433 200 18 200 Blocker
> 9563 5923 -225 -112 -78 2
> 8492 6277 119 157 -9 1
> 10045 6841 114 263 -92 4
> 10192 5399 0 -2 108 1
! -24157 -87128 200
! -48586 86300 0
> 9338 5811 -191 -95 -60 2
> 8809 6465 269 160 9 1
> 10091 6916 38 63 -110 4
> 10192 5397 0 -1 126 1
! 11157 4821 200 18 200
! 11038 5626 200 -18 200 Blocker
> 9338 5811 -191 -95 -60 2
> 8809 6465 269 160 9 1
> 10091 6916 38 63 -110 4
> 10192 5397 0 -1 126 1
! 6600 -93023 200
! -20709 100502 200
> 9211 5597 -91 -212 -42 2
> 9212 6713 326 241 -9 1
> 10122 6779 26 -116 -92 4
> 10192 5396 0 0 108 1
! 11308 5155 200 18 200
! 10952 5540 0 -18 0 Blocker
> 9211 5597 -91 -212 -42 2
> 9212 6713 326 241 -9 1
> 10122 6779 26 -116 -92 4
> 10192 5396 0 0 108 1
! -24080 -87190 0
! -48586 86297 0
> 9120 5385 -77 -180 -24 2
> 9371 6968 49 224 -27 1
> 10315 6649 249 -118 -110 4
> 10192 5396 0 0 126 1
! 11195 5662 200 18 200
! 10419 5232 200 -18 200 Blocker
> 9120 5385 -77 -180 -24 2
> 9371 6968 49 224 -27 1
> 10315 6649 249 -118 -110 4
> 10192 5396 0 0 126 1
! -51251 -72152 200
! -20709 100501 0
> 9242 5185 103 -169 -6 2
> 9561 7051 161 70 -45 1
> 10441 6373 106 -234 -128 4
> 10192 5396 0 0 108 1
! 11533 4786 200 0 200
! 10035 5146 0 -18 0 Blocker
> 9242 5185 103 -169 -6 2
> 9561 7051 161 70 -45 1
> 10441 6373 106 -234 -128 4
> 10192 5396 0 0 108 1
! -72462 -49546 200
! -20709 100501 0
> 9425 4931 -67 -313 -10 3
> 9722 7121 136 59 -63 1
> 10419 6163 28 -7 -146 4
> 10271 5311 243 -145 108 1
! 11335 5582 200 18 200
! 9514 5007 200 -18 200 Blocker
> 9425 4931 -67 -313 -10 3
> 9722 7121 136 59 -63 1
> 10419 6163 28 -7 -146 4
> 10271 5311 243 -145 108 1
! -85707 -21400 200
! 10271 105311 0
> 9556 4646 111 -242 8 3
> 9889 6982 142 -117 -81 1
> 10255 6101 -139 -52 -164 4
> 10514 5166 206 -123 90 1
! 11250 5932 200 18 200
! 9032 4905 200 -18 200 Blocker
> 9556 4646 111 -242 8 3
> 9889 6982 142 -117 -81 1
> 10255 6101 -139 -52 -164 4
> 10514 5166 206 -123 90 1
! -85871 -21462 200
! 41415 100271 0
> 9847 4492 246 -130 26 3
> 9969 6819 44 -24 -99 1
> 9955 5842 -232 -333 -164 4
> 10720 5043 175 -104 72 1
! 11126 6304 200 18 200
! 8457 5239 200 -18 200 Blocker
> 9847 4492 246 -130 26 3
> 9969 6819 44 -24 -99 1
> 9955 5842 -232 -333 -164 4
> 10720 5043 175 -104 72 1
! -89984 9332 200
! 41621 100148 SHIELD
> 10222 4492 20 -198 44 3
> 9922 6617 -39 -171 -117 1
> 9523 5516 -367 -277 178 4
> 10896 4940 179 -67 72 1
! 11825 5822 200 0 200
! 7923 5447 200 -18 200 Blocker
> 10222 4492 20 -198 44 3
> 9922 6617 -39 -171 -117 1
> 9523 5516 -367 -277 178 4
> 10896 4940 179 -67 72 1
! -90416 9006 200
! 41797 100045 0
> 10396 4422 147 -59 40 3
> 9742 6305 -153 -265 -135 1
> 8956 5246 -481 -229 178 4
> 11075 4873 152 -56 72 1
! 11075 6498 200 18 200
! 7416 5696 200 -18 200 Blocker
> 10396 4422 147 -59 40 3
> 9742 6305 -153 -265 -135 1
> 8956 5246 -481 -229 178 4
> 11075 4873 152 -56 72 1
! -87170 -22317 200
! 69853 85774 0
> 10491 4428 67 -3 58 3
> 9411 5949 -281 -302 -153 1
> 8283 4962 -572 -241 -164 4
> 11386 4921 277 48 54 1
! 12598 5249 200 -18 200
! 7170 4648 200 0 200 Blocker
> 10491 4428 67 -3 58 3
> 9411 5949 -281 -302 -153 1
> 8283 4962 -572 -241 -164 4
> 11386 4921 277 48 54 1
! -74620 -50957 200
! 42287 100026 0
> 10712 4553 187 106 40 3
> 8957 5547 -385 -342 -150 1
> 7545 4609 -627 -299 -146 4
> 11663 4969 235 40 72 1
! 12584 6073 200 0 200
! 6667 4105 200 0 200 Blocker
> 10712 4553 187 106 40 3
> 8957 5547 -385 -342 -150 1
> 7545 4609 -627 -299 -146 4
> 11663 4969 235 40 72 1
! -54021 -74192 0
! 11663 104969 0
> 11054 4785 290 197 39 3
> 8403 5098 -471 -381 -148 1
> 6918 4310 -532 -254 -128 5
> 11898 5009 199 34 90 1
! 13541 5097 200 -18 200
! 7108 2677 200 18 200 Blocker
> 11054 4785 290 197 39 3
> 8403 5098 -471 -381 -148 1
> 6918 4310 -532 -254 -128 5
> 11898 5009 199 34 90 1
! -27284 -89659 0
! -19003 100114 0
> 11287 5001 138 170 21 3
> 7804 4563 -509 -454 -130 1
> 6386 4056 -452 -215 -110 5
> 12340 5096 436 87 108 1
! 13479 5959 200 0 200
! 5160 3577 200 -18 200 Blocker
> 11287 5001 138 170 21 3
> 7804 4563 -509 -454 -130 1
> 6386 4056 -452 -215 -110 5
> 12340 5096 436 87 108 1
! 2895 -95883 0
! -46438 85997 200
> 11608 5251 273 212 24 3
> 7126 4002 -576 -476 -148 1
> 5934 3841 -384 -182 -92 5
> 12658 5345 270 211 126 1
! 12981 7368 200 18 200
! 4555 3666 0 -18 0 Blocker
> 11608 5251 273 212 24 3
> 7126 4002 -576 -476 -148 1
> 5934 3841 -384 -182 -92 5
> 12658 5345 270 211 126 1
! 33497 -92285 0
! -68243 64123 0
> 12031 5596 359 293 42 3
> 6550 3526 -489 -404 -166 1
> 5550 3659 -326 -154 -74 5
> 12928 5556 229 179 144 1
! 14025 7361 200 0 200
! 4207 3871 0 -18 0 Blocker
> 12031 5596 359 293 42 3
> 6550 3526 -489 -404 -166 1
> 5550 3659 -326 -154 -74 5
> 12928 5556 229 179 144 1
! 61469 -79244 0
! -67973 64334 200
> 12209 6050 69 393 42 3
> 6061 3122 -415 -343 -184 1
> 5224 3505 -277 -130 -56 5
> 13326 5824 420 220 144 1
! 14466 6673 200 -18 200
! 4114 4065 0 -18 0 Blocker
> 12209 6050 69 393 42 3
> 6061 3122 -415 -343 -184 1
> 5224 3505 -277 -130 -56 5
> 13326 5824 420 220 144 1
! 84025 -58061 0
! -67575 64602 200
> 12461 6523 214 401 24 3
> 5646 2779 -352 -291 -202 1
> 4947 3375 -235 -110 -38 5
> 13584 6162 219 286 144 1
! 14631 6508 0 -18 0
! 4234 4184 0 -18 0 Blocker
> 12461 6523 214 401 24 3
> 5646 2779 -352 -291 -202 1
> 4947 3375 -235 -110 -38 5
> 13584 6162 219 286 144 1
! 98916 -30827 200
! -67317 64940 200
> 12675 6924 181 340 6 3
> 5294 2488 -299 -247 -220 1
> 4900 3197 -40 -151 -20 5
> 13641 6566 48 343 144 1
! 14588 6264 0 -18 0
! 4511 4182 0 -18 0 Blocker
> 12675 6924 181 340 6 3
> 5294 2488 -299 -247 -220 1
> 4900 3197 -40 -151 -20 5
> 13641 6566 48 343 144 1
! 83701 -58369 200
! -81464 37467 200
> 12770 7301 -98 396 -12 3
> 5097 2048 -163 -382 -238 1
> 4916 3115 9 -60 -38 5
> 13585 6934 131 237 162 1
! 14824 7240 200 0 200
! 5074 3661 0 -18 0 Blocker
> 12770 7301 -98 396 -12 3
> 5097 2048 -163 -382 -238 1
> 4916 3115 9 -60 -38 5
> 13585 6934 131 237 162 1
! 83716 -58451 200
! -67316 65712 200
> 12860 7698 -37 403 -2 3
> 4934 1666 -138 -324 -256 1
> 5083 2932 141 -155 -38 5
> 13566 7282 97 229 144 1
! 14557 6747 200 -18 200
! 5545 3196 0 -18 0 Blocker
> 12860 7698 -37 403 -2 3
> 4934 1666 -138 -324 -256 1
> 5083 2932 141 -155 -38 5
> 13566 7282 97 229 144 1
! 83883 -58634 200
! -45212 88183 0
> 13011 8034 128 285 -20 3
> 4796 1342 -117 -275 -274 1
> 5382 2654 253 -236 -38 5
> 13663 7511 82 194 126 1
! 14257 6661 0 -18 0
! 6093 2752 200 -18 200 Blocker
> 13011 8034 128 285 -20 3
> 4796 1342 -117 -275 -274 1
> 5382 2654 253 -236 -38 5
> 13663 7511 82 194 126 1
! 84182 -58912 200
! -17238 102616 0
> 13139 8319 108 242 -38 3
> 4753 1253 -36 -75 -292 1
> 5793 2295 349 -305 -38 5
> 13745 7705 69 164 108 1
! 13853 6446 200 -18 200
! 6583 2344 200 -18 200 Blocker
> 13139 8319 108 242 -38 3
> 4753 1253 -36 -75 -292 1
> 5793 2295 349 -305 -38 5
> 13745 7705 69 164 108 1
! 99762 -31907 200
! -45033 88606 200
> 13147 8613 -30 287 -56 3
> 4845 1332 78 66 -310 1
> 6330 1922 456 -317 -20 5
> 13909 7814 176 54 126 1
! 15184 8148 200 18 200
! 7058 1930 200 -18 200 Blocker
> 13147 8613 -30 287 -56 3
> 4845 1332 78 66 -310 1
> 6330 1922 456 -317 -20 5
> 13909 7814 176 54 126 1
! 100299 -32280 200
! -66992 66592 0
> 13275 8778 109 139 -38 3
> 5092 1505 210 146 -328 1
> 6974 1537 547 -327 -20 5
> 14085 7868 149 45 144 1
! 13990 6802 200 -18 200
! 7497 1498 200 -18 200 Blocker
> 13275 8778 109 139 -38 3
> 5092 1505 210 146 -328 1
> 6974 1537 547 -327 -20 5
> 14085 7868 149 45 144 1
! 106913 -1953 200
! -44693 88769 200
> 13497 8752 188 -22 -56 3
> 5496 1700 343 165 -346 1
> 7721 1203 634 -283 -2 0
> 14116 8075 26 175 126 1
! 13608 6531 200 -18 200
! 7879 1041 200 -18 200 Blocker
> 13497 8752 188 -22 -56 3
> 5496 1700 343 165 -346 1
> 7721 1203 634 -283 -2 0
> 14116 8075 26 175 126 1
! 103847 28766 0
! -66785 66853 200
> 13390 8911 -159 207 -74 3
> 6039 1852 461 128 -364 1
> 8355 920 538 -240 16 0
> 14331 7995 251 -140 144 1
! 14965 7764 200 18 200
! 8185 566 200 -18 200 Blocker
> 13390 8911 -159 207 -74 3
> 6039 1852 461 128 -364 1
> 8355 920 538 -240 16 0
> 14331 7995 251 -140 144 1
! 91258 56839 0
! -66570 66773 200
> 13344 8953 -39 35 -56 3
> 6686 1906 549 45 -382 1
> 8893 680 457 -204 34 0
> 14420 7973 75 -19 144 1
! 14535 7164 200 0 200
! 9275 1127 200 0 200 Blocker
> 13344 8953 -39 35 -56 3
> 6686 1906 549 45 -382 1
> 8893 680 457 -204 34 0
> 14420 7973 75 -19 144 1
! 70459 79481 0
! -66481 66751 200
> 13416 8822 61 -111 -56 3
> 7427 1893 629 -10 -17 1
> 9350 476 388 -173 52 0
> 14333 8072 -73 83 144 1
! 14707 6887 200 0 200
! 9380 126 200 -18 200 Blocker
> 13416 8822 61 -111 -56 3
> 7427 1893 629 -10 -17 1
> 9350 476 388 -173 52 0
> 14333 8072 -73 83 144 1
! 43552 94445 0
! -66568 66850 200
> 13402 8671 -279 53 -56 3
> 8220 1769 674 -105 -35 1
> 9738 303 329 -147 70 0
> 14284 8146 225 -118 144 1
! 15190 7972 200 18 200
! 9610 -416 200 -18 200 Blocker
> 13402 8671 -279 53 -56 3
> 8220 1769 674 -105 -35 1
> 9738 303 329 -147 70 0
> 14284 8146 225 -118 144 1
! 43940 94272 0
! -80821 39047 200
> 13280 8600 -103 -60 -38 3
> 9015 1505 675 -224 -53 1
> 10067 156 279 -124 70 0
> 14319 8090 29 -47 162 1
! 15376 8463 200 18 200
! 9728 -919 200 -18 200 Blocker
> 13280 8600 -103 -60 -38 3
> 9015 1505 675 -224 -53 1
> 10067 156 279 -124 70 0
> 14319 8090 29 -47 162 1
! 13556 100095 0
! -80786 38991 200
> 13365 8471 71 -109 -20 3
> 9756 1092 629 -350 -71 1
> 10346 32 237 -105 88 0
> 14158 8105 -137 12 162 1
! 14666 6538 200 -18 200
! 9800 -1171 SHIELD -18 SHIELD
> 13365 8471 71 -109 -20 3
> 9756 1092 629 -350 -71 1
> 10346 32 237 -105 88 0
> 14158 8105 -137 12 162 1
! 44548 94001 200
! -80947 39006 200
> 13084 8469 -295 23 -38 3
> 10376 762 499 -223 -89 1
> 10743 -81 606 -670 70 0
> 14340 7948 211 -159 162 1
! 14988 8415 200 18 200
! 12199 -1218 200 18 200 Blocker
> 13084 8469 -295 23 -38 3
> 10376 762 499 -223 -89 1
> 10743 -81 606 -670 70 0
> 14340 7948 211 -159 162 1
! 14232 99858 200
! -80765 38849 200
> 12977 8423 -91 -39 -20 3
> 10875 539 424 -189 -71 1
> 11356 -551 521 -399 88 0
> 14361 7851 17 -82 162 1
! 15001 8990 200 18 200
! 12015 -1730 200 0 200 Blocker
> 12977 8423 -91 -39 -20 3
> 10875 539 424 -189 -71 1
> 11356 -551 521 -399 88 0
> 14361 7851 17 -82 162 1
! 45558 93418 200
! -80744 38752 200
> 13086 8376 92 -39 -2 3
> 11299 350 360 -160 -63 1
> 11945 -762 500 -179 70 0
> 14188 7831 -147 -17 162 1
! 14754 7106 0 -18 0
! 13441 -718 0 18 0 Blocker
> 13086 8376 92 -39 -2 3
> 11299 350 360 -160 -63 1
> 11945 -762 500 -179 70 0
> 14188 7831 -147 -17 162 1
! 46147 93207 200
! -66713 66609 200
> 13178 8337 78 -33 -20 3
> 11659 190 306 -136 -45 1
> 12513 -753 483 7 70 0
> 13879 7932 -262 85 144 1
! 14486 6480 200 -18 200
! 14138 -290 200 18 200 Blocker
> 13178 8337 78 -33 -20 3
> 11659 190 306 -136 -45 1
> 12513 -753 483 7 70 0
> 13879 7932 -262 85 144 1
! 16002 99186 200
! -67022 66710 200
> 12772 8551 -352 185 -38 3
> 12143 -38 411 -193 -27 1
> 13003 -546 416 175 88 0
> 14096 7764 191 -147 144 1
! 14619 8659 200 18 200
! 14529 82 SHIELD 18 SHIELD
> 12772 8551 -352 185 -38 3
> 12143 -38 411 -193 -27 1
> 13003 -546 416 175 88 0
> 14096 7764 191 -147 144 1
! -14560 95580 0
! -81009 38665 0
> 12608 8667 -139 98 -20 3
> 12554 -231 349 -164 -9 1
> 13419 -371 353 148 106 0
> 14287 7617 162 -124 162 1
! 13699 6941 200 -18 200
! 14863 604 200 18 200 Blocker
> 12608 8667 -139 98 -20 3
> 12554 -231 349 -164 -9 1
> 13419 -371 353 148 106 0
> 14287 7617 162 -124 162 1
! -42500 82532 200
! -66614 66395 200
> 12626 8641 15 -22 -38 3
> 12903 -395 296 -139 9 1
> 13660 -57 204 266 124 0
> 14287 7611 0 -5 144 1
! 14840 8542 200 18 200
! 14613 880 0 18 0 Blocker
> 12626 8641 15 -22 -38 3
> 12903 -395 296 -139 9 1
> 13660 -57 204 266 124 0
> 14287 7611 0 -5 144 1
! -42259 82846 200
! -66614 66389 200
> 12829 8550 172 -77 -20 3
> 13199 -534 251 -118 27 1
> 13752 375 78 367 124 0
> 14125 7724 -137 95 144 1
! 14231 6649 200 -18 200
! 14358 1130 0 18 0 Blocker
> 12829 8550 172 -77 -20 3
> 13199 -534 251 -118 27 1
> 13752 375 78 367 124 0
> 14125 7724 -137 95 144 1
! -65049 61941 200
! -66776 66502 200
> 13145 8357 -263 165 -38 3
> 13450 -652 213 -100 45 1
> 13672 865 -67 416 142 0
> 13839 7929 289 -155 144 1
! 14616 7168 200 0 200
! 14007 1421 200 18 200 Blocker
> 13145 8357 -263 165 -38 3
> 13450 -652 213 -100 45 1
> 13672 865 -67 416 142 0
> 13839 7929 289 -155 144 1
! -65129 62431 200
! -81266 38830 200
> 13038 8396 -91 33 -39 3
> 13755 -574 259 66 63 1
> 13447 1404 -190 458 142 0
> 13938 7836 83 -79 162 1
! 15144 8314 200 18 200
! 13670 1665 200 18 200 Blocker
> 13038 8396 -91 33 -39 3
> 13755 -574 259 66 63 1
> 13447 1404 -190 458 142 0
> 13938 7836 83 -79 162 1
! -65354 62970 200
! -66963 66614 200
> 13134 8357 81 -32 -21 3
> 14046 -311 247 223 81 1
> 13099 1985 -295 493 142 0
> 13859 7875 -66 32 144 1
! 14413 6480 200 -18 200
! 13294 1872 200 18 200 Blocker
> 13134 8357 81 -32 -21 3
> 14046 -311 247 223 81 1
> 13099 1985 -295 493 142 0
> 13859 7875 -66 32 144 1
! -80870 36187 200
! -67042 66653 200
> 12966 8469 -193 128 -39 3
> 14263 110 184 357 99 1
> 12616 2546 -410 477 160 0
> 14036 7755 200 -134 144 1
! 14483 7212 200 0 200
! 12891 2023 200 18 200 Blocker
> 12966 8469 -193 128 -39 3
> 14263 110 184 357 99 1
> 12616 2546 -410 477 160 0
> 14036 7755 200 -134 144 1
! -66185 64112 200
! -66865 66533 200
> 12927 8469 -33 0 -40 3
> 14357 646 80 455 117 1
> 12048 3146 -482 510 142 0
> 14074 7739 32 -13 144 1
! 15089 8316 200 18 200
! 12477 2100 200 18 200 Blocker
> 12927 8469 -33 0 -40 3
> 14357 646 80 455 117 1
> 12048 3146 -482 510 142 0
> 14074 7739 32 -13 144 1
! -81921 37348 200
! -66827 66517 200
> 13080 8395 129 -62 -22 3
> 14296 1243 -51 507 135 1
> 11378 3724 -569 491 160 0
> 13944 7844 -110 88 144 1
! 14375 6467 200 -18 200
! 12072 2094 200 18 200 Blocker
> 13080 8395 129 -62 -22 3
> 14296 1243 -51 507 135 1
> 11378 3724 -569 491 160 0
> 13944 7844 -110 88 144 1
! -88561 7214 200
! -66957 66622 200
> 12976 8445 -250 142 -40 3
> 14067 1842 -194 508 153 1
> 10609 4222 -653 423 178 0
> 14059 7810 260 -128 144 1
! 14921 8434 200 18 200
! 11700 2006 200 18 200 Blocker
> 12976 8445 -250 142 -40 3
> 14067 1842 -194 508 153 1
> 10609 4222 -653 423 178 0
> 14059 7810 260 -128 144 1
! -83360 38424 200
! -81046 38711 200
> 12912 8513 -54 57 -22 3
> 13676 2382 -332 459 171 1
> 9768 4713 -714 417 160 0
> 14129 7744 59 -56 162 1
! 14898 7746 200 0 200
! 11788 4397 200 -18 200 Blocker
> 12912 8513 -54 57 -22 3
> 13676 2382 -332 459 171 1
> 9768 4713 -714 417 160 0
> 14129 7744 59 -56 162 1
! -84201 38915 200
! -66772 66522 200
> 13045 8498 112 -12 -21 3
> 13166 2933 -433 468 153 1
> 8866 5198 -766 412 160 0
> 14026 7806 -87 52 144 1
! 14355 6641 200 -18 200
! 10773 4400 200 0 200 Blocker
> 13045 8498 112 -12 -21 3
> 13166 2933 -433 468 153 1
> 8866 5198 -766 412 160 0
> 14026 7806 -87 52 144 1
! -85103 39400 200
! -44752 88707 200
> 13157 8466 -185 165 -39 3
> 12562 3506 -512 486 148 1
> 7912 5678 -810 408 160 1
> 13976 7914 238 -100 126 1
! 15169 8516 200 18 200
! 9855 3839 200 18 200 Blocker
> 13157 8466 -185 165 -39 3
> 12562 3506 -512 486 148 1
> 7912 5678 -810 408 160 1
> 13976 7914 238 -100 126 1
! -86057 39880 200
! -66925 66692 200
> 13159 8559 1 79 -21 3
> 11856 4039 -600 452 166 1
> 6914 6154 -848 404 160 1
> 14052 7932 64 14 144 1
! 14358 6793 200 -18 200
! 9121 5023 200 0 200 Blocker
> 13159 8559 1 79 -21 3
> 11856 4039 -600 452 166 1
> 6914 6154 -848 404 160 1
> 14052 7932 64 14 144 1
! -87055 40356 200
! -66849 66710 200
> 13299 8523 -83 111 -39 3
> 11068 4559 -669 441 160 1
> 5878 6626 -880 401 160 1
> 13970 8052 132 -39 144 1
! 13785 6509 200 -18 200
! 8332 5752 200 0 200 Blocker
> 13299 8523 -83 111 -39 3
> 11068 4559 -669 441 160 1
> 5878 6626 -880 401 160 1
> 13970 8052 132 -39 144 1
! -88091 40828 200
! -66931 66830 200
> 13199 8551 -105 37 -57 3
> 10216 5080 -724 442 156 1
> 4810 7095 -907 398 160 1
> 14066 8045 101 -19 144 1
! 15148 7800 200 18 200
! 7482 6417 200 0 200 Blocker
> 13199 8551 -105 37 -57 3
> 10216 5080 -724 442 156 1
> 4810 7095 -907 398 160 1
> 14066 8045 101 -19 144 1
! -95129 10585 200
! -81039 38946 200
> 13249 8462 42 -75 -39 3
> 9312 5610 -768 450 154 1
> 3703 7500 -940 344 178 2
> 13977 8088 -75 36 162 1
! 15001 7002 200 0 200
! 6377 5678 200 18 200 Blocker
> 13249 8462 42 -75 -39 3
> 9312 5610 -768 450 154 1
> 3703 7500 -940 344 178 2
> 13977 8088 -75 36 162 1
! -92423 -20063 0
! -81128 38989 200
> 12974 8499 -247 38 -40 3
> 8346 6088 -821 406 172 1
> 2763 7844 -799 292 -164 2
> 14183 7945 188 -128 162 1
! 14922 8384 200 18 200
! 5346 6800 200 0 200 Blocker
> 12974 8499 -247 38 -40 3
> 8346 6088 -821 406 172 1
> 2763 7844 -799 292 -164 2
> 14183 7945 188 -128 162 1
! -80140 -48075 0
! -80922 38846 200
> 12913 8463 -52 -30 -22 3
> 7330 6540 -863 384 167 1
> 1964 8136 -679 248 -146 2
> 14181 7879 -1 -56 162 1
! 14901 7609 200 0 200
! 4323 7419 200 0 200 Blocker
> 12913 8463 -52 -30 -22 3
> 7330 6540 -863 384 167 1
> 1964 8136 -679 248 -146 2
> 14181 7879 -1 -56 162 1
! -59602 -70665 0
! -66720 66657 200
> 13045 8354 111 -92 -23 3
> 6275 6980 -896 374 164 1
> 1285 8384 -577 210 -128 2
> 14018 7941 -138 52 144 1
! 14289 6376 200 -18 200
! 3312 6602 200 18 200 Blocker
> 13045 8354 111 -92 -23 3
> 6275 6980 -896 374 164 1
> 1285 8384 -577 210 -128 2
> 14018 7941 -138 52 144 1
! -32917 -85585 200
! -81087 38842 200
> 12919 8277 -311 12 -41 3
> 5179 7348 -931 312 182 1
> 640 8406 -548 18 -110 2
> 14078 7908 254 -105 162 1
! 14800 8097 200 18 200
! 2514 6306 200 18 200 Blocker
> 12919 8277 -311 12 -41 3
> 5179 7348 -931 312 182 1
> 640 8406 -548 18 -110 2
> 14078 7908 254 -105 162 1
! -2850 -91533 200
! -85922 7908 200
> 12792 8210 -108 -56 -23 3
> 4060 7593 -951 207 200 1
> 85 8224 -471 -154 -92 2
> 14132 7803 45 -89 180 1
! 14828 8649 200 18 200
! 1879 5976 200 18 200 Blocker
> 12792 8210 -108 -56 -23 3
> 4060 7593 -951 207 200 1
> 85 8224 -471 -154 -92 2
> 14132 7803 45 -89 180 1
! 27648 -87902 200
! -80973 38704 200
> 12883 8136 77 -63 -5 3
> 2948 7681 -944 74 -143 2
> -331 7878 -353 -294 -74 2
> 13987 7776 -123 -23 162 1
! 15152 7881 200 0 200
! 1361 5651 200 18 200 Blocker
> 12883 8136 77 -63 -5 3
> 2948 7681 -944 74 -143 2
> -331 7878 -353 -294 -74 2
> 13987 7776 -123 -23 162 1
! 55588 -75025 200
! -66914 66554 200
> 12943 8122 -241 83 -6 3
> 1881 7597 -907 -71 -128 2
> -572 7418 -204 -390 -56 2
> 13918 7800 233 -75 144 1
! 14890 7975 200 0 200
! 897 5327 200 18 200 Blocker
> 12943 8122 -241 83 -6 3
> 1881 7597 -907 -71 -128 2
> -572 7418 -204 -390 -56 2
> 13918 7800 233 -75 144 1
! 55347 -75485 200
! -81187 38701 200
> 12901 8190 -35 57 -4 3
> 894 7342 -838 -216 -113 2
> -664 6862 -78 -472 -56 2
> 13961 7787 36 -11 162 1
! 14551 6833 200 -18 200
! 551 4982 200 18 200 Blocker
> 12901 8190 -35 57 -4 3
> 894 7342 -838 -216 -113 2
> -664 6862 -78 -472 -56 2
> 13961 7787 36 -11 162 1
! 55255 -76041 200
! -66940 66565 200
> 13051 8171 127 -16 -22 3
> 27 6928 -736 -351 -98 2
> -630 6224 28 -542 -56 2
> 13835 7894 -106 90 144 1
! 14344 6289 200 -18 200
! 324 4635 200 18 200 Blocker
> 13051 8171 127 -16 -22 3
> 27 6928 -736 -351 -98 2
> -630 6224 28 -542 -56 2
> 13835 7894 -106 90 144 1
! 78171 -55342 200
! -81270 38795 200
> 12754 8226 -277 55 -40 3
> -643 6492 -543 -295 -83 2
> -484 5445 97 -737 -38 2
> 14115 7846 263 -49 162 1
! 14672 8128 200 18 200
! 314 4588 200 18 200 Blocker
> 12754 8226 -277 55 -40 3
> -643 6492 -543 -295 -83 2
> -484 5445 97 -737 -38 2
> 14115 7846 263 -49 162 1
! 93485 -28757 200
! -85885 7846 200
> 12662 8205 -78 -17 -22 3
> -1100 6016 -388 -404 -65 2
> -199 4640 242 -684 -20 2
> 14178 7797 53 -41 180 1
! 14719 8720 200 18 200
! 436 4545 200 18 200 Blocker
> 12662 8205 -78 -17 -22 3
> -1100 6016 -388 -404 -65 2
> -199 4640 242 -684 -20 2
> 14178 7797 53 -41 180 1
! 99740 1149 200
! -80927 38698 200
> 12783 8173 103 -27 -4 3
> -1351 5467 -213 -466 -47 2
> 243 3949 375 -587 -2 2
> 14041 7818 -116 17 162 1
! 14571 6732 200 -18 200
! 596 4581 200 18 200 Blocker
> 12783 8173 103 -27 -4 3
> -1351 5467 -213 -466 -47 2
> 243 3949 375 -587 -2 2
> 14041 7818 -116 17 162 1
! 96369 31512 200
! -81064 38719 200
> 12961 8099 -265 48 -22 3
> -1388 4905 -31 -477 -29 2
> 810 3417 482 -452 16 2
> 13845 7867 249 -69 162 1
! 14831 8679 200 18 200
! 765 4696 200 18 200 Blocker
> 12961 8099 -265 48 -22 3
> -1388 4905 -31 -477 -29 2
> 810 3417 482 -452 16 2
> 13845 7867 249 -69 162 1
! 96936 30980 200
! -81260 38768 200
> 12895 8132 -55 28 -4 3
> -1222 4391 140 -436 -11 2
> 1484 3020 573 -337 16 2
> 13904 7860 49 -6 162 1
! 14525 6746 200 -18 200
! 912 4885 200 18 200 Blocker
> 12895 8132 -55 28 -4 3
> -1222 4391 140 -436 -11 2
> 1484 3020 573 -337 16 2
> 13904 7860 49 -6 162 1
! 84387 58939 200
! -81201 38761 200
> 12983 8094 -127 15 -22 3
> -884 3981 287 -348 7 2
> 2223 2795 627 -191 34 2
> 13805 7906 118 -8 162 1
! 14991 8641 200 18 200
! 1587 3901 200 0 200 Blocker
> 12983 8094 -127 15 -22 3
> -884 3981 287 -348 7 2
> 2223 2795 627 -191 34 2
> 13805 7906 118 -8 162 1
! 85126 58714 200
! -81300 38807 0
> 13055 8094 61 0 -4 3
> -397 3627 413 -301 -2 2
> 3016 2716 673 -67 34 2
> 13923 7898 100 -6 162 1
! 14801 6680 200 -18 200
! 2215 3249 200 0 200 Blocker
> 13055 8094 61 0 -4 3
> -397 3627 413 -301 -2 2
> 3016 2716 673 -67 34 2
> 13923 7898 100 -6 162 1
! 85919 58635 200
! -81182 38799 200
> 13040 8072 -87 -2 -22 3
> 214 3297 519 -280 -8 2
> 3855 2761 712 38 34 2
> 14093 7900 219 -14 162 1
! 14993 7246 200 0 200
! 2675 4050 200 18 200 Blocker
> 13040 8072 -87 -2 -22 3
> 214 3297 519 -280 -8 2
> 3855 2761 712 38 34 2
> 14093 7900 219 -14 162 1
! 86758 58680 200
! -85907 7900 200
> 13137 7992 82 -67 -23 3
> 930 3051 608 -209 10 2
> 4733 2911 746 127 34 2
> 14112 7886 16 -11 180 1
! 15244 7065 200 0 200
! 3066 4425 200 18 200 Blocker
> 13137 7992 82 -67 -23 3
> 930 3051 608 -209 10 2
> 4733 2911 746 127 34 2
> 14112 7886 16 -11 180 1
! 87636 58830 200
! -85888 7886 200
> 13125 7863 -162 -100 -24 3
> 1715 2935 667 -98 28 2
> 5645 3150 775 203 34 2
> 14205 7857 231 -34 180 1
! 15115 8220 200 18 200
! 4324 3870 200 0 200 Blocker
> 13125 7863 -162 -100 -24 3
> 1715 2935 667 -98 28 2
> 5645 3150 775 203 34 2
> 14205 7857 231 -34 180 1
! 101771 30713 200
! -85795 7857 200
> 13162 7743 31 -102 -6 3
> 2570 2904 726 -25 20 2
> 6612 3408 822 219 16 2
> 14236 7823 26 -28 180 1
! 15098 8741 200 18 200
! 5363 3631 200 0 200 Blocker
> 13162 7743 31 -102 -6 3
> 2570 2904 726 -25 20 2
> 6612 3408 822 219 16 2
> 14236 7823 26 -28 180 1
! 89515 59327 200
! -80869 -23078 200
> 13274 7675 -139 -75 12 3
> 3490 2929 781 21 15 2
> 7600 3739 839 281 34 2
> 14186 7742 192 -51 -162 1
! 15287 8057 200 0 200
! 5656 4660 200 18 200 Blocker
> 13274 7675 -139 -75 12 3
> 3490 2929 781 21 15 2
> 7600 3739 839 281 34 2
> 14186 7742 192 -51 -162 1
! 69166 82540 0
! -85814 7742 200
> 13331 7637 48 -32 11 3
> 4440 3058 807 109 33 2
> 8439 4020 713 238 52 2
> 14178 7691 -6 -43 180 1
! 15373 6675 200 -18 200
! 7092 4365 200 0 200 Blocker
> 13331 7637 48 -32 11 3
> 4440 3058 807 109 33 2
> 8439 4020 713 238 52 2
> 14178 7691 -6 -43 180 1
! 70005 82821 200
! -85822 7691 200
> 13177 7552 -172 -75 -7 3
> 5426 3255 838 167 26 2
> 9275 4416 710 336 52 3
> 14373 7676 206 -9 180 1
! 14929 8544 200 18 200
! 7297 5364 200 18 200 Blocker
> 13177 7552 -172 -75 -7 3
> 5426 3255 838 167 26 2
> 9275 4416 710 336 52 3
> 14373 7676 206 -9 180 1
! 70841 83217 0
! -80732 -23225 200
> 13201 7514 20 -32 11 3
> 6407 3562 834 260 44 2
> 9985 4752 603 285 52 3
> 14389 7605 13 -60 -162 1
! 15381 7902 200 0 200
! 9420 4128 200 -18 200 Blocker
> 13201 7514 20 -32 11 3
> 6407 3562 834 260 44 2
> 9985 4752 603 285 52 3
> 14389 7605 13 -60 -162 1
! 92888 60671 200
! -85611 7605 200
> 13403 7516 -160 -10 10 3
> 7420 3910 861 296 26 2
> 10754 5149 653 337 34 3
> 14217 7546 185 -37 180 1
! 15220 6542 200 -18 200
! 9314 6148 200 18 200 Blocker
> 13403 7516 -160 -10 10 3
> 7420 3910 861 296 26 2
> 10754 5149 653 337 34 3
> 14217 7546 185 -37 180 1
! 93657 61068 200
! -85783 7546 200
> 13335 7474 -92 -36 -8 3
> 8424 4346 853 370 44 2
> 11573 5598 695 381 34 3
> 14308 7513 111 -26 180 1
! 15185 8471 200 18 200
! 11456 5022 200 -18 200 Blocker
> 13335 7474 -92 -36 -8 3
> 8424 4346 853 370 44 2
> 11573 5598 695 381 34 3
> 14308 7513 111 -26 180 1
! 73139 84399 200
! -85692 7513 200
> 13417 7473 -95 -4 10 3
> 9456 4804 877 389 26 3
> 12391 6137 695 457 52 3
> 14242 7487 108 -18 180 1
! 14850 9052 200 18 200
! 12500 4811 200 -18 200 Blocker
> 13417 7473 -95 -4 10 3
> 9456 4804 877 389 26 3
> 12391 6137 695 457 52 3
> 14242 7487 108 -18 180 1
! 46593 100106 0
! -80863 38388 200
> 13327 7562 -102 75 28 3
> 10531 5222 913 355 8 3
> 13086 6594 590 388 70 3
> 14331 7532 101 38 162 1
! 15404 7331 SHIELD -18 SHIELD
! 13027 7105 200 18 200 Blocker
> 13327 7562 -102 75 28 3
> 10531 5222 913 355 8 3
> 13086 6594 590 388 70 3
> 14331 7532 101 38 162 1
! 16575 106533 0
! -66570 66310 0
> 13223 7648 -91 87 10 3
> 11623 5665 928 376 26 3
> 13701 6869 553 92 88 3
> 14432 7570 85 32 144 1
! 15109 6771 200 -18 200
! 13584 7983 200 18 200 Blocker
> 13223 7648 -91 87 10 3
> 11623 5665 928 376 26 3
> 13701 6869 553 92 88 3
> 14432 7570 85 32 144 1
! -13862 102995 200
! -80673 38471 SHIELD
> 13132 7735 -77 73 -8 3
> 12694 6181 910 438 44 3
> 13884 6814 -66 -286 106 3
> 14548 7636 121 79 162 1
! 15234 7502 200 0 200
! 13951 8589 SHIELD 18 SHIELD
> 13132 7735 -77 73 -8 3
> 12694 6181 910 438 44 3
> 13884 6814 -66 -286 106 3
> 14548 7636 121 79 162 1
! -42035 89717 SHIELD
! -85452 7636 SHIELD
> 13055 7808 -65 62 -6 3
> 13015 6380 -153 -3 62 3
> 14407 6767 870 132 124 3
> 14669 7715 102 67 180 1
! 15178 7640 200 0 200
! 14839 7341 200 -18 200 Blocker
> 13055 7808 -65 62 -6 3
> 13015 6380 -153 -3 62 3
> 14407 6767 870 132 124 3
> 14669 7715 102 67 180 1
! -64394 68333 0
! -85331 7715 0
> 12990 7870 -55 52 -5 3
> 12862 6377 -130 -2 44 3
> 15277 6899 739 112 142 3
> 14771 7782 86 56 180 1
! 15127 7730 200 0 200
! 14911 6681 200 -18 200 Blocker
> 12990 7870 -55 52 -5 3
> 12862 6377 -130 -2 44 3
> 15277 6899 739 112 142 3
> 14771 7782 86 56 180 1
! -63524 68465 0
! -85229 7782 0
> 13135 7909 122 33 -4 3
> 12732 6375 -110 -1 26 3
> 16016 7011 628 95 142 3
> 14857 7838 73 47 180 1
! 14789 6656 0 -18 0
! 14789 5992 200 -18 200 Blocker
> 13135 7909 122 33 -4 3
> 12732 6375 -110 -1 26 3
> 16016 7011 628 95 142 3
> 14857 7838 73 47 180 1
! -77953 41213 0
! -85143 7838 0
> 13257 7942 103 28 -22 3
> 12622 6374 -93 0 8 3
> 16644 7106 533 80 160 3
> 14930 7885 62 39 180 1
! 14526 6104 200 -18 200
! 14112 7902 200 18 200 Blocker
> 13257 7942 103 28 -22 3
> 12622 6374 -93 0 8 3
> 16644 7106 533 80 160 3
> 14930 7885 62 39 180 1
! -83295 10596 200
! -80175 -23016 200
> 13514 7842 218 -84 -40 3
> 12708 6462 73 75 26 3
> 16977 7193 283 73 178 3
> 14802 7862 -108 -19 -162 1
! 14216 5817 0 -18 0
! 14948 6155 200 -18 200 Blocker
> 13514 7842 218 -84 -40 3
> 12708 6462 73 75 26 3
> 16977 7193 283 73 178 3
> 14802 7862 -108 -19 -162 1
! -82962 10683 200
! -80303 -23039 SHIELD
> 13732 7758 185 -71 -58 3
> 12979 6566 230 88 8 3
> 17060 7273 70 67 178 3
> 14694 7843 -91 -16 -162 1
! 13777 5692 0 -18 0
! 14792 8182 200 18 200 Blocker
> 13732 7758 185 -71 -58 3
> 12979 6566 230 88 8 3
> 17060 7273 70 67 178 3
> 14694 7843 -91 -16 -162 1
! -76909 41475 0
! -80411 -23058 SHIELD
> 13736 7660 -247 -121 -76 3
> 13388 6742 347 149 26 3
> 17130 7340 59 56 160 3
> 14621 7830 -36 -7 -162 1
! 15021 6253 0 18 0
! 15902 6509 200 -18 200 Blocker
> 13736 7660 -247 -121 -76 3
> 13388 6742 347 149 26 3
> 17130 7340 59 56 160 3
> 14621 7830 -36 -7 -162 1
! -82809 10830 200
! -85379 7830 0
> 13497 7738 -198 178 -58 3
> 13925 6720 451 -130 8 3
> 16989 7403 -119 53 178 3
> 14585 7823 -30 -5 180 1
! 15339 7092 200 18 200
! 15815 7979 0 18 0 Blocker
> 13497 7738 -198 178 -58 3
> 13925 6720 451 -130 8 3
> 16989 7403 -119 53 178 3
> 14585 7823 -30 -5 180 1
! -76980 41605 200
! -80520 -23078 0
> 13453 7788 -37 42 -40 3
> 14376 6590 383 -110 26 3
> 16682 7524 -260 103 160 3
> 14555 7818 -25 -4 -162 1
! 15611 7677 200 18 200
! 15698 8246 0 18 0 Blocker
> 13453 7788 -37 42 -40 3
> 14376 6590 383 -110 26 3
> 16682 7524 -260 103 160 3
> 14555 7818 -25 -4 -162 1
! -83257 11014 200
! -66346 -50960 0
> 13602 7756 126 -27 -22 3
> 14759 6480 325 -93 44 3
> 16222 7634 -390 93 178 3
> 14530 7814 -21 -3 -144 1
! 14788 6033 0 -18 0
! 15431 8357 0 18 0 Blocker
> 13602 7756 126 -27 -22 3
> 14759 6480 325 -93 44 3
> 16222 7634 -390 93 178 3
> 14530 7814 -21 -3 -144 1
! -79904 -19929 200
! -80575 -23087 200
> 13519 7718 -180 -38 -40 3
> 15084 6387 276 -79 62 3
> 15640 7672 -494 32 -164 3
> 14527 7761 107 -39 -162 1
! 15334 7540 0 18 0
! 15082 8289 0 18 0 Blocker
> 13519 7718 -180 -38 -40 3
> 15084 6387 276 -79 62 3
> 15640 7672 -494 32 -164 3
> 14527 7761 107 -39 -162 1
! -84299 11162 200
! -80578 -23140 200
> 13339 7680 -153 -32 -22 3
> 15360 6308 234 -67 80 3
> 15245 7705 -68 21 178 3
> 14145 7667 -592 -74 -162 1
! 15321 8180 SHIELD 18 SHIELD
! 14717 8039 0 18 0 Blocker
> 13339 7680 -153 -32 -22 3
> 15360 6308 234 -67 80 3
> 15245 7705 -68 21 178 3
> 14145 7667 -592 -74 -162 1
! -80881 -19858 200
! -85855 7667 SHIELD
> 12754 7655 -502 -20 -4 3
> 15594 6241 198 -56 98 3
> 14985 7671 -221 -29 -164 4
> 13985 7586 -130 -69 180 1
! 14447 7482 200 0 200
! 14264 7768 200 18 200 Blocker
> 12754 7655 -502 -20 -4 3
> 15594 6241 198 -56 98 3
> 14985 7671 -221 -29 -164 4
> 13985 7586 -130 -69 180 1
! -81141 -19892 200
! -81120 38487 200
> 12252 7635 -426 -17 -6 3
> 15704 6364 93 104 116 3
> 14651 7594 -111 -49 -164 4
> 13775 7510 -350 -80 162 1
! 13731 8718 200 18 200
! 13855 7501 200 18 200 Blocker
> 12252 7635 -426 -17 -6 3
> 15704 6364 93 104 116 3
> 14651 7594 -111 -49 -164 4
> 13775 7510 -350 -80 162 1
! -85288 11084 200
! -86225 7510 0
> 11826 7618 -362 -14 12 3
> 15657 6611 -39 210 134 3
> 14340 7552 -264 -35 178 4
> 13425 7430 -297 -68 180 1
! 13616 8061 200 0 200
! 13451 7203 200 18 200 Blocker
> 11826 7618 -362 -14 12 3
> 15657 6611 -39 210 134 3
> 14340 7552 -264 -35 178 4
> 13425 7430 -297 -68 180 1
! -85599 11042 200
! -81680 -23471 0
> 11464 7604 -307 -11 14 3
> 15441 6914 -183 257 152 3
> 13919 7532 -229 8 178 4
> 13085 7354 -417 -90 -162 1
! 13292 8125 200 0 200
! 13079 6865 200 18 200 Blocker
> 11464 7604 -307 -11 14 3
> 15441 6914 -183 257 152 3
> 13919 7532 -229 8 178 4
> 13085 7354 -417 -90 -162 1
! -82207 -20031 200
! -82020 -23547 200
> 11349 7648 -97 37 16 3
> 15061 7205 -323 247 170 3
> 13498 7485 -358 -40 -164 4
> 12478 7202 -516 -129 -162 1
! 13367 8291 200 0 200
! 12761 6488 200 18 200 Blocker
> 11349 7648 -97 37 16 3
> 15061 7205 -323 247 170 3
> 13498 7485 -358 -40 -164 4
> 12478 7202 -516 -129 -162 1
! -82628 -20078 200
! -87522 7202 200
> 11394 7805 -99 303 18 3
> 14540 7423 -442 185 188 4
> 12948 7390 -467 -80 -164 4
> 11810 7014 -429 -330 180 1
! 13197 7490 0 -18 0 Blocker
! 12515 6080 200 18 200
> 11394 7805 -99 303 18 3
> 14540 7423 -442 185 188 4
> 12948 7390 -467 -80 -164 4
> 11810 7014 -429 -330 180 1
! -86991 10880 200
! -83295 -23887 0
> 11295 8108 -84 257 0 3
> 13919 7520 -528 82 206 4
> 12281 7317 -566 -62 178 4
> 11381 6684 -364 -280 -162 1
! 12829 7189 0 -18 0 Blocker
! 12358 5660 200 18 200
> 11295 8108 -84 257 0 3
> 13919 7520 -528 82 206 4
> 12281 7317 -566 -62 178 4
> 11381 6684 -364 -280 -162 1
! -83845 -20246 200
! -83724 -24217 0
> 11211 8365 -71 218 -18 3
> 13248 7462 -570 -48 224 4
> 11523 7200 -644 -99 -164 4
> 11017 6404 -309 -238 -162 1
! 12316 6965 0 -18 0 Blocker
! 11095 5886 200 0 200
> 11211 8365 -71 218 -18 3
> 13248 7462 -570 -48 224 4
> 11523 7200 -644 -99 -164 4
> 11017 6404 -309 -238 -162 1
! -71380 -48719 200
! -88983 6404 0
> 11140 8583 -60 185 -36 3
> 12517 7296 -621 -141 -144 4
> 10713 6989 -688 -179 -146 4
> 10708 6166 -262 -202 180 1
! 11698 6866 0 -18 0 Blocker
! 10116 5862 200 0 200
> 11140 8583 -60 185 -36 3
> 12517 7296 -621 -141 -144 4
> 10713 6989 -688 -179 -146 4
> 10708 6166 -262 -202 180 1
! -72190 -48930 200
! -84397 37067 0
> 11080 8768 -51 157 -54 3
> 11724 7052 -673 -207 -149 4
> 9859 6698 -725 -247 -146 4
> 10446 5964 -222 -171 162 1
! 11029 6725 200 -18 200 Blocker
! 8859 7037 200 -18 200
> 11080 8768 -51 157 -54 3
> 11724 7052 -673 -207 -149 4
> 9859 6698 -725 -247 -146 4
> 10446 5964 -222 -171 162 1
! -51707 -72103 200
! -70455 64742 0
> 11090 8734 8 -28 -72 3
> 10856 6801 -737 -213 -167 4
> 9011 6293 -720 -343 -128 4
> 10224 5793 -188 -145 144 1
! 10418 6614 200 -18 200 Blocker
! 8676 4928 200 18 200
> 11090 8734 8 -28 -72 3
> 10856 6801 -737 -213 -167 4
> 9011 6293 -720 -343 -128 4
> 10224 5793 -188 -145 144 1
! -25191 -87676 200
! -70677 64571 200
> 11097 8506 5 -193 -90 3
> 9967 6566 -691 70 -149 4
> 8223 5762 -670 -451 -110 4
> 9855 5685 -378 -362 144 1
! 9809 6533 200 -18 200 Blocker
! 8416 4611 200 18 200
> 11097 8506 5 -193 -90 3
> 9967 6566 -691 70 -149 4
> 8223 5762 -670 -451 -110 4
> 9855 5685 -378 -362 144 1
! 4732 -94177 0
! -48923 86586 200
> 11039 8123 -49 -325 -108 3
> 9144 6485 -699 -68 -131 4
> 7553 5311 -569 -383 -92 4
> 9359 5485 -421 -170 126 1
! 9210 6505 200 -18 200 Blocker
! 8253 4225 200 18 200
> 11039 8123 -49 -325 -108 3
> 9144 6485 -699 -68 -131 4
> 7553 5311 -569 -383 -92 4
> 9359 5485 -421 -170 126 1
! 35116 -90815 200
! -71542 64263 200
> 10872 7637 -142 -413 -126 3
> 8366 6233 -660 -214 -113 4
> 7039 4736 -436 -488 -74 4
> 8776 5433 -495 -44 144 1
! 9437 5444 200 0 200 Blocker
! 8201 3875 200 18 200
> 10872 7637 -142 -413 -126 3
> 8366 6233 -660 -214 -113 4
> 7039 4736 -436 -488 -74 4
> 8776 5433 -495 -44 144 1
! 62958 -78167 200
! -72125 64211 200
> 10620 7057 -213 -493 -123 3
> 7528 6084 -754 -56 -95 4
> 6715 4082 -275 -555 -56 5
> 8279 5243 -379 -231 144 1
! 9209 4719 200 0 200 Blocker
! 7907 4142 200 18 200
> 10620 7057 -213 -493 -123 3
> 7528 6084 -754 -56 -95 4
> 6715 4082 -275 -555 -56 5
> 8279 5243 -379 -231 144 1
! 85516 -57484 200
! -86826 36144 200
> 10304 6393 -268 -564 -121 3
> 6812 5832 -608 -214 -79 4
> 6598 3404 -99 -576 -38 5
> 7710 5074 -483 -143 162 1
! 8011 4969 200 -18 200 Blocker
! 7813 4118 200 18 200
> 10304 6393 -268 -564 -121 3
> 6812 5832 -608 -214 -79 4
> 6598 3404 -99 -576 -38 5
> 7710 5074 -483 -143 162 1
! 100567 -30798 200
! -92290 5074 0
> 9885 5698 -356 -590 -139 3
> 6301 5443 -434 -330 -61 4
> 6687 2760 75 -547 -20 5
> 7227 4931 -410 -121 180 1
! 9034 2964 200 18 200 Blocker
! 7861 4183 200 18 200
> 9885 5698 -356 -590 -139 3
> 6301 5443 -434 -330 -61 4
> 6687 2760 75 -547 -20 5
> 7227 4931 -410 -121 180 1
! 106626 -730 200
! -92773 4931 200
> 9426 4937 -390 -647 -121 3
> 5848 5046 -582 -254 -43 4
> 6962 2206 233 -470 -2 5
> 6782 4741 -180 -244 180 1
! 9228 2098 200 18 200 Blocker
! 7450 4524 200 18 200
> 9426 4937 -390 -647 -121 3
> 5848 5046 -582 -254 -43 4
> 6962 2206 233 -470 -2 5
> 6782 4741 -180 -244 180 1
! 106901 -1284 200
! -88323 -26160 0
> 8991 4095 -370 -715 -103 3
> 5447 4708 -340 -287 -25 4
> 7395 1729 367 -405 -2 5
> 6602 4497 -153 -207 -162 1
! 9481 1355 200 18 200 Blocker
! 7267 4841 200 18 200
> 8991 4095 -370 -715 -103 3
> 5447 4708 -340 -287 -25 4
> 7395 1729 367 -405 -2 5
> 6602 4497 -153 -207 -162 1
! 103521 29292 200
! -93398 4497 200
> 8638 3181 -300 -777 -85 3
> 5306 4397 -120 -264 -7 4
> 7954 1379 475 -297 16 0
> 6249 4290 -300 -175 180 1
! 9781 744 200 18 200 Blocker
! 7110 5200 200 18 200
> 8638 3181 -300 -777 -85 3
> 5306 4397 -120 -264 -7 4
> 7954 1379 475 -297 16 0
> 6249 4290 -300 -175 180 1
! 90857 57298 200
! -93751 4290 0
> 8416 2220 -188 -817 -67 3
> 5153 4196 -255 -156 11 4
> 8595 1194 544 -157 34 0
> 6178 4090 65 -183 180 1
! 9942 373 0 18 0 Blocker
! 6398 5649 200 18 200
> 8416 2220 -188 -817 -67 3
> 5153 4196 -255 -156 11 4
> 8595 1194 544 -157 34 0
> 6178 4090 65 -183 180 1
! 70161 79995 0
! -88927 34991 200
> 8228 1403 -159 -694 -50 3
> 5073 4137 -68 -50 29 4
> 9139 1037 462 -133 52 0
> 6053 3969 -106 -103 162 1
! 10010 225 0 18 0 Blocker
! 7189 3819 200 -18 200
> 8228 1403 -159 -694 -50 3
> 5073 4137 -68 -50 29 4
> 9139 1037 462 -133 52 0
> 6053 3969 -106 -103 162 1
! 43341 95006 0
! -74848 62747 200
> 8069 709 -135 -589 -33 3
> 5005 4164 -219 54 11 4
> 9601 904 392 -113 70 0
> 5981 3945 100 -52 144 1
! 10131 235 200 18 200 Blocker
! 6780 3288 200 -18 200
> 8069 709 -135 -589 -33 3
> 5005 4164 -219 54 11 4
> 9601 904 392 -113 70 0
> 5981 3945 100 -52 144 1
! 13090 100843 200
! -74920 62723 200
> 8127 67 49 -545 -15 3
> 4985 4194 -17 25 -7 4
> 10000 991 339 73 88 0
> 5919 4011 -52 55 144 1
! 10230 310 200 18 200 Blocker
! 7152 3951 200 0 200
> 8127 67 49 -545 -15 3
> 4985 4194 -17 25 -7 4
> 10000 991 339 73 88 0
> 5919 4011 -52 55 144 1
! -17563 97117 200
! -89186 34912 200
> 8376 -469 211 -455 3 3
> 4886 4248 -211 68 -6 4
> 10284 1256 241 225 106 0
> 5958 4077 160 32 162 1
! 10297 461 200 18 200 Blocker
! 6310 2844 200 -18 200
> 8376 -469 211 -455 3 3
> 4886 4248 -211 68 -6 4
> 10284 1256 241 225 106 0
> 5958 4077 160 32 162 1
! -45635 84159 200
! -94042 4077 200
> 8774 -854 338 -327 21 3
> 4857 4233 -24 -12 -24 4
> 10413 1647 109 332 124 0
> 5918 4109 -34 27 180 1
! 10310 664 200 18 200 Blocker
! 6985 4678 200 18 200
> 8774 -854 338 -327 21 3
> 4857 4233 -24 -12 -24 4
> 10413 1647 109 332 124 0
> 5918 4109 -34 27 180 1
! -68388 63213 200
! -94082 4109 200
> 9268 -1056 420 -172 39 3
> 4888 4214 -200 7 -6 4
> 10364 2102 -41 386 142 0
> 5828 4121 150 -13 180 1
! 10257 897 200 18 200 Blocker
! 6593 5321 200 18 200
> 9268 -1056 420 -172 39 3
> 4888 4214 -200 7 -6 4
> 10364 2102 -41 386 142 0
> 5828 4121 150 -13 180 1
! -68437 63668 200
! -94172 4121 200
> 9798 -1061 450 -4 57 3
> 4884 4261 -3 40 12 4
> 10165 2611 -168 432 142 0
> 5778 4108 -42 -11 180 1
! 10133 1132 200 18 200 Blocker
! 6891 3406 200 -18 200
> 9798 -1061 450 -4 57 3
> 4884 4261 -3 40 12 4
> 10165 2611 -168 432 142 0
> 5778 4108 -42 -11 180 1
! -45754 85514 200
! -89327 35009 200
> 10301 -872 427 160 75 3
> 4765 4337 -190 80 -6 4
> 9885 3209 -237 508 124 0
> 5860 4101 159 -22 162 1
! 9940 1342 200 18 200 Blocker
! 6763 4187 200 0 200
> 10301 -872 427 160 75 3
> 4765 4337 -190 80 -6 4
> 9885 3209 -237 508 124 0
> 5860 4101 159 -22 162 1
! -68916 64775 200
! -89245 35002 200
> 10719 -512 355 305 93 3
> 4774 4402 8 55 -4 4
> 9490 3840 -335 536 142 0
> 5829 4141 -26 33 162 1
! 9689 1503 200 18 200 Blocker
! 6467 3043 200 -18 200
> 10719 -512 355 305 93 3
> 4774 4402 8 55 -4 4
> 9490 3840 -335 536 142 0
> 5829 4141 -26 33 162 1
! -84479 38042 200
! -89276 35042 200
> 11004 -20 242 418 111 3
> 4833 4413 -187 64 -22 4
> 8967 4444 -444 513 160 0
> 5747 4204 167 -1 162 1
! 9401 1596 200 18 200 Blocker
! 6781 5009 200 18 200
> 11004 -20 242 418 111 3
> 4833 4413 -187 64 -22 4
> 8967 4444 -444 513 160 0
> 5747 4204 167 -1 162 1
! -85002 38646 200
! -89358 35105 200
> 11121 554 99 488 129 3
> 4845 4462 10 41 -4 4
> 8335 5025 -537 494 160 0
> 5724 4265 -19 51 162 1
! 9095 1611 200 18 200 Blocker
! 6540 3089 200 -18 200
> 11121 554 99 488 129 3
> 4845 4462 10 41 -4 4
> 8335 5025 -537 494 160 0
> 5724 4265 -19 51 162 1
! -85634 39227 200
! -89381 35166 200
> 11053 1152 -57 508 147 3
> 4722 4493 -188 43 -22 4
> 7610 5587 -616 478 160 1
> 5833 4312 176 22 162 1
! 9151 2858 200 0 200 Blocker
! 6574 3712 200 0 200
> 11053 1152 -57 508 147 3
> 4722 4493 -188 43 -22 4
> 7610 5587 -616 478 160 1
> 5833 4312 176 22 162 1
! -92329 9077 200
! -94167 4312 200
> 10847 1794 -175 545 138 3
> 4718 4458 -3 -29 -23 4
> 6794 6072 -693 412 178 1
> 5809 4334 -20 18 180 1
! 8484 2569 200 18 200 Blocker
! 6859 4924 200 18 200
> 10847 1794 -175 545 138 3
> 4718 4458 -3 -29 -23 4
> 6794 6072 -693 412 178 1
> 5809 4334 -20 18 180 1
! -93145 9562 200
! -94191 4334 200
> 10489 2420 -304 532 156 3
> 4792 4424 -188 -3 -5 4
> 5901 6491 -758 356 178 1
> 5711 4340 168 -19 180 1
! 8175 3847 200 0 200 Blocker
! 6796 4229 200 0 200
> 10489 2420 -304 532 156 3
> 4792 4424 -188 -3 -5 4
> 5901 6491 -758 356 178 1
> 5711 4340 168 -19 180 1
! -90225 -21072 200
! -94289 4340 200
> 10015 3057 -403 541 148 3
> 4803 4402 9 -19 -6 4
> 4951 6792 -807 255 -164 1
> 5679 4321 -27 -16 180 1
! 7417 3445 200 18 200 Blocker
! 7000 4153 200 0 200
> 10015 3057 -403 541 148 3
> 4803 4402 9 -19 -6 4
> 4951 6792 -807 255 -164 1
> 5679 4321 -27 -16 180 1
! -77952 -49127 0
! -94321 4321 200
> 9418 3645 -507 500 166 3
> 4657 4394 -191 0 -6 4
> 4144 7047 -685 216 -146 1
> 5806 4271 175 -48 180 1
! 6776 4677 200 0 200 Blocker
! 6101 2922 200 -18 200
> 9418 3645 -507 500 166 3
> 4657 4394 -191 0 -6 4
> 4144 7047 -685 216 -146 1
> 5806 4271 175 -48 180 1
! -57422 -71754 200
! -89299 35172 200
> 8725 4218 -589 486 159 3
> 4648 4311 -7 -70 -24 4
> 3336 7105 -686 49 -128 2
> 5791 4285 -12 11 162 1
! 6011 4135 200 18 200 Blocker
! 6793 4698 200 18 200
> 8725 4218 -589 486 159 3
> 4648 4311 -7 -70 -24 4
> 3336 7105 -686 49 -128 2
> 5791 4285 -12 11 162 1
! -30866 -86864 200
! -94209 4285 200
> 7936 4716 -670 422 177 3
> 4783 4214 -171 -104 -6 4
> 2582 6966 -641 -118 -110 2
> 5636 4300 154 35 180 1
! 5421 3940 200 18 200 Blocker
! 6517 5210 200 18 200
> 7936 4716 -670 422 177 3
> 4783 4214 -171 -104 -6 4
> 2582 6966 -641 -118 -110 2
> 5636 4300 154 35 180 1
! -908 -92973 200
! -89469 -26601 200
> 7073 5087 -733 315 195 3
> 4808 4150 21 -54 12 4
> 1934 6648 -550 -270 -92 2
> 5600 4273 -30 -22 -162 1
! 4955 3692 200 18 200 Blocker
! 6981 4553 200 0 200
> 7073 5087 -733 315 195 3
> 4808 4150 21 -54 12 4
> 1934 6648 -550 -270 -92 2
> 5600 4273 -30 -22 -162 1
! 29497 -89478 200
! -94400 4273 200
> 6172 5294 -766 175 213 3
> 4589 4065 -187 -72 11 4
> 1439 6186 -420 -392 -74 2
> 5806 4319 176 39 180 1
! 3561 4271 200 0 200 Blocker
! 5902 5602 200 18 200
> 6172 5294 -766 175 213 3
> 4589 4065 -187 -72 11 4
> 1439 6186 -420 -392 -74 2
> 5806 4319 176 39 180 1
! 57358 -76717 200
! -89299 -26582 200
> 5220 5396 -809 86 -159 3
> 4578 4088 -9 19 29 4
> 1131 5628 -261 -474 -56 2
> 5792 4296 -12 -19 -162 1
! 3322 3805 0 18 0 Blocker
! 6753 3839 200 -18 200
> 5220 5396 -809 86 -159 3
> 4578 4088 -9 19 29 4
> 1131 5628 -261 -474 -56 2
> 5792 4296 -12 -19 -162 1
! 79932 -55938 200
! -94208 4296 200
> 4411 5482 -687 73 -141 3
> 4766 4143 159 47 11 4
> 1028 5031 -87 -507 -38 2
> 5580 4277 -180 -16 180 1
! 3155 3430 200 18 200 Blocker
! 6919 3260 200 -18 200
> 4411 5482 -687 73 -141 3
> 4766 4143 159 47 11 4
> 1028 5031 -87 -507 -38 2
> 5580 4277 -180 -16 180 1
! 94997 -29171 200
! -89525 -26624 SHIELD
> 3616 5387 -675 -81 -123 3
> 4207 4010 -513 -119 -7 4
> 1129 4456 85 -489 -20 2
> 5492 4276 -71 0 -162 1
! 3046 3309 0 18 0 Blocker
! 5618 4958 200 18 200
> 3616 5387 -675 -81 -123 3
> 4207 4010 -513 -119 -7 4
> 1129 4456 85 -489 -20 2
> 5492 4276 -71 0 -162 1
! 101068 965 200
! -75409 -54502 0
> 2941 5306 -573 -68 -105 3
> 3891 3927 -268 -70 11 4
> 1414 3960 242 -421 -2 2
> 5421 4276 -60 0 -144 1
! 3156 3184 200 18 200 Blocker
! 5123 5466 200 18 200
> 2941 5306 -573 -68 -105 3
> 3891 3927 -268 -70 11 4
> 1414 3960 242 -421 -2 2
> 5421 4276 -60 0 -144 1
! 101353 469 200
! -75480 -54502 0
> 2377 5038 -479 -227 -87 3
> 3799 3952 -78 21 29 4
> 1856 3532 375 -363 -2 2
> 5361 4276 -51 0 -144 1
! 3283 3101 200 18 200 Blocker
! 5905 3705 200 -18 200
> 2377 5038 -479 -227 -87 3
> 3799 3952 -78 21 29 4
> 1856 3532 375 -363 -2 2
> 5361 4276 -51 0 -144 1
! 97982 31095 200
! -89744 -26625 200
> 1969 4624 -347 -352 -69 3
> 3918 4009 100 48 11 4
> 2423 3224 482 -261 16 2
> 5310 4276 -43 0 -162 1
! 3467 3074 200 18 200 Blocker
! 6012 3127 200 -18 200
> 1969 4624 -347 -352 -69 3
> 3918 4009 100 48 11 4
> 2423 3224 482 -261 16 2
> 5310 4276 -43 0 -162 1
! 98549 30787 200
! -89795 -26625 200
> 1747 4116 -188 -431 -51 3
> 4216 4031 253 18 -7 4
> 3097 3018 573 -174 16 2
> 5077 4214 -198 -52 -162 1
! 3684 3116 200 18 200 Blocker
! 6653 3781 200 0 200
> 1747 4116 -188 -431 -51 3
> 4216 4031 253 18 -7 4
> 3097 3018 573 -174 16 2
> 5077 4214 -198 -52 -162 1
! 99223 30581 200
! -75824 -54564 SHIELD
> 1726 3575 -17 -459 -33 3
> 3667 3802 -587 -222 -6 4
> 3862 2899 650 -101 16 2
> 4979 4185 -71 -22 -144 1
! 3906 3231 200 18 200 Blocker
! 4985 4680 200 18 200
> 1726 3575 -17 -459 -33 3
> 3667 3802 -587 -222 -6 4
> 3862 2899 650 -101 16 2
> 4979 4185 -71 -22 -144 1
! 86765 58818 200
! -53799 -76716 0
> 1902 3063 149 -435 -15 3
> 3276 3622 -332 -152 12 4
> 4678 2910 693 9 34 2
> 4908 4163 -60 -18 -126 1
! 4105 3416 200 18 200 Blocker
! 5096 3927 200 0 200
> 1902 3063 149 -435 -15 3
> 3276 3622 -332 -152 12 4
> 4678 2910 693 9 34 2
> 4908 4163 -60 -18 -126 1
! 87581 58829 200
! -25993 -90942 0
> 2251 2637 296 -361 3 3
> 3141 3503 -114 -101 10 4
> 5537 3031 729 102 34 2
> 4848 4145 -51 -15 -108 1
! 4257 3661 200 18 200 Blocker
! 5194 3784 200 0 200
> 2251 2637 296 -361 3 3
> 3141 3503 -114 -101 10 4
> 5537 3031 729 102 34 2
> 4848 4145 -51 -15 -108 1
! 88440 58950 200
! -53930 -76756 0
> 2734 2347 410 -246 21 3
> 3225 3429 71 -62 8 4
> 6432 3245 760 181 34 2
> 4797 4130 -43 -12 -126 1
! 4342 3946 200 18 200 Blocker
! 4879 4895 200 18 200
> 2734 2347 410 -246 21 3
> 3225 3429 71 -62 8 4
> 6432 3245 760 181 34 2
> 4797 4130 -43 -12 -126 1
! 67998 82046 200
! -76104 -54648 200
> 3300 2226 481 -102 39 3
> 3476 3454 213 21 26 4
> 7315 3584 750 287 52 2
> 4592 4000 -174 -110 -144 1
! 5978 2239 200 -18 200 Blocker
! 5666 4439 200 0 200
> 3300 2226 481 -102 39 3
> 3476 3454 213 21 26 4
> 7315 3584 750 287 52 2
> 4592 4000 -174 -110 -144 1
! 90218 59503 200
! -76309 -54778 SHIELD
> 3968 2195 567 -26 21 3
> 3617 3415 -475 -365 24 4
> 8231 3983 778 339 34 2
> 4443 3904 -66 -48 -144 1
! 5733 4014 200 18 200 Blocker
! 5152 3945 200 0 200
> 3968 2195 567 -26 21 3
> 3617 3415 -475 -365 24 4
> 8231 3983 778 339 34 2
> 4443 3904 -66 -48 -144 1
! 91134 59902 200
! -54335 -76997 0
> 4691 2294 614 84 39 3
> 3331 3115 -243 -254 19 4
> 9175 4434 802 383 34 3
> 4377 3856 -56 -40 -126 1
! 7015 3763 200 0 200 Blocker
! 5168 3577 200 0 200
> 4691 2294 614 84 39 3
> 3331 3115 -243 -254 19 4
> 9175 4434 802 383 34 3
> 4377 3856 -56 -40 -126 1
! 92078 60353 200
! -76524 -54922 200
> 5474 2485 665 162 32 3
> 3282 2910 -41 -174 14 4
> 10143 4929 822 420 34 3
> 4321 3816 -47 -34 -144 1
! 8005 3813 200 0 200 Blocker
! 4655 4421 200 18 200
> 5474 2485 665 162 32 3
> 3282 2910 -41 -174 14 4
> 10143 4929 822 420 34 3
> 4321 3816 -47 -34 -144 1
! 93046 60848 200
! -54457 -77085 0
> 6316 2740 715 216 28 3
> 3410 2842 109 -57 32 4
> 11131 5461 839 452 34 3
> 4274 3782 -39 -28 -126 1
! 7995 4933 200 18 200 Blocker
! 4343 4825 200 18 200
> 6316 2740 715 216 28 3
> 3410 2842 109 -57 32 4
> 11131 5461 839 452 34 3
> 4274 3782 -39 -28 -126 1
! 72697 84262 200
! -26627 -91323 200
> 7171 3099 726 305 46 3
> 3647 2938 201 82 50 4
> 12093 6071 817 518 52 3
> 4173 3564 -85 -185 -108 1
! 9425 4987 200 0 200 Blocker
! 5983 3552 200 -18 200
> 7171 3099 726 305 46 3
> 3647 2938 201 82 50 4
> 12093 6071 817 518 52 3
> 4173 3564 -85 -185 -108 1
! 46295 100040 0
! -54605 -77337 200
> 8050 3532 747 368 40 3
> 3530 2543 -109 -347 32 4
> 12910 6589 694 440 70 3
> 4458 3801 251 212 -126 1
! 10482 5314 200 0 200 Blocker
! 4245 4236 200 18 200
> 8050 3532 747 368 40 3
> 3530 2543 -109 -347 32 4
> 12910 6589 694 440 70 3
> 4458 3801 251 212 -126 1
! 16399 106528 0
! -26443 -91304 0
> 8958 4018 772 413 36 3
> 3549 2349 16 -164 50 4
> 13604 7029 589 374 88 3
> 4709 4013 213 180 -108 1
! 10410 6523 200 18 200 Blocker
! 5700 2717 200 -18 200
> 8958 4018 772 413 36 3
> 3549 2349 16 -164 50 4
> 13604 7029 589 374 88 3
> 4709 4013 213 180 -108 1
! -13959 103155 0
! -26192 -91092 0
> 9847 4593 755 488 54 3
> 3734 2291 157 -49 32 4
> 14193 7403 500 317 106 4
> 4922 4193 181 153 -108 1
! 11895 6861 200 0 200 Blocker
! 4715 4282 200 18 200
> 9847 4593 755 488 54 3
> 3734 2291 157 -49 32 4
> 14193 7403 500 317 106 4
> 4922 4193 181 153 -108 1
! -41726 90306 0
! 4921 -95807 200
> 10736 5229 755 540 48 3
> 4019 2395 242 88 50 4
> 14693 7720 425 269 124 4
> 5103 4146 153 -39 -90 1
! 12963 7404 200 0 200 Blocker
! 5675 4168 200 0 200
> 10736 5229 755 540 48 3
> 4019 2395 242 88 50 4
> 14693 7720 425 269 124 4
> 5103 4146 153 -39 -90 1
! -64108 69286 200
! -25798 -90959 200
> 11634 5909 763 577 44 3
> 4398 2629 321 199 47 4
> 14960 8112 227 333 142 4
> 5194 3917 77 -194 -108 1
! 12779 8653 200 18 200 Blocker
! 6879 3248 200 -18 200
> 11634 5909 763 577 44 3
> 4398 2629 321 199 47 4
> 14960 8112 227 333 142 4
> 5194 3917 77 -194 -108 1
! -79009 42314 200
! -53584 -76984 200
> 12490 6663 727 640 62 3
> 4847 2822 131 -378 29 4
> 14999 8513 33 341 160 4
> 5201 3664 255 327 -126 1
! 12911 9482 200 18 200 Blocker
! 5908 4438 200 18 200
> 12490 6663 727 640 62 3
> 4847 2822 131 -378 29 4
> 14999 8513 33 341 160 4
> 5201 3664 255 327 -126 1
! -63802 70079 200
! -25700 -91441 0
> 13251 7500 646 711 80 3
> 5115 2590 227 -197 47 4
> 14874 8977 -105 394 142 4
> 5456 3991 216 277 -108 1
! 12933 10188 200 18 200 Blocker
! 5610 4577 200 18 200
> 13251 7500 646 711 80 3
> 5115 2590 227 -197 47 4
> 14874 8977 -105 394 142 4
> 5456 3991 216 277 -108 1
! -79095 43179 200
! 5455 -96009 200
> 13874 8410 529 773 97 3
> 5427 2574 264 -13 65 4
> 14581 9439 -248 393 160 4
> 5672 4068 183 65 -90 1
! 13039 10646 SHIELD 18 SHIELD
! 6536 4374 0 0 0
> 13874 8410 529 773 97 3
> 5427 2574 264 -13 65 4
> 14581 9439 -248 393 160 4
> 5672 4068 183 65 -90 1
! -85358 12929 200
! 5671 -95932 200
> 14399 9151 440 582 110 3
> 5691 2561 224 -11 58 4
> 14171 10164 -293 1083 178 4
> 5855 3933 155 -114 -90 1
! 13015 10963 200 18 200 Blocker
! 5775 4545 0 18 0
> 14399 9151 440 582 110 3
> 5691 2561 224 -11 58 4
> 14171 10164 -293 1083 178 4
> 5855 3933 155 -114 -90 1
! -81955 -17399 200
! 5854 -96067 200
> 14839 9733 374 494 127 3
> 5915 2550 190 -9 76 4
> 13686 11192 -412 873 -164 4
> 6010 3619 131 -266 -90 1
! 13109 10870 200 18 200 Blocker
! 5281 4581 200 18 200
> 14839 9733 374 494 127 3
> 5915 2550 190 -9 76 4
> 13686 11192 -412 873 -164 4
> 6010 3619 131 -266 -90 1
! -69217 -44727 200
! 6009 -96381 200
> 15213 10227 317 419 145 3
> 6053 2358 94 -394 94 4
> 13108 11953 -491 646 -146 4
> 6178 3536 165 160 -90 1
! 13330 10608 200 18 200 Blocker
! 4733 3649 200 18 200
> 15213 10227 317 419 145 3
> 6053 2358 94 -394 94 4
> 13108 11953 -491 646 -146 4
> 6178 3536 165 160 -90 1
! -48458 -66848 200
! -24723 -91569 0
> 15530 10646 269 356 163 3
> 6071 2149 15 -177 112 4
> 12494 12441 -522 415 -128 4
> 6343 3696 140 136 -108 1
! 13719 10286 200 18 200 Blocker
! 5262 4012 200 0 200
> 15530 10646 269 356 163 3
> 6071 2149 15 -177 112 4
> 12494 12441 -522 415 -128 4
> 6343 3696 140 136 -108 1
! -21708 -81528 200
! -52435 -77205 200
> 15599 10997 58 298 181 3
> 6006 2155 -54 5 113 4
> 11904 12668 -501 193 -110 4
> 6365 3670 19 -21 -126 1
! 13457 11257 200 0 200 Blocker
! 6447 4304 200 -18 200
> 15599 10997 58 298 181 3
> 6006 2155 -54 5 113 4
> 11904 12668 -501 193 -110 4
> 6365 3670 19 -21 -126 1
! -22298 -81301 200
! -52413 -77231 200
> 15458 11319 -119 273 173 3
> 5933 2359 -62 173 95 4
> 11335 12673 -483 4 -110 4
> 6266 3487 -83 -155 -126 1
! 13415 10525 200 18 200 Blocker
! 6901 4246 0 -18 0
> 15458 11319 -119 273 173 3
> 5933 2359 -62 173 95 4
> 11335 12673 -483 4 -110 4
> 6266 3487 -83 -155 -126 1
! -22867 -81296 200
! -52512 -77414 200
> 15143 11554 -267 199 191 3
> 5833 2405 -177 -267 77 4
> 10784 12489 -468 -156 -110 4
> 6104 3297 -45 144 -126 1
! 12716 11333 200 0 200 Blocker
! 6151 4282 200 0 200
> 15143 11554 -267 199 191 3
> 5833 2405 -177 -267 77 4
> 10784 12489 -468 -156 -110 4
> 6104 3297 -45 144 -126 1
! -50782 -66312 200
! -24797 -91808 0
> 14677 11735 -396 153 -175 3
> 5689 2335 -122 -59 80 4
> 10193 12175 -502 -266 -128 4
> 6059 3441 -38 122 -108 1
! 12621 10445 200 18 200 Blocker
! 5949 4443 200 0 200
> 14677 11735 -396 153 -175 3
> 5689 2335 -122 -59 80 4
> 10193 12175 -502 -266 -128 4
> 6059 3441 -38 122 -108 1
! -24009 -81794 200
! -24842 -91664 200
> 14097 11809 -492 63 -157 3
> 5591 2474 -82 118 83 4
> 9623 11721 -484 -385 -110 4
> 5959 3373 -84 -57 -108 1
! 12472 9986 200 18 200 Blocker
! 7009 4201 200 -18 200
> 14097 11809 -492 63 -157 3
> 5591 2474 -82 118 83 4
> 9623 11721 -484 -385 -110 4
> 5959 3373 -84 -57 -108 1
! -24579 -82248 200
! -52819 -77528 200
> 13455 11740 -546 -58 -139 3
> 5447 2417 -178 -183 65 4
> 9071 11148 -469 -486 -110 4
> 5904 3510 9 251 -126 1
! 11249 10239 200 0 200 Blocker
! 6199 4228 200 0 200
> 13455 11740 -546 -58 -139 3
> 5447 2417 -178 -183 65 4
> 9071 11148 -469 -486 -110 4
> 5904 3510 9 251 -126 1
! -25131 -82821 200
! -24997 -91595 200
> 12744 11569 -604 -144 -146 3
> 5346 2419 -86 1 67 4
> 8534 10474 -456 -572 -110 4
> 5851 3571 -44 51 -108 1
! 11388 9358 200 18 200 Blocker
! 6120 4445 200 0 200
> 12744 11569 -604 -144 -146 3
> 5346 2419 -86 1 67 4
> 8534 10474 -456 -572 -110 4
> 5851 3571 -44 51 -108 1
! 5043 -89465 200
! -25050 -91534 200
> 12018 11267 -617 -256 -128 3
> 5331 2607 -12 159 69 4
> 8071 9702 -393 -656 -92 4
> 5745 3432 -89 -118 -108 1
! 10047 9277 200 0 200 Blocker
! 7164 3964 200 -18 200
> 12018 11267 -617 -256 -128 3
> 5331 2607 -12 159 69 4
> 8071 9702 -393 -656 -92 4
> 5745 3432 -89 -118 -108 1
! 4580 -90237 200
! -53033 -77469 200
> 11260 10869 -644 -338 -135 3
> 5199 2427 -158 -246 51 4
> 7671 8846 -339 -727 -92 4
> 5784 3646 79 275 -126 1
! 10272 8358 200 18 200 Blocker
! 5156 4378 200 18 200
> 11260 10869 -644 -338 -135 3
> 5199 2427 -158 -246 51 4
> 7671 8846 -339 -727 -92 4
> 5784 3646 79 275 -126 1
! 4180 -91093 200
! -25117 -91459 200
> 10526 10352 -623 -439 -117 3
> 5112 2368 -73 -50 69 4
> 7325 7919 -294 -787 -92 4
> 5801 3731 14 72 -108 1
! 10247 7740 200 18 200 Blocker
! 6884 3516 200 -18 200
> 10526 10352 -623 -439 -117 3
> 5112 2368 -73 -50 69 4
> 7325 7919 -294 -787 -92 4
> 5801 3731 14 72 -108 1
! 3834 -92020 200
! -52977 -77170 200
> 9873 9715 -555 -541 -99 3
> 5165 2474 44 89 51 4
> 7024 6932 -255 -838 -92 4
> 5697 3641 -88 -76 -126 1
! 8974 7001 200 0 200 Blocker
! 6594 4273 200 0 200
> 9873 9715 -555 -541 -99 3
> 5165 2474 44 89 51 4
> 7024 6932 -255 -838 -92 4
> 5697 3641 -88 -76 -126 1
! 3533 -93007 200
! -25204 -91464 200
> 9255 8984 -525 -621 -108 3
> 5295 2615 -28 -262 52 4
> 6762 5894 -222 -882 -92 4
> 5585 3479 44 244 -108 1
! 8050 6271 200 0 200 Blocker
! 5344 4552 200 18 200
> 9255 8984 -525 -621 -108 3
> 5295 2615 -28 -262 52 4
> 6762 5894 -222 -882 -92 4
> 5585 3479 44 244 -108 1
! 34325 -90232 200
! 5584 -96521 200
> 8649 8180 -515 -683 -114 3
> 5337 2540 35 -63 70 4
> 6595 4820 -141 -913 -74 5
> 5629 3523 37 37 -90 1
! 8591 5345 200 18 200 Blocker
! 6124 4544 200 0 200
> 8649 8180 -515 -683 -114 3
> 5337 2540 35 -63 70 4
> 6595 4820 -141 -913 -74 5
> 5629 3523 37 37 -90 1
! 62514 -78083 200
! 36530 -91582 200
> 8113 7298 -455 -749 -96 3
> 5431 2627 12 -103 69 4
> 6566 3741 -24 -916 -56 5
> 5742 3406 162 77 -72 1
! 8758 4644 200 18 200 Blocker
! 4874 4649 200 18 200
> 8113 7298 -455 -749 -96 3
> 5431 2627 12 -103 69 4
> 6566 3741 -24 -916 -56 5
> 5742 3406 162 77 -72 1
! 62485 -79162 0
! 36643 -91699 200
> 7700 6353 -351 -802 -78 3
> 5335 2465 -112 -204 87 4
> 6881 2906 333 -694 -56 5
> 5747 3470 -30 105 -72 1
! 8984 4079 200 18 200 Blocker
! 6608 3971 200 -18 200
> 7700 6353 -351 -802 -78 3
> 5335 2465 -112 -204 87 4
> 6881 2906 333 -694 -56 5
> 5747 3470 -30 105 -72 1
! 85682 -58660 200
! 5746 -96530 0
> 7447 5377 -214 -829 -61 3
> 5296 2447 -33 -15 69 4
> 7372 2089 417 -694 -38 5
> 5717 3575 -25 89 -90 1
! 9227 3618 200 18 200 Blocker
! 6051 4486 200 0 200
> 7447 5377 -214 -829 -61 3
> 5296 2447 -33 -15 69 4
> 7372 2089 417 -694 -38 5
> 5717 3575 -25 89 -90 1
! 101341 -32113 0
! -25184 -91530 200
> 7375 4407 -60 -824 -45 3
> 5332 2620 30 146 70 4
> 7789 1395 354 -589 -20 0
> 5630 3474 -73 -86 -108 1
! 9488 3239 200 18 200 Blocker
! 7186 3996 200 -18 200
> 7375 4407 -60 -824 -45 3
> 5332 2620 30 146 70 4
> 7789 1395 354 -589 -20 0
> 5630 3474 -73 -86 -108 1
! 107728 -2095 0
! -25271 -91631 200
> 7490 3486 97 -782 -29 3
> 5318 2414 -39 -259 52 4
> 8143 806 300 -500 -2 0
> 5663 3707 56 282 -108 1
! 9511 1637 200 0 200 Blocker
! 5356 4354 200 18 200
> 7490 3486 97 -782 -29 3
> 5318 2414 -39 -259 52 4
> 8143 806 300 -500 -2 0
> 5663 3707 56 282 -108 1
! 104269 28369 0
! 5662 -96293 200
> 7735 2569 207 -779 -42 3
> 5348 2343 25 -60 70 4
> 8443 306 255 -425 16 0
> 5719 3789 47 69 -90 1
! 9577 318 200 0 200 Blocker
! 4767 4398 200 18 200
> 7735 2569 207 -779 -42 3
> 5348 2343 25 -60 70 4
> 8443 306 255 -425 16 0
> 5719 3789 47 69 -90 1
! 91346 56225 200
! 5718 -96211 200
> 8069 1635 283 -793 -51 3
> 5381 2483 28 118 88 4
> 8864 -7 357 -266 34 0
> 5766 3658 39 -111 -90 1
! 10477 273 200 18 200 Blocker
! 6763 4335 200 -18 200
> 8069 1635 283 -793 -51 3
> 5381 2483 28 118 88 4
> 8864 -7 357 -266 34 0
> 5766 3658 39 -111 -90 1
! 70430 78794 200
! -25135 -91447 0
> 8520 734 383 -765 -33 3
> 5478 2789 82 259 70 4
> 9344 -115 408 -92 52 0
> 5805 3547 33 -94 -108 1
! 10900 74 SHIELD 18 SHIELD
! 7218 4166 0 -18 0
> 8520 734 383 -765 -33 3
> 5478 2789 82 259 70 4
> 9344 -115 408 -92 52 0
> 5805 3547 33 -94 -108 1
! 43546 93854 200
! -52973 -77354 SHIELD
> 8903 -31 325 -650 -15 3
> 5327 2520 -144 -264 52 4
> 9820 -19 404 81 70 0
> 5861 3506 49 -31 -126 1
! 11095 36 0 18 0 Blocker
! 5260 4455 200 18 200
> 8903 -31 325 -650 -15 3
> 5327 2520 -144 -264 52 4
> 9820 -19 404 81 70 0
> 5861 3506 49 -31 -126 1
! 13309 99920 200
! -25040 -91599 0
> 9228 -681 276 -552 2 3
> 5252 2444 -63 -64 70 4
> 10231 262 349 238 88 0
> 5910 3475 41 -26 -108 1
! 11238 121 200 18 200 Blocker
! 7013 3610 200 -18 200
> 9228 -681 276 -552 2 3
> 5252 2444 -63 -64 70 4
> 10231 262 349 238 88 0
> 5910 3475 41 -26 -108 1
! -17332 96388 200
! -52868 -77426 0
> 9504 -1233 234 -469 20 3
> 5313 2537 51 78 52 4
> 10525 692 249 365 106 0
> 5951 3449 34 -22 -126 1
! 10968 122 200 18 200 Blocker
! 6718 4349 200 0 200
> 9504 -1233 234 -469 20 3
> 5313 2537 51 78 52 4
> 10525 692 249 365 106 0
> 5951 3449 34 -22 -126 1
! -45394 83595 200
! -52827 -77452 0
> 9738 -1702 198 -398 38 3
> 5487 2773 147 200 52 4
> 10662 1223 116 451 124 0
> 5985 3427 28 -18 -126 1
! 10542 15 200 18 200 Blocker
! 7749 3579 200 -18 200
> 9738 -1702 198 -398 38 3
> 5487 2773 147 200 52 4
> 10662 1223 116 451 124 0
> 5985 3427 28 -18 -126 1
! -68139 62789 200
! -52793 -77474 200
> 10049 -1935 263 -197 56 3
> 5428 2597 -61 -164 34 4
> 10620 1797 -35 488 142 0
> 6266 3735 250 276 -126 1
! 10235 67 200 18 200 Blocker
! 6119 4500 200 18 200
> 10049 -1935 263 -197 56 3
> 5428 2597 -61 -164 34 4
> 10620 1797 -35 488 142 0
> 6266 3735 250 276 -126 1
! -45299 84700 200
! -52512 -77166 200
> 10368 -1940 271 -4 74 3
> 5490 2591 52 -5 52 4
> 10473 2451 -124 555 124 0
> 6398 3849 112 97 -126 1
! 9887 123 200 18 200 Blocker
! 5619 4785 200 18 200
> 10368 -1940 271 -4 74 3
> 5490 2591 52 -5 52 4
> 10473 2451 -124 555 124 0
> 6398 3849 112 97 -126 1
! -68328 64017 200
! -52380 -77052 200
> 10633 -1744 225 166 92 3
> 5610 2774 101 155 70 4
> 10191 3129 -239 576 142 0
> 6392 3784 -4 -55 -126 1
! 9504 156 200 18 200 Blocker
! 7369 4047 0 -18 0
> 10633 -1744 225 166 92 3
> 5610 2774 101 155 70 4
> 10191 3129 -239 576 142 0
> 6392 3784 -4 -55 -126 1
! -83778 37331 200
! -74509 -54994 200
> 10790 -1390 133 301 110 3
> 5711 2929 85 131 52 4
> 9764 3773 -362 547 160 0
> 6226 3611 -140 -146 -144 1
! 9099 141 200 18 200 Blocker
! 7911 3666 200 -18 200
> 10790 -1390 133 301 110 3
> 5711 2929 85 131 52 4
> 9764 3773 -362 547 160 0
> 6226 3611 -140 -146 -144 1
! -84205 37975 200
! -52552 -77290 SHIELD
> 10801 -931 8 390 128 3
> 5431 2455 -288 -470 34 4
> 9214 4388 -467 523 160 0
> 6139 3537 -68 -56 -126 1
! 9455 1193 200 0 200 Blocker
! 5895 4052 200 18 200
> 10801 -931 8 390 128 3
> 5431 2455 -288 -470 34 4
> 9214 4388 -467 523 160 0
> 6139 3537 -68 -56 -126 1
! -84755 38590 200
! -24762 -91568 0
> 10702 -372 -84 475 122 3
> 5266 2143 -140 -265 52 4
> 8559 4979 -556 502 160 0
> 6071 3481 -57 -47 -108 1
! 8578 927 200 18 200 Blocker
! 5203 4077 200 18 200
> 10702 -372 -84 475 122 3
> 5266 2143 -140 -265 52 4
> 8559 4979 -556 502 160 0
> 6071 3481 -57 -47 -108 1
! -91380 8469 200
! -52707 -77420 0
