@ 0 yakalir
@ 1 reCurse
CP 3
CP 9083 1832
CP 5024 5252
CP 11468 6053
> 9405 2214 0 0 -1 1
> 8761 1450 0 0 -1 1
> 10050 2979 0 0 -1 1
> 8116 685 0 0 -1 1
! -210447 144988 200 B1
! -122311 228473 200 B1
> 9405 2214 0 0 -1 1
> 8761 1450 0 0 -1 1
> 10050 2979 0 0 -1 1
> 8116 685 0 0 -1 1
! -63872 70325 200
! -70791 62114 200
> 9237 2323 -142 92 147 1
> 8661 1623 -85 147 120 1
> 9902 3114 -125 114 138 1
> 7958 808 -134 104 142 1
! -228346 113110 200 B1
! -186150 177032 176 B1
> 9237 2323 -142 92 147 1
> 8661 1623 -85 147 120 1
> 9902 3114 -125 114 138 1
> 7958 808 -134 104 142 1
! -81452 43787 200
! -47961 83711 200
> 8939 2532 -176 275 155 1
> 8420 1856 -281 99 138 1
> 9595 3310 -261 166 156 1
> 7712 1078 -209 229 124 1
! -194785 167505 200 B1
! -138169 219183 144 B1
> 8939 2532 -176 275 155 1
> 8420 1856 -281 99 138 1
> 9595 3310 -261 166 156 1
> 7712 1078 -209 229 124 1
! -89857 13762 0
! -19851 97204 200
> 8608 2933 -281 340 141 1
> 8058 2074 -307 185 124 1
> 9334 3476 -221 141 174 1
> 7448 1499 -224 357 106 1
! -216093 137947 96 B1
! -146026 214153 160 B1
> 8608 2933 -281 340 141 1
> 8058 2074 -307 185 124 1
> 9334 3476 -221 141 174 1
> 7448 1499 -224 357 106 1
! -82020 44149 200
! 10937 101438 0
> 8221 3309 -440 254 149 1
> 7763 2494 -221 385 126 1
> 8954 3712 -211 265 156 1
> 7118 1751 -309 184 88 1
! -247204 62279 64 B1
! -204316 156578 200 B1
> 8221 3309 -440 254 149 1
> 7763 2494 -221 385 126 1
> 8954 3712 -211 265 156 1
> 7118 1751 -309 184 88 1
! -90498 14164 200
! -20445 97877 0
> 7782 3688 -316 422 167 1
> 7317 2886 -436 233 144 1
> 8544 3998 -348 243 174 1
> 6809 1935 -262 156 106 1
! -253364 -19159 0 B1
! -146767 214965 96 B1
> 7782 3688 -316 422 167 1
> 7317 2886 -436 233 144 1
> 8544 3998 -348 243 174 1
> 6809 1935 -262 156 106 1
! -89270 -16793 0
! -20754 98061 0
> 7348 4068 -400 311 185 1
> 6825 3197 -418 264 126 1
> 8314 4283 -163 253 -168 1
> 6547 2091 -222 132 106 1
! -233957 -98360 0 B1
! -91376 246253 144 B1
> 7348 4068 -400 311 185 1
> 6825 3197 -418 264 126 1
> 8314 4283 -163 253 -168 1
> 6547 2091 -222 132 106 1
! -89500 -16508 200
! -49372 84994 0
> 6948 4379 -340 264 203 1
> 6353 3595 -401 337 112 1
> 7955 4494 -304 179 -168 1
> 6325 2223 -188 112 124 1
! -217753 -130635 32 B1
! -11933 265100 0 B1
> 6948 4379 -340 264 203 1
> 6353 3595 -401 337 112 1
> 7955 4494 -304 179 -168 1
> 6325 2223 -188 112 124 1
! -91497 14946 200
! -49594 85126 0
> 6581 4627 -312 210 -149 1
> 5952 3932 -340 286 94 1
> 7452 4694 -427 169 174 1
> 6137 2335 -159 95 124 1
! -165401 -193216 96 B1
! 69370 258289 96 B1
> 6581 4627 -312 210 -149 1
> 5952 3932 -340 286 94 1
> 7452 4694 -427 169 174 1
> 6137 2335 -159 95 124 1
! -90362 -16097 0
! -21426 98461 0
> 6225 4814 -375 228 -131 1
> 5577 4258 -409 194 76 1
> 7064 4866 -165 159 -168 1
> 5978 2430 -135 80 106 1
! -112786 -228758 32 B1
! 144492 226569 144 B1
> 6225 4814 -375 228 -131 1
> 5577 4258 -409 194 76 1
> 7064 4866 -165 159 -168 1
> 5978 2430 -135 80 106 1
! -92388 15318 200
! -21585 98556 200
> 5894 5075 -361 268 -117 1
> 5169 4513 -400 173 58 1
> 6717 5046 -160 149 174 1
> 5788 2702 -161 231 106 1
! -53076 -250350 96 B1
! 205983 173016 200 B1
> 5894 5075 -361 268 -117 1
> 5169 4513 -400 173 58 1
> 6717 5046 -160 149 174 1
> 5788 2702 -161 231 106 1
! -91097 -15745 200
! -21775 98828 200
> 5574 5296 -180 256 -103 2
> 4860 4768 -354 147 40 2
> 6361 5153 -302 91 -168 1
> 5572 3125 -183 359 106 1
! 28421 -255850 200 B1
! 240473 119684 176 B1
> 5574 5296 -180 256 -103 2
> 4860 4768 -354 147 40 2
> 6361 5153 -302 91 -168 1
> 5572 3125 -183 359 106 1
! -80241 -44846 200
! 9061 103064 0
> 5267 5520 -201 236 -85 2
> 4517 4878 -350 47 26 2
> 6177 5091 -156 -52 -150 1
> 5389 3484 -155 305 88 1
! 64237 -249905 200 B1
! 260933 59381 64 B1
> 5267 5520 -201 236 -85 2
> 4517 4878 -350 47 26 2
> 6177 5091 -156 -52 -150 1
> 5389 3484 -155 305 88 1
! -91637 -15700 200
! 39591 97453 0
> 5111 5561 -132 34 -77 2
> 4230 4938 -244 51 12 2
> 5825 4997 -298 -79 -168 1
> 5234 3789 -131 259 70 1
! 140125 -219140 200 B1
! 258587 68356 200 B1
> 5111 5561 -132 34 -77 2
> 4230 4938 -244 51 12 2
> 5825 4997 -298 -79 -168 1
> 5234 3789 -131 259 70 1
! -80777 -45002 SHIELD
! 39436 97758 0
> 4906 5583 -297 130 -59 2
> 4180 5037 -42 84 14 2
> 5545 4902 -226 -91 -150 1
> 5103 4048 -111 220 70 1
! 190270 -179781 160 B1
! 266324 5037 BOOST !BOOST!
> 4906 5583 -297 130 -59 2
> 4180 5037 -42 84 14 2
> 5545 4902 -226 -91 -150 1
> 5103 4048 -111 220 70 1
! -61368 -69412 0
! 66669 82849 200
> 5115 5953 244 374 -45 2
> 4395 4767 116 -288 0 2
> 5487 5134 13 319 -132 2
> 4947 4103 -195 -75 52 1
! 238687 -113058 160 B1
! 266379 -4382 200 B0
> 5115 5953 244 374 -45 2
> 4395 4767 116 -288 0 2
> 5487 5134 13 319 -132 2
> 4947 4103 -195 -75 52 1
! -81115 -44865 0
! 66513 82904 200
> 5502 6254 328 256 -27 2
> 4411 4839 -20 103 -2 2
> 5500 5453 11 271 -150 2
> 5175 3818 228 -283 52 1
! 260927 -52716 200 B1
! 256400 -67418 160 B0
> 5502 6254 328 256 -27 2
> 4411 4839 -20 103 -2 2
> 5500 5453 11 271 -150 2
> 5175 3818 228 -283 52 1
! -61413 -68861 0
! 66741 82619 200
> 6027 6609 446 303 -13 2
> 4545 4898 113 50 -16 2
> 5509 5580 7 105 -132 2
> 5526 3693 298 -106 52 1
! 239599 -112402 200 B1
! 266529 14047 200 B0
> 6027 6609 446 303 -13 2
> 4545 4898 113 50 -16 2
> 5509 5580 7 105 -132 2
> 5526 3693 298 -106 52 1
! -35164 -85774 200
! 88429 59612 200
> 6651 6821 530 180 -27 2
> 4854 4952 34 -169 2 2
> 5438 5506 168 152 -114 2
> 5990 3699 394 4 34 1
! 235927 -120269 176 B1
! 263015 50473 160 B0
> 6651 6821 530 180 -27 2
> 4854 4952 34 -169 2 2
> 5438 5506 168 152 -114 2
> 5990 3699 394 4 34 1
! -5014 -93946 0
! 67556 82500 200
> 7335 6916 581 80 -29 2
> 5046 4811 162 -120 10 2
> 5606 5658 142 129 -96 2
> 6507 3861 439 137 52 1
! 186117 -184804 160 B1
! 264639 -31672 160 B0
> 7335 6916 581 80 -29 2
> 5046 4811 162 -120 10 2
> 5606 5658 142 129 -96 2
> 6507 3861 439 137 52 1
! 26397 -92156 200
! 89410 59780 0
> 8025 6879 586 -31 -47 2
> 5366 4669 272 -120 -8 2
> 5790 5591 156 -56 -78 2
> 6946 3998 373 116 34 1
! 211749 -158094 64 B1
! 267510 4669 64 B0
> 8025 6879 586 -31 -47 2
> 5366 4669 272 -120 -8 2
> 5790 5591 156 -56 -78 2
> 6946 3998 373 116 34 1
! 55789 -81011 200
! 103072 31561 200
> 8661 6808 540 -60 -39 2
> 5702 4549 285 -102 0 2
> 6046 5362 217 -194 -60 2
> 7511 4169 480 145 16 1
! 151435 -213044 160 B1
! 267686 13698 200 B0
> 8661 6808 540 -60 -39 2
> 5702 4549 285 -102 0 2
> 6046 5362 217 -194 -60 2
> 7511 4169 480 145 16 1
! 80360 -61551 0
! 107450 679 0
> 9288 6614 533 -165 -57 2
> 6156 4346 363 -247 2 2
> 6294 5276 232 2 -42 2
> 7991 4314 408 123 -2 1
! 181270 -191229 176 B1
! 252491 94005 200 B0
> 9288 6614 533 -165 -57 2
> 6156 4346 363 -247 2 2
> 6294 5276 232 2 -42 2
> 7991 4314 408 123 -2 1
! 97648 -35397 200
! 101960 -29888 200
> 9936 6316 551 -253 -49 2
> 6707 4167 468 -151 20 2
> 6709 5197 352 -67 -24 2
> 8587 4369 506 46 -20 1
! 112364 -234989 64 B1
! 256021 85174 96 B0
> 9936 6316 551 -253 -49 2
> 6707 4167 468 -151 20 2
> 6709 5197 352 -67 -24 2
> 8587 4369 506 46 -20 1
! 106161 -5255 200
! 108526 878 0
> 10512 6004 489 -265 -67 2
> 7266 4046 475 -103 18 2
> 7260 5109 468 -74 -6 2
> 9093 4415 430 39 -2 1
! 51520 -252913 64 B1
! 219345 158130 200 B0
> 10512 6004 489 -265 -67 2
> 7266 4046 475 -103 18 2
> 7260 5109 468 -74 -6 2
> 9093 4415 430 39 -2 1
! 105074 25900 200
! 109032 924 200
> 11011 5676 424 -278 -81 0
> 7903 4061 541 12 36 2
> 7924 5077 564 -27 12 2
> 9723 4447 535 27 -2 1
! -29997 -253241 96 B1
! 196474 186162 176 B0
> 11011 5676 424 -278 -81 0
> 7903 4061 541 12 36 2
> 7924 5077 564 -27 12 2
> 9723 4447 535 27 -2 1
! 94526 55076 200
! 109662 956 200
> 11420 5303 347 -316 -99 0
> 8571 4195 567 114 44 2
> 8661 5150 626 62 30 2
> 10458 4467 624 17 -2 1
! 52428 -253614 32 B1
! 131640 235654 200 B0
> 11420 5303 347 -316 -99 0
> 8571 4195 567 114 44 2
> 8661 5150 626 62 30 2
> 10458 4467 624 17 -2 1
! 95263 55149 200
! 104427 -29735 0
> 11772 4955 299 -295 -81 0
> 9232 4486 561 247 62 2
> 9460 5312 679 137 30 2
> 11082 4484 530 14 -20 1
! -29236 -253962 0 B1
! 197803 186587 160 B0
> 11772 4955 299 -295 -81 0
> 9232 4486 561 247 62 2
> 9460 5312 679 137 30 2
> 11082 4484 530 14 -20 1
! 107274 26103 200
! 105051 -29718 0
> 12344 4841 511 -80 -99 0
> 9879 4782 517 182 44 2
> 10364 5552 801 273 12 2
> 11339 4317 193 -158 -20 1
! -64300 -245849 200 B1
! 245492 119698 176 B0
> 12344 4841 511 -80 -99 0
> 9879 4782 517 182 44 2
> 10364 5552 801 273 12 2
> 11339 4317 193 -158 -20 1
! 109816 -4900 0
! 90140 -57249 0
> 12797 4570 384 -230 -107 0
> 10554 5041 573 220 26 2
> 11165 5825 680 232 -6 0
> 11532 4159 164 -134 -38 1
! -137563 -210166 144 B1
! 270147 41524 96 B0
> 12797 4570 384 -230 -107 0
> 10554 5041 573 220 26 2
> 11165 5825 680 232 -6 0
> 11532 4159 164 -134 -38 1
! 102519 -34848 0
! 67451 -78744 0
> 13098 4222 256 -295 -125 0
> 11222 5274 567 198 8 2
> 11845 6057 578 197 -24 0
> 11696 4025 139 -113 -56 1
! -184745 -167760 200 B1
! 263211 77531 32 B0
> 13098 4222 256 -295 -125 0
> 11222 5274 567 198 8 2
> 11845 6057 578 197 -24 0
> 11696 4025 139 -113 -56 1
! 86159 -60856 0
! 39259 -92101 0
> 13203 3796 89 -362 -139 0
> 11820 5481 508 175 16 2
> 12423 6254 491 167 -42 0
> 11835 3912 118 -96 -74 1
! -228102 -98632 200 B1
! 271413 41964 160 B0
> 13203 3796 89 -362 -139 0
> 11820 5481 508 175 16 2
> 12423 6254 491 167 -42 0
> 11835 3912 118 -96 -74 1
! 62422 -80348 200
! 8344 -96027 0
> 13108 3356 -80 -374 -157 0
> 12469 5659 440 28 8 2
> 13031 6267 628 133 -60 0
> 11953 3816 100 -81 -92 1
! -248038 -19491 176 B1
! 274613 5659 200 B0
> 13108 3356 -80 -374 -157 0
> 12469 5659 440 28 8 2
> 13031 6267 628 133 -60 0
> 11953 3816 100 -81 -92 1
! 33822 -91547 200
! -22249 -90153 200
> 12853 2967 -217 -330 -175 0
> 13072 5652 457 -58 0 2
> 13737 6239 655 28 -78 0
> 11985 3547 26 -228 -110 1
! -248932 -10753 200 B1
! 262386 -75355 144 B0
> 12853 2967 -217 -330 -175 0
> 13072 5652 457 -58 0 2
> 13737 6239 655 28 -78 0
> 11985 3547 26 -228 -110 1
! 3284 -93213 200
! 8494 -96392 200
> 12549 2528 -107 -505 -177 0
> 13666 5550 504 -87 -18 2
> 14371 6068 538 -145 -96 0
> 11891 3218 -230 -147 -92 1
! -240663 70376 200 B1
! 275810 5550 176 B0
> 12549 2528 -107 -505 -177 0
> 13666 5550 504 -87 -18 2
> 14371 6068 538 -145 -96 0
> 11891 3218 -230 -147 -92 1
! 3918 -93384 SHIELD
! -22311 -90751 0
> 12249 2075 -255 -385 -195 0
> 14241 5382 397 -213 0 2
> 14920 5931 475 -109 -96 0
> 11661 3071 -195 -124 -110 1
! -229056 104503 200 B1
! 273834 41865 96 B0
> 12249 2075 -255 -385 -195 0
> 14241 5382 397 -213 0 2
> 14920 5931 475 -109 -96 0
> 11661 3071 -195 -124 -110 1
! -25753 -85423 0
! -22541 -90898 200
> 11810 1768 -373 -260 157 0
> 14733 5182 418 -169 8 2
> 15395 5822 403 -92 -114 0
> 11398 2759 -223 -265 -110 1
! -212891 136782 176 B1
! 250346 120098 0 B0
> 11810 1768 -373 -260 157 0
> 14733 5182 418 -169 8 2
> 15395 5822 403 -92 -114 0
> 11398 2759 -223 -265 -110 1
! -51518 -68492 SHIELD
! -22804 -91210 200
> 11306 1531 -363 -419 149 0
> 15151 5013 355 -143 26 2
> 15798 5730 342 -78 -132 0
> 11086 2374 -329 -109 -110 1
! -174058 186895 160 B1
! 203722 187114 32 B0
> 11306 1531 -363 -419 149 0
> 15151 5013 355 -143 26 2
> 15798 5730 342 -78 -132 0
> 11086 2374 -329 -109 -110 1
! -24875 -85624 0
! -23116 -91595 200
> 10830 1225 -404 -259 135 0
> 15529 4892 321 -102 44 2
> 16140 5652 290 -66 -114 0
> 10689 2077 -337 -252 -110 1
! -124184 225926 144 B1
! 138598 236351 176 B0
> 10830 1225 -404 -259 135 0
> 15529 4892 321 -102 44 2
> 16140 5652 290 -66 -114 0
> 10689 2077 -337 -252 -110 1
! -50773 -68662 0
! -23513 -91892 0
> 10361 993 -391 -271 121 0
> 15933 4945 343 45 62 2
> 16430 5586 246 -56 -132 0
> 10343 1921 -300 -58 -110 1
! -66283 251683 160 B1
! 79351 259302 144 B0
> 10361 993 -391 -271 121 0
> 15933 4945 343 45 62 2
> 16430 5586 246 -56 -132 0
> 10343 1921 -300 -58 -110 1
! -70172 -44413 0
! -51223 -76880 0
> 9923 875 -372 -100 107 0
> 16151 4925 179 -24 76 2
> 16836 5735 350 134 -150 0
> 10043 1863 -255 -49 -128 1
! 14498 262979 176 B1
! 43553 265633 96 B0
> 9923 875 -372 -100 107 0
> 16151 4925 179 -24 76 2
> 16836 5735 350 134 -150 0
> 10043 1863 -255 -49 -128 1
! -69766 -44264 200
! -24159 -92106 200
> 9534 847 -361 -185 89 0
> 16340 4996 160 60 84 2
> 17013 5769 150 28 -150 0
> 9739 1730 -227 48 -110 1
! 94880 248709 200 B1
! -38163 261412 32 B0
> 9534 847 -361 -185 89 0
> 16340 4996 160 60 84 2
> 17013 5769 150 28 -150 0
> 9739 1730 -227 48 -110 1
! -49900 -68545 200
! -24463 -92239 200
> 9227 808 -292 -152 71 0
> 16477 5070 -14 -75 102 2
> 17046 5666 158 50 -132 0
> 9455 1634 -209 36 -110 1
! 59246 258136 96 B1
! 43879 265778 176 B0
> 9227 808 -292 -152 71 0
> 16477 5070 -14 -75 102 2
> 17046 5666 158 50 -132 0
> 9455 1634 -209 36 -110 1
! -69556 -44333 200
! 5964 -98305 200
> 8936 702 -278 -177 79 0
> 16379 5068 -104 -23 84 2
> 17133 5718 95 65 -150 0
> 9256 1519 -138 -10 -92 1
! 119723 238285 160 B1
! 123003 244548 0 B0
> 8936 702 -278 -177 79 0
> 16379 5068 -104 -23 84 2
> 17133 5718 95 65 -150 0
> 9256 1519 -138 -10 -92 1
! -49780 -68596 200
! -24946 -92450 0
> 8726 670 -178 -27 65 0
> 16275 5045 -88 -19 66 2
> 17094 5634 -33 -71 -132 0
> 9118 1509 -117 -8 -110 1
! 173699 204394 200 B1
! 191684 199856 96 B0
> 8726 670 -178 -27 65 0
> 16275 5045 -88 -19 66 2
> 17094 5634 -33 -71 -132 0
> 9118 1509 -117 -8 -110 1
! -23579 -85720 200
! -25084 -92460 200
> 8577 596 -172 -159 51 0
> 16232 5089 -193 -28 48 2
> 16999 5388 76 -142 -114 0
> 9029 1515 -29 102 -110 1
! 102521 245329 BOOST !BOOST!
! 243255 136161 144 B0
> 8577 596 -172 -159 51 0
> 16232 5089 -193 -28 48 2
> 16999 5388 76 -142 -114 0
> 9029 1515 -29 102 -110 1
! -49914 -68926 200
! -25173 -92454 200
> 8483 763 -171 -23 69 0
> 16046 5100 -189 0 30 2
> 17059 5131 82 -209 -132 0
> 9087 1710 140 331 -110 1
! 173456 204487 200 B0
! 272462 59603 0 B0
> 8483 763 -171 -23 69 0
> 16046 5100 -189 0 30 2
> 17059 5131 82 -209 -132 0
> 9087 1710 140 331 -110 1
! -69543 -44868 200
! -25115 -92259 200
> 8438 895 -38 112 51 0
> 15857 5100 -160 0 12 2
> 16968 4822 -77 -262 -150 0
> 9159 1853 60 121 -110 1
! 143452 225596 200 B0
! 276565 -22302 0 B0
> 8438 895 -38 112 51 0
> 15857 5100 -160 0 12 2
> 16968 4822 -77 -262 -150 0
> 9159 1853 60 121 -110 1
! -69634 -45177 200
! -52407 -76948 200
> 8503 1178 55 240 59 0
> 15697 5100 -136 0 -6 2
> 16718 4460 -212 -307 -150 0
> 9096 1816 -53 -31 -128 1
! 193867 186542 144 B0
! 255177 -101524 0 B0
> 8503 1178 55 240 59 0
> 15697 5100 -136 0 -6 2
> 16718 4460 -212 -307 -150 0
> 9096 1816 -53 -31 -128 1
! -69884 -45539 200
! -52470 -76985 SHIELD
> 8226 1072 -311 -168 45 0
> 15561 5100 -115 0 -24 2
> 16333 4053 -327 -345 -150 0
> 9086 1830 0 19 -128 1
! 199946 179854 200 B0
! 210372 -170309 0 B0
> 8226 1072 -311 -168 45 0
> 15561 5100 -115 0 -24 2
> 16333 4053 -327 -345 -150 0
> 9086 1830 0 19 -128 1
! -81481 -16738 200
! -25116 -92139 0
> 8061 1040 -140 -26 43 0
> 15446 5100 -97 0 -42 2
> 15810 3666 -444 -328 -168 0
> 9086 1849 0 16 -110 1
! 222797 151400 176 B0
! 146518 -221923 0 B0
> 8061 1040 -140 -26 43 0
> 15446 5100 -97 0 -42 2
> 15810 3666 -444 -328 -168 0
> 9086 1849 0 16 -110 1
! -83642 14118 200
! -52480 -76952 200
> 8065 1115 3 63 35 0
> 15349 5100 -82 0 -60 2
> 15167 3359 -546 -261 174 0
> 9086 1865 0 13 -128 1
! 227917 143889 160 B0
! 69852 -251316 144 B0
> 8065 1115 3 63 35 0
> 15349 5100 -82 0 -60 2
> 15167 3359 -546 -261 174 0
> 9086 1865 0 13 -128 1
! -82647 -17432 200
! -52480 -76936 0
> 8202 1265 116 127 33 0
> 15297 4959 -44 -119 -78 2
> 14425 3056 -630 -257 -168 0
> 9086 1878 0 11 -128 1
! 232903 136279 200 B0
! -12105 -255749 200 B0
> 8202 1265 116 127 33 0
> 15297 4959 -44 -119 -78 2
> 14425 3056 -630 -257 -168 0
> 9086 1878 0 11 -128 1
! -85027 13508 200
! -73817 -54041 200
> 8254 1334 -149 -72 31 0
> 15232 4641 -55 -270 -96 2
> 13596 2820 -704 -200 174 0
> 9156 1938 253 182 -146 1
! 193618 186698 64 B0
! -91392 -234839 200 B0
> 8254 1334 -149 -72 31 0
> 15232 4641 -55 -270 -96 2
> 13596 2820 -704 -200 174 0
> 9156 1938 253 182 -146 1
! -84218 -17971 200
! -52410 -76863 200
> 8150 1307 -88 -22 45 0
> 15096 4188 -115 -384 -114 2
> 12696 2578 -764 -205 -168 0
> 9286 1962 110 20 -128 1
! 199870 180089 200 B0
! -160313 -190623 200 B0
> 8150 1307 -88 -22 45 0
> 15096 4188 -115 -384 -114 2
> 12696 2578 -764 -205 -168 0
> 9286 1962 110 20 -128 1
! -86756 13030 0
! -73617 -53957 200
> 8208 1421 49 97 43 0
> 14847 3655 -211 -452 -132 2
> 11932 2373 -649 -174 174 0
> 9230 1870 -47 -78 -146 1
! 193572 186785 144 B0
! -212176 -127417 200 B0
> 8208 1421 49 97 43 0
> 14847 3655 -211 -452 -132 2
> 11932 2373 -649 -174 174 0
> 9230 1870 -47 -78 -146 1
! -79422 43046 0
! -86896 -25693 200
> 8204 1573 -253 53 45 0
> 14463 3103 -326 -469 -150 2
> 11283 2199 -551 -147 156 0
> 9145 1783 178 2 -164 1
! 241776 120584 200 B0
! -241953 -51400 200 B0
> 8204 1573 -253 53 45 0
> 14463 3103 -326 -469 -150 2
> 11283 2199 -551 -147 156 0
> 9145 1783 178 2 -164 1
! -88169 12651 200
! -90794 5273 200
> 8129 1717 -63 122 27 0
> 13941 2592 -443 -433 -168 2
> 10533 2073 -637 -107 174 0
> 9123 1792 -18 7 -182 1
! 263554 60687 176 B0
! -246767 29993 144 B0
> 8129 1717 -63 122 27 0
> 13941 2592 -443 -433 -168 2
> 10533 2073 -637 -107 174 0
> 9123 1792 -18 7 -182 1
! -87281 -18718 200
! -84846 35994 200
> 8103 1876 -716 140 13 0
> 13355 2174 -498 -355 174 2
> 9835 1939 105 -37 -168 0
> 8916 1856 -179 -27 -200 1
! 269249 -20971 200 B0
! -226125 108798 200 B0
> 8103 1876 -716 140 13 0
> 13355 2174 -498 -355 174 2
> 9835 1939 105 -37 -168 0
> 8916 1856 -179 -27 -200 1
! -89617 12391 200
! -85053 36058 200
> 7586 1999 -439 104 -5 0
> 12674 1900 -578 -232 156 2
> 9741 1923 -79 -13 174 0
> 8549 1897 -311 35 160 1
! 267776 -29948 144 B0
! -182137 177309 200 B0
> 7586 1999 -439 104 -5 0
> 12674 1900 -578 -232 156 2
> 9741 1923 -79 -13 174 0
> 8549 1897 -311 35 160 1
! -81613 42596 200
! -85420 36099 0
> 7290 2085 -251 73 -7 0
> 11947 1802 -617 -83 138 2
> 9479 1991 -222 58 156 1
> 8238 1932 -264 29 160 1
! 266207 -38923 200 B0
! -176624 183903 200 B0
> 7290 2085 -251 73 -7 0
> 11947 1802 -617 -83 138 2
> 9479 1991 -222 58 156 1
> 8238 1932 -264 29 160 1
! -64835 68904 200
! -70563 63498 0
> 7189 2137 -229 73 -9 0
> 11186 1858 -646 47 136 2
> 9108 2183 -315 163 138 1
> 8021 1951 -39 -13 142 1
! 257879 -74507 160 B0
! -170915 190429 200 B0
> 7189 2137 -229 73 -9 0
> 11186 1858 -646 47 136 2
> 9108 2183 -315 163 138 1
> 8021 1951 -39 -13 142 1
! -65206 69096 200
! -85948 36153 200
> 6987 2192 -227 59 -17 0
> 10401 2049 -667 162 134 2
> 8644 2480 -394 252 138 1
> 7920 1978 -29 10 160 1
! 254849 -83154 176 B0
! -221058 125118 144 B0
> 6987 2192 -227 59 -17 0
> 10401 2049 -667 162 134 2
> 8644 2480 -394 252 138 1
> 7920 1978 -29 10 160 1
! -65670 69393 200
! -70881 63544 200
> 6926 2194 -51 1 -19 0
> 9607 2279 -675 195 152 2
> 8101 2866 -461 327 138 1
> 7733 2111 -158 113 142 1
! 268072 -20653 200 B0
! -217416 133351 160 B0
> 6926 2194 -51 1 -19 0
> 9607 2279 -675 195 152 2
> 8101 2866 -461 327 138 1
> 7733 2111 -158 113 142 1
! -66213 69779 200
! -86236 36313 0
> 6770 2208 -142 12 -5 0
> 8793 2554 -691 233 150 2
> 7491 3327 -518 391 138 1
> 7880 2194 134 69 160 1
! 266960 -29739 176 B0
! -179778 184655 200 B0
> 6770 2208 -142 12 -5 0
> 8793 2554 -691 233 150 2
> 7491 3327 -518 391 138 1
> 7880 2194 134 69 160 1
! -66823 70240 200
! -86089 36396 200
> 6719 2203 -417 16 -7 0
> 8268 3125 -329 559 136 2
> 6824 3852 -566 446 138 1
> 7600 2128 20 -151 160 1
! 268823 6778 200 B0
! -186543 178534 200 B0
> 6719 2203 -417 16 -7 0
> 8268 3125 -329 559 136 2
> 6824 3852 -566 446 138 1
> 7600 2128 20 -151 160 1
! -67490 70765 200
! -86369 36330 0
> 6502 2222 -184 16 1 0
> 7790 3818 -405 588 138 2
> 6109 4432 -607 492 138 1
> 7620 1977 17 -128 160 1
! 268287 15942 160 B0
! -193024 172321 200 B0
> 6502 2222 -184 16 1 0
> 7790 3818 -405 588 138 2
> 6109 4432 -607 492 138 1
> 7620 1977 17 -128 160 1
! -43890 91034 0
! -71181 63543 0
> 6478 2246 -20 20 3 0
> 7232 4535 -474 609 140 2
> 5502 4924 -515 418 120 2
> 7637 1849 14 -108 142 1
! 267624 25093 176 B0
! -235824 102736 200 B0
> 6478 2246 -20 20 3 0
> 7232 4535 -474 609 140 2
> 5502 4924 -515 418 120 2
> 7637 1849 14 -108 142 1
! -15289 102738 0
! -48282 84752 0
> 6633 2281 132 30 5 0
> 6573 5219 -560 581 158 2
> 4987 5342 -437 355 102 2
> 7651 1741 11 -91 124 1
! 262058 -56689 200 B0
! -253020 41702 0 B0
> 6633 2281 132 30 5 0
> 6573 5219 -560 581 158 2
> 4987 5342 -437 355 102 2
> 7651 1741 11 -91 124 1
! 15439 104794 0
! -48268 84644 200
> 6913 2300 0 184 -13 0
> 6013 5800 -476 493 172 2
> 4550 5697 -371 301 84 2
> 7597 1782 191 -133 124 1
! 240485 -116711 160 B0
! -229600 120716 200 B0
> 6913 2300 0 184 -13 0
> 6013 5800 -476 493 172 2
> 4550 5697 -371 301 84 2
> 7597 1782 191 -133 124 1
! 45223 97051 0
! -48322 84685 200
> 7056 2411 121 94 -27 0
> 5357 6381 -557 493 154 2
> 4179 5998 -315 255 66 2
> 7676 1815 67 27 124 1
! 204899 -169571 200 B0
! -254236 42864 0 B0
> 7056 2411 121 94 -27 0
> 5357 6381 -557 493 154 2
> 4179 5998 -315 255 66 2
> 7676 1815 67 27 124 1
! 71092 80312 0
! -48243 84718 200
> 7094 2603 -3 198 -41 0
> 4800 6874 -473 419 172 2
> 3864 6253 -267 216 48 2
> 7865 1779 196 -66 124 1
! 226946 -140171 160 B0
! -253361 -38647 0 B0
> 7094 2603 -3 198 -41 0
> 4800 6874 -473 419 172 2
> 3864 6253 -267 216 48 2
> 7865 1779 196 -66 124 1
! 90466 56252 200
! -48054 84682 200
> 7225 2714 111 94 -33 0
> 4327 7293 -402 356 -170 2
> 3770 6569 -79 268 30 2
> 7949 1879 71 84 124 1
! 186007 -189006 176 B0
! -227132 -115776 0 B0
> 7225 2714 111 94 -33 0
> 4327 7293 -402 356 -170 2
> 3770 6569 -79 268 30 2
> 7949 1879 71 84 124 1
! 101584 27360 200
! -47970 84782 200
> 7400 2747 -17 226 -47 0
> 3956 7732 -284 453 -152 2
> 3855 6795 42 112 12 2
> 7964 2062 179 -43 124 1
! 211124 -162226 200 B0
! -178145 -180839 0 B0
> 7400 2747 -17 226 -47 0
> 3956 7732 -284 453 -152 2
> 3855 6795 42 112 12 2
> 7964 2062 179 -43 124 1
! 103307 -3657 200
! -47955 84965 200
> 7538 2847 117 85 -39 0
> 3672 8185 -241 385 -134 2
> 4096 6886 204 77 -6 2
> 8031 2185 57 104 124 1
! 186320 -188873 144 B0
! -111244 -227428 0 B0
> 7538 2847 117 85 -39 0
> 3672 8185 -241 385 -134 2
> 4096 6886 204 77 -6 2
> 8031 2185 57 104 124 1
! 95450 -33787 200
! -47888 85088 200
> 7534 3123 -16 251 -47 0
> 3431 8570 -204 327 -116 2
> 4483 6882 328 -3 -24 2
> 8195 2159 152 -39 124 1
! 192898 -182241 160 B0
! -33052 -251023 200 B0
> 7534 3123 -16 251 -47 0
> 3431 8570 -204 327 -116 2
> 4483 6882 328 -3 -24 2
> 8195 2159 152 -39 124 1
! 103935 -3570 200
! -47724 85062 200
> 7631 3261 82 117 -45 0
> 3199 8699 -197 109 -98 2
> 5010 6858 447 -20 -6 2
> 8235 2286 34 107 124 1
! 165393 -206096 200 B0
! 48720 -249462 200 B0
> 7631 3261 82 117 -45 0
> 3199 8699 -197 109 -98 2
> 5010 6858 447 -20 -6 2
> 8235 2286 34 107 124 1
! 104462 -3594 200
! -19328 98412 0
> 7833 3218 172 -36 -53 0
> 3037 8611 -137 -74 -80 2
> 5656 6817 549 -34 -6 2
> 8269 2393 28 90 106 1
! 93179 -244644 160 B0
! 126106 -222848 200 B0
> 7833 3218 172 -36 -53 0
> 3037 8611 -137 -74 -80 2
> 5656 6817 549 -34 -6 2
> 8269 2393 28 90 106 1
! 105108 -3635 200
! -47650 85296 200
> 7877 3389 -13 246 -71 0
> 2994 8360 -36 -213 -62 2
> 6404 6762 635 -46 -6 2
> 8365 2290 132 -188 124 1
! 150651 -216463 200 B0
! 191565 -173740 200 B0
> 7877 3389 -13 246 -71 0
> 2994 8360 -36 -213 -62 2
> 6404 6762 635 -46 -6 2
> 8365 2290 132 -188 124 1
! 105856 -3690 200
! -19198 98416 200
> 7973 3467 81 66 -57 0
> 3102 8008 91 -299 -44 2
> 7238 6695 708 -56 -6 2
> 8442 2294 65 3 106 1
! 179955 -194376 176 B0
! 238716 -106908 200 B0
> 7973 3467 81 66 -57 0
> 3102 8008 91 -299 -44 2
> 7238 6695 708 -56 -6 2
> 8442 2294 65 3 106 1
! 98592 -33978 200
! -19121 98420 200
> 8169 3400 166 -56 -49 0
> 3373 7621 230 -328 -26 2
> 8129 6558 757 -116 -24 2
> 8452 2489 8 165 106 1
! 127180 -230172 0 B0
! 262966 -28862 200 B0
> 8169 3400 166 -56 -49 0
> 3373 7621 230 -328 -26 2
> 8129 6558 757 -116 -24 2
> 8452 2489 8 165 106 1
! 107581 -3894 200
! -19111 98615 200
> 8255 3635 39 325 -63 0
> 3801 7265 363 -302 -8 2
> 9085 6421 812 -116 -6 2
> 8484 2555 61 -69 106 1
! 93601 -244227 200 B0
! 255790 -64992 200 B0
> 8255 3635 39 325 -63 0
> 3801 7265 363 -302 -8 2
> 9085 6421 812 -116 -6 2
> 8484 2555 61 -69 106 1
! 100439 -34252 200
! 11973 102494 200
> 8359 3771 88 115 -71 0
> 4356 6908 471 -303 -16 2
> 10080 6224 845 -167 -24 2
> 8552 2686 57 111 88 1
! 31206 -257375 176 B0
! 253670 -74099 200 B0
> 8359 3771 88 115 -71 0
> 4356 6908 471 -303 -16 2
> 10080 6224 845 -167 -24 2
> 8552 2686 57 111 88 1
! 84394 -60689 0
! 12041 102625 200
> 8448 3779 24 258 -85 0
> 5017 6543 562 -310 -18 2
> 10925 6057 718 -141 -42 0
> 8630 2928 117 -45 88 1
! 22167 -258006 176 B0
! 240631 -108373 200 B0
> 8448 3779 24 258 -85 0
> 5017 6543 562 -310 -18 2
> 10925 6057 718 -141 -42 0
> 8630 2928 117 -45 88 1
! 60924 -80545 0
! -18933 99054 200
> 8481 3861 28 69 -87 0
> 5759 6145 630 -338 -26 2
> 11643 5916 610 -119 -60 0
> 8692 3075 52 125 106 1
! 85124 -246829 176 B0
! 237218 -116924 200 B0
> 8481 3861 28 69 -87 0
> 5759 6145 630 -338 -26 2
> 11643 5916 610 -119 -60 0
> 8692 3075 52 125 106 1
! 32434 -91898 0
! -18871 99201 200
> 8454 4157 -26 263 -73 0
> 6566 5713 685 -367 -28 2
> 12253 5797 518 -101 -78 0
> 8796 2997 91 -78 106 1
! 22173 -257628 200 B0
! 201377 -169696 200 B0
> 8454 4157 -26 263 -73 0
> 6566 5713 685 -367 -28 2
> 12253 5797 518 -101 -78 0
> 8796 2997 91 -78 106 1
! 1800 -93655 200
! -18767 99123 0
> 8438 4220 -13 53 -87 0
> 7400 5212 708 -425 -42 2
> 12750 5497 422 -254 -96 0
> 8887 2919 77 -66 106 1
! 31285 -256926 160 B0
! 224727 -141377 200 B0
> 8438 4220 -13 53 -87 0
> 7400 5212 708 -425 -42 2
> 12750 5497 422 -254 -96 0
> 8887 2919 77 -66 106 1
! -27923 -85857 200
! -47032 85822 200
> 8560 3913 361 -686 -85 0
> 8153 4875 381 140 -34 2
> 13091 5060 289 -371 -114 0
> 8852 3019 -29 84 124 1
! -32448 -255004 200 B0
! 169545 -201697 200 B0
> 8560 3913 361 -686 -85 0
> 8153 4875 381 140 -34 2
> 13091 5060 289 -371 -114 0
> 8852 3019 -29 84 124 1
! -53822 -69254 200
! -47067 85922 SHIELD
> 8501 4015 -42 -102 -99 0
> 8554 5414 267 854 -52 2
> 13246 4540 131 -441 -132 0
> 8872 2949 23 -80 124 1
! 31348 -257131 200 B0
! 98213 -240921 200 B0
> 8501 4015 -42 -102 -99 0
> 8554 5414 267 854 -52 2
> 13246 4540 131 -441 -132 0
> 8872 2949 23 -80 124 1
! -73356 -45459 200
! -69929 64515 0
> 8476 3714 -20 -256 -85 0
> 8889 6080 285 566 -70 2
> 13204 3999 -35 -459 -150 0
> 8895 2869 19 -68 142 1
! 40423 -256476 32 B0
! 18038 -255904 200 B0
> 8476 3714 -20 -256 -85 0
> 8889 6080 285 566 -70 2
> 13204 3999 -35 -459 -150 0
> 8895 2869 19 -68 142 1
! -84610 -16792 200
! -69906 64435 0
> 8441 3455 -109 -102 -83 0
> 9181 6446 248 311 -88 2
> 12973 3498 -196 -425 -168 0
> 8933 2773 111 -199 142 1
! 102385 -241277 64 B0
! -18221 -254262 200 B0
> 8441 3455 -109 -102 -83 0
> 9181 6446 248 311 -88 2
> 12973 3498 -196 -425 -168 0
> 8933 2773 111 -199 142 1
! -86479 13950 200
! -46986 85676 0
> 8355 3293 -73 -137 -69 0
> 9408 6558 193 95 -96 2
> 12578 3094 -335 -343 174 0
> 9044 2574 94 -169 124 1
! 173328 -200431 176 B0
! 18557 -255426 200 B0
> 8355 3293 -73 -137 -69 0
> 9408 6558 193 95 -96 2
> 12578 3094 -335 -343 174 0
> 9044 2574 94 -169 124 1
! -86874 13546 200
! -69757 64140 200
> 8366 3042 -117 -102 -51 0
> 9608 6453 169 -89 -88 2
> 12044 2772 -453 -273 174 0
> 9007 2505 95 -169 142 1
! 217724 -154720 176 B0
! -44895 -249963 200 B0
> 8366 3042 -117 -102 -51 0
> 9608 6453 169 -89 -88 2
> 12044 2772 -453 -273 174 0
> 9007 2505 95 -169 142 1
! -87408 13224 200
! -69794 64071 200
> 8264 2935 -115 -67 -37 0
> 9735 6168 108 -241 -102 2
> 11392 2520 -554 -214 174 0
> 9069 2358 82 -148 142 1
! 211988 -162038 96 B0
! -79924 -240167 144 B0
> 8264 2935 -115 -67 -37 0
> 9735 6168 108 -241 -102 2
> 11392 2520 -554 -214 174 0
> 9069 2358 82 -148 142 1
! -88060 12972 0
! -46850 85261 200
> 8224 2808 -34 -108 -39 0
> 9794 5792 49 -319 -110 2
> 10838 2306 -470 -181 174 0
> 9039 2376 -25 15 124 1
! 252957 -91136 200 B0
! -151598 -200780 200 B0
> 8224 2808 -34 -108 -39 0
> 9794 5792 49 -319 -110 2
> 10838 2306 -470 -181 174 0
> 9039 2376 -25 15 124 1
! -88614 12758 200
! -69762 63942 0
> 8266 2679 -57 -66 -21 0
> 9720 5315 -63 -405 -128 2
> 10169 2146 -568 -136 174 0
> 9125 2340 166 -73 142 1
! 268456 -29268 144 B0
! -121352 -221708 96 B0
> 8266 2679 -57 -66 -21 0
> 9720 5315 -63 -405 -128 2
> 10169 2146 -568 -136 174 0
> 9125 2340 166 -73 142 1
! -81185 42819 SHIELD
! -69676 63906 0
> 7805 2809 -858 291 -7 0
> 9609 4827 -94 -414 -120 2
> 9702 1979 -312 -169 156 0
> 8833 2359 -633 114 142 1
! 245388 -107978 200 B0
! -185202 -170582 0 B0
> 7805 2809 -858 291 -7 0
> 9609 4827 -94 -414 -120 2
> 9702 1979 -312 -169 156 0
> 8833 2359 -633 114 142 1
! -81652 42652 0
! -47086 85262 0
> 7128 3015 -575 175 -25 0
> 9515 4413 -79 -351 -138 2
> 9390 1810 -265 -143 156 1
> 8200 2473 -538 96 124 1
! 240700 -115996 200 B0
! -229965 -102211 200 B0
> 7128 3015 -575 175 -25 0
> 9515 4413 -79 -351 -138 2
> 9390 1810 -265 -143 156 1
> 8200 2473 -538 96 124 1
! -81964 42483 0
! -70601 64039 200
> 6731 3099 -337 71 -27 0
> 9253 3981 -222 -367 -156 2
> 9125 1667 -225 -121 156 1
> 7504 2692 -591 186 142 1
! 221467 -147261 200 B0
! -226360 -110935 160 B0
> 6731 3099 -337 71 -27 0
> 9253 3981 -222 -367 -156 2
> 9125 1667 -225 -121 156 1
> 7504 2692 -591 186 142 1
! -82229 42340 0
! -71297 64258 200
> 6026 3331 -655 226 -35 0
> 8887 3544 -310 -371 -154 2
> 8900 1546 -191 -102 156 1
> 7288 2725 -128 0 142 1
! 239598 -115680 200 B0
! -222572 -119525 0 B0
> 6026 3331 -655 226 -35 0
> 8887 3544 -310 -371 -154 2
> 8900 1546 -191 -102 156 1
> 7288 2725 -128 0 142 1
! -65414 68459 0
! -86681 36927 200
> 5549 3466 -405 114 -27 0
> 8577 3173 -263 -315 -152 2
> 8709 1444 -162 -86 138 1
> 6972 2793 -268 58 160 1
! 253411 -81880 200 B0
! -218446 -127899 64 B0
> 5549 3466 -405 114 -27 0
> 8577 3173 -263 -315 -152 2
> 8709 1444 -162 -86 138 1
> 6972 2793 -268 58 160 1
! -41290 88046 0
! -86997 36995 0
> 5333 3515 -183 41 -19 0
> 8259 2826 -270 -294 -150 2
> 8547 1358 -137 -73 120 1
> 6704 2851 -227 49 160 1
! 256023 -73129 176 B0
! -167150 -191985 0 B0
> 5333 3515 -183 41 -19 0
> 8259 2826 -270 -294 -150 2
> 8547 1358 -137 -73 120 1
> 6704 2851 -227 49 160 1
! -12244 99172 0
! -72097 64417 200
> 5318 3505 -12 -8 -17 0
> 7989 2532 -229 -249 -132 2
> 8410 1285 -116 -62 102 1
> 6319 3023 -326 146 142 1
! 253180 -81841 200 B0
! -98635 -236948 0 B0
> 5318 3505 -12 -8 -17 0
> 7989 2532 -229 -249 -132 2
> 8410 1285 -116 -62 102 1
> 6319 3023 -326 146 142 1
! 18862 100737 200
! -87650 37225 200
> 5107 3629 -415 225 -19 0
> 7760 2283 -194 -211 -114 2
> 8315 1422 -80 116 84 1
> 6193 3040 128 -105 160 1
! 224959 -139145 200 B0
! -19642 -258425 0 B0
> 5107 3629 -415 225 -19 0
> 7760 2283 -194 -211 -114 2
> 8315 1422 -80 116 84 1
> 6193 3040 128 -105 160 1
! -12476 99236 0
! -72608 64606 0
> 4860 3745 -210 98 -33 0
> 7566 2072 -164 -179 -96 2
> 8235 1538 -68 98 102 1
> 6321 2935 108 -89 142 1
! 252722 -81601 200 B0
! 62069 -254344 0 B0
> 4860 3745 -210 98 -33 0
> 7566 2072 -164 -179 -96 2
> 8235 1538 -68 98 102 1
> 6321 2935 108 -89 142 1
! -41764 88140 0
! -72480 64501 0
> 4839 3778 -17 27 -19 0
> 7402 1893 -139 -152 -78 2
> 8167 1636 -57 83 120 1
> 6429 2846 91 -75 142 1
! 214197 -153984 96 B0
! 138474 -225130 0 B0
> 4839 3778 -17 27 -19 0
> 7402 1893 -139 -152 -78 2
> 8167 1636 -57 83 120 1
> 6429 2846 91 -75 142 1
! -41832 88238 0
! -49490 85749 0
> 4899 3747 50 -26 -37 0
> 7263 1741 -118 -129 -60 2
> 8110 1719 -48 70 120 1
> 6520 2771 77 -63 124 1
! 155259 -210989 200 B0
! 168655 -204831 0 B0
> 4899 3747 50 -26 -37 0
> 7263 1741 -118 -129 -60 2
> 8110 1719 -48 70 120 1
> 6520 2771 77 -63 124 1
! -41889 88321 200
! -72281 64337 200
> 5064 3557 140 -161 -55 0
> 7145 1612 -100 -109 -52 2
> 7962 1962 -125 206 120 1
> 6439 2831 -68 51 142 1
! 214422 -154205 176 B0
! 224472 -144977 0 B0
> 5064 3557 140 -161 -55 0
> 7145 1612 -100 -109 -52 2
> 7962 1962 -125 206 120 1
> 6439 2831 -68 51 142 1
! -66352 68875 0
! -87530 37033 200
> 5345 3290 238 -226 -37 0
> 7045 1503 -85 -92 -34 2
> 7837 2168 -106 175 138 1
> 6183 2950 -217 101 160 1
! 253207 -82056 176 B0
! 259034 -70754 0 B0
> 5345 3290 238 -226 -37 0
> 7045 1503 -85 -92 -34 2
> 7837 2168 -106 175 138 1
> 6183 2950 -217 101 160 1
! -66477 69081 200
! -72618 64516 SHIELD
> 4707 3403 -692 153 -19 0
> 6960 1411 -72 -78 -16 2
> 7582 2477 -216 262 138 1
> 6070 3011 -80 46 142 1
! 238279 -115608 200 B0
! 268944 10560 0 B0
> 4707 3403 -692 153 -19 0
> 6960 1411 -72 -78 -16 2
> 7582 2477 -216 262 138 1
> 6070 3011 -80 46 142 1
! -66732 69390 200
! -87899 37213 0
> 4193 3465 -436 52 -27 0
> 6888 1333 -61 -66 2 2
> 7217 2873 -309 336 138 1
> 5990 3057 -68 39 160 1
! 263110 -37543 200 B0
! 253223 90992 0 B0
> 4193 3465 -436 52 -27 0
> 6888 1333 -61 -66 2 2
> 7217 2873 -309 336 138 1
> 5990 3057 -68 39 160 1
! -42782 89475 200
! -87979 37259 0
> 3955 3486 -202 17 -9 0
> 6827 1267 -51 -56 20 2
> 6808 3382 -347 432 120 1
> 5922 3096 -57 33 160 1
! 237527 -115525 200 B0
! 213399 162659 64 B0
> 3955 3486 -202 17 -9 0
> 6827 1267 -51 -56 20 2
> 6808 3382 -347 432 120 1
> 5922 3096 -57 33 160 1
! -43191 89984 200
! -94017 6586 0
> 3931 3412 -20 -62 -27 0
> 6826 1250 0 -14 38 2
> 6361 3987 -379 514 120 1
> 5865 3129 -48 28 178 1
! 262848 -37596 200 B0
! 153415 218577 200 B0
> 3931 3412 -20 -62 -27 0
> 6826 1250 0 -14 38 2
> 6361 3987 -379 514 120 1
> 5865 3129 -48 28 178 1
! -43638 90589 200
! -90261 -24434 200
> 4109 3319 150 -79 -9 0
> 6938 1402 95 129 56 2
> 5882 4674 -407 584 120 1
> 5625 3102 -204 -23 -164 1
! 266213 -1256 200 B0
! 79195 253391 200 B0
> 4109 3319 150 -79 -9 0
> 6938 1402 95 129 56 2
> 5882 4674 -407 584 120 1
> 5625 3102 -204 -23 -164 1
! -14909 102488 0
! -94314 6592 200
> 4436 3241 -330 51 -1 0
> 7088 1723 127 273 74 2
> 5475 5258 -345 496 102 2
> 5244 3082 284 -135 178 1
! 252298 -82105 160 B0
! -2061 263707 200 B0
> 4436 3241 -330 51 -1 0
> 7088 1723 127 273 74 2
> 5475 5258 -345 496 102 2
> 5244 3082 284 -135 178 1
! 15927 104710 0
! -88725 37284 0
> 4257 3240 -151 0 -19 0
> 7208 2196 102 401 92 2
> 5130 5754 -293 421 84 2
> 5528 2947 241 -114 160 1
! 265403 -19607 200 B0
! -65049 254185 200 B0
> 4257 3240 -151 0 -19 0
> 7208 2196 102 401 92 2
> 5130 5754 -293 421 84 2
> 5528 2947 241 -114 160 1
! 45803 97108 0
! -88441 37149 0
> 4305 3223 41 -14 -5 0
> 7255 2789 39 504 106 2
> 4837 6175 -249 357 66 2
> 5769 2833 204 -96 160 1
! 245610 -99205 200 B0
! -73752 252103 200 B0
> 4305 3223 41 -14 -5 0
> 7255 2789 39 504 106 2
> 4837 6175 -249 357 66 2
> 5769 2833 204 -96 160 1
! 71750 80489 0
! -73032 64399 0
> 4530 3131 191 -78 -23 0
> 7232 3483 -19 590 108 2
> 4588 6532 -211 303 48 2
> 5973 2737 173 -81 142 1
! 257742 -64717 200 B0
! -146852 215562 96 B0
> 4530 3131 191 -78 -23 0
> 7232 3483 -19 590 108 2
> 4588 6532 -211 303 48 2
> 5973 2737 173 -81 142 1
! 91190 56531 200
! -87996 36939 200
> 4914 3001 326 -110 -15 0
> 7157 4151 -64 567 126 2
> 4550 6935 -32 342 30 2
> 5958 2724 -12 -10 160 1
! 255604 -73643 160 B0
! -73850 253465 0 B0
> 4914 3001 326 -110 -15 0
> 7157 4151 -64 567 126 2
> 4550 6935 -32 342 30 2
> 5958 2724 -12 -10 160 1
! 102364 27726 200
! -88011 36926 200
> 4975 2948 -179 11 -17 0
> 7093 4718 -54 481 108 2
> 4714 7319 139 326 12 2
> 6176 2679 416 -95 160 1
! 267079 7523 200 B0
! -11193 266223 176 B0
> 4975 2948 -179 11 -17 0
> 7093 4718 -54 481 108 2
> 4714 7319 139 326 12 2
> 6176 2679 416 -95 160 1
! 102528 28110 200
! -93763 6169 0
> 4996 2962 17 12 1 0
> 7027 5375 -56 558 94 2
> 5049 7687 284 312 12 2
> 6592 2584 353 -80 178 1
! 265186 -28985 176 B0
! 70445 259732 0 B0
> 4996 2962 17 12 1 0
> 7027 5375 -56 558 94 2
> 5049 7687 284 312 12 2
> 6592 2584 353 -80 178 1
! 102863 28478 200
! -87377 36786 0
> 5188 2953 162 -8 -7 0
> 6971 5933 -47 474 76 2
> 5529 8041 407 300 12 2
> 6945 2504 300 -68 160 1
! 258400 -64895 200 B0
! 145886 228244 200 B0
> 5188 2953 162 -8 -7 0
> 6971 5933 -47 474 76 2
> 5529 8041 407 300 12 2
> 6945 2504 300 -68 160 1
! 103343 28832 200
! -87024 36706 0
> 5543 2893 301 -50 -15 0
> 7030 6577 50 547 58 2
> 6132 8383 512 290 12 2
> 7245 2436 255 -57 160 1
! 256233 -73751 200 B0
! 207844 175080 200 B0
> 5543 2893 301 -50 -15 0
> 7030 6577 50 547 58 2
> 6132 8383 512 290 12 2
> 7245 2436 255 -57 160 1
! 103946 29174 200
! -86724 36638 200
> 6035 2785 418 -92 -17 0
> 7233 7253 172 574 40 2
> 6840 8715 601 281 12 2
> 7312 2447 57 9 160 1
! 253897 -82561 176 B0
! 250289 105454 200 B0
> 6035 2785 418 -92 -17 0
> 7233 7253 172 574 40 2
> 6840 8715 601 281 12 2
> 7312 2447 57 9 160 1
! 106292 -1737 200
! -86657 36649 200
