@ 0 yakalir
@ 1 reCurse
CP 4
CP 3573 5198
CP 13557 7627
CP 12452 1326
CP 10550 6006
> 3691 4712 0 0 -1 1
> 3455 5684 0 0 -1 1
> 3928 3741 0 0 -1 1
> 3218 6655 0 0 -1 1
! 243171 111336 200 B1
! 263048 -30799 160 B1
> 3691 4712 0 0 -1 1
> 3455 5684 0 0 -1 1
> 3928 3741 0 0 -1 1
> 3218 6655 0 0 -1 1
! 96660 41165 200
! 95013 46322 200
> 3874 4793 155 69 24 1
> 3613 5662 134 -18 -8 1
> 4113 3816 157 63 22 1
> 3402 6734 156 67 23 1
! 239487 119709 200 B1
! 261774 51183 160 B1
> 3874 4793 155 69 24 1
> 3613 5662 134 -18 -8 1
> 4113 3816 157 63 22 1
> 3402 6734 156 67 23 1
! 96831 41276 200
! 103021 15449 200
> 4218 4927 341 -8 26 1
> 3895 5695 190 150 10 1
> 4455 3954 291 117 22 1
> 3757 6820 301 72 5 1
! 221545 151516 200 B1
! 260311 60198 200 B1
> 4218 4927 341 -8 26 1
> 3895 5695 190 150 10 1
> 4455 3954 291 117 22 1
> 3757 6820 301 72 5 1
! 97173 41414 200
! 101194 -15675 200
> 4725 5031 430 88 34 1
> 4281 5887 327 162 12 1
> 4931 4146 404 163 22 1
> 4253 6848 421 24 -13 1
! 216804 159115 200 B1
! 262442 51408 200 B1
> 4725 5031 430 88 34 1
> 4281 5887 327 162 12 1
> 4931 4146 404 163 22 1
> 4253 6848 421 24 -13 1
! 97649 41606 200
! 103872 15563 200
> 5317 5237 503 174 36 1
> 4805 6084 445 167 10 1
> 5520 4384 501 202 22 1
> 4873 6889 527 35 5 1
! 246622 107665 200 B1
! 254119 87091 172 B1
> 5317 5237 503 174 36 1
> 4805 6084 445 167 10 1
> 5520 4384 501 202 22 1
> 4873 6889 527 35 5 1
! 98238 41844 200
! 104492 15604 200
> 6004 5489 584 214 23 1
> 5396 6117 501 19 18 1
> 6206 4661 583 235 22 1
> 5617 7129 632 212 5 1
! 243587 116276 200 B1
! 263557 51638 200 B1
> 6004 5489 584 214 23 1
> 5396 6117 501 19 18 1
> 6206 4661 583 235 22 1
> 5617 7129 632 212 5 1
! 82810 68939 200
! 105236 15844 200
> 6797 5819 722 352 25 1
> 6052 6200 480 125 10 1
> 6956 4963 666 130 40 1
> 6448 7358 706 195 5 1
! 240369 124830 200 B1
! 262468 60703 200 B1
> 6797 5819 722 352 25 1
> 6052 6200 480 125 10 1
> 6956 4963 666 130 40 1
> 6448 7358 706 195 5 1
! 83560 69241 200
! 103885 -15137 200
> 7697 6262 765 376 27 1
> 6728 6367 574 141 12 1
> 7775 5222 696 219 40 1
> 7349 7508 765 127 -13 1
! 236973 133352 172 B1
! 261085 69785 200 B1
> 7697 6262 765 376 27 1
> 6728 6367 574 141 12 1
> 7775 5222 696 219 40 1
> 7349 7508 765 127 -13 1
! 84379 69500 200
! 106968 16223 0
> 8612 6721 778 390 29 1
> 7496 6556 652 160 14 1
> 8624 5570 721 295 40 1
> 8114 7635 650 107 5 1
! 265940 56740 32 B1
! 263912 61059 200 B1
> 8612 6721 778 390 29 1
> 7496 6556 652 160 14 1
> 8624 5570 721 295 40 1
> 8114 7635 650 107 5 1
! 85228 69848 200
! 100164 46708 SHIELD
> 9421 7117 688 336 11 1
> 8344 6758 720 171 12 1
> 9498 5994 743 360 40 1
> 8764 7742 552 90 23 1
! 269611 -24830 32 B1
! 254679 96417 172 B1
> 9421 7117 688 336 11 1
> 8344 6758 720 171 12 1
> 9498 5994 743 360 40 1
> 8764 7742 552 90 23 1
! 102216 43454 200
! 108383 16457 0
> 10141 7449 611 282 -7 1
> 9226 6988 749 195 20 1
> 10426 6429 789 369 22 1
> 9316 7832 469 76 5 1
! 247724 -103338 172 B1
! 271210 16137 32 B1
> 10141 7449 611 282 -7 1
> 9226 6988 749 195 20 1
> 10426 6429 789 369 22 1
> 9316 7832 469 76 5 1
! 110182 13404 200
! 106753 -14663 0
> 10908 7658 651 177 -25 1
> 10010 7074 668 17 2 1
> 11415 6812 840 325 4 1
> 9782 8018 393 213 -13 1
! 202628 -171124 172 B1
! 263222 74922 172 B1
> 10908 7658 651 177 -25 1
> 10010 7074 668 17 2 1
> 11415 6812 840 325 4 1
> 9782 8018 393 213 -13 1
! 108444 -17380 0
! 95498 -43485 0
> 11685 7718 660 50 -43 1
> 10844 7136 709 52 15 1
> 12255 7137 714 276 -14 1
> 10175 8231 334 181 -31 1
! 138775 -221558 200 B1
! 266269 66106 32 B1
> 11685 7718 660 50 -43 1
> 10844 7136 709 52 15 1
> 12255 7137 714 276 -14 1
> 10175 8231 334 181 -31 1
! 97059 -45855 0
! 75780 -67240 200
> 12230 7804 454 81 -61 1
> 11584 7195 629 50 13 1
> 13181 7203 795 47 -32 2
> 10640 8261 395 25 -49 1
! 84487 -244185 200 B1
! 256317 101139 172 B1
> 12230 7804 454 81 -61 1
> 11584 7195 629 50 13 1
> 13181 7203 795 47 -32 2
> 10640 8261 395 25 -49 1
! 77459 -69401 0
! 49713 -83789 200
> 12933 7879 651 115 -74 1
> 12180 7120 452 -115 21 1
> 13976 7250 675 39 -50 2
> 11113 8102 402 -135 -67 1
! 3784 -254105 200 B1
! 267605 66090 200 B1
> 12933 7879 651 115 -74 1
> 12180 7120 452 -115 21 1
> 13976 7250 675 39 -50 2
> 11113 8102 402 -135 -67 1
! 51436 -85468 200
! 50185 -83948 200
> 13577 7794 547 -72 -92 2
> 12827 7050 549 -59 13 1
> 14726 7104 637 -124 -68 2
> 11593 7783 408 -271 -67 1
! -31944 -250367 200 B1
! 273973 -15797 172 B1
> 13577 7794 547 -72 -92 2
> 12827 7050 549 -59 13 1
> 14726 7104 637 -124 -68 2
> 11593 7783 408 -271 -67 1
! 21701 -92652 200
! 20308 -91836 0
> 14109 7545 605 -56 -100 2
> 13527 6956 441 -235 -5 1
> 15377 6780 553 -274 -86 2
> 12001 7512 346 -230 -85 1
! -108960 -223914 172 B1
! 254832 -95472 32 B1
> 14109 7545 605 -56 -100 2
> 13527 6956 441 -235 -5 1
> 15377 6780 553 -274 -86 2
> 12001 7512 346 -230 -85 1
! -8815 -90249 200
! 51074 -84538 0
> 14633 7337 445 -176 -118 2
> 13997 6708 399 -210 -23 1
> 15882 6312 428 -397 -104 2
> 12347 7282 294 -195 -67 1
! -53215 -245875 200 B1
! 211840 -165274 200 B1
> 14633 7337 445 -176 -118 2
> 13997 6708 399 -210 -23 1
> 15882 6312 428 -397 -104 2
> 12347 7282 294 -195 -67 1
! -37110 -78492 200
! 51419 -84768 0
> 15057 7003 434 -196 -105 2
> 14517 6331 367 -407 -41 1
> 16204 5745 273 -481 -122 2
> 12641 7087 249 -165 -67 1
! -108012 -224456 200 B1
! 168601 -205748 200 B1
> 15057 7003 434 -196 -105 2
> 14517 6331 367 -407 -41 1
> 16204 5745 273 -481 -122 2
> 12641 7087 249 -165 -67 1
! -36788 -79059 200
! 21356 -92532 200
> 15397 6630 289 -316 -118 2
> 15002 5762 411 -483 -54 1
> 16371 5094 141 -553 -122 2
> 12907 6723 226 -309 -85 1
! -99519 -228983 200 B1
! 96009 -243552 200 B1
> 15397 6630 289 -316 -118 2
> 15002 5762 411 -483 -54 1
> 16371 5094 141 -553 -122 2
> 12907 6723 226 -309 -85 1
! -36621 -79710 200
! 51980 -85327 200
> 15598 6134 171 -421 -116 2
> 15475 5089 401 -572 -72 1
> 16406 4371 29 -614 -122 2
> 13211 6230 258 -419 -67 1
! -166503 -182437 200 B1
! 38322 -256057 200 B1
> 15598 6134 171 -421 -116 2
> 15475 5089 401 -572 -72 1
> 16406 4371 29 -614 -122 2
> 13211 6230 258 -419 -67 1
! -60198 -59907 200
! 78816 -69241 200
> 15630 5569 27 -480 -134 2
> 15889 4325 227 -436 -85 1
> 16286 3621 23 -850 -140 2
> 13600 5660 330 -484 -49 1
! -138454 -206510 200 B1
! -43081 -251100 200 B1
> 15630 5569 27 -480 -134 2
> 15889 4325 227 -436 -85 1
> 16286 3621 23 -850 -140 2
> 13600 5660 330 -484 -49 1
! -76432 -33839 200
! 52673 -86390 200
> 15539 4927 -76 -545 -126 2
> 16071 3694 154 -536 -103 1
> 16124 2696 -138 -786 -158 2
> 14008 4992 346 -567 -67 1
! -131050 -212400 200 B1
! -118943 -221007 200 B1
> 15539 4927 -76 -545 -126 2
> 16071 3694 154 -536 -103 1
> 16124 2696 -138 -786 -158 2
> 14008 4992 346 -567 -67 1
! -83632 -4279 200
! 79613 -70479 0
> 15351 4216 -159 -604 -124 2
> 16122 2987 43 -601 -121 1
> 15786 1896 -286 -679 -176 2
> 14354 4425 294 -481 -49 1
! -191221 -157176 200 B1
! -181721 -168995 172 B1
> 15351 4216 -159 -604 -124 2
> 16122 2987 43 -601 -121 1
> 15786 1896 -286 -679 -176 2
> 14354 4425 294 -481 -49 1
! -81243 26088 200
! 53427 -87625 200
> 15443 3366 253 -774 -142 2
> 16035 2273 -73 -606 -139 1
> 15306 1265 -408 -536 166 2
> 14317 3883 -206 -408 -67 1
! -230892 -86293 200 B1
! -225270 -100155 200 B1
> 15443 3366 253 -774 -142 2
> 16035 2273 -73 -606 -139 1
> 15306 1265 -408 -536 166 2
> 14317 3883 -206 -408 -67 1
! -69498 54256 200
! 79922 -71588 200
> 15508 2524 55 -716 -160 2
> 15778 1589 -218 -581 -157 1
> 14728 835 -490 -365 148 2
> 14242 3324 -63 -475 -49 1
! -240908 -51979 200 B1
! -242383 -43932 200 B1
> 15508 2524 55 -716 -160 2
> 15778 1589 -218 -581 -157 1
> 14728 835 -490 -365 148 2
> 14242 3324 -63 -475 -49 1
! -49550 77439 200
! 79847 -72147 200
> 15367 1776 -121 -480 -168 2
> 15363 964 -350 -686 -170 1
> 14109 623 -525 -180 130 2
> 14310 2698 57 -532 -49 1
! -246737 6351 32 B1
! -244230 37447 172 B1
> 15367 1776 -121 -480 -168 2
> 15363 964 -350 -686 -170 1
> 14109 623 -525 -180 130 2
> 14310 2698 57 -532 -49 1
! -23351 93341 200
! 53383 -89352 200
> 15214 1297 -130 -407 179 2
> 14843 302 -442 -562 172 1
> 13509 628 -509 4 112 2
> 14445 1982 114 -608 -67 1
! -246571 15017 32 B1
! -220770 115218 200 B1
> 15214 1297 -130 -407 179 2
> 14843 302 -442 -562 172 1
> 13509 628 -509 4 112 2
> 14445 1982 114 -608 -67 1
! 6533 100384 200
! 80050 -73489 200
> 15282 685 203 -650 177 2
> 14221 -172 -528 -403 154 1
> 12986 832 -444 172 94 2
> 14460 1430 -132 -339 -49 1
! -245864 -22162 200 B1
! -174350 181929 200 B1
> 15282 685 203 -650 177 2
> 14221 -172 -528 -403 154 1
> 12986 832 -444 172 94 2
> 14460 1430 -132 -339 -49 1
! -24474 93550 200
! 53533 -90620 0
> 15286 18 3 -567 -175 2
> 13549 -436 -571 -224 136 1
> 12467 1189 -441 303 112 3
> 14328 1091 -112 -288 -67 1
! -240139 58988 32 B1
! -109520 231023 200 B1
> 15286 18 3 -567 -175 2
> 13549 -436 -571 -224 136 1
> 12467 1189 -441 303 112 3
> 14328 1091 -112 -288 -67 1
! 5491 100945 200
! 23043 -98528 0
> 15258 -542 -23 -475 -193 2
> 12884 -483 -565 -40 118 1
> 12012 1692 -386 427 94 3
> 14216 803 -95 -244 -85 1
! -245888 -23389 200 B1
! -32637 257678 200 B1
> 15258 -542 -23 -475 -193 2
> 12884 -483 -565 -40 118 1
> 12012 1692 -386 427 94 3
> 14216 803 -95 -244 -85 1
! 5036 101448 200
! 22931 -98816 0
> 15036 -1034 -188 -418 -175 2
> 12284 -326 -509 133 100 1
> 11612 2319 -339 532 94 3
> 14121 559 -80 -207 -85 1
! -240389 57936 200 B1
! 48767 259267 200 B1
> 15036 -1034 -188 -418 -175 2
> 12284 -326 -509 133 100 1
> 11612 2319 -339 532 94 3
> 14121 559 -80 -207 -85 1
! 35804 99348 200
! -8374 -96877 0
> 14653 -1407 -325 -317 -193 2
> 11803 5 -408 281 82 1
> 11321 3045 -247 617 76 3
> 14041 352 -68 -175 -103 1
! -210048 133607 172 B1
! 84060 251994 200 B1
> 14653 -1407 -325 -317 -193 2
> 11803 5 -408 281 82 1
> 11321 3045 -247 617 76 3
> 14041 352 -68 -175 -103 1
! 4345 102801 200
! -37462 -85364 200
> 14181 -1635 -401 -194 149 2
> 11450 478 -299 402 74 1
> 11060 3862 -221 694 94 3
> 13870 6 -145 -294 -121 1
! -157801 196208 160 B1
! 2301 262462 200 B1
> 14181 -1635 -401 -194 149 2
> 11450 478 -299 402 74 1
> 11060 3862 -221 694 94 3
> 13870 6 -145 -294 -121 1
! -26400 96580 200
! -61601 -65599 200
> 13675 -1708 -430 -62 131 2
> 11144 1080 -260 511 92 1
> 10764 4741 -251 747 112 3
> 13574 -419 -251 -361 -139 1
! -109394 229751 160 B1
! -78515 247415 200 B1
> 13675 -1708 -430 -62 131 2
> 11144 1080 -260 511 92 1
> 10764 4741 -251 747 112 3
> 13574 -419 -251 -361 -139 1
! -53514 81345 0
! -78476 -39492 0
> 13170 -1629 -429 67 118 2
> 10816 1779 -279 594 110 1
> 10513 5488 -213 634 130 0
> 13323 -780 -213 -306 -157 1
! -32351 256532 172 B1
! -150576 208351 200 B1
> 13170 -1629 -429 67 118 2
> 10816 1779 -279 594 110 1
> 10513 5488 -213 634 130 0
> 13323 -780 -213 -306 -157 1
! -74291 58479 0
! -86296 -9495 0
> 12616 -1791 -482 -188 100 2
> 10414 2531 -341 638 128 1
> 10300 6122 -181 538 148 0
> 13205 -688 -88 129 -175 1
! 49099 257802 172 B1
! -206913 149120 200 B1
> 12616 -1791 -482 -188 100 2
> 10414 2531 -341 638 128 1
> 10300 6122 -181 538 148 0
> 13205 -688 -88 129 -175 1
! -86729 30314 0
! -86414 -9403 0
> 12158 -1809 -389 -15 82 2
> 9907 3281 -430 637 146 1
> 10119 6660 -153 457 166 0
> 13117 -559 -74 109 -175 1
! 106102 242924 200 B1
! -202172 157365 200 B1
> 12158 -1809 -389 -15 82 2
> 9907 3281 -430 637 146 1
> 10119 6660 -153 457 166 0
> 13117 -559 -74 109 -175 1
! -89637 -315 0
! -86502 -9274 0
> 11841 -1637 -269 145 69 2
> 9315 4036 -503 641 144 1
> 9966 7117 -130 388 -176 0
> 13043 -450 -62 92 -175 1
! 48324 257956 160 B1
! -162667 201879 32 B1
> 11841 -1637 -269 145 69 2
> 9315 4036 -503 641 144 1
> 9966 7117 -130 388 -176 0
> 13043 -450 -62 92 -175 1
! -82752 -30343 200
! -86576 -9165 200
> 11594 -1334 -209 257 82 2
> 8791 4701 -445 565 131 1
> 9651 7430 -268 266 -158 0
> 12782 -375 -222 63 -175 1
! 83851 250655 172 B1
! -93637 246006 200 B1
> 11594 -1334 -209 257 82 2
> 8791 4701 -445 565 131 1
> 9651 7430 -268 266 -158 0
> 12782 -375 -222 63 -175 1
! -66953 -56848 200
! -86837 -9090 200
> 11432 -912 -137 358 74 2
> 8268 5450 -444 636 113 1
> 9230 7567 -358 116 -140 0
> 12361 -329 -358 38 -175 1
! 158021 216415 200 B1
! -14579 266596 32 B1
> 11432 -912 -137 358 74 2
> 8268 5450 -444 636 113 1
> 9230 7567 -358 116 -140 0
> 12361 -329 -358 38 -175 1
! -43761 -77237 0
! -85075 22166 0
> 11211 -469 -408 284 56 2
> 7821 6118 -379 567 95 1
> 8872 7683 -304 98 -122 0
> 12199 -210 83 192 167 1
! 217783 160923 172 B1
! 66791 261543 32 B1
> 11211 -469 -408 284 56 2
> 7821 6118 -379 567 95 1
> 8872 7683 -304 98 -122 0
> 12199 -210 83 192 167 1
! -44120 -77121 200
! -73517 51293 0
> 10939 -79 -231 331 38 2
> 7449 6716 -316 508 77 1
> 8462 7611 -348 -60 -122 0
> 12282 -18 70 163 149 1
! 211753 168424 200 B1
! 142463 231417 32 B1
> 10939 -79 -231 331 38 2
> 7449 6716 -316 508 77 1
> 8462 7611 -348 -60 -122 0
> 12282 -18 70 163 149 1
! -44530 -77193 200
! -73434 51485 200
> 10861 381 -66 390 40 2
> 7149 7251 -254 455 59 1
> 8008 7381 -385 -195 -122 0
> 12181 248 -86 226 149 1
! 253917 98582 172 B1
! 172122 210975 32 B1
> 10861 381 -66 390 40 2
> 7149 7251 -254 455 59 1
> 8008 7381 -385 -195 -122 0
> 12181 248 -86 226 149 1
! -68596 -56897 0
! -53424 75719 0
> 10954 835 79 386 22 2
> 6915 7731 -198 407 51 1
> 7623 7186 -327 -165 -140 0
> 12095 474 -73 192 131 1
! 272459 19121 172 B1
! 226767 150505 32 B1
> 10954 835 79 386 22 2
> 6915 7731 -198 407 51 1
> 7623 7186 -327 -165 -140 0
> 12095 474 -73 192 131 1
! -85095 -30274 200
! -53510 75944 200
> 11205 1233 212 338 4 2
> 6744 8155 -145 360 33 1
> 7111 6946 -435 -203 -158 0
> 11891 817 -173 291 131 1
! 265562 -62185 200 B1
! 259956 76003 32 B1
> 11205 1233 212 338 4 2
> 6744 8155 -145 360 33 1
> 7111 6946 -435 -203 -158 0
> 11891 817 -173 291 131 1
! -85607 -30514 200
! -27182 92867 SHIELD
> 10845 1989 -308 644 -14 2
> 6630 8523 -96 313 15 1
> 6491 6668 -527 -236 -158 0
> 11795 1061 -81 207 113 1
! 233156 -136926 200 B1
! 268415 -5197 32 B1
> 10845 1989 -308 644 -14 2
> 6630 8523 -96 313 15 1
> 6491 6668 -527 -236 -158 0
> 11795 1061 -81 207 113 1
! -70113 -57610 200
! 3079 100680 0
> 10707 2527 -117 457 -32 2
> 6566 8834 -54 264 -3 1
> 5811 6303 -578 -309 -140 0
> 11714 1268 -68 175 95 1
! 179210 -198287 200 B1
! 251299 -85110 32 B1
> 10707 2527 -117 457 -32 2
> 6566 8834 -54 264 -3 1
> 5811 6303 -578 -309 -140 0
> 11714 1268 -68 175 95 1
! -70793 -57975 200
! 34209 98705 0
> 10719 2831 9 258 -50 2
> 6542 9087 -20 214 -21 1
> 5080 5865 -621 -371 -140 0
> 11646 1443 -57 148 77 1
! 205530 -172578 200 B1
! 210266 -155886 32 B1
> 10719 2831 9 258 -50 2
> 6542 9087 -20 214 -21 1
> 5080 5865 -621 -371 -140 0
> 11646 1443 -57 148 77 1
! -47911 -78939 0
! 2930 101062 0
> 10877 2955 133 105 -42 2
> 6547 9281 4 164 -39 1
> 4459 5494 -527 -315 -122 0
> 11589 1591 -48 125 95 1
! 211691 -165548 160 B1
! 149321 -210571 200 B1
> 10877 2955 133 105 -42 2
> 6547 9281 4 164 -39 1
> 4459 5494 -527 -315 -122 0
> 11589 1591 -48 125 95 1
! -19733 -91535 0
! 2873 101210 200
> 11133 2957 217 1 -40 2
> 6660 9277 95 -3 -57 1
> 3932 5179 -447 -267 -104 1
> 11524 1915 -55 275 95 1
! 150048 -219354 200 B1
! 74508 -243935 200 B1
> 11133 2957 217 1 -40 2
> 6660 9277 95 -3 -57 1
> 3932 5179 -447 -267 -104 1
> 11524 1915 -55 275 95 1
! 10907 -94577 0
! 2808 101534 200
> 11340 3190 102 450 -58 2
> 6807 9081 124 -166 -75 1
> 3485 4912 -379 -226 -86 1
> 11568 1988 110 -190 95 1
! 74758 -251167 200 B1
! -6913 -252704 200 B1
> 11340 3190 102 450 -58 2
> 6807 9081 124 -166 -75 1
> 3485 4912 -379 -226 -86 1
> 11568 1988 110 -190 95 1
! 40945 -87806 0
! 34063 99425 0
> 11490 3446 127 217 -76 2
> 6921 8715 96 -310 -93 1
> 3106 4686 -322 -192 -68 1
> 11678 1798 93 -161 77 1
! 150405 -218865 32 B1
! -87023 -236018 200 B1
> 11490 3446 127 217 -76 2
> 6921 8715 96 -310 -93 1
> 3106 4686 -322 -192 -68 1
> 11678 1798 93 -161 77 1
! 67384 -71918 0
! 34173 99235 0
> 11634 3636 122 161 -58 2
> 6945 8218 20 -422 -111 1
> 2784 4494 -273 -163 -50 1
> 11771 1637 79 -136 77 1
! 96980 -244226 200 B1
! -95483 -233087 200 B1
> 11634 3636 122 161 -58 2
> 6945 8218 20 -422 -111 1
> 2784 4494 -273 -163 -50 1
> 11771 1637 79 -136 77 1
! 87588 -48498 200
! 34266 99074 0
> 11821 3608 159 -23 -71 2
> 6887 7612 -49 -515 -113 1
> 2681 4225 -87 -228 -32 1
> 11850 1501 67 -115 77 1
! 130832 -229964 200 B1
! -60961 -245600 160 B1
> 11821 3608 159 -23 -71 2
> 6887 7612 -49 -515 -113 1
> 2681 4225 -87 -228 -32 1
> 11850 1501 67 -115 77 1
! 99710 -19967 200
! 34345 98938 200
> 12071 3407 212 -171 -63 2
> 6797 6942 -76 -569 -105 1
> 2788 3949 91 -234 -14 1
> 11962 1581 95 67 77 1
! 75489 -250950 172 B1
! -135977 -212910 200 B1
> 12071 3407 212 -171 -63 2
> 6797 6942 -76 -569 -105 1
> 2788 3949 91 -234 -14 1
> 11962 1581 95 67 77 1
! 102544 10924 0
! 63465 87297 200
> 12325 3069 215 -287 -76 2
> 6612 6205 -157 -626 -123 1
> 2879 3715 77 -198 4 1
> 12160 1819 168 202 59 1
! -5961 -258436 200 B1
! -181959 -175895 32 B1
> 12325 3069 215 -287 -76 2
> 6612 6205 -157 -626 -123 1
> 2879 3715 77 -198 4 1
> 12160 1819 168 202 59 1
! 95597 41175 200
! 87630 67424 SHIELD
> 12615 2950 410 580 -94 2
> 6432 5557 -153 -550 -136 1
> 3141 3592 223 -104 22 1
> 12319 1984 118 72 41 1
! 53623 -255967 200 B1
! -229181 -109359 172 B1
> 12615 2950 410 580 -94 2
> 6432 5557 -153 -550 -136 1
> 3141 3592 223 -104 22 1
> 12319 1984 118 72 41 1
! 79745 67870 200
! 63822 87700 0
> 13056 3332 375 325 -81 2
> 6124 4932 -261 -531 -154 1
> 3517 3617 319 20 40 1
> 12437 2056 100 61 59 1
! -27952 -255585 200 B1
! -253469 -31551 200 B1
> 13056 3332 375 325 -81 2
> 6124 4932 -261 -531 -154 1
> 3517 3617 319 20 40 1
> 12437 2056 100 61 59 1
! 56508 88421 200
! 87907 67661 0
> 13400 3459 292 108 -99 2
> 5665 4373 -390 -475 -172 1
> 3942 3807 361 161 58 1
> 12537 2117 85 51 41 1
! -105611 -230113 200 B1
! -252496 49894 200 B1
> 13400 3459 292 108 -99 2
> 5665 4373 -390 -475 -172 1
> 3942 3807 361 161 58 1
> 12537 2117 85 51 41 1
! 28134 100836 200
! 104587 41190 0
> 13601 3389 171 -59 -117 2
> 5117 3923 145 -530 -190 1
> 4313 4171 -296 458 76 1
> 12622 2168 72 43 23 1
! -113489 -225887 172 B1
! -226342 126992 200 B1
> 13601 3389 171 -59 -117 2
> 5117 3923 145 -530 -190 1
> 4313 4171 -296 458 76 1
> 12622 2168 72 43 23 1
! 57304 88975 200
! 104672 41241 0
> 13689 3180 74 -178 -119 2
> 5085 3487 -26 -370 152 1
> 4123 4799 -161 533 58 1
> 12694 2211 61 36 23 1
! -121325 -221521 200 B1
! -177016 192058 200 B1
> 13689 3180 74 -178 -119 2
> 5085 3487 -26 -370 152 1
> 4123 4799 -161 533 58 1
> 12694 2211 61 36 23 1
! 80727 69077 200
! 104744 41284 200
> 13660 2831 -24 -297 -121 2
> 4920 3261 -140 -192 134 1
> 4115 5461 -6 562 40 1
> 12939 2325 208 97 23 1
! -168441 -185740 200 B1
! -109996 238874 200 B1
> 13660 2831 -24 -297 -121 2
> 4920 3261 -140 -192 134 1
> 4115 5461 -6 562 40 1
> 12939 2325 208 97 23 1
! 96833 42921 200
! 112558 11040 0
> 13937 2674 292 -96 -134 2
> 4692 3249 -193 -10 116 1
> 4294 6098 152 541 22 1
> 12708 2138 -253 -196 5 1
! -192635 -158718 200 B1
! -31791 262842 200 B1
> 13937 2674 292 -96 -134 2
> 4692 3249 -193 -10 116 1
> 4294 6098 152 541 22 1
> 12708 2138 -253 -196 5 1
! 104050 13073 200
! 104758 41211 200
> 14071 2455 114 -186 -142 2
> 4471 3437 -187 159 98 1
> 4646 6653 298 471 4 1
> 12639 2020 -58 -100 23 1
! -232264 -87204 200 B1
! 49992 261598 200 B1
> 14071 2455 114 -186 -142 2
> 4471 3437 -187 159 98 1
> 4646 6653 298 471 4 1
> 12639 2020 -58 -100 23 1
! 104402 13628 200
! 112258 10735 0
> 13997 2201 -62 -216 -160 2
> 4319 3793 -129 302 80 1
> 5144 7138 422 412 4 1
> 12581 1920 -49 -85 5 1
! -229059 -96000 172 B1
! 127388 235252 200 B1
> 13997 2201 -62 -216 -160 2
> 4319 3793 -129 302 80 1
> 5144 7138 422 412 4 1
> 12581 1920 -49 -85 5 1
! 102173 -17054 200
! 112200 10635 200
> 13776 1921 -188 -238 -158 2
> 4284 4272 -29 406 62 1
> 5760 7502 523 309 -14 1
> 12731 1852 127 -57 5 1
! -247729 -16365 200 B1
! 192855 186373 200 B1
> 13776 1921 -188 -238 -158 2
> 4284 4272 -29 406 62 1
> 5760 7502 523 309 -14 1
> 12731 1852 127 -57 5 1
! 102789 -16690 200
! 110168 -20643 200
> 13855 1679 276 -201 -176 2
> 4399 4817 97 463 44 1
> 6477 7763 609 221 -14 1
> 12587 1740 -331 -99 -13 1
! -246853 -25723 172 B1
! 240012 119733 200 B1
> 13855 1679 276 -201 -176 2
> 4399 4817 97 463 44 1
> 6477 7763 609 221 -14 1
> 12587 1740 -331 -99 -13 1
! 103506 -16429 200
! 110023 -20755 200
> 13960 1460 89 -186 -174 2
> 4676 5368 235 468 26 1
> 7280 7936 682 146 -14 1
> 12451 1596 -115 -122 -13 1
! -245633 -35023 172 B1
! 264269 41851 200 B1
> 13960 1460 89 -186 -174 2
> 4676 5368 235 468 26 1
> 7280 7936 682 146 -14 1
> 12451 1596 -115 -122 -13 1
! 104309 -16256 200
! 109887 -20899 200
> 13879 1250 -69 -178 -172 2
> 5109 5864 368 421 8 1
> 8156 8034 744 82 -14 1
> 12531 1429 67 -141 -13 1
! -248265 1250 160 B1
! 263270 -39657 200 B1
> 13879 1250 -69 -178 -172 2
> 5109 5864 368 421 8 1
> 8156 8034 744 82 -14 1
> 12531 1429 67 -141 -13 1
! 105185 -16158 200
! 109967 -21066 200
> 13650 1072 -194 -151 180 2
> 5674 6250 480 328 -10 1
> 9094 8068 797 28 -14 1
> 12793 1243 222 -158 -13 1
! -245943 37555 200 B1
! 265267 -30233 200 B1
> 13650 1072 -194 -151 180 2
> 5674 6250 480 328 -10 1
> 9094 8068 797 28 -14 1
> 12793 1243 222 -158 -13 1
! 106123 -16124 200
! 112412 9958 200
> 13966 795 330 -248 172 2
> 6352 6550 576 255 -8 1
> 10085 8048 842 -17 -14 1
> 12506 1256 -305 24 5 1
! -221647 115711 200 B1
! 258341 -65707 200 B1
> 13966 795 330 -248 172 2
> 6352 6550 576 255 -8 1
> 10085 8048 842 -17 -14 1
> 12506 1256 -305 24 5 1
! 107114 -16144 200
! 109943 -21239 200
> 14116 635 127 -136 154 2
> 7120 6750 653 169 -16 1
> 11121 7983 880 -55 -14 1
> 12396 1235 -93 -17 -13 1
! -241309 59605 200 B1
! 246600 -99874 200 B1
> 14116 635 127 -136 154 2
> 7120 6750 653 169 -16 1
> 11121 7983 880 -55 -14 1
> 12396 1235 -93 -17 -13 1
! 95925 -45009 200
! 109832 -21260 200
> 14048 544 -57 -77 167 2
> 7956 6838 710 74 -24 1
> 12171 7822 892 -136 -32 1
> 12498 1173 86 -52 -13 1
! -221565 115460 200 B1
! 251012 -91363 200 B1
> 14048 544 -57 -77 167 2
> 7956 6838 710 74 -24 1
> 12171 7822 892 -136 -32 1
> 12498 1173 86 -52 -13 1
! 76449 -68782 0
! 98214 -50330 200
> 13811 555 -201 9 154 2
> 8851 6837 761 0 -22 1
> 13063 7686 758 -115 -50 2
> 12755 1018 218 -131 -31 1
! -225669 107179 200 B1
! 223587 -143523 200 B1
> 13811 555 -201 9 154 2
> 8851 6837 761 0 -22 1
> 13063 7686 758 -115 -50 2
> 12755 1018 218 -131 -31 1
! 50523 -85032 200
! 110191 -21477 SHIELD
> 13898 424 566 -343 156 2
> 9776 6722 786 -97 -35 1
> 13896 7386 707 -255 -68 2
> 12926 909 95 -69 -13 1
! -229158 98625 200 B1
! 252832 -91479 200 B1
> 13898 424 566 -343 156 2
> 9776 6722 786 -97 -35 1
> 13896 7386 707 -255 -68 2
> 12926 909 95 -69 -13 1
! 20871 -92370 0
! 110362 -21586 0
> 14279 156 323 -227 158 2
> 10747 6550 825 -146 -22 1
> 14603 7131 600 -216 -86 2
> 13021 840 80 -58 -13 1
! -232056 89815 200 B1
! 211561 -161953 32 B1
> 14279 156 323 -227 158 2
> 10747 6550 825 -146 -22 1
> 14603 7131 600 -216 -86 2
> 13021 840 80 -58 -13 1
! -9589 -89898 200
! 98737 -50663 200
> 14414 -3 114 -134 160 2
> 11597 6383 722 -141 -40 1
> 15155 6721 468 -348 -104 2
> 13101 782 68 -49 -31 1
! -217045 123066 200 B1
! 150512 -215928 200 B1
> 14414 -3 114 -134 160 2
> 11597 6383 722 -141 -40 1
> 15155 6721 468 -348 -104 2
> 13101 782 68 -49 -31 1
! -37837 -78083 200
! 78706 -74689 0
> 14351 -43 -53 -34 152 2
> 12425 6072 703 -264 -58 1
> 15517 6203 307 -439 -122 2
> 13169 733 57 -41 -49 1
! -197728 154041 200 B1
! 75843 -248285 200 B1
> 14351 -43 -53 -34 152 2
> 12425 6072 703 -264 -58 1
> 15517 6203 307 -439 -122 2
> 13169 733 57 -41 -49 1
! -61087 -58075 200
! 78774 -74738 0
> 14136 41 -182 71 144 2
> 13176 5614 638 -389 -76 1
> 15671 5635 130 -482 -140 2
> 13226 692 48 -34 -49 1
! -203191 146630 200 B1
! 111377 -237442 172 B1
> 14136 41 -182 71 144 2
> 13176 5614 638 -389 -76 1
> 15671 5635 130 -482 -140 2
> 13226 692 48 -34 -49 1
! -37320 -79169 0
! 98942 -50811 200
> 14045 23 135 -181 146 2
> 13878 5066 597 -466 -68 1
> 15801 5153 110 -409 -122 2
> 13189 756 -244 220 -31 1
! -147347 206595 160 B1
! 32164 -256439 32 B1
> 14045 23 135 -181 146 2
> 13878 5066 597 -466 -68 1
> 15801 5153 110 -409 -122 2
> 13189 756 -244 220 -31 1
! -37191 -79651 0
! 78794 -74715 200
> 14081 -32 31 -46 128 2
> 14477 4568 509 -423 -86 1
> 15911 4744 93 -347 -122 2
> 13076 825 -95 58 -49 1
! -203246 146557 200 B1
! -26531 -254349 32 B1
> 14081 -32 31 -46 128 2
> 14477 4568 509 -423 -86 1
> 15911 4744 93 -347 -122 2
> 13076 825 -95 58 -49 1
! -60693 -59534 0
! 98792 -50678 200
> 13946 34 -114 55 146 2
> 14981 4113 428 -386 -99 1
> 16004 4397 79 -294 -140 2
> 13152 780 64 -38 -31 1
! -147446 206606 160 B1
! -104030 -229459 32 B1
> 13946 34 -114 55 146 2
> 14981 4113 428 -386 -99 1
> 16004 4397 79 -294 -140 2
> 13152 780 64 -38 -31 1
! -60600 -59881 0
! 78757 -74691 200
> 13923 35 158 -168 128 2
> 15393 3698 179 -452 -117 1
> 16084 4104 238 -149 -140 2
> 13158 771 -173 161 -49 1
! -189801 165008 200 B1
! -169971 -181666 172 B1
> 13923 35 158 -168 128 2
> 15393 3698 179 -452 -117 1
> 16084 4104 238 -149 -140 2
> 13158 771 -173 161 -49 1
! -76634 -33356 200
! 98874 -50732 200
> 13926 -7 2 -35 141 2
> 15450 3124 48 -487 -135 1
> 16137 3880 44 -190 -158 2
> 13156 829 -1 49 -31 1
! -221687 114909 200 B1
! -218122 -115887 172 B1
> 13926 -7 2 -35 141 2
> 15450 3124 48 -487 -135 1
> 16137 3880 44 -190 -158 2
> 13156 829 -1 49 -31 1
! -76581 -33580 200
! 78761 -74642 200
> 13748 46 -151 44 154 2
> 15345 2559 -89 -480 -153 1
> 15996 3615 -120 -225 -158 2
> 13286 727 110 -86 -49 1
! -189976 165019 160 B1
! -243572 -38449 172 B1
> 13748 46 -151 44 154 2
> 15345 2559 -89 -480 -153 1
> 15996 3615 -120 -225 -158 2
> 13286 727 110 -86 -49 1
! -76722 -33845 200
! 52359 -91323 SHIELD
> 13855 -389 110 -399 141 2
> 15086 2052 -220 -430 -171 1
> 15691 3315 -259 -254 -158 2
> 13358 699 59 -20 -67 1
! -128919 219463 200 B1
! -243831 43060 172 B1
> 13855 -389 110 -399 141 2
> 15086 2052 -220 -430 -171 1
> 15691 3315 -259 -254 -158 2
> 13358 699 59 -20 -67 1
! -77027 -34145 200
! 52430 -91351 0
> 13856 -620 0 -196 123 2
> 14696 1649 -331 -342 171 1
> 15247 2986 -377 -279 -158 2
> 13417 679 50 -17 -67 1
! -189868 164353 172 B1
! -228360 99850 172 B1
> 13856 -620 0 -196 123 2
> 14696 1649 -331 -342 171 1
> 15247 2986 -377 -279 -158 2
> 13417 679 50 -17 -67 1
! -61357 -61292 200
! 79022 -74792 0
> 13722 -708 -113 -74 141 2
> 14206 1371 -416 -235 158 1
> 14717 2578 -450 -346 -140 2
> 13467 662 42 -14 -49 1
! -221891 114208 172 B1
! -186608 169874 172 B1
> 13722 -708 -113 -74 141 2
> 14206 1371 -416 -235 158 1
> 14717 2578 -450 -346 -140 2
> 13467 662 42 -14 -49 1
! -61887 -61700 200
! 79072 -74809 SHIELD
> 13454 -707 -227 1 154 2
> 13796 1369 -472 -421 140 1
> 14208 2314 -127 454 -140 2
> 13486 615 -2 -66 -49 1
! -175117 181394 32 B1
! -125119 223680 172 B1
> 13454 -707 -227 1 154 2
> 13796 1369 -472 -421 140 1
> 14208 2314 -127 454 -140 2
> 13486 615 -2 -66 -49 1
! -38783 -82490 200
! 52559 -91435 200
> 13204 -684 -212 19 136 2
> 13371 1451 -356 81 122 1
> 13975 2598 -198 241 -122 2
> 13346 192 -123 -371 -67 1
! -109865 230775 200 B1
! -50047 255808 32 B1
> 13204 -684 -212 19 136 2
> 13371 1451 -356 81 122 1
> 13975 2598 -198 241 -122 2
> 13346 192 -123 -371 -67 1
! -10217 -94431 200
! 22061 -99427 SHIELD
> 12730 -1248 -431 -609 118 2
> 13007 1563 -309 95 104 1
> 13729 2645 -209 39 -104 2
> 13240 -103 -87 -237 -85 1
! -32791 256913 200 B1
! 31293 263068 32 B1
> 12730 -1248 -431 -609 118 2
> 13007 1563 -309 95 104 1
> 13729 2645 -209 39 -104 2
> 13240 -103 -87 -237 -85 1
! -10463 -94384 200
! -9255 -97539 0
> 12264 -1660 -395 -350 100 2
> 12700 1690 -260 107 86 1
> 13472 2490 -218 -131 -104 2
> 13153 -340 -73 -201 -103 1
! 3115 260324 200 B1
! 110901 244746 172 B1
> 12264 -1660 -395 -350 100 2
> 12700 1690 -260 107 86 1
> 13472 2490 -218 -131 -104 2
> 13153 -340 -73 -201 -103 1
! -39520 -82314 200
! -38350 -86056 0
> 11862 -1810 -341 -127 92 2
> 12394 1890 -459 49 68 1
> 13258 2256 17 -78 -122 2
> 13080 -541 -62 -170 -121 1
! 84119 250179 200 B1
! 162754 216626 32 B1
> 11862 -1810 -341 -127 92 2
> 12394 1890 -459 49 68 1
> 13258 2256 17 -78 -122 2
> 13080 -541 -62 -170 -121 1
! -63346 -62022 200
! -62391 -66146 0
> 11576 -1745 -242 55 74 2
> 11953 1965 -374 63 55 1
> 13122 2049 -115 -175 -140 2
> 13018 -711 -52 -144 -139 1
! 74994 252612 200 B1
! 221311 159727 32 B1
> 11576 -1745 -242 55 74 2
> 11953 1965 -374 63 55 1
> 13122 2049 -115 -175 -140 2
> 13018 -711 -52 -144 -139 1
! -63482 -62229 200
! -79032 -39784 200
> 11382 -1496 -164 211 76 2
> 11605 2047 -296 69 37 1
> 12854 1745 -227 -258 -140 3
> 12782 -933 -200 -188 -157 1
! 150297 220815 160 B1
! 259467 87393 32 B1
> 11382 -1496 -164 211 76 2
> 11605 2047 -296 69 37 1
> 12854 1745 -227 -258 -140 3
> 12782 -933 -200 -188 -157 1
! -63750 -62533 200
! -86837 -9648 200
> 11303 -1149 -67 294 58 2
> 11339 2126 -225 67 19 1
> 12474 1358 -323 -328 -140 3
> 12383 -1138 -339 -174 -175 1
! 96649 246713 160 B1
! 272047 29528 32 B1
> 11303 -1149 -67 294 58 2
> 11339 2126 -225 67 19 1
> 12474 1358 -323 -328 -140 3
> 12383 -1138 -339 -174 -175 1
! -80244 -36102 0
! -85053 21357 200
> 11263 -686 -129 460 71 2
> 11146 2196 -164 59 6 1
> 12151 1030 -274 -278 -158 3
> 11874 -1284 -337 -191 -193 1
! 130274 232886 200 B1
! 271336 -29751 32 B1
> 11263 -686 -129 460 71 2
> 11146 2196 -164 59 6 1
> 12151 1030 -274 -278 -158 3
> 11874 -1284 -337 -191 -193 1
! -80567 -36430 200
! -73842 50219 0
> 11225 -48 -32 542 63 2
> 11014 2251 -112 46 -7 1
> 11692 677 -390 -299 -158 3
> 11537 -1475 -286 -162 149 1
! 196589 185316 200 B1
! 248597 -108536 32 B1
> 11225 -48 -32 542 63 2
> 11014 2251 -112 46 -7 1
> 11692 677 -390 -299 -158 3
> 11537 -1475 -286 -162 149 1
! -81026 -36783 200
! -54068 73996 0
> 10686 -371 -486 -319 45 2
> 10931 2283 -70 27 -25 1
> 11765 1310 90 582 -158 3
> 11251 -1637 -243 -137 131 1
! 189468 191349 200 B1
! 271121 -29664 200 B1
> 10686 -371 -486 -319 45 2
> 10931 2283 -70 27 -25 1
> 11765 1310 90 582 -158 3
> 11251 -1637 -243 -137 131 1
! -87991 -5665 0
! -27822 90413 200
> 10336 -544 -297 -146 47 2
> 11060 2286 109 2 -7 1
> 11855 1892 76 494 -176 3
> 10930 -1590 -272 40 113 1
! 182318 197299 200 B1
! 268388 52305 200 B1
> 10336 -544 -297 -146 47 2
> 11060 2286 109 2 -7 1
> 11855 1892 76 494 -176 3
> 10930 -1590 -272 40 113 1
! -85174 26084 0
! 2214 98029 200
> 10170 -539 -140 4 49 2
> 11090 2435 -40 152 11 1
> 12206 2278 364 301 166 3
> 10641 -1351 -246 203 95 1
! 175143 203185 200 B1
! 240366 129525 160 B1
> 10170 -539 -140 4 49 2
> 11090 2435 -40 152 11 1
> 12206 2278 364 301 166 3
> 10641 -1351 -246 203 95 1
! -72598 55269 200
! 33136 96086 200
> 10079 -239 -134 358 51 2
> 11190 2665 84 195 29 1
> 12400 2685 165 345 148 3
> 10517 -1094 -48 115 77 1
! 229931 142535 172 B1
! 189972 194385 200 B1
> 10079 -239 -134 358 51 2
> 11190 2665 84 195 29 1
> 12400 2685 165 345 148 3
> 10517 -1094 -48 115 77 1
! -51878 79289 200
! 62020 84622 200
> 10089 213 8 383 33 2
> 11410 3006 187 290 47 1
> 12436 3183 30 423 130 3
> 10572 -808 46 243 59 1
! 263301 68061 200 B1
! 122197 240589 160 B1
> 10089 213 8 383 33 2
> 11410 3006 187 290 47 1
> 12436 3183 30 423 130 3
> 10572 -808 46 243 59 1
! -72368 56174 200
! 33067 96629 200
> 10290 648 171 369 15 2
> 11554 3406 -65 281 65 1
> 12407 3747 163 538 148 3
> 10663 -370 77 372 77 1
! 272075 -13072 32 B1
! 43501 263596 200 B1
> 10290 648 171 369 15 2
> 11554 3406 -65 281 65 1
> 12407 3747 163 538 148 3
> 10663 -370 77 372 77 1
! -84622 27939 200
! 33158 97067 200
> 10493 1015 172 312 -3 2
> 11513 3886 -34 407 83 1
> 12376 4333 -26 498 166 3
> 10785 197 103 481 77 1
! 272597 -3560 160 B1
! 34360 265032 200 B1
> 10493 1015 172 312 -3 2
> 11513 3886 -34 407 83 1
> 12376 4333 -26 498 166 3
> 10785 197 103 481 77 1
! -87380 -2642 200
! 33280 97634 200
> 10715 1644 169 589 -1 2
> 11434 4461 -197 422 85 1
> 12213 4848 -8 503 -176 3
> 11043 553 238 247 77 1
! 261405 78287 200 B1
! 70404 259886 160 B1
> 10715 1644 169 589 -1 2
> 11434 4461 -197 422 85 1
> 12213 4848 -8 503 -176 3
> 11043 553 238 247 77 1
! -80505 -32612 200
! 33538 97990 0
> 11075 2291 306 550 17 2
> 11241 5027 -265 445 77 1
> 12052 5288 -35 409 -158 3
> 11281 800 202 209 77 1
! 248658 113078 172 B1
! 61260 262355 160 B1
> 11075 2291 306 550 17 2
> 11241 5027 -265 445 77 1
> 12052 5288 -35 409 -158 3
> 11281 800 202 209 77 1
! -64552 -58990 200
! 62784 86516 0
> 11537 2914 392 529 25 2
> 11007 5629 -199 511 79 1
> 11864 5568 -159 238 -140 3
> 11483 1009 171 177 59 1
! 252842 105342 160 B1
! 69977 261054 160 B1
> 11537 2914 392 529 25 2
> 11007 5629 -199 511 79 1
> 11864 5568 -159 238 -140 3
> 11483 1009 171 177 59 1
! -80854 -31892 200
! 86953 66614 0
> 12076 3506 458 502 23 2
> 10844 6296 -138 566 77 1
> 11520 5731 -292 138 -158 3
> 11654 1186 145 150 41 1
! 273222 26353 32 B1
! 145858 230997 32 B1
> 12076 3506 458 502 23 2
> 10844 6296 -138 566 77 1
> 11520 5731 -292 138 -158 3
> 11654 1186 145 150 41 1
! -88236 -1244 200
! 103704 40259 0
> 12566 4011 416 429 5 2
> 10722 6889 -103 504 59 1
> 11028 5855 -417 105 -176 0
> 11799 1336 123 127 23 1
! 267991 -54959 32 B1
! 208565 178871 32 B1
> 12566 4011 416 429 5 2
> 10722 6889 -103 504 59 1
> 11028 5855 -417 105 -176 0
> 11799 1336 123 127 23 1
! -88728 -1120 200
! 103849 40409 0
> 13013 4433 380 358 -13 2
> 10643 7414 -67 446 41 1
> 10411 5946 -524 77 -176 0
> 11922 1463 104 107 23 1
! 237714 -130581 32 B1
! 251948 109842 32 B1
> 13013 4433 380 358 -13 2
> 10643 7414 -67 446 41 1
> 10411 5946 -524 77 -176 0
> 11922 1463 104 107 23 1
! -82307 -31514 200
! 103972 40536 0
> 13420 4775 346 290 -31 2
> 10605 7873 -31 389 23 1
> 9702 5948 -603 1 -158 0
> 12026 1570 88 90 23 1
! 185402 -193068 32 B1
! 271751 30720 32 B1
> 13420 4775 346 290 -31 2
> 10605 7873 -31 389 23 1
> 9702 5948 -603 1 -158 0
> 12026 1570 88 90 23 1
! -83016 -31512 200
! 104076 40643 0
> 13787 5041 311 225 -49 2
> 10606 8265 0 333 5 1
> 8914 5874 -670 -62 -158 0
> 12114 1660 74 76 23 1
! 116215 -236264 32 B1
! 266031 -50705 32 B1
> 13787 5041 311 225 -49 2
> 10606 8265 0 333 5 1
> 8914 5874 -670 -62 -158 0
> 12114 1660 74 76 23 1
! -90842 -1101 200
! 87584 67265 0
