@ 0 Aelyanne
@ 1 Fallback
CP 6
CP 9542 4368
CP 14550 7759
CP 6331 4292
CP 7800 877
CP 7684 5975
CP 3161 7550
> 9822 3954 0 0 -1 1
> 9262 4782 0 0 -1 1
> 10383 3126 0 0 -1 1
> 8701 5610 0 0 -1 1
! 26621 14806 100
! 27150 13727 100
> 9822 3954 0 0 -1 1
> 9262 4782 0 0 -1 1
> 10383 3126 0 0 -1 1
> 8701 5610 0 0 -1 1
! 14550 7759 BOOST 2wee!
! 14550 7759 100 3
> 9906 4008 71 46 33 1
> 9351 4827 76 38 27 1
> 10818 3609 369 410 48 1
> 8795 5644 79 29 20 1
! 26546 15103 BOOST
! 27175 13898 BOOST
> 9906 4008 71 46 33 1
> 9351 4827 76 38 27 1
> 10818 3609 369 410 48 1
> 8795 5644 79 29 20 1
! 14550 7759 100 0
! 14550 7759 100 3
> 10518 4415 520 345 34 1
> 10006 5160 557 282 27 1
> 11254 4093 370 411 48 1
> 8968 5707 146 53 20 1
! 25601 17548 100
! 27226 15331 100
> 10518 4415 520 345 34 1
> 10006 5160 557 282 27 1
> 11254 4093 370 411 48 1
> 8968 5707 146 53 20 1
! 14550 7759 100 0
! 14550 7759 100 3
> 11008 4775 461 230 41 1
> 10568 5625 430 472 31 1
> 11877 4497 533 341 48 1
> 9208 5795 203 74 20 1
! 24506 19533 100
! 30435 7924 100
> 11008 4775 461 230 41 1
> 10568 5625 430 472 31 1
> 11877 4497 533 341 48 1
> 9208 5795 203 74 20 1
! 12584 5204 100 0
! 14550 7759 100 3
> 11536 5079 449 258 48 1
> 11096 6119 448 419 13 1
> 12481 4909 513 349 45 1
> 9505 5904 252 92 20 1
! 24474 20329 100
! 31033 7694 100
> 11536 5079 449 258 48 1
> 11096 6119 448 419 13 1
> 12481 4909 513 349 45 1
> 9505 5904 252 92 20 1
! 6331 4292 100 0
! 14550 7759 100 3
> 12050 5413 436 284 50 1
> 11644 6546 465 362 5 1
> 13039 5347 474 372 63 1
> 9851 6031 293 107 20 1
! 24379 21160 100
! 31619 7539 100
> 12050 5413 436 284 50 1
> 11644 6546 465 362 5 1
> 13039 5347 474 372 63 1
> 9851 6031 293 107 20 1
! 6331 4292 99 0
! 14550 7759 100 3
> 12548 5776 423 308 52 1
> 12209 6913 480 311 3 1
> 13528 5817 416 399 81 1
> 10238 6173 328 120 20 1
! 24136 22076 100
! 32208 7055 100
> 12548 5776 423 308 52 1
> 12209 6913 480 311 3 1
> 13528 5817 416 399 81 1
> 10238 6173 328 120 20 1
! 12528 5817 0 0
! 14550 7759 100 3
> 13029 6166 408 331 55 1
> 12789 7225 492 264 0 1
> 13944 6216 353 339 99 1
> 10660 6328 358 131 20 1
! 5225 3395 100
! 5255 3714 100
> 13029 6166 408 331 55 1
> 12789 7225 492 264 0 1
> 13944 6216 353 339 99 1
> 10660 6328 358 131 20 1
! 13236 6923 4 0
! 14550 7759 100 3
> 13467 6592 372 362 73 1
> 13376 7459 499 198 -18 1
> 14295 6559 298 291 117 1
> 11112 6494 384 140 20 1
! 5517 3500 100
! 5546 3980 100
> 13467 6592 372 362 73 1
> 13376 7459 499 198 -18 1
> 14295 6559 298 291 117 1
> 11112 6494 384 140 20 1
! 13587 5851 57 1
! 14550 7759 100 3
> 13710 6801 168 120 91 1
> 13941 7861 476 402 -36 1
> 14696 6881 382 270 135 1
> 11590 6669 406 148 20 1
! 5738 3868 100
! 6331 4292 100
> 13710 6801 168 120 91 1
> 13941 7861 476 402 -36 1
> 14696 6881 382 270 135 1
> 11590 6669 406 148 20 1
! 6331 4292 96 1
! 14550 7759 74 3
> 13846 7016 115 182 109 1
> 14476 8183 455 273 -54 2
> 14992 7195 251 266 153 1
> 12065 6843 404 147 20 1
! 6019 3799 100
! 3944 2859 100
> 13846 7016 115 182 109 1
> 14476 8183 455 273 -54 2
> 14992 7195 251 266 153 1
> 12065 6843 404 147 20 1
! 6331 4292 100 1
! 12772 7550 59 3
> 13901 7278 47 222 127 1
> 14963 8361 413 151 -72 2
> 15144 7477 129 239 171 1
> 12515 7026 382 155 38 1
! 6228 3806 100
! 4067 3464 100
> 13901 7278 47 222 127 1
> 14963 8361 413 151 -72 2
> 15144 7477 129 239 171 1
> 12515 7026 382 155 38 1
! 6331 4292 100 1
! 11807 6318 16 3
> 13866 7558 -29 237 145 1
> 15377 8517 352 217 -90 2
> 15173 7595 24 15 189 1
> 12912 7187 337 136 20 1
! 33340 3005 100
! 4376 3087 100
> 13866 7558 -29 237 145 1
> 15377 8517 352 217 -90 2
> 15173 7595 24 15 189 1
> 12912 7187 337 136 20 1
! 6331 4292 100 1
! 6331 4292 0 3
> 13810 7903 69 392 127 1
> 15699 8639 273 103 -108 2
> 15103 7575 -59 -16 -160 2
> 13216 7295 141 -7 2 1
! 30301 -3412 100
! 4789 3710 100
> 13810 7903 69 392 127 1
> 15699 8639 273 103 -108 2
> 15103 7575 -59 -16 -160 2
> 13216 7295 141 -7 2 1
! 6331 4292 100 0
! 13923 8002 100 3
> 13847 8390 31 413 109 1
> 15914 8661 182 18 -126 2
> 14950 7524 -129 -43 -159 2
> 13451 7323 199 23 20 1
! 23313 -9227 100
! 5299 4190 100
> 13847 8390 31 413 109 1
> 15914 8661 182 18 -126 2
> 14950 7524 -129 -43 -159 2
> 13451 7323 199 23 20 1
! 6331 4292 100 0
! 6331 4292 2 3
> 13877 8903 25 436 91 1
> 16016 8620 86 -35 -144 2
> 14727 7446 -189 -66 -159 2
> 13652 7346 170 19 2 1
! 20126 -10095 100
! 5843 4490 100
> 13877 8903 25 436 91 1
> 16016 8620 86 -35 -144 2
> 14727 7446 -189 -66 -159 2
> 13652 7346 170 19 2 1
! 6331 4292 100 0
! 14550 7759 0 2
> 13932 9434 46 451 73 1
> 16009 8547 -5 -61 -158 2
> 14623 7351 147 -72 -159 2
> 13643 7359 -243 3 20 1
! 18548 -10026 100
! 6359 4637 BOOST
> 13932 9434 46 451 73 1
> 16009 8547 -5 -61 -158 2
> 14623 7351 147 -72 -159 2
> 13643 7359 -243 3 20 1
! 6331 4292 100 0
! 14550 7759 86 2
> 14036 9967 88 452 55 1
> 15819 8411 -161 -115 -158 2
> 14676 7244 45 -90 -160 2
> 13479 7397 -139 32 24 1
