@ 0 Nurikk
@ 1 Aelyanne
CP 6
CP 6121 2174
CP 3048 5176
CP 6303 7777
CP 14090 7760
CP 13858 1212
CP 10230 4928
> 6470 2532 0 0 -1 1
> 5772 1816 0 0 -1 1
> 7169 3247 0 0 -1 1
> 5073 1101 0 0 -1 1
! 3048 5176 100
! 3048 5176 100
> 6470 2532 0 0 -1 1
> 5772 1816 0 0 -1 1
> 7169 3247 0 0 -1 1
> 5073 1101 0 0 -1 1
! -12392 7413 100
! -6404 17479 100
> 6391 2593 -67 51 142 1
> 5709 1894 -53 66 129 1
> 7071 3268 -83 17 168 1
> 5016 1183 -48 69 125 1
! 3048 5176 100
! 3048 5176 100
> 6391 2593 -67 51 142 1
> 5709 1894 -53 66 129 1
> 7071 3268 -83 17 168 1
> 5016 1183 -48 69 125 1
! -12318 8170 100
! -6079 17822 100
> 6245 2705 -124 95 142 1
> 5593 2038 -98 122 129 1
> 6891 3310 -152 35 166 1
> 4913 1335 -87 129 124 1
! 3048 5176 100
! 3048 5176 100
> 6245 2705 -124 95 142 1
> 5593 2038 -98 122 129 1
> 6891 3310 -152 35 166 1
> 4913 1335 -87 129 124 1
! -12255 9089 100
! -5709 18280 100
> 6029 2850 -280 40 142 1
> 5432 2238 -136 169 129 1
> 6656 3385 -103 146 163 1
> 4773 1549 -119 181 122 1
! 3048 5176 100
! 3048 5176 100
> 6029 2850 -280 40 142 1
> 5432 2238 -136 169 129 1
> 6656 3385 -103 146 163 1
> 4773 1549 -119 181 122 1
! -13226 5548 100
! -5271 18843 100
> 5788 3073 -170 225 142 1
> 5151 2400 -150 233 129 1
> 6454 3542 -172 133 174 1
> 4568 1779 -297 64 120 1
! 3048 5176 100
! 3048 5176 100
> 5788 3073 -170 225 142 1
> 5151 2400 -150 233 129 1
> 6454 3542 -172 133 174 1
> 4568 1779 -297 64 120 1
! -13289 6732 100
! 1497 21541 100
> 5462 3326 -203 306 142 1
> 4900 2667 -304 123 127 1
> 6301 3770 -112 206 171 1
> 4250 1941 -270 137 102 1
! 3048 5176 100
! 3048 5176 100
> 5462 3326 -203 306 142 1
> 4900 2667 -304 123 127 1
> 6301 3770 -112 206 171 1
> 4250 1941 -270 137 102 1
! -13660 2536 100
! 2455 21860 100
> 5180 3693 -240 311 143 1
> 4537 2870 -308 172 126 1
> 6089 3970 -180 169 -176 1
> 3971 2178 -237 201 95 1
! 3048 5176 100
! 3048 5176 100
> 5180 3693 -240 311 143 1
> 4537 2870 -308 172 126 1
> 6089 3970 -180 169 -176 1
> 3971 2178 -237 201 95 1
! -13910 3801 100
! 3348 22168 100
> 4858 4061 -273 312 145 1
> 4189 3146 -222 338 123 1
> 5809 4138 -237 142 -180 1
> 3716 2459 -289 135 92 1
! 3048 5176 100
! 3048 5176 100
> 4858 4061 -273 312 145 1
> 4189 3146 -222 338 123 1
> 5809 4138 -237 142 -180 1
> 3716 2459 -289 135 92 1
! -14144 5503 100
! 6592 22251 100
> 4500 4425 -304 309 148 1
> 3918 3571 -230 361 119 1
> 5472 4287 -286 126 176 1
> 3441 2693 -233 198 82 1
! 3048 5176 100
! 3048 5176 100
> 4500 4425 -304 309 148 1
> 3918 3571 -230 361 119 1
> 5472 4287 -286 126 176 1
> 3441 2693 -233 198 82 1
! -14306 7254 100
! 8339 22083 100
> 4107 4780 -333 301 153 1
> 3640 4020 -236 381 118 1
> 5087 4428 -327 119 171 1
> 3232 2988 -177 250 76 1
! 3048 5176 100
! 3048 5176 100
> 4107 4780 -333 301 153 1
> 3640 4020 -236 381 118 1
> 5087 4428 -327 119 171 1
> 3232 2988 -177 250 76 1
! -14345 9158 100
! 9464 21992 100
> 3735 5212 -272 443 159 1
> 3304 4394 -329 241 117 1
> 4663 4571 -360 121 166 1
> 3086 3333 -123 293 72 1
! 3048 5176 100
! 3048 5176 100
> 3735 5212 -272 443 159 1
> 3304 4394 -329 241 117 1
> 4663 4571 -360 121 166 1
> 3086 3333 -123 293 72 1
! 7278 7449 100
! 9115 22402 100
> 3363 5659 -316 380 177 2
> 2944 4730 -306 285 108 2
> 4218 4745 -378 147 148 1
> 2993 3721 -78 330 72 1
! 6303 7777 100
! 6303 7777 100
> 3363 5659 -316 380 177 2
> 2944 4730 -306 285 108 2
> 4218 4745 -378 147 148 1
> 2993 3721 -78 330 72 1
! 7129 7455 100
! 6514 6883 100
> 2953 6074 -348 352 159 2
> 2638 5115 -260 327 90 2
> 3775 4968 -376 189 130 1
> 2973 4132 -16 349 54 1
! 6303 7777 100
! 6303 7777 100
> 2953 6074 -348 352 159 2
> 2638 5115 -260 327 90 2
> 3775 4968 -376 189 130 1
> 2973 4132 -16 349 54 1
! 6622 7616 100
! 6328 7228 100
> 2527 6488 -362 352 141 2
> 2409 5537 -194 358 72 2
> 3373 5272 -220 493 112 2
> 3019 4526 -82 100 43 1
! 6303 7777 100
! 6303 7777 100
> 2527 6488 -362 352 141 2
> 2409 5537 -194 358 72 2
> 3373 5272 -220 493 112 2
> 3019 4526 -82 100 43 1
! 22944 9391 100
! 6561 7461 100
> 2110 6923 -354 370 123 2
> 2274 5976 -115 373 54 2
> 3145 5865 -193 503 94 2
> 3014 4690 -4 139 40 2
! 6303 7777 100
! 6303 7777 100
> 2110 6923 -354 370 123 2
> 2274 5976 -115 373 54 2
> 3145 5865 -193 503 94 2
> 3014 4690 -4 139 40 2
! 23093 7301 100
! 18752 17030 BOOST
> 1729 7389 -323 396 105 2
> 2150 6410 -190 371 36 2
> 3065 6463 17 505 76 2
> 3522 5230 431 459 38 2
! 6303 7777 100
! 6303 7777 100
> 1729 7389 -323 396 105 2
> 2150 6410 -190 371 36 2
> 3065 6463 17 505 76 2
> 3522 5230 431 459 38 2
! 22917 4038 100
! 18712 18239 100
> 1410 7885 -270 421 87 2
> 2055 6812 -80 341 18 2
> 3135 7053 59 501 58 2
> 4029 5754 430 445 41 2
! 6303 7777 100
! 6303 7777 100
> 1410 7885 -270 421 87 2
> 2055 6812 -80 341 18 2
> 3135 7053 59 501 58 2
> 4029 5754 430 445 41 2
! 22084 657 100
! 19621 18278 100
> 1175 8400 -199 437 69 2
> 2073 7175 14 308 13 2
> 3270 7619 114 480 40 2
> 4537 6262 431 431 39 2
! 6303 7777 100
! 6303 7777 100
> 1175 8400 -199 437 69 2
> 2073 7175 14 308 13 2
> 3270 7619 114 480 40 2
> 4537 6262 431 431 39 2
! 20569 -2417 100
! 13147 6817 100
> 1038 8915 -116 437 51 2
> 2186 7497 96 273 8 2
> 3477 8137 175 440 22 2
> 5061 6728 445 396 21 2
! 6303 7777 100
! 6303 7777 100
> 1038 8915 -116 437 51 2
> 2186 7497 96 273 8 2
> 3477 8137 175 440 22 2
> 5061 6728 445 396 21 2
! 18500 -5064 100
! 13390 7137 100
> 1005 9407 -27 418 33 2
> 2382 7777 166 237 4 2
> 3752 8585 233 380 4 2
> 5606 7129 463 340 3 2
! 6303 7777 100
! 6303 7777 100
> 1005 9407 -27 418 33 2
> 2382 7777 166 237 4 2
> 3752 8585 233 380 4 2
> 5606 7129 463 340 3 2
! 16931 -6458 100
! 13696 7471 100
> 1074 9852 58 378 15 2
> 2648 8014 226 201 0 2
> 4082 8941 280 302 -14 2
> 6169 7473 478 292 2 3
! 6303 7777 100
! 6303 7777 100
> 1074 9852 58 378 15 2
> 2648 8014 226 201 0 2
> 4082 8941 280 302 -14 2
> 6169 7473 478 292 2 3
! 13326 -8794 100
! 11659 6275 100
> 1232 10226 134 317 -3 2
> 2974 8209 276 165 -4 2
> 4447 9190 310 212 -32 2
> 6745 7744 489 230 -12 3
! 6303 7777 100
! 6303 7777 100
> 1232 10226 134 317 -3 2
> 2974 8209 276 165 -4 2
> 4447 9190 310 212 -32 2
> 6745 7744 489 230 -12 3
! 10509 -9868 100
! 11654 6614 BOOST
> 1460 10508 193 239 -21 2
> 3349 8361 318 129 -7 2
> 4822 9326 318 115 -50 2
> 7429 7929 581 157 -13 3
