@ 0 Aelyanne
@ 1 Spaceinvader
CP 4
CP 13325 5560
CP 9541 1424
CP 3638 4428
CP 7998 7889
> 12956 5898 0 0 -1 1
> 13694 5222 0 0 -1 1
> 12218 6573 0 0 -1 1
> 14432 4547 0 0 -1 1
! 3014 -11455 100
! 587 -9884 100
> 12956 5898 0 0 -1 1
> 13694 5222 0 0 -1 1
> 12218 6573 0 0 -1 1
> 14432 4547 0 0 -1 1
! 12955 5897 100
! 6003 -834 100
> 12906 5811 -42 -73 -120 1
> 13628 5146 -55 -64 -131 1
> 12292 6505 62 -57 -43 1
> 14348 4493 -71 -45 -147 1
! 2676 -11375 BOOST
! 294 -9761 BOOST
> 12906 5811 -42 -73 -120 1
> 13628 5146 -55 -64 -131 1
> 12292 6505 62 -57 -43 1
> 14348 4493 -71 -45 -147 1
! 13024 5684 100
! 5835 -941 100
> 12532 5179 -318 -536 -121 1
> 13140 4598 -415 -466 -132 1
> 12421 6373 109 -111 -48 1
> 14193 4394 -131 -83 -147 1
! -206 -10239 100
! -2077 -8379 100
> 12532 5179 -318 -536 -121 1
> 13140 4598 -415 -466 -132 1
> 12421 6373 109 -111 -48 1
> 14193 4394 -131 -83 -147 1
! 12596 5242 100
! 5609 -1086 100
> 12056 4657 -439 -410 -130 1
> 12743 3976 -302 -562 -140 1
> 12570 6170 126 -172 -66 1
> 13978 4257 -182 -116 -147 1
! 4429 -13831 100
! -6053 -2856 100
> 12056 4657 -439 -410 -130 1
> 12743 3976 -302 -562 -140 1
> 12570 6170 126 -172 -66 1
> 13978 4257 -182 -116 -147 1
! 12577 4977 100
! 5334 -1261 100
> 11579 4155 -405 -427 -112 1
> 12349 3376 -335 -510 -158 1
> 12706 5898 115 -230 -84 1
> 13712 4087 -226 -144 -147 1
! 3582 -14176 100
! -6936 -1920 100
> 11579 4155 -405 -427 -112 1
> 12349 3376 -335 -510 -158 1
> 12706 5898 115 -230 -84 1
> 13712 4087 -226 -144 -147 1
! 12180 4875 100
! 5017 -1464 100
> 11134 3636 -378 -440 -114 1
> 11918 2840 -366 -456 -165 1
> 12800 5570 79 -278 -102 1
> 13402 3889 -263 -168 -147 1
! 2752 -14523 100
! -7726 -915 100
> 11134 3636 -378 -440 -114 1
> 11918 2840 -366 -456 -165 1
> 12800 5570 79 -278 -102 1
> 13402 3889 -263 -168 -147 1
! 12173 4548 100
! 4663 -1690 100
> 10714 3105 -356 -451 -115 1
> 11454 2365 -394 -403 -169 1
> 12829 5206 24 -309 -120 1
> 13055 3667 -295 -188 -147 1
! 4416 5414 100
! -8442 335 100
> 10714 3105 -356 -451 -115 1
> 11454 2365 -394 -403 -169 1
> 12829 5206 24 -309 -120 1
> 13055 3667 -295 -188 -147 1
! 12108 4179 100
! 4278 -1934 100
> 10290 2581 -360 -445 -133 1
> 10961 1952 -419 -351 -174 1
> 12796 4815 -28 -332 -125 1
> 12676 3425 -322 -205 -147 1
! 4204 5127 100
! 4296 4979 100
> 10290 2581 -360 -445 -133 1
> 10961 1952 -419 -351 -174 1
> 12796 4815 -28 -332 -125 1
> 12676 3425 -322 -205 -147 1
! 11988 3791 100
! 3867 -2197 100
> 9804 2119 -510 -312 -151 1
> 10483 1590 -308 -387 -192 1
> 12706 4404 -76 -348 -128 1
> 12270 3166 -345 -219 -147 1
! 4071 4693 100
! -9046 5900 100
> 9804 2119 -510 -312 -151 1
> 10483 1590 -308 -387 -192 1
> 12706 4404 -76 -348 -128 1
> 12270 3166 -345 -219 -147 1
! 11799 3414 100
! 3435 -2473 100
> 9196 1788 -516 -281 -169 2
> 10077 1225 -344 -310 168 2
> 12562 3982 -122 -358 -132 1
> 11841 2893 -364 -231 -147 1
! -6668 13966 100
! 5417 6031 100
> 9196 1788 -516 -281 -169 2
> 10077 1225 -344 -310 168 2
> 12562 3982 -122 -358 -132 1
> 11841 2893 -364 -231 -147 1
! 11541 3078 100
! 2986 -2765 100
> 8581 1519 -523 -228 -187 2
> 9647 966 -365 -220 150 2
> 12365 3558 -167 -360 -138 1
> 11393 2608 -381 -242 -147 1
! -5543 15678 100
! -6779 12375 100
> 8581 1519 -523 -228 -187 2
> 9647 966 -365 -220 150 2
> 12365 3558 -167 -360 -138 1
> 11393 2608 -381 -242 -147 1
! 11255 2724 100
! 2523 -3069 100
> 7967 1333 -521 -158 -205 2
> 9200 803 -380 -138 145 2
> 12118 3138 -209 -357 -143 1
> 10928 2312 -395 -251 -147 1
! -4716 16796 100
! -6609 13053 100
> 7967 1333 -521 -158 -205 2
> 9200 803 -380 -138 145 2
> 12118 3138 -209 -357 -143 1
> 10928 2312 -395 -251 -147 1
! 10926 2389 100
! 2048 -3386 100
> 7373 1243 -505 -76 -223 2
> 8741 726 -390 -65 142 2
> 11824 2728 -249 -348 -148 1
> 10449 2007 -407 -259 -147 1
! -3612 17955 100
! -6459 13723 100
> 7373 1243 -505 -76 -223 2
> 8741 726 -390 -65 142 2
> 11824 2728 -249 -348 -148 1
> 10449 2007 -407 -259 -147 1
! 10558 2079 100
! 1577 -3736 100
> 6813 1251 -475 6 123 2
> 8275 726 -396 0 139 2
> 11486 2334 -287 -334 -153 1
> 9958 1694 -417 -266 -147 2
! -2596 18899 100
! -6261 14462 100
> 6813 1251 -475 6 123 2
> 8275 726 -396 0 139 2
> 11486 2334 -287 -334 -153 1
> 9958 1694 -417 -266 -147 2
! 10157 1802 100
! 604 6013 100
> 6291 1345 -443 80 118 2
> 7806 795 -398 58 137 2
> 11106 1963 -322 -315 -158 1
> 9444 1402 -436 -247 -165 2
! -1397 19808 100
! -6005 15260 100
> 6291 1345 -443 80 118 2
> 7806 795 -398 58 137 2
> 11106 1963 -322 -315 -158 1
> 9444 1402 -436 -247 -165 2
! 9726 1561 100
! 457 6422 100
> 5810 1517 -409 146 113 2
> 7339 925 -396 110 134 2
> 10688 1620 -355 -291 -164 1
> 8908 1160 -455 -205 -183 2
! -613 20457 100
! -5676 16110 100
> 5810 1517 -409 146 113 2
> 7339 925 -396 110 134 2
> 10688 1620 -355 -291 -164 1
> 8908 1160 -455 -205 -183 2
! 9273 1360 100
! 339 6873 100
> 5369 1758 -374 204 109 2
> 6878 1111 -391 158 131 2
> 10235 1311 -385 -262 -170 1
> 8360 991 -466 -143 -201 2
! 272 21097 100
! -5494 16824 100
> 5369 1758 -374 204 109 2
> 6878 1111 -391 158 131 2
> 10235 1311 -385 -262 -170 1
> 8360 991 -466 -143 -201 2
! 8802 1203 100
! 244 7359 100
> 4970 2059 -339 255 105 2
> 6425 1348 -384 201 128 2
> 9750 1041 -412 -229 -176 2
> 7815 910 -462 -69 142 2
! 1374 21733 100
! -4995 17766 100
> 4970 2059 -339 255 105 2
> 6425 1348 -384 201 128 2
> 9750 1041 -412 -229 -176 2
> 7815 910 -462 -69 142 2
! 8317 1091 100
! 166 7867 100
> 4613 2412 -303 300 100 2
> 5984 1631 -374 240 125 2
> 9238 815 -435 -191 178 2
> 7279 908 -455 -1 138 2
! 2787 22328 100
! -4344 18757 100
> 4613 2412 -303 300 100 2
> 5984 1631 -374 240 125 2
> 9238 815 -435 -191 178 2
> 7279 908 -455 -1 138 2
! 7826 1026 100
! 129 8407 100
> 4301 2812 -265 339 95 2
> 5558 1957 -361 276 121 2
> 8704 639 -453 -149 172 2
> 6755 979 -445 60 134 2
! 8715 6970 100
! -4286 19366 100
> 4301 2812 -265 339 95 2
> 5558 1957 -361 276 121 2
> 8704 639 -453 -149 172 2
> 6755 979 -445 60 134 2
! 7334 1012 100
! 141 8982 100
> 4058 3249 -206 371 77 2
> 5148 2320 -348 308 119 2
> 8155 516 -467 -104 165 2
> 6246 1116 -432 116 130 2
! 8321 7305 100
! -3335 20431 100
> 4058 3249 -206 371 77 2
> 5148 2320 -348 308 119 2
> 8155 516 -467 -104 165 2
> 6246 1116 -432 116 130 2
! 6851 1048 100
! 222 9594 100
> 3903 3706 -131 388 59 2
> 4758 2719 -331 338 115 2
> 7595 450 -475 -56 158 2
> 5756 1314 -416 167 125 2
! 8109 7559 100
! 8894 6973 100
> 3903 3706 -131 388 59 2
> 4758 2719 -331 338 115 2
> 7595 450 -475 -56 158 2
> 5756 1314 -416 167 125 2
! 6378 1138 100
! 391 10243 100
> 3846 4162 -48 387 42 3
> 4415 3156 -291 371 97 2
> 7033 443 -477 -5 151 2
> 5288 1567 -397 214 121 2
! 22341 11772 100
! 8634 7077 100
> 3846 4162 -48 387 42 3
> 4415 3156 -291 371 97 2
> 7033 443 -477 -5 151 2
> 5288 1567 -397 214 121 2
! 5931 1277 100
! 691 10928 100
> 3889 4590 36 364 24 3
> 4143 3625 -231 398 79 2
> 6476 498 -473 47 143 2
> 4847 1871 -374 258 116 2
! 22519 11863 100
! 8361 7263 100
> 3889 4590 36 364 24 3
> 4143 3625 -231 398 79 2
> 6476 498 -473 47 143 2
> 4847 1871 -374 258 116 2
! 5512 1466 100
! 1179 11640 100
> 4018 4990 109 340 21 3
> 3960 4111 -155 412 61 3
> 5932 616 -462 100 135 2
> 4438 2223 -347 298 111 2
! 22727 12058 BOOST
! 22676 11159 100
> 4018 4990 109 340 21 3
> 3960 4111 -155 412 61 3
> 5932 616 -462 100 135 2
> 4438 2223 -347 298 111 2
! 5130 1700 100
! 1964 12359 100
> 4314 5401 251 349 21 3
> 3878 4591 -69 408 43 3
> 5411 796 -443 153 126 2
> 4067 2618 -315 335 104 2
