@ 0 NotwenCaasi
@ 1 Aelyanne
CP 5
CP 13042 1925
CP 6573 7819
CP 7483 1362
CP 12676 7092
CP 4037 4669
> 13379 2295 0 0 -1 1
> 12705 1555 0 0 -1 1
> 14052 3034 0 0 -1 1
> 12032 816 0 0 -1 1
! 7737 6874 0
! 8671 5676 0
> 13379 2295 0 0 -1 1
> 12705 1555 0 0 -1 1
> 14052 3034 0 0 -1 1
> 12032 816 0 0 -1 1
! 6573 7819 100
! 6573 7819 100
> 13379 2295 0 0 141 1
> 12705 1555 0 0 134 1
> 13968 3088 -71 45 147 1
> 11971 895 -52 67 128 1
! 7737 6874 BOOST
! 11728 408 0
> 13379 2295 0 0 141 1
> 12705 1555 0 0 134 1
> 13968 3088 -71 45 147 1
> 11971 895 -52 67 128 1
! 6975 7564 BOOST
! 6867 7439 BOOST
> 12874 2705 -428 348 141 1
> 12705 1555 0 0 152 1
> 13350 3483 -525 336 147 1
> 11519 1475 -383 492 128 1
! 7736 6873 100
! 12656 3674 64
> 12874 2705 -428 348 141 1
> 12705 1555 0 0 152 1
> 13350 3483 -525 336 147 1
> 11519 1475 -383 492 128 1
! 9124 6185 BOOST
! 8434 5427 BOOST
> 12368 3116 -429 349 141 1
> 12660 1601 -38 38 134 1
> 12656 3927 -589 377 147 1
> 11013 2125 -430 552 128 1
