@ 0 NotwenCaasi
@ 1 Aelyanne
CP 6
CP 13113 2308
CP 4567 2173
CP 7345 4932
CP 3346 7231
CP 14593 7674
CP 10585 5059
> 13105 2808 0 0 -1 1
> 13121 1808 0 0 -1 1
> 13089 3808 0 0 -1 1
> 13137 808 0 0 -1 1
! 6062 2284 0
! 7564 2046 0
> 13105 2808 0 0 -1 1
> 13121 1808 0 0 -1 1
> 13089 3808 0 0 -1 1
> 13137 808 0 0 -1 1
! 4567 2173 100
! 4567 2173 100
> 13105 2808 0 0 -176 1
> 13121 1808 0 0 178 1
> 12991 3789 -83 -16 -169 1
> 13038 824 -83 13 171 1
! 6062 2284 BOOST
! 13194 302 0
> 13105 2808 0 0 -176 1
> 13121 1808 0 0 178 1
> 12991 3789 -83 -16 -169 1
> 13038 824 -83 13 171 1
! 5037 2263 BOOST
! 5037 2099 BOOST
> 12457 2760 -550 -40 -176 1
> 13121 1808 0 0 196 1
> 12270 3651 -613 -117 -169 1
> 12313 939 -616 97 171 1
! 6063 2281 100
! 6638 5479 100
> 12457 2760 -550 -40 -176 1
> 13121 1808 0 0 196 1
> 12270 3651 -613 -117 -169 1
> 12313 939 -616 97 171 1
! 7546 2741 BOOST
! 7561 1701 BOOST
> 11807 2713 -552 -40 -176 1
> 13021 1812 -84 3 178 1
> 11461 3496 -687 -131 -169 1
> 11500 1068 -691 109 171 1
