@ 0 NotwenCaasi
@ 1 Aelyanne
CP 4
CP 5987 4253
CP 14648 1420
CP 3429 7231
CP 9420 7268
> 5832 3778 0 0 -1 1
> 6142 4728 0 0 -1 1
> 5521 2827 0 0 -1 1
> 6453 5679 0 0 -1 1
! 13199 1807 100
! 11852 2507 100
> 5832 3778 0 0 -1 1
> 6142 4728 0 0 -1 1
> 5521 2827 0 0 -1 1
> 6453 5679 0 0 -1 1
! 14648 1420 100
! 14648 1420 100
> 5929 3752 82 -21 -15 1
> 6235 4692 79 -30 -21 1
> 5620 2812 84 -12 -9 1
> 6542 5633 75 -39 -27 1
! 13195 1792 100
! 2970 4347 0
> 5929 3752 82 -21 -15 1
> 6235 4692 79 -30 -21 1
> 5620 2812 84 -12 -9 1
> 6542 5633 75 -39 -27 1
! 14172 1488 BOOST
! 14223 1641 BOOST
> 6108 3705 151 -39 -15 1
> 6314 4662 67 -25 -39 1
> 6346 2701 617 -94 -9 1
> 7194 5294 553 -287 -27 1
! 13196 1795 BOOST
! 6390 7989 47
> 6108 3705 151 -39 -15 1
> 6314 4662 67 -25 -39 1
> 6346 2701 617 -94 -9 1
> 7194 5294 553 -287 -27 1
! 11574 1888 BOOST
! 11893 2849 BOOST
> 6887 3497 661 -176 -15 1
> 6425 4620 94 -35 -21 1
> 7161 2576 692 -106 -9 1
> 7924 4915 620 -322 -27 1
