@ 0 Aelyanne
@ 1 NotwenCaasi
CP 5
CP 7474 1369
CP 12683 7107
CP 4082 4656
CP 13041 1903
CP 6579 7842
> 7844 1033 0 0 -1 1
> 7104 1705 0 0 -1 1
> 8585 361 0 0 -1 1
> 6363 2377 0 0 -1 1
! 12683 7107 100
! 12683 7107 100
> 7844 1033 0 0 -1 1
> 7104 1705 0 0 -1 1
> 8585 361 0 0 -1 1
> 6363 2377 0 0 -1 1
! 11905 5826 70
! 10282 5310 100
> 7906 1111 52 66 51 1
> 7176 1775 61 59 44 1
> 8621 421 30 50 59 1
> 6443 2437 68 50 37 1
! 12388 6733 BOOST
! 12337 6772 BOOST
> 7906 1111 52 66 51 1
> 7176 1775 61 59 44 1
> 8621 421 30 50 59 1
> 6443 2437 68 50 37 1
! 11912 5821 BOOST
! 10165 115 100
> 8363 1685 388 488 51 1
> 7704 2286 448 434 44 1
> 8989 1026 313 514 59 1
> 6606 2519 138 69 19 1
! 23509 14745 100
! 24332 13398 100
> 8363 1685 388 488 51 1
> 7704 2286 448 434 44 1
> 8989 1026 313 514 59 1
> 6606 2519 138 69 19 1
! 11903 5826 100
! 9895 595 100
> 8828 2237 498 375 41 1
> 8234 2777 346 511 34 1
> 9354 1625 310 509 59 1
> 6844 2589 202 59 1 1
! 20731 18309 100
! 26142 11680 100
> 8828 2237 498 375 41 1
> 8234 2777 346 511 34 1
> 9354 1625 310 509 59 1
> 6844 2589 202 59 1 1
! 11903 5826 100
! 9697 1146 100
> 9339 2774 443 449 53 1
> 8567 3425 270 562 26 1
> 9865 2045 438 352 59 1
> 7142 2618 252 25 -17 1
! 21903 18334 BOOST
! 27600 9568 100
> 9339 2774 443 449 53 1
> 8567 3425 270 562 26 1
> 9865 2045 438 352 59 1
> 7142 2618 252 25 -17 1
! 11514 6168 100
! 9885 1726 100
> 9908 3379 483 513 51 1
> 8932 4018 310 503 18 1
> 10340 2490 403 378 68 1
> 7489 2612 295 -5 -18 1
