@ 0 Aelyanne
@ 1 NotwenCaasi
CP 4
CP 13523 2319
CP 12921 7241
CP 5613 2551
CP 4103 7416
> 14019 2380 0 0 -1 1
> 13027 2258 0 0 -1 1
> 15012 2501 0 0 -1 1
> 12034 2137 0 0 -1 1
! 12060 22283 100
! 15159 22143 100
> 14019 2380 0 0 -1 1
> 13027 2258 0 0 -1 1
> 15012 2501 0 0 -1 1
> 12034 2137 0 0 -1 1
! 13526 5869 47
! 12478 4689 0
> 14009 2480 -8 84 96 1
> 13038 2357 9 84 84 1
> 14993 2544 -16 36 114 1
> 12034 2137 0 0 80 1
! 11670 22342 BOOST
! 14779 22280 BOOST
> 14009 2480 -8 84 96 1
> 13038 2357 9 84 84 1
> 14993 2544 -16 36 114 1
> 12034 2137 0 0 80 1
! 13530 5871 BOOST
! 8676 4473 59
> 13915 3210 -253 626 97 1
> 13104 3089 55 621 85 1
> 14725 3175 -53 529 114 1
> 12026 2195 -7 49 98 1
! 14859 23187 100
! 11390 23015 100
> 13915 3210 -253 626 97 1
> 13104 3089 55 621 85 1
> 14725 3175 -53 529 114 1
> 12026 2195 -7 49 98 1
! 13070 5749 100
! 6084 2861 100
> 13790 3989 -124 667 87 1
> 12883 3769 -204 575 95 1
> 14762 3776 66 507 123 1
> 11975 2334 -43 117 116 1
! 8441 23260 100
! 22020 21559 100
> 13790 3989 -124 667 87 1
> 12883 3769 -204 575 95 1
> 14762 3776 66 507 123 1
> 11975 2334 -43 117 116 1
! 12728 5754 100
! 7139 3239 100
> 13640 4752 -127 648 105 1
> 12702 4441 -154 571 77 1
> 14756 4353 -4 490 136 1
> 11862 2523 -95 160 134 1
! 5890 1134 100
! 22895 21648 100
> 13640 4752 -127 648 105 1
> 12702 4441 -154 571 77 1
> 14756 4353 -4 490 136 1
> 11862 2523 -95 160 134 1
! 12933 5742 100
! 8099 3787 100
> 13458 5484 -154 621 123 1
> 12599 5098 -87 558 59 1
> 14672 4904 -71 468 143 1
> 11679 2730 -155 175 152 1
! 5855 1574 100
! 23109 22113 100
> 13458 5484 -154 621 123 1
> 12599 5098 -87 558 59 1
> 14672 4904 -71 468 143 1
> 11679 2730 -155 175 152 1
! 13140 5798 100
! 9171 4512 100
> 13241 6177 -57 667 141 1
> 12550 5732 -168 459 58 1
> 14515 5422 -133 440 150 1
> 11442 2963 -201 197 145 1
! 5661 1984 100
! 29381 16534 100
> 13241 6177 -57 667 141 1
> 12550 5732 -168 459 58 1
> 14515 5422 -133 440 150 1
> 11442 2963 -201 197 145 1
! 13270 6084 100
! 10637 5178 100
> 13090 6879 -127 597 159 2
> 12458 6256 -77 445 40 1
> 14294 5909 -188 413 152 1
> 11181 3240 -221 235 127 1
! 6258 -484 100
! 30566 14745 100
> 13090 6879 -127 597 159 2
> 12458 6256 -77 445 40 1
> 14294 5909 -188 413 152 1
> 11181 3240 -221 235 127 1
! 13317 6371 100
! 7353 4586 100
> 12863 7481 -192 511 177 2
> 12472 6743 11 414 25 1
> 14016 6365 -236 387 155 1
> 10878 3533 -257 248 145 1
! 6620 -129 100
! 5603 2199 100
> 12863 7481 -192 511 177 2
> 12472 6743 11 414 25 1
> 14016 6365 -236 387 155 1
> 10878 3533 -257 248 145 1
! 6393 1271 100
! 6860 5337 100
> 12608 8064 -202 537 195 2
> 12549 7071 50 236 7 2
> 13681 6765 -284 339 173 1
> 10530 3822 -295 245 156 1
! 6657 -226 100
! 5330 1218 100
> 12608 8064 -202 537 195 2
> 12549 7071 50 236 7 2
> 13681 6765 -284 339 173 1
> 10530 3822 -295 245 156 1
! 13208 6898 100
! 7339 5211 100
> 12322 8546 -242 409 213 2
> 12527 7333 -325 304 -11 2
> 13471 7086 127 191 164 2
> 10143 4107 -328 242 156 1
! 6910 357 100
! 7355 920 100
> 12322 8546 -242 409 213 2
> 12527 7333 -325 304 -11 2
> 13471 7086 127 191 164 2
> 10143 4107 -328 242 156 1
! 4783 1302 100
! 7118 5629 100
> 12017 8877 -258 281 231 2
> 12290 7589 -201 217 -29 2
> 13498 7273 23 158 182 2
> 9726 4394 -354 243 153 1
! 7040 996 100
! 6739 1334 100
> 12017 8877 -258 281 231 2
> 12290 7589 -201 217 -29 2
> 13498 7273 23 158 182 2
> 9726 4394 -354 243 153 1
! 5397 1067 100
! 7163 5731 100
> 11706 9073 -264 166 -122 2
> 12157 7733 -112 122 -47 2
> 13427 7396 -60 104 200 2
> 9283 4683 -376 245 152 1
! 7093 1620 BOOST
! 6247 1859 100
> 11706 9073 -264 166 -122 2
> 12157 7733 -112 122 -47 2
> 13427 7396 -60 104 200 2
> 9283 4683 -376 245 152 1
! 6362 1252 100
! 7194 5801 100
> 11337 9069 -313 -3 -122 2
> 12087 7764 -59 26 -65 2
> 13289 7438 -117 35 218 2
> 8819 4975 -394 248 152 1
