@ 0 Aelyanne
@ 1 NotwenCaasi
CP 5
CP 3585 5284
CP 13820 5050
CP 10697 2285
CP 8678 7483
CP 7182 2183
> 3574 4784 0 0 -1 1
> 3596 5784 0 0 -1 1
> 3551 3784 0 0 -1 1
> 3619 6784 0 0 -1 1
! 13820 5050 100
! 13820 5050 100
> 3574 4784 0 0 -1 1
> 3596 5784 0 0 -1 1
> 3551 3784 0 0 -1 1
> 3619 6784 0 0 -1 1
! 12332 4867 100
! 10863 5552 100
> 3674 4787 84 2 1 1
> 3696 5777 84 -6 -4 1
> 3650 3796 84 10 7 1
> 3718 6767 83 -14 -10 1
! 13344 5038 BOOST
! 13344 5084 BOOST
> 3674 4787 84 2 1 1
> 3696 5777 84 -6 -4 1
> 3650 3796 84 10 7 1
> 3718 6767 83 -14 -10 1
! 12331 4873 100
! 5424 7821 100
> 4408 4806 623 16 1 1
> 4428 5724 622 -44 -4 1
> 3833 3818 155 18 7 1
> 3900 6768 154 0 8 1
! 10598 4967 BOOST
! 10603 5277 BOOST
> 4408 4806 623 16 1 1
> 4428 5724 622 -44 -4 1
> 3833 3818 155 18 7 1
> 3900 6768 154 0 8 1
! 12331 4877 100
! 5405 7312 100
> 5231 4827 699 18 1 1
> 5249 5666 698 -49 -4 1
> 4087 3848 216 25 7 1
> 4148 6802 210 28 20 1
