@ 0 Aelyanne
@ 1 NotwenCaasi
CP 4
CP 8021 7892
CP 13295 5527
CP 9574 1409
CP 3626 4446
> 7816 7436 0 0 -1 1
> 8226 8348 0 0 -1 1
> 7407 6523 0 0 -1 1
> 8635 9261 0 0 -1 1
! 27668 5014 100
! 27252 2185 100
> 7816 7436 0 0 -1 1
> 8226 8348 0 0 -1 1
> 7407 6523 0 0 -1 1
> 8635 9261 0 0 -1 1
! 11817 5777 BOOST
! 10966 7394 100
> 7915 7424 84 -10 -7 1
> 8321 8317 80 -26 -18 1
> 8048 6415 544 -92 -10 1
> 8713 9198 66 -53 -39 1
! 27695 4468 BOOST
! 27195 1701 BOOST
> 7915 7424 84 -10 -7 1
> 8321 8317 80 -26 -18 1
> 8048 6415 544 -92 -10 1
> 8713 9198 66 -53 -39 1
! 11817 5777 100
! 7441 7962 57
> 8642 7318 617 -90 -8 1
> 9014 8076 589 -204 -19 1
> 8691 6306 546 -92 -10 1
> 8810 9097 82 -85 -57 1
! 27227 -69 100
! 26088 -2337 100
> 8642 7318 617 -90 -8 1
> 9014 8076 589 -204 -19 1
> 8691 6306 546 -92 -10 1
> 8810 9097 82 -85 -57 1
! 11816 5776 100
! 8191 7877 60
> 9297 7081 532 -248 -22 1
> 9744 7930 644 -76 -31 1
> 9336 6197 547 -92 -10 1
> 8908 8954 83 -121 -75 1
! 29117 4407 100
! 22447 -7517 100
> 9297 7081 532 -248 -22 1
> 9744 7930 644 -76 -31 1
> 9336 6197 547 -92 -10 1
> 8908 8954 83 -121 -75 1
! 11816 5775 100
! 8977 7885 60
> 9923 6906 526 -56 -8 1
> 10453 7778 602 -129 -49 1
> 9987 6002 558 -258 -10 1
> 8995 8773 73 -153 -86 1
! 27263 -3058 100
! 21719 -8746 100
> 9923 6906 526 -56 -8 1
> 10453 7778 602 -129 -49 1
> 9987 6002 558 -258 -10 1
> 8995 8773 73 -153 -86 1
! 11934 6156 100
! 9737 7903 100
> 10539 6807 523 -84 -26 1
> 11111 7566 559 -179 -56 1
> 10645 5752 559 -212 5 1
> 9105 8527 93 -209 -68 1
! 26753 -4901 100
! 18547 -11000 100
> 10539 6807 523 -84 -26 1
> 11111 7566 559 -179 -56 1
> 10645 5752 559 -212 5 1
> 9105 8527 93 -209 -68 1
! 12052 5998 100
! 10355 7835 100
> 11143 6664 513 -121 -36 1
> 11707 7294 506 -231 -68 1
> 11303 5557 558 -165 10 1
> 9262 8241 133 -243 -50 1
! 26145 -6561 100
! 17023 -11986 100
> 11143 6664 513 -121 -36 1
> 11707 7294 506 -231 -68 1
> 11303 5557 558 -165 10 1
> 9262 8241 133 -243 -50 1
! 12340 5809 100
! 10813 7690 100
> 11643 6383 389 -277 -41 1
> 12327 7061 563 -160 -75 1
> 11958 5416 556 -120 14 1
> 9480 7945 184 -251 -32 1
! 8723 2014 100
! 9139 -12683 100
> 11643 6383 389 -277 -41 1
> 12327 7061 563 -160 -75 1
> 11958 5416 556 -120 14 1
> 9480 7945 184 -251 -32 1
! 12640 5668 100
! 11208 7513 100
> 12083 6020 373 -308 -59 1
> 12885 6801 474 -220 -93 1
> 12608 5331 552 -72 20 1
> 9761 7669 238 -234 -14 1
! 8987 1893 100
! 6814 -12255 100
> 12083 6020 373 -308 -59 1
> 12885 6801 474 -220 -93 1
> 12608 5331 552 -72 20 1
> 9761 7669 238 -234 -14 1
! 12941 5573 100
! 11182 6819 100
> 12478 5614 335 -344 -77 1
> 13329 6486 377 -267 -108 1
> 13241 5318 537 -11 36 2
> 10085 7384 275 -242 -31 1
! 9289 1701 100
! -1553 -6874 100
> 12478 5614 335 -344 -77 1
> 13329 6486 377 -267 -108 1
> 13241 5318 537 -11 36 2
> 10085 7384 275 -242 -31 1
! 8075 1439 0
! 11594 6579 100
> 12804 5170 276 -377 -95 1
> 13648 6138 270 -296 -126 1
> 13778 5307 456 -9 18 2
> 10448 7095 308 -245 -28 1
! 19778 23914 100
! -3316 -4454 100
> 12804 5170 276 -377 -95 1
> 13648 6138 270 -296 -126 1
> 13778 5307 456 -9 18 2
> 10448 7095 308 -245 -28 1
! 8075 1438 0
! 11963 6294 100
> 13102 4695 253 -403 -77 1
> 13787 6020 110 -66 -144 1
> 14285 5060 437 -242 0 2
> 10844 6803 336 -247 -28 1
! 13071 24694 100
! -5157 -390 100
> 13102 4695 253 -403 -77 1
> 13787 6020 110 -66 -144 1
> 14285 5060 437 -242 0 2
> 10844 6803 336 -247 -28 1
! 8262 2135 0
! 12654 6556 100
> 13406 4206 258 -415 -59 1
> 13802 5922 12 -83 -161 1
> 14722 4818 371 -205 -18 2
> 11279 6539 369 -224 -10 1
! 9175 23753 100
! 9527 1728 100
> 13406 4206 258 -415 -59 1
> 13802 5922 12 -83 -161 1
> 14722 4818 371 -205 -18 2
> 11279 6539 369 -224 -10 1
! 8262 2134 0
! 11698 6926 100
> 13739 3725 283 -408 -41 1
> 13734 5779 -57 -121 -143 2
> 15093 4613 315 -174 -36 2
> 11747 6329 397 -178 8 1
! 7698 22790 100
! 1172 -9784 100
> 13739 3725 283 -408 -41 1
> 13734 5779 -57 -121 -143 2
> 15093 4613 315 -174 -36 2
> 11747 6329 397 -178 8 1
! 8261 2134 47
! 1894 5805 0
> 14114 3277 318 -380 -23 1
> 13614 5580 -101 -168 -129 2
> 15436 4401 291 -180 -54 2
> 12144 6151 337 -151 26 1
! 6693 21849 100
! 743 -9728 BOOST
> 14114 3277 318 -380 -23 1
> 13614 5580 -101 -168 -129 2
> 15436 4401 291 -180 -54 2
> 12144 6151 337 -151 26 1
! 8299 2198 54
! 1921 5789 0
> 14532 2888 354 -330 -5 1
> 13384 5259 -195 -272 -130 2
> 15744 4170 261 -196 -72 2
> 12481 6000 286 -128 44 1
