@ 0 NotwenCaasi
@ 1 Aelyanne
CP 5
CP 10679 2276
CP 8687 7475
CP 7206 2174
CP 3601 5258
CP 13823 5075
> 11146 2455 0 0 -1 1
> 10212 2097 0 0 -1 1
> 12080 2813 0 0 -1 1
> 9278 1739 0 0 -1 1
! 9346 6128 46
! 9449 4786 0
> 11146 2455 0 0 -1 1
> 10212 2097 0 0 -1 1
> 12080 2813 0 0 -1 1
> 9278 1739 0 0 -1 1
! 4589 21357 100
! 13514 21285 100
> 11126 2496 -17 35 116 1
> 10212 2097 0 0 106 1
> 12043 2906 -31 78 112 1
> 9299 1837 18 83 78 1
! 9342 6126 BOOST
! 10898 2400 0
> 11126 2496 -17 35 116 1
> 10212 2097 0 0 106 1
> 12043 2906 -31 78 112 1
> 9299 1837 18 83 78 1
! 3969 21203 BOOST
! 12660 21552 100
> 10822 3114 -258 525 116 1
> 10212 2097 0 0 88 1
> 11750 3579 -249 571 114 1
> 9334 2019 29 154 80 1
! 9348 6129 100
! 10749 2722 60
> 10822 3114 -258 525 116 1
> 10212 2097 0 0 88 1
> 11750 3579 -249 571 114 1
> 9334 2019 29 154 80 1
! -866 19097 100
! 11587 21891 100
> 10520 3729 -256 522 116 1
> 10233 2153 17 47 70 1
> 11438 4228 -265 551 129 1
> 9374 2272 34 215 84 1
! 9347 6129 100
! 10644 3051 60
> 10520 3729 -256 522 116 1
> 10233 2153 17 47 70 1
> 11438 4228 -265 551 129 1
> 9374 2272 34 215 84 1
! -2499 18572 100
! 10334 22248 100
> 10220 4341 -254 520 116 1
> 10275 2255 35 86 65 1
> 11103 4851 -284 529 134 1
> 9413 2587 32 267 87 1
! 9345 6128 100
! 10214 3498 100
> 10220 4341 -254 520 116 1
> 10275 2255 35 86 65 1
> 11103 4851 -284 529 134 1
> 9413 2587 32 267 87 1
! -4098 17848 100
! 9004 22582 100
> 9922 4951 -253 518 116 1
> 10321 2440 39 157 83 1
> 10743 5445 -306 504 139 1
> 9443 2954 25 311 91 1
! 7864 827 49
! 10000 3860 100
> 9922 4951 -253 518 116 1
> 10321 2440 39 157 83 1
> 10743 5445 -306 504 139 1
> 9443 2954 25 311 91 1
! -5631 16928 100
! 7645 22873 100
> 9635 5504 -244 470 134 1
> 10340 2695 16 216 101 1
> 10355 6006 -329 477 145 1
> 9459 3365 13 349 95 1
! 7897 843 53
! 9882 4220 100
> 9635 5504 -244 470 134 1
> 10340 2695 16 216 101 1
> 10355 6006 -329 477 145 1
> 9459 3365 13 349 95 1
! 7925 1130 100
! 6352 23122 100
> 9316 5975 -356 329 152 1
> 10327 3007 -10 265 107 1
> 9959 6536 -251 521 163 1
> 9456 3813 -2 380 99 1
! 9284 6924 100
! 6109 3190 100
> 9316 5975 -356 329 152 1
> 10327 3007 -10 265 107 1
> 9959 6536 -251 521 163 1
> 9456 3813 -2 380 99 1
! -9659 10425 100
! 5052 23322 100
> 8890 6376 -361 340 134 1
> 10260 3354 -56 295 125 1
> 9610 7076 -296 459 169 1
> 9432 4291 -20 405 103 1
! 9093 7092 100
! 7585 4237 100
> 8890 6376 -361 340 134 1
> 10260 3354 -56 295 125 1
> 9610 7076 -296 459 169 1
> 9432 4291 -20 405 103 1
! 7457 1783 100
! 3526 23399 100
> 8485 6806 -344 365 116 1
> 10124 3710 -115 302 143 1
> 9215 7523 -336 380 187 2
> 9382 4792 -42 425 107 1
! 8926 7221 100
! 5292 2600 100
> 8485 6806 -344 365 116 1
> 10124 3710 -115 302 143 1
> 9215 7523 -336 380 187 2
> 9382 4792 -42 425 107 1
! 12595 -12189 100
! 2617 23613 100
> 8127 7270 -304 394 98 2
> 9915 4045 -177 284 161 1
> 8788 7861 -362 287 205 2
> 9306 5311 -64 441 110 1
! 8122 987 0
! 9464 5949 100
> 8127 7270 -304 394 98 2
> 9915 4045 -177 284 161 1
> 8788 7861 -362 287 205 2
> 9306 5311 -64 441 110 1
! 14147 -11407 100
! 985 23498 100
> 7720 7576 -404 209 116 2
> 9658 4390 -218 292 143 1
> 8455 8168 -223 311 223 2
> 9200 5843 -89 452 115 1
! 8538 1485 0
! 9229 6342 100
> 7720 7576 -404 209 116 2
> 9658 4390 -218 292 143 1
> 8455 8168 -223 311 223 2
> 9200 5843 -89 452 115 1
! 13391 -11213 100
! 7400 1185 100
> 7316 7785 -343 177 134 2
> 9383 4764 -233 318 125 1
> 8183 8392 -231 190 241 2
> 9043 6369 -133 446 133 1
! 8538 1487 0
! 8843 6595 100
> 7316 7785 -343 177 134 2
> 9383 4764 -233 318 125 1
> 8183 8392 -231 190 241 2
> 9043 6369 -133 446 133 1
! 14347 -10634 100
! 7415 1472 100
> 6973 7962 -291 150 152 2
> 9121 5178 -222 351 107 1
> 7933 8484 -212 78 259 2
> 8823 6864 -187 420 151 1
! 8539 1487 0
! 8380 6756 100
> 6973 7962 -291 150 152 2
> 9121 5178 -222 351 107 1
> 7933 8484 -212 78 259 2
> 8823 6864 -187 420 151 1
! 14814 -10294 100
! 7364 1817 100
> 6682 8112 -247 127 170 2
> 8856 5620 -224 375 115 1
> 7733 8463 -170 -18 277 2
> 8538 7304 -242 373 169 2
! 8539 1489 51
! 5363 3473 58
> 6682 8112 -247 127 170 2
> 8856 5620 -224 375 115 1
> 7733 8463 -170 -18 277 2
> 8538 7304 -242 373 169 2
! 14722 -10275 100
! 12578 -12283 100
> 6385 8232 -252 101 188 2
> 8592 6037 -224 354 133 1
> 7598 8351 -114 -94 -70 2
> 8197 7666 -290 307 187 2
! 8598 1616 57
! 5699 2981 71
> 6385 8232 -252 101 188 2
> 8592 6037 -224 354 133 1
> 7598 8351 -114 -94 -70 2
> 8197 7666 -290 307 187 2
! 14110 -10558 BOOST
! 14381 -11353 100
> 6082 8308 -257 64 206 2
> 8306 6425 -243 330 151 1
> 7198 8450 -402 152 -71 2
> 8167 7549 37 -167 205 2
