@ 0 NotwenCaasi
@ 1 Aelyanne
CP 4
CP 10539 5956
CP 3581 5185
CP 13564 7613
CP 12488 1354
> 10484 6453 0 0 -1 1
> 10594 5459 0 0 -1 1
> 10374 7447 0 0 -1 1
> 10704 4465 0 0 -1 1
! 5056 5455 0
! 6578 5302 0
> 10484 6453 0 0 -1 1
> 10594 5459 0 0 -1 1
> 10374 7447 0 0 -1 1
> 10704 4465 0 0 -1 1
! 3581 5185 100
! 3581 5185 100
> 10484 6453 0 0 -170 1
> 10594 5459 0 0 -178 1
> 10279 7415 -80 -26 -162 1
> 10605 4475 -84 8 174 1
! 5056 5455 BOOST
! 10809 3965 0
> 10484 6453 0 0 -170 1
> 10594 5459 0 0 -178 1
> 10279 7415 -80 -26 -162 1
> 10605 4475 -84 8 174 1
! 4034 5332 BOOST
! 4056 5139 BOOST
> 9845 6335 -543 -99 -170 1
> 10594 5459 0 0 -160 1
> 9582 7183 -592 -196 -162 1
> 9874 4549 -621 62 174 1
! 5056 5454 100
! 11143 3154 0
> 9845 6335 -543 -99 -170 1
> 10594 5459 0 0 -160 1
> 9582 7183 -592 -196 -162 1
> 9874 4549 -621 62 174 1
! -9552 1363 BOOST
! -10125 4669 100
> 9204 6218 -545 -99 -170 1
> 10594 5459 0 0 -142 1
> 8799 6929 -665 -216 -163 1
> 9153 4612 -612 53 180 1
