@ 0 Aelyanne
@ 1 NotwenCaasi
CP 4
CP 9406 7247
CP 5949 4250
CP 14666 1396
CP 3463 7212
> 9078 7625 0 0 -1 1
> 9734 6869 0 0 -1 1
> 8423 8380 0 0 -1 1
> 10389 6114 0 0 -1 1
! -6045 -5462 100
! -7856 -2647 100
> 9078 7625 0 0 -1 1
> 9734 6869 0 0 -1 1
> 8423 8380 0 0 -1 1
> 10389 6114 0 0 -1 1
! 6719 5536 45
! 8169 5181 0
> 9002 7560 -64 -55 -139 1
> 9646 6821 -74 -40 -152 1
> 8400 8341 -19 -32 -121 1
> 10389 6114 0 0 -157 1
! -5873 -5808 BOOST
! -7766 -3018 BOOST
> 9002 7560 -64 -55 -139 1
> 9646 6821 -74 -40 -152 1
> 8400 8341 -19 -32 -121 1
> 10389 6114 0 0 -157 1
! 6714 5539 BOOST
! 7295 6686 100
> 8458 7065 -371 -570 -138 1
> 9006 6461 -543 -305 -151 1
> 8043 7757 -394 -346 -121 1
> 10289 6106 -84 -7 -175 1
! -8474 -3578 100
! -6343 -6360 100
> 8458 7065 -371 -570 -138 1
> 9006 6461 -543 -305 -151 1
> 8043 7757 -394 -346 -121 1
> 10289 6106 -84 -7 -175 1
! 7076 5239 100
! 7310 7442 100
> 7891 6509 -478 -484 -148 1
> 8577 5883 -355 -500 -140 1
> 7534 7459 -444 -231 -111 1
> 10108 6122 -154 13 -193 1
! 15960 2706 100
! -11414 6466 100
> 7891 6509 -478 -484 -148 1
> 8577 5883 -355 -500 -140 1
> 7534 7459 -444 -231 -111 1
> 10108 6122 -154 13 -193 1
! 7279 4942 100
! 7259 6825 100
> 7349 5948 -460 -476 -130 1
> 8129 5346 -380 -456 -158 1
> 7080 7129 -385 -280 -96 1
> 9857 6159 -213 31 166 1
! 15671 2436 100
! -11589 8687 100
> 7349 5948 -460 -476 -130 1
> 8129 5346 -380 -456 -158 1
> 7080 7129 -385 -280 -96 1
> 9857 6159 -213 31 166 1
! 7162 5132 100
! 7184 6480 100
> 6852 5379 -422 -483 -112 1
> 7649 4883 -407 -393 -176 1
> 6699 6749 -323 -322 -88 1
> 9545 6202 -265 36 173 1
! 15329 2155 100
! -11444 10835 100
> 6852 5379 -422 -483 -112 1
> 7649 4883 -407 -393 -176 1
> 6699 6749 -323 -322 -88 1
> 9545 6202 -265 36 173 1
! 6872 5171 100
! 7189 6136 100
> 6393 4809 -518 -428 -94 1
> 7175 4501 -274 -379 -194 1
> 6387 6328 -265 -358 -84 1
> 9180 6235 -310 28 -178 1
! 15106 1759 100
! -11054 12729 100
> 6393 4809 -518 -428 -94 1
> 7175 4501 -274 -379 -194 1
> 6387 6328 -265 -358 -84 1
> 9180 6235 -310 28 -178 1
! 6580 5103 100
! 7627 5039 100
> 5899 4284 -419 -446 -76 2
> 6810 4163 -310 -287 156 1
> 6138 5871 -212 -388 -81 1
> 8776 6229 -343 -4 -160 1
! 16832 3702 100
! -4529 20637 100
> 5899 4284 -419 -446 -76 2
> 6810 4163 -310 -287 156 1
> 6138 5871 -212 -388 -81 1
> 8776 6229 -343 -4 -160 1
! 6340 4966 100
! 6228 7051 100
> 5533 3753 -310 -451 -58 2
> 6426 3943 -326 -186 138 2
> 5948 5385 -161 -412 -77 1
> 8333 6222 -376 -5 -178 1
! 16311 3790 100
! 16461 2420 100
> 5533 3753 -310 -451 -58 2
> 6426 3943 -326 -186 138 2
> 5948 5385 -161 -412 -77 1
> 8333 6222 -376 -5 -178 1
! 15211 2793 73
! 6668 7023 100
> 5300 3238 -198 -437 -40 2
> 6050 3844 -319 -84 120 2
> 5824 4910 -105 -403 -59 1
> 7861 6245 -401 19 -196 1
! 15736 3759 100
! 16451 1866 100
> 5300 3238 -198 -437 -40 2
> 6050 3844 -319 -84 120 2
> 5824 4910 -105 -403 -59 1
> 7861 6245 -401 19 -196 1
! 15044 2847 SHIELD
! 6632 6845 100
> 5195 2764 -89 -403 -22 2
> 5737 3578 -225 -660 102 2
> 5716 4535 -95 -275 -41 2
> 7370 6308 -417 53 154 1
! 15158 3625 100
! 15786 4683 100
> 5195 2764 -89 -403 -22 2
> 5737 3578 -225 -660 102 2
> 5716 4535 -95 -275 -41 2
> 7370 6308 -417 53 154 1
! 15155 2813 100
! 6587 6596 100
> 5175 2296 -87 -527 -4 2
> 5554 3075 -85 -297 84 2
> 5621 4260 -80 -233 -23 2
> 6859 6396 -434 74 160 1
! 15127 4193 100
! 15143 3063 100
> 5175 2296 -87 -527 -4 2
> 5554 3075 -85 -297 84 2
> 5621 4260 -80 -233 -23 2
> 6859 6396 -434 74 160 1
! 15153 2814 100
! 6555 6440 100
> 5186 1788 9 -432 11 2
> 5510 2869 -37 -174 66 2
> 5541 4027 -68 -198 -9 2
> 6326 6484 -453 75 172 1
! 14616 3763 BOOST
! 14875 2381 100
> 5186 1788 9 -432 11 2
> 5510 2869 -37 -174 66 2
> 5541 4027 -68 -198 -9 2
> 6326 6484 -453 75 172 1
! 15153 2814 100
! 6554 6441 100
> 5391 1397 174 -332 12 2
> 5540 2769 25 -85 48 2
> 5473 3829 -57 -168 -7 2
> 5774 6542 -468 49 190 1
