@ 0 NotwenCaasi
@ 1 Aelyanne
CP 3
CP 11484 6091
CP 9114 1860
CP 4988 5248
> 11048 6335 0 0 -1 1
> 11920 5847 0 0 -1 1
> 10175 6824 0 0 -1 1
> 12793 5358 0 0 -1 1
! 9709 3236 48
! 10517 3853 0
> 11048 6335 0 0 -1 1
> 11920 5847 0 0 -1 1
> 10175 6824 0 0 -1 1
> 12793 5358 0 0 -1 1
! 10089 -13175 100
! 478 -10401 100
> 11029 6291 -16 -37 -113 1
> 11920 5847 0 0 -125 1
> 10175 6724 0 -84 -90 1
> 12731 5279 -52 -66 -128 1
! 9709 3236 BOOST
! 11900 5815 60
> 11029 6291 -16 -37 -113 1
> 11920 5847 0 0 -125 1
> 10175 6724 0 -84 -90 1
> 12731 5279 -52 -66 -128 1
! 9483 -13264 BOOST
! 98 -10226 BOOST
> 10854 5605 -30 -645 -113 1
> 11888 5796 -27 -43 -122 1
> 10054 6043 -221 -516 -92 1
> 12268 4709 -393 -484 -129 1
! 9183 3358 100
! 11751 5460 60
> 10854 5605 -30 -645 -113 1
> 11888 5796 -27 -43 -122 1
> 10054 6043 -221 -516 -92 1
> 12268 4709 -393 -484 -129 1
! 12767 -13772 100
! -3000 -8209 100
> 10764 4880 -76 -616 -127 1
> 11838 5697 -42 -83 -112 1
> 9847 5428 -176 -522 -82 1
> 11799 4160 -398 -466 -140 1
! 9297 3348 100
! 11574 5100 60
> 10764 4880 -76 -616 -127 1
> 11838 5697 -42 -83 -112 1
> 9847 5428 -176 -522 -82 1
> 11799 4160 -398 -466 -140 1
! 11591 -14495 100
! -4269 -7747 100
> 10619 4192 -123 -584 -134 1
> 11772 5559 -56 -117 -114 1
> 9680 4806 -142 -528 -85 1
> 11321 3634 -406 -446 -143 1
! 9400 3217 100
! 11365 4738 60
> 10619 4192 -123 -584 -134 1
> 11772 5559 -56 -117 -114 1
> 9680 4806 -142 -528 -85 1
> 11321 3634 -406 -446 -143 1
! 10321 -15183 100
! -5578 -7061 100
> 10249 3687 -377 -377 -141 1
> 11689 5388 -70 -145 -116 1
> 9541 4178 -117 -533 -88 1
> 10999 2994 -210 -597 -148 1
! 9874 2620 100
! 11125 4379 100
> 10249 3687 -377 -377 -141 1
> 11689 5388 -70 -145 -116 1
> 9541 4178 -117 -533 -88 1
> 10999 2994 -210 -597 -148 1
! 5304 6691 100
! -8975 3999 100
> 10038 3071 -136 -553 -123 1
> 11570 5156 -100 -197 -119 1
> 9175 3704 -353 -372 -106 1
> 10692 2372 -260 -528 -166 1
! 9295 2599 100
! 10979 3932 100
> 10038 3071 -136 -553 -123 1
> 11570 5156 -100 -197 -119 1
> 9175 3704 -353 -372 -106 1
> 10692 2372 -260 -528 -166 1
! 21645 -11931 100
! -8829 6718 100
> 9816 2465 -293 -391 -141 1
> 11427 4869 -121 -243 -116 1
> 8825 3232 -297 -401 -88 1
> 10340 1841 -194 -574 -184 1
! 5887 6448 66
! 10753 3510 100
> 9816 2465 -293 -391 -141 1
> 11427 4869 -121 -243 -116 1
> 8825 3232 -297 -401 -88 1
> 10340 1841 -194 -574 -184 1
! 23684 -10154 100
! -4155 15620 100
> 9461 2051 -301 -352 -159 2
> 11262 4536 -140 -282 -116 1
> 8562 2737 -223 -420 -70 1
> 10053 1304 -243 -456 -202 1
! 5962 6388 72
! 9701 3785 100
> 9461 2051 -301 -352 -159 2
> 11262 4536 -140 -282 -116 1
> 8562 2737 -223 -420 -70 1
> 10053 1304 -243 -456 -202 1
! 28078 -1634 100
! 1936 19582 100
> 9088 1696 -316 -302 -177 2
> 11052 4183 -178 -300 -134 1
> 8400 2238 -137 -424 -52 1
> 9733 912 -271 -333 -220 1
! 6072 6284 SHIELD
! 9560 3342 100
> 9088 1696 -316 -302 -177 2
> 11052 4183 -178 -300 -134 1
> 8400 2238 -137 -424 -52 1
> 9733 912 -271 -333 -220 1
! 28391 1655 100
! 7351 20769 100
> 8806 1367 -230 -287 -195 2
> 10787 3834 -225 -296 -151 1
> 8005 2030 -427 -103 -34 1
> 9409 663 -275 -211 -238 1
! 5926 6418 100
! 9373 2971 100
> 8806 1367 -230 -287 -195 2
> 10787 3834 -225 -296 -151 1
> 8005 2030 -427 -103 -34 1
> 9409 663 -275 -211 -238 1
! 27994 1382 100
! 13517 20236 100
> 8537 1121 -316 -116 -213 2
> 10477 3486 -263 -295 -149 1
> 7674 1899 -281 -111 -16 1
> 9148 508 -133 -224 -256 1
! 6396 5764 100
! 9884 1983 100
> 8537 1121 -316 -116 -213 2
> 10477 3486 -263 -295 -149 1
> 7674 1899 -281 -111 -16 1
> 9148 508 -133 -224 -256 1
! 27618 3387 100
! 13496 20029 100
> 8221 1005 -268 -98 -231 2
> 10149 3115 -278 -315 -131 1
> 7493 1791 -153 -91 2 1
> 9021 384 -107 -105 -274 1
! 6396 5763 100
! 9568 1767 100
> 8221 1005 -268 -98 -231 2
> 10149 3115 -278 -315 -131 1
> 7493 1791 -153 -91 2 1
> 9021 384 -107 -105 -274 1
! 27277 4716 100
! 15334 19361 100
> 7953 907 -227 -83 111 2
> 9831 2708 -269 -345 -113 1
> 7439 1715 -45 -64 8 1
> 8946 374 -64 -8 72 1
! 6396 5763 100
! 9213 1620 100
> 7953 907 -227 -83 111 2
> 9831 2708 -269 -345 -113 1
> 7439 1715 -45 -64 8 1
> 8946 374 -64 -8 72 1
! 27063 5572 100
! 16197 19012 100
> 7705 891 -166 -147 108 2
> 9513 2276 -270 -367 -120 2
> 7483 1699 -6 119 11 1
> 8918 459 -23 72 69 1
! 6110 6242 100
! 8904 1481 100
> 7705 891 -166 -147 108 2
> 9513 2276 -270 -367 -120 2
> 7483 1699 -6 119 11 1
> 8918 459 -23 72 69 1
! 26521 -4429 100
! 15700 19273 100
> 7510 840 -165 -43 107 2
> 9182 1830 -281 -379 -127 2
> 7576 1806 79 90 -7 1
> 8929 625 9 141 70 1
! 6439 5626 100
! 8653 1318 SHIELD
> 7510 840 -165 -43 107 2
> 9182 1830 -281 -379 -127 2
> 7576 1806 79 90 -7 1
> 8929 625 9 141 70 1
! 26212 -5451 100
! 14044 19959 100
> 7323 895 -158 46 103 2
> 8903 1490 -233 -224 -136 2
> 7748 1860 146 45 -21 1
> 8941 470 -25 -775 75 1
! 6428 4829 100
! 8029 1852 60
> 7323 895 -158 46 103 2
> 8903 1490 -233 -224 -136 2
> 7748 1860 146 45 -21 1
> 8941 470 -25 -775 75 1
! 26964 -3681 100
! 11628 20288 100
> 7143 1039 -153 121 103 2
> 8670 1266 -198 -190 -154 2
> 7990 1877 205 14 -16 1
> 8929 -206 -9 -574 82 1
! 6164 4318 100
! 7970 1845 60
> 7143 1039 -153 121 103 2
> 8670 1266 -198 -190 -154 2
> 7990 1877 205 14 -16 1
> 8929 -206 -9 -574 82 1
! 4341 5203 100
! 11232 19660 100
> 6961 1256 -154 184 107 2
> 8472 1076 -168 -161 -172 2
> 8295 1894 259 14 2 1
> 8932 -681 2 -403 83 1
! 5950 4098 100
! 7981 1914 60
> 6961 1256 -154 184 107 2
> 8472 1076 -168 -161 -172 2
> 8295 1894 259 14 2 1
> 8932 -681 2 -403 83 1
! 4421 5217 100
! 11050 19206 100
> 6773 1534 -159 236 110 2
> 8304 915 -142 -136 -190 2
> 8648 1942 300 40 20 2
> 8945 -985 10 -258 84 1
! 5826 4004 100
! 8076 2089 60
> 6773 1534 -159 236 110 2
> 8304 915 -142 -136 -190 2
> 8648 1942 300 40 20 2
> 8945 -985 10 -258 84 1
! -7175 14173 100
! 10871 18921 100
> 6578 1863 -165 279 111 2
> 8109 807 -165 -91 -208 2
> 9027 2043 322 86 38 2
> 8965 -1143 16 -134 84 1
! 5751 3957 100
! 8321 2239 60
> 6578 1863 -165 279 111 2
> 8109 807 -165 -91 -208 2
> 9027 2043 322 86 38 2
> 8965 -1143 16 -134 84 1
! -7766 12904 100
! 10655 18785 100
> 6376 2235 -171 316 112 2
> 7902 759 -175 -40 -226 2
> 9405 2212 321 143 56 2
> 8989 -1177 20 -29 85 1
! 5701 3929 100
! 8603 2386 60
> 6376 2235 -171 316 112 2
> 7902 759 -175 -40 -226 2
> 9405 2212 321 143 56 2
> 8989 -1177 20 -29 85 1
! -8307 11499 100
! 10427 18771 100
> 6168 2644 -176 347 112 2
> 7701 773 -171 11 -244 2
> 9754 2451 296 203 74 2
> 9016 -1106 23 60 86 1
! 5634 3974 100
! 8855 2490 60
> 6168 2644 -176 347 112 2
> 7701 773 -171 11 -244 2
> 9754 2451 296 203 74 2
> 9016 -1106 23 60 86 1
! -8750 10039 100
! 10101 18864 100
> 5955 3084 -181 373 112 2
> 7522 843 -152 59 -262 2
> 10047 2754 248 257 92 2
> 9044 -946 24 135 87 1
! 5505 4182 100
! 8994 2534 100
> 5955 3084 -181 373 112 2
> 7522 843 -152 59 -262 2
> 10047 2754 248 257 92 2
> 9044 -946 24 135 87 1
! -9085 8580 100
! 9729 19042 100
> 5736 3550 -186 395 112 2
> 7387 1001 -114 133 -280 2
> 10261 3105 181 298 110 2
> 9071 -711 23 199 88 1
! 12123 4734 58
! 9950 1050 100
> 5736 3550 -186 395 112 2
> 7387 1001 -114 133 -280 2
> 10261 3105 181 298 110 2
> 9071 -711 23 199 88 1
! -9335 7104 100
! 9397 19286 100
> 5546 4003 -161 384 94 2
> 7320 1222 -57 188 -298 2
> 10381 3482 101 320 128 2
> 9096 -412 20 254 89 1
! 12063 4708 64
! 8833 872 100
> 5546 4003 -161 384 94 2
> 7320 1222 -57 188 -298 2
> 10381 3482 101 320 128 2
> 9096 -412 20 254 89 1
! -9482 5816 100
! 9107 19587 100
> 5400 4449 -123 379 76 2
> 7335 1480 12 218 -316 2
> 10399 3858 15 319 146 2
> 9116 -58 17 300 90 1
! 11947 4665 70
! 7735 1158 100
> 5400 4449 -123 379 76 2
> 7335 1480 12 218 -316 2
> 10399 3858 15 319 146 2
> 9116 -58 17 300 90 1
! -9584 4664 100
! 8584 19934 100
> 5314 4888 -73 372 58 0
> 7437 1742 86 222 -334 2
> 10318 4205 -68 294 164 2
> 9130 342 12 339 92 1
! 11772 4620 100
! 6733 1749 68
> 5314 4888 -73 372 58 0
> 7437 1742 86 222 -334 2
> 10318 4205 -68 294 164 2
> 9130 342 12 339 92 1
! -9679 3907 100
! 4955 4329 100
> 5317 5325 2 371 40 0
> 7572 2011 114 228 -316 2
> 10150 4498 -142 248 -179 2
> 9109 775 -18 368 110 1
! 11476 4592 100
! 6392 2228 100
> 5317 5325 2 371 40 0
> 7572 2011 114 228 -316 2
> 10150 4498 -142 248 -179 2
> 9109 775 -18 368 110 1
! -9826 3531 BOOST
! 5016 4669 100
> 5412 5734 80 347 22 0
> 7733 2327 136 268 -298 2
> 9808 4736 -290 202 -177 2
> 9030 1222 -67 380 128 1
