@ 0 NotwenCaasi
@ 1 Aelyanne
CP 4
CP 9406 7247
CP 5949 4250
CP 14666 1396
CP 3463 7212
> 9078 7625 0 0 -1 1
> 9734 6869 0 0 -1 1
> 8423 8380 0 0 -1 1
> 10389 6114 0 0 -1 1
! 6968 5349 0
! 7841 5559 0
> 9078 7625 0 0 -1 1
> 9734 6869 0 0 -1 1
> 8423 8380 0 0 -1 1
> 10389 6114 0 0 -1 1
! -3679 -7542 100
! -8783 419 100
> 9078 7625 0 0 -133 1
> 9734 6869 0 0 -145 1
> 8362 8300 -51 -67 -127 1
> 10293 6086 -81 -24 -163 1
! 6968 5349 BOOST
! 9226 7416 0
> 9078 7625 0 0 -133 1
> 9734 6869 0 0 -145 1
> 8362 8300 -51 -67 -127 1
> 10293 6086 -81 -24 -163 1
! -3465 -7828 BOOST
! -8773 46 BOOST
> 8636 7148 -375 -405 -133 1
> 9734 6869 0 0 -163 1
> 7927 7709 -370 -502 -126 1
> 9592 5866 -595 -187 -162 1
! 6968 5350 100
! 9007 7149 60
> 8636 7148 -375 -405 -133 1
> 9734 6869 0 0 -163 1
> 7927 7709 -370 -502 -126 1
> 9592 5866 -595 -187 -162 1
! -1148 -10113 100
! -8244 -3182 100
> 8193 6670 -376 -406 -133 1
> 9674 6870 -50 1 -181 1
> 7512 7118 -353 -502 -117 1
> 8908 5634 -581 -197 -153 1
! 6968 5350 100
! 6944 7140 100
> 8193 6670 -376 -406 -133 1
> 9674 6870 -50 1 -181 1
> 7512 7118 -353 -502 -117 1
> 8908 5634 -581 -197 -153 1
! -506 -11204 100
! -8369 -4440 100
> 7873 6111 -254 -486 -133 1
> 9524 6881 -127 9 174 1
> 6995 6604 -457 -425 -114 1
> 8241 5387 -567 -210 -150 1
! 6568 5436 100
! 7047 6610 100
> 7873 6111 -254 -486 -133 1
> 9524 6881 -127 9 174 1
> 6995 6604 -457 -425 -114 1
> 8241 5387 -567 -210 -150 1
! 8964 -13298 100
! 16201 1964 100
> 7378 5882 -424 -185 -151 1
> 9298 6879 -192 -1 -174 1
> 6528 6079 -396 -445 -96 1
> 7761 4796 -403 -511 -132 1
! 6943 4683 100
! 7071 6457 100
> 7378 5882 -424 -185 -151 1
> 9298 6879 -192 -1 -174 1
> 6528 6079 -396 -445 -96 1
> 7761 4796 -403 -511 -132 1
! 12040 -13146 100
! -11645 9632 100
> 6990 5615 -256 -233 -133 1
> 9008 6859 -246 -16 -169 1
> 6049 5545 -479 -447 -78 1
> 7272 4235 -415 -477 -150 1
! 15775 2405 51
! 7650 6635 100
> 6990 5615 -256 -233 -133 1
> 9008 6859 -246 -16 -169 1
> 6049 5545 -479 -447 -78 1
> 7272 4235 -415 -477 -150 1
! 11875 -13587 100
! -5756 19408 100
> 6713 5336 -235 -237 -115 1
> 8663 6827 -292 -27 -171 1
> 5599 5002 -382 -461 -73 1
> 6759 3737 -435 -423 -168 1
! 15722 2461 58
! 7995 5889 100
> 6713 5336 -235 -237 -115 1
> 8663 6827 -292 -27 -171 1
> 5599 5002 -382 -461 -73 1
> 6759 3737 -435 -423 -168 1
! 23104 -4670 100
! -2373 21529 100
> 6471 5041 -205 -250 -97 1
> 8282 6754 -323 -62 -153 1
> 5274 4459 -276 -461 -55 1
> 6225 3324 -454 -351 -186 1
! 15617 2555 65
! 7946 5439 100
> 6471 5041 -205 -250 -97 1
> 8282 6754 -323 -62 -153 1
> 5274 4459 -276 -461 -55 1
> 6225 3324 -454 -351 -186 1
! 24883 8390 100
! 7614 23275 100
> 6279 4727 -163 -266 -79 2
> 7889 6621 -334 -113 -135 1
> 5078 3938 -166 -443 -37 1
> 5679 3013 -463 -264 -204 1
! 15449 2674 71
! 8519 5293 100
> 6279 4727 -163 -266 -79 2
> 7889 6621 -334 -113 -135 1
> 5078 3938 -166 -443 -37 1
> 5679 3013 -463 -264 -204 1
! 21481 15380 100
! 15518 20424 100
> 6151 4399 -109 -278 -61 2
> 7510 6419 -322 -172 -117 1
> 4951 3601 -196 -63 -19 1
> 5197 2677 -321 -508 -222 1
! 15213 2792 100
! 8197 5413 100
> 6151 4399 -109 -278 -61 2
> 7510 6419 -322 -172 -117 1
> 4951 3601 -196 -63 -19 1
> 5197 2677 -321 -508 -222 1
! 22477 13235 100
! 13877 20695 100
> 6115 4053 -30 -294 -43 2
> 7173 6148 -286 -230 -99 1
> 4855 3536 -81 -55 -1 1
> 4826 2255 -315 -358 -240 1
! 14818 2888 100
! 7822 5674 100
> 6115 4053 -30 -294 -43 2
> 7173 6148 -286 -230 -99 1
> 4855 3536 -81 -55 -1 1
> 4826 2255 -315 -358 -240 1
! 21313 14898 100
! 15106 19410 100
> 6176 3717 51 -285 -25 2
> 6903 5819 -229 -279 -81 1
> 4870 3510 12 -21 17 1
> 4490 1995 -285 -221 -258 1
! 14402 2872 100
! 7426 5931 100
> 6176 3717 51 -285 -25 2
> 6903 5819 -229 -279 -81 1
> 4870 3510 12 -21 17 1
> 4490 1995 -285 -221 -258 1
! 19832 16780 100
! 16347 18100 100
> 6326 3420 127 -252 -7 2
> 6720 5451 -155 -312 -63 1
> 4964 3546 79 30 35 1
> 4215 1873 -233 -103 -276 1
! 13991 2735 100
! 6979 6169 69
> 6326 3420 127 -252 -7 2
> 6720 5451 -155 -312 -63 1
> 4964 3546 79 30 35 1
> 4215 1873 -233 -103 -276 1
! 19212 17580 100
! 17454 16863 100
> 6553 3159 192 -221 -5 2
> 6614 5091 -90 -306 -45 1
> 5114 3646 127 85 45 1
> 4022 1862 -163 -9 -294 1
! 13683 2528 100
! 6679 6280 55
> 6553 3159 192 -221 -5 2
> 6614 5091 -90 -306 -45 1
> 5114 3646 127 85 45 1
> 4022 1862 -163 -9 -294 1
! 14217 1095 100
! 18337 15828 100
> 6845 2929 247 -195 -5 2
> 6573 4760 -34 -281 -27 1
> 5330 3776 183 110 27 1
> 3926 1928 -81 55 -312 1
! 13489 2325 100
! 6447 6330 0
> 6845 2929 247 -195 -5 2
> 6573 4760 -34 -281 -27 1
> 5330 3776 183 110 27 1
> 3926 1928 -81 55 -312 1
! 14265 1155 100
! 18724 15381 100
> 7192 2725 294 -173 -5 2
> 6539 4479 -28 -238 -9 1
> 5612 3901 239 106 9 2
> 3919 2050 -5 103 42 1
! 13374 2156 100
! 6752 6292 SHIELD
> 7192 2725 294 -173 -5 2
> 6539 4479 -28 -238 -9 1
> 5612 3901 239 106 9 2
> 3919 2050 -5 103 42 1
! 13316 797 100
! 18939 15254 100
> 7586 2543 334 -154 -5 2
> 6541 4257 41 -167 9 2
> 5650 3830 -362 -272 -9 2
> 3989 2219 59 143 41 1
! 13304 2024 100
! 5903 6099 0
> 7586 2543 334 -154 -5 2
> 6541 4257 41 -167 9 2
> 5650 3830 -362 -272 -9 2
> 3989 2219 59 143 41 1
! 16637 2877 100
! 19207 15195 100
> 8020 2380 368 -138 -5 2
> 6582 4090 34 -141 27 2
> 5388 3549 -223 -238 -5 2
> 4124 2427 114 176 40 1
! 13262 1922 100
! 6001 5880 0
> 8020 2380 368 -138 -5 2
> 6582 4090 34 -141 27 2
> 5388 3549 -223 -238 -5 2
> 4124 2427 114 176 40 1
! 15918 2732 BOOST
! 19462 15261 100
> 8488 2233 397 -124 -5 2
> 6616 3949 28 -119 45 2
> 5364 3296 -20 -215 -4 2
> 4315 2667 162 204 40 1
