@ 0 Aelyanne
@ 1 NotwenCaasi
CP 4
CP 2659 6998
CP 10011 5995
CP 13948 1947
CP 8036 3276
> 2591 6503 0 0 -1 1
> 2727 7493 0 0 -1 1
> 2456 5512 0 0 -1 1
> 2862 8484 0 0 -1 1
! 10011 5995 100
! 10011 5995 100
> 2591 6503 0 0 -1 1
> 2727 7493 0 0 -1 1
> 2456 5512 0 0 -1 1
> 2862 8484 0 0 -1 1
! 8515 5900 BOOST
! 7178 6981 100
> 2691 6496 84 -5 -4 1
> 2825 7473 83 -17 -12 1
> 3105 5554 551 35 4 1
> 2956 8451 80 -27 -19 1
! 9535 6023 BOOST
! 9540 6091 BOOST
> 2691 6496 84 -5 -4 1
> 2825 7473 83 -17 -12 1
> 3105 5554 551 35 4 1
> 2956 8451 80 -27 -19 1
! 8515 5900 100
! 123 7472 54
> 3423 6446 622 -42 -4 1
> 3545 7325 611 -125 -12 1
> 3756 5595 553 35 4 1
> 3079 8391 104 -50 -37 1
! 23421 6724 100
! 23359 4608 100
> 3423 6446 622 -42 -4 1
> 3545 7325 611 -125 -12 1
> 3756 5595 553 35 4 1
> 3079 8391 104 -50 -37 1
! 8514 5901 100
! 947 7759 100
> 4141 6390 522 23 1 1
> 4258 7206 623 24 -8 1
> 4410 5632 626 -165 4 1
> 3240 8259 136 -112 -55 1
! 24094 5024 100
! 23078 440 100
> 4141 6390 522 23 1 1
> 4258 7206 623 24 -8 1
> 4410 5632 626 -165 4 1
> 3240 8259 136 -112 -55 1
! 8561 6377 100
! 3508 7099 100
> 4763 6406 528 13 -4 1
> 4975 7196 609 -8 -20 1
> 5134 5485 615 -125 10 1
> 3405 8051 140 -176 -73 1
! 24691 4718 BOOST
! 23571 -164 BOOST
> 4763 6406 528 13 -4 1
> 4975 7196 609 -8 -20 1
> 5134 5485 615 -125 10 1
> 3405 8051 140 -176 -73 1
! 8542 6293 100
! 4315 7269 100
> 5461 6306 581 -123 -5 1
> 5799 7210 712 50 -22 1
> 5846 5383 605 -86 13 1
> 3602 7793 167 -219 -55 1
