@ 0 Aelyanne
@ 1 NotwenCaasi
CP 4
CP 9548 1372
CP 3666 4425
CP 7971 7893
CP 13312 5559
> 9778 1816 0 0 -1 1
> 9318 928 0 0 -1 1
> 10239 2703 0 0 -1 1
> 8857 41 0 0 -1 1
! -9981 4909 100
! -9625 7342 100
> 9778 1816 0 0 -1 1
> 9318 928 0 0 -1 1
> 10239 2703 0 0 -1 1
> 8857 41 0 0 -1 1
! 5117 4045 0
! 5957 2490 0
> 9679 1831 -83 13 171 1
> 9223 960 -80 27 161 1
> 10239 2703 0 0 165 1
> 8857 41 0 0 140 1
! -9992 5442 BOOST
! -9560 7829 BOOST
> 9679 1831 -83 13 171 1
> 9223 960 -80 27 161 1
> 10239 2703 0 0 165 1
> 8857 41 0 0 140 1
! 5117 4045 BOOST
! 11111 2871 0
> 8957 1961 -613 110 170 1
> 8533 1210 -586 212 160 1
> 9610 2868 -534 140 165 1
> 8857 41 0 0 122 1
! -9255 10224 100
! -8252 12084 100
> 8957 1961 -613 110 170 1
> 8533 1210 -586 212 160 1
> 9610 2868 -534 140 165 1
> 8857 41 0 0 122 1
! 5116 4045 100
! 10973 2748 54
> 8295 2184 -521 259 156 1
> 7821 1405 -646 95 147 1
> 8979 3033 -536 140 165 1
> 8844 93 -10 44 104 1
! -11121 6979 100
! -5719 16124 100
> 8295 2184 -521 259 156 1
> 7821 1405 -646 95 147 1
> 8979 3033 -536 140 165 1
> 8844 93 -10 44 104 1
! 5117 4046 100
! 13365 2012 73
> 7677 2467 -525 240 166 1
> 7107 1574 -606 143 133 1
> 8346 3198 -537 140 165 1
> 8839 210 -3 99 86 1
! -11413 8429 100
! -4315 17991 100
> 7677 2467 -525 240 166 1
> 7107 1574 -606 143 133 1
> 8346 3198 -537 140 165 1
> 8839 210 -3 99 86 1
! 5117 4047 100
! 12647 2057 100
> 7057 2737 -527 229 163 1
> 6444 1799 -563 191 125 1
> 7712 3363 -538 140 165 1
> 8874 402 29 162 68 1
! -11585 9979 100
! -3512 19144 100
> 7057 2737 -527 229 163 1
> 6444 1799 -563 191 125 1
> 7712 3363 -538 140 165 1
> 8874 402 29 162 68 1
! 5117 4048 100
! 11807 2239 100
> 6437 3002 -527 225 159 1
> 5831 2077 -520 236 120 1
> 7077 3529 -539 140 165 1
> 8968 640 79 202 50 1
! -11595 11653 100
! -2511 20253 100
> 6437 3002 -527 225 159 1
> 5831 2077 -520 236 120 1
> 7077 3529 -539 140 165 1
> 8968 640 79 202 50 1
! 5117 4048 100
! 11012 2572 100
> 5741 3209 -631 145 154 1
> 5269 2404 -477 277 115 1
> 6520 3756 -433 223 165 1
> 9120 911 128 230 43 1
! -7942 17795 100
! -1241 21314 100
> 5741 3209 -631 145 154 1
> 5269 2404 -477 277 115 1
> 6520 3756 -433 223 165 1
> 9120 911 128 230 43 1
! 4969 3754 100
! 10288 2933 100
> 5082 3512 -508 359 136 1
> 4715 2687 -522 138 109 1
> 5987 3979 -453 189 -180 1
> 9298 1228 151 269 60 1
! 8769 7328 100
! 4592 22686 100
> 5082 3512 -508 359 136 1
> 4715 2687 -522 138 109 1
> 5987 3979 -453 189 -180 1
> 9298 1228 151 269 60 1
! 4756 3970 100
! 9461 3191 100
> 4526 3959 -472 379 118 1
> 4191 2925 -445 202 91 1
> 5434 4167 -470 160 -180 1
> 9470 1595 146 311 78 1
! 8372 7570 100
! 11042 21714 100
> 4526 3959 -472 379 118 1
> 4191 2925 -445 202 91 1
> 5434 4167 -470 160 -180 1
> 9470 1595 146 311 78 1
! 9390 7410 0
! 7209 3057 100
> 4036 4436 -416 405 100 2
> 3775 3223 -353 252 73 1
> 4964 4327 -399 136 -198 1
> 9606 2005 115 348 96 1
! 22470 12193 100
! 12871 21034 100
> 4036 4436 -416 405 100 2
> 3775 3223 -353 252 73 1
> 4964 4327 -399 136 -198 1
> 9606 2005 115 348 96 1
! 9390 7410 48
! 11571 3377 100
> 3633 4940 -342 428 82 2
> 3467 3564 -261 289 63 1
> 4526 4491 -372 139 -216 1
> 9742 2451 115 378 78 1
! 22827 10557 100
! 19901 14961 100
> 3633 4940 -342 428 82 2
> 3467 3564 -261 289 63 1
> 4526 4491 -372 139 -216 1
> 9742 2451 115 378 78 1
! 9376 7368 53
! 11636 3618 100
> 3334 5458 -253 440 64 2
> 3277 3924 -161 305 45 1
> 4123 4673 -342 154 -234 2
> 9907 2916 140 394 60 1
! 23068 8706 100
! 8107 7633 100
> 3334 5458 -253 440 64 2
> 3277 3924 -161 305 45 1
> 4123 4673 -342 154 -234 2
> 9907 2916 140 394 60 1
! 9338 7278 59
! 2633 1983 0
> 3150 5970 -156 435 46 2
> 3195 4290 -69 311 38 2
> 3762 4883 -306 178 -252 2
> 10047 3310 119 334 78 1
! 23120 7062 100
! 21004 13390 100
> 3150 5970 -156 435 46 2
> 3195 4290 -69 311 38 2
> 3762 4883 -306 178 -252 2
> 10047 3310 119 334 78 1
! 9267 7139 65
! 2295 2166 0
> 3082 6453 -57 410 28 2
> 3021 4438 -159 112 27 2
> 3650 5335 -83 396 -270 2
> 10166 3644 101 283 96 1
! 23067 5684 100
! 19970 15054 100
> 3082 6453 -57 410 28 2
> 3021 4438 -159 112 27 2
> 3650 5335 -83 396 -270 2
> 10166 3644 101 283 96 1
! 8278 6425 70
! 2163 2522 59
> 3123 6881 35 363 10 2
> 2947 4603 -63 140 32 2
> 3588 5798 -52 393 -288 2
> 10243 3981 65 286 114 1
! 23003 4695 100
! 20095 14894 BOOST
> 3123 6881 35 363 10 2
> 2947 4603 -63 140 32 2
> 3588 5798 -52 393 -288 2
> 10243 3981 65 286 114 1
! 8167 6406 100
! 2549 2790 100
> 3257 7233 114 299 -6 2
> 3055 4846 92 206 31 2
> 3594 6272 5 403 -306 2
> 10241 4341 -1 306 132 1
