@ 0 NotwenCaasi
@ 1 Aelyanne
CP 4
CP 14664 1380
CP 3454 7201
CP 9417 7241
CP 5989 4257
> 14894 1824 0 0 -1 1
> 14434 936 0 0 -1 1
> 15355 2711 0 0 -1 1
> 13973 49 0 0 -1 1
! 4811 6563 0
! 6059 5715 0
> 14894 1824 0 0 -1 1
> 14434 936 0 0 -1 1
> 15355 2711 0 0 -1 1
> 13973 49 0 0 -1 1
! 3454 7201 100
! 3454 7201 100
> 14894 1824 0 0 155 1
> 14434 936 0 0 150 1
> 15261 2746 -79 30 159 1
> 13890 105 -70 47 146 1
! 4811 6563 100
! 13334 -1230 0
> 14894 1824 0 0 155 1
> 14434 936 0 0 150 1
> 15261 2746 -79 30 159 1
> 13890 105 -70 47 146 1
! 3901 7031 BOOST
! 3850 6934 BOOST
> 14803 1867 -76 36 155 1
> 14434 936 0 0 168 1
> 14574 3005 -584 220 159 1
> 13283 518 -516 350 146 1
! 4809 6559 100
! 13480 -1296 0
> 14803 1867 -76 36 155 1
> 14434 936 0 0 168 1
> 14574 3005 -584 220 159 1
> 13283 518 -516 350 146 1
! 6612 6011 BOOST
! 6244 5308 BOOST
> 14636 1945 -141 66 155 1
> 14434 936 0 0 186 1
> 13803 3296 -655 247 159 1
> 12602 981 -579 393 146 1
