@ 0 Aelyanne
@ 1 NotwenCaasi
CP 4
CP 8019 3262
CP 2682 7037
CP 10040 5994
CP 13909 1923
> 8308 3670 0 0 -1 1
> 7730 2854 0 0 -1 1
> 8885 4487 0 0 -1 1
> 7153 2037 0 0 -1 1
! -10711 9854 100
! -10139 11835 100
> 8308 3670 0 0 -1 1
> 7730 2854 0 0 -1 1
> 8885 4487 0 0 -1 1
> 7153 2037 0 0 -1 1
! 4069 6467 0
! 4681 4801 0
> 8213 3701 -80 26 162 1
> 7641 2899 -75 38 153 1
> 8885 4487 0 0 158 1
> 7153 2037 0 0 132 1
! -10625 10417 BOOST
! -9986 12348 BOOST
> 8213 3701 -80 26 162 1
> 7641 2899 -75 38 153 1
> 8885 4487 0 0 158 1
> 7153 2037 0 0 132 1
! 4069 6467 BOOST
! 8055 3279 47 Incoming !!!
> 7521 3945 -588 207 160 1
> 6993 3244 -550 293 152 1
> 8284 4734 -510 210 158 1
> 7134 2080 -16 36 114 1
! -9069 15113 100
! -7828 16672 100
> 7521 3945 -588 207 160 1
> 6993 3244 -550 293 152 1
> 8284 4734 -510 210 158 1
> 7134 2080 -16 36 114 1
! 4069 6466 100
! 10939 2965 65 Incoming !!!
> 6878 4244 -479 338 146 1
> 6341 3568 -621 190 138 1
> 7682 4982 -512 210 158 1
> 7111 2181 -19 85 96 1
! -11332 12512 100
! -4713 20235 100
> 6878 4244 -479 338 146 1
> 6341 3568 -621 190 138 1
> 7682 4982 -512 210 158 1
> 7111 2181 -19 85 96 1
! 4069 6468 100
! 10144 3631 100 I'm coming for you
> 6308 4623 -484 322 156 1
> 5665 3841 -574 232 124 1
> 7078 5230 -513 210 158 1
> 7113 2364 1 155 78 1
! -11395 13929 100
! -3033 21850 100
> 6308 4623 -484 322 156 1
> 5665 3841 -574 232 124 1
> 7078 5230 -513 210 158 1
> 7113 2364 1 155 78 1
! 4070 6469 100
! 9512 3704 100 I'm coming for you
> 5735 4992 -486 313 152 1
> 5048 4163 -524 273 116 1
> 6473 5478 -514 210 158 1
> 7164 2605 43 205 60 1
! -11472 15185 100
! -2142 22825 100
> 5735 4992 -486 313 152 1
> 5048 4163 -524 273 116 1
> 6473 5478 -514 210 158 1
> 7164 2605 43 205 60 1
! 4070 6470 100
! 8938 3928 100 I'm coming for you
> 5155 5351 -608 244 149 1
> 4488 4529 -475 311 111 1
> 5875 5731 -393 276 158 1
> 7282 2877 99 230 42 1
! -8270 20174 100
! -1104 23731 100
> 5155 5351 -608 244 149 1
> 4488 4529 -475 311 111 1
> 5875 5731 -393 276 158 1
> 7282 2877 99 230 42 1
! 3909 6175 100
! 8373 4269 100 I'm coming for you
> 4480 5669 -573 270 132 1
> 3985 4936 -427 345 106 1
> 5384 6029 -416 253 167 1
> 7443 3186 136 262 52 1
! 11292 5403 100
! 182 24571 100
> 4480 5669 -573 270 132 1
> 3985 4936 -427 345 106 1
> 5384 6029 -416 253 167 1
> 7443 3186 136 262 52 1
! 3913 6288 100
! 7886 4602 100 I'm coming for you
> 3913 6110 -436 452 114 1
> 3492 5299 -464 231 101 1
> 4870 6299 -437 229 170 1
> 7613 3542 144 302 70 1
! 10725 5283 100
! 5733 25172 100
> 3913 6110 -436 452 114 1
> 3492 5299 -464 231 101 1
> 4870 6299 -437 229 170 1
> 7613 3542 144 302 70 1
! 11368 5298 0
! 7117 4912 100 I'm coming for you
> 3466 6661 -379 468 96 1
> 3039 5629 -384 280 84 1
> 4433 6528 -371 194 152 1
> 7761 3944 125 341 88 1
! 10362 5596 100
! 12706 23137 100
> 3466 6661 -379 468 96 1
> 3039 5629 -384 280 84 1
> 4433 6528 -371 194 152 1
> 7761 3944 125 341 88 1
! 11369 5299 0
! 4923 4870 100 I'm coming for you
> 3108 7227 -304 480 78 2
> 2696 6000 -291 315 66 1
> 4062 6722 -315 164 134 1
> 7859 4381 82 371 106 1
! 11517 3660 100
! 14906 21839 100
> 3108 7227 -304 480 78 2
> 2696 6000 -291 315 66 1
> 4062 6722 -315 164 134 1
> 7859 4381 82 371 106 1
! 11370 5302 0
! 8802 3170 66
> 2854 7794 -216 481 60 2
> 2466 6394 -195 335 52 1
> 3747 6886 -267 139 116 1
> 7943 4818 71 371 88 1
! 11138 3548 100
! 10205 5709 100
> 2854 7794 -216 481 60 2
> 2466 6394 -195 335 52 1
> 3747 6886 -267 139 116 1
> 7943 4818 71 371 88 1
! 11370 5302 0
! 8894 3193 100
> 2712 8342 -120 465 42 2
> 2354 6785 -95 332 34 2
> 3480 7025 -226 118 98 1
> 8048 5283 89 395 70 1
! 10660 3589 100
! 10563 4165 100
> 2712 8342 -120 465 42 2
> 2354 6785 -95 332 34 2
> 3480 7025 -226 118 98 1
> 8048 5283 89 395 70 1
! 3035 6853 61
! 9284 5359 30 I'm coming for you
> 2683 8848 -24 430 24 2
> 2355 7145 0 306 16 2
> 3227 7198 -214 146 116 2
> 8156 5702 91 355 52 1
! 10168 3688 100
! 10040 4289 100
> 2683 8848 -24 430 24 2
> 2355 7145 0 306 16 2
> 3227 7198 -214 146 116 2
> 8156 5702 91 355 52 1
! 11279 5149 0
! 2047 4265 0 Incoming !!!
> 2758 9289 64 374 6 2
> 2211 7443 -184 251 -2 2
> 3257 7349 87 129 98 2
> 8247 6057 77 301 70 1
! 9689 3944 100
! 11064 4596 100
> 2758 9289 64 374 6 2
> 2211 7443 -184 251 -2 2
> 3257 7349 87 129 98 2
> 8247 6057 77 301 70 1
! 9202 4751 49
! 1991 4490 0 Incoming !!!
> 2920 9642 137 300 -12 2
> 2122 7663 -75 187 -18 2
> 3352 7526 81 150 80 2
> 8324 6358 65 255 88 1
! 9279 4328 100
! 10464 4935 BOOST
> 2920 9642 137 300 -12 2
> 2122 7663 -75 187 -18 2
> 3352 7526 81 150 80 2
> 8324 6358 65 255 88 1
! 9328 4675 56
! 2395 5677 56 I'm coming for you
> 3144 9892 190 212 -30 2
> 2237 7788 97 106 -18 2
> 3459 7725 91 169 62 2
> 8374 6667 42 262 106 1
