@ 0 Aelyanne
@ 1 NotwenCaasi
CP 5
CP 13869 5070
CP 10672 2299
CP 8704 7446
CP 7190 2160
CP 3628 5293
> 13542 5448 0 0 -1 1
> 14196 4692 0 0 -1 1
> 12887 6203 0 0 -1 1
> 14851 3937 0 0 -1 1
! 2780 -11409 100
! -409 -8971 100
> 13542 5448 0 0 -1 1
> 14196 4692 0 0 -1 1
> 12887 6203 0 0 -1 1
> 14851 3937 0 0 -1 1
! 11412 3603 45
! 12761 3117 0
> 13488 5364 -45 -71 -123 1
> 14123 4624 -62 -58 -137 1
> 12865 6164 -18 -33 -120 1
> 14851 3937 0 0 -159 1
! 2210 -11152 100
! -851 -8633 100
> 13488 5364 -45 -71 -123 1
> 14123 4624 -62 -58 -137 1
> 12865 6164 -18 -33 -120 1
> 14851 3937 0 0 -159 1
! 11390 3615 BOOST
! 11520 3225 100
> 13387 5210 -86 -130 -124 1
> 13986 4500 -116 -105 -138 1
> 12521 5568 -292 -506 -120 1
> 14753 3916 -83 -17 -168 1
! 1493 -10869 100
! -1423 -8249 100
> 13387 5210 -86 -130 -124 1
> 13986 4500 -116 -105 -138 1
> 12521 5568 -292 -506 -120 1
> 14753 3916 -83 -17 -168 1
! 11421 3598 100
! 14169 5221 60
> 13242 5000 -123 -178 -126 1
> 13793 4331 -164 -143 -140 1
> 12180 4975 -289 -504 -119 1
> 14610 3905 -121 -9 -186 1
! 668 -10553 100
! -2098 -7812 100
> 13242 5000 -123 -178 -126 1
> 13793 4331 -164 -143 -140 1
> 12180 4975 -289 -504 -119 1
> 14610 3905 -121 -9 -186 1
! 9450 8747 55
! 13877 4719 60
> 13043 4760 -242 -112 -129 1
> 13562 4111 -122 -278 -143 1
> 11851 4434 -279 -460 -137 1
> 14434 3920 -149 13 -204 1
! 4875 -13496 100
! -5293 -2558 100
> 13043 4760 -242 -112 -129 1
> 13562 4111 -122 -278 -143 1
> 11851 4434 -279 -460 -137 1
> 14434 3920 -149 13 -204 1
! 9481 8728 59
! 13584 4196 60
> 12760 4557 -240 -172 -114 1
> 13346 3800 -183 -264 -161 1
> 11518 3949 -282 -412 -155 1
> 14228 3952 -175 26 162 1
! 3694 -13270 100
! -5768 -2084 100
> 12760 4557 -240 -172 -114 1
> 13346 3800 -183 -264 -161 1
> 11518 3949 -282 -412 -155 1
> 14228 3952 -175 26 162 1
! 9551 8683 63
! 13321 3742 60
> 12475 4296 -242 -221 -117 1
> 13067 3507 -236 -249 -163 1
> 11173 3530 -292 -356 -173 1
> 13993 3978 -199 22 180 1
! 2339 -12945 100
! -6232 -1741 100
> 12475 4296 -242 -221 -117 1
> 13067 3507 -236 -249 -163 1
> 11173 3530 -292 -356 -173 1
> 13993 3978 -199 22 180 1
! 11093 2812 70
! 13078 3413 30
> 12182 3989 -248 -261 -120 1
> 12735 3232 -282 -233 -165 1
> 10817 3145 -302 -327 -155 1
> 13765 3991 -193 10 198 1
! 866 -12502 100
! -6915 -489 100
> 12182 3989 -248 -261 -120 1
> 12735 3232 -282 -233 -165 1
> 10817 3145 -302 -327 -155 1
> 13765 3991 -193 10 198 1
! 10963 2614 72
! 12847 3133 100
> 11877 3646 -258 -291 -124 1
> 12355 2980 -323 -213 -169 1
> 10462 2769 -301 -319 -137 2
> 13491 3942 -232 -41 216 1
! 9402 8234 100
! 9578 8022 100
> 11877 3646 -258 -291 -124 1
> 12355 2980 -323 -213 -169 1
> 10462 2769 -301 -319 -137 2
> 13491 3942 -232 -41 216 1
! 9733 8536 48
! 12368 3418 100
> 11433 3442 -389 -156 -142 1
> 12040 2632 -256 -312 -187 1
> 10117 2430 -292 -288 -155 2
> 13168 3859 -274 -70 -155 1
! 14608 -16304 100
! -6701 9615 100
> 11433 3442 -389 -156 -142 1
> 12040 2632 -256 -312 -187 1
> 10117 2430 -292 -288 -155 2
> 13168 3859 -274 -70 -155 1
! 9771 8499 53
! 12017 3253 100
> 10987 3204 -378 -202 -124 1
> 11690 2355 -297 -235 160 1
> 9772 2136 -292 -250 -173 2
> 12806 3742 -308 -99 -152 1
! 20045 -14627 100
! -6032 11624 100
> 10987 3204 -378 -202 -124 1
> 11690 2355 -297 -235 160 1
> 9772 2136 -292 -250 -173 2
> 12806 3742 -308 -99 -152 1
! 9843 8421 59
! 11641 3075 100
> 10581 2906 -345 -253 -106 1
> 11304 2166 -327 -160 152 1
> 9422 1897 -297 -202 -191 2
> 12411 3593 -335 -126 -150 1
! 8997 7661 100
! 8981 7582 100
> 10581 2906 -345 -253 -106 1
> 11304 2166 -327 -160 152 1
> 9422 1897 -297 -202 -191 2
> 12411 3593 -335 -126 -150 1
! 9944 8289 65
! 11259 2874 100
> 10179 2571 -341 -285 -124 2
> 10907 2077 -337 -75 134 2
> 9068 1727 -300 -144 -209 2
> 11991 3414 -356 -152 -148 1
! 15397 21878 100
! 14889 21676 100
> 10179 2571 -341 -285 -124 2
> 10907 2077 -337 -75 134 2
> 9068 1727 -300 -144 -209 2
> 11991 3414 -356 -152 -148 1
! 10056 8095 71
! 9661 3113 100
> 9699 2247 -487 -246 -142 2
> 10585 2070 -193 -35 116 2
> 8720 1635 -296 -78 -227 2
> 11538 3238 -385 -149 -166 1
! 18245 20328 100
! 13265 21889 100
> 9699 2247 -487 -246 -142 2
> 10585 2070 -193 -35 116 2
> 8720 1635 -296 -78 -227 2
> 11538 3238 -385 -149 -166 1
! 10154 7828 100
! 9433 2927 100
> 9118 1968 -494 -237 -160 2
> 10377 2134 -176 54 98 2
> 8382 1648 -287 10 -245 2
> 11054 3074 -411 -139 -172 1
! 19824 18860 100
! 13113 21945 100
> 9118 1968 -494 -237 -160 2
> 10377 2134 -176 54 98 2
> 8382 1648 -287 10 -245 2
> 11054 3074 -411 -139 -172 1
! 10203 7394 SHIELD
! 9186 2743 100
> 9155 2002 35 30 -178 2
> 10170 2210 -325 -194 82 2
> 8032 1631 -297 -14 -263 2
> 10589 2995 -245 192 -170 1
! 12450 21728 100
! 16035 21330 100
> 9155 2002 35 30 -178 2
> 10170 2210 -325 -194 82 2
> 8032 1631 -297 -14 -263 2
> 10589 2995 -245 192 -170 1
! 10202 7516 100
! 8769 1184 100
> 9076 2059 -260 33 -196 2
> 9892 2113 -42 -67 73 2
> 7735 1617 -252 -11 -281 2
> 10256 3140 -283 123 -152 1
! 18318 19795 100
! 12086 21992 100
> 9076 2059 -260 33 -196 2
> 9892 2113 -42 -67 73 2
> 7735 1617 -252 -11 -281 2
> 10256 3140 -283 123 -152 1
! 10202 7511 100
! 8785 1546 100
> 8734 2149 -291 76 -214 2
> 9861 2145 -26 27 84 2
> 7483 1606 -214 -9 67 2
> 9904 3191 -299 43 -134 1
! 19574 18956 100
! 11434 22083 BOOST
> 8734 2149 -291 76 -214 2
> 9861 2145 -26 27 84 2
> 7483 1606 -214 -9 67 2
> 9904 3191 -299 43 -134 1
! 10202 7509 100
! 8721 1963 100
> 8382 2304 -299 131 -232 2
> 9937 2405 88 24 85 2
> 7269 1597 -181 -7 65 2
> 9485 3577 -380 524 -134 1
! 20363 18317 100
! 8202 22329 100
> 8382 2304 -299 131 -232 2
> 9937 2405 88 24 85 2
> 7269 1597 -181 -7 65 2
> 9485 3577 -380 524 -134 1
! 10202 7503 100
! 9089 -252 100
> 8050 2529 -282 191 -250 2
> 10016 2529 67 105 95 2
> 7132 1680 -116 70 64 2
> 9061 4011 -360 368 -116 1
! 20513 18170 100
! 7440 22362 100
> 8050 2529 -282 191 -250 2
> 10016 2529 67 105 95 2
> 7132 1680 -116 70 64 2
> 9061 4011 -360 368 -116 1
! 9988 6672 100
! 8177 1301 100
> 7765 2820 -241 247 -268 2
> 10070 2733 46 173 97 2
> 7066 1837 -56 133 60 2
> 8670 4284 -332 231 -108 1
! 19934 18691 100
! 6504 22412 100
> 7765 2820 -241 247 -268 2
> 10070 2733 46 173 97 2
> 7066 1837 -56 133 60 2
> 8670 4284 -332 231 -108 1
! 9286 6064 100
! 8280 1536 100
> 7552 3163 -180 291 -286 2
> 10098 3004 23 230 100 2
> 7056 2059 -8 188 62 2
> 8324 4416 -294 112 -98 1
! 19321 19333 100
! 5483 22464 100
> 7552 3163 -180 291 -286 2
> 10098 3004 23 230 100 2
> 7056 2059 -8 188 62 2
> 8324 4416 -294 112 -98 1
! 8767 5948 100
! 8351 1871 100
> 7429 3536 -104 317 -304 2
> 10098 3331 0 278 103 2
> 7088 2339 27 237 66 2
> 8031 4428 -248 10 -89 1
! 19080 19791 100
! 4394 22500 100
> 7429 3536 -104 317 -304 2
> 10098 3331 0 278 103 2
> 7088 2339 27 237 66 2
> 8031 4428 -248 10 -89 1
! 8535 5956 100
! 8333 2316 SHIELD
> 7214 3704 -434 -200 54 2
> 10069 3705 -24 317 107 2
> 7152 2669 54 280 68 2
> 7800 4461 -171 62 -82 1
! 17964 20569 100
! 3239 22502 100
> 7214 3704 -434 -200 54 2
> 10069 3705 -24 317 107 2
> 7152 2669 54 280 68 2
> 7800 4461 -171 62 -82 1
! 8420 5974 SHIELD
! 8599 2039 100
> 6791 3727 -436 272 57 2
> 10011 4116 -49 349 110 2
> 7210 2935 57 200 69 2
> 7629 4523 -145 52 -72 1
! 21805 16939 100
! 1985 22435 100
> 6791 3727 -436 272 57 2
> 10011 4116 -49 349 110 2
> 7210 2935 57 200 69 2
> 7629 4523 -145 52 -72 1
! 8293 6004 100
! 8620 2145 100
> 6430 4065 -306 287 41 2
> 9922 4557 -75 374 114 2
> 7267 3135 48 170 71 2
> 7484 4575 -123 44 -67 1
! 22081 16516 100
! 800 22355 100
> 6430 4065 -306 287 41 2
> 9922 4557 -75 374 114 2
> 7267 3135 48 170 71 2
> 7484 4575 -123 44 -67 1
! 8297 6003 100
! 8639 2287 60
> 6202 4414 -193 296 39 2
> 9801 5020 -102 393 117 2
> 7315 3305 40 144 70 2
> 7361 4619 -104 37 -63 1
! 22796 15577 100
! -147 22370 100
> 6202 4414 -193 296 39 2
> 9801 5020 -102 393 117 2
> 7315 3305 40 144 70 2
> 7361 4619 -104 37 -63 1
! 8303 6001 100
! 8655 2492 60
> 6092 4766 -93 299 34 2
> 9649 5500 -128 407 120 2
> 7355 3449 34 122 70 2
> 7288 4605 -61 -12 -59 1
! 23281 14990 100
! -1830 21877 100
> 6092 4766 -93 299 34 2
> 9649 5500 -128 407 120 2
> 7355 3449 34 122 70 2
> 7288 4605 -61 -12 -59 1
! 8302 6002 100
! 8670 3243 60
> 6085 5116 -5 297 31 2
> 9464 5989 -157 415 125 2
> 7424 3665 58 183 70 2
> 7270 4551 -15 -45 -45 1
! 23902 14200 100
! 7533 1252 100
> 6085 5116 -5 297 31 2
> 9464 5989 -157 415 125 2
> 7424 3665 58 183 70 2
> 7270 4551 -15 -45 -45 1
! 8251 6017 SHIELD
! 8216 4148 60
> 6169 5458 71 291 27 2
> 9227 6464 -201 403 143 2
> 7487 3822 56 118 71 2
> 7255 4741 -43 310 -27 1
! 24487 13484 100
! 7506 1526 100
> 6169 5458 71 291 27 2
> 9227 6464 -201 403 143 2
> 7487 3822 56 118 71 2
> 7255 4741 -43 310 -27 1
! 8061 6091 100
! 8361 3954 60
> 6332 5789 138 281 24 2
> 8931 6900 -251 370 161 3
> 7543 3940 47 100 76 2
> 7261 5016 5 233 -35 1
! 25139 12592 100
! 11476 -12937 100
> 6332 5789 138 281 24 2
> 8931 6900 -251 370 161 3
> 7543 3940 47 100 76 2
> 7261 5016 5 233 -35 1
! 8066 6089 100
! 7372 1575 73
> 6564 6104 197 267 20 2
> 8580 7272 -298 315 179 3
> 7590 4040 39 85 76 2
> 7309 5190 41 148 -53 1
! 25578 12304 100
! 13335 -12154 100
> 6564 6104 197 267 20 2
> 8580 7272 -298 315 179 3
> 7590 4040 39 85 76 2
> 7309 5190 41 148 -53 1
! 8079 6083 100
! 7020 1557 100
> 6856 6402 248 253 18 2
> 8186 7558 -334 242 197 3
> 7629 4125 33 72 77 2
> 7382 5243 61 45 -71 1
! 25951 12348 100
! 15025 -11236 100
> 6856 6402 248 253 18 2
> 8186 7558 -334 242 197 3
> 7629 4125 33 72 77 2
> 7382 5243 61 45 -71 1
! 8080 6083 100
! 6295 2010 100
> 7199 6685 291 240 17 2
> 7770 7743 -353 156 215 3
> 7684 4294 47 144 77 2
> 7444 5188 52 -46 -89 1
! 6401 1509 100
! 16501 -10250 100
> 7199 6685 291 240 17 2
> 7770 7743 -353 156 215 3
> 7684 4294 47 144 77 2
> 7444 5188 52 -46 -89 1
! 8239 6021 SHIELD
! 6338 3564 100
> 7590 6924 332 202 -1 2
> 7357 7819 -351 64 233 3
> 7739 4414 52 83 72 2
> 7387 5286 -109 265 -107 1
! 6464 1718 100
! 17725 -9283 100
> 7590 6924 332 202 -1 2
> 7357 7819 -351 64 233 3
> 7739 4414 52 83 72 2
> 7387 5286 -109 265 -107 1
! 7908 6175 100
! 7688 1588 100
> 8017 7094 362 144 -19 2
> 6973 7788 -325 -25 251 3
> 7791 4497 44 70 85 2
> 7279 5451 -91 140 -89 1
! 6882 2037 100
! 18686 -8422 100
> 8017 7094 362 144 -19 2
> 6973 7788 -325 -25 251 3
> 7791 4497 44 70 85 2
> 7279 5451 -91 140 -89 1
! 7906 6177 100
! 7900 1630 100
> 8459 7178 375 71 -37 3
> 6646 7663 -277 -106 269 3
> 7835 4567 37 59 86 2
> 7204 5492 -63 35 -81 1
! 2566 -11934 100
! 19243 -7871 100
> 8459 7178 375 71 -37 3
> 6646 7663 -277 -106 269 3
> 7835 4567 37 59 86 2
> 7204 5492 -63 35 -81 1
! 7908 6176 100
! 8540 2073 100
> 8892 7167 367 -9 -55 3
> 6398 7461 -210 -171 287 3
> 7872 4626 31 50 87 2
> 7177 5434 -22 -49 -69 1
! 1101 -11253 100
! 19368 -7762 100
> 8892 7167 367 -9 -55 3
> 6398 7461 -210 -171 287 3
> 7872 4626 31 50 87 2
> 7177 5434 -22 -49 -69 1
! 7930 6197 100
! 7938 3965 100
> 9289 7063 337 -88 -73 3
> 6245 7208 -129 -214 305 3
> 7907 4776 29 127 88 2
> 7201 5296 20 -117 -63 1
! -251 -10514 100
! 18903 -8276 100
> 9289 7063 337 -88 -73 3
> 6245 7208 -129 -214 305 3
> 7907 4776 29 127 88 2
> 7201 5296 20 -117 -63 1
! 8394 6088 100
! 6865 4005 100
> 9625 6875 285 -159 -91 3
> 6179 6917 -55 -247 -51 3
> 8085 4940 209 110 70 2
> 7122 5138 -125 -105 -81 1
! -1437 -9786 100
! 18052 -9176 100
> 9625 6875 285 -159 -91 3
> 6179 6917 -55 -247 -51 3
> 8085 4940 209 110 70 2
> 7122 5138 -125 -105 -81 1
! 7562 6845 100
! 7981 3515 100
> 9878 6621 214 -215 -109 3
> 6183 6590 3 -278 -54 3
> 8298 5150 180 178 88 2
> 7043 4944 -67 -164 -63 1
! -2392 -9172 100
! 17009 -10226 100
> 9878 6621 214 -215 -109 3
> 6183 6590 3 -278 -54 3
> 8298 5150 180 178 88 2
> 7043 4944 -67 -164 -63 1
! 7876 6627 100
! 7472 3762 100
> 10032 6326 131 -250 -127 3
> 6240 6228 48 -307 -57 3
> 8451 5424 129 233 106 2
> 7010 4686 -27 -219 -70 1
! -2997 -8847 100
! 15764 -11358 100
> 10032 6326 131 -250 -127 3
> 6240 6228 48 -307 -57 3
> 8451 5424 129 233 106 2
> 7010 4686 -27 -219 -70 1
! 8211 6555 100
! 7171 3707 60
> 10098 6000 55 -276 -131 3
> 6336 5833 81 -335 -62 3
> 8559 5755 92 281 102 2
> 6993 4408 -14 -236 -81 1
! -3650 -8524 100
! 14396 -12470 100
> 10098 6000 55 -276 -131 3
> 6336 5833 81 -335 -62 3
> 8559 5755 92 281 102 2
> 6993 4408 -14 -236 -81 1
! 8440 6640 100
! 7103 3575 30
> 10084 5651 -11 -296 -133 3
> 6457 5406 103 -362 -66 3
> 8638 6135 66 323 98 2
> 6983 4142 -8 -225 -82 1
! -4305 -8239 100
! 13007 -13490 100
> 10084 5651 -11 -296 -133 3
> 6457 5406 103 -362 -66 3
> 8638 6135 66 323 98 2
> 6983 4142 -8 -225 -82 1
! 6890 691 0
! 7081 3444 60
> 10001 5286 -70 -310 -136 3
> 6593 4950 115 -388 -71 3
> 8704 6458 56 274 116 2
> 6983 3858 0 -241 -82 1
! -5005 -7934 100
! 11453 -14450 100
> 10001 5286 -70 -310 -136 3
> 6593 4950 115 -388 -71 3
> 8704 6458 56 274 116 2
> 6983 3858 0 -241 -82 1
! 6890 691 0
! 7064 3303 60
> 9856 4910 -123 -319 -139 3
> 6732 4465 118 -412 -76 3
> 8760 6732 47 232 134 2
> 6992 3558 7 -255 -82 1
! -5737 -7614 100
! 10350 -15204 100
> 9856 4910 -123 -319 -139 3
> 6732 4465 118 -412 -76 3
> 8760 6732 47 232 134 2
> 6992 3558 7 -255 -82 1
! 6893 690 46
! 7062 3154 SHIELD
> 9655 4528 -170 -324 -141 3
> 6808 4195 11 -15 -80 3
> 8767 6986 5 215 152 3
> 7005 3279 16 -258 -80 1
! -6482 -7286 100
! 11636 -15213 100
> 9655 4528 -170 -324 -141 3
> 6808 4195 11 -15 -80 3
> 8767 6986 5 215 152 3
> 7005 3279 16 -258 -80 1
! 7156 661 53
! 7063 3016 60
> 9404 4145 -213 -325 -144 3
> 6843 4083 29 -95 -76 3
> 8720 7211 -40 190 170 3
> 7021 3021 13 -219 -78 1
! -7159 -7064 100
! 11009 -15478 100
> 9404 4145 -213 -325 -144 3
> 6843 4083 29 -95 -76 3
> 8720 7211 -40 190 170 3
> 7021 3021 13 -219 -78 1
! 7499 693 60
! 7075 2888 60
> 9108 3764 -251 -323 -146 3
> 6893 3890 42 -163 -78 3
> 8621 7393 -84 154 188 3
> 7034 2802 11 -186 -68 1
! -8282 -6113 100
! 10316 -15814 100
> 9108 3764 -251 -323 -146 3
> 6893 3890 42 -163 -78 3
> 8621 7393 -84 154 188 3
> 7034 2802 11 -186 -68 1
! 7908 844 67
! 7086 2788 60
> 8770 3392 -287 -316 -150 3
> 6952 3628 50 -222 -80 3
> 8477 7518 -122 106 206 3
> 7045 2616 9 -158 -50 1
! 4405 6148 100
! 9798 -16168 100
> 8770 3392 -287 -316 -150 3
> 6952 3628 50 -222 -80 3
> 8477 7518 -122 106 206 3
> 7045 2616 9 -158 -50 1
! 8322 1177 74
! 7089 2823 0
> 8385 3056 -327 -285 -168 3
> 7016 3307 54 -272 -82 3
> 8301 7573 -149 46 224 3
> 7054 2458 7 -134 -32 1
! 4343 5916 100
! 3481 6029 100
> 8385 3056 -327 -285 -168 3
> 7016 3307 54 -272 -82 3
> 8301 7573 -149 46 224 3
> 7054 2458 7 -134 -32 1
! 8623 1718 100
! 7093 2902 SHIELD
> 7959 2782 -362 -232 -186 3
> 7039 3277 16 51 -100 3
> 8105 7531 -167 -35 242 3
> 7062 2290 7 -150 -14 1
! 4197 5657 100
! 8727 -16651 100
> 7959 2782 -362 -232 -186 3
> 7039 3277 16 51 -100 3
> 8105 7531 -167 -35 242 3
> 7062 2290 7 -150 -14 1
! 8658 2467 100
! 7642 2858 60
> 7659 2692 19 -82 -204 3
> 7057 3234 -111 77 -85 3
> 7920 7398 -157 -113 260 3
> 6922 2034 -266 -325 4 1
! 3549 5631 100
! 15316 -14980 100
> 7659 2692 19 -82 -204 3
> 7057 3234 -111 77 -85 3
> 7920 7398 -157 -113 260 3
> 6922 2034 -266 -325 4 1
! 8407 3036 100
! 7864 2950 60
> 7597 2668 -52 -20 144 3
> 6985 3219 -61 -12 -67 3
> 7774 7186 -124 -180 -84 3
> 6656 1709 -226 -276 22 1
! 3873 5387 100
! 16969 -14110 100
> 7597 2668 -52 -20 144 3
> 6985 3219 -61 -12 -67 3
> 7774 7186 -124 -180 -84 3
> 6656 1709 -226 -276 22 1
! 8040 3395 100
! 7974 3128 60
> 7601 2584 20 -86 144 4
> 6837 3243 -143 35 -60 3
> 7657 6906 -99 -237 -86 3
> 6430 1433 -192 -234 40 1
! -6354 16910 100
! 19257 -12432 100
> 7601 2584 20 -86 144 4
> 6837 3243 -143 35 -60 3
> 7657 6906 -99 -237 -86 3
> 6430 1433 -192 -234 40 1
! 7768 3544 100
! 11544 3865 100
> 7551 2570 -42 -12 134 4
> 6756 3200 -68 -36 -52 3
> 7561 6569 -81 -286 -88 3
> 6328 1242 -86 -162 25 1
! -6624 16678 BOOST
! 20612 -11221 100
> 7551 2570 -42 -12 134 4
> 6756 3200 -68 -36 -52 3
> 7561 6569 -81 -286 -88 3
> 6328 1242 -86 -162 25 1
! 7598 3603 100
! 11239 4143 100
> 7470 2712 77 14 135 4
> 6336 3397 -504 273 -46 3
> 7481 6183 -67 -328 -89 3
> 6328 1131 0 -94 31 1
! -8336 14966 100
! 20714 -10504 100
> 7470 2712 77 14 135 4
> 6336 3397 -504 273 -46 3
> 7481 6183 -67 -328 -89 3
> 6328 1131 0 -94 31 1
! 7490 3629 100
! 10256 4408 100
> 7468 2787 -1 63 142 4
> 5904 3600 -367 172 -44 3
> 7414 5755 -56 -363 -90 3
> 6405 1101 65 -25 40 1
! -8580 14721 BOOST
! 21466 -8961 100
> 7468 2787 -1 63 142 4
> 5904 3600 -367 172 -44 3
> 7414 5755 -56 -363 -90 3
> 6405 1101 65 -25 40 1
! 7418 3642 100
! 8363 3088 100
> 7307 2969 -137 154 143 4
> 5615 3709 -245 92 -39 3
> 7358 5292 -47 -393 -90 3
> 6540 1147 114 39 45 1
