@ 0 NotwenCaasi
@ 1 Aelyanne
CP 3
CP 5997 5368
CP 11329 2792
CP 7520 6921
> 5779 4918 0 0 -1 1
> 6215 5818 0 0 -1 1
> 5344 4017 0 0 -1 1
> 6650 6719 0 0 -1 1
! 9929 3328 100
! 8772 4305 100
> 5779 4918 0 0 -1 1
> 6215 5818 0 0 -1 1
> 5344 4017 0 0 -1 1
> 6650 6719 0 0 -1 1
! 22958 -5455 100
! 15062 -11425 100
> 5872 4882 79 -30 -21 1
> 6301 5767 73 -43 -31 1
> 5432 3970 74 -40 -28 1
> 6692 6628 35 -77 -65 1
! 9927 3324 BOOST
! 5011 4804 0
> 5872 4882 79 -30 -21 1
> 6301 5767 73 -43 -31 1
> 5432 3970 74 -40 -28 1
> 6692 6628 35 -77 -65 1
! 23371 -4871 BOOST
! 16318 -10903 100
> 6558 4619 582 -223 -21 1
> 6374 5724 62 -36 -49 1
> 6089 3643 558 -278 -26 1
> 6775 6463 70 -139 -61 1
! 9929 3328 100
! 5634 4531 SHIELD
> 6558 4619 582 -223 -21 1
> 6374 5724 62 -36 -49 1
> 6089 3643 558 -278 -26 1
> 6775 6463 70 -139 -61 1
! 25885 795 100
! 17959 -10117 100
> 7233 4360 574 -219 -21 1
> 6428 5674 42 -47 -67 1
> 6746 3351 558 -248 -8 1
> 6985 6376 211 -20 -56 1
! 9928 3326 100
! 6355 4564 60
> 7233 4360 574 -219 -21 1
> 6428 5674 42 -47 -67 1
> 6746 3351 558 -248 -8 1
> 6985 6376 211 -20 -56 1
! 26729 2542 100
! 15132 -11889 100
> 7900 4105 567 -216 -21 1
> 6470 5627 35 -39 -85 1
> 7404 3099 559 -214 -2 1
> 7237 6265 213 -94 -66 1
! 9928 3325 100
! 6869 4474 100
> 7900 4105 567 -216 -21 1
> 6470 5627 35 -39 -85 1
> 7404 3099 559 -214 -2 1
> 7237 6265 213 -94 -66 1
! 27364 4353 100
! 17458 -10925 100
> 8560 3853 561 -214 -21 1
> 6505 5588 29 -33 -71 1
> 8063 2891 559 -176 4 1
> 7501 6085 224 -152 -59 1
! 6119 7455 0
! 7368 4445 100
> 8560 3853 561 -214 -21 1
> 6505 5588 29 -33 -71 1
> 8063 2891 559 -176 4 1
> 7501 6085 224 -152 -59 1
! 27789 6188 100
! 19654 -9798 100
> 9121 3639 476 -181 -3 1
> 6534 5555 24 -28 -53 1
> 8721 2731 558 -135 9 1
> 7786 5854 242 -196 -53 1
! 6118 7454 45
! 7827 4461 100
> 9121 3639 476 -181 -3 1
> 6534 5555 24 -28 -53 1
> 8721 2731 558 -135 9 1
> 7786 5854 242 -196 -53 1
! 27981 8120 100
! 21211 -8970 100
> 9640 3470 441 -143 15 1
> 6634 5462 85 -78 -40 1
> 9375 2623 556 -91 16 1
> 8095 5584 262 -229 -48 1
! 6094 7383 50
! 8125 4315 100
> 9640 3470 441 -143 15 1
> 6634 5462 85 -78 -40 1
> 9375 2623 556 -91 16 1
> 8095 5584 262 -229 -48 1
! 6304 7119 100
! 22320 -8474 100
> 10131 3396 437 46 33 1
> 6798 5323 139 -118 -38 1
> 10006 2546 516 -175 34 1
> 8428 5285 283 -254 -45 1
! 10662 2722 70
! 8533 4274 100
> 10131 3396 437 46 33 1
> 6798 5323 139 -118 -38 1
> 10006 2546 516 -175 34 1
> 8428 5285 283 -254 -45 1
! 24678 16136 100
! 23162 -8238 100
> 10636 3460 428 54 15 1
> 7023 5153 190 -144 -31 1
> 10595 2439 500 -90 43 1
> 8785 4963 303 -273 -43 1
! 10852 2732 71
! 8166 4133 100
> 10636 3460 428 54 15 1
> 7023 5153 190 -144 -31 1
> 10595 2439 500 -90 43 1
> 8785 4963 303 -273 -43 1
! 7095 6997 100
! 23876 -8161 100
> 11135 3510 424 42 -3 1
> 7288 4942 224 -178 -42 1
> 11144 2436 466 -2 61 2
> 9163 4624 321 -287 -41 1
! 10959 2756 65
! 6233 5300 0
> 11135 3510 424 42 -3 1
> 7288 4942 224 -178 -42 1
> 11144 2436 466 -2 61 2
> 9163 4624 321 -287 -41 1
! -3314 16254 100
! 24498 -8214 100
> 11620 3529 411 15 -21 1
> 7512 4764 190 -151 -60 1
> 11629 2532 412 81 79 2
> 9561 4273 338 -298 -40 1
! 10934 2778 57
! 6166 5396 0
> 11620 3529 411 15 -21 1
> 7512 4764 190 -151 -60 1
> 11629 2532 412 81 79 2
> 9561 4273 338 -298 -40 1
! -3906 15127 100
! 25161 -8241 100
> 12075 3511 397 167 -39 1
> 7702 4613 161 -128 -78 1
> 12029 2709 329 -32 97 2
> 9977 3912 353 -306 -39 1
! 10852 2592 54
! 6104 5489 0
> 12075 3511 397 167 -39 1
> 7702 4613 161 -128 -78 1
> 12029 2709 329 -32 97 2
> 9977 3912 353 -306 -39 1
! -3013 15889 100
! 6748 7590 100
> 12501 3633 362 103 -57 1
> 7863 4485 136 -108 -96 1
> 12316 2768 243 49 115 2
> 10424 3571 379 -290 -21 1
! 10636 2595 58
! 6039 5563 0
> 12501 3633 362 103 -57 1
> 7863 4485 136 -108 -96 1
> 12316 2768 243 49 115 2
> 10424 3571 379 -290 -21 1
! -3327 15228 100
! 6924 7377 100
> 12878 3680 320 39 -75 1
> 7999 4377 115 -91 -114 1
> 12491 2890 148 104 133 2
> 10903 3276 407 -250 -3 1
! 10443 2684 64
! 5983 5627 0
> 12878 3680 320 39 -75 1
> 7999 4377 115 -91 -114 1
> 12491 2890 148 104 133 2
> 10903 3276 407 -250 -3 1
! -3507 14892 100
! 7174 7133 100
> 13195 3655 269 -21 -93 1
> 8114 4286 97 -77 -132 1
> 12559 3054 57 139 143 2
> 11406 3052 427 -190 15 2
! 10305 2872 69
! 5909 5653 48
> 13195 3655 269 -21 -93 1
> 8114 4286 97 -77 -132 1
> 12559 3054 57 139 143 2
> 11406 3052 427 -190 15 2
! -3630 14796 BOOST
! -2803 17126 100
> 13439 3570 207 -72 -111 1
> 8170 4185 47 -86 -150 1
> 12611 3363 282 341 144 2
> 11759 2865 62 -238 33 2
