@ 0 NotwenCaasi
@ 1 Aelyanne
CP 4
CP 12462 1344
CP 10567 5998
CP 3551 5189
CP 13575 7612
> 12925 1533 0 0 -1 1
> 11999 1155 0 0 -1 1
> 13851 1910 0 0 -1 1
> 11073 778 0 0 -1 1
! 11267 4672 45
! 11282 3577 0
> 12925 1533 0 0 -1 1
> 11999 1155 0 0 -1 1
> 13851 1910 0 0 -1 1
> 11073 778 0 0 -1 1
! 2758 18551 100
! 11849 20762 100
> 12904 1573 -17 33 118 1
> 11999 1155 0 0 106 1
> 13796 1993 -47 70 124 1
> 11077 878 3 84 88 1
! 11253 4665 BOOST
! 12675 1470 0
> 12904 1573 -17 33 118 1
> 11999 1155 0 0 106 1
> 13796 1993 -47 70 124 1
> 11077 878 3 84 88 1
! 2504 18500 BOOST
! 11484 20873 BOOST
> 12581 2179 -274 515 118 1
> 11999 1155 0 0 88 1
> 13382 2599 -351 515 124 1
> 11093 1612 13 623 89 1
! 11271 4674 100
! 12490 1773 60
> 12581 2179 -274 515 118 1
> 11999 1155 0 0 88 1
> 13382 2599 -351 515 124 1
> 11093 1612 13 623 89 1
! 136 17584 100
! 7797 21338 100
> 12261 2783 -272 513 118 1
> 12019 1212 17 48 70 1
> 12965 3189 -354 501 131 1
> 11090 2334 -2 613 99 1
! 11269 4673 100
! 12301 2105 60
> 12261 2783 -272 513 118 1
> 12019 1212 17 48 70 1
> 12965 3189 -354 501 131 1
> 11090 2334 -2 613 99 1
! -915 17587 100
! 6507 21801 100
> 11819 3311 -10 574 118 1
> 12054 1317 29 89 72 1
> 12673 3838 -233 560 134 1
> 11057 3042 -407 466 103 1
! 10592 4517 100
! 11135 2245 60
> 11819 3311 -10 574 118 1
> 12054 1317 29 89 72 1
> 12673 3838 -233 560 134 1
> 11057 3042 -407 466 103 1
! -5193 12825 100
! 19385 21225 100
> 11726 3946 -220 429 135 1
> 12083 1466 24 126 90 1
> 12364 4455 -121 634 152 1
> 10658 3608 -338 480 85 1
! 4235 3855 100
! 11484 1253 100
> 11726 3946 -220 429 135 1
> 12083 1466 24 126 90 1
> 12364 4455 -121 634 152 1
> 10658 3608 -338 480 85 1
! -7431 7304 100
! 23812 18672 100
> 11417 4420 -263 402 153 1
> 12075 1687 -6 187 108 1
> 12145 5106 -186 553 170 1
> 10359 4180 -254 486 67 1
! 4372 3934 100
! 11877 1765 100
> 11417 4420 -263 402 153 1
> 12075 1687 -6 187 108 1
> 12145 5106 -186 553 170 1
> 10359 4180 -254 486 67 1
! -7287 374 100
! 25327 17444 100
> 11055 4837 -307 354 171 1
> 12010 1954 -55 227 126 1
> 11860 5645 -242 458 188 1
> 10170 4742 -160 477 49 1
! 4533 4056 100
! 11318 1874 100
> 11055 4837 -307 354 171 1
> 12010 1954 -55 227 126 1
> 11860 5645 -242 458 188 1
> 10170 4742 -160 477 49 1
! -6782 -1597 100
! 26404 16423 100
> 10897 5193 -58 306 -173 1
> 11874 2239 -115 242 144 1
> 11525 6067 -284 358 -159 1
> 9843 5264 -353 439 36 1
! 3830 3716 100
! 12498 2921 100
> 10897 5193 -58 306 -173 1
> 11874 2239 -115 242 144 1
> 11525 6067 -284 358 -159 1
> 9843 5264 -353 439 36 1
! -1081 -9459 100
! 28849 11488 100
> 10741 5479 -132 242 -168 2
> 11700 2561 -148 274 126 1
> 11164 6362 -307 250 -141 1
> 9585 5734 -219 399 18 1
! 4269 3873 100
! 12377 3281 100
> 10741 5479 -132 242 -168 2
> 11700 2561 -148 274 126 1
> 11164 6362 -307 250 -141 1
> 9585 5734 -219 399 18 1
! 1215 -10988 100
! 28843 339 100
> 10512 5697 -194 185 -166 2
> 11520 2930 -152 313 108 1
> 10803 6528 -306 141 -123 2
> 9466 6133 -101 339 0 1
! 4636 4154 100
! 11967 3414 100
> 10512 5697 -194 185 -166 2
> 11520 2930 -152 313 108 1
> 10803 6528 -306 141 -123 2
> 9466 6133 -101 339 0 1
! 5227 4416 100
! 26228 -4776 100
> 10210 5817 -287 -4 -165 2
> 11367 3343 -129 351 90 1
> 10431 6646 -285 206 -141 2
> 9460 6441 -4 262 -18 1
! 5050 5209 100
! 11354 3416 100
> 10210 5817 -287 -4 -165 2
> 11367 3343 -129 351 90 1
> 10431 6646 -285 206 -141 2
> 9460 6441 -4 262 -18 1
! 5092 4074 100
! 23656 -7646 100
> 9824 5801 -328 -13 -173 2
> 11220 3792 -124 382 100 1
> 10306 6869 52 227 -154 2
> 9287 6584 -305 83 -36 1
! 5049 5248 100
! 10991 3482 100
> 9824 5801 -328 -13 -173 2
> 11220 3792 -124 382 100 1
> 10306 6869 52 227 -154 2
> 9287 6584 -305 83 -36 1
! -8160 -811 100
! 28131 -115 100
> 9397 5776 -363 -20 -173 2
> 11049 4262 -145 399 118 1
> 10266 7058 -34 160 -157 2
> 9076 6634 -179 42 -20 1
! 5048 5271 100
! 10253 5254 100
> 9397 5776 -363 -20 -173 2
> 11049 4262 -145 399 118 1
> 10266 7058 -34 160 -157 2
> 9076 6634 -179 42 -20 1
! -8252 -494 BOOST
! 28066 359 100
> 8935 5744 -392 -26 -173 2
> 10841 4739 -176 405 129 1
> 10047 7142 -186 71 -158 2
> 8992 6645 -71 9 -18 1
