@ 0 NotwenCaasi
@ 1 Aelyanne
CP 6
CP 14090 7742
CP 13900 1214
CP 10252 4928
CP 6098 2196
CP 2995 5174
CP 6305 7786
> 13590 7757 0 0 -1 1
> 14590 7727 0 0 -1 1
> 12591 7786 0 0 -1 1
> 15589 7698 0 0 -1 1
! 13830 2712 59
! 14216 4197 0
> 13590 7757 0 0 -1 1
> 14590 7727 0 0 -1 1
> 12591 7786 0 0 -1 1
> 15589 7698 0 0 -1 1
! 23032 -9272 100
! 15839 -12300 100
> 13593 7698 2 -50 -87 1
> 14590 7727 0 0 -96 1
> 12643 7701 44 -72 -59 1
> 15590 7598 1 -84 -89 1
! 13841 2712 BOOST
! 14554 10647 60
> 13593 7698 2 -50 -87 1
> 14590 7727 0 0 -96 1
> 12643 7701 44 -72 -59 1
> 15590 7598 1 -84 -89 1
! 22430 -9740 BOOST
! 15284 -12399 BOOST
> 13803 6992 305 -604 -87 1
> 14566 7672 -20 -46 -114 1
> 12829 7069 31 -532 -61 1
> 15581 6864 -7 -623 -91 1
! 13224 2552 100
! 14842 7274 60
> 13803 6992 305 -604 -87 1
> 14566 7672 -20 -46 -114 1
> 12829 7069 31 -532 -61 1
> 15581 6864 -7 -623 -91 1
! 23821 -9639 100
! 10208 -12400 100
> 14095 6289 248 -597 -97 1
> 14540 7566 -22 -89 -96 1
> 12915 6453 73 -523 -57 1
> 15547 6145 -28 -611 -106 1
! 13325 2599 100
! 14986 6885 60
> 14095 6289 248 -597 -97 1
> 14540 7566 -22 -89 -96 1
> 12915 6453 73 -523 -57 1
> 15547 6145 -28 -611 -106 1
! 22507 -11096 100
! 8662 -12632 100
> 14323 5594 193 -590 -102 1
> 14530 7418 -8 -125 -78 1
> 13036 5842 102 -519 -61 1
> 15485 5440 -53 -599 -110 1
! 13434 2639 100
! 14965 6483 60
> 14323 5594 193 -590 -102 1
> 14530 7418 -8 -125 -78 1
> 13036 5842 102 -519 -61 1
> 15485 5440 -53 -599 -110 1
! 21000 -12503 100
! 7034 -12686 100
> 14487 4908 139 -582 -107 1
> 14547 7239 14 -152 -65 1
> 13178 5231 120 -519 -67 1
> 15390 4750 -80 -586 -115 1
! 13552 2672 100
! 14827 6044 100
> 14487 4908 139 -582 -107 1
> 14547 7239 14 -152 -65 1
> 13178 5231 120 -519 -67 1
> 15390 4750 -80 -586 -115 1
! 19394 -13778 100
! 5296 -12516 100
> 14476 4256 -109 -534 -113 1
> 14584 6990 31 -211 -77 1
> 13329 4617 128 -521 -72 1
> 15371 4055 83 -610 -120 1
! 14199 2683 100
! 14716 5567 100
> 14476 4256 -109 -534 -113 1
> 14584 6990 31 -211 -77 1
> 13329 4617 128 -521 -72 1
> 15371 4055 83 -610 -120 1
! 17723 -14894 100
! -918 -7548 100
> 14350 3624 -107 -537 -100 1
> 14624 6679 34 -263 -85 1
> 13479 3998 127 -525 -77 1
> 15379 3378 7 -575 -138 1
! 10545 6399 54
! 14660 5081 100
> 14350 3624 -107 -537 -100 1
> 14624 6679 34 -263 -85 1
> 13479 3998 127 -525 -77 1
> 15379 3378 7 -575 -138 1
! 15984 -15844 100
! -2266 -6037 100
> 14321 2989 87 -594 -118 1
> 14660 6316 30 -308 -89 1
> 13515 3424 -81 -432 -83 1
> 15298 2756 -69 -528 -152 1
! 13768 2116 100
! 14642 4587 100
> 14321 2989 87 -594 -118 1
> 14660 6316 30 -308 -89 1
> 13515 3424 -81 -432 -83 1
> 15298 2756 -69 -528 -152 1
! 26733 -11584 100
! -3253 -4715 100
> 14345 2312 -160 -546 -122 1
> 14689 5908 24 -346 -91 1
> 13477 2902 -32 -444 -65 1
> 15146 2189 51 -510 -158 1
! 10673 6367 57
! 14619 4074 100
> 14345 2312 -160 -546 -122 1
> 14689 5908 24 -346 -91 1
> 13477 2902 -32 -444 -65 1
> 15146 2189 51 -510 -158 1
! 10321 5898 100
! -4835 3049 100
> 14141 1730 -173 -495 -140 2
> 14709 5462 17 -379 -92 1
> 13458 2359 -16 -461 -83 1
> 15097 1672 -41 -439 -176 1
! 10746 6344 62
! 13720 3810 100
> 14141 1730 -173 -495 -140 2
> 14709 5462 17 -379 -92 1
> 13458 2359 -16 -461 -83 1
> 15097 1672 -41 -439 -176 1
! 10277 5652 100
! -4649 4846 100
> 13941 1178 -82 -567 -158 2
> 14691 4989 -14 -401 -110 1
> 13392 1834 -142 -348 -101 1
> 14957 1249 -118 -359 171 1
! 10466 6412 67
! 13729 3320 100
> 13941 1178 -82 -567 -158 2
> 14691 4989 -14 -401 -110 1
> 13392 1834 -142 -348 -101 1
> 14957 1249 -118 -359 171 1
! 33299 -85 100
! -2420 11149 100
> 13792 607 -126 -485 -176 2
> 14627 4501 -54 -414 -120 1
> 13263 1387 -110 -380 -83 1
> 14750 936 -175 -266 153 1
! 10629 6379 72
! 13764 2817 100
> 13792 607 -126 -485 -176 2
> 14627 4501 -54 -414 -120 1
> 13263 1387 -110 -380 -83 1
> 14750 936 -175 -266 153 1
! 32912 5116 100
! 1791 16169 100
> 13596 140 -166 -397 -194 2
> 14527 3998 -84 -427 -117 1
> 13196 917 -57 -399 -65 1
> 14504 741 -208 -165 135 1
! 10830 6311 100
! 13748 2318 100
> 13596 140 -166 -397 -194 2
> 14527 3998 -84 -427 -117 1
> 13196 917 -57 -399 -65 1
> 14504 741 -208 -165 135 1
! 28848 13367 100
! 7360 19421 100
> 13407 -347 -135 -472 -212 2
> 14401 3480 -107 -440 -115 1
> 13146 588 -67 -220 -47 1
> 14251 665 -215 -64 117 1
! 10664 6370 100
! 14537 3074 100
> 13407 -347 -135 -472 -212 2
> 14401 3480 -107 -440 -115 1
> 13146 588 -67 -220 -47 1
> 14251 665 -215 -64 117 1
! 25923 15973 100
! 13946 20662 100
> 13208 -742 -168 -335 -230 2
> 14282 2941 -101 -458 -97 1
> 13167 320 17 -227 -29 1
> 14021 700 -195 29 99 2
! 10924 6268 100
! 7583 4966 49
> 13208 -742 -168 -335 -230 2
> 14282 2941 -101 -458 -97 1
> 13167 320 17 -227 -29 1
> 14021 700 -195 29 99 2
! 21756 18381 100
! 5850 18954 100
> 13003 -984 -174 -205 -248 2
> 14160 2439 -103 -427 -115 1
> 13282 74 97 -208 -11 1
> 13785 820 -200 102 114 2
! 11222 6071 100
! 7652 4959 63
> 13003 -984 -174 -205 -248 2
> 14160 2439 -103 -427 -115 1
> 13282 74 97 -208 -11 1
> 13785 820 -200 102 114 2
! 17606 19600 100
! 5253 18908 BOOST
> 12805 -1092 -168 -91 104 2
> 14014 1966 -123 -402 -133 1
> 13478 -121 166 -166 7 1
> 13500 1103 -242 240 115 2
