@ 0 NotwenCaasi
@ 1 Aelyanne
CP 4
CP 5437 2844
CP 10298 3346
CP 11205 5397
CP 7286 6633
> 5488 2347 0 0 -1 1
> 5386 3341 0 0 -1 1
> 5591 1352 0 0 -1 1
> 5283 4336 0 0 -1 1
! 8830 3041 100
! 7842 3344 100
> 5488 2347 0 0 -1 1
> 5386 3341 0 0 -1 1
> 5591 1352 0 0 -1 1
> 5283 4336 0 0 -1 1
! 24759 7059 100
! 23703 -3454 100
> 5586 2367 83 17 12 1
> 5486 3341 84 0 0 1
> 5687 1381 81 24 17 1
> 5375 4297 78 -33 -23 1
! 8829 3046 BOOST
! 4899 1874 0
> 5586 2367 83 17 12 1
> 5486 3341 84 0 0 1
> 5687 1381 81 24 17 1
> 5375 4297 78 -33 -23 1
! 24766 7379 BOOST
! 24004 -2979 BOOST
> 6305 2517 611 127 12 1
> 5570 3341 71 0 -18 1
> 6388 1600 595 186 17 1
> 6058 4028 580 -229 -21 1
! 8830 3041 100
! 5597 2058 60
> 6305 2517 611 127 12 1
> 5570 3341 71 0 -18 1
> 6388 1600 595 186 17 1
> 6058 4028 580 -229 -21 1
! 24486 10112 100
! 25888 1427 100
> 7014 2664 602 125 12 1
> 5690 3306 101 -29 -36 1
> 7073 1829 582 194 25 1
> 6737 3786 577 -205 -7 1
! 8830 3042 100
! 6217 2483 60
> 7014 2664 602 125 12 1
> 5690 3306 101 -29 -36 1
> 7073 1829 582 194 25 1
> 6737 3786 577 -205 -7 1
! 24773 11140 100
! 26709 2745 100
> 7735 2843 736 -115 12 1
> 5826 3229 115 -65 -54 1
> 7750 1966 578 61 28 1
> 7386 3646 425 203 -3 1
! 9008 3547 100
! 6834 2917 100
> 7735 2843 736 -115 12 1
> 5826 3229 115 -65 -54 1
> 7750 1966 578 61 28 1
> 7386 3646 425 203 -3 1
! 21504 16485 100
! 21650 -10372 100
> 8567 2905 712 124 29 1
> 6022 3105 166 -105 -36 1
> 8389 1970 538 -68 46 1
> 7904 3813 440 142 -21 1
! 9728 5140 100
! 7403 3117 100
> 8567 2905 712 124 29 1
> 6022 3105 166 -105 -36 1
> 8389 1970 538 -68 46 1
> 7904 3813 440 142 -21 1
! 15029 20835 100
! 20545 -11684 100
> 9347 3102 663 167 47 1
> 6283 2969 221 -115 -18 1
> 8971 1992 494 18 64 1
> 8422 3892 440 67 -39 1
! 9774 5037 100
! 7870 3217 100
> 9347 3102 663 167 47 1
> 6283 2969 221 -115 -18 1
> 8971 1992 494 18 64 1
> 8422 3892 440 67 -39 1
! 13327 21511 100
! 19976 -12432 100
> 10052 3360 599 218 65 2
> 6604 2854 272 -97 0 1
> 9487 2108 438 98 77 1
> 8920 3877 423 -12 -55 1
! 10106 4997 100
! 8082 4118 100
> 10052 3360 599 218 65 2
> 6604 2854 272 -97 0 1
> 9487 2108 438 98 77 1
> 8920 3877 423 -12 -55 1
! 6912 21941 100
! 10280 5423 100
> 10663 3677 519 269 83 2
> 6971 2788 312 -56 18 1
> 9916 2306 364 167 95 1
> 9423 3805 427 -61 -37 1
! 10405 4983 100
! 8461 4025 100
> 10663 3677 519 269 83 2
> 6971 2788 312 -56 18 1
> 9916 2306 364 167 95 1
> 9423 3805 427 -61 -37 1
! 5055 21706 100
! 10533 5492 100
> 11163 4044 425 312 101 2
> 7364 2791 333 2 36 1
> 10256 2570 288 224 104 1
> 9945 3712 443 -79 -19 2
! 10660 4997 100
! 8869 3868 100
> 11163 4044 425 312 101 2
> 7364 2791 333 2 36 1
> 10256 2570 288 224 104 1
> 9945 3712 443 -79 -19 2
! -3957 16640 100
! 12780 23510 100
> 11541 4444 321 340 118 2
> 7778 2851 352 51 36 1
> 10493 2831 216 -80 122 2
> 10486 3679 444 274 -1 2
! 10859 5030 100
! 9304 3814 100
> 11541 4444 321 340 118 2
> 7778 2851 352 51 36 1
> 10493 2831 216 -80 122 2
> 10486 3679 444 274 -1 2
! 10778 22828 100
! 7906 23512 100
> 11790 4854 211 348 136 2
> 8215 2955 371 88 32 1
> 10685 2848 162 14 104 2
> 11025 3983 458 258 17 2
! 10999 5056 100
! 9699 4013 100
> 11790 4854 211 348 136 2
> 8215 2955 371 88 32 1
> 10685 2848 162 14 104 2
> 11025 3983 458 258 17 2
! 10371 22845 100
! 2737 22185 100
> 11911 5246 103 333 154 2
> 8667 3101 384 124 35 1
> 10845 2962 136 96 91 2
> 11565 4299 458 268 35 2
! 11099 5053 100
! 10075 4235 100
> 11911 5246 103 333 154 2
> 8667 3101 384 124 35 1
> 10845 2962 136 96 91 2
> 11565 4299 458 268 35 2
! 9546 22919 100
! -4946 15584 100
> 11915 5593 3 295 172 2
> 9129 3288 392 158 39 1
> 10975 3158 110 166 94 2
> 12083 4647 440 295 53 2
! 11202 5029 100
! 10421 4484 100
> 11915 5593 3 295 172 2
> 9129 3288 392 158 39 1
> 10975 3158 110 166 94 2
> 12083 4647 440 295 53 2
! 8933 23053 100
! -7524 8590 100
> 11819 5871 -81 236 190 2
> 9594 3514 395 192 43 1
> 11075 3423 84 225 96 2
> 12555 5037 401 331 71 2
! 11330 5031 100
! 10731 4747 100
> 11819 5871 -81 236 190 2
> 9594 3514 395 192 43 1
> 11075 3423 84 225 96 2
> 12555 5037 401 331 71 2
! 8658 23276 100
! -7375 3369 100
> 11650 6060 -144 160 208 2
> 10057 3780 393 225 47 2
> 11147 3747 61 275 97 2
> 12957 5468 341 366 89 2
! 11472 5101 100
! 10640 4469 30
> 11650 6060 -144 160 208 2
> 10057 3780 393 225 47 2
> 11147 3747 61 275 97 2
> 12957 5468 341 366 89 2
! 9148 23646 100
! -5778 -1529 100
> 11436 6148 -181 75 226 2
> 10404 4022 55 184 50 2
> 11264 4127 338 344 96 2
> 13268 5929 264 392 107 2
! 11567 5247 100
! 11141 4437 30
> 11436 6148 -181 75 226 2
> 10404 4022 55 184 50 2
> 11264 4127 338 344 96 2
> 13268 5929 264 392 107 2
! -475 20318 100
! -3673 -4700 100
> 11211 6133 -191 -12 244 2
> 10485 4222 68 169 32 2
> 11562 4563 253 370 114 2
> 13474 6403 175 402 125 2
! 11572 5420 100
! 11117 4680 30
> 11211 6133 -191 -12 244 2
> 10485 4222 68 169 32 2
> 11562 4563 253 370 114 2
> 13474 6403 175 402 125 2
! -7207 11471 100
! -1365 -7005 100
> 11006 6022 -174 -94 262 2
> 10577 4409 78 158 36 2
> 11748 5008 158 377 132 2
> 13569 6865 80 392 143 2
! 11493 5552 100
! 11075 4904 30
> 11006 6022 -174 -94 262 2
> 10577 4409 78 158 36 2
> 11748 5008 158 377 132 2
> 13569 6865 80 392 143 2
! -8132 7186 100
! 1051 -8733 100
> 10849 5829 -133 -163 280 3
> 10676 4588 84 152 45 2
> 11820 5435 60 363 150 2
> 13554 7289 -12 360 161 2
! 8234 7795 48
! 11036 5092 60
> 10849 5829 -133 -163 280 3
> 10676 4588 84 152 45 2
> 11820 5435 60 363 150 2
> 13554 7289 -12 360 161 2
! -5824 -3981 100
! 3758 -10147 100
> 10709 5618 -118 -178 262 3
> 10795 4789 101 170 54 2
> 11782 5819 -32 326 168 2
> 13442 7650 -95 307 179 2
! 8114 7883 54
! 10982 5275 SHIELD
> 10709 5618 -118 -178 262 3
> 10795 4789 101 170 54 2
> 11782 5819 -32 326 168 2
> 13442 7650 -95 307 179 2
! 2427 -11858 100
! 6180 -10985 100
> 10487 5981 -195 358 244 3
> 10904 4900 93 89 69 3
> 11651 6135 -111 268 186 2
> 13252 7927 -161 235 197 2
! 8003 5316 64
! 10647 5654 60
> 10487 5981 -195 358 244 3
> 10904 4900 93 89 69 3
> 11651 6135 -111 268 186 2
> 13252 7927 -161 235 197 2
! 7873 -13505 100
! 8669 -11540 100
> 10247 6293 -203 265 226 3
> 10997 4989 79 75 87 3
> 11448 6363 -172 193 204 2
> 13009 8104 -206 150 215 2
! 8192 5450 73
! 10359 5865 60
> 10247 6293 -203 265 226 3
> 10997 4989 79 75 87 3
> 11448 6363 -172 193 204 2
> 13009 8104 -206 150 215 2
! 14357 -13424 100
! 10763 -11769 100
> 9979 6524 -227 196 208 3
> 11076 5064 67 63 105 3
> 11201 6489 -209 107 222 2
> 12743 8174 -225 59 233 2
! 8305 5753 100
! 10036 5985 60
> 9979 6524 -227 196 208 3
> 11076 5064 67 63 105 3
> 11201 6489 -209 107 222 2
> 12743 8174 -225 59 233 2
! 19857 -11540 100
! 12476 -11824 100
> 9661 6678 -270 131 -155 3
> 11143 5127 56 53 123 3
> 10942 6510 -220 17 240 2
> 12486 8138 -218 -30 251 2
! 8354 6115 100
! 9687 6013 60
> 9661 6678 -270 131 -155 3
> 11143 5127 56 53 123 3
> 10942 6510 -220 17 240 2
> 12486 8138 -218 -30 251 2
! 24478 -8213 100
! 13442 -11839 100
> 9299 6769 -307 77 -157 3
> 11152 5218 7 77 141 3
> 10701 6429 -205 -68 258 2
> 12267 8008 -186 -110 269 2
! 8264 6388 100
! 9919 5704 60
> 9299 6769 -307 77 -157 3
> 11152 5218 7 77 141 3
> 10701 6429 -205 -68 258 2
> 12267 8008 -186 -110 269 2
! 27575 -4307 100
! 13162 -11971 100
> 8898 6811 -340 36 -160 3
> 11103 5317 -41 84 158 3
> 10506 6262 -165 -142 276 2
> 12085 7798 -154 -178 -87 2
! 6928 2687 100
! 10109 5702 60
> 8898 6811 -340 36 -160 3
> 11103 5317 -41 84 158 3
> 10506 6262 -165 -142 276 2
> 12085 7798 -154 -178 -87 2
! 29669 537 100
! 12115 -12201 100
> 8479 6785 -355 -21 -142 3
> 11006 5423 -82 89 159 3
> 10381 6028 -106 -198 294 2
> 11931 7520 -130 -236 -90 2
! 6934 2932 100
! 10059 5723 SHIELD
> 8479 6785 -355 -21 -142 3
> 11006 5423 -82 89 159 3
> 10381 6028 -106 -198 294 2
> 11931 7520 -130 -236 -90 2
! 30342 4795 100
! 10718 -12443 100
> 8068 6681 -349 -88 -124 3
> 10951 5489 -38 49 162 3
> 10067 5985 -347 30 312 2
> 11795 7184 -115 -285 -93 2
! 6891 3210 100
! 9699 5518 100
> 8068 6681 -349 -88 -124 3
> 10951 5489 -38 49 162 3
> 10067 5985 -347 30 312 2
> 11795 7184 -115 -285 -93 2
! 29076 -231 100
! 8952 -12612 100
> 7687 6498 -323 -155 -109 0
> 10913 5538 -32 41 179 3
> 9806 5965 -221 -17 330 2
> 11666 6800 -109 -326 -98 2
! 6789 3492 100
! 10187 5994 60
> 7687 6498 -323 -155 -109 0
> 10913 5538 -32 41 179 3
> 9806 5965 -221 -17 330 2
> 11666 6800 -109 -326 -98 2
! 29326 1614 100
! 7581 7516 100
> 7335 6247 -298 -213 -107 0
> 10881 5579 -27 34 161 3
> 9683 5926 -104 -32 -13 2
> 11513 6384 -130 -353 -116 2
! 6657 3716 100
! 9931 5676 SHIELD
> 7335 6247 -298 -213 -107 0
> 10881 5579 -27 34 161 3
> 9683 5926 -104 -32 -13 2
> 11513 6384 -130 -353 -116 2
! 29383 2478 100
! 7490 7188 100
> 7011 5937 -275 -263 -105 0
> 10825 5582 -70 -22 174 3
> 9678 5877 -4 -41 -10 2
> 11604 6268 309 148 -134 2
! 6521 3880 100
! 10072 6342 60
> 7011 5937 -275 -263 -105 0
> 10825 5582 -70 -22 174 3
> 9678 5877 -4 -41 -10 2
> 11604 6268 309 148 -134 2
! 29424 2700 100
! -167 -9900 100
> 6713 5577 -253 -306 -103 0
> 10755 5560 -59 -18 156 3
> 9773 5820 80 -48 -9 2
> 11854 6335 212 57 -126 2
! 6392 4000 100
! 10011 6178 60
> 6713 5577 -253 -306 -103 0
> 10755 5560 -59 -18 156 3
> 9773 5820 80 -48 -9 2
> 11854 6335 212 57 -126 2
! 29476 2388 100
! -2725 -7355 100
> 6440 5173 -232 -343 -102 0
> 10721 5535 147 -71 140 3
> 9927 5762 -45 0 -10 2
> 11993 6324 118 -9 -137 2
! 6147 3894 100
! 8532 6078 60
> 6440 5173 -232 -343 -102 0
> 10721 5535 147 -71 140 3
> 9927 5762 -45 0 -10 2
> 11993 6324 118 -9 -137 2
! 29368 1067 100
! -4049 -5619 100
> 6186 4733 -216 -374 -103 0
> 10868 5464 124 -60 158 3
> 9979 5739 44 -19 -14 2
> 12031 6255 32 -58 -143 2
! 11048 4644 60
! 8316 5877 60
> 6186 4733 -216 -374 -103 0
> 10868 5464 124 -60 158 3
> 9979 5739 44 -19 -14 2
> 12031 6255 32 -58 -143 2
! 29408 995 100
! -4990 -4245 100
> 5975 4299 -179 -368 -85 0
> 10933 5414 55 -42 171 3
> 10120 5696 119 -36 -14 2
> 11978 6144 -45 -93 -148 2
! 10954 4694 65
! 8195 5817 60
> 5975 4299 -179 -368 -85 0
> 10933 5414 55 -42 171 3
> 10120 5696 119 -36 -14 2
> 11978 6144 -45 -93 -148 2
! 29496 740 100
! -4967 -4479 100
> 5821 3871 -130 -363 -67 0
> 11083 5324 178 -94 172 3
> 10181 5692 1 14 -14 2
> 11848 5998 -110 -124 -148 2
! 10803 4758 70
! 7825 5466 100
> 5821 3871 -130 -363 -67 0
> 11083 5324 178 -94 172 3
> 10181 5692 1 14 -14 2
> 11848 5998 -110 -124 -148 2
! 28935 -1255 100
! 7632 7023 100
> 5737 3455 -71 -353 -49 0
> 11148 5218 -58 -229 178 3
> 10276 5671 80 -17 -20 2
> 11654 5866 -51 27 -166 2
! 10593 4816 100
! 9003 5879 100
> 5737 3455 -71 -353 -49 0
> 11148 5218 -58 -229 178 3
> 10276 5671 80 -17 -20 2
> 11654 5866 -51 27 -166 2
! 29132 -993 100
! 5570 -13186 100
> 5752 3051 12 -343 -31 1
> 10994 5018 -130 -169 163 3
> 10450 5621 148 -42 -19 2
> 11518 5840 -115 -22 -148 3
! 10246 4845 100
! 9375 5407 SHIELD
> 5752 3051 12 -343 -31 1
> 10994 5018 -130 -169 163 3
> 10450 5621 148 -42 -19 2
> 11518 5840 -115 -22 -148 3
! 6819 6765 100
! -7546 11885 100
> 5861 2686 93 -310 -13 1
> 10884 4825 -92 -165 166 3
> 10476 5754 9 126 -37 2
> 11306 5794 -180 -39 -166 3
! 9867 4782 100
! 9161 5276 100
> 5861 2686 93 -310 -13 1
> 10884 4825 -92 -165 166 3
> 10476 5754 9 126 -37 2
> 11306 5794 -180 -39 -166 3
! 23711 -9240 100
! -7190 13401 100
> 6054 2385 163 -255 5 1
> 10792 4660 -78 -140 165 3
> 10224 5792 -240 30 -49 2
> 11353 5775 66 -14 -184 3
! 9491 4609 100
! 9230 5026 100
> 6054 2385 163 -255 5 1
> 10792 4660 -78 -140 165 3
> 10224 5792 -240 30 -49 2
> 11353 5775 66 -14 -184 3
! 29451 285 100
! -7952 10997 100
> 6309 2169 216 -183 23 1
> 10714 4520 -66 -119 167 3
> 10070 5771 -130 -17 -31 2
> 11322 5787 -25 10 165 3
! 9154 4315 100
! 9293 4841 60
> 6309 2169 216 -183 23 1
> 10714 4520 -66 -119 167 3
> 10070 5771 -130 -17 -31 2
> 11322 5787 -25 10 165 3
! 29769 2318 100
! -8027 10845 100
> 6605 2046 251 -104 37 1
> 10648 4401 -56 -101 167 3
> 10038 5732 -27 -32 -13 2
> 11200 5822 -103 29 165 3
! 8913 3920 100
! 9340 4724 60
> 6605 2046 251 -104 37 1
> 10648 4401 -56 -101 167 3
> 10038 5732 -27 -32 -13 2
> 11200 5822 -103 29 165 3
! 29893 3335 100
! -8196 10696 100
> 6934 2005 279 -34 39 1
> 10534 4314 -97 -73 166 3
> 10110 5688 61 -37 -7 2
> 11000 5875 -169 45 166 3
! 8810 3527 100
! 9610 4424 60
> 6934 2005 279 -34 39 1
> 10534 4314 -97 -73 166 3
> 10110 5688 61 -37 -7 2
> 11000 5875 -169 45 166 3
! 29937 3069 100
! -8457 10499 100
> 7291 2034 303 24 39 1
> 10377 4248 -133 -56 173 3
> 10010 5563 -172 -130 -8 2
> 10993 6018 81 146 167 3
! 8803 3228 100
! 9720 4269 60
> 7291 2034 303 24 39 1
> 10377 4248 -133 -56 173 3
> 10010 5563 -172 -130 -8 2
> 10993 6018 81 146 167 3
! 29855 8047 100
! -9006 6101 100
> 7672 2120 324 73 38 1
> 10184 4194 -164 -45 178 3
> 9937 5445 -61 -99 7 2
> 10974 6164 -16 124 180 3
! 8885 3028 100
! 9738 4256 60
> 7672 2120 324 73 38 1
> 10184 4194 -164 -45 178 3
> 9937 5445 -61 -99 7 2
> 10974 6164 -16 124 180 3
! 29409 10009 100
! -9023 5850 100
> 8076 2253 343 112 37 1
> 9961 4157 -189 -31 172 3
> 9973 5369 30 -64 13 2
> 10858 6286 -98 104 -179 3
! 9122 2962 100
! 9716 4309 60
> 8076 2253 343 112 37 1
> 9961 4157 -189 -31 172 3
> 9973 5369 30 -64 13 2
> 10858 6286 -98 104 -179 3
! 29069 11311 100
! -9131 5647 100
> 8502 2421 361 142 34 1
> 9718 4152 -206 -4 154 3
> 10098 5335 106 -29 17 2
> 10660 6387 -168 85 -178 3
! 9810 4848 100
! 9724 4406 60
> 8502 2421 361 142 34 1
> 9718 4152 -206 -4 154 3
> 10098 5335 106 -29 17 2
> 10660 6387 -168 85 -178 3
! 29355 10733 100
! -9323 5566 100
> 8924 2642 359 187 52 1
> 9469 4190 -211 31 136 3
> 10300 5333 171 -1 16 2
> 10392 6468 -227 68 -178 3
! 9875 4705 100
! 9861 4526 51
> 8924 2642 359 187 52 1
> 9469 4190 -211 31 136 3
> 10300 5333 171 -1 16 2
> 10392 6468 -227 68 -178 3
! 6746 6636 100
! -9583 5475 100
> 9325 2920 340 236 65 1
> 9234 4266 -199 64 118 3
> 10554 5387 216 46 34 2
> 10065 6531 -277 53 -177 3
! 9973 4542 100
! 10004 4626 51
> 9325 2920 340 236 65 1
> 9234 4266 -199 64 118 3
> 10554 5387 216 46 34 2
> 10065 6531 -277 53 -177 3
! 6946 6560 100
! -9912 5579 100
> 9702 3249 320 279 68 1
> 9026 4380 -176 97 100 3
> 10832 5511 236 105 52 3
> 9688 6579 -320 41 -177 3
! 10217 4536 100
! 10069 4708 63
> 9702 3249 320 279 68 1
> 9026 4380 -176 97 100 3
> 10832 5511 236 105 52 3
> 9688 6579 -320 41 -177 3
! -8846 9082 100
! -10277 5402 100
> 10059 3621 303 316 68 2
> 8859 4539 -142 135 82 3
> 11103 5710 230 168 70 3
> 9268 6614 -356 29 -177 3
! 6248 5551 68
! 10021 4776 60
> 10059 3621 303 316 68 2
> 8859 4539 -142 135 82 3
> 11103 5710 230 168 70 3
> 9268 6614 -356 29 -177 3
! -8844 7162 100
! -10696 5419 100
> 10367 4005 261 326 86 2
> 8743 4728 -98 160 64 3
> 11337 5978 198 227 88 3
> 8812 6637 -387 19 -177 3
! 6349 5463 73
! 9858 4881 60
> 10367 4005 261 326 86 2
> 8743 4728 -98 160 64 3
> 11337 5978 198 227 88 3
> 8812 6637 -387 19 -177 3
! -8646 5157 100
! 6283 2802 100
> 10610 4402 206 337 104 2
> 8687 4931 -47 172 46 3
> 11508 6301 145 274 106 3
> 8332 6619 -408 -14 -159 3
! 6504 5354 100
! 9599 5040 60
> 10610 4402 206 337 104 2
> 8687 4931 -47 172 46 3
> 11508 6301 145 274 106 3
> 8332 6619 -408 -14 -159 3
! -8248 3192 100
! 6078 2866 100
> 10763 4824 129 358 122 2
> 8693 5131 5 170 28 3
> 11598 6658 76 303 124 3
> 7847 6541 -412 -65 -141 0
! 6778 5222 100
! 9293 5271 60
> 10763 4824 129 358 122 2
> 8693 5131 5 170 28 3
> 11598 6658 76 303 124 3
> 7847 6541 -412 -65 -141 0
! -7674 1312 100
! 613 -12105 100
> 10815 5246 44 358 140 3
> 8756 5315 53 156 13 3
> 11596 7023 -2 310 142 3
> 7381 6392 -395 -126 -123 0
! 7104 5145 100
! 9001 5531 60
> 10815 5246 44 358 140 3
> 8756 5315 53 156 13 3
> 11596 7023 -2 310 142 3
> 7381 6392 -395 -126 -123 0
! -6962 -433 100
! 2124 -12904 100
> 10766 5641 -41 335 158 3
> 8860 5502 88 158 31 3
> 11500 7368 -81 293 160 3
> 6960 6170 -358 -189 -105 0
! 7468 5145 100
! 8765 5729 66
> 10766 5641 -41 335 158 3
> 8860 5502 88 158 31 3
> 11500 7368 -81 293 160 3
> 6960 6170 -358 -189 -105 0
! -6109 -2113 100
! 3870 -13589 100
> 10625 5983 -119 290 176 3
> 8991 5710 111 176 49 3
> 11319 7665 -153 252 178 3
> 6587 5882 -317 -244 -99 0
! 7855 5246 100
! 8488 5745 0
> 10625 5983 -119 290 176 3
> 8991 5710 111 176 49 3
> 11319 7665 -153 252 178 3
> 6587 5882 -317 -244 -99 0
! -5324 -3425 100
! 5169 -14067 100
> 10409 6248 -183 225 194 3
> 9102 5886 94 149 67 3
> 11070 7890 -211 191 196 3
> 6263 5538 -275 -292 -94 0
! 8232 5470 100
! 8132 5570 0
> 10409 6248 -183 225 194 3
> 9102 5886 94 149 67 3
> 11070 7890 -211 191 196 3
> 6263 5538 -275 -292 -94 0
! -4794 -4288 100
! 6674 -14457 100
> 10132 6439 -235 162 -160 3
> 9196 6035 79 126 85 3
> 10776 8026 -250 115 214 3
> 5990 5146 -232 -333 -89 0
! 8460 5824 SHIELD
! 7753 5301 0
> 10132 6439 -235 162 -160 3
> 9196 6035 79 126 85 3
> 10776 8026 -250 115 214 3
> 5990 5146 -232 -333 -89 0
! -4539 -4836 100
! 6717 -14840 100
> 9903 6605 -168 158 -160 3
> 9216 6123 -249 -97 103 3
> 10449 8077 -277 43 -140 3
> 5762 4713 -194 -367 -88 0
! 8239 5737 100
! 8512 5923 0
> 9903 6605 -168 158 -160 3
> 9216 6123 -249 -97 103 3
> 10449 8077 -277 43 -140 3
> 5762 4713 -194 -367 -88 0
! -4566 -5134 100
! 8585 -15086 100
> 9735 6763 -142 134 -152 3
> 8967 6026 -211 -82 121 3
> 10097 8054 -299 -19 -139 3
> 5582 4247 -152 -396 -82 0
! 8177 5792 100
! 8314 5760 0
> 9735 6763 -142 134 -152 3
> 8967 6026 -211 -82 121 3
> 10097 8054 -299 -19 -139 3
> 5582 4247 -152 -396 -82 0
! -4805 -5284 100
! 10630 4211 100
> 9593 6897 -120 113 -148 3
> 8756 5944 -179 -69 139 3
> 9723 7968 -317 -72 -138 3
> 5474 3761 -91 -412 -64 0
! 8131 5838 100
! 8171 5575 57
> 9593 6897 -120 113 -148 3
> 8756 5944 -179 -69 139 3
> 9723 7968 -317 -72 -138 3
> 5474 3761 -91 -412 -64 0
! -5152 -5400 100
! 10441 3993 100
> 9473 7010 -102 96 -144 3
> 8524 5897 -196 -39 157 3
> 9332 7829 -332 -118 -138 3
> 5453 3277 -18 -411 -46 1
! 8094 5873 100
! 8101 5270 66
> 9473 7010 -102 96 -144 3
> 8524 5897 -196 -39 157 3
> 9332 7829 -332 -118 -138 3
> 5453 3277 -18 -411 -46 1
! -5709 -5352 100
! 24977 7613 100
> 9331 6885 -113 -137 -140 3
> 8262 5864 -222 -28 175 3
> 8888 7803 -384 8 -139 3
> 5523 2819 59 -389 -28 1
! 7941 7427 100
! 8077 4934 69
> 9331 6885 -113 -137 -140 3
> 8262 5864 -222 -28 175 3
> 8888 7803 -384 8 -139 3
> 5523 2819 59 -389 -28 1
! 2586 -11178 100
! 24371 9508 100
> 9125 6711 -175 -147 -158 3
> 7973 5820 -245 -37 193 3
> 8453 7725 -369 -66 -121 3
> 5681 2413 133 -345 -10 1
! 7990 7224 100
! 8085 4665 72
> 9125 6711 -175 -147 -158 3
> 7973 5820 -245 -37 193 3
> 8453 7725 -369 -66 -121 3
> 5681 2413 133 -345 -10 1
! 4845 -11946 100
! 23750 10985 100
> 8850 6558 -233 -130 -176 3
> 7666 5746 -260 -63 211 3
> 8062 7561 -332 -138 -103 3
> 5913 2082 197 -281 8 1
! 7969 7014 100
! 8087 4491 30
> 8850 6558 -233 -130 -176 3
> 7666 5746 -260 -63 211 3
> 8062 7561 -332 -138 -103 3
> 5913 2082 197 -281 8 1
! 6162 3145 100
! 23076 12349 100
> 8520 6453 -280 -89 -194 3
> 7386 5660 -237 -72 229 3
> 7690 7331 -315 -195 -113 3
> 6200 1845 243 -201 26 1
! 7880 6821 100
! 8082 4368 30
> 8520 6453 -280 -89 -194 3
> 7386 5660 -237 -72 229 3
> 7690 7331 -315 -195 -113 3
> 6200 1845 243 -201 26 1
! 5932 3150 100
! 22692 13158 100
> 8153 6414 -311 -33 150 3
> 7137 5560 -211 -84 247 3
> 7336 7044 -300 -244 -113 0
> 6525 1701 276 -122 34 1
! 6928 3002 60
! 8043 4337 60
> 8153 6414 -311 -33 150 3
> 7137 5560 -211 -84 247 3
> 7336 7044 -300 -244 -113 0
> 6525 1701 276 -122 34 1
! 158 -11623 BOOST
! 22422 13835 100
> 7783 6393 -314 -17 168 0
> 6921 5416 -183 -122 265 3
> 6964 6613 -316 -366 -111 0
> 6880 1640 302 -52 37 1
