@ 0 Aelyanne
@ 1 NotwenCaasi
CP 5
CP 4084 4639
CP 13022 1923
CP 6558 7838
CP 7497 1332
CP 12709 7113
> 3939 4161 0 0 -1 1
> 4229 5117 0 0 -1 1
> 3648 3204 0 0 -1 1
> 4520 6074 0 0 -1 1
! 13022 1923 100
! 13022 1923 100
> 3939 4161 0 0 -1 1
> 4229 5117 0 0 -1 1
> 3648 3204 0 0 -1 1
> 4520 6074 0 0 -1 1
! 11536 2126 100
! 10327 3239 100
> 4036 4137 82 -20 -14 1
> 4323 5083 79 -29 -20 1
> 3747 3190 84 -11 -8 1
> 4610 6030 76 -37 -26 1
! 12557 2036 BOOST
! 12574 2087 BOOST
> 4036 4137 82 -20 -14 1
> 4323 5083 79 -29 -20 1
> 3747 3190 84 -11 -8 1
> 4610 6030 76 -37 -26 1
! 11535 2117 100
! 4575 2826 100
> 4749 3961 606 -149 -14 1
> 5013 4832 586 -213 -20 1
> 3930 3165 155 -20 -8 1
> 4758 5924 125 -90 -44 1
! 10003 2665 BOOST
! 10102 2984 BOOST
> 4749 3961 606 -149 -14 1
> 5013 4832 586 -213 -20 1
> 3930 3165 155 -20 -8 1
> 4758 5924 125 -90 -44 1
! 11535 2114 100
! 4869 3269 100
> 5549 3764 680 -167 -14 1
> 5787 4551 657 -239 -20 1
> 4184 3131 215 -28 -8 1
> 4930 5746 146 -151 -62 1
