@ 0 Aelyanne
@ 1 NotwenCaasi
CP 3
CP 5997 5368
CP 11329 2792
CP 7520 6921
> 5779 4918 0 0 -1 1
> 6215 5818 0 0 -1 1
> 5344 4017 0 0 -1 1
> 6650 6719 0 0 -1 1
! 21423 -7541 100
! 19061 -9510 100
> 5779 4918 0 0 -1 1
> 6215 5818 0 0 -1 1
> 5344 4017 0 0 -1 1
> 6650 6719 0 0 -1 1
! 9860 3092 100
! 9032 4720 100
> 5857 4856 66 -52 -39 1
> 6279 5741 54 -65 -50 1
> 5442 3997 83 -17 -12 1
> 6727 6655 65 -54 -40 1
! 21981 -6975 100
! 19850 -8949 100
> 5857 4856 66 -52 -39 1
> 6279 5741 54 -65 -50 1
> 5442 3997 83 -17 -12 1
> 6727 6655 65 -54 -40 1
! 9860 3092 BOOST
! 3718 7323 45
> 6004 4745 124 -94 -36 1
> 6401 5603 103 -117 -47 1
> 6162 3850 611 -125 -12 1
> 6816 6563 75 -78 -58 1
! 22704 -6259 100
! 20846 -8228 100
> 6004 4745 124 -94 -36 1
> 6401 5603 103 -117 -47 1
> 6162 3850 611 -125 -12 1
> 6816 6563 75 -78 -58 1
! 9860 3092 100
! 5258 5155 100
> 6212 4596 176 -126 -33 1
> 6576 5417 148 -158 -44 1
> 6871 3705 602 -123 -12 1
> 6915 6388 84 -148 -76 1
! 23521 -5423 100
! 21969 -7351 100
> 6212 4596 176 -126 -33 1
> 6576 5417 148 -158 -44 1
> 6871 3705 602 -123 -12 1
> 6915 6388 84 -148 -76 1
! 9860 3092 100
! 5981 5136 100
> 6475 4420 223 -149 -30 1
> 6801 5195 191 -188 -40 1
> 7571 3562 594 -121 -12 1
> 6992 6140 65 -210 -94 1
! 24382 -4486 100
! 23111 -6379 100
> 6475 4420 223 -149 -30 1
> 6801 5195 191 -188 -40 1
> 7571 3562 594 -121 -12 1
> 6992 6140 65 -210 -94 1
! 9860 3091 100
! 6706 5017 100
> 6767 4176 217 -284 -26 1
> 7094 5000 280 -89 -35 1
> 8263 3421 588 -119 -12 1
> 7032 5833 34 -260 -104 1
! 26351 122 100
! 21530 -8841 100
> 6767 4176 217 -284 -26 1
> 7094 5000 280 -89 -35 1
> 8263 3421 588 -119 -12 1
> 7032 5833 34 -260 -104 1
! 6050 7218 47
! 7380 4834 100
> 7082 3872 267 -258 -12 1
> 7471 4691 326 -297 -44 1
> 8898 3307 539 -96 6 1
> 7048 5624 7 -142 -86 1
! 26884 1069 100
! 25855 -3184 100
> 7082 3872 267 -258 -12 1
> 7471 4691 326 -297 -44 1
> 8898 3307 539 -96 6 1
> 7048 5624 7 -142 -86 1
! 6044 7184 51
! 8136 4989 60
> 7448 3600 311 -231 -8 1
> 7887 4350 353 -289 -26 1
> 9483 3232 497 -63 24 1
> 7077 5426 24 -168 -68 1
! 27408 2345 100
! 26937 -1740 100
> 7448 3600 311 -231 -8 1
> 7887 4350 353 -289 -26 1
> 9483 3232 497 -63 24 1
> 7077 5426 24 -168 -68 1
! 6032 7109 56
! 8523 4926 100
> 7859 3363 349 -201 -4 1
> 8335 4031 381 -271 -18 1
> 10021 3207 457 -21 42 1
> 7165 5181 74 -208 -50 1
! 27857 3149 100
! 27617 -1278 100
> 7859 3363 349 -201 -4 1
> 8335 4031 381 -271 -18 1
> 10021 3207 457 -21 42 1
> 7165 5181 74 -208 -50 1
! 6022 6989 61
! 8751 4819 100
> 8248 3082 304 -272 -1 1
> 8872 3812 482 -152 -15 1
> 10508 3239 414 27 60 1
> 7324 4920 134 -222 -32 1
! 27574 8227 100
! 25446 -7380 100
> 8248 3082 304 -272 -1 1
> 8872 3812 482 -152 -15 1
> 10508 3239 414 27 60 1
> 7324 4920 134 -222 -32 1
! 6024 6824 66
! 8981 4700 100
> 8649 2836 340 -209 15 1
> 9437 3605 480 -175 -33 1
> 10935 3331 363 77 78 1
> 7555 4673 196 -209 -14 1
! 27515 9474 100
! 6219 7395 100
> 8649 2836 340 -209 15 1
> 9437 3605 480 -175 -33 1
> 10935 3331 363 77 78 1
> 7555 4673 196 -209 -14 1
! 11003 2723 0
! 9197 4523 100
> 9083 2660 369 -149 19 1
> 10013 3403 489 -171 -15 1
> 11298 3408 308 65 60 1
> 7851 4455 251 -185 -5 1
! 27308 10895 100
! 6751 7189 100
> 9083 2660 369 -149 19 1
> 10013 3403 489 -171 -15 1
> 11298 3408 308 65 60 1
> 7851 4455 251 -185 -5 1
! 11028 2729 0
! 9450 4293 100
> 9543 2552 391 -91 24 1
> 10602 3237 500 -141 3 1
> 11606 3473 261 55 42 1
> 8201 4260 297 -165 -6 1
! 26854 12567 100
! 7095 7040 100
> 9543 2552 391 -91 24 1
> 10602 3237 500 -141 3 1
> 11606 3473 261 55 42 1
> 8201 4260 297 -165 -6 1
! 10970 2717 0
! 9775 4093 100
> 10021 2511 405 -34 30 1
> 11176 3121 334 -182 21 2
> 11886 3538 392 139 24 1
> 8597 4084 336 -149 -6 1
! 6634 6995 100
! -2420 17788 100
> 10021 2511 405 -34 30 1
> 11176 3121 334 -182 21 2
> 11886 3538 392 139 24 1
> 8597 4084 336 -149 -6 1
! 10891 2637 0
! 5554 5569 0
> 10493 2551 401 34 48 1
> 11588 3001 350 -101 39 2
> 12278 3677 333 118 6 1
> 8933 3935 285 -126 12 1
! 6889 6867 100
! -3044 16634 100
> 10493 2551 401 34 48 1
> 11588 3001 350 -101 39 2
> 12278 3677 333 118 6 1
> 8933 3935 285 -126 12 1
! 10718 2576 0
! 5391 5646 0
> 10935 2676 375 106 66 2
> 11993 2983 344 -14 57 2
> 12611 3795 283 100 -12 1
> 9218 3809 242 -107 30 1
! -4117 15844 100
! -3657 15435 100
> 10935 2676 375 106 66 2
> 11993 2983 344 -14 57 2
> 12611 3795 283 100 -12 1
> 9218 3809 242 -107 30 1
! 10562 2521 0
! 5187 5669 0
> 11320 2881 327 174 84 2
> 12364 3065 314 70 75 2
> 12894 3895 240 85 -30 1
> 9460 3702 205 -90 48 1
! -4868 14625 100
! -4214 14252 100
> 11320 2881 327 174 84 2
> 12364 3065 314 70 75 2
> 12894 3895 240 85 -30 1
> 9460 3702 205 -90 48 1
! 10427 2473 47
! 5104 5742 0
> 11626 3153 260 231 102 2
> 12673 3235 263 144 93 2
> 13166 3945 230 42 -48 1
> 9665 3612 174 -76 66 1
! -5551 13396 100
! -4708 13129 100
> 11626 3153 260 231 102 2
> 12673 3235 263 144 93 2
> 13166 3945 230 42 -48 1
> 9665 3612 174 -76 66 1
! 10263 2598 SHIELD
! 5038 5812 0
> 11836 3471 178 269 120 2
> 12800 3344 48 16 111 2
> 13406 4000 210 54 -66 1
> 9839 3536 147 -64 84 1
! -6058 12404 100
! -2960 15657 100
> 11836 3471 178 269 120 2
> 12800 3344 48 16 111 2
> 13406 4000 210 54 -66 1
> 9839 3536 147 -64 84 1
! 10166 2493 60
! 4983 5879 55
> 11940 3807 88 285 138 2
> 12786 3438 -12 80 129 2
> 13616 4054 178 45 -84 1
> 9975 3526 115 -8 102 1
! -6444 11682 100
! -3390 15199 100
> 11940 3807 88 285 138 2
> 12786 3438 -12 80 129 2
> 13616 4054 178 45 -84 1
> 9975 3526 115 -8 102 1
! 10063 2472 67
! 4804 5322 73
> 11937 4133 -2 276 156 2
> 12693 3577 -78 117 144 2
> 13794 4099 151 38 -102 1
> 10054 3581 66 46 120 1
! -6676 11449 100
! -3653 15100 BOOST
> 11937 4133 -2 276 156 2
> 12693 3577 -78 117 144 2
> 13794 4099 151 38 -102 1
> 10054 3581 66 46 120 1
! 9977 2452 74
! 5139 4153 100
> 11553 4683 -416 541 159 2
> 12372 3831 -182 142 145 2
> 13945 4137 128 32 -120 1
> 10046 3694 -7 96 138 1
! -8038 8706 100
! -3755 15658 BOOST
> 11553 4683 -416 541 159 2
> 12372 3831 -182 142 145 2
> 13945 4137 128 32 -120 1
> 10046 3694 -7 96 138 1
! 9903 2436 100
! 6852 3441 100
> 11039 5244 -436 476 168 2
> 12029 4091 -291 221 144 2
> 13999 4102 46 -30 -138 1
> 9948 3831 -83 116 156 1
