@ 0 Aelyanne
@ 1 NotwenCaasi
CP 4
CP 5618 2606
CP 4083 7446
CP 13514 2318
CP 12946 7213
> 6095 2757 0 0 -1 1
> 5141 2455 0 0 -1 1
> 7048 3059 0 0 -1 1
> 4188 2153 0 0 -1 1
! -3449 20332 100
! -960 21501 100
> 6095 2757 0 0 -1 1
> 5141 2455 0 0 -1 1
> 7048 3059 0 0 -1 1
> 4188 2153 0 0 -1 1
! 4922 6204 0
! 4135 4800 0
> 6047 2845 -40 74 119 1
> 5110 2550 -25 80 108 1
> 7048 3059 0 0 124 1
> 4188 2153 0 0 91 1
! -3254 20550 BOOST
! -717 21682 BOOST
> 6047 2845 -40 74 119 1
> 5110 2550 -25 80 108 1
> 7048 3059 0 0 124 1
> 4188 2153 0 0 91 1
! 4922 6204 BOOST
! 8097 4404 63
> 5705 3494 -290 552 118 1
> 4896 3252 -182 596 107 1
> 6684 3598 -309 457 124 1
> 4206 2213 15 51 73 1
! -1411 22185 100
! 1639 22985 100
> 5705 3494 -290 552 118 1
> 4896 3252 -182 596 107 1
> 6684 3598 -309 457 124 1
> 4206 2213 15 51 73 1
! 4923 6204 100
! 10669 2409 100
> 5501 4175 -123 593 111 1
> 4576 3911 -321 545 99 1
> 6319 4138 -310 458 124 1
> 4278 2346 61 113 55 1
! -7247 19584 100
! 8751 23470 100
> 5501 4175 -123 593 111 1
> 4576 3911 -321 545 99 1
> 6319 4138 -310 458 124 1
> 4278 2346 61 113 55 1
! 4923 6204 100
! 9651 2918 100
> 5132 4858 -332 581 129 1
> 4270 4555 -260 547 81 1
> 6136 4667 -136 448 124 1
> 4419 2519 119 147 37 1
! 14413 744 100
! 10122 23679 100
> 5132 4858 -332 581 129 1
> 4270 4555 -260 547 81 1
> 6136 4667 -136 448 124 1
> 4419 2519 119 147 37 1
! 4518 6011 100
! 8742 3588 100
> 4766 5533 -176 635 111 1
> 4037 5197 -331 483 73 1
> 5923 5179 -180 435 140 1
> 4632 2699 181 152 19 1
! 13898 929 100
! 14152 22450 100
> 4766 5533 -176 635 111 1
> 4037 5197 -331 483 73 1
> 5923 5179 -180 435 140 1
> 4632 2699 181 152 19 1
! 4641 6098 100
! 7797 4422 100
> 4585 6268 -153 624 93 1
> 3757 5766 -238 483 60 1
> 5662 5672 -222 419 144 1
> 4901 2899 228 169 29 1
! 13644 1787 100
! 19458 18154 100
> 4585 6268 -153 624 93 1
> 3757 5766 -238 483 60 1
> 5662 5672 -222 419 144 1
> 4901 2899 228 169 29 1
! 4638 6397 100
! 6756 5086 100
> 4458 6989 -107 612 75 2
> 3594 6315 -138 467 42 1
> 5358 6149 -258 405 145 1
> 5198 3141 252 205 47 1
! 14075 -892 100
! 20796 16517 100
> 4458 6989 -107 612 75 2
> 3594 6315 -138 467 42 1
> 5358 6149 -258 405 145 1
> 5198 3141 252 205 47 1
! 14319 1053 0
! 10119 5306 100
> 4406 7685 -44 591 57 2
> 3542 6833 -44 440 31 1
> 5100 6554 -219 344 127 1
> 5538 3394 288 214 29 1
! 13747 -819 100
! 21905 14757 100
> 4406 7685 -44 591 57 2
> 3542 6833 -44 440 31 1
> 5100 6554 -219 344 127 1
> 5538 3394 288 214 29 1
! 14319 1053 0
! 10053 5450 100
> 4440 8339 28 555 39 2
> 3590 7313 40 407 23 2
> 4881 6898 -186 292 109 1
> 5917 3649 322 217 24 1
! 13362 -683 100
! 13290 40 100
> 4440 8339 28 555 39 2
> 3590 7313 40 407 23 2
> 4881 6898 -186 292 109 1
> 5917 3649 322 217 24 1
! 4343 7038 100
! 9370 5181 100
> 4561 8930 103 501 21 2
> 3730 7729 118 353 5 2
> 4635 7270 -208 316 127 2
> 6330 3907 351 218 24 1
! 12949 -427 100
! 12851 335 100
> 4561 8930 103 501 21 2
> 3730 7729 118 353 5 2
> 4635 7270 -208 316 127 2
> 6330 3907 351 218 24 1
! 14338 1066 0
! 2050 6518 0
> 4764 9436 172 430 3 2
> 3838 8137 -47 447 -13 2
> 4534 7509 53 102 109 2
> 6681 4125 298 185 42 1
! 12559 -69 100
! 13775 -171 100
> 4764 9436 172 430 3 2
> 3838 8137 -47 447 -13 2
> 4534 7509 53 102 109 2
> 6681 4125 298 185 42 1
! 12823 987 0
! 2101 6890 51
> 5033 9840 228 343 -15 2
> 3877 8533 33 336 -31 2
> 4587 7611 45 86 91 2
> 7005 4354 275 194 60 1
! 12238 398 100
! 13327 422 100
> 5033 9840 228 343 -15 2
> 3877 8533 33 336 -31 2
> 4587 7611 45 86 91 2
> 7005 4354 275 194 60 1
! 12819 989 0
! 2359 6996 68
> 5345 10128 264 245 -33 2
> 3986 8804 92 230 -41 2
> 4632 7697 38 73 73 2
> 7294 4614 245 221 78 1
! 12027 938 100
! 12992 1015 BOOST
> 5345 10128 264 245 -33 2
> 3986 8804 92 230 -41 2
> 4632 7697 38 73 73 2
> 7294 4614 245 221 78 1
! 12822 988 51
! 2761 6903 100
> 5672 10295 277 142 -51 2
> 4229 8903 206 84 -41 2
> 4699 7812 57 97 55 2
> 7529 4934 199 272 96 1
