@ 0 NotwenCaasi
@ 1 Aelyanne
CP 4
CP 5972 4215
CP 14687 1386
CP 3470 7240
CP 9410 7244
> 5818 3739 0 0 -1 1
> 6126 4691 0 0 -1 1
> 5509 2788 0 0 -1 1
> 6435 5642 0 0 -1 1
! 13238 1770 100
! 11889 2466 100
> 5818 3739 0 0 -1 1
> 6126 4691 0 0 -1 1
> 5509 2788 0 0 -1 1
> 6435 5642 0 0 -1 1
! 14687 1386 100
! 14687 1386 100
> 5915 3713 82 -21 -15 1
> 6219 4655 79 -30 -21 1
> 5608 2773 84 -12 -9 1
> 6524 5596 75 -38 -27 1
! 13234 1758 100
! 2957 4308 0
> 5915 3713 82 -21 -15 1
> 6219 4655 79 -30 -21 1
> 5608 2773 84 -12 -9 1
> 6524 5596 75 -38 -27 1
! 14211 1454 BOOST
! 14262 1601 BOOST
> 6094 3666 151 -39 -15 1
> 6298 4625 67 -25 -39 1
> 6334 2662 617 -93 -9 1
> 7177 5260 554 -285 -27 1
! 13235 1761 BOOST
! 6381 7966 47
> 6094 3666 151 -39 -15 1
> 6298 4625 67 -25 -39 1
> 6334 2662 617 -93 -9 1
> 7177 5260 554 -285 -27 1
! 11613 1849 BOOST
! 11927 2805 BOOST
> 6873 3459 662 -175 -15 1
> 6409 4583 94 -35 -21 1
> 7149 2539 692 -104 -9 1
> 7909 4883 621 -320 -27 1
