@ 0 Aelyanne
@ 1 NotwenCaasi
CP 6
CP 13113 2308
CP 4567 2173
CP 7345 4932
CP 3346 7231
CP 14593 7674
CP 10585 5059
> 13105 2808 0 0 -1 1
> 13121 1808 0 0 -1 1
> 13089 3808 0 0 -1 1
> 13137 808 0 0 -1 1
! 4567 2173 100
! 4567 2173 100
> 13105 2808 0 0 -1 1
> 13121 1808 0 0 -1 1
> 13089 3808 0 0 -1 1
> 13137 808 0 0 -1 1
! 6040 2455 0
! 7529 1702 0
> 13005 2801 -84 -6 -176 1
> 13021 1812 -84 3 178 1
> 13089 3808 0 0 -169 1
> 13137 808 0 0 171 1
! 5043 2207 BOOST
! 5043 2156 BOOST
> 13005 2801 -84 -6 -176 1
> 13021 1812 -84 3 178 1
> 13089 3808 0 0 -169 1
> 13137 808 0 0 171 1
! 6040 2455 BOOST
! 6521 5245 100
> 12273 2747 -622 -46 -176 1
> 12288 1843 -623 26 178 1
> 12451 3685 -542 -104 -169 1
> 13048 853 -75 38 153 1
! 7590 2396 BOOST
! 7595 2046 BOOST
> 12273 2747 -622 -46 -176 1
> 12288 1843 -623 26 178 1
> 12451 3685 -542 -104 -169 1
> 13048 853 -75 38 153 1
! 6040 2455 100
! 6715 5527 100
> 11452 2686 -698 -51 -176 1
> 11465 1878 -699 29 178 1
> 11811 3562 -544 -104 -169 1
> 12893 950 -132 82 144 1
