@ 0 Aelyanne
@ 1 NotwenCaasi
CP 4
CP 5987 4253
CP 14648 1420
CP 3429 7231
CP 9420 7268
> 5832 3778 0 0 -1 1
> 6142 4728 0 0 -1 1
> 5521 2827 0 0 -1 1
> 6453 5679 0 0 -1 1
! 14648 1420 100
! 14648 1420 100
> 5832 3778 0 0 -1 1
> 6142 4728 0 0 -1 1
> 5521 2827 0 0 -1 1
> 6453 5679 0 0 -1 1
! 13166 1648 100
! 11987 2803 100
> 5929 3752 82 -21 -15 1
> 6235 4692 79 -30 -21 1
> 5620 2812 84 -12 -9 1
> 6542 5633 75 -39 -27 1
! 14183 1539 BOOST
! 14200 1590 BOOST
> 5929 3752 82 -21 -15 1
> 6235 4692 79 -30 -21 1
> 5620 2812 84 -12 -9 1
> 6542 5633 75 -39 -27 1
! 13164 1632 100
! 6526 8418 70
> 6639 3563 603 -160 -15 1
> 6920 4426 581 -226 -21 1
> 5803 2785 155 -23 -9 1
> 6686 5582 122 -42 -9 1
! 11644 2217 BOOST
! 11753 2545 BOOST
> 6639 3563 603 -160 -15 1
> 6920 4426 581 -226 -21 1
> 5803 2785 155 -23 -9 1
> 6686 5582 122 -42 -9 1
! 13165 1640 BOOST
! 6382 7975 100
> 7435 3351 676 -180 -15 1
> 7687 4127 652 -253 -21 1
> 6600 2662 677 -104 -9 1
> 6907 5555 187 -23 9 1
