@ 0 Aelyanne
@ 1 NotwenCaasi
CP 5
CP 10679 2276
CP 8687 7475
CP 7206 2174
CP 3601 5258
CP 13823 5075
> 11146 2455 0 0 -1 1
> 10212 2097 0 0 -1 1
> 12080 2813 0 0 -1 1
> 9278 1739 0 0 -1 1
! 7216 22065 100
! 10246 22096 100
> 11146 2455 0 0 -1 1
> 10212 2097 0 0 -1 1
> 12080 2813 0 0 -1 1
> 9278 1739 0 0 -1 1
! 9569 6263 0
! 8982 4607 0
> 11126 2553 -16 83 101 1
> 10212 2197 0 84 90 1
> 12080 2813 0 0 126 1
> 9278 1739 0 0 96 1
! 6504 22011 100
! 9483 22183 100
> 11126 2553 -16 83 101 1
> 10212 2197 0 84 90 1
> 12080 2813 0 0 126 1
> 9278 1739 0 0 96 1
! 9569 6263 BOOST
! 6850 3351 74
> 11087 2733 -33 153 103 1
> 10208 2381 -3 156 92 1
> 11697 3339 -325 446 126 1
> 9248 1807 -25 57 114 1
! 5636 21975 100
! 8513 22309 100
> 11087 2733 -33 153 103 1
> 10208 2381 -3 156 92 1
> 11697 3339 -325 446 126 1
> 9248 1807 -25 57 114 1
! 9570 6263 100
! 11888 1905 0
> 11027 2982 -51 211 106 1
> 10197 2637 -9 217 95 1
> 11313 3866 -326 447 126 1
> 9223 1864 -21 48 96 1
! 4634 21932 100
! 7375 22436 100
> 11027 2982 -51 211 106 1
> 10197 2637 -9 217 95 1
> 11313 3866 -326 447 126 1
> 9223 1864 -21 48 96 1
! 9570 6264 100
! 11669 2282 67
> 10944 3288 -70 259 109 1
> 10174 2953 -19 268 98 1
> 10928 4394 -327 448 126 1
> 9216 1978 -5 96 78 1
! 3541 21867 100
! 6160 22546 100
> 10944 3288 -70 259 109 1
> 10174 2953 -19 268 98 1
> 10928 4394 -327 448 126 1
> 9216 1978 -5 96 78 1
! 9571 6264 100
! 11001 2575 100
> 10895 3666 28 352 112 1
> 10077 3293 -152 257 102 1
> 10542 4923 -327 449 126 1
> 9261 2161 38 155 60 1
! -1192 19599 100
! 9734 23290 100
> 10895 3666 28 352 112 1
> 10077 3293 -152 257 102 1
> 10542 4923 -327 449 126 1
> 9261 2161 38 155 60 1
! 9570 6263 100
! 10411 3040 100
> 10863 4098 -27 366 127 1
> 9923 3650 -130 303 91 1
> 10156 5453 -327 450 126 1
> 9373 2383 95 188 42 1
! -2102 19326 100
! 8252 23580 100
> 10863 4098 -27 366 127 1
> 9923 3650 -130 303 91 1
> 10156 5453 -327 450 126 1
> 9373 2383 95 188 42 1
! 8087 961 52
! 9912 3594 100
> 10771 4540 -78 375 130 1
> 9785 4053 -117 342 95 1
> 9787 5934 -313 408 144 1
> 9518 2658 123 233 60 1
! -3296 18755 100
! 6687 23811 100
> 10771 4540 -78 375 130 1
> 9785 4053 -117 342 95 1
> 9787 5934 -313 408 144 1
> 9518 2658 123 233 60 1
! 8119 984 57
! 9238 3954 100
> 10623 4986 -126 379 135 1
> 9653 4494 -112 374 99 1
> 9420 6360 -312 361 162 1
> 9662 2989 122 281 78 1
! -4080 18544 100
! 5206 23993 100
> 10623 4986 -126 379 135 1
> 9653 4494 -112 374 99 1
> 9420 6360 -312 361 162 1
> 9662 2989 122 281 78 1
! 8186 1040 62
! 9050 4308 100
> 10423 5433 -169 379 137 1
> 9519 4965 -114 400 103 1
> 9046 6721 -317 306 180 1
> 9774 3369 94 323 96 1
! -5381 17688 100
! 3892 24157 100
> 10423 5433 -169 379 137 1
> 9519 4965 -114 400 103 1
> 9046 6721 -317 306 180 1
> 9774 3369 94 323 96 1
! 8285 1133 67
! 8930 4633 100
> 10175 5873 -210 374 142 1
> 9377 5461 -120 421 106 1
> 8665 7006 -323 242 198 2
> 9827 3783 45 352 114 1
! -6795 16456 100
! 7531 1033 100
> 10175 5873 -210 374 142 1
> 9377 5461 -120 421 106 1
> 8665 7006 -323 242 198 2
> 9827 3783 45 352 114 1
! 8406 1275 72
! 8858 4954 100
> 9931 6326 -106 435 148 1
> 9149 5939 -294 355 124 1
> 8284 7206 -324 169 216 2
> 9808 4212 -15 364 130 1
! -9413 11406 100
! 14593 25183 100
> 9931 6326 -106 435 148 1
> 9149 5939 -294 355 124 1
> 8284 7206 -324 169 216 2
> 9808 4212 -15 364 130 1
! 8535 1481 100
! 8769 5273 100
> 9728 6786 -172 391 165 1
> 8827 6390 -273 383 106 1
> 7901 7294 -325 74 234 2
> 9723 4647 -72 370 134 1
! -10066 9647 100
! 7635 1571 100
> 9728 6786 -172 391 165 1
> 8827 6390 -273 383 106 1
> 7901 7294 -325 74 234 2
> 9723 4647 -72 370 134 1
! 8668 1841 100
! 8610 5575 100
> 9457 7191 -230 344 172 1
> 8498 6856 -279 395 124 1
> 7545 7273 -302 -17 252 2
> 9574 5081 -126 368 140 1
! 7401 1881 100
! 7443 1838 100
> 9457 7191 -230 344 172 1
> 8498 6856 -279 395 124 1
> 7545 7273 -302 -17 252 2
> 9574 5081 -126 368 140 1
! 8703 2258 100
! 8428 5873 100
> 9128 7518 -279 277 190 2
> 8140 7312 -304 387 142 2
> 7243 7156 -256 -99 270 2
> 9366 5506 -177 361 145 1
! 12227 -12240 100
! 14104 -11777 100
> 9128 7518 -279 277 190 2
> 8140 7312 -304 387 142 2
> 7243 7156 -256 -99 270 2
> 9366 5506 -177 361 145 1
! 8605 2715 100
! 8220 6154 100
> 8761 7748 -312 195 208 2
> 7742 7733 -338 357 160 2
> 7016 6961 -192 -165 -73 2
> 9102 5916 -224 348 151 1
! 13744 -11621 100
! 15654 -10635 100
> 8761 7748 -312 195 208 2
> 7742 7733 -338 357 160 2
> 7016 6961 -192 -165 -73 2
> 9102 5916 -224 348 151 1
! 8343 3151 100
! 7985 6406 100
> 8379 7871 -324 104 226 2
> 7304 8093 -372 305 178 2
> 6857 6702 -135 -220 -71 2
> 8786 6304 -268 329 156 1
! 15067 -10977 100
! 17117 -9333 100
> 8379 7871 -324 104 226 2
> 7304 8093 -372 305 178 2
> 6857 6702 -135 -220 -71 2
> 8786 6304 -268 329 156 1
! 7990 3452 100
! 8099 6695 60
> 8011 7885 -312 12 244 2
> 6836 8370 -397 235 196 2
> 6755 6388 -86 -267 -71 2
> 8466 6663 -272 304 150 1
! 15994 -10452 100
! 18422 -7932 100
> 8011 7885 -312 12 244 2
> 6836 8370 -397 235 196 2
> 6755 6388 -86 -267 -71 2
> 8466 6663 -272 304 150 1
! 7665 3601 100
! 7777 6696 60
> 7685 7798 -277 -73 262 2
> 6356 8549 -407 151 214 2
> 6700 6026 -46 -307 -72 2
> 8135 6979 -281 268 168 1
! 16525 -10141 100
! 19544 -6486 100
> 7685 7798 -277 -73 262 2
> 6356 8549 -407 151 214 2
> 6700 6026 -46 -307 -72 2
> 8135 6979 -281 268 168 1
! 7428 3657 100
! 7534 6586 SHIELD
> 7177 8000 -544 340 280 2
> 5888 8621 -397 61 232 2
> 6683 5623 -14 -342 -73 2
> 7879 7210 -206 179 186 1
! 18518 -8473 100
! 20491 -5043 100
> 7177 8000 -544 340 280 2
> 5888 8621 -397 61 232 2
> 6683 5623 -14 -342 -73 2
> 7879 7210 -206 179 186 1
! 7267 3672 100
! 7318 6474 60
> 6680 8252 -422 213 298 2
> 5457 8588 -366 -28 250 2
> 6698 5185 12 -372 -73 2
> 7673 7389 -175 152 204 1
! 18913 -7570 100
! 21204 -3741 100
> 6680 8252 -422 213 298 2
> 5457 8588 -366 -28 250 2
> 6698 5185 12 -372 -73 2
> 7673 7389 -175 152 204 1
! 7158 3673 100
! 7138 6328 60
> 6319 8386 -306 113 -52 2
> 5088 8460 -313 -108 268 2
> 6739 4717 34 -397 -73 2
> 7498 7541 -148 129 222 1
! 18967 -7106 BOOST
! 21655 -2742 100
> 6319 8386 -306 113 -52 2
> 5088 8460 -313 -108 268 2
> 6739 4717 34 -397 -73 2
> 7498 7541 -148 129 222 1
! 7096 3462 100
! 7051 6096 60
> 6424 7995 89 -331 -51 2
> 4803 8256 -242 -173 286 2
> 6800 4224 52 -419 -74 2
> 7350 7670 -125 109 240 1
! 13957 -10532 100
! 21913 -2098 100
> 6424 7995 89 -331 -51 2
> 4803 8256 -242 -173 286 2
> 6800 4224 52 -419 -74 2
> 7350 7670 -125 109 240 1
! 3417 6746 0
! 7262 5542 SHIELD
> 6294 7589 -335 -329 -68 2
> 4617 8000 -157 -217 304 2
> 6852 3805 44 -356 -92 2
> 7251 7777 -61 89 258 1
! 21598 -5286 100
! 21922 -2025 100
> 6294 7589 -335 -329 -68 2
> 4617 8000 -157 -217 304 2
> 6852 3805 44 -356 -92 2
> 7251 7777 -61 89 258 1
! 3418 6746 48
! 7191 4795 100
> 6023 7184 -229 -344 -50 2
> 4539 7722 -66 -236 322 2
> 6879 3404 23 -340 -110 2
> 7190 7866 -51 75 -91 1
! 21592 -5369 100
! 21621 -2679 100
> 6023 7184 -229 -344 -50 2
> 4539 7722 -66 -236 322 2
> 6879 3404 23 -340 -110 2
> 7190 7866 -51 75 -91 1
! 3500 6754 53
! 7203 4188 100
> 5872 6777 -128 -345 -39 2
> 4558 7434 16 -244 -31 2
> 6869 3022 -8 -324 -128 2
> 7139 7941 -43 63 -90 1
! 21181 -6092 BOOST
! 21072 -3848 100
> 5872 6777 -128 -345 -39 2
> 4558 7434 16 -244 -31 2
> 6869 3022 -8 -324 -128 2
> 7139 7941 -43 63 -90 1
! 3638 6757 59
! 7254 3604 100
> 5897 6303 21 -402 -40 2
> 4657 7134 83 -255 -34 2
> 6812 2665 -48 -303 -146 2
> 7096 8004 -36 53 -88 1
