@ 0 NotwenCaasi
@ 1 Aelyanne
CP 3
CP 5003 5235
CP 11476 6080
CP 9073 1833
> 5068 4739 0 0 -1 1
> 4938 5731 0 0 -1 1
> 5197 3748 0 0 -1 1
> 4809 6722 0 0 -1 1
! 10008 5773 100
! 8481 5921 100
> 5068 4739 0 0 -1 1
> 4938 5731 0 0 -1 1
> 5197 3748 0 0 -1 1
> 4809 6722 0 0 -1 1
! 20529 16590 100
! 24544 9962 100
> 5166 4759 83 17 12 1
> 5038 5736 84 4 3 1
> 5274 3812 65 54 40 1
> 4908 6738 83 13 9 1
! 10007 5780 BOOST
! 2041 5606 0
> 5166 4759 83 17 12 1
> 5038 5736 84 4 3 1
> 5274 3812 65 54 40 1
> 4908 6738 83 13 9 1
! 21053 16099 100
! 24722 9459 BOOST
> 5885 4910 611 128 12 1
> 5122 5740 71 3 21 1
> 5418 3927 122 98 38 1
> 5635 6839 617 86 8 1
! 10008 5773 100
! 5435 5861 60
> 5885 4910 611 128 12 1
> 5122 5740 71 3 21 1
> 5418 3927 122 98 38 1
> 5635 6839 617 86 8 1
! 21717 15517 100
! 25512 4630 100
> 6594 5058 602 126 12 1
> 5249 5765 107 20 21 1
> 5621 4083 172 132 35 1
> 6351 6914 608 63 -6 1
! 10008 5773 100
! 5862 5872 60
> 6594 5058 602 126 12 1
> 5249 5765 107 20 21 1
> 5621 4083 172 132 35 1
> 6351 6914 608 63 -6 1
! 22479 14843 100
! 26011 3246 100
> 7294 5204 594 124 12 1
> 5415 5795 141 25 10 1
> 5877 4269 217 157 33 1
> 7057 6959 600 37 -11 1
! 10008 5774 100
! 6298 5926 60
> 7294 5204 594 124 12 1
> 5415 5795 141 25 10 1
> 5877 4269 217 157 33 1
> 7057 6959 600 37 -11 1
! 23298 14092 100
! 26360 1728 100
> 7986 5349 588 122 12 1
> 5615 5829 170 28 8 1
> 6181 4475 258 175 29 1
> 7754 6970 592 9 -15 1
! 10008 5776 100
! 6746 5974 100
> 7986 5349 588 122 12 1
> 5615 5829 170 28 8 1
> 6181 4475 258 175 29 1
> 7754 6970 592 9 -15 1
! 24165 13225 100
! 26518 49 100
> 8672 5492 582 121 12 1
> 5884 5870 228 34 7 1
> 6529 4694 295 185 26 1
> 8440 6944 582 -21 -20 1
! 7605 1528 55
! 7224 6020 100
> 8672 5492 582 121 12 1
> 5884 5870 228 34 7 1
> 6529 4694 295 185 26 1
> 8440 6944 582 -21 -20 1
! 25033 12282 100
! 26427 -1799 100
> 9309 5607 541 97 -6 1
> 6211 5915 278 38 6 1
> 6917 4917 329 189 22 1
> 9112 6879 571 -55 -26 1
! 7597 1569 58
! 7716 6039 100
> 9309 5607 541 97 -6 1
> 6211 5915 278 38 6 1
> 6917 4917 329 189 22 1
> 9112 6879 571 -55 -26 1
! 25910 11180 100
! 25989 -3851 100
> 9903 5680 504 62 -24 1
> 6589 5961 321 39 5 1
> 7341 5137 360 187 18 1
> 9767 6770 557 -92 -32 1
! 7585 1650 62
! 8219 6029 100
> 9903 5680 504 62 -24 1
> 6589 5961 321 39 5 1
> 7341 5137 360 187 18 1
> 9767 6770 557 -92 -32 1
! 26739 10006 100
! 7855 2034 100
> 10453 5700 467 17 -42 1
> 7010 6004 357 36 2 1
> 7798 5348 388 179 14 1
> 10388 6601 527 -143 -50 1
! 10931 6061 69
! 8723 5979 100
> 10453 5700 467 17 -42 1
> 7010 6004 357 36 2 1
> 7798 5348 388 179 14 1
> 10388 6601 527 -143 -50 1
! 27480 8895 100
! 8244 2057 100
> 10991 5562 462 -207 -24 1
> 7467 6039 388 29 -1 1
> 8284 5545 413 167 10 1
> 10944 6492 466 -2 -68 1
! 11153 6225 66
! 8879 6249 100
> 10991 5562 462 -207 -24 1
> 7467 6039 388 29 -1 1
> 8284 5545 413 167 10 1
> 10944 6492 466 -2 -68 1
! 28212 7238 100
! 8676 1834 100
> 11519 5348 448 -181 -6 1
> 7954 6083 413 37 8 1
> 8797 5720 435 149 5 1
> 11416 6390 401 -86 -86 2
! 11137 6217 53
! 4601 5267 0
> 11519 5348 448 -181 -6 1
> 7954 6083 413 37 8 1
> 8797 5720 435 149 5 1
> 11416 6390 401 -86 -86 2
! 28781 6500 100
! -2045 -8401 100
> 12019 5178 424 -144 12 1
> 8367 6120 351 31 -10 1
> 9332 5873 454 129 2 1
> 11792 6207 319 -155 -104 2
! 10978 6249 49
! 4455 5230 0
> 12019 5178 424 -144 12 1
> 8367 6120 351 31 -10 1
> 9332 5873 454 129 2 1
> 11792 6207 319 -155 -104 2
! 7843 1483 100
! -2837 -7430 100
> 12485 5058 396 -101 30 1
> 8718 6151 298 26 -28 1
> 9882 5975 467 86 -16 1
> 12057 5968 225 -203 -122 2
! 10781 6257 51
! 4338 5191 0
> 12485 5058 396 -101 30 1
> 8718 6151 298 26 -28 1
> 9882 5975 467 86 -16 1
> 12057 5968 225 -203 -122 2
! 8051 1644 100
! -3367 -6762 100
> 12915 4995 365 -53 48 1
> 9016 6177 253 22 -46 1
> 10432 6005 467 25 -34 1
> 12205 5701 125 -226 -140 2
! 10585 6209 55
! 4244 5150 0
> 12915 4995 365 -53 48 1
> 9016 6177 253 22 -46 1
> 10432 6005 467 25 -34 1
> 12205 5701 125 -226 -140 2
! 8338 1793 100
! -3631 -6514 100
> 13302 4992 329 -2 66 1
> 9269 6199 215 18 -64 1
> 10961 5951 449 -45 -52 2
> 12251 5414 38 -244 -142 2
! 10414 6086 60
! 4007 5180 0
> 13302 4992 329 -2 66 1
> 9269 6199 215 18 -64 1
> 10961 5951 449 -45 -52 2
> 12251 5414 38 -244 -142 2
! -2303 -9017 100
! -3853 -6445 BOOST
> 13637 5050 285 49 84 1
> 9484 6217 182 15 -82 1
> 11445 5812 411 -118 -70 2
> 12128 5051 -104 -308 -144 2
