@ 0 Aelyanne
@ 1 NotwenCaasi
CP 4
CP 14675 1397
CP 3452 7201
CP 9394 7212
CP 5985 4236
> 14905 1841 0 0 -1 1
> 14445 953 0 0 -1 1
> 15364 2729 0 0 -1 1
> 13986 65 0 0 -1 1
! 3452 7201 100
! 3452 7201 100
> 14905 1841 0 0 -1 1
> 14445 953 0 0 -1 1
> 15364 2729 0 0 -1 1
> 13986 65 0 0 -1 1
! 4856 6674 100
! 3452 7201 100
> 14814 1883 -76 36 155 1
> 14358 1002 -73 42 150 1
> 15270 2764 -79 29 159 1
> 13903 121 -70 47 146 1
! 3882 6997 BOOST
! 3865 6963 BOOST
> 14814 1883 -76 36 155 1
> 14358 1002 -73 42 150 1
> 15270 2764 -79 29 159 1
> 13903 121 -70 47 146 1
! 4860 6685 100
! 8794 7210 100 Hey POD_02, Watch out!
> 14149 2194 -565 264 155 1
> 13720 1365 -542 308 150 1
> 15097 2828 -146 54 159 1
> 13772 247 -111 107 128 1
! 6481 5785 BOOST
! 6358 5549 BOOST
> 14149 2194 -565 264 155 1
> 13720 1365 -542 308 150 1
> 15097 2828 -146 54 159 1
> 13772 247 -111 107 128 1
! 4858 6681 100
! 8794 7210 100 Hey POD_02, Watch out!
> 13403 2543 -634 296 155 1
> 13004 1772 -608 345 150 1
> 14857 2917 -203 75 159 1
> 13603 435 -143 160 126 1
