@ 0 Aelyanne
@ 1 NotwenCaasi
CP 4
CP 13291 5556
CP 9574 1384
CP 3655 4442
CP 8008 7879
> 12918 5889 0 0 -1 1
> 13664 5223 0 0 -1 1
> 12171 6554 0 0 -1 1
> 14411 4558 0 0 -1 1
! 3226 -11606 100
! 771 -10066 100
> 12918 5889 0 0 -1 1
> 13664 5223 0 0 -1 1
> 12171 6554 0 0 -1 1
> 14411 4558 0 0 -1 1
! 10247 2724 46
! 11992 2970 0
> 12870 5802 -41 -74 -119 1
> 13600 5147 -54 -64 -130 1
> 12150 6513 -17 -34 -117 1
> 14411 4558 0 0 -147 1
! 2882 -11525 BOOST
! 483 -9951 BOOST
> 12870 5802 -41 -74 -119 1
> 13600 5147 -54 -64 -130 1
> 12150 6513 -17 -34 -117 1
> 14411 4558 0 0 -147 1
! 10244 2725 BOOST
! 11513 6070 64 Hey POD_02, Watch out!
> 12504 5165 -310 -541 -120 1
> 13120 4592 -408 -471 -131 1
> 11841 5898 -262 -522 -117 1
> 14349 4541 -52 -14 -165 1
! -59 -10396 100
! -1939 -8568 100
> 12504 5165 -310 -541 -120 1
> 13120 4592 -408 -471 -131 1
> 11841 5898 -262 -522 -117 1
> 14349 4541 -52 -14 -165 1
! 10246 2724 100
! 11742 8298 100 Hey POD_02, Watch out!
> 12035 4636 -433 -416 -129 1
> 12732 3965 -294 -565 -139 1
> 11534 5287 -260 -519 -117 1
> 14197 4532 -129 -7 -183 1
! 4674 -13960 100
! -5992 -3063 100
> 12035 4636 -433 -416 -129 1
> 12732 3965 -294 -565 -139 1
> 11534 5287 -260 -519 -117 1
> 14197 4532 -129 -7 -183 1
! 10245 2725 100
! 11740 7571 100 I'm coming for you POD_01
> 11676 3980 -292 -574 -112 1
> 12346 3361 -328 -513 -157 1
> 11118 4826 -366 -374 -117 1
> 13974 4560 -189 24 -201 1
! -3932 -8525 100
! -6884 -2133 100
> 11676 3980 -292 -574 -112 1
> 12346 3361 -328 -513 -157 1
> 11118 4826 -366 -374 -117 1
> 13974 4560 -189 24 -201 1
! 10623 2456 100
! 11601 6806 100 I'm coming for you POD_01
> 11306 3341 -419 -452 -130 1
> 11936 2809 -242 -559 -164 1
> 10732 4354 -328 -401 -102 1
> 13707 4647 -226 73 -219 1
! 4789 5666 100
! -8063 2665 100
> 11306 3341 -419 -452 -130 1
> 11936 2809 -242 -559 -164 1
> 10732 4354 -328 -401 -102 1
> 13707 4647 -226 73 -219 1
! 10523 2545 100
! 11336 6007 100 I'm coming for you POD_01
> 10803 2835 -427 -429 -148 1
> 11594 2249 -290 -475 -180 1
> 10393 3854 -288 -425 -97 1
> 13394 4770 -265 104 150 1
! 4588 5380 100
! -8341 3859 100
> 10803 2835 -427 -429 -148 1
> 11594 2249 -290 -475 -180 1
> 10393 3854 -288 -425 -97 1
> 13394 4770 -265 104 150 1
! 10303 2461 100
! 11101 5419 100 I'm coming for you POD_01
> 10279 2381 -445 -385 -166 1
> 11204 1782 -331 -396 175 1
> 10099 3329 -250 -446 -94 1
> 13033 4901 -307 111 164 1
! 4354 5047 100
! -6835 10417 100
> 10279 2381 -445 -385 -166 1
> 11204 1782 -331 -396 175 1
> 10099 3329 -250 -446 -94 1
> 13033 4901 -307 111 164 1
! 10066 2262 100
! 10966 4511 100 I'm coming for you POD_01
> 9732 1986 -480 -480 -184 1
> 10781 1424 -359 -303 157 1
> 9848 2799 -197 -305 -92 1
> 12626 5008 -345 91 182 1
! 3655 4442 100
! -5949 12381 100
> 9732 1986 -480 -480 -184 1
> 10781 1424 -359 -303 157 1
> 9848 2799 -197 -305 -92 1
> 12626 5008 -345 91 182 1
! 9964 1989 100
! 11641 1677 100 I'm coming for you POD_01
> 9159 1543 -487 -376 -202 2
> 10338 1176 -376 -210 147 1
> 9665 2395 -155 -343 -82 1
> 12187 5064 -373 48 200 1
! -5824 14790 100
! 3974 4620 100
> 9159 1543 -487 -376 -202 2
> 10338 1176 -376 -210 147 1
> 9665 2395 -155 -343 -82 1
> 12187 5064 -373 48 200 1
! 4272 5808 46
! 11094 6885 100 I'm coming for you POD_01
> 8595 1231 -479 -265 -220 2
> 9874 1014 -394 -138 152 2
> 9502 2007 -138 -330 -100 1
> 11714 5108 -401 37 182 1
! -5279 15635 100
! 5721 5165 100
> 8595 1231 -479 -265 -220 2
> 9874 1014 -394 -138 152 2
> 9502 2007 -138 -330 -100 1
> 11714 5108 -401 37 182 1
! 4233 5825 52
! 11054 6926 100 I'm coming for you POD_01
> 8047 1038 -466 -164 134 2
> 9433 833 -330 -360 135 2
> 9316 1745 -202 -16 -118 2
> 11217 5172 -422 54 164 1
! -4440 16660 100
! -6042 13502 100
> 8047 1038 -466 -164 134 2
> 9433 833 -330 -360 135 2
> 9316 1745 -202 -16 -118 2
> 11217 5172 -422 54 164 1
! 5150 4560 58
! 10987 6760 100 I'm coming for you POD_01
> 7519 952 -449 -73 129 2
> 9026 536 -346 -252 141 2
> 9072 1689 -207 -47 -136 2
> 10712 5282 -429 93 146 1
! -3807 17435 100
! -5608 14168 100
> 7519 952 -449 -73 129 2
> 9026 536 -346 -252 141 2
> 9072 1689 -207 -47 -136 2
> 10712 5282 -429 93 146 1
! 5117 4774 66
! 10882 6445 100 I'm coming for you POD_01
> 7013 961 -429 8 124 2
> 8607 352 -356 -156 137 2
> 8806 1613 -226 -64 -154 2
> 10221 5454 -417 145 128 1
! -3083 18225 100
! -5277 14747 100
> 7013 961 -429 8 124 2
> 8607 352 -356 -156 137 2
> 8806 1613 -226 -64 -154 2
> 10221 5454 -417 145 128 1
! 5098 4850 72
! 9212 6559 100 I'm coming for you POD_01
> 6534 1055 -407 80 120 2
> 8182 268 -361 -71 134 2
> 8509 1539 -252 -63 -172 2
> 9737 5673 -411 186 132 1
! -2567 18864 100
! -4997 15311 100
> 6534 1055 -407 80 120 2
> 8182 268 -361 -71 134 2
> 8509 1539 -252 -63 -172 2
> 9737 5673 -411 186 132 1
! 5110 4805 100
! 8864 6480 100 I'm coming for you POD_01
> 6081 1224 -384 143 117 2
> 7755 272 -362 3 131 2
> 8158 1493 -297 -39 -190 2
> 9253 5927 -411 215 137 1
! -1947 19541 100
! -4661 15951 100
> 6081 1224 -384 143 117 2
> 7755 272 -362 3 131 2
> 8158 1493 -297 -39 -190 2
> 9253 5927 -411 215 137 1
! 5142 4637 100
! 8522 6469 60 I'm coming for you POD_01
> 5657 1459 -360 199 114 2
> 7331 353 -360 69 128 2
> 7773 1501 -327 6 -208 2
> 8794 6178 -390 213 143 1
! -1218 20239 100
! -4441 16520 BOOST
> 5657 1459 -360 199 114 2
> 7331 353 -360 69 128 2
> 7773 1501 -327 6 -208 2
> 8794 6178 -390 213 143 1
! 5154 4415 100
! 8201 6486 60 I'm coming for you POD_01
> 5263 1752 -335 248 110 2
> 6853 584 -406 196 126 2
> 7376 1579 -337 66 -226 2
> 8351 6419 -376 204 153 1
