@ 0 Aelyanne
@ 1 NotwenCaasi
CP 4
CP 12439 1368
CP 10544 5967
CP 3566 5184
CP 13574 7594
> 12901 1558 0 0 -1 1
> 11977 1178 0 0 -1 1
> 13826 1939 0 0 -1 1
> 11052 797 0 0 -1 1
! 5303 20058 100
! 8515 20876 100
> 12901 1558 0 0 -1 1
> 11977 1178 0 0 -1 1
> 13826 1939 0 0 -1 1
> 11052 797 0 0 -1 1
! 11491 4805 0
! 10797 3382 0
> 12863 1651 -32 78 112 1
> 11960 1276 -14 83 100 1
> 13826 1939 0 0 129 1
> 11052 797 0 0 96 1
! 4990 20036 BOOST
! 8146 20909 BOOST
> 12863 1651 -32 78 112 1
> 11960 1276 -14 83 100 1
> 13826 1939 0 0 129 1
> 11052 797 0 0 96 1
! 11491 4805 BOOST
! 12269 3832 100 I'm coming for you POD_01
> 12575 2327 -244 574 113 1
> 11822 1997 -117 612 101 1
> 13415 2443 -348 428 129 1
> 11073 895 18 83 78 1
! 2304 19488 100
! 5045 20814 100
> 12575 2327 -244 574 113 1
> 11822 1997 -117 612 101 1
> 13415 2443 -348 428 129 1
> 11073 895 18 83 78 1
! 11490 4804 100
! 12753 3713 100 I'm coming for you POD_01
> 12241 3057 -255 660 121 1
> 11471 2611 -390 476 110 1
> 13243 2970 -83 453 129 1
> 11142 1064 58 143 60 1
! 18 18887 100
! 16437 21984 100
> 12241 3057 -255 660 121 1
> 11471 2611 -390 476 110 1
> 13243 2970 -83 453 129 1
> 11142 1064 58 143 60 1
! 10814 4492 100
! 12185 3946 100 I'm coming for you POD_01
> 11925 3796 -268 628 128 1
> 11078 3187 -334 489 92 1
> 13076 3477 -141 431 147 1
> 11234 1301 78 201 70 1
! 4152 3810 100
! 17502 22126 100
> 11925 3796 -268 628 128 1
> 11078 3187 -334 489 92 1
> 13076 3477 -141 431 147 1
> 11234 1301 78 201 70 1
! 11010 4542 100
! 12149 4028 100 I'm coming for you POD_01
> 11574 4480 -297 581 146 1
> 10772 3772 -260 497 74 1
> 12846 3954 -195 405 153 1
> 11344 1597 93 251 71 1
! 4033 4270 100
! 17851 22476 100
> 11574 4480 -297 581 146 1
> 10772 3772 -260 497 74 1
> 12846 3954 -195 405 153 1
> 11344 1597 93 251 71 1
! 11194 4616 100
! 12006 4121 100 I'm coming for you POD_01
> 11181 5089 -334 517 164 1
> 10547 4363 -190 501 69 1
> 12558 4396 -244 375 158 1
> 11462 1945 100 295 75 1
! 3849 4744 100
! 3864 4396 100
> 11181 5089 -334 517 164 1
> 10547 4363 -190 501 69 1
> 12558 4396 -244 375 158 1
> 11462 1945 100 295 75 1
! 11240 4897 100
! 11555 4156 100 I'm coming for you POD_01
> 10780 5651 -260 595 182 2
> 10329 4916 -265 352 87 1
> 12221 4807 -286 348 159 1
> 11566 2340 88 335 88 1
! 4792 2376 100
! 26425 16785 100
> 10780 5651 -260 595 182 2
> 10329 4916 -265 352 87 1
> 12221 4807 -286 348 159 1
> 11566 2340 88 335 88 1
! 11191 5180 100
! 12657 4825 100 I'm coming for you POD_01
> 10426 6212 -301 477 200 2
> 10099 5362 -195 378 69 1
> 11841 5189 -323 324 160 1
> 11689 2769 104 364 70 1
! -6166 -4954 100
! 28388 13455 100
> 10426 6212 -301 477 200 2
> 10099 5362 -195 378 69 1
> 11841 5189 -323 324 160 1
> 11689 2769 104 364 70 1
! 4625 4122 100
! 12477 4590 100 I'm coming for you POD_01
> 10042 6633 -326 357 -146 2
> 9967 5818 -112 387 51 2
> 11418 5516 -359 278 178 1
> 11833 3225 122 387 67 1
! -6542 -4545 BOOST
! -7849 -3268 100
> 10042 6633 -326 357 -146 2
> 9967 5818 -112 387 51 2
> 11418 5516 -359 278 178 1
> 11833 3225 122 387 67 1
! 4751 4266 100
! 12336 4567 100 Hey POD_02, Watch out!
> 9564 7119 -405 428 -146 2
> 9876 6058 -77 188 69 2
> 10961 5776 -388 220 -169 2
> 11990 3706 133 408 69 1
