@ 0 NotwenCaasi
@ 1 Aelyanne
CP 4
CP 11214 5451
CP 7231 6649
CP 5417 2860
CP 10309 3358
> 11358 5930 0 0 -1 1
> 11070 4972 0 0 -1 1
> 11646 6887 0 0 -1 1
> 10782 4015 0 0 -1 1
! 8708 6392 0
! 9150 5811 0
> 11358 5930 0 0 -1 1
> 11070 4972 0 0 -1 1
> 11646 6887 0 0 -1 1
> 10782 4015 0 0 -1 1
! -8315 8120 100
! -2718 18770 100
> 11358 5930 0 0 170 1
> 11070 4972 0 0 156 1
> 11546 6893 -84 5 176 1
> 10714 4089 -57 62 132 1
! 8708 6392 BOOST Come on, don't need to brake so much!
! 11261 5692 0 Following my leader
> 11358 5930 0 0 170 1
> 11070 4972 0 0 156 1
> 11546 6893 -84 5 176 1
> 10714 4089 -57 62 132 1
! -8435 7750 100
! -3249 18407 100
> 10718 6042 -544 94 170 1
> 11070 4972 0 0 138 1
> 11362 6902 -156 7 178 1
> 10587 4223 -107 113 134 1
! 8709 6394 100 Come on, don't need to brake so much!
! 11054 5722 60 Following my leader
> 10718 6042 -544 94 170 1
> 11070 4972 0 0 138 1
> 11362 6902 -156 7 178 1
> 10587 4223 -107 113 134 1
! -8633 7323 100
! -3926 17983 100
> 10076 6153 -546 94 170 1
> 11040 5024 -25 43 120 1
> 11106 6911 -217 7 179 1
> 10407 4405 -152 154 137 1
! 6895 2606 100 Come on, don't need to brake so much!
! 10986 5852 60 Following my leader
> 10076 6153 -546 94 170 1
> 11040 5024 -25 43 120 1
> 11106 6911 -217 7 179 1
> 10407 4405 -152 154 137 1
! -8893 6839 100
! -4698 17512 100
> 9431 6233 -548 67 188 1
> 11002 5126 -32 86 102 1
> 10789 6918 -269 5 -180 1
> 10179 4625 -193 186 139 1
! 6905 2678 100 Come on, don't need to brake so much!
! 10406 5778 60 Following my leader
> 9431 6233 -548 67 188 1
> 11002 5126 -32 86 102 1
> 10789 6918 -269 5 -180 1
> 10179 4625 -193 186 139 1
! -9201 6287 100
! -5546 16982 100
> 8793 6256 -542 19 206 1
> 10940 5264 -53 117 120 1
> 10420 6920 -313 1 -178 1
> 9907 4873 -230 210 142 1
! 6916 2808 100 Come on, don't need to brake so much!
! 9993 5732 60 Following my leader
> 8793 6256 -542 19 206 1
> 10940 5264 -53 117 120 1
> 10420 6920 -313 1 -178 1
> 9907 4873 -230 210 142 1
! -9541 5677 100
! -6443 16390 100
> 8179 6205 -521 -42 224 1
> 10842 5421 -83 133 138 1
> 10007 6915 -350 -4 -176 1
> 9595 5141 -264 227 145 1
! 6912 2980 100 Come on, don't need to brake so much!
! 9645 5675 100 Following my leader
> 8179 6205 -521 -42 224 1
> 10842 5421 -83 133 138 1
> 10007 6915 -350 -4 -176 1
> 9595 5141 -264 227 145 1
! -9912 5122 100
! -7428 15638 100
> 7611 6075 -482 -110 242 1
> 10667 5594 -148 147 156 1
> 9557 6902 -382 -11 -175 1
> 9246 5420 -296 237 148 1
! 7566 6725 45 Come on, don't need to brake so much!
! 9388 5690 100 Following my leader
> 7611 6075 -482 -110 242 1
> 10667 5594 -148 147 156 1
> 9557 6902 -382 -11 -175 1
> 9246 5420 -296 237 148 1
! -10239 4057 100
! -8343 14938 100
> 7097 5934 -437 -120 224 1
> 10419 5751 -210 133 174 1
> 9076 6877 -408 -21 -172 1
> 8862 5705 -326 241 152 1
! 7581 6745 0 Come on, don't need to brake so much!
! 9109 5757 100 Following my leader
> 7097 5934 -437 -120 224 1
> 10419 5751 -210 133 174 1
> 9076 6877 -408 -21 -172 1
> 8862 5705 -326 241 152 1
! 6522 2916 100
! 6300 2207 100
> 6660 5814 -371 -102 206 1
> 10109 5884 -263 113 180 1
> 8578 6812 -423 -55 -154 1
> 8438 5964 -360 220 170 1
! 7718 6783 0 Come on, don't need to brake so much!
! 8779 5815 100 Following my leader
> 6660 5814 -371 -102 206 1
> 10109 5884 -263 113 180 1
> 8578 6812 -423 -55 -154 1
> 8438 5964 -360 220 170 1
! 6341 2980 100
! 6204 2378 100
> 6289 5712 -315 -86 188 1
> 9746 5992 -308 91 -177 1
> 8129 6957 -373 172 -136 1
> 7933 5901 -437 -103 188 1
! 7871 6823 0
! 9358 5506 30 I'm coming for you POD_01
> 6289 5712 -315 -86 188 1
> 9746 5992 -308 91 -177 1
> 8129 6957 -373 172 -136 1
> 7933 5901 -437 -103 188 1
! -1865 -10366 100
! 8630 25888 100
> 5974 5626 -267 -73 170 1
> 9410 6072 -285 68 -159 1
> 7706 7042 -359 72 -120 1
> 7398 5816 -455 -72 170 1
! 8012 6862 0
! 8675 6729 30 I'm coming for you POD_01
> 5974 5626 -267 -73 170 1
> 9410 6072 -285 68 -159 1
> 7706 7042 -359 72 -120 1
> 7398 5816 -455 -72 170 1
! 5722 2798 100
! 12741 25088 100
> 5707 5553 -226 -62 152 1
> 9095 6138 -267 56 -177 1
> 7305 7023 -341 -15 -115 2
> 6855 5792 -461 -20 152 1
! 8136 6897 46
! 11108 3589 0 I'm coming for you POD_01
> 5707 5553 -226 -62 152 1
> 9095 6138 -267 56 -177 1
> 7305 7023 -341 -15 -115 2
> 6855 5792 -461 -20 152 1
! 2290 -12338 100
! 22441 18323 100
> 5449 5524 -219 -24 134 1
> 8828 6194 -226 47 -159 1
> 6939 6911 -311 -95 -105 2
> 6325 5844 -450 44 134 1
! 8278 6763 SHIELD
! 11091 3591 0 I'm coming for you POD_01
> 5449 5524 -219 -24 134 1
> 8828 6194 -226 47 -159 1
> 6939 6911 -311 -95 -105 2
> 6325 5844 -450 44 134 1
! 3274 -12750 100
! 24252 14710 100
> 5225 5497 -204 -32 116 1
> 8602 6241 -192 39 -141 1
> 6610 6718 -279 -164 -101 2
> 5884 6013 -235 234 116 1
! 8373 6828 59
! 11057 3594 48 I'm coming for you POD_01
> 5225 5497 -204 -32 116 1
> 8602 6241 -192 39 -141 1
> 6610 6718 -279 -164 -101 2
> 5884 6013 -235 234 116 1
! 4156 -13130 100
! 25843 7289 100
> 5021 5465 -173 -27 98 1
> 8384 6240 -185 -1 -123 1
> 6449 6526 -6 -92 -97 2
> 5506 6275 -452 151 98 1
! 8469 6842 66
! 11061 3864 63 I'm coming for you POD_01
> 5021 5465 -173 -27 98 1
> 8384 6240 -185 -1 -123 1
> 6449 6526 -6 -92 -97 2
> 5506 6275 -452 151 98 1
! -2664 -11277 100
! 25397 8354 100
> 4848 5438 -147 -22 80 1
> 8183 6178 -171 -52 -105 1
> 6401 6343 -41 -155 -115 2
> 5072 6524 -368 211 80 1
! 8552 6846 73
! 10979 4252 100 I'm coming for you POD_01
> 4848 5438 -147 -22 80 1
> 8183 6178 -171 -52 -105 1
> 6401 6343 -41 -155 -115 2
> 5072 6524 -368 211 80 1
! -2104 -11758 100
! 25048 5562 100
> 4701 5416 -124 -18 62 1
> 8017 6026 -140 -129 -87 1
> 6317 6097 -70 -208 -115 2
> 4752 6823 -272 254 62 1
! 8623 6851 100
! 10585 4758 100 I'm coming for you POD_01
> 4701 5416 -124 -18 62 1
> 8017 6026 -140 -129 -87 1
> 6317 6097 -70 -208 -115 2
> 4752 6823 -272 254 62 1
! -1314 -12389 100
! 24452 3375 100
> 4649 5468 -44 43 44 1
> 7913 5804 -88 -189 -69 1
> 6209 5797 -91 -255 -112 2
> 4552 7146 -169 274 44 1
! 8246 5657 100
! 10033 4983 100 I'm coming for you POD_01
> 4649 5468 -44 43 44 1
> 7913 5804 -88 -189 -69 1
> 6209 5797 -91 -255 -112 2
> 4552 7146 -169 274 44 1
! -467 -13055 100
! 23576 975 100
> 4695 5555 38 73 26 1
> 7888 5537 -21 -226 -51 1
> 6085 5448 -105 -296 -110 2
> 4473 7463 -66 269 26 1
! 6594 5425 100
! 9464 4950 100 I'm coming for you POD_01
> 4695 5555 38 73 26 1
> 7888 5537 -21 -226 -51 1
> 6085 5448 -105 -296 -110 2
> 4473 7463 -66 269 26 1
! 392 -13724 100
! 22465 -1269 100
> 4832 5642 116 73 8 1
> 7951 5256 53 -238 -33 1
> 5952 5056 -113 -333 -107 2
> 4506 7745 28 239 8 1
! 6130 5957 100
! 8948 4726 60 I'm coming for you POD_01
> 4832 5642 116 73 8 1
> 7951 5256 53 -238 -33 1
> 5952 5056 -113 -333 -107 2
> 4506 7745 28 239 8 1
! 1339 -14404 100
! 21181 -3297 100
> 5045 5739 181 82 14 1
> 8057 4990 90 -226 -28 1
> 5816 4626 -115 -365 -103 2
> 4632 7966 107 187 -10 1
! 6153 6161 100
! 8556 4443 60 I'm coming for you POD_01
> 5045 5739 181 82 14 1
> 8057 4990 90 -226 -28 1
> 5816 4626 -115 -365 -103 2
> 4632 7966 107 187 -10 1
! 10620 4346 100
! 19900 -4952 100
> 5319 5857 233 99 21 1
> 8189 4721 111 -228 -46 1
> 5709 4161 -90 -394 -85 2
> 4827 8105 165 118 -28 1
! 6279 6245 100
! 8020 4170 60 I'm coming for you POD_01
> 5319 5857 233 99 21 1
> 8189 4721 111 -228 -46 1
> 5709 4161 -90 -394 -85 2
> 4827 8105 165 118 -28 1
! 10505 4219 100
! 18835 -6170 100
> 5645 5993 276 116 22 1
> 8326 4439 116 -239 -64 1
> 5658 3675 -43 -413 -67 2
> 5062 8152 199 39 -46 1
! 6440 6317 100
! 6685 4282 0 I'm coming for you POD_01
> 5645 5993 276 116 22 1
> 8326 4439 116 -239 -64 1
> 5658 3675 -43 -413 -67 2
> 5062 8152 199 39 -46 1
! 10376 4007 100
! 18322 -6820 100
> 6014 6147 313 130 22 1
> 8442 4200 98 -203 -82 1
> 5680 3186 18 -415 -49 3
> 5327 8116 225 -30 -48 1
! 4032 2285 0
! 9376 4025 60 I'm coming for you POD_01
> 6014 6147 313 130 22 1
> 8442 4200 98 -203 -82 1
> 5680 3186 18 -415 -49 3
> 5327 8116 225 -30 -48 1
! 23423 12413 100
! 17926 -7416 100
> 6327 6277 266 110 4 1
> 8566 3943 105 -218 -64 1
> 5783 2719 87 -396 -31 3
> 5615 8008 244 -91 -51 1
! 4031 2287 49
! 9426 3872 60 I'm coming for you POD_01
> 6327 6277 266 110 4 1
> 8566 3943 105 -218 -64 1
> 5783 2719 87 -396 -31 3
> 5615 8008 244 -91 -51 1
! 22584 13567 100
! 17569 -8026 100
> 6641 6375 266 83 -14 1
> 8713 3682 124 -221 -46 1
> 5967 2300 156 -356 -13 3
> 5919 7837 258 -145 -53 1
! 3986 2414 55
! 9454 3701 60 I'm coming for you POD_01
> 6641 6375 266 83 -14 1
> 8713 3682 124 -221 -46 1
> 5967 2300 156 -356 -13 3
> 5919 7837 258 -145 -53 1
! 21760 14570 100
! 18349 -7830 100
> 6954 6429 265 45 -32 2
> 8890 3433 150 -211 -28 1
> 6223 1952 217 -295 5 3
> 6239 7614 272 -189 -52 1
! 3939 2609 61
! 9483 3525 60 I'm coming for you POD_01
> 6954 6429 265 45 -32 2
> 8890 3433 150 -211 -28 1
> 6223 1952 217 -295 5 3
> 6239 7614 272 -189 -52 1
! 21020 15406 100
! 4680 3371 100
> 7258 6427 258 -1 -50 2
> 9099 3212 177 -188 -10 1
> 6532 1696 262 -217 23 3
> 6546 7331 260 -240 -70 1
! 3918 2865 67
! 9531 3358 60 I'm coming for you POD_01
> 7258 6427 258 -1 -50 2
> 9099 3212 177 -188 -10 1
> 6532 1696 262 -217 23 3
> 6546 7331 260 -240 -70 1
! 20272 16228 100
! 5008 3237 100
> 7541 6364 240 -53 -68 2
> 9335 3032 200 -152 8 1
> 6870 1544 287 -129 41 3
> 6810 6991 224 -288 -88 2
! 3953 3183 73
! 9601 3212 60 I'm coming for you POD_01
> 7541 6364 240 -53 -68 2
> 9335 3032 200 -152 8 1
> 6870 1544 287 -129 41 3
> 6810 6991 224 -288 -88 2
! 20006 16625 100
! -9026 -5223 100
> 7786 6238 208 -106 -86 2
> 9589 2906 215 -106 26 1
> 7223 1490 299 -45 49 3
> 7007 6607 167 -326 -106 2
! 4081 3541 100
! 9684 3102 60 I'm coming for you POD_01
> 7786 6238 208 -106 -86 2
> 9589 2906 215 -106 26 1
> 7223 1490 299 -45 49 3
> 7007 6607 167 -326 -106 2
! 20128 16769 100
! -9895 -4084 100
> 7970 6035 156 -172 -104 2
> 9847 2842 219 -54 44 1
> 7587 1521 308 26 50 3
> 7119 6198 94 -347 -124 2
! 4410 3971 100
! 9722 3043 67 I'm coming for you POD_01
> 7970 6035 156 -172 -104 2
> 9847 2842 219 -54 44 1
> 7587 1521 308 26 50 3
> 7119 6198 94 -347 -124 2
! 20158 17076 100
! -10274 -3674 100
> 8073 5778 87 -218 -122 2
> 10097 2847 212 4 62 1
> 7958 1625 315 88 51 3
> 7135 5789 13 -347 -142 2
! 4862 4253 100
! 9671 2999 0 I'm coming for you POD_01
> 8073 5778 87 -218 -122 2
> 10097 2847 212 4 62 1
> 7958 1625 315 88 51 3
> 7135 5789 13 -347 -142 2
! 20513 17193 100
! -10262 -4076 100
> 8084 5495 9 -240 -140 2
> 10309 2851 180 3 80 1
> 8336 1791 321 140 51 3
> 7061 5393 -62 -336 -150 2
! 5361 4358 100
! 9595 2980 0 I'm coming for you POD_01
> 8084 5495 9 -240 -140 2
> 10309 2851 180 3 80 1
> 8336 1791 321 140 51 3
> 7061 5393 -62 -336 -150 2
! 20346 17783 100
! -9970 -5092 100
> 8001 5216 -70 -236 -157 2
> 10489 2854 153 2 98 1
> 8717 2011 323 186 53 3
> 6914 5005 -125 -330 -148 2
! 5843 4298 100
! 9526 2966 53 I'm coming for you POD_01
> 8001 5216 -70 -236 -157 2
> 10489 2854 153 2 98 1
> 8717 2011 323 186 53 3
> 6914 5005 -125 -330 -148 2
! 21050 17755 100
! -9651 -6202 100
> 7839 4941 -137 -233 -157 2
> 10619 2904 110 42 116 1
> 9102 2276 326 225 52 3
> 6706 4619 -176 -328 -146 2
! 6177 4153 100
! 9508 2822 65 I'm coming for you POD_01
> 7839 4941 -137 -233 -157 2
> 10619 2904 110 42 116 1
> 9102 2276 326 225 52 3
> 6706 4619 -176 -328 -146 2
! 10330 4841 100
! -8754 -8069 100
> 7612 4665 -193 -234 -155 2
> 10684 2993 55 75 134 1
> 9471 2591 313 267 64 3
> 6453 4228 -215 -332 -141 2
! 6321 3956 100
! 9624 2622 60 I'm coming for you POD_01
> 7612 4665 -193 -234 -155 2
> 10684 2993 55 75 134 1
> 9471 2591 313 267 64 3
> 6453 4228 -215 -332 -141 2
! 10721 5031 100
! 10891 4257 100
> 7331 4383 -238 -239 -151 2
> 10686 3096 1 87 152 1
> 9830 2947 304 302 63 3
> 6184 3812 -228 -353 -123 2
! 6279 3726 100
! 9849 2546 SHIELD I'm coming for you POD_01
> 7331 4383 -238 -239 -151 2
> 10686 3096 1 87 152 1
> 9830 2947 304 302 63 3
> 6184 3812 -228 -353 -123 2
! 10955 5194 100
! 10667 3913 100
> 7008 4091 -274 -248 -148 2
> 10744 3190 59 80 170 1
> 9612 3271 -288 262 63 0
> 5931 3362 -215 -382 -105 2
! 6162 3534 100
! 9974 3094 60 I'm coming for you POD_01
> 7008 4091 -274 -248 -148 2
> 10744 3190 59 80 170 1
> 9612 3271 -288 262 63 0
> 5931 3362 -215 -382 -105 2
! 28674 9323 100
! 10491 3682 100
> 6650 3788 -303 -257 -147 2
> 10803 3270 50 68 -173 1
> 9394 3604 -185 283 45 0
> 5722 2880 -177 -409 -87 3
! 11452 4328 0
! 9884 3124 60 I'm coming for you POD_01
> 6650 3788 -303 -257 -147 2
> 10803 3270 50 68 -173 1
> 9394 3604 -185 283 45 0
> 5722 2880 -177 -409 -87 3
! 29164 6626 100
! 23807 11418 100
> 6347 3531 -257 -218 -129 2
> 10853 3338 42 57 -171 1
> 9298 3933 -81 279 27 0
> 5581 2378 -119 -426 -69 3
! 11452 4328 0
! 9820 3174 60 I'm coming for you POD_01
> 6347 3531 -257 -218 -129 2
> 10853 3338 42 57 -171 1
> 9298 3933 -81 279 27 0
> 5581 2378 -119 -426 -69 3
! 29289 4530 100
! 22895 12388 100
> 6090 3313 -218 -185 -111 2
> 10895 3395 35 48 -171 1
> 9316 4228 15 251 9 0
> 5525 1875 -47 -427 -51 3
! 11452 4328 48
! 9789 3237 60 I'm coming for you POD_01
> 6090 3313 -218 -185 -111 2
> 10895 3395 35 48 -171 1
> 9316 4228 15 251 9 0
> 5525 1875 -47 -427 -51 3
! 29313 3884 100
! 21890 13372 100
> 5870 3080 -187 -198 -93 3
> 10871 3435 -20 33 -172 1
> 9431 4477 97 211 -1 0
> 5562 1394 31 -408 -33 3
! 11338 4448 55
! 7708 1512 100 I'm coming for you POD_01
> 5870 3080 -187 -198 -93 3
> 10871 3435 -20 33 -172 1
> 9431 4477 97 211 -1 0
> 5562 1394 31 -408 -33 3
! 29423 3933 100
! 20922 14201 100
> 5698 2829 -146 -213 -75 3
> 10761 3424 -93 -9 -154 1
> 9628 4685 167 177 -2 0
> 5690 961 108 -368 -15 3
! 11157 4595 61
! 8797 3669 100 I'm coming for you POD_01
> 5698 2829 -146 -213 -75 3
> 10761 3424 -93 -9 -154 1
> 9628 4685 167 177 -2 0
> 5690 961 108 -368 -15 3
! 29627 4805 100
! 20014 14918 100
> 5586 2565 -95 -224 -57 3
> 10569 3401 -163 -19 -172 1
> 9895 4863 226 150 0 0
> 5898 599 176 -307 3 3
! 10894 4738 67
! 8918 3883 100 I'm coming for you POD_01
> 5586 2565 -95 -224 -57 3
> 10569 3401 -163 -19 -172 1
> 9895 4863 226 150 0 0
> 5898 599 176 -307 3 3
! 6518 6176 100
! 19207 15527 100
> 5543 2299 -36 -225 -39 3
> 10307 3399 -222 -1 -190 1
> 10216 5044 272 154 18 0
> 6167 328 228 -229 21 3
! 10545 4839 74
! 9247 4080 100 I'm coming for you POD_01
> 5543 2299 -36 -225 -39 3
> 10307 3399 -222 -1 -190 1
> 10216 5044 272 154 18 0
> 6167 328 228 -229 21 3
! 6636 6312 100
! 18549 16033 100
> 5576 2048 28 -213 -21 3
> 9997 3445 -263 38 -208 1
> 10569 5257 299 181 36 0
> 6472 162 259 -140 39 3
! 10114 4845 100
! 10773 4885 62 I'm coming for you POD_01
> 5576 2048 28 -213 -21 3
> 9997 3445 -263 38 -208 1
> 10569 5257 299 181 36 0
> 6472 162 259 -140 39 3
! 6976 6495 100
! 18148 16399 100
> 5704 1830 108 -184 -3 3
> 9691 3528 -260 70 -226 1
> 10926 5519 303 222 54 1
> 6789 103 269 -49 54 3
! 9550 4651 100
! 7927 2827 74 I'm coming for you POD_01
> 5704 1830 108 -184 -3 3
> 9691 3528 -260 70 -226 1
> 10926 5519 303 222 54 1
> 6789 103 269 -49 54 3
! -8801 8806 100
! 18075 16614 BOOST
> 5908 1672 173 -133 15 3
> 9366 3633 -276 88 -208 1
> 11259 5836 283 269 72 1
> 7425 591 540 414 56 3
! 9120 4272 100
! 7753 2821 100 I'm coming for you POD_01
> 5908 1672 173 -133 15 3
> 9366 3633 -276 88 -208 1
> 11259 5836 283 269 72 1
> 7425 591 540 414 56 3
! -8705 7031 100
! 20751 15504 100
> 6165 1594 218 -66 33 3
> 8991 3738 -318 89 -190 1
> 11541 6205 240 313 90 1
> 8032 1080 515 415 48 3
! 8874 3792 100
! 7592 2952 100 I'm coming for you POD_01
> 6165 1594 218 -66 33 3
> 8991 3738 -318 89 -190 1
> 11541 6205 240 313 90 1
> 8032 1080 515 415 48 3
! -8435 5235 100
! 20779 16491 100
> 6461 1591 251 -2 39 3
> 8574 3813 -354 63 -172 1
> 11750 6613 177 346 108 1
> 8611 1572 491 418 50 3
! 8810 3369 100
! 7419 3152 100 I'm coming for you POD_01
> 6461 1591 251 -2 39 3
> 8574 3813 -354 63 -172 1
> 11750 6613 177 346 108 1
> 8611 1572 491 418 50 3
! -7974 3306 100
! 10140 4536 100
> 6792 1649 281 49 37 3
> 8130 3832 -377 16 -154 1
> 11868 7040 100 362 126 1
> 9148 2079 456 430 63 3
! 8832 3101 100
! 7212 3358 60 I'm coming for you POD_01
> 6792 1649 281 49 37 3
> 8130 3832 -377 16 -154 1
> 11868 7040 100 362 126 1
> 9148 2079 456 430 63 3
! -7341 1472 100
! 10496 4774 100
> 7154 1756 308 90 35 3
> 7700 3820 -365 -9 -153 1
> 11887 7460 15 357 144 1
> 9649 2598 425 441 63 3
! 8870 2938 100
! 6992 3461 60 I'm coming for you POD_01
> 7154 1756 308 90 35 3
> 7700 3820 -365 -9 -153 1
> 11887 7460 15 357 144 1
> 9649 2598 425 441 63 3
! -6576 -228 100
! 10852 5076 100
> 7544 1903 331 124 35 3
> 7281 3784 -355 -30 -153 1
> 11807 7847 -68 329 162 1
> 10118 3129 398 451 64 0
! 8905 2832 100
! 6771 3538 60 I'm coming for you POD_01
> 7544 1903 331 124 35 3
> 7281 3784 -355 -30 -153 1
> 11807 7847 -68 329 162 1
> 10118 3129 398 451 64 0
! -5751 -1728 100
! 12903 22934 100
> 7958 2083 351 153 34 3
> 6872 3728 -347 -47 -154 1
> 11639 8175 -142 279 180 1
> 10530 3679 350 467 82 0
! 9084 2824 100
! 6554 3588 60 I'm coming for you POD_01
> 7958 2083 351 153 34 3
> 6872 3728 -347 -47 -154 1
> 11639 8175 -142 279 180 1
> 10530 3679 350 467 82 0
! -5020 -2891 100
! 6465 5627 100
> 8393 2291 369 176 33 3
> 6470 3657 -341 -60 -156 1
> 11402 8423 -201 210 198 1
> 10863 4244 282 480 100 0
! 9320 2886 100
! 6340 3619 60 I'm coming for you POD_01
> 8393 2291 369 176 33 3
> 6470 3657 -341 -60 -156 1
> 11402 8423 -201 210 198 1
> 10863 4244 282 480 100 0
! -4381 -3860 100
! 6787 5894 100
> 8846 2521 385 195 33 3
> 6071 3580 -338 -65 -164 1
> 11120 8574 -239 128 216 1
> 11098 4812 199 483 118 0
! 9876 4774 100
! 6279 3664 0 I'm coming for you POD_01
> 8846 2521 385 195 33 3
> 6071 3580 -338 -65 -164 1
> 11120 8574 -239 128 216 1
> 11098 4812 199 483 118 0
! -4153 -4338 100
! 7061 6238 100
> 9294 2793 381 231 51 3
> 5733 3515 -287 -55 -182 1
> 10805 8637 -268 53 -140 1
> 11225 5364 108 469 136 1
! 9932 4674 100
! 6458 3755 0 I'm coming for you POD_01
> 9294 2793 381 231 51 3
> 5733 3515 -287 -55 -182 1
> 10805 8637 -268 53 -140 1
> 11225 5364 108 469 136 1
! -4073 -4727 100
! -8774 5473 100
> 9711 3117 354 275 69 3
> 5446 3460 -243 -46 -200 1
> 10463 8623 -291 -11 -138 1
> 11243 5877 15 435 154 1
! 10118 4600 100
! 6624 3850 0 I'm coming for you POD_01
> 9711 3117 354 275 69 3
> 5446 3460 -243 -46 -200 1
> 10463 8623 -291 -11 -138 1
> 11243 5877 15 435 154 1
! -4093 -5092 100
! -8580 3225 100
> 10091 3488 323 315 75 0
> 5203 3414 -206 -39 -218 1
> 10099 8543 -309 -67 -137 1
> 11159 6326 -71 381 172 1
! 10405 4662 100
! 6784 3956 0 I'm coming for you POD_01
> 10091 3488 323 315 75 0
> 5203 3414 -206 -39 -218 1
> 10099 8543 -309 -67 -137 1
> 11159 6326 -71 381 172 1
! -4170 -5470 100
! -8214 1358 100
> 10440 3900 296 349 75 0
> 4997 3375 -175 -33 -236 1
> 9719 8406 -323 -116 -136 1
> 10990 6690 -144 309 190 1
! 6261 5506 68
! 6948 4080 0 I'm coming for you POD_01
> 10440 3900 296 349 75 0
> 4997 3375 -175 -33 -236 1
> 9719 8406 -323 -116 -136 1
> 10990 6690 -144 309 190 1
! -4348 -5810 100
! -7843 -41 100
> 10732 4317 248 354 93 0
> 4822 3342 -148 -28 -254 1
> 9326 8219 -334 -159 -135 1
> 10752 6965 -202 234 -160 1
! 6371 5421 73
! 7130 4242 45 I'm coming for you POD_01
> 10732 4317 248 354 93 0
> 4822 3342 -148 -28 -254 1
> 9326 8219 -334 -159 -135 1
> 10752 6965 -202 234 -160 1
! -4166 -6544 100
! -7613 -952 100
> 10954 4739 188 358 111 0
> 4675 3359 -124 14 -272 1
> 8925 7986 -341 -197 -132 1
> 10458 7159 -249 165 -157 1
! 6534 5321 100
! 7361 4176 65 I'm coming for you POD_01
> 10954 4739 188 358 111 0
> 4675 3359 -124 14 -272 1
> 8925 7986 -341 -197 -132 1
> 10458 7159 -249 165 -157 1
! -4648 -6703 100
! -7514 -1616 100
> 11079 5175 106 370 129 1
> 4573 3434 -86 63 -290 1
> 8516 7716 -347 -229 -133 1
> 10119 7280 -288 102 -154 1
! 6818 5208 100
! 7449 3931 100 I'm coming for you POD_01
> 11079 5175 106 370 129 1
> 4573 3434 -86 63 -290 1
> 8516 7716 -347 -229 -133 1
> 10119 7280 -288 102 -154 1
! 6356 3480 100
! -7387 -2390 100
> 11101 5599 18 360 147 1
> 4548 3576 -21 120 -308 1
> 8124 7398 -333 -270 -117 1
> 9743 7334 -319 45 -151 1
! 7157 5151 100
! 7049 3826 100 I'm coming for you POD_01
> 11101 5599 18 360 147 1
> 4548 3576 -21 120 -308 1
> 8124 7398 -333 -270 -117 1
> 9743 7334 -319 45 -151 1
! 5940 3284 100
! -7187 -3313 100
> 11022 5985 -66 327 165 1
> 4610 3752 52 149 -326 1
> 7744 7040 -322 -304 -118 1
> 9339 7326 -343 -7 -148 1
! 7527 5179 100
! 6886 4757 100 I'm coming for you POD_01
> 11022 5985 -66 327 165 1
> 4610 3752 52 149 -326 1
> 7744 7040 -322 -304 -118 1
> 9339 7326 -343 -7 -148 1
! 5690 3118 100
! -7486 -3486 100
> 10856 6307 -140 273 183 1
> 4753 3941 121 160 24 1
> 7376 6647 -313 -333 -118 2
> 8912 7265 -363 -51 -147 1
! 7915 5315 100
! 5364 2959 70 I'm coming for you POD_01
> 10856 6307 -140 273 183 1
> 4753 3941 121 160 24 1
> 7376 6647 -313 -333 -118 2
> 8912 7265 -363 -51 -147 1
! -1291 -11377 100
! 6400 2998 100
> 10621 6548 -199 204 -161 1
> 4944 4108 162 142 6 1
> 7020 6224 -302 -359 -116 2
> 8486 7137 -362 -109 -129 1
! 8278 5576 100
! 5293 3066 74 I'm coming for you POD_01
> 10621 6548 -199 204 -161 1
> 4944 4108 162 142 6 1
> 7020 6224 -302 -359 -116 2
> 8486 7137 -362 -109 -129 1
! -597 -12268 100
! 6208 3098 100
> 10330 6714 -247 140 -157 1
> 5178 4234 199 107 -12 1
> 6680 5773 -289 -383 -112 2
> 8075 6941 -349 -166 -119 1
! 8535 5910 100
! 5236 3185 60 I'm coming for you POD_01
> 10330 6714 -247 140 -157 1
> 5178 4234 199 107 -12 1
> 6680 5773 -289 -383 -112 2
> 8075 6941 -349 -166 -119 1
! 789 -13339 100
! 5965 3121 100
> 9992 6813 -287 84 -156 1
> 5429 4311 213 65 -30 1
> 6362 5294 -270 -406 -107 2
> 7678 6687 -337 -215 -119 2
! 8558 6261 100
! 5197 3286 SHIELD I'm coming for you POD_01
> 9992 6813 -287 84 -156 1
> 5429 4311 213 65 -30 1
> 6362 5294 -270 -406 -107 2
> 7678 6687 -337 -215 -119 2
! 2422 -14314 100
! -928 -11366 100
> 9612 6861 -323 40 -159 1
> 5616 4350 98 -27 -48 1
> 6333 5051 580 400 -101 2
> 7298 6382 -323 -259 -115 2
! 8417 6503 100
! 5197 3537 60 I'm coming for you POD_01
> 9612 6861 -323 40 -159 1
> 5616 4350 98 -27 -48 1
> 6333 5051 580 400 -101 2
> 7298 6382 -323 -259 -115 2
! -6929 -9918 100
! -166 -12172 100
> 9193 6872 -355 9 -163 1
> 5714 4323 83 -22 -66 1
> 6827 5231 251 -453 -119 2
> 6975 6163 -106 420 -112 2
! 8217 6624 100
! 5265 3496 60 I'm coming for you POD_01
> 9193 6872 -355 9 -163 1
> 5714 4323 83 -22 -66 1
> 6827 5231 251 -453 -119 2
> 6975 6163 -106 420 -112 2
! -12395 -289 100
! -581 -12354 100
> 8741 6856 -384 -13 -166 1
> 5797 4301 70 -18 -84 1
> 7004 4710 150 -442 -137 2
> 6831 6490 -122 278 -112 2
! 6916 2910 100
! 5330 3437 60 I'm coming for you POD_01
> 8741 6856 -384 -13 -166 1
> 5797 4301 70 -18 -84 1
> 7004 4710 150 -442 -137 2
> 6831 6490 -122 278 -112 2
! -12862 2405 100
! 184 -12373 100
> 8272 6790 -398 -56 -148 1
> 5867 4283 59 -15 -102 1
> 7063 4226 50 -411 -155 2
> 6676 6674 -131 156 -109 2
! 6902 3068 100
! 5375 3371 60 I'm coming for you POD_01
> 8272 6790 -398 -56 -148 1
> 5867 4283 59 -15 -102 1
> 7063 4226 50 -411 -155 2
> 6676 6674 -131 156 -109 2
! -12923 4962 100
! 872 -12465 100
> 7810 6657 -392 -112 -130 2
> 5898 4215 25 -57 -118 1
> 7014 3803 -41 -359 -173 2
> 6516 6734 -136 51 -107 2
! 6859 3272 100
! 5723 3646 60 I'm coming for you POD_01
> 7810 6657 -392 -112 -130 2
> 5898 4215 25 -57 -118 1
> 7014 3803 -41 -359 -173 2
> 6516 6734 -136 51 -107 2
! -12673 7321 100
! 1468 -12618 100
> 7381 6452 -364 -174 -112 2
> 5905 4101 6 -97 -107 1
> 6875 3462 -118 -290 170 2
> 6355 6688 -137 -38 -105 2
! 6770 3506 100
! 5940 3594 60 I'm coming for you POD_01
> 7381 6452 -364 -174 -112 2
> 5905 4101 6 -97 -107 1
> 6875 3462 -118 -290 170 2
> 6355 6688 -137 -38 -105 2
! -12188 9509 100
! 2071 -12848 100
> 6997 6180 -326 -231 -102 2
> 5912 3944 5 -133 -89 1
> 6662 3202 -181 -220 162 2
> 6197 6552 -134 -115 -102 2
! 6640 3727 100
! 5978 3482 60 I'm coming for you POD_01
> 6997 6180 -326 -231 -102 2
> 5912 3944 5 -133 -89 1
> 6662 3202 -181 -220 162 2
> 6197 6552 -134 -115 -102 2
! -12221 9789 100
! 2714 -13142 100
> 6686 5829 -176 -360 -98 2
> 5925 3752 11 -163 -82 1
> 6387 3015 -234 -159 161 2
> 6016 6359 -241 -101 -100 2
! 6075 4207 100
! 5982 3354 SHIELD I'm coming for you POD_01
> 6686 5829 -176 -360 -98 2
> 5925 3752 11 -163 -82 1
> 6387 3015 -234 -159 161 2
> 6016 6359 -241 -101 -100 2
! 10820 3705 100
! 6986 -13617 100
> 6475 5375 -179 -385 -111 2
> 5925 3611 -4 -110 -82 1
> 6184 2694 -127 -363 143 2
> 5780 6158 -200 -170 -87 2
! 5992 4097 100
! 6019 3173 60 I'm coming for you POD_01
> 6475 5375 -179 -385 -111 2
> 5925 3611 -4 -110 -82 1
> 6184 2694 -127 -363 143 2
> 5780 6158 -200 -170 -87 2
! -6227 18376 100
! 7855 -13734 100
> 6261 4896 -182 -406 -111 2
> 5921 3501 -3 -93 -78 1
> 5995 2409 -160 -241 128 2
> 5590 5889 -161 -229 -84 2
! 5867 3865 100
! 5906 2995 60 I'm coming for you POD_01
> 6261 4896 -182 -406 -111 2
> 5921 3501 -3 -93 -78 1
> 5995 2409 -160 -241 128 2
> 5590 5889 -161 -229 -84 2
! -1791 20831 100
! 8569 -13887 100
> 6043 4397 -185 -424 -111 2
> 5918 3408 -2 -79 -92 1
> 5796 2260 -169 -126 113 2
> 5444 5561 -124 -278 -81 2
! 5748 3620 SHIELD
! 5750 2887 30 I'm coming for you POD_01
> 6043 4397 -185 -424 -111 2
> 5918 3408 -2 -79 -92 1
> 5796 2260 -169 -126 113 2
> 5444 5561 -124 -278 -81 2
! 4991 22243 100
! 9243 -14074 100
> 5859 4002 -155 -306 -111 2
> 5907 3042 -18 -608 -108 1
> 5618 2234 -150 -22 95 2
> 5339 5185 -89 -319 -79 2
! 10986 4696 52
! 5612 2694 SHIELD I'm coming for you POD_01
> 5859 4002 -155 -306 -111 2
> 5907 3042 -18 -608 -108 1
> 5618 2234 -150 -22 95 2
> 5339 5185 -89 -319 -79 2
! 10811 21547 100
! 10680 -14088 100
> 5704 3696 -131 -260 -93 2
> 5925 2524 19 -431 -126 1
> 5126 1407 -451 -785 77 2
> 5277 4770 -52 -353 -75 2
! 10983 4697 58 Come on, don't need to brake so much!
! 5404 2806 67 Following my leader
> 5704 3696 -131 -260 -93 2
> 5925 2524 19 -431 -126 1
> 5126 1407 -451 -785 77 2
> 5277 4770 -52 -353 -75 2
! 10142 20767 100
! 10883 -14428 100
> 5573 3436 -111 -221 -75 3
> 5944 2093 16 -366 -144 1
> 4700 719 -362 -584 75 2
> 5253 4321 -20 -381 -74 2
! 10982 4698 64 Come on, don't need to brake so much!
! 5373 4808 0 Following my leader
> 5573 3436 -111 -221 -75 3
> 5944 2093 16 -366 -144 1
> 4700 719 -362 -584 75 2
> 5253 4321 -20 -381 -74 2
! 11455 19543 100
! 10352 4191 100
> 5504 3086 -22 -411 -57 3
> 5960 1727 13 -311 -162 1
> 4372 229 -278 -416 70 2
> 5248 3986 -41 -170 -56 2
! 10389 4855 70 Come on, don't need to brake so much!
! 5337 4485 0 Following my leader
> 5504 3086 -22 -411 -57 3
> 5960 1727 13 -311 -162 1
> 4372 229 -278 -416 70 2
> 5248 3986 -41 -170 -56 2
! 11658 18854 100
! 10453 3958 100
> 5537 2631 27 -386 -39 3
> 5973 1416 11 -264 -180 1
> 4130 -94 -205 -274 69 2
> 5286 3755 32 -196 -38 2
! 10205 4854 100 Come on, don't need to brake so much!
! 5373 4124 52 Following my leader
> 5537 2631 27 -386 -39 3
> 5973 1416 11 -264 -180 1
> 4130 -94 -205 -274 69 2
> 5286 3755 32 -196 -38 2
! 11883 18341 100
! 10222 3888 100
> 5657 2210 102 -358 -21 3
> 5935 1168 -32 -210 -198 1
> 3964 -276 -141 -154 67 2
> 5412 3525 107 -195 -20 2
! 9898 4800 100 Come on, don't need to brake so much!
! 5665 3729 66 Following my leader
> 5657 2210 102 -358 -21 3
> 5935 1168 -32 -210 -198 1
> 3964 -276 -141 -154 67 2
> 5412 3525 107 -195 -20 2
! 12109 17990 100
! 10140 3664 100
> 5859 1847 171 -308 -3 3
> 5850 997 -72 -145 -216 1
> 3864 -339 -85 -53 66 2
> 5619 3327 175 -168 -2 3
! 9581 4669 100
! 8215 8623 SHIELD Hey POD_02, Watch out!
> 5859 1847 171 -308 -3 3
> 5850 997 -72 -145 -216 1
> 3864 -339 -85 -53 66 2
> 5619 3327 175 -168 -2 3
! 12354 17769 100
! 24772 9083 100
> 6145 1641 261 -101 15 3
> 5776 844 -64 -137 -234 1
> 3821 -301 -36 31 65 2
> 5890 3187 230 -118 16 3
! 8911 3899 100
! 8209 8663 100 Hey POD_02, Watch out!
> 6145 1641 261 -101 15 3
> 5776 844 -64 -137 -234 1
> 3821 -301 -36 31 65 2
> 5890 3187 230 -118 16 3
! 12625 17656 100
! 25098 8759 100
> 6490 1595 292 -39 33 3
> 5712 707 -54 -116 -252 1
> 3829 -180 6 102 64 2
> 6216 3097 277 -76 16 3
! 8823 3556 100
! 8262 8663 100 Hey POD_02, Watch out!
> 6490 1595 292 -39 33 3
> 5712 707 -54 -116 -252 1
> 3829 -180 6 102 64 2
> 6216 3097 277 -76 16 3
! 13047 17568 100
! 25504 8383 100
> 6859 1620 313 21 40 3
> 5658 591 -45 -98 -270 1
> 3881 11 44 162 63 2
> 6589 3047 317 -42 15 3
! 8813 3258 100
! 8310 8647 100 Hey POD_02, Watch out!
> 6859 1620 313 21 40 3
> 5658 591 -45 -98 -270 1
> 3881 11 44 162 63 2
> 6589 3047 317 -42 15 3
! 13515 17537 100
! 25968 7991 100
> 7249 1705 331 72 40 3
> 5613 493 -38 -83 -288 1
> 3973 261 78 212 61 2
> 7003 3030 351 -14 14 3
! 8844 3040 100
! 8380 8596 100 Hey POD_02, Watch out!
> 7249 1705 331 72 40 3
> 5613 493 -38 -83 -288 1
> 3973 261 78 212 61 2
> 7003 3030 351 -14 14 3
! 14012 17558 100
! 26455 7679 100
> 7657 1841 346 115 40 3
> 5607 505 -4 9 71 1
> 4101 559 108 253 60 2
> 7451 3039 381 7 13 3
! 8886 2885 100
! 8421 3317 100 Hey POD_02, Watch out!
> 7657 1841 346 115 40 3
> 5607 505 -4 9 71 1
> 4101 559 108 253 60 2
> 7451 3039 381 7 13 3
! 14490 17648 100
! 26959 7444 100
> 8079 2021 358 152 40 3
> 5663 594 47 75 53 1
> 4261 897 135 287 59 2
> 7930 3068 406 24 13 3
! 9113 2850 100
! 5960 3446 100 Hey POD_02, Watch out!
> 8079 2021 358 152 40 3
> 5663 594 47 75 53 1
> 4261 897 135 287 59 2
> 7930 3068 406 24 13 3
! 15188 17647 100
! 27516 7114 100
> 8515 2236 370 182 39 3
> 5742 764 67 144 71 1
> 4451 1268 161 315 57 2
> 8434 3112 428 37 12 3
! 9869 4789 100
! 6533 3207 100 Hey POD_02, Watch out!
> 8515 2236 370 182 39 3
> 5742 764 67 144 71 1
> 4451 1268 161 315 57 2
> 8434 3112 428 37 12 3
! 9801 2365 100
! 10054 5350 100
> 8946 2381 370 45 57 3
> 5840 1003 83 203 72 1
> 4690 1646 203 321 39 2
> 8943 3319 428 253 30 3
! 9477 3257 100
! 7093 3012 100 Hey POD_02, Watch out!
> 8946 2381 370 45 57 3
> 5840 1003 83 203 72 1
> 4690 1646 203 321 39 2
> 8943 3319 428 253 30 3
! 9865 2656 100
! 26773 -5739 100
> 9368 2512 358 110 59 3
> 5976 1291 115 244 58 1
> 4986 2003 251 303 21 2
> 9469 3592 447 232 12 3
! 9705 3173 100
! 7856 2606 100 Hey POD_02, Watch out!
> 9368 2512 358 110 59 3
> 5976 1291 115 244 58 1
> 4986 2003 251 303 21 2
> 9469 3592 447 232 12 3
! 9914 2881 100
! 24184 -9952 100
> 9771 2711 342 169 63 3
> 6168 1599 162 262 40 1
> 5335 2324 297 272 10 3
> 10015 3813 464 187 -6 0
! 9870 4787 100
! 6840 3848 100 Hey POD_02, Watch out!
> 9771 2711 342 169 63 3
> 6168 1599 162 262 40 1
> 5335 2324 297 272 10 3
> 10015 3813 464 187 -6 0
! 25297 1093 100
! 11100 23783 100
> 10129 2979 304 227 81 0
> 6383 1946 182 294 58 1
> 5732 2590 337 225 -4 3
> 10577 4020 477 176 12 0
! 10133 4644 100
! 7390 3829 SHIELD Hey POD_02, Watch out!
> 10129 2979 304 227 81 0
> 6383 1946 182 294 58 1
> 5732 2590 337 225 -4 3
> 10577 4020 477 176 12 0
! 25675 1088 BOOST
! 4808 23170 100
> 10433 3306 258 277 90 0
> 6621 2171 212 178 62 1
> 6161 3454 258 866 -4 3
> 11141 4246 479 191 30 0
! 10437 4616 100
! 7582 4117 100 Hey POD_02, Watch out!
> 10433 3306 258 277 90 0
> 6621 2171 212 178 62 1
> 6161 3454 258 866 -4 3
> 11141 4246 479 191 30 0
! 22945 -7421 100
! -7 20850 100
> 10691 3683 219 320 90 0
> 6833 2349 180 151 64 1
> 6512 4282 297 703 -22 3
> 11687 4511 464 225 48 0
! 10694 4691 100
! 8141 4062 100 Hey POD_02, Watch out!
> 10691 3683 219 320 90 0
> 6833 2349 180 151 64 1
> 6512 4282 297 703 -22 3
> 11687 4511 464 225 48 0
! 20784 -9728 100
! -5998 13850 100
> 10910 4103 186 356 90 0
> 7013 2500 153 128 53 1
> 6885 4920 317 542 -40 3
> 12192 4827 429 268 66 0
! 6537 5320 72
! 8168 4344 100 Hey POD_02, Watch out!
> 10910 4103 186 356 90 0
> 7013 2500 153 128 53 1
> 6885 4920 317 542 -40 3
> 12192 4827 429 268 66 0
! 19798 -10352 100
! -7628 7502 100
> 11074 4528 139 360 108 0
> 7166 2628 130 108 58 1
> 7267 5386 324 395 -50 3
> 12632 5194 374 312 84 0
! 6691 5250 100 Come on, don't need to brake so much!
! 9857 3203 100 Following my leader
> 11074 4528 139 360 108 0
> 7166 2628 130 108 58 1
> 7267 5386 324 395 -50 3
> 12632 5194 374 312 84 0
! 17478 -11810 100
! -7218 2756 100
> 11154 4969 68 374 126 1
> 7373 2800 175 146 40 1
> 7642 5695 318 262 -59 3
> 12986 5604 300 348 102 0
! 6963 5174 100 Come on, don't need to brake so much!
! 10030 3584 100 Following my leader
> 11154 4969 68 374 126 1
> 7373 2800 175 146 40 1
> 7642 5695 318 262 -59 3
> 12986 5604 300 348 102 0
! 16269 -12348 100
! -5559 -1882 100
> 11141 5402 -10 368 144 1
> 7641 2983 227 155 22 1
> 8003 5867 306 146 -64 3
> 13236 6039 212 369 120 0
! 7271 5150 100 Come on, don't need to brake so much!
! 9997 4224 100 Following my leader
> 11141 5402 -10 368 144 1
> 7641 2983 227 155 22 1
> 8003 5867 306 146 -64 3
> 13236 6039 212 369 120 0
! 14800 -12942 100
! -3394 -5070 100
> 11036 5801 -89 339 162 1
> 7956 3185 268 171 28 1
> 8343 5919 288 44 -70 3
> 13374 6475 117 370 138 0
! 7611 5199 100 Come on, don't need to brake so much!
! 10024 4747 100 Following my leader
> 11036 5801 -89 339 162 1
> 7956 3185 268 171 28 1
> 8343 5919 288 44 -70 3
> 13374 6475 117 370 138 0
! 13855 -13306 100
! -684 -7750 100
> 10847 6140 -160 288 180 1
> 8304 3416 295 196 37 1
> 8659 5867 268 -44 -74 3
> 13400 6886 21 349 156 0
! 7959 5338 100 Come on, don't need to brake so much!
! 10076 5153 100 Following my leader
> 10847 6140 -160 288 180 1
> 8304 3416 295 196 37 1
> 8659 5867 268 -44 -74 3
> 13400 6886 21 349 156 0
! 13114 -13630 100
! 1863 -9451 100
> 10591 6401 -217 222 -164 1
> 8670 3682 311 226 44 1
> 8949 5726 246 -120 -77 3
> 13322 7246 -66 306 174 0
! 8279 5577 100 Come on, don't need to brake so much!
! 10118 5487 100 Following my leader
> 10591 6401 -217 222 -164 1
> 8670 3682 311 226 44 1
> 8949 5726 246 -120 -77 3
> 13322 7246 -66 306 174 0
! 13082 -13842 100
! 4461 -10684 100
> 10280 6589 -264 160 -160 1
> 9044 3986 317 258 51 1
> 9216 5508 226 -185 -78 3
> 13158 7532 -139 242 192 0
! 8513 5872 100 Come on, don't need to brake so much!
! 10139 5774 100 Following my leader
> 10280 6589 -264 160 -160 1
> 9044 3986 317 258 51 1
> 9216 5508 226 -185 -78 3
> 13158 7532 -139 242 192 0
! 12451 -14228 100
! 7275 -11583 100
> 9923 6711 -303 104 -158 1
> 9413 4329 313 291 59 1
> 9458 5224 205 -241 -81 3
> 12932 7724 -192 163 210 0
! 8504 6212 100 Come on, don't need to brake so much!
! 10138 6019 SHIELD Following my leader
> 9923 6711 -303 104 -158 1
> 9413 4329 313 291 59 1
> 9458 5224 205 -241 -81 3
> 12932 7724 -192 163 210 0
! 12727 -14506 100
! 9734 -12018 100
> 9526 6782 -337 60 -161 1
> 9722 4522 262 149 67 1
> 9717 5861 226 689 -81 3
> 12673 7813 -220 75 228 0
! 8362 6448 100 Come on, don't need to brake so much!
! 9753 6532 100 Following my leader
> 9526 6782 -337 60 -161 1
> 9722 4522 262 149 67 1
> 9717 5861 226 689 -81 3
> 12673 7813 -220 75 228 0
! 11156 -14087 100
! 11709 -12163 100
> 9093 6814 -368 27 -164 1
> 9984 4671 222 126 85 1
> 9950 6450 198 500 -86 3
> 12412 7797 -222 -13 246 0
! 6912 2751 100 Come on, don't need to brake so much!
! 9559 6628 100 Following my leader
> 9093 6814 -368 27 -164 1
> 9984 4671 222 126 85 1
> 9950 6450 198 500 -86 3
> 12412 7797 -222 -13 246 0
! 9904 -13549 100
! 13234 -12186 100
> 8642 6785 -383 -24 -146 1
> 10206 4797 188 107 102 1
> 10148 6850 168 340 -90 3
> 12179 7685 -198 -95 264 0
! 6914 2953 100 Come on, don't need to brake so much!
! 9347 6630 100 Following my leader
> 8642 6785 -383 -24 -146 1
> 10206 4797 188 107 102 1
> 10148 6850 168 340 -90 3
> 12179 7685 -198 -95 264 0
! 9033 -13118 100
! 13923 -12238 100
> 8197 6682 -377 -87 -128 1
> 10394 4904 159 90 115 1
> 10310 7090 138 204 -93 3
> 11990 7490 -160 -165 -85 0
! 6878 3197 100 Come on, don't need to brake so much!
! 9135 6544 100 Following my leader
> 8197 6682 -377 -87 -128 1
> 10394 4904 159 90 115 1
> 10310 7090 138 204 -93 3
> 11990 7490 -160 -165 -85 0
! 8555 -12832 100
! 12741 -12495 100
> 7785 6501 -350 -153 -111 2
> 10492 5073 83 143 128 1
> 10439 7194 109 88 -95 3
> 11834 7225 -132 -225 -88 0
! 6791 3460 100 Come on, don't need to brake so much!
! 9329 6035 60 Following my leader
> 7785 6501 -350 -153 -111 2
> 10492 5073 83 143 128 1
> 10439 7194 109 88 -95 3
> 11834 7225 -132 -225 -88 0
! 8268 -12687 100
! 11129 -12762 100
> 7404 6253 -323 -210 -108 2
> 10529 5254 31 154 140 1
> 10537 7183 83 -9 -96 3
> 11698 6900 -115 -276 -92 0
! 6674 3677 100 Come on, don't need to brake so much!
! 9389 5770 60 Following my leader
> 7404 6253 -323 -210 -108 2
> 10529 5254 31 154 140 1
> 10537 7183 83 -9 -96 3
> 11698 6900 -115 -276 -92 0
! 8071 -12664 100
! 7593 7519 100
> 7054 5947 -297 -260 -106 2
> 10505 5433 -20 151 156 1
> 10608 7075 60 -92 -97 3
> 11549 6530 -126 -314 -110 0
! 6545 3848 100 Come on, don't need to brake so much!
! 9396 5521 60 Following my leader
> 7054 5947 -297 -260 -106 2
> 10505 5433 -20 151 156 1
> 10608 7075 60 -92 -97 3
> 11549 6530 -126 -314 -110 0
! 7827 -12730 100
! 7506 7335 100
> 6733 5590 -272 -303 -104 2
> 10425 5591 -67 133 174 1
> 10654 6884 39 -162 -98 3
> 11361 6137 -159 -333 -128 0
! 6419 3976 100 Come on, don't need to brake so much!
! 9362 5236 60 Following my leader
> 6733 5590 -272 -303 -104 2
> 10425 5591 -67 133 174 1
> 10654 6884 39 -162 -98 3
> 11361 6137 -159 -333 -128 0
! 7578 -12878 100
! 7366 6932 100
> 6442 5189 -247 -340 -101 2
> 10299 5712 -106 102 192 1
> 10678 6623 20 -221 -99 3
> 11119 5748 -205 -330 -146 1
! 6164 3889 100 Come on, don't need to brake so much!
! 9334 4935 SHIELD Following my leader
> 6442 5189 -247 -340 -101 2
> 10299 5712 -106 102 192 1
> 10678 6623 20 -221 -99 3
> 11119 5748 -205 -330 -146 1
! 7373 -13102 100
! -2525 20371 100
> 6174 4751 -227 -372 -102 2
> 10152 5800 -142 54 210 1
> 10788 6452 236 56 -100 3
> 11126 5386 35 -308 -164 1
! 11090 4638 60 Come on, don't need to brake so much!
! 9430 4772 60 Following my leader
> 6174 4751 -227 -372 -102 2
> 10152 5800 -142 54 210 1
> 10788 6452 236 56 -100 3
> 11126 5386 35 -308 -164 1
! 2943 -11945 100
! -3497 19029 100
> 5953 4319 -187 -366 -84 2
> 10010 5854 -120 45 228 1
> 10985 6416 167 -30 -113 3
> 11061 5082 -55 -258 -182 1
! 10991 4693 65 Come on, don't need to brake so much!
! 9394 4368 60 Following my leader
> 5953 4319 -187 -366 -84 2
> 10010 5854 -120 45 228 1
> 10985 6416 167 -30 -113 3
> 11061 5082 -55 -258 -182 1
! 2247 -11574 100
! -2243 20015 100
> 5792 3894 -136 -361 -66 2
> 9890 5899 -102 38 246 1
> 11108 6296 104 -101 -116 3
> 10912 4858 -126 -190 -200 1
! 10837 4761 71 Come on, don't need to brake so much!
! 9366 3999 100 Following my leader
> 5792 3894 -136 -361 -66 2
> 9890 5899 -102 38 246 1
> 11108 6296 104 -101 -116 3
> 10912 4858 -126 -190 -200 1
! 1917 -11467 100
! -1339 20665 100
> 5703 3480 -75 -351 -48 2
> 9788 5937 -86 32 -105 1
> 11166 6106 49 -161 -117 3
> 10707 4730 -174 -109 -218 1
! 10622 4824 100 Come on, don't need to brake so much!
! 9339 3683 100 Following my leader
> 5703 3480 -75 -351 -48 2
> 9788 5937 -86 32 -105 1
> 11166 6106 49 -161 -117 3
> 10707 4730 -174 -109 -218 1
! 1677 -11500 100
! -1011 20937 100
> 5715 3079 9 -340 -30 3
> 9682 5871 -89 -56 -101 1
> 11168 5857 1 -211 -118 3
> 10474 4702 -197 -23 126 1
! 10270 4857 100 Come on, don't need to brake so much!
! 9168 4566 100 Following my leader
> 5715 3079 9 -340 -30 3
> 9682 5871 -89 -56 -101 1
> 11168 5857 1 -211 -118 3
> 10474 4702 -197 -23 126 1
! 1669 -11743 100
! -1595 20649 100
> 5822 2718 90 -306 -12 3
> 9556 5722 -106 -126 -111 1
> 11122 5558 -39 -254 -118 3
> 10217 4759 -218 48 127 1
! 9886 4797 100 Come on, don't need to brake so much!
! 8826 4698 100 Following my leader
> 5822 2718 90 -306 -12 3
> 9556 5722 -106 -126 -111 1
> 11122 5558 -39 -254 -118 3
> 10217 4759 -218 48 127 1
! 1525 -11989 100
! -2523 20176 100
> 6011 2422 161 -251 6 3
> 9392 5515 -139 -176 -125 1
> 11035 5216 -73 -290 -119 3
> 9935 4884 -239 106 130 1
! 9500 4620 100 Come on, don't need to brake so much!
! 8698 4571 SHIELD Following my leader
> 6011 2422 161 -251 6 3
> 9392 5515 -139 -176 -125 1
> 11035 5216 -73 -290 -119 3
> 9935 4884 -239 106 130 1
! 1707 -12475 100
! -3589 19617 100
> 6263 2212 214 -178 24 3
> 9212 5386 -156 -105 -126 1
> 10915 4838 -101 -321 -118 3
> 10043 4592 125 -285 133 1
! 9156 4317 100 Come on, don't need to brake so much!
! 9085 4029 100 Following my leader
> 6263 2212 214 -178 24 3
> 9212 5386 -156 -105 -126 1
> 10915 4838 -101 -321 -118 3
> 10043 4592 125 -285 133 1
! 11487 6320 100
! -1653 20815 100
> 6558 2093 250 -101 36 3
> 9056 5281 -132 -89 -108 1
> 10908 4484 80 -281 -136 3
> 9944 4351 -170 -224 126 1
! 8919 3919 100 Come on, don't need to brake so much!
! 9167 3839 100 Following my leader
> 6558 2093 250 -101 36 3
> 9056 5281 -132 -89 -108 1
> 10908 4484 80 -281 -136 3
> 9944 4351 -170 -224 126 1
! -7217 -3969 100
! 3290 23211 100
> 6887 2053 279 -33 38 3
> 8924 5192 -112 -75 -90 1
> 10898 4159 -8 -276 -154 3
> 9741 4221 -172 -110 109 1
! 8820 3534 100 Come on, don't need to brake so much!
! 9204 3733 100 Following my leader
> 6887 2053 279 -33 38 3
> 8924 5192 -112 -75 -90 1
> 10898 4159 -8 -276 -154 3
> 9741 4221 -172 -110 109 1
! 11231 6054 100
! 3533 23233 100
> 7245 2081 304 23 37 3
> 8812 5117 -95 -63 -79 1
> 10791 3869 -90 -246 -172 3
> 9538 4206 -172 -12 108 1
! 8814 3245 100 Come on, don't need to brake so much!
! 9232 3700 100 Following my leader
> 7245 2081 304 23 37 3
> 8812 5117 -95 -63 -79 1
> 10791 3869 -90 -246 -172 3
> 9538 4206 -172 -12 108 1
! 11355 5837 100
! 3010 23110 100
> 7629 2164 326 70 37 3
> 8745 4958 -56 -135 -73 1
> 10602 3640 -160 -194 -190 0
> 9333 4289 -173 70 109 1
! 8875 3051 100 Come on, don't need to brake so much!
! 8816 4035 SHIELD Following my leader
> 7629 2164 326 70 37 3
> 8745 4958 -56 -135 -73 1
> 10602 3640 -160 -194 -190 0
> 9333 4289 -173 70 109 1
! 20874 20800 100
! 1956 22879 100
> 8036 2292 346 108 35 3
> 8660 4854 -81 -78 -86 1
> 10354 3493 -211 -125 -208 0
> 9411 4142 161 -226 112 1
! 9111 2984 100 Come on, don't need to brake so much!
! 9313 3785 60 Following my leader
> 8036 2292 346 108 35 3
> 8660 4854 -81 -78 -86 1
> 10354 3493 -211 -125 -208 0
> 9411 4142 161 -226 112 1
! 23463 18597 100
! -485 21521 100
> 8466 2454 365 137 33 3
> 8579 4776 -68 -66 -68 1
> 10082 3431 -35 -248 -226 0
> 9514 4012 -107 85 120 1
! 9810 4924 100 Come on, don't need to brake so much!
! 9562 3789 60 Following my leader
> 8466 2454 365 137 33 3
> 8579 4776 -68 -66 -68 1
> 10082 3431 -35 -248 -226 0
> 9514 4012 -107 85 120 1
! 19829 20895 100
! 205 21713 100
> 8894 2668 364 182 51 3
> 8511 4710 -57 -56 -50 1
> 10003 3273 -67 -134 -244 0
> 9360 4186 -130 147 118 1
! 9873 4781 SHIELD Come on, don't need to brake so much!
! 9634 3925 60 Following my leader
> 8894 2668 364 182 51 3
> 8511 4710 -57 -56 -50 1
> 10003 3273 -67 -134 -244 0
> 9360 4186 -130 147 118 1
! 21641 19537 100
! -925 21338 100
> 9253 2847 243 116 65 3
> 8416 4669 -230 22 -35 1
> 9971 3266 591 353 -262 0
> 9217 4404 28 127 121 1
! 9861 4805 100 Come on, don't need to brake so much!
! 9895 3562 60 Following my leader
> 9253 2847 243 116 65 3
> 8416 4669 -230 22 -35 1
> 9971 3266 591 353 -262 0
> 9217 4404 28 127 121 1
! 11772 23184 100
! -4999 18471 100
> 9496 2963 206 98 73 3
> 8234 4655 -154 -11 -37 1
> 10571 3719 510 384 85 0
> 9174 4601 -36 167 135 1
! 9860 4807 100 Come on, don't need to brake so much!
! 10035 3832 60 Following my leader
> 9496 2963 206 98 73 3
> 8234 4655 -154 -11 -37 1
> 10571 3719 510 384 85 0
> 9174 4601 -36 167 135 1
! 9568 23693 100
! -5684 17988 100
> 9702 3061 175 83 79 3
> 8135 4619 -84 -30 -25 1
> 11076 4203 429 411 93 0
> 9064 4835 -93 198 138 1
! 9937 4846 100 Come on, don't need to brake so much!
! 10050 4186 60 Following my leader
> 9702 3061 175 83 79 3
> 8135 4619 -84 -30 -25 1
> 11076 4203 429 411 93 0
> 9064 4835 -93 198 138 1
! -1368 19859 100
! -6308 17629 100
> 9877 3144 148 70 82 0
> 8110 4576 -21 -36 -13 1
> 11469 4707 334 428 111 0
> 8894 5097 -144 222 140 1
! 10009 4881 100 Come on, don't need to brake so much!
! 9726 4704 60 Following my leader
> 9877 3144 148 70 82 0
> 8110 4576 -21 -36 -13 1
> 11469 4707 334 428 111 0
> 8894 5097 -144 222 140 1
! -4537 16698 100
! -6999 17237 100
> 10033 3314 132 144 86 0
> 8149 4545 32 -26 5 1
> 11740 5213 230 429 129 1
> 8671 5380 -189 240 143 1
! 10390 4552 100 Come on, don't need to brake so much!
! 8879 4731 60 Following my leader
> 10033 3314 132 144 86 0
> 8149 4545 32 -26 5 1
> 11740 5213 230 429 129 1
> 8671 5380 -189 240 143 1
! -8191 6872 100
! -7875 16613 100
> 10193 3554 135 204 74 0
> 8239 4534 76 -9 14 1
> 11886 5697 124 411 147 1
> 8399 5676 -230 251 146 1
! 10620 4553 100 Come on, don't need to brake so much!
! 8770 4677 60 Following my leader
> 10193 3554 135 204 74 0
> 8239 4534 76 -9 14 1
> 11886 5697 124 411 147 1
> 8399 5676 -230 251 146 1
! -8100 4956 100
! 6039 2180 100
> 10367 3850 148 251 67 0
> 8373 4541 113 5 15 1
> 11913 6134 23 371 165 1
> 8073 5955 -277 237 164 1
! 10755 4671 100 Come on, don't need to brake so much!
! 8761 4882 60 Following my leader
> 10367 3850 148 251 67 0
> 8373 4541 113 5 15 1
> 11913 6134 23 371 165 1
> 8073 5955 -277 237 164 1
! -7931 3648 100
! 5852 2487 100
> 10558 4191 162 290 65 0
> 8536 4579 138 32 33 1
> 11836 6500 -65 311 183 1
> 7696 6189 -320 198 182 1
! 10868 4831 100 Come on, don't need to brake so much!
! 8713 5094 30 Following my leader
> 10558 4191 162 290 65 0
> 8536 4579 138 32 33 1
> 11836 6500 -65 311 183 1
> 7696 6189 -320 198 182 1
! -7782 2611 100
! 5689 2691 100
> 10764 4571 174 322 64 0
> 8693 4634 133 47 51 1
> 11673 6792 -138 247 -169 1
> 7282 6353 -351 139 200 2
! 10980 5017 100 Come on, don't need to brake so much!
! 8603 5314 30 Following my leader
> 10764 4571 174 322 64 0
> 8693 4634 133 47 51 1
> 11673 6792 -138 247 -169 1
> 7282 6353 -351 139 200 2
! -7725 1925 100
! 2334 -13025 100
