@ 0 Aelyanne
@ 1 NotwenCaasi
CP 3
CP 11492 6097
CP 9107 1831
CP 5030 5237
> 11056 6341 0 0 -1 1
> 11928 5853 0 0 -1 1
> 10183 6829 0 0 -1 1
> 12801 5365 0 0 -1 1
! 6619 -13160 100
! 3286 -12183 100
> 11056 6341 0 0 -1 1
> 11928 5853 0 0 -1 1
> 10183 6829 0 0 -1 1
> 12801 5365 0 0 -1 1
! 9422 3297 BOOST
! 9107 1831 76
> 11034 6243 -18 -82 -103 1
> 11885 5763 -36 -76 -116 1
> 10046 6194 -116 -540 -102 1
> 12746 5312 -46 -44 -136 1
! 6043 -13124 BOOST
! 2795 -12052 BOOST
> 11034 6243 -18 -82 -103 1
> 11885 5763 -36 -76 -116 1
> 10046 6194 -116 -540 -102 1
> 12746 5312 -46 -44 -136 1
! 9422 3297 100 Come on, don't need to brake so much!
! 10965 5978 57 Following my leader
> 10854 5532 -153 -604 -104 1
> 11554 5108 -281 -556 -117 1
> 9909 5556 -116 -542 -102 1
> 12649 5243 -82 -58 -154 1
! 1289 -12032 100
! -1241 -10262 100
> 10854 5532 -153 -604 -104 1
> 11554 5108 -281 -556 -117 1
> 9909 5556 -116 -542 -102 1
> 12649 5243 -82 -58 -154 1
! 9420 3297 100 Come on, don't need to brake so much!
! 10731 5332 57 Following my leader
> 10573 4930 -113 -500 -119 1
> 11357 4385 -150 -625 -130 1
> 9704 4916 -317 -543 -102 1
> 12511 5177 -117 -55 -172 1
! 286 -12222 100
! -6777 -4050 100
> 10573 4930 -113 -500 -119 1
> 11357 4385 -150 -625 -130 1
> 9704 4916 -317 -543 -102 1
> 12511 5177 -117 -55 -172 1
! 9863 3126 100 Come on, don't need to brake so much!
! 10530 4650 61 Following my leader
> 10409 4344 -139 -497 -121 1
> 11122 3707 -199 -576 -148 1
> 9396 4273 -261 -546 -85 1
> 12335 5106 -149 -60 -165 1
! -1341 -11840 100
! -7952 -2306 100
> 10409 4344 -139 -497 -121 1
> 11122 3707 -199 -576 -148 1
> 9396 4273 -261 -546 -85 1
> 12335 5106 -149 -60 -165 1
! 9637 2940 100 Come on, don't need to brake so much!
! 10259 3990 70 Following my leader
> 10211 3766 -168 -491 -126 1
> 10828 3101 -250 -515 -163 1
> 9153 3629 -206 -547 -80 1
> 12124 5013 -179 -79 -152 1
! 5485 6566 100
! -8796 -754 100
> 10211 3766 -168 -491 -126 1
> 10828 3101 -250 -515 -163 1
> 9153 3629 -206 -547 -80 1
> 12124 5013 -179 -79 -152 1
! 9423 2672 100 Come on, don't need to brake so much!
! 9990 3365 80 Following my leader
> 9962 3216 -211 -467 -144 1
> 10480 2567 -295 -454 -169 1
> 8974 2986 -152 -546 -74 1
> 11882 4885 -205 -108 -142 1
! 5491 6258 100
! -9462 1053 100
> 9962 3216 -211 -467 -144 1
> 10480 2567 -295 -454 -169 1
> 8974 2986 -152 -546 -74 1
> 11882 4885 -205 -108 -142 1
! 9262 2391 100 Come on, don't need to brake so much!
! 9727 2776 90 Following my leader
> 9594 2799 -343 -314 -162 1
> 10147 2024 -252 -501 -176 1
> 8866 2350 -92 -540 -64 2
> 11613 4714 -228 -145 -136 1
! 5569 5730 100
! -9253 6883 100
> 9594 2799 -343 -314 -162 1
> 10147 2024 -252 -501 -176 1
> 8866 2350 -92 -540 -64 2
> 11613 4714 -228 -145 -136 1
! 5281 6715 100 Come on, don't need to brake so much!
! 9506 2187 98 Following my leader
> 9151 2485 -376 -266 -180 1
> 9798 1547 -296 -405 -194 1
> 8788 1711 -66 -543 -82 2
> 11322 4494 -247 -187 -130 1
! 5349 5463 100
! -1806 17836 100
> 9151 2485 -376 -266 -180 1
> 9798 1547 -296 -405 -194 1
> 8788 1711 -66 -543 -82 2
> 11322 4494 -247 -187 -130 1
! 5210 6726 100 Come on, don't need to brake so much!
! 8969 2098 100 Following my leader
> 8680 2250 -400 -199 -198 2
> 9499 1199 -84 -287 -212 1
> 8622 1065 -310 -557 -100 2
> 11005 4236 -269 -219 -134 1
! 2320 21211 100
! 4988 20683 100
> 8680 2250 -400 -199 -198 2
> 9499 1199 -84 -287 -212 1
> 8622 1065 -310 -557 -100 2
> 11005 4236 -269 -219 -134 1
! 5759 6547 100
! 5490 4852 83 I'm coming for you POD_01
> 8199 2110 -408 -119 -216 2
> 9350 988 -126 -179 -230 1
> 8265 420 -303 -548 -118 2
> 10662 3979 -291 -218 -152 1
! 3688 21594 100
! 11162 20905 100
> 8199 2110 -408 -119 -216 2
> 9350 988 -126 -179 -230 1
> 8265 420 -303 -548 -118 2
> 10662 3979 -291 -218 -152 1
! 5755 6549 100
! 5490 4852 78 I'm coming for you POD_01
> 7732 2072 -396 -32 -234 2
> 9186 901 -139 -73 -248 1
> 7890 -197 -318 -524 -136 2
> 10294 3748 -312 -196 -170 1
! 4717 21843 100
! 15541 19864 100
> 7732 2072 -396 -32 -234 2
> 9186 901 -139 -73 -248 1
> 7890 -197 -318 -524 -136 2
> 10294 3748 -312 -196 -170 1
! 5808 6519 100
! 5490 4852 73 I'm coming for you POD_01
> 7305 2135 -362 53 -252 2
> 9039 928 -124 22 -266 1
> 7482 -765 -346 -482 -154 2
> 9910 3563 -326 -157 -188 1
! 5175 22021 100
! 20563 17274 100
> 7305 2135 -362 53 -252 2
> 9039 928 -124 22 -266 1
> 7482 -765 -346 -482 -154 2
> 9910 3563 -326 -157 -188 1
! 5904 6455 100
! 5490 4852 69 I'm coming for you POD_01
> 6932 2287 -316 129 96 2
> 8939 1047 -85 101 -284 1
> 7037 -1261 -378 -421 -172 2
> 9518 3425 -333 -117 164 1
! 5100 22202 100
! 24059 14137 100
> 6932 2287 -316 129 96 2
> 8939 1047 -85 101 -284 1
> 7037 -1261 -378 -421 -172 2
> 9518 3425 -333 -117 164 1
! 6032 6353 100
! 5490 4852 64 I'm coming for you POD_01
> 6607 2516 -276 194 95 2
> 8906 1233 -27 158 -302 1
> 6561 -1664 -404 -342 -190 2
> 9125 3329 -334 -81 160 1
! 4509 22405 100
! 5089 4891 100
> 6607 2516 -276 194 95 2
> 8906 1233 -27 158 -302 1
> 6561 -1664 -404 -342 -190 2
> 9125 3329 -334 -81 160 1
! 6174 6206 100
! 5490 4852 59 I'm coming for you POD_01
> 6321 2809 -243 249 96 2
> 8903 1488 -2 216 -284 2
> 6069 -1959 -418 -250 -208 2
> 8737 3271 -330 -49 157 1
! 3205 22564 100
! -6162 14642 100
> 6321 2809 -243 249 96 2
> 8903 1488 -2 216 -284 2
> 6069 -1959 -418 -250 -208 2
> 8737 3271 -330 -49 157 1
! 6317 6006 100
! 5490 4852 54 I'm coming for you POD_01
> 6062 3157 -219 295 99 2
> 8893 1804 -8 268 -266 2
> 5582 -2137 -414 -151 -226 2
> 8358 3246 -321 -21 154 1
! 2538 22844 100
! -7546 13194 100
> 6062 3157 -219 295 99 2
> 8893 1804 -8 268 -266 2
> 5582 -2137 -414 -151 -226 2
> 8358 3246 -321 -21 154 1
! 6439 5750 100
! 5490 4852 49 I'm coming for you POD_01
> 5825 3550 -201 334 100 2
> 8847 2164 -39 306 -248 2
> 5124 -2198 -388 -51 -244 2
> 7994 3249 -309 2 151 1
! 12036 5192 100
! -8611 11921 100
> 5825 3550 -201 334 100 2
> 8847 2164 -39 306 -248 2
> 5124 -2198 -388 -51 -244 2
> 7994 3249 -309 2 151 1
! 6517 5432 100
! 5490 4852 44 I'm coming for you POD_01
> 5638 3983 -159 368 82 2
> 8743 2546 -88 324 -230 2
> 4722 -2150 -341 40 -262 2
> 7648 3275 -294 21 147 1
! 11839 5292 100
! -9460 10830 100
> 5638 3983 -159 368 82 2
> 8743 2546 -88 324 -230 2
> 4722 -2150 -341 40 -262 2
> 7648 3275 -294 21 147 1
! 6519 5063 100
! 5490 4852 40 I'm coming for you POD_01
> 5523 4441 -98 389 64 2
> 8570 2922 -147 320 -212 2
> 4399 -2012 -274 117 -280 2
> 7322 3320 -277 37 144 1
! 11646 5485 100
! -10034 10260 100
> 5523 4441 -98 389 64 2
> 8570 2922 -147 320 -212 2
> 4399 -2012 -274 117 -280 2
> 7322 3320 -277 37 144 1
! 6409 4648 100
! 5490 4852 35 I'm coming for you POD_01
> 5494 4902 -24 391 46 0
> 8330 3279 -204 303 158 2
> 4154 -1799 -208 180 73 2
> 7018 3379 -258 50 140 1
! 25255 7980 100
! -10591 9756 100
> 5494 4902 -24 391 46 0
> 8330 3279 -204 303 158 2
> 4154 -1799 -208 180 73 2
> 7018 3379 -258 50 140 1
! 6164 4256 100
! 9399 2354 38 I'm coming for you POD_01
> 5558 5340 54 372 28 0
> 8031 3614 -253 285 161 2
> 3978 -1524 -150 233 72 2
> 6740 3461 -236 69 122 1
! 25509 6731 100
! -11044 9625 100
> 5558 5340 54 372 28 0
> 8031 3614 -253 285 161 2
> 3978 -1524 -150 233 72 2
> 6740 3461 -236 69 122 1
! 5841 3976 100
! 9399 2354 43 I'm coming for you POD_01
> 5710 5730 129 331 10 0
> 7683 3929 -296 267 163 2
> 3860 -1196 -100 278 71 2
> 6494 3572 -209 94 104 1
! 25709 5637 100
! -11681 8930 100
> 5710 5730 129 331 10 0
> 7683 3929 -296 267 163 2
> 3860 -1196 -100 278 71 2
> 6494 3572 -209 94 104 1
! 5537 3826 100
! 9399 2354 47 I'm coming for you POD_01
> 5939 6061 194 280 0 0
> 7290 4221 -333 248 166 2
> 3792 -823 -58 316 72 2
> 6288 3713 -174 119 86 1
! 25898 4781 100
! -12089 9165 100
> 5939 6061 194 280 0 0
> 7290 4221 -333 248 166 2
> 3792 -823 -58 316 72 2
> 6288 3713 -174 119 86 1
! 5300 3762 100
! 9399 2354 50 I'm coming for you POD_01
> 6233 6335 249 232 -4 0
> 6860 4494 -365 231 166 2
> 3765 -412 -22 349 72 2
> 6133 3878 -132 140 68 1
! 26086 3918 100
! 12480 5471 100
> 6233 6335 249 232 -4 0
> 6860 4494 -365 231 166 2
> 3765 -412 -22 349 72 2
> 6133 3878 -132 140 68 1
! 5124 3740 100
! 9399 2354 54 I'm coming for you POD_01
> 6581 6555 296 186 -7 0
> 6410 4778 -382 241 148 2
> 3774 32 7 377 72 2
> 6036 4059 -82 154 50 1
! 26254 2958 100
! 12327 5570 100
> 6581 6555 296 186 -7 0
> 6410 4778 -382 241 148 2
> 3774 32 7 377 72 2
> 6036 4059 -82 154 50 1
! 5003 3738 100
! 9399 2354 56 I'm coming for you POD_01
> 6975 6723 335 142 -10 0
> 5997 5186 -341 371 130 2
> 3812 504 32 401 72 2
> 5969 4152 -66 54 32 1
! 26427 2076 100
! -12768 -1731 100
> 6975 6723 335 142 -10 0
> 5997 5186 -341 371 130 2
> 3812 504 32 401 72 2
> 5969 4152 -66 54 32 1
! 4911 3742 100
! 9399 2354 58 I'm coming for you POD_01
> 7407 6842 367 100 -13 0
> 5571 5610 -361 360 148 2
> 3876 1000 54 421 71 2
> 5959 4220 -8 57 14 1
! 26595 1201 100
! -1036 -13267 100
> 7407 6842 367 100 -13 0
> 5571 5610 -361 360 148 2
> 3876 1000 54 421 71 2
> 5959 4220 -8 57 14 1
! 4840 3750 100
! 9399 2354 58 I'm coming for you POD_01
> 7870 6914 393 61 -16 0
> 5113 5995 -389 327 166 2
> 3963 1515 74 438 71 2
> 6009 4273 42 45 -4 1
! 26597 -105 100
! 9992 -13400 100
> 7870 6914 393 61 -16 0
> 5113 5995 -389 327 166 2
> 3963 1515 74 438 71 2
> 6009 4273 42 45 -4 1
! 4781 3758 100
! 9399 2354 58 I'm coming for you POD_01
> 8357 6940 413 22 -21 0
> 4624 6316 -415 272 184 2
> 4071 2047 92 452 70 2
> 6105 4296 81 19 -22 1
! 26750 -913 100
! 16569 -9724 100
> 8357 6940 413 22 -21 0
> 4624 6316 -415 272 184 2
> 4071 2047 92 452 70 2
> 6105 4296 81 19 -22 1
! 4731 3768 100
! 9399 2354 57 I'm coming for you POD_01
> 8862 6923 429 -14 -23 0
> 4116 6551 -431 199 202 2
> 4199 2592 108 463 69 2
> 6235 4286 110 -8 -31 1
! 26494 -2515 100
! 19242 -6532 100
> 8862 6923 429 -14 -23 0
> 4116 6551 -431 199 202 2
> 4199 2592 108 463 69 2
> 6235 4286 110 -8 -31 1
! 4716 3888 100
! 9399 2354 55 I'm coming for you POD_01
> 9379 6862 439 -52 -28 0
> 3608 6686 -431 114 220 2
> 4344 3148 123 472 68 2
> 6392 4249 133 -31 -31 1
! 25946 -4340 100
! 20764 -3592 100
> 9379 6862 439 -52 -28 0
> 3608 6686 -431 114 220 2
> 4344 3148 123 472 68 2
> 6392 4249 133 -31 -31 1
! 11114 4646 100
! 9399 2354 53 I'm coming for you POD_01
> 9901 6754 443 -91 -34 0
> 3124 6715 -411 25 238 2
> 4531 3697 158 466 50 2
> 6570 4190 151 -50 -32 1
! 8138 2029 100
! 21671 -767 100
> 9901 6754 443 -91 -34 0
> 3124 6715 -411 25 238 2
> 4531 3697 158 466 50 2
> 6570 4190 151 -50 -32 1
! 11011 4677 100
! 9399 2354 50 I'm coming for you POD_01
> 10405 6584 428 -144 -52 0
> 2688 6643 -370 -61 256 2
> 4774 4216 206 441 32 2
> 6763 4113 164 -65 -33 1
! 8433 2057 100
! 22198 2244 100
> 10405 6584 428 -144 -52 0
> 2688 6643 -370 -61 256 2
> 4774 4216 206 441 32 2
> 6763 4113 164 -65 -33 1
! 10858 4738 100
! 9399 2354 47 I'm coming for you POD_01
> 10867 6346 392 -202 -70 0
> 2324 6482 -309 -136 274 2
> 5077 4682 257 395 14 0
> 6966 4022 172 -77 -34 1
! 8773 2002 100
! 22256 4842 100
> 10867 6346 392 -202 -70 0
> 2324 6482 -309 -136 274 2
> 5077 4682 257 395 14 0
> 6966 4022 172 -77 -34 1
! 10674 4840 100
! 9399 2354 44 I'm coming for you POD_01
> 11262 6044 336 -256 -88 1
> 2052 6253 -231 -194 292 2
> 5434 5080 303 338 2 0
> 7174 3920 177 -86 -34 1
! -1936 -8982 100
! 22014 7469 100
> 11262 6044 336 -256 -88 1
> 2052 6253 -231 -194 292 2
> 5434 5080 303 338 2 0
> 7174 3920 177 -86 -34 1
! 10491 4981 100
! 9399 2354 40 I'm coming for you POD_01
> 11570 5692 262 -299 -106 1
> 1885 5982 -142 -230 310 2
> 5837 5416 342 285 -1 0
> 7384 3811 178 -92 -35 1
! -3120 -7879 100
! 21541 9670 100
> 11570 5692 262 -299 -106 1
> 1885 5982 -142 -230 310 2
> 5837 5416 342 285 -1 0
> 7384 3811 178 -92 -35 1
! 10340 5137 100
! 9399 2354 37 I'm coming for you POD_01
> 11776 5310 175 -324 -124 1
> 1828 5699 -48 -240 328 2
> 6279 5695 375 236 -4 0
> 7592 3697 176 -96 -36 1
! -4053 -6913 100
! 20902 11712 100
> 11776 5310 175 -324 -124 1
> 1828 5699 -48 -240 328 2
> 6279 5695 375 236 -4 0
> 7592 3697 176 -96 -36 1
! 10223 5299 100
! 9399 2354 33 I'm coming for you POD_01
> 11872 4925 81 -327 -142 1
> 1877 5434 41 -225 346 2
> 6753 5921 403 192 -6 0
> 7794 3581 172 -98 -37 1
! -4844 -6055 100
! 20342 13116 100
> 11872 4925 81 -327 -142 1
> 1877 5434 41 -225 346 2
> 6753 5921 403 192 -6 0
> 7794 3581 172 -98 -37 1
! 10138 5452 100
! 9399 2354 30 I'm coming for you POD_01
> 11869 4543 -2 -324 -147 1
> 2018 5215 119 -185 364 2
> 7255 6099 426 151 -8 0
> 7990 3465 166 -98 -37 1
! -5376 -5586 100
! 19984 14001 100
> 11869 4543 -2 -324 -147 1
> 2018 5215 119 -185 364 2
> 7255 6099 426 151 -8 0
> 7990 3465 166 -98 -37 1
! 10079 5596 100
! 9399 2354 26 I'm coming for you POD_01
> 11781 4168 -74 -318 -150 1
> 2230 5067 180 -125 382 2
> 7779 6232 445 113 -10 0
> 8176 3351 158 -96 -38 1
! -5987 -5012 100
! 20175 13897 100
> 11781 4168 -74 -318 -150 1
> 2230 5067 180 -125 382 2
> 7779 6232 445 113 -10 0
> 8176 3351 158 -96 -38 1
! 10039 5728 100
! 9399 2354 23 I'm coming for you POD_01
> 11618 3804 -138 -309 -153 1
> 2500 4986 229 -68 26 2
> 8322 6323 461 77 -13 0
> 8352 3240 149 -93 -39 1
! -6654 -4327 100
! 20735 13200 100
> 11618 3804 -138 -309 -153 1
> 2500 4986 229 -68 26 2
> 8322 6323 461 77 -13 0
> 8352 3240 149 -93 -39 1
! 10013 5850 100
! 9399 2354 20 I'm coming for you POD_01
> 11389 3454 -194 -297 -156 1
> 2820 4959 272 -22 24 2
> 8879 6373 473 42 -16 0
> 8516 3134 139 -90 -40 1
! -7096 -4179 100
! 21406 12345 100
> 11389 3454 -194 -297 -156 1
> 2820 4959 272 -22 24 2
> 8879 6373 473 42 -16 0
> 8516 3134 139 -90 -40 1
! 10184 5981 100
! 9399 2354 17 I'm coming for you POD_01
> 11103 3119 -243 -284 -158 1
> 3185 4974 310 12 22 2
> 9448 6386 483 11 -17 0
> 8668 3033 128 -86 -41 1
! -7871 -3204 100
! 22320 10788 100
> 11103 3119 -243 -284 -158 1
> 3185 4974 310 12 22 2
> 9448 6386 483 11 -17 0
> 8668 3033 128 -86 -41 1
! 7608 1797 100
! 9399 2354 14 I'm coming for you POD_01
> 10765 2803 -287 -268 -162 1
> 3591 5015 344 34 17 2
> 10013 6340 480 -39 -35 0
> 8806 2937 117 -81 -43 1
! -8121 -3776 100
! 10560 6004 100
> 10765 2803 -287 -268 -162 1
> 3591 5015 344 34 17 2
> 10013 6340 480 -39 -35 0
> 8806 2937 117 -81 -43 1
! 7612 1952 100
! 9399 2354 12 I'm coming for you POD_01
> 10384 2502 -324 -255 -161 1
> 4034 5063 376 40 8 2
> 10554 6221 459 -100 -53 0
> 8932 2848 106 -76 -45 1
! 5738 5794 100
! 10900 6034 100
> 10384 2502 -324 -255 -161 1
> 4034 5063 376 40 8 2
> 10554 6221 459 -100 -53 0
> 8932 2848 106 -76 -45 1
! 7642 2150 100
! 9399 2354 10 I'm coming for you POD_01
> 9960 2245 -360 -218 -179 1
> 4509 5117 403 45 8 0
> 11046 6027 418 -165 -71 1
> 9045 2765 95 -70 -47 1
! 5596 5579 100
! 9352 5858 BOOST
> 9960 2245 -360 -218 -179 1
> 4509 5117 403 45 8 0
> 11046 6027 418 -165 -71 1
> 9045 2765 95 -70 -47 1
! 7712 2381 100
! 9399 2354 8 I'm coming for you POD_01
> 9563 1990 -226 -341 -197 2
> 5110 5192 510 63 9 0
> 11466 5762 357 -225 -89 1
> 9087 2755 -75 116 -49 1
