@ 0 NotwenCaasi
@ 1 Aelyanne
CP 4
CP 10570 5985
CP 3568 5186
CP 13609 7623
CP 12448 1334
> 10513 6482 0 0 -1 1
> 10627 5488 0 0 -1 1
> 10400 7475 0 0 -1 1
> 10740 4495 0 0 -1 1
! 5042 5461 0
! 6565 5314 0
> 10513 6482 0 0 -1 1
> 10627 5488 0 0 -1 1
> 10400 7475 0 0 -1 1
> 10740 4495 0 0 -1 1
! 3568 5186 100
! 3568 5186 100
> 10513 6482 0 0 -169 1
> 10627 5488 0 0 -178 1
> 10305 7443 -80 -27 -161 1
> 10640 4505 -84 8 174 1
! 5042 5461 BOOST Come on, don't need to brake so much!
! 13561 5201 60 Following my leader
> 10513 6482 0 0 -169 1
> 10627 5488 0 0 -178 1
> 10305 7443 -80 -27 -161 1
> 10640 4505 -84 8 174 1
! 4021 5339 BOOST
! 4043 5140 BOOST
> 9874 6363 -543 -101 -169 1
> 10571 5467 -47 -17 -160 1
> 9609 7210 -591 -198 -161 1
> 9909 4575 -621 59 175 1
! 5042 5460 100
! 15029 2659 0 Hey POD_02, Watch out!
> 9874 6363 -543 -101 -169 1
> 10571 5467 -47 -17 -160 1
> 9609 7210 -591 -198 -161 1
> 9909 4575 -621 59 175 1
! -9527 1397 100
! -10090 4620 100
> 9233 6244 -545 -101 -169 1
> 10524 5450 -39 -14 -142 1
> 8922 6983 -583 -193 -163 1
> 9188 4634 -612 50 180 1
! 5042 5459 100
! 14022 2373 50 Hey POD_02, Watch out!
> 9233 6244 -545 -101 -169 1
> 10524 5450 -39 -14 -142 1
> 8922 6983 -583 -193 -163 1
> 9188 4634 -612 50 180 1
! -10148 956 BOOST
! -10797 5387 100
> 8649 5985 -494 -223 -169 1
> 10457 5394 -56 -47 -124 1
> 8089 6870 -709 -93 -162 1
> 8476 4688 -605 45 178 1
