@ 0 Aelyanne
@ 1 NotwenCaasi
CP 4
CP 13595 7589
CP 12469 1367
CP 10561 6003
CP 3592 5168
> 13103 7678 0 0 -1 1
> 14087 7500 0 0 -1 1
> 12119 7856 0 0 -1 1
> 15071 7322 0 0 -1 1
! 18439 -11596 100
! 15570 -12444 100
> 13103 7678 0 0 -1 1
> 14087 7500 0 0 -1 1
> 12119 7856 0 0 -1 1
> 15071 7322 0 0 -1 1
! 12389 2864 59
! 13670 4116 0
> 13130 7582 22 -81 -75 1
> 14094 7400 6 -84 -86 1
> 12122 7797 2 -50 -87 1
> 15071 7322 0 0 -114 1
! 17649 -11900 BOOST
! 14831 -12586 BOOST
> 13130 7582 22 -81 -75 1
> 14094 7400 6 -84 -86 1
> 12122 7797 2 -50 -87 1
> 15071 7322 0 0 -114 1
! 12410 2865 BOOST
! 7549 5928 69 Hey POD_02, Watch out!
> 13299 6868 143 -607 -77 1
> 14124 6666 25 -623 -88 1
> 12162 7098 33 -594 -87 1
> 15025 7270 -38 -43 -132 1
! 10704 -12963 100
! 8487 -12523 100
> 13299 6868 143 -607 -77 1
> 14124 6666 25 -623 -88 1
> 12162 7098 33 -594 -87 1
> 15025 7270 -38 -43 -132 1
! 12386 2864 100
! 8198 9254 100 Hey POD_02, Watch out!
> 13323 6191 -37 -560 -95 1
> 14232 5917 149 -651 -106 1
> 12200 6404 32 -589 -87 1
> 14901 7176 -105 -79 -150 1
! 13124 -13808 100
! 2787 -10484 100
> 13323 6191 -37 -560 -95 1
> 14232 5917 149 -651 -106 1
> 12200 6404 32 -589 -87 1
> 14901 7176 -105 -79 -150 1
! 12388 2864 100
! 8968 8321 100 Hey POD_02, Watch out!
> 13285 5531 -32 -560 -91 1
> 14325 5183 79 -623 -124 1
> 12237 5715 31 -585 -87 1
> 14698 7076 -172 -85 -168 1
! 10881 -14324 100
! 1145 -9860 100
> 13285 5531 -32 -560 -91 1
> 14325 5183 79 -623 -124 1
> 12237 5715 31 -585 -87 1
> 14698 7076 -172 -85 -168 1
! 12390 2864 100
! 9404 7414 100 I'm coming for you POD_01
> 13241 4872 -37 -560 -97 1
> 14338 4485 11 -593 -131 1
> 12273 5030 30 -582 -87 1
> 14426 6997 -231 -66 176 1
! 8613 -14585 100
! -1449 -7793 100
> 13241 4872 -37 -560 -97 1
> 14338 4485 11 -593 -131 1
> 12273 5030 30 -582 -87 1
> 14426 6997 -231 -66 176 1
! 12392 2865 100
! 9729 6410 100 I'm coming for you POD_01
> 13181 4215 -51 -558 -103 1
> 14270 3831 -57 -556 -142 1
> 12308 4348 30 -579 -87 1
> 14096 6919 -280 -66 -173 1
! 6379 -14592 100
! -2777 -6627 100
> 13181 4215 -51 -558 -103 1
> 14270 3831 -57 -556 -142 1
> 12308 4348 30 -579 -87 1
> 14096 6919 -280 -66 -173 1
! 10499 7204 0
! 9816 5978 100 I'm coming for you POD_01
> 13121 3557 65 -588 -110 1
> 14128 3223 -120 -517 -148 1
> 12313 3775 -112 -457 -105 1
> 13718 6832 -321 -74 -168 1
! 1288 -12567 100
! -3982 -5263 100
> 13121 3557 65 -588 -110 1
> 14128 3223 -120 -517 -148 1
> 12313 3775 -112 -457 -105 1
> 13718 6832 -321 -74 -168 1
! 12756 2538 100
! 9945 5631 100 I'm coming for you POD_01
> 13127 2888 4 -568 -126 1
> 13917 2664 -178 -475 -155 1
> 12206 3218 -90 -473 -87 1
> 13302 6728 -353 -88 -162 1
! -524 -11728 100
! -5046 -3690 100
> 13127 2888 4 -568 -126 1
> 13917 2664 -178 -475 -155 1
> 12206 3218 -90 -473 -87 1
> 13302 6728 -353 -88 -162 1
! 12643 2285 100
! 10293 5152 100 I'm coming for you POD_01
> 12870 2296 -77 -574 -133 1
> 13854 2100 -36 -484 -161 1
> 12135 2660 -218 -398 -69 1
> 12860 6594 -375 -114 -152 1
! 10626 6490 100
! -5828 5651 100
> 12870 2296 -77 -574 -133 1
> 13854 2100 -36 -484 -161 1
> 12135 2660 -218 -398 -69 1
> 12860 6594 -375 -114 -152 1
! 12789 1952 100
! 11435 4176 100 I'm coming for you POD_01
> 12706 1674 -139 -529 -151 2
> 13718 1615 -115 -412 -179 1
> 11980 2184 -131 -404 -51 1
> 12415 6408 -378 -157 -134 1
! 10013 21491 100
! -5339 7682 100
> 12706 1674 -139 -529 -151 2
> 13718 1615 -115 -412 -179 1
> 11980 2184 -131 -404 -51 1
> 12415 6408 -378 -157 -134 1
! 12615 1819 100
! 8357 6243 100 I'm coming for you POD_01
> 12469 1126 -201 -465 -169 2
> 13508 1233 -178 -324 -197 1
> 11933 1726 -39 -389 -33 1
> 11948 6205 -396 -172 -152 1
! 11940 21119 100
! -2193 13620 100
> 12469 1126 -201 -465 -169 2
> 13508 1233 -178 -324 -197 1
> 11933 1726 -39 -389 -33 1
> 11948 6205 -396 -172 -152 1
! 12501 1687 SHIELD
! 8044 6196 100 I'm coming for you POD_01
> 12316 504 -125 -533 -187 2
> 13249 967 -220 -226 -215 1
> 11879 1354 -46 -315 -15 2
> 11453 6016 -420 -160 -170 1
! 11905 20499 100
! 2903 18083 100
> 12316 504 -125 -533 -187 2
> 13249 967 -220 -226 -215 1
> 11879 1354 -46 -315 -15 2
> 11453 6016 -420 -160 -170 1
! 10777 7487 0 Come on, don't need to brake so much!
! 14492 1841 0 Following my leader
> 12100 13 -183 -417 -205 2
> 12969 821 -237 -123 -233 1
> 11833 1039 -39 -267 3 2
> 11033 5856 -357 -136 -152 1
! 13334 19974 100
! 9371 20494 100
> 12100 13 -183 -417 -205 2
> 12969 821 -237 -123 -233 1
> 11833 1039 -39 -267 3 2
> 11033 5856 -357 -136 -152 1
! 10777 7487 52 Come on, don't need to brake so much!
! 14494 1489 53 Following my leader
> 11844 -336 -217 -296 -223 2
> 12700 793 -228 -23 -251 1
> 11794 772 -33 -226 21 2
> 10639 5682 -334 -147 -134 1
! 14476 19489 100
! 16780 20372 100
> 11844 -336 -217 -296 -223 2
> 12700 793 -228 -23 -251 1
> 11794 772 -33 -226 21 2
> 10639 5682 -334 -147 -134 1
! 10777 7487 61 Come on, don't need to brake so much!
! 14377 1343 68 Following my leader
> 11579 -545 -225 -177 -241 2
> 12513 883 -59 108 -269 2
> 11719 533 -163 -235 39 2
> 10275 5474 -309 -176 -116 1
! 15266 19112 100
! 8040 20376 100
> 11579 -545 -225 -177 -241 2
> 12513 883 -59 108 -269 2
> 11719 533 -163 -235 39 2
> 10275 5474 -309 -176 -116 1
! 11415 7235 69
! 7070 6123 68 Hey POD_02, Watch out!
> 11335 -624 -207 -66 -259 2
> 12432 1088 -69 174 103 2
> 11593 356 -106 -150 57 2
> 9918 5249 -303 -190 -134 1
! 15613 18913 100
! 7590 20493 BOOST
> 11335 -624 -207 -66 -259 2
> 12432 1088 -69 174 103 2
> 11593 356 -106 -150 57 2
> 9918 5249 -303 -190 -134 1
! 11426 7227 100
! 6864 6122 100 Hey POD_02, Watch out!
> 11140 -591 -165 28 -277 2
> 12315 1456 -99 312 104 2
> 11513 303 -68 -45 75 2
> 9526 5013 -332 -200 -152 1
