@ 0 NotwenCaasi
@ 1 Aelyanne
CP 5
CP 13818 5077
CP 10696 2290
CP 8686 7478
CP 7216 2152
CP 3617 5295
> 13485 5450 0 0 -1 1
> 14151 4704 0 0 -1 1
> 12819 6196 0 0 -1 1
> 14817 3958 0 0 -1 1
! 11688 3414 BOOST
! 10696 2290 84
> 13485 5450 0 0 -1 1
> 14151 4704 0 0 -1 1
> 12819 6196 0 0 -1 1
> 14817 3958 0 0 -1 1
! 6741 -12858 100
! -2465 -6107 100
> 13055 4963 -365 -414 -131 1
> 14082 4656 -58 -40 -145 1
> 12789 6101 -25 -80 -108 1
> 14731 3908 -73 -42 -150 1
! 11687 3415 100 Come on, don't need to brake so much!
! 13893 4435 8 Following my leader
> 13055 4963 -365 -414 -131 1
> 14082 4656 -58 -40 -145 1
> 12789 6101 -25 -80 -108 1
> 14731 3908 -73 -42 -150 1
! 6075 -12738 100
! -2777 -5759 100
> 12624 4474 -366 -415 -131 1
> 14019 4610 -53 -39 -131 1
> 12730 5927 -49 -148 -110 1
> 14570 3818 -136 -76 -151 1
! 9678 8602 100 Come on, don't need to brake so much!
! 13597 4146 18 Following my leader
> 12624 4474 -366 -415 -131 1
> 14019 4610 -53 -39 -131 1
> 12730 5927 -49 -148 -110 1
> 14570 3818 -136 -76 -151 1
! 5231 -12614 100
! -3206 -5346 100
> 12172 4008 -384 -395 -149 1
> 13954 4558 -55 -44 -132 1
> 12644 5686 -73 -204 -112 1
> 14345 3696 -191 -103 -153 1
! 9731 8553 100 Come on, don't need to brake so much!
! 13258 3852 29 Following my leader
> 12172 4008 -384 -395 -149 1
> 13954 4558 -55 -44 -132 1
> 12644 5686 -73 -204 -112 1
> 14345 3696 -191 -103 -153 1
! 4278 -12480 100
! -3715 -4895 100
> 11690 3591 -409 -354 -167 1
> 13879 4493 -64 -54 -135 1
> 12529 5391 -97 -250 -115 1
> 14064 3550 -239 -124 -155 1
! 9820 8459 100 Come on, don't need to brake so much!
! 12877 3570 40 Following my leader
> 11690 3591 -409 -354 -167 1
> 13879 4493 -64 -54 -135 1
> 12529 5391 -97 -250 -115 1
> 14064 3550 -239 -124 -155 1
! 3274 -12338 100
! -4303 -4364 100
> 11181 3247 -432 -292 -185 1
> 13786 4412 -79 -68 -137 1
> 12386 5052 -121 -287 -118 1
> 13733 3386 -281 -139 -157 1
! 11140 2590 100 Come on, don't need to brake so much!
! 12457 3316 51 Following my leader
> 11181 3247 -432 -292 -185 1
> 13786 4412 -79 -68 -137 1
> 12386 5052 -121 -287 -118 1
> 13733 3386 -281 -139 -157 1
! 2208 -12164 100
! -4934 -3791 100
> 10651 2933 -450 -266 -167 1
> 13668 4312 -100 -85 -140 1
> 12214 4679 -146 -317 -121 1
> 13359 3211 -318 -148 -159 1
! 10973 2453 100 Come on, don't need to brake so much!
! 12005 3072 62 Following my leader
> 10651 2933 -450 -266 -167 1
> 13668 4312 -100 -85 -140 1
> 12214 4679 -146 -317 -121 1
> 13359 3211 -318 -148 -159 1
! 1067 -11926 100
! -5608 -3133 100
> 10115 2616 -455 -269 -149 2
> 13518 4190 -127 -103 -143 1
> 12012 4279 -171 -340 -124 1
> 12946 3031 -350 -152 -162 1
! 9977 8241 100 Come on, don't need to brake so much!
! 11530 2823 72 Following my leader
> 10115 2616 -455 -269 -149 2
> 13518 4190 -127 -103 -143 1
> 12012 4279 -171 -340 -124 1
> 12946 3031 -350 -152 -162 1
! 12 -11721 100
! -6263 -2536 100
> 9562 2325 -469 -247 -167 2
> 13332 4046 -158 -122 -145 1
> 11781 3859 -196 -357 -127 1
> 12500 2851 -379 -152 -164 1
! 10013 8176 100 Come on, don't need to brake so much!
! 11031 2588 81 Following my leader
> 9562 2325 -469 -247 -167 2
> 13332 4046 -158 -122 -145 1
> 11781 3859 -196 -357 -127 1
> 12500 2851 -379 -152 -164 1
! 9216 8444 100
! 9712 7889 100
> 8993 2088 -483 -201 -185 2
> 13106 3881 -192 -140 -148 1
> 11503 3444 -236 -352 -145 1
> 12021 2702 -407 -126 -182 1
! 10070 8054 100 Come on, don't need to brake so much!
! 10507 2395 89 Following my leader
> 8993 2088 -483 -201 -185 2
> 13106 3881 -192 -140 -148 1
> 11503 3444 -236 -352 -145 1
> 12021 2702 -407 -126 -182 1
! 9202 8247 100
! 9575 7753 100
> 8418 1927 -488 -137 -203 2
> 12837 3697 -228 -156 -150 1
> 11038 3249 -446 -93 -163 1
> 11653 2423 -260 -309 -200 1
! 10130 7883 100 Come on, don't need to brake so much!
! 10035 2175 95 Following my leader
> 8418 1927 -488 -137 -203 2
> 12837 3697 -228 -156 -150 1
> 11038 3249 -446 -93 -163 1
> 11653 2423 -260 -309 -200 1
! 19643 -14805 100
! -5539 12642 100
> 7855 1856 -478 -60 -221 2
> 12526 3496 -264 -171 -151 1
> 10510 3098 -448 -127 -145 1
> 11307 2165 -294 -219 149 1
! 10174 7664 100 Come on, don't need to brake so much!
! 9581 2010 98 Following my leader
> 7855 1856 -478 -60 -221 2
> 12526 3496 -264 -171 -151 1
> 10510 3098 -448 -127 -145 1
> 11307 2165 -294 -219 149 1
! 23155 -12396 100
! 8935 7664 100
> 7326 1882 -449 22 -239 2
> 12175 3281 -298 -182 -153 1
> 10002 2891 -431 -175 -127 1
> 10947 2021 -305 -122 131 2
! 10184 7405 100 Come on, don't need to brake so much!
! 9136 1951 99 Following my leader
> 7326 1882 -449 22 -239 2
> 12175 3281 -298 -182 -153 1
> 10002 2891 -431 -175 -127 1
> 10947 2021 -305 -122 131 2
! 28240 -5315 100
! 14446 21712 100
> 6855 2002 -400 101 -257 2
> 11786 3059 -330 -188 -156 1
> 9539 2621 -393 -229 -109 1
> 10602 1991 -292 -25 113 2
! 10140 7111 100 Come on, don't need to brake so much!
! 8728 1996 97 Following my leader
> 6855 2002 -400 101 -257 2
> 11786 3059 -330 -188 -156 1
> 9539 2621 -393 -229 -109 1
> 10602 1991 -292 -25 113 2
! 29532 2125 100
! 15033 21493 100
> 6465 2203 -331 170 -275 2
> 11364 2839 -358 -186 -161 1
> 9144 2292 -335 -279 -91 1
> 10301 2066 -256 63 95 2
! 10020 6793 100
! 8902 6918 95 Hey POD_02, Watch out!
> 6465 2203 -331 170 -275 2
> 11364 2839 -358 -186 -161 1
> 9144 2292 -335 -279 -91 1
> 10301 2066 -256 63 95 2
! 28741 6285 100
! 14999 21506 100
> 6174 2465 -247 222 -293 2
> 10911 2651 -385 -159 -179 2
> 8838 1917 -259 -318 -73 1
> 10067 2227 -198 136 77 2
! 9801 6476 100
! 8902 6918 SHIELD Hey POD_02, Watch out!
> 6174 2465 -247 222 -293 2
> 10911 2651 -385 -159 -179 2
> 8838 1917 -259 -318 -73 1
> 10067 2227 -198 136 77 2
! 27430 9287 100
! 14103 21815 BOOST
> 5993 2762 -153 252 -311 2
> 10601 2513 -244 -112 -197 2
> 8637 1517 -171 -339 -55 1
> 9251 2794 -881 430 78 2
! 9464 6196 100
! 8902 6918 94 Hey POD_02, Watch out!
> 5993 2762 -153 252 -311 2
> 10601 2513 -244 -112 -197 2
> 8637 1517 -171 -339 -55 1
> 9251 2794 -881 430 78 2
! 25820 11750 100
! 21930 18261 100
> 5911 3084 -69 273 45 2
> 10357 2401 -207 -95 -215 2
> 8546 1118 -77 -339 -37 1
> 8419 3311 -706 439 60 2
! 9053 6024 100
! 8902 6918 94 Hey POD_02, Watch out!
> 5911 3084 -69 273 45 2
> 10357 2401 -207 -95 -215 2
> 8546 1118 -77 -339 -37 1
> 8419 3311 -706 439 60 2
! 23720 14146 100
! 23346 16621 100
> 5915 3425 3 290 43 2
> 10150 2306 -175 -80 -233 2
> 8564 747 14 -315 -19 1
> 7787 3817 -537 430 42 2
! 8671 5979 100
! 8902 6918 95 Hey POD_02, Watch out!
> 5915 3425 3 290 43 2
> 10150 2306 -175 -80 -233 2
> 8564 747 14 -315 -19 1
> 7787 3817 -537 430 42 2
! 21631 15887 100
! 22899 16917 100
> 5991 3783 64 304 43 2
> 9975 2226 -148 -68 -251 2
> 8678 430 96 -269 -1 1
> 7326 4313 -392 421 41 2
! 8377 6011 100
! 8902 6918 96 Hey POD_02, Watch out!
> 5991 3783 64 304 43 2
> 9975 2226 -148 -68 -251 2
> 8678 430 96 -269 -1 1
> 7326 4313 -392 421 41 2
! 19361 17337 100
! 23102 16605 100
> 6128 4155 116 316 43 2
> 9806 2252 -143 21 103 2
> 8870 190 162 -203 17 1
> 7013 4795 -266 410 38 2
! 8170 6070 100
! 8902 6918 95 Hey POD_02, Watch out!
> 6128 4155 116 316 43 2
> 9806 2252 -143 21 103 2
> 8870 190 162 -203 17 1
> 7013 4795 -266 410 38 2
! 16984 18469 100
! 24424 14636 100
> 6317 4539 160 326 43 2
> 9645 2366 -136 97 101 2
> 9114 45 207 -123 35 1
> 6834 5254 -152 390 29 2
! 8026 6132 100
! 8902 6918 92 Hey POD_02, Watch out!
> 6317 4539 160 326 43 2
> 9645 2366 -136 97 101 2
> 9114 45 207 -123 35 1
> 6834 5254 -152 390 29 2
! 14574 19285 100
! 25070 13466 100
> 6535 4896 148 210 43 2
> 9494 2554 -128 159 99 2
> 9381 2 226 -36 53 1
> 6788 5722 -1 490 24 2
! 7822 6252 100
! 8902 6918 88 Hey POD_02, Watch out!
> 6535 4896 148 210 43 2
> 9494 2554 -128 159 99 2
> 9381 2 226 -36 53 1
> 6788 5722 -1 490 24 2
! 12542 19750 100
! 26419 9541 100
> 6752 5179 184 240 46 2
> 9354 2800 -118 209 98 2
> 9639 61 219 49 71 1
> 6885 6231 82 432 11 2
! 7774 6288 100
! 8902 6918 82 Hey POD_02, Watch out!
> 6752 5179 184 240 46 2
> 9354 2800 -118 209 98 2
> 9639 61 219 49 71 1
> 6885 6231 82 432 11 2
! 11251 19995 100
! 26737 8658 100
> 7004 5493 214 266 47 2
> 9227 3091 -107 246 96 2
> 9866 210 193 126 85 1
> 7066 6675 154 377 7 2
! 7871 6465 100
! 8902 6918 76 Hey POD_02, Watch out!
> 7004 5493 214 266 47 2
> 9227 3091 -107 246 96 2
> 9866 210 193 126 85 1
> 7066 6675 154 377 7 2
! 10598 20196 100
! 26929 4346 100
> 7285 5834 238 289 48 2
> 9114 3413 -96 273 95 2
> 10063 436 167 192 88 1
> 7319 7040 215 310 -7 2
! 8000 6645 100
! 8902 6918 70 Hey POD_02, Watch out!
> 7285 5834 238 289 48 2
> 9114 3413 -96 273 95 2
> 10063 436 167 192 88 1
> 7319 7040 215 310 -7 2
! 10624 20428 100
! 26881 2878 100
> 7589 6198 258 309 49 2
> 9014 3756 -85 291 93 2
> 10233 728 144 248 88 1
> 7632 7329 265 245 -12 2
! 6255 1001 100
! 8902 6918 63 Hey POD_02, Watch out!
> 7589 6198 258 309 49 2
> 9014 3756 -85 291 93 2
> 10233 728 144 248 88 1
> 7632 7329 265 245 -12 2
! 11069 20710 100
! 26638 1104 100
> 7933 6558 292 305 31 2
> 8927 4110 -74 300 92 2
> 10381 1076 125 295 88 1
> 7992 7543 306 181 -18 2
! 6179 1069 100
! 8902 6918 56 Hey POD_02, Watch out!
> 7933 6558 292 305 31 2
> 8927 4110 -74 300 92 2
> 10381 1076 125 295 88 1
> 7992 7543 306 181 -18 2
! 8412 6832 100
! 6955 1998 100
> 8321 6866 317 89 13 2
> 8853 4466 -63 302 91 2
> 10479 1467 83 332 106 1
> 8380 7684 342 292 -36 3
! 8343 7382 100
! 4068 4900 96 Hey POD_02, Watch out!
> 8321 6866 317 89 13 2
> 8853 4466 -63 302 91 2
> 10479 1467 83 332 106 1
> 8380 7684 342 292 -36 3
! 8555 6955 100
! 5631 -12126 100
> 8724 7006 342 118 31 3
> 8760 4859 -79 334 109 2
> 10529 1893 42 362 109 2
> 8781 7895 340 179 -54 3
! 5799 1663 100 Come on, don't need to brake so much!
! 8752 7450 77 Following my leader
> 8724 7006 342 118 31 3
> 8760 4859 -79 334 109 2
> 10529 1893 42 362 109 2
> 8781 7895 340 179 -54 3
! 6147 21407 100
! 4539 -11650 100
> 9164 7146 373 118 13 3
> 8680 5270 -67 349 91 2
> 10549 2353 17 390 103 2
> 9152 7979 315 71 -72 3
! 5786 1700 100 Come on, don't need to brake so much!
! 9158 7562 70 Following my leader
> 9164 7146 373 118 13 3
> 8680 5270 -67 349 91 2
> 10549 2353 17 390 103 2
> 9152 7979 315 71 -72 3
! 4855 21525 100
! 3537 -11216 100
> 9645 7118 411 -63 -5 3
> 8627 5688 -44 354 78 2
> 10538 2839 -9 412 107 2
> 9458 8087 257 131 -90 3
! 5734 2379 100 Come on, don't need to brake so much!
! 9551 7602 63 Following my leader
> 9645 7118 411 -63 -5 3
> 8627 5688 -44 354 78 2
> 10538 2839 -9 412 107 2
> 9458 8087 257 131 -90 3
! 3287 21478 100
! 4364 -11253 100
> 10148 7015 427 -87 -23 3
> 8610 6099 -14 349 64 2
> 10493 3344 -38 429 111 2
> 9690 8121 196 29 -105 3
! 5747 2451 100 Come on, don't need to brake so much!
! 9919 7568 59 Following my leader
> 10148 7015 427 -87 -23 3
> 8610 6099 -14 349 64 2
> 10493 3344 -38 429 111 2
> 9690 8121 196 29 -105 3
! 1915 21411 100
! 4047 -11066 BOOST
> 10650 6862 426 -130 -41 3
> 8635 6492 21 334 48 2
> 10412 3863 -68 441 115 2
> 9830 7958 118 -138 -106 3
