@ 0 NotwenCaasi
@ 1 Aelyanne
CP 4
CP 12917 7219
CP 5645 2555
CP 4097 7440
CP 13474 2368
> 12647 7640 0 0 -1 1
> 13187 6798 0 0 -1 1
> 12107 8482 0 0 -1 1
> 13727 5956 0 0 -1 1
! 6858 3436 0
! 8259 4025 0
> 12647 7640 0 0 -1 1
> 13187 6798 0 0 -1 1
> 12107 8482 0 0 -1 1
> 13727 5956 0 0 -1 1
! 5645 2555 100
! 5645 2555 100
> 12647 7640 0 0 -144 1
> 13187 6798 0 0 -151 1
> 12033 8414 -62 -57 -137 1
> 13635 5917 -78 -32 -157 1
! 6858 3436 BOOST Come on, don't need to brake so much!
! 14042 5557 0 Following my leader
> 12647 7640 0 0 -144 1
> 13187 6798 0 0 -151 1
> 12033 8414 -62 -57 -137 1
> 13635 5917 -78 -32 -157 1
! 5996 2878 BOOST
! 6087 2736 BOOST
> 12121 7258 -447 -324 -144 1
> 13187 6798 0 0 -133 1
> 11492 7918 -459 -421 -137 1
> 12958 5633 -575 -241 -157 1
! 6859 3435 100
! 13222 5785 100 I'm coming for you POD_01
> 12121 7258 -447 -324 -144 1
> 13187 6798 0 0 -133 1
> 11492 7918 -459 -421 -137 1
> 12958 5633 -575 -241 -157 1
! 7876 4601 BOOST
! 8439 3726 BOOST
> 11593 6875 -448 -325 -144 1
> 13145 6707 -35 -77 -115 1
> 10886 7362 -515 -472 -137 1
> 12199 5314 -645 -270 -157 1
