@ 0 NotwenCaasi
@ 1 Aelyanne
CP 3
CP 11492 6097
CP 9107 1831
CP 5030 5237
> 11056 6341 0 0 -1 1
> 11928 5853 0 0 -1 1
> 10183 6829 0 0 -1 1
> 12801 5365 0 0 -1 1
! 9702 3207 BOOST
! 9107 1831 73
> 11056 6341 0 0 -1 1
> 11928 5853 0 0 -1 1
> 10183 6829 0 0 -1 1
> 12801 5365 0 0 -1 1
! 10123 -13170 100
! 571 -10460 100
> 10798 5744 -219 -507 -113 1
> 11886 5793 -35 -50 -125 1
> 10183 6729 0 -84 -90 1
> 12740 5286 -51 -67 -128 1
! 9701 3208 100 Come on, don't need to brake so much!
! 11769 5515 9 Following my leader
> 10798 5744 -219 -507 -113 1
> 11886 5793 -35 -50 -125 1
> 10183 6729 0 -84 -90 1
> 12740 5286 -51 -67 -128 1
! 9517 -13259 BOOST
! 167 -10268 BOOST
> 10539 5145 -219 -508 -113 1
> 11848 5735 -32 -49 -113 1
> 10161 5995 -18 -623 -92 1
> 12280 4713 -390 -486 -129 1
! 9700 3208 100 Come on, don't need to brake so much!
! 11409 4929 27 Following my leader
> 10539 5145 -219 -508 -113 1
> 11848 5735 -32 -49 -113 1
> 10161 5995 -18 -623 -92 1
> 12280 4713 -390 -486 -129 1
! 4443 -13170 100
! -2926 -8277 100
> 10298 4486 -169 -678 -113 1
> 11803 5662 -38 -61 -119 1
> 10097 5335 -90 -442 -107 1
> 11814 4162 -396 -468 -139 1
! 9458 3242 100 Come on, don't need to brake so much!
! 11056 4324 45 Following my leader
> 10298 4486 -169 -678 -113 1
> 11803 5662 -38 -61 -119 1
> 10097 5335 -90 -442 -107 1
> 11814 4162 -396 -468 -139 1
! 6076 -14256 100
! -4183 -7841 100
> 10073 3725 -191 -646 -124 1
> 11743 5562 -50 -85 -119 1
> 9987 4795 -93 -458 -102 1
> 11338 3634 -404 -448 -143 1
! 5455 6675 100 Come on, don't need to brake so much!
! 10705 3679 64 Following my leader
> 10073 3725 -191 -646 -124 1
> 11743 5562 -50 -85 -119 1
> 9987 4795 -93 -458 -102 1
> 11338 3634 -404 -448 -143 1
! 4822 -14526 100
! -5472 -7201 100
> 9803 3017 -229 -601 -142 1
> 11662 5421 -68 -119 -119 1
> 9868 4240 -101 -471 -105 1
> 10850 3132 -414 -426 -147 1
! 9351 2473 100 Come on, don't need to brake so much!
! 10326 3074 81 Following my leader
> 9803 3017 -229 -601 -142 1
> 11662 5421 -68 -119 -119 1
> 9868 4240 -101 -471 -105 1
> 10850 3132 -414 -426 -147 1
! 3138 -14593 100
! 5935 6168 100
> 9510 2339 -248 -576 -130 1
> 11554 5232 -91 -160 -120 1
> 9733 3675 -114 -480 -110 1
> 10339 2680 -434 -383 -165 1
! 9235 2128 100 Come on, don't need to brake so much!
! 9924 2509 95 Following my leader
> 9510 2339 -248 -576 -130 1
> 11554 5232 -91 -160 -120 1
> 9733 3675 -114 -480 -110 1
> 10339 2680 -434 -383 -165 1
! 5279 6286 100
! 5712 5839 100
> 9183 1702 -278 -541 -143 2
> 11414 4990 -118 -205 -121 1
> 9558 3116 -148 -475 -128 1
> 9805 2303 -453 -320 -183 1
! 5715 6571 100 Come on, don't need to brake so much!
! 9494 2002 100 Following my leader
> 9183 1702 -278 -541 -143 2
> 11414 4990 -118 -205 -121 1
> 9558 3116 -148 -475 -128 1
> 9805 2303 -453 -320 -183 1
! 5262 5983 100
! 5415 5509 100
> 8811 1128 -316 -488 -161 2
> 11242 4701 -146 -245 -123 1
> 9261 2845 -263 -189 -146 1
> 9326 1758 -397 -503 -201 2
! 5845 6496 100
! 5490 4852 86 Hey POD_02, Watch out!
> 8811 1128 -316 -488 -161 2
> 11242 4701 -146 -245 -123 1
> 9261 2845 -263 -189 -146 1
> 9326 1758 -397 -503 -201 2
! 21351 -13086 100
! 3096 20763 100
> 8395 637 -353 -417 -179 2
> 11029 4402 -180 -254 -141 1
> 8937 2577 -275 -227 -128 1
> 8852 1318 -403 -373 -219 2
! 5999 6381 100
! 5490 4852 83 Hey POD_02, Watch out!
> 8395 637 -353 -417 -179 2
> 11029 4402 -180 -254 -141 1
> 8937 2577 -275 -227 -128 1
> 8852 1318 -403 -373 -219 2
! 25943 -7948 100
! 4507 20840 100
> 7946 248 -381 -330 -197 2
> 10772 4118 -218 -241 -159 1
> 8628 2256 -262 -272 -110 1
> 8395 1029 -388 -245 -237 2
! 6163 6219 100
! 5490 4852 79 Hey POD_02, Watch out!
> 7946 248 -381 -330 -197 2
> 10772 4118 -218 -241 -159 1
> 8628 2256 -262 -272 -110 1
> 8395 1029 -388 -245 -237 2
! 27908 -3061 100
! 5699 20846 100
> 7483 -25 -393 -232 -215 2
> 10475 3872 -252 -208 -177 1
> 8363 1884 -225 -316 -92 1
> 7981 881 -351 -126 -255 2
! 6321 5999 100
! 5490 4852 76 Hey POD_02, Watch out!
> 7483 -25 -393 -232 -215 2
> 10475 3872 -252 -208 -177 1
> 8363 1884 -225 -316 -92 1
> 7981 881 -351 -126 -255 2
! 27937 5986 100
! 6315 20811 100
> 7029 -178 -385 -129 -233 2
> 10148 3679 -277 -164 169 1
> 8166 1472 -167 -350 -74 1
> 7622 855 -305 -22 95 2
! 6452 5713 100
! 5490 4852 72 Hey POD_02, Watch out!
> 7029 -178 -385 -129 -233 2
> 10148 3679 -277 -164 169 1
> 8166 1472 -167 -350 -74 1
> 7622 855 -305 -22 95 2
! 24567 12916 100
! 6195 20804 BOOST
> 6611 -213 -355 -29 -251 2
> 9801 3533 -294 -124 166 1
> 8243 1231 78 -191 -56 1
> 7115 840 -443 -25 94 2
