@ 0 Aelyanne
@ 1 NotwenCaasi
CP 4
CP 12917 7219
CP 5645 2555
CP 4097 7440
CP 13474 2368
> 12647 7640 0 0 -1 1
> 13187 6798 0 0 -1 1
> 12107 8482 0 0 -1 1
> 13727 5956 0 0 -1 1
! 5645 2555 100
! 5645 2555 100
> 12647 7640 0 0 -1 1
> 13187 6798 0 0 -1 1
> 12107 8482 0 0 -1 1
> 13727 5956 0 0 -1 1
! 6750 3568 0
! 8410 3718 0
> 12566 7581 -68 -49 -144 1
> 13100 6749 -74 -41 -151 1
> 12107 8482 0 0 -137 1
> 13727 5956 0 0 -157 1
! 6030 2832 BOOST
! 6064 2787 BOOST
> 12566 7581 -68 -49 -144 1
> 13100 6749 -74 -41 -151 1
> 12107 8482 0 0 -137 1
> 13727 5956 0 0 -157 1
! 6750 3568 BOOST
! 13703 5718 63 I'm coming for you POD_01
> 11972 7150 -504 -366 -144 1
> 12460 6389 -544 -305 -151 1
> 11628 8043 -407 -373 -137 1
> 13679 5915 -40 -35 -139 1
! 8094 4333 BOOST
! 8289 4037 BOOST
> 11972 7150 -504 -366 -144 1
> 12460 6389 -544 -305 -151 1
> 11628 8043 -407 -373 -137 1
> 13679 5915 -40 -35 -139 1
! 6750 3568 100
! 15653 4651 100 Hey POD_02, Watch out!
> 11306 6666 -565 -411 -144 1
> 11742 5986 -610 -342 -151 1
> 11147 7602 -408 -374 -137 1
> 13587 5794 -77 -102 -121 1
