@ 0 NotwenCaasi
@ 1 Aelyanne
CP 4
CP 12439 1368
CP 10544 5967
CP 3566 5184
CP 13574 7594
> 12901 1558 0 0 -1 1
> 11977 1178 0 0 -1 1
> 13826 1939 0 0 -1 1
> 11052 797 0 0 -1 1
! 11251 4645 45
! 11260 3573 0
> 12901 1558 0 0 -1 1
> 11977 1178 0 0 -1 1
> 13826 1939 0 0 -1 1
> 11052 797 0 0 -1 1
! 2600 18491 100
! 11788 20783 100
> 12880 1598 -18 33 118 1
> 11977 1178 0 0 107 1
> 13770 2022 -47 70 124 1
> 11056 897 3 84 88 1
! 11262 4651 BOOST Come on, don't need to brake so much!
! 11972 1213 60
> 12880 1598 -18 33 118 1
> 11977 1178 0 0 107 1
> 13770 2022 -47 70 124 1
> 11056 897 3 84 88 1
! 2333 18429 BOOST
! 11415 20893 BOOST
> 12558 2205 -274 516 118 1
> 11969 1237 -7 50 98 1
> 13351 2625 -355 512 125 1
> 11071 1631 12 623 89 1
! 11247 4643 100 Come on, don't need to brake so much!
! 13060 1655 60
> 12558 2205 -274 516 118 1
> 11969 1237 -7 50 98 1
> 13351 2625 -355 512 125 1
> 11071 1631 12 623 89 1
! 238 17726 100
! 8194 21423 100
> 12237 2809 -273 513 118 1
> 11972 1346 2 92 80 1
> 12930 3213 -357 499 131 1
> 11069 2353 -2 613 98 1
! 11248 4643 100 Come on, don't need to brake so much!
! 12564 2125 60
> 12237 2809 -273 513 118 1
> 11972 1346 2 92 80 1
> 12930 3213 -357 499 131 1
> 11069 2353 -2 613 98 1
! -725 17825 100
! 7091 21953 100
> 11800 3335 -9 578 118 1
> 12002 1491 25 123 62 1
> 12651 3870 -234 560 133 1
> 11018 3053 -408 462 101 1
! 10566 4510 100 Come on, don't need to brake so much!
! 11230 2311 60
> 11800 3335 -9 578 118 1
> 12002 1491 25 123 62 1
> 12651 3870 -234 560 133 1
> 11018 3053 -408 462 101 1
! -5540 12180 100
! 19623 21106 100
> 11708 3973 -219 430 136 1
> 12037 1673 29 154 80 1
> 12340 4487 -123 636 151 1
> 10621 3614 -337 477 83 1
! 4246 3848 100 Come on, don't need to brake so much!
! 11469 1282 100
> 11708 3973 -219 430 136 1
> 12037 1673 29 154 80 1
> 12340 4487 -123 636 151 1
> 10621 3614 -337 477 83 1
! -7563 6449 100
! 24057 18428 100
> 11399 4446 -262 402 154 1
> 12052 1926 12 215 98 1
> 12119 5142 -188 556 169 1
> 10326 4182 -251 482 65 1
! 4385 3928 100 Come on, don't need to brake so much!
! 11592 1799 100
> 11399 4446 -262 402 154 1
> 12052 1926 12 215 98 1
> 12119 5142 -188 556 169 1
> 10326 4182 -251 482 65 1
! -6990 -760 100
! 25523 17183 100
> 11038 4861 -306 353 172 1
> 12020 2231 -27 259 116 1
> 11832 5686 -244 462 187 1
> 10143 4738 -155 472 47 1
! 4548 4051 100 Come on, don't need to brake so much!
! 10901 1816 100
> 11038 4861 -306 353 172 1
> 12020 2231 -27 259 116 1
> 11832 5686 -244 462 187 1
> 10143 4738 -155 472 47 1
! -6201 -2962 100
! 26549 16175 100
> 10877 5222 -50 314 -173 1
> 11923 2562 -82 281 134 1
> 11497 6106 -284 356 205 1
> 9826 5247 -355 424 35 1
! 3801 3703 100 Come on, don't need to brake so much!
! 12027 2785 100
> 10877 5222 -50 314 -173 1
> 11923 2562 -82 281 134 1
> 11497 6106 -284 356 205 1
> 9826 5247 -355 424 35 1
! -232 -10093 100
! 28827 11488 100
> 10729 5515 -125 249 -168 2
> 11797 2933 -107 315 116 1
> 11140 6394 -303 244 223 1
> 9566 5702 -220 386 18 1
! 4238 3844 100 Come on, don't need to brake so much!
! 11898 3114 100
> 10729 5515 -125 249 -168 2
> 11797 2933 -107 315 116 1
> 11140 6394 -303 244 223 1
> 9566 5702 -220 386 18 1
! 1894 -11340 100
! 28902 592 100
> 10507 5739 -188 190 -166 2
> 11676 3347 -102 351 98 1
> 10789 6550 -298 133 241 1
> 9446 6088 -102 328 0 1
! 4621 4118 100 Come on, don't need to brake so much!
! 11485 3264 100
> 10507 5739 -188 190 -166 2
> 11676 3347 -102 351 98 1
> 10789 6550 -298 133 241 1
> 9446 6088 -102 328 0 1
! 11334 -13442 100
! 26419 -4489 100
> 10188 5805 -294 -10 -165 2
> 11530 3788 -124 374 116 1
> 10507 6682 -216 178 259 1
> 9439 6385 -5 252 -18 1
! 5065 5234 100 Come on, don't need to brake so much!
! 11291 3396 100
> 10188 5805 -294 -10 -165 2
> 11530 3788 -124 374 116 1
> 10507 6682 -216 178 259 1
> 9439 6385 -5 252 -18 1
! 17971 -11872 100
! 23951 -7376 100
> 9795 5784 -334 -17 -174 2
> 11336 4234 -164 378 134 1
> 10303 6761 -173 66 277 1
> 9515 6578 64 164 -36 1
! 5064 5260 100 Come on, don't need to brake so much!
! 11243 3520 100
> 9795 5784 -334 -17 -174 2
> 11336 4234 -164 378 134 1
> 10303 6761 -173 66 277 1
> 9515 6578 64 164 -36 1
! 22478 -9105 100
! 21110 -9717 100
> 9362 5756 -368 -23 -174 2
> 11084 4659 -214 361 152 1
> 10428 6795 113 30 295 1
> 9382 6602 -120 19 -54 1
! 5063 5277 100 Come on, don't need to brake so much!
! 10406 5413 100
> 9362 5756 -368 -23 -174 2
> 11084 4659 -214 361 152 1
> 10428 6795 113 30 295 1
> 9382 6602 -120 19 -54 1
! 4481 -12300 100
! 28005 -689 100
> 8895 5722 -397 -28 -174 2
> 10800 5092 -241 367 134 1
> 10553 6726 106 -58 277 1
> 9343 6562 -33 -33 -36 1
! 5062 5289 100 Come on, don't need to brake so much!
! 10152 5572 60
> 8895 5722 -397 -28 -174 2
> 10800 5092 -241 367 134 1
> 10553 6726 106 -58 277 1
> 9343 6562 -33 -33 -36 1
! -459 -9969 100
! 28660 1383 100
> 8399 5683 -421 -33 -174 2
> 10511 5495 -245 342 143 2
> 10640 6570 73 -132 259 1
> 9405 6498 52 -54 -18 1
! 5061 5301 100 Come on, don't need to brake so much!
! 9861 5649 SHIELD
> 8399 5683 -421 -33 -174 2
> 10511 5495 -245 342 143 2
> 10640 6570 73 -132 259 1
> 9405 6498 52 -54 -18 1
! 3368 5541 100
! 28753 1435 100
> 7879 5639 -442 -37 -173 2
> 10254 5807 -231 228 161 2
> 10780 6652 257 430 241 2
> 9554 6419 126 -67 -15 1
! 5060 5309 100 Come on, don't need to brake so much!
! 9679 5800 60
> 7879 5639 -442 -37 -173 2
> 10254 5807 -231 228 161 2
> 10780 6652 257 430 241 2
> 9554 6419 126 -67 -15 1
! 2259 2997 100
! 3080 5441 100
> 7338 5590 -460 -41 -173 2
> 10346 5748 160 -123 179 2
> 10964 7014 156 307 223 2
> 9441 6585 -178 214 -33 1
! 5060 5317 100 Come on, don't need to brake so much!
! 8629 6703 60
> 7338 5590 -460 -41 -173 2
> 10346 5748 160 -123 179 2
> 10964 7014 156 307 223 2
> 9441 6585 -178 214 -33 1
! 2706 3493 100
! 25700 -5060 100
> 6779 5537 -475 -44 -173 2
> 10506 5625 136 -104 161 2
> 11029 7279 55 224 205 2
> 9344 6741 -82 132 -36 1
! 5059 5322 100 Come on, don't need to brake so much!
! 8196 6949 60
> 6779 5537 -475 -44 -173 2
> 10506 5625 136 -104 161 2
> 11029 7279 55 224 205 2
> 9344 6741 -82 132 -36 1
! 3255 3920 BOOST
! 24868 -5868 100
> 6205 5481 -488 -47 -173 2
> 10642 5521 115 -88 150 2
> 10900 7424 -109 122 -157 2
> 9340 6810 -3 58 -39 1
