@ 0 NotwenCaasi
@ 1 Aelyanne
CP 4
CP 13595 7589
CP 12469 1367
CP 10561 6003
CP 3592 5168
> 13103 7678 0 0 -1 1
> 14087 7500 0 0 -1 1
> 12119 7856 0 0 -1 1
> 15071 7322 0 0 -1 1
! 12618 2859 55
! 13234 4267 0
> 13103 7678 0 0 -1 1
> 14087 7500 0 0 -1 1
> 12119 7856 0 0 -1 1
> 15071 7322 0 0 -1 1
! 21439 -9839 100
! 12988 -12569 100
> 13097 7623 -4 -46 -96 1
> 14087 7500 0 0 -105 1
> 12166 7768 39 -75 -62 1
> 15061 7223 -8 -84 -96 1
! 12598 2861 BOOST Come on, don't need to brake so much!
! 14389 10406 60 Following my leader
> 13097 7623 -4 -46 -96 1
> 14087 7500 0 0 -105 1
> 12166 7768 39 -75 -62 1
> 15061 7223 -8 -84 -96 1
! 20621 -10356 100
! 12297 -12585 BOOST
> 13025 6931 -60 -588 -96 1
> 14055 7450 -27 -42 -123 1
> 12247 7602 69 -140 -65 1
> 14963 6495 -83 -618 -98 1
! 12621 2859 100 Come on, don't need to brake so much!
! 14193 7024 60 Following my leader
> 13025 6931 -60 -588 -96 1
> 14055 7450 -27 -42 -123 1
> 12247 7602 69 -140 -65 1
> 14963 6495 -83 -618 -98 1
! 19595 -10999 100
! 6308 -11535 100
> 12955 6243 -59 -584 -96 1
> 14013 7350 -35 -85 -105 1
> 12353 7369 89 -198 -68 1
> 14837 5787 -107 -601 -116 1
! 12619 2859 100 Come on, don't need to brake so much!
! 14151 6634 60 Following my leader
> 12955 6243 -59 -584 -96 1
> 14013 7350 -35 -85 -105 1
> 12353 7369 89 -198 -68 1
> 14837 5787 -107 -601 -116 1
! 18388 -11698 100
! 4485 -11326 100
> 12886 5559 -58 -580 -96 1
> 13981 7205 -26 -123 -87 1
> 12472 7076 101 -249 -72 1
> 14678 5100 -134 -583 -121 1
! 12618 2859 100 Come on, don't need to brake so much!
! 13977 6251 60 Following my leader
> 12886 5559 -58 -580 -96 1
> 13981 7205 -26 -123 -87 1
> 12472 7076 101 -249 -72 1
> 14678 5100 -134 -583 -121 1
! 16989 -12407 100
! 2619 -10855 100
> 12818 4879 -57 -577 -96 1
> 13955 7022 -22 -155 -90 1
> 12596 6730 105 -294 -77 1
> 14484 4437 -165 -563 -127 1
! 12616 2859 100 Come on, don't need to brake so much!
! 13818 5837 100 Following my leader
> 12818 4879 -57 -577 -96 1
> 13955 7022 -22 -155 -90 1
> 12596 6730 105 -294 -77 1
> 14484 4437 -165 -563 -127 1
! 15420 -13069 100
! 770 -10121 100
> 12751 4202 -56 -575 -96 1
> 13922 6768 -28 -216 -97 1
> 12715 6337 101 -334 -82 1
> 14250 3801 -198 -540 -133 1
! 10698 7414 0 Come on, don't need to brake so much!
! 13679 5388 100 Following my leader
> 12751 4202 -56 -575 -96 1
> 13922 6768 -28 -216 -97 1
> 12715 6337 101 -334 -82 1
> 14250 3801 -198 -540 -133 1
! 13753 -13636 100
! -1060 -9067 100
> 12695 3627 -47 -488 -114 1
> 13877 6454 -38 -267 -100 1
> 12821 5903 90 -368 -87 1
> 13975 3197 -233 -513 -140 1
! 10704 7496 47 Come on, don't need to brake so much!
! 13552 4941 100 Following my leader
> 12695 3627 -47 -488 -114 1
> 13877 6454 -38 -267 -100 1
> 12821 5903 90 -368 -87 1
> 13975 3197 -233 -513 -140 1
! 11994 -14079 100
! -2860 -7599 100
> 12617 3104 -66 -444 -132 1
> 13818 6089 -50 -310 -102 1
> 12907 5435 72 -397 -92 1
> 13658 2630 -269 -481 -147 1
! 10781 7486 52
! 7628 7735 61 Hey POD_02, Watch out!
> 12617 3104 -66 -444 -132 1
> 13818 6089 -50 -310 -102 1
> 12907 5435 72 -397 -92 1
> 13658 2630 -269 -481 -147 1
! 10343 -14400 100
! 11149 7054 100
> 12506 2634 -94 -399 -150 1
> 13737 5726 -68 -308 -120 1
> 12966 4939 50 -421 -97 1
> 13292 2124 -310 -430 -165 1
! 10904 7463 SHIELD
! 9378 6173 100 Hey POD_02, Watch out!
> 12506 2634 -94 -399 -150 1
> 13737 5726 -68 -308 -120 1
> 12966 4939 50 -421 -97 1
> 13292 2124 -310 -430 -165 1
! 8883 -14639 100
! 11048 6679 100
> 12399 2246 -105 -316 -168 1
> 13595 5351 -121 -318 -138 1
> 12996 4420 25 -441 -102 1
> 13011 1588 -89 -585 -183 2
! 11033 7426 63
! 6294 8903 100 Hey POD_02, Watch out!
> 12399 2246 -105 -316 -168 1
> 13595 5351 -121 -318 -138 1
> 12996 4420 25 -441 -102 1
> 13011 1588 -89 -585 -183 2
! 7000 -14660 100
! 9135 21208 100
> 12294 1930 -89 -268 -186 2
> 13383 4993 -180 -304 -156 1
> 12991 3884 -4 -455 -107 1
> 12829 1039 -154 -466 -201 2
! 11033 7426 70 Come on, don't need to brake so much!
! 13479 3034 72 Following my leader
> 12294 1930 -89 -268 -186 2
> 13383 4993 -180 -304 -156 1
> 12991 3884 -4 -455 -107 1
> 12829 1039 -154 -466 -201 2
! 6267 -14952 100
! 10857 20941 100
> 12205 1662 -75 -227 -204 2
> 13149 4641 -198 -299 -138 1
> 12953 3335 -31 -466 -110 1
> 12598 636 -196 -342 -219 2
! 11031 7427 100 Come on, don't need to brake so much!
! 13386 2637 100 Following my leader
> 12205 1662 -75 -227 -204 2
> 13149 4641 -198 -299 -138 1
> 12953 3335 -31 -466 -110 1
> 12598 636 -196 -342 -219 2
! 10644 7265 100
! 12147 20630 100
> 12130 1435 -63 -192 -222 2
> 12901 4256 -210 -327 -120 1
> 12861 2790 -78 -463 -128 1
> 12348 378 -212 -219 -237 2
! 11028 7428 100 Come on, don't need to brake so much!
! 13161 2342 100 Following my leader
> 12130 1435 -63 -192 -222 2
> 12901 4256 -210 -327 -120 1
> 12861 2790 -78 -463 -128 1
> 12348 378 -212 -219 -237 2
! 10731 7015 100
! 13073 20364 100
> 12017 1329 -96 -89 -240 2
> 12670 3831 -196 -361 -102 1
> 12700 2271 -136 -441 -146 1
> 12111 256 -201 -103 -255 2
! 11661 7022 100 Come on, don't need to brake so much!
! 12803 2153 100 Following my leader
> 12017 1329 -96 -89 -240 2
> 12670 3831 -196 -361 -102 1
> 12700 2271 -136 -441 -146 1
> 12111 256 -201 -103 -255 2
! 10774 6696 100
! 13455 20210 100
> 11850 1292 -354 -228 -258 2
> 12482 3370 -159 -391 -85 1
> 12518 1848 57 -162 -164 2
> 11916 253 -165 -2 -273 2
! 11822 6815 100
! 6235 8366 0 I'm coming for you POD_01
> 11850 1292 -354 -228 -258 2
> 12482 3370 -159 -391 -85 1
> 12518 1848 57 -162 -164 2
> 11916 253 -165 -2 -273 2
! 6170 20814 100
! 13186 20212 BOOST
> 11484 1201 -364 95 90 2
> 12323 2979 -135 -332 -103 1
> 12475 1689 -36 -135 -182 2
> 11775 413 -66 -36 86 2
