@ 0 NotwenCaasi
@ 1 Aelyanne
CP 4
CP 7238 6637
CP 5399 2864
CP 10353 3378
CP 11231 5425
> 6789 6856 0 0 -1 1
> 7687 6418 0 0 -1 1
> 5890 7294 0 0 -1 1
> 8586 5980 0 0 -1 1
! 5892 4280 50
! 6543 4640 0
> 6789 6856 0 0 -1 1
> 7687 6418 0 0 -1 1
> 5890 7294 0 0 -1 1
> 8586 5980 0 0 -1 1
! 298 -11908 100
! -8487 -4436 100
> 6773 6809 -13 -40 -109 1
> 7687 6418 0 0 -123 1
> 5862 7198 -23 -81 -106 1
> 8501 5928 -72 -44 -149 1
! 5862 4290 BOOST Come on, don't need to brake so much!
! 7002 6711 0 Following my leader
> 6773 6809 -13 -40 -109 1
> 7687 6418 0 0 -123 1
> 5862 7198 -23 -81 -106 1
> 8501 5928 -72 -44 -149 1
! 808 -12153 100
! -8145 -5157 100
> 6539 6158 -198 -553 -110 1
> 7687 6418 0 0 -141 1
> 5814 7020 -41 -151 -105 1
> 8346 5829 -131 -84 -146 1
! 5904 4276 100 Come on, don't need to brake so much!
! 6931 6504 60 Following my leader
> 6539 6158 -198 -553 -110 1
> 7687 6418 0 0 -141 1
> 5814 7020 -41 -151 -105 1
> 8346 5829 -131 -84 -146 1
! 1447 -12497 100
! -7728 -6070 100
> 6309 5510 -195 -550 -109 1
> 7631 6396 -47 -18 -159 1
> 5751 6771 -53 -211 -103 1
> 8135 5686 -179 -121 -143 1
! 10854 4791 61 Come on, don't need to brake so much!
! 6787 6429 60 Following my leader
> 6309 5510 -195 -550 -109 1
> 7631 6396 -47 -18 -159 1
> 5751 6771 -53 -211 -103 1
> 8135 5686 -179 -121 -143 1
! 2158 -12903 100
! -7229 -7117 100
> 6113 4899 -166 -519 -91 1
> 7524 6375 -90 -18 -177 1
> 5680 6462 -60 -262 -100 1
> 7879 5501 -217 -157 -140 1
! 10809 4806 65 Come on, don't need to brake so much!
! 6763 5853 60 Following my leader
> 6113 4899 -166 -519 -91 1
> 7524 6375 -90 -18 -177 1
> 5680 6462 -60 -262 -100 1
> 7879 5501 -217 -157 -140 1
! 2952 -13351 100
! -6705 -8184 100
> 5966 4318 -124 -493 -73 1
> 7378 6335 -124 -33 -159 1
> 5606 6101 -62 -306 -98 1
> 7589 5276 -246 -191 -137 1
! 10718 4832 70 Come on, don't need to brake so much!
! 6728 5459 60 Following my leader
> 5966 4318 -124 -493 -73 1
> 7378 6335 -124 -33 -159 1
> 5606 6101 -62 -306 -98 1
> 7589 5276 -246 -191 -137 1
! 3799 -13817 100
! -6114 -9291 100
> 5883 3768 -70 -467 -55 1
> 7208 6264 -144 -60 -141 1
> 5535 5695 -60 -344 -95 1
> 7274 5012 -267 -224 -133 1
! 10575 4861 74 Come on, don't need to brake so much!
! 6698 5143 100 Following my leader
> 5883 3768 -70 -467 -55 1
> 7208 6264 -144 -60 -141 1
> 5535 5695 -60 -344 -95 1
> 7274 5012 -267 -224 -133 1
! 4786 -14290 100
! -5429 -10435 100
> 5872 3257 -9 -434 -37 1
> 7010 6120 -168 -122 -123 1
> 5471 5251 -54 -377 -92 1
> 6943 4711 -280 -256 -129 1
! 10384 4877 100 Come on, don't need to brake so much!
! 6600 4928 100 Following my leader
> 5872 3257 -9 -434 -37 1
> 7010 6120 -168 -122 -123 1
> 5471 5251 -54 -377 -92 1
> 6943 4711 -280 -256 -129 1
! 5721 -14747 100
! -4876 -11423 100
> 5958 2791 72 -396 -19 2
> 6809 5903 -170 -184 -109 1
> 5418 4774 -44 -405 -89 1
> 6604 4374 -288 -286 -126 1
! 10085 4853 100 Come on, don't need to brake so much!
! 6502 4663 100 Following my leader
> 5958 2791 72 -396 -19 2
> 6809 5903 -170 -184 -109 1
> 5418 4774 -44 -405 -89 1
> 6604 4374 -288 -286 -126 1
! 10472 4474 100
! 11133 4152 100
> 6130 2394 146 -337 -1 2
> 6615 5622 -164 -238 -104 1
> 5406 4274 -10 -424 -71 1
> 6285 3993 -271 -323 -108 1
! 9757 4754 100 Come on, don't need to brake so much!
! 6460 4338 100 Following my leader
> 6130 2394 146 -337 -1 2
> 6615 5622 -164 -238 -104 1
> 5406 4274 -10 -424 -71 1
> 6285 3993 -271 -323 -108 1
! 10374 4305 100
! 10945 4084 100
> 6371 2087 205 -261 17 2
> 6439 5285 -149 -286 -97 1
> 5259 3835 -224 -340 -53 1
> 6211 3505 36 -447 -90 1
! 9427 4557 100 Come on, don't need to brake so much!
! 6370 4028 100 Following my leader
> 6371 2087 205 -261 17 2
> 6439 5285 -149 -286 -97 1
> 5259 3835 -224 -340 -53 1
> 6211 3505 36 -447 -90 1
! 19662 -10041 100
! -13692 5466 100
> 6658 1884 243 -172 35 2
> 6285 4899 -131 -327 -93 1
> 5107 3426 -129 -347 -44 1
> 6216 2963 4 -460 -108 1
! 9129 4244 100 Come on, don't need to brake so much!
! 6305 3713 100 Following my leader
> 6658 1884 243 -172 35 2
> 6285 4899 -131 -327 -93 1
> 5107 3426 -129 -347 -44 1
> 6216 2963 4 -460 -108 1
! 10462 3672 100
! -12622 9678 100
> 6973 1781 268 -87 44 2
> 6156 4472 -109 -362 -89 1
> 5068 3035 -33 -332 -26 2
> 6161 2422 -46 -459 -126 1
! 8927 3841 100 Come on, don't need to brake so much!
! 6318 3398 100 Following my leader
> 6973 1781 268 -87 44 2
> 6156 4472 -109 -362 -89 1
> 5068 3035 -33 -332 -26 2
> 6161 2422 -46 -459 -126 1
! 24693 6887 100
! -7336 17180 100
> 7310 1767 286 -12 47 2
> 6062 4011 -79 -391 -81 1
> 5134 2689 56 -293 -8 2
> 6034 1905 -108 -439 -144 1
! 8855 3440 100 Come on, don't need to brake so much!
! 6399 3105 60 Following my leader
> 7310 1767 286 -12 47 2
> 6062 4011 -79 -391 -81 1
> 5134 2689 56 -293 -8 2
> 6034 1905 -108 -439 -144 1
! 24400 8055 100
! -309 20872 100
> 7664 1828 300 52 47 2
> 6004 3564 -49 -380 -70 1
> 5288 2413 131 -234 10 2
> 5831 1435 -172 -399 -162 1
! 8876 3122 100 Come on, don't need to brake so much!
! 6573 2873 60 Following my leader
> 7664 1828 300 52 47 2
> 6004 3564 -49 -380 -70 1
> 5288 2413 131 -234 10 2
> 5831 1435 -172 -399 -162 1
! 24228 8834 100
! 4076 21357 100
> 8032 1953 313 106 47 2
> 5992 3137 -9 -362 -52 1
> 5514 2211 191 -171 19 2
> 5559 1036 -231 -338 -180 1
! 9064 2942 100 Come on, don't need to brake so much!
! 6789 2738 SHIELD Following my leader
> 8032 1953 313 106 47 2
> 5992 3137 -9 -362 -52 1
> 5514 2211 191 -171 19 2
> 5559 1036 -231 -338 -180 1
! 24195 9352 BOOST
! 7440 20947 100
> 8417 2128 327 148 44 2
> 6000 2844 14 -216 -34 2
> 6141 1582 453 -855 21 2
> 5233 729 -277 -260 -198 1
! 9304 2903 100 Come on, don't need to brake so much!
! 7227 2661 60 Following my leader
> 8417 2128 327 148 44 2
> 6000 2844 14 -216 -34 2
> 6141 1582 453 -855 21 2
> 5233 729 -277 -260 -198 1
! 19580 16393 100
! 10367 20058 100
> 8819 2342 341 181 41 2
> 6014 2628 11 -183 -16 2
> 6672 790 451 -673 39 2
> 4875 528 -304 -170 -216 1
! 9907 4722 100 Come on, don't need to brake so much!
! 7685 2579 100 Following my leader
> 8819 2342 341 181 41 2
> 6014 2628 11 -183 -16 2
> 6672 790 451 -673 39 2
> 4875 528 -304 -170 -216 1
! 16703 18092 100
! 13009 18798 100
> 9211 2609 333 226 59 2
> 6025 2445 9 -155 -2 2
> 7178 201 429 -500 57 2
> 4513 439 -308 -75 -234 1
! 9990 4583 100 Come on, don't need to brake so much!
! 8125 2605 100 Following my leader
> 9211 2609 333 226 59 2
> 6025 2445 9 -155 -2 2
> 7178 201 429 -500 57 2
> 4513 439 -308 -75 -234 1
! 14551 18792 100
! 15662 17043 100
> 9581 2928 314 271 68 2
> 6034 2290 7 -131 4 2
> 7644 -206 395 -345 68 2
> 4174 459 -287 17 -252 1
! 10099 4448 100 Come on, don't need to brake so much!
! 8539 2729 100 Following my leader
> 9581 2928 314 271 68 2
> 6034 2290 7 -131 4 2
> 7644 -206 395 -345 68 2
> 4174 459 -287 17 -252 1
! 12524 19189 100
! 17724 15168 100
> 9927 3294 294 310 71 3
> 6139 2176 89 -96 10 2
> 8063 -454 356 -210 76 2
> 3887 576 -243 99 -270 1
! 10372 4519 100 Come on, don't need to brake so much!
! 7991 2503 100 Following my leader
> 9927 3294 294 310 71 3
> 6139 2176 89 -96 10 2
> 8063 -454 356 -210 76 2
> 3887 576 -243 99 -270 1
! 11201 19298 100
! 19486 13092 100
> 10255 3698 278 343 70 3
> 6326 2097 159 -66 10 2
> 8435 -565 315 -94 81 2
> 3675 770 -179 164 -288 1
! 6294 5472 68 Come on, don't need to brake so much!
! 7930 2153 100 Following my leader
> 10255 3698 278 343 70 3
> 6326 2097 159 -66 10 2
> 8435 -565 315 -94 81 2
> 3675 770 -179 164 -288 1
! 10139 19362 100
! 20918 10902 100
> 10535 4109 238 349 88 3
> 6585 2034 220 -53 2 2
> 8759 -559 274 4 85 2
> 3555 1015 -101 207 -306 1
! 6393 5398 73 Come on, don't need to brake so much!
! 8154 2134 100 Following my leader
> 10535 4109 238 349 88 3
> 6585 2034 220 -53 2 2
> 8759 -559 274 4 85 2
> 3555 1015 -101 207 -306 1
! 9600 19423 100
! 21912 8951 100
> 10753 4528 185 356 106 3
> 6905 1987 271 -39 4 2
> 9037 -455 236 88 88 2
> 3535 1280 -16 225 -324 1
! 6547 5306 100 Come on, don't need to brake so much!
! 8416 2248 100 Following my leader
> 10753 4528 185 356 106 3
> 6905 1987 271 -39 4 2
> 9037 -455 236 88 88 2
> 3535 1280 -16 225 -324 1
! 9291 19543 100
! 22503 7619 100
> 10882 4967 109 373 124 0
> 7275 1965 314 -18 10 2
> 9274 -267 201 159 89 2
> 3614 1537 67 218 18 1
! 6818 5198 100 Come on, don't need to brake so much!
! 8666 2430 100 Following my leader
> 10882 4967 109 373 124 0
> 7275 1965 314 -18 10 2
> 9274 -267 201 159 89 2
> 3614 1537 67 218 18 1
! 9364 19732 100
! 22826 7095 100
> 10912 5402 25 369 142 0
> 7684 1979 347 11 18 2
> 9475 -8 171 220 90 2
> 3777 1783 138 208 16 1
! 7137 5141 100 Come on, don't need to brake so much!
! 8889 2656 100 Following my leader
> 10912 5402 25 369 142 0
> 7684 1979 347 11 18 2
> 9475 -8 171 220 90 2
> 3777 1783 138 208 16 1
! 9483 19991 100
! 22999 7304 100
> 10843 5805 -58 342 160 0
> 8118 2039 369 50 29 2
> 9646 312 145 271 90 2
> 4011 2019 198 200 16 1
! 7488 5159 100 Come on, don't need to brake so much!
! 9076 2900 100 Following my leader
> 10843 5805 -58 342 160 0
> 8118 2039 369 50 29 2
> 9646 312 145 271 90 2
> 4011 2019 198 200 16 1
! 9719 20311 100
! 23140 7854 100
> 10685 6150 -134 293 178 0
> 8561 2156 376 99 42 2
> 9791 683 123 315 90 2
> 4305 2248 249 194 17 1
! 7861 5273 100 Come on, don't need to brake so much!
! 9224 3149 100 Following my leader
> 10685 6150 -134 293 178 0
> 8561 2156 376 99 42 2
> 9791 683 123 315 90 2
> 4305 2248 249 194 17 1
! 10100 20680 100
! 9808 2953 100
> 10455 6415 -195 225 196 0
> 8993 2338 366 154 56 2
> 9916 1098 105 352 89 2
> 4653 2455 295 175 7 1
! 8220 5504 100 Come on, don't need to brake so much!
! 9332 3397 60 Following my leader
> 10455 6415 -195 225 196 0
> 8993 2338 366 154 56 2
> 9916 1098 105 352 89 2
> 4653 2455 295 175 7 1
! 10724 21081 100
! 9889 3102 100
> 10167 6602 -244 159 -158 0
> 9377 2549 326 179 72 2
> 10025 1550 92 384 88 2
> 5047 2642 335 159 7 2
! 8465 5838 100 Come on, don't need to brake so much!
! 9357 3670 60 Following my leader
> 10167 6602 -244 159 -158 0
> 9377 2549 326 179 72 2
> 10025 1550 92 384 88 2
> 5047 2642 335 159 7 2
! 10981 4384 100
! 24737 -864 100
> 9832 6720 -284 100 -156 0
> 9703 2788 276 203 90 2
> 10149 2029 105 406 71 2
> 5480 2783 368 120 -10 2
! 8462 6207 100 Come on, don't need to brake so much!
! 9341 3897 SHIELD Following my leader
> 9832 6720 -284 100 -156 0
> 9703 2788 276 203 90 2
> 10149 2029 105 406 71 2
> 5480 2783 368 120 -10 2
! 11001 4537 100
! 25253 -221 BOOST
> 9454 6785 -321 55 -159 0
> 9956 3029 208 215 108 3
> 10517 2146 376 -7 71 2
> 6491 2805 859 19 -9 2
! 8332 6450 100 Come on, don't need to brake so much!
! 9486 3949 60 Following my leader
> 9454 6785 -321 55 -159 0
> 9956 3029 208 215 108 3
> 10517 2146 376 -7 71 2
> 6491 2805 859 19 -9 2
! -2513 17318 100
! 26136 6552 100
> 9037 6811 -354 22 -163 0
> 10164 3244 176 182 117 3
> 10894 2239 320 79 89 2
> 7449 2840 814 29 9 2
! 6896 2771 100 Come on, don't need to brake so much!
! 9515 4060 60 Following my leader
> 9037 6811 -354 22 -163 0
> 10164 3244 176 182 117 3
> 10894 2239 320 79 89 2
> 7449 2840 814 29 9 2
! -5629 13506 100
! 9451 5361 100
> 8601 6776 -370 -29 -145 0
> 10340 3426 149 154 128 3
> 11184 2414 246 148 107 2
> 8352 2915 767 63 27 2
! 6894 2981 100 Come on, don't need to brake so much!
! 9457 4146 60 Following my leader
> 8601 6776 -370 -29 -145 0
> 10340 3426 149 154 128 3
> 11184 2414 246 148 107 2
> 8352 2915 767 63 27 2
! -8049 7896 100
! 10024 5325 100
> 8170 6668 -366 -92 -127 0
> 10489 3580 126 130 141 3
> 11372 2644 160 195 125 2
> 9189 3049 711 114 45 2
! 6853 3229 100 Come on, don't need to brake so much!
! 7908 4063 100 Following my leader
> 8170 6668 -366 -92 -127 0
> 10489 3580 126 130 141 3
> 11372 2644 160 195 125 2
> 9189 3049 711 114 45 2
! -8608 3532 100
! 10626 5328 100
> 7768 6483 -341 -157 -111 1
> 10557 3774 419 455 159 3
> 11452 2899 67 216 143 2
> 9919 3220 258 -145 58 3
! 6761 3491 100 Come on, don't need to brake so much!
! 8158 4107 100 Following my leader
> 7768 6483 -341 -157 -111 1
> 10557 3774 419 455 159 3
> 11452 2899 67 216 143 2
> 9919 3220 258 -145 58 3
! -7894 -2170 100
! 12250 23083 100
> 7395 6231 -316 -214 -109 1
> 10877 4243 271 398 172 3
> 11424 3147 -23 210 161 2
> 10202 3172 240 -40 76 3
! 6640 3705 100 Come on, don't need to brake so much!
! 8199 3822 100 Following my leader
> 7395 6231 -316 -214 -109 1
> 10877 4243 271 398 172 3
> 11424 3147 -23 210 161 2
> 10202 3172 240 -40 76 3
! -6029 -6619 100
! 10300 23171 100
> 7050 5921 -292 -263 -107 1
> 11049 4625 146 325 -171 3
> 11301 3358 -104 179 179 2
> 10442 3232 204 50 90 3
! 6513 3867 100 Come on, don't need to brake so much!
! 8275 3526 100 Following my leader
> 7050 5921 -292 -263 -107 1
> 11049 4625 146 325 -171 3
> 11301 3358 -104 179 179 2
> 10442 3232 204 50 90 3
! -3982 -9541 100
! 9298 23199 100
> 6733 5561 -269 -305 -105 1
> 11102 4913 45 244 -158 0
> 11422 3558 160 179 197 2
> 10320 3331 -161 74 93 3
! 6391 3988 100 Come on, don't need to brake so much!
! 8289 3159 100 Following my leader
> 6733 5561 -269 -305 -105 1
> 11102 4913 45 244 -158 0
> 11422 3558 160 179 197 2
> 10320 3331 -161 74 93 3
! -5903 -6432 100
! 24700 17231 100
> 6443 5158 -246 -342 -102 1
> 11062 5104 -33 162 -148 0
> 11495 3687 62 109 -150 2
> 10184 3502 -115 145 75 3
! 6134 3887 100 Come on, don't need to brake so much!
! 8598 2931 100 Following my leader
> 6443 5158 -246 -342 -102 1
> 11062 5104 -33 162 -148 0
> 11495 3687 62 109 -150 2
> 10184 3502 -115 145 75 3
! -4740 -7992 100
! 26262 15396 100
> 6173 4719 -229 -373 -104 1
> 10954 5200 -91 81 -139 0
> 11476 3738 -16 43 -144 2
> 10123 3731 -51 194 57 3
! 11137 4656 59 Come on, don't need to brake so much!
! 9257 3238 100 Following my leader
> 6173 4719 -229 -373 -104 1
> 10954 5200 -91 81 -139 0
> 11476 3738 -16 43 -144 2
> 10123 3731 -51 194 57 3
! -4552 -8224 100
! 27440 13736 100
> 5948 4287 -190 -367 -86 1
> 10798 5205 -132 4 -131 0
> 11380 3721 -81 -14 -143 2
> 10149 3988 22 218 39 3
! 11042 4710 64 Come on, don't need to brake so much!
! 9522 4093 100 Following my leader
> 5948 4287 -190 -367 -86 1
> 10798 5205 -132 4 -131 0
> 11380 3721 -81 -14 -143 2
> 10149 3988 22 218 39 3
! -6004 -6167 100
! 27875 13250 100
> 5782 3861 -140 -362 -68 1
> 10591 5143 -176 -52 -139 0
> 11212 3658 -142 -53 -150 2
> 10260 4252 94 224 28 3
! 10894 4777 69 Come on, don't need to brake so much!
! 9359 4451 SHIELD Following my leader
> 5782 3861 -140 -362 -68 1
> 10591 5143 -176 -52 -139 0
> 11212 3658 -142 -53 -150 2
> 10260 4252 94 224 28 3
! 11678 5592 100
! 27548 14307 100
> 5687 3446 -81 -352 -50 1
> 10427 5137 -133 16 -151 0
> 10972 3585 -203 -62 -168 2
> 10320 4069 -5 -373 30 3
! 10689 4839 100 Come on, don't need to brake so much!
! 9387 3591 100 Following my leader
> 5687 3446 -81 -352 -50 1
> 10427 5137 -133 16 -151 0
> 10972 3585 -203 -62 -168 2
> 10320 4069 -5 -373 30 3
! 11674 5560 100
! 17885 22582 100
> 5691 3042 3 -343 -32 2
> 10294 5153 -113 13 -133 0
> 11013 3279 43 -266 -186 2
> 10038 4026 -247 -30 48 3
! 10340 4877 100 Come on, don't need to brake so much!
! 9314 3368 100 Following my leader
> 5691 3042 3 -343 -32 2
> 10294 5153 -113 13 -133 0
> 11013 3279 43 -266 -186 2
> 10038 4026 -247 -30 48 3
! -5998 13795 100
! 26537 15329 100
> 5791 2675 85 -311 -14 2
> 10181 5166 -96 11 -119 0
> 10965 3054 -40 -191 -204 2
> 9873 4053 -139 22 34 3
! 9958 4824 100 Come on, don't need to brake so much!
! 9302 3196 100 Following my leader
> 5791 2675 85 -311 -14 2
> 10181 5166 -96 11 -119 0
> 10965 3054 -40 -191 -204 2
> 9873 4053 -139 22 34 3
! -1580 18630 100
! 27036 14320 100
> 5976 2372 157 -257 4 2
> 10085 5177 -81 9 -114 0
> 10851 2930 -96 -105 -222 2
> 9820 4126 -45 62 31 3
! 9572 4658 100 Come on, don't need to brake so much!
! 9346 3089 100 Following my leader
> 5976 2372 157 -257 4 2
> 10085 5177 -81 9 -114 0
> 10851 2930 -96 -105 -222 2
> 9820 4126 -45 62 31 3
! 3661 21593 100
! 27268 13900 100
> 6225 2153 212 -186 22 2
> 9971 5092 -97 -72 -109 0
> 10706 2912 -123 -15 -240 3
> 9862 4237 35 94 29 3
! 9226 4367 100 Come on, don't need to brake so much!
! 9128 4001 SHIELD Following my leader
> 6225 2153 212 -186 22 2
> 9971 5092 -97 -72 -109 0
> 10706 2912 -123 -15 -240 3
> 9862 4237 35 94 29 3
! 19765 20742 100
! 27243 14130 100
> 6517 2026 248 -107 36 2
> 9876 5051 -80 -25 -127 0
> 10563 2995 -121 70 -258 3
> 9964 4074 80 -231 30 3
! 8976 3972 100 Come on, don't need to brake so much!
! 9473 3435 100 Following my leader
> 6517 2026 248 -107 36 2
> 9876 5051 -80 -25 -127 0
> 10563 2995 -121 70 -258 3
> 9964 4074 80 -231 30 3
! 21959 19430 100
! 18066 22359 100
> 6843 1981 277 -38 38 2
> 9796 5026 -68 -21 -109 0
> 10453 3164 -93 143 -276 3
> 10111 3917 125 -133 48 3
! 8867 3581 100 Come on, don't need to brake so much!
! 9652 3312 100 Following my leader
> 6843 1981 277 -38 38 2
> 9796 5026 -68 -21 -109 0
> 10453 3164 -93 143 -276 3
> 10111 3917 125 -133 48 3
! 23467 18350 100
! 15483 23181 100
> 7198 2005 302 20 38 2
> 9728 5005 -57 -17 -95 0
> 10529 3111 73 -65 -294 3
> 10150 4162 23 229 66 3
! 8857 3279 100 Come on, don't need to brake so much!
! 9724 3396 SHIELD Following my leader
> 7198 2005 302 20 38 2
> 9728 5005 -57 -17 -95 0
> 10529 3111 73 -65 -294 3
> 10150 4162 23 229 66 3
! 13407 22902 100
! 28910 11093 100
> 7579 2086 324 68 38 2
> 9667 4992 -62 1 -90 0
> 10616 3145 74 28 82 3
> 10277 4424 220 99 48 3
! 8885 3070 100 Come on, don't need to brake so much!
! 9871 3240 60 Following my leader
> 7579 2086 324 68 38 2
> 9667 4992 -62 1 -90 0
> 10616 3145 74 28 82 3
> 10277 4424 220 99 48 3
! 13159 22982 100
! 17517 23067 100
> 7983 2214 343 108 37 2
> 9605 4993 -52 0 -83 0
> 10703 3272 73 108 83 3
> 10538 4614 222 161 66 3
! 9094 2982 100 Come on, don't need to brake so much!
! 10068 3414 60 Following my leader
> 7983 2214 343 108 37 2
> 9605 4993 -52 0 -83 0
> 10703 3272 73 108 83 3
> 10538 4614 222 161 66 3
! 13164 23120 100
! 6752 6284 100
> 8408 2379 361 140 35 2
> 9553 4993 -44 0 -74 0
> 10788 3479 72 176 83 3
> 10771 4874 198 221 84 3
! 9334 2983 100 Come on, don't need to brake so much!
! 10272 3626 60 Following my leader
> 8408 2379 361 140 35 2
> 9553 4993 -44 0 -74 0
> 10788 3479 72 176 83 3
> 10771 4874 198 221 84 3
! 13362 23312 100
! 6926 6289 100
> 8853 2574 378 165 33 2
> 9509 4993 -37 0 -62 0
> 10873 3754 72 233 83 3
> 10949 5193 151 271 102 0
! 9857 4825 100 Come on, don't need to brake so much!
! 10489 3883 60 Following my leader
> 8853 2574 378 165 33 2
> 9509 4993 -37 0 -62 0
> 10873 3754 72 233 83 3
> 10949 5193 151 271 102 0
! 13422 23590 100
! -8729 8764 100
> 9294 2817 374 206 51 2
> 9512 4948 2 -38 -49 0
> 10958 4086 72 282 83 3
> 11051 5551 86 304 120 0
! 9918 4702 100 Come on, don't need to brake so much!
! 10146 4688 60 Following my leader
> 9294 2817 374 206 51 2
> 9512 4948 2 -38 -49 0
> 10958 4086 72 282 83 3
> 11051 5551 86 304 120 0
! 7042 5873 100
! -8924 6531 100
> 9704 3116 348 254 69 2
> 9566 4879 45 -58 -31 0
> 11011 4466 45 323 101 3
> 11063 5922 10 315 138 0
! 10113 4609 100 Come on, don't need to brake so much!
! 10110 4871 60 Following my leader
> 9704 3116 348 254 69 2
> 9566 4879 45 -58 -31 0
> 11011 4466 45 323 101 3
> 11063 5922 10 315 138 0
! 7139 5930 100
! -8877 4379 100
> 10078 3466 318 297 75 3
> 9670 4808 88 -60 -13 0
> 11008 4877 -2 349 119 0
> 10982 6278 -68 302 156 0
! 10401 4650 100 Come on, don't need to brake so much!
! 10174 5114 60 Following my leader
> 10078 3466 318 297 75 3
> 9670 4808 88 -60 -13 0
> 11008 4877 -2 349 119 0
> 10982 6278 -68 302 156 0
! -8623 8699 100
! -8640 2408 100
> 10422 3859 292 334 75 3
> 9818 4754 125 -46 5 0
> 10933 5295 -63 354 137 0
> 10815 6591 -142 266 174 0
! 6251 5508 69 Come on, don't need to brake so much!
! 10183 5385 60 Following my leader
> 10422 3859 292 334 75 3
> 9818 4754 125 -46 5 0
> 10933 5295 -63 354 137 0
> 10815 6591 -142 266 174 0
! -9019 6667 100
! -8370 941 100
> 10711 4262 245 342 93 3
> 9998 4732 153 -18 23 0
> 10780 5692 -130 337 155 0
> 10575 6837 -203 208 192 0
! 6365 5418 73 Come on, don't need to brake so much!
! 10127 5609 60 Following my leader
> 10711 4262 245 342 93 3
> 9998 4732 153 -18 23 0
> 10780 5692 -130 337 155 0
> 10575 6837 -203 208 192 0
! -9179 4413 100
! -8115 -279 100
> 11051 4613 335 276 111 3
> 10075 4813 18 91 41 0
> 10551 6042 -194 297 173 0
> 10279 7009 -251 146 -159 0
! 10911 5161 100 Come on, don't need to brake so much!
! 10553 5243 30 Following my leader
> 11051 4613 335 276 111 3
> 10075 4813 18 91 41 0
> 10551 6042 -194 297 173 0
> 10279 7009 -251 146 -159 0
! -9201 2908 100
! -8038 -1019 100
> 11361 4986 263 316 104 0
> 10115 4924 34 94 42 0
> 10258 6323 -248 239 -171 0
> 9936 7115 -291 89 -156 0
! 6279 5485 73 Come on, don't need to brake so much!
! 10437 5465 60 Following my leader
> 11361 4986 263 316 104 0
> 10115 4924 34 94 42 0
> 10258 6323 -248 239 -171 0
> 9936 7115 -291 89 -156 0
! -9261 1963 100
! -8186 -1345 100
> 11585 5364 190 321 122 0
> 10180 5070 54 123 59 0
> 9961 6435 -226 38 -167 0
> 9506 7267 -392 186 -155 0
! 6474 5347 100 Come on, don't need to brake so much!
! 10285 5722 60 Following my leader
> 11585 5364 190 321 122 0
> 10180 5070 54 123 59 0
> 9961 6435 -226 38 -167 0
> 9506 7267 -392 186 -155 0
! -9921 8599 100
! -4361 -7144 100
> 11698 5749 96 327 140 0
> 10247 5252 57 154 77 0
> 9635 6482 -276 40 -185 0
> 9041 7385 -395 100 -137 0
! 6816 5198 100 Come on, don't need to brake so much!
! 10140 5948 60 Following my leader
> 11698 5749 96 327 140 0
> 10247 5252 57 154 77 0
> 9635 6482 -276 40 -185 0
> 9041 7385 -395 100 -137 0
! -10303 8045 100
! -3400 -8274 100
> 11701 6113 2 309 158 0
> 10299 5466 43 181 95 0
> 9259 6530 -319 40 176 0
> 8584 7407 -388 18 -128 0
! 7229 5138 100 Come on, don't need to brake so much!
! 9992 6126 60 Following my leader
> 11701 6113 2 309 158 0
> 10299 5466 43 181 95 0
> 9259 6530 -319 40 176 0
> 8584 7407 -388 18 -128 0
! -10727 7251 100
! -2450 -9273 100
> 11603 6428 -83 268 176 0
> 10318 5702 16 200 113 0
> 8840 6574 -356 37 178 0
> 8141 7342 -376 -55 -123 0
! 7681 5205 100 Come on, don't need to brake so much!
! 9822 6255 60 Following my leader
> 11603 6428 -83 268 176 0
> 10318 5702 16 200 113 0
> 8840 6574 -356 37 178 0
> 8141 7342 -376 -55 -123 0
! 6363 2763 100
! 6221 2984 100
> 11423 6671 -152 206 194 0
> 10294 5947 -20 208 131 0
> 8388 6584 -384 8 196 0
> 7725 7195 -353 -124 -114 0
! 8128 5431 100 Come on, don't need to brake so much!
! 9632 6326 60 Following my leader
> 11423 6671 -152 206 194 0
> 10294 5947 -20 208 131 0
> 8388 6584 -384 8 196 0
> 7725 7195 -353 -124 -114 0
! 6002 2851 100
! 5699 2969 100
> 11177 6842 -208 145 -159 0
> 10222 6186 -60 202 149 0
> 7979 6489 -265 -148 214 0
> 7271 7028 -468 -74 -116 1
! 8468 5780 100 Come on, don't need to brake so much!
! 9401 6337 60 Following my leader
> 11177 6842 -208 145 -159 0
> 10222 6186 -60 202 149 0
> 7979 6489 -265 -148 214 0
> 7271 7028 -468 -74 -116 1
! 5815 3096 100
! 4056 -12712 100
> 10876 6951 -255 92 -159 0
> 10103 6401 -100 182 167 0
> 7652 6262 -277 -192 232 1
> 6787 6855 -411 -146 -99 1
! 8648 6128 SHIELD Come on, don't need to brake so much!
! 9471 6228 60 Following my leader
> 10876 6951 -255 92 -159 0
> 10103 6401 -100 182 167 0
> 7652 6262 -277 -192 232 1
> 6787 6855 -411 -146 -99 1
! -2735 -10829 100
! 5486 -13102 100
> 10621 7043 -216 78 -160 0
> 9943 6578 -135 150 185 0
> 7323 5985 -279 -235 -121 1
> 6369 6609 -354 -208 -94 1
! 8648 6128 100 Come on, don't need to brake so much!
! 9297 6153 60 Following my leader
> 10621 7043 -216 78 -160 0
> 9943 6578 -135 150 185 0
> 7323 5985 -279 -235 -121 1
> 6369 6609 -354 -208 -94 1
! -1910 -11755 100
! 7040 -13379 100
> 10470 7164 -81 134 -155 0
> 9688 6661 -263 39 203 0
> 6998 5661 -276 -275 -117 1
> 6018 6301 -298 -261 -88 1
! 8013 5354 100 Come on, don't need to brake so much!
! 9221 6340 60 Following my leader
> 10470 7164 -81 134 -155 0
> 9688 6661 -263 39 203 0
> 6998 5661 -276 -275 -117 1
> 6018 6301 -298 -261 -88 1
! -1120 -12616 100
! 8134 -13586 100
> 10389 7298 -68 113 -144 0
> 9376 6666 -265 4 -145 0
> 6681 5295 -269 -311 -114 1
> 5731 5941 -244 -306 -84 1
! 8011 5352 100 Come on, don't need to brake so much!
! 8994 6290 60 Following my leader
> 10389 7298 -68 113 -144 0
> 9376 6666 -265 4 -145 0
> 6681 5295 -269 -311 -114 1
> 5731 5941 -244 -306 -84 1
! -502 -13370 100
! 9338 -13731 100
> 10321 7411 -57 96 -141 0
> 9068 6628 -261 -32 -135 0
> 6376 4891 -259 -343 -111 1
> 5505 5537 -192 -343 -80 1
! 8003 5348 100 Come on, don't need to brake so much!
! 8776 6203 60 Following my leader
> 10321 7411 -57 96 -141 0
> 9068 6628 -261 -32 -135 0
> 6376 4891 -259 -343 -111 1
> 5505 5537 -192 -343 -80 1
! 1106 -14402 100
! 10693 -13778 100
> 10189 7441 -111 25 -138 0
> 8773 6547 -250 -69 -124 0
> 6091 4452 -242 -373 -105 1
> 5339 5097 -141 -373 -75 1
! 8701 6308 100 Come on, don't need to brake so much!
! 8560 6062 60 Following my leader
> 10189 7441 -111 25 -138 0
> 8773 6547 -250 -69 -124 0
> 6091 4452 -242 -373 -105 1
> 5339 5097 -141 -373 -75 1
! 10882 4193 100
! 12262 -13666 100
> 9998 7405 -161 -30 -143 0
> 8499 6423 -233 -105 -114 0
> 5854 3979 -201 -401 -87 1
> 5233 4630 -90 -396 -70 1
! 8646 6899 100 Come on, don't need to brake so much!
! 8349 5882 60 Following my leader
> 9998 7405 -161 -30 -143 0
> 8499 6423 -233 -105 -114 0
> 5854 3979 -201 -401 -87 1
> 5233 4630 -90 -396 -70 1
! 10669 4008 100
! 10596 4450 100
> 9743 7340 -216 -55 -159 0
> 8250 6260 -211 -138 -105 0
> 5688 3484 -140 -420 -69 1
> 5205 4155 -23 -403 -52 1
! 8498 6958 100 Come on, don't need to brake so much!
! 8134 5686 60 Following my leader
> 9743 7340 -216 -55 -159 0
> 8250 6260 -211 -138 -105 0
> 5688 3484 -140 -420 -69 1
> 5205 4155 -23 -403 -52 1
! 10472 3735 100
! 10403 4259 100
> 9431 7256 -264 -71 -163 0
> 8027 6063 -189 -167 -101 0
> 5634 2945 -8 -524 -51 2
> 5242 3738 -5 -288 -34 1
! 8338 6932 100 Come on, don't need to brake so much!
! 7937 5458 60 Following my leader
> 9431 7256 -264 -71 -163 0
> 8027 6063 -189 -167 -101 0
> 5634 2945 -8 -524 -51 2
> 5242 3738 -5 -288 -34 1
! 24340 10021 100
! 10363 4007 100
> 9071 7157 -305 -84 -163 0
> 7829 5837 -168 -192 -98 0
> 5710 2366 64 -492 -33 2
> 5333 3423 77 -267 -16 2
! 8156 6889 100 Come on, don't need to brake so much!
! 7772 5198 60 Following my leader
> 9071 7157 -305 -84 -163 0
> 7829 5837 -168 -192 -98 0
> 5710 2366 64 -492 -33 2
> 5333 3423 77 -267 -16 2
! 23382 11730 100
! 25198 5741 100
> 8670 7045 -340 -95 -164 0
> 7656 5585 -147 -213 -95 0
> 5870 1848 136 -440 -15 2
> 5510 3160 150 -223 2 2
! 6843 3267 100 Come on, don't need to brake so much!
! 7611 4940 60 Following my leader
> 8670 7045 -340 -95 -164 0
> 7656 5585 -147 -213 -95 0
> 5870 1848 136 -440 -15 2
> 5510 3160 150 -223 2 2
! 22155 13457 100
! 25218 6563 100
> 8247 6894 -359 -128 -146 0
> 7505 5312 -128 -231 -94 0
> 6106 1413 200 -369 3 2
> 5759 2954 211 -175 10 2
! 6811 3367 100 Come on, don't need to brake so much!
! 7156 5201 60 Following my leader
> 8247 6894 -359 -128 -146 0
> 7505 5312 -128 -231 -94 0
> 6106 1413 200 -369 3 2
> 5759 2954 211 -175 10 2
! 20908 14862 100
! 25312 7156 100
> 7827 6687 -357 -176 -128 1
> 7355 5025 -127 -243 -112 0
> 6400 1079 249 -283 21 2
> 6068 2800 262 -130 12 2
! 6744 3527 100 Come on, don't need to brake so much!
! 7061 4962 60 Following my leader
> 7827 6687 -357 -176 -128 1
> 7355 5025 -127 -243 -112 0
> 6400 1079 249 -283 21 2
> 6068 2800 262 -130 12 2
! 19768 15954 100
! 25440 7769 100
> 7436 6417 -332 -229 -110 1
> 7189 4736 -140 -245 -130 0
> 6727 859 277 -187 39 2
> 6427 2695 305 -89 14 2
! 6633 3715 100 Come on, don't need to brake so much!
! 7009 4692 60 Following my leader
> 7436 6417 -332 -229 -110 1
> 7189 4736 -140 -245 -130 0
> 6727 859 277 -187 39 2
> 6427 2695 305 -89 14 2
! 18918 16713 100
! 25580 8450 100
> 7076 6092 -306 -276 -107 1
> 6998 4459 -162 -235 -148 0
> 7065 751 287 -91 52 2
> 6828 2635 340 -51 17 2
! 6512 3868 100 Come on, don't need to brake so much!
! 6982 4406 60 Following my leader
> 7076 6092 -306 -276 -107 1
> 6998 4459 -162 -235 -148 0
> 7065 751 287 -91 52 2
> 6828 2635 340 -51 17 2
! 18532 17137 100
! 25735 9153 100
> 6745 5719 -280 -316 -104 1
> 6797 4178 -170 -238 -130 0
> 7409 742 292 -7 55 2
> 7263 2617 369 -15 19 2
! 6393 3986 100 Come on, don't need to brake so much!
! 7064 4252 0 Following my leader
> 6745 5719 -280 -316 -104 1
> 6797 4178 -170 -238 -130 0
> 7409 742 292 -7 55 2
> 7263 2617 369 -15 19 2
! 18157 17608 100
! 25928 9800 100
> 6445 5305 -254 -351 -101 1
> 6627 3940 -144 -202 -112 0
> 7755 819 293 65 57 2
> 7725 2638 392 17 21 2
! 6177 3939 100 Come on, don't need to brake so much!
! 7218 4157 0 Following my leader
> 6445 5305 -254 -351 -101 1
> 6627 3940 -144 -202 -112 0
> 7755 819 293 65 57 2
> 7725 2638 392 17 21 2
! 17909 18049 100
! 26178 10350 100
> 6172 4856 -232 -381 -101 1
> 6483 3738 -122 -171 -94 0
> 8099 970 292 128 59 2
> 8209 2694 411 47 23 2
! 5954 3776 100 Come on, don't need to brake so much!
! 7395 4063 0 Following my leader
> 6172 4856 -232 -381 -101 1
> 6483 3738 -122 -171 -94 0
> 8099 970 292 128 59 2
> 8209 2694 411 47 23 2
! 17909 18398 100
! 26018 11793 100
> 5920 4377 -214 -407 -101 1
> 6361 3567 -103 -145 -76 0
> 8440 1185 289 182 61 2
> 8709 2786 425 78 27 2
! 5771 3572 SHIELD Come on, don't need to brake so much!
! 7589 3969 48 Following my leader
> 5920 4377 -214 -407 -101 1
> 6361 3567 -103 -145 -76 0
> 8440 1185 289 182 61 2
> 8709 2786 425 78 27 2
! 18042 18728 100
! 10079 5213 100
> 5706 3970 -181 -345 -100 1
> 6283 3381 -65 -157 -58 0
> 8777 1455 286 229 61 2
> 9205 2935 421 126 45 2
! 11049 4706 56 Come on, don't need to brake so much!
! 7679 3994 63 Following my leader
> 5706 3970 -181 -345 -100 1
> 6283 3381 -65 -157 -58 0
> 8777 1455 286 229 61 2
> 9205 2935 421 126 45 2
! 18387 18994 100
! 10568 5226 100
> 5525 3625 -153 -293 -82 1
> 6266 3184 -14 -167 -40 0
> 9111 1772 283 269 61 2
> 9677 3147 401 180 59 2
! 11047 4707 62 Come on, don't need to brake so much!
! 7657 4058 60 Following my leader
> 5525 3625 -153 -293 -82 1
> 6266 3184 -14 -167 -40 0
> 9111 1772 283 269 61 2
> 9677 3147 401 180 59 2
! 17933 19721 100
! 10890 5272 100
> 5372 3332 -130 -249 -64 2
> 6308 2995 35 -161 -22 0
> 9438 2131 278 304 64 2
> 10128 3414 382 226 60 3
! 11047 4707 68 Come on, don't need to brake so much!
! 7592 4101 60 Following my leader
> 5372 3332 -130 -249 -64 2
> 6308 2995 35 -161 -22 0
> 9438 2131 278 304 64 2
> 10128 3414 382 226 60 3
! 10623 4760 100
! 9084 23386 100
> 5242 3083 -110 -211 -46 2
> 6403 2830 80 -140 -4 0
> 9757 2526 271 335 66 2
> 10530 3738 341 275 78 3
! 11046 4708 100 Come on, don't need to brake so much!
! 7491 4101 60 Following my leader
> 5242 3083 -110 -211 -46 2
> 6403 2830 80 -140 -4 0
> 9757 2526 271 335 66 2
> 10530 3738 341 275 78 3
! 10804 4898 100
! 6368 23300 100
> 5220 2824 -18 -219 -28 2
> 6541 2705 117 -106 14 0
> 10068 2952 264 362 66 3
> 10860 4112 280 318 96 3
! 10475 4872 100 Come on, don't need to brake so much!
! 7417 4032 60 Following my leader
> 5220 2824 -18 -219 -28 2
> 6541 2705 117 -106 14 0
> 10068 2952 264 362 66 3
> 10860 4112 280 318 96 3
! 14540 22445 100
! 3902 22862 100
> 5300 2587 68 -201 -10 2
> 6709 2631 142 -63 32 0
> 10354 3411 243 390 77 3
> 11105 4524 208 349 110 3
! 9873 4798 100 Come on, don't need to brake so much!
! 7400 3911 60 Following my leader
> 5300 2587 68 -201 -10 2
> 6709 2631 142 -63 32 0
> 10354 3411 243 390 77 3
> 11105 4524 208 349 110 3
! 6579 5580 100
! 6910 6088 100
> 5467 2399 142 -159 8 2
> 6890 2614 153 -14 50 0
> 10588 3901 199 416 95 3
> 11251 4951 124 363 128 0
! 9354 4496 100 Come on, don't need to brake so much!
! 7457 3757 60 Following my leader
> 5467 2399 142 -159 8 2
> 6890 2614 153 -14 50 0
> 10588 3901 199 416 95 3
> 11251 4951 124 363 128 0
! 6802 5727 100
! -8503 8074 100
> 5699 2283 197 -98 26 2
> 7070 2654 152 33 64 0
> 10748 4409 135 431 113 3
> 11292 5369 34 355 146 0
! 9010 4046 100 Come on, don't need to brake so much!
! 7594 3631 60 Following my leader
> 5699 2283 197 -98 26 2
> 7070 2654 152 33 64 0
> 10748 4409 135 431 113 3
> 11292 5369 34 355 146 0
! 7025 5959 100
! -8679 6442 100
> 5984 2232 242 -43 28 2
> 7250 2740 153 72 62 0
> 10817 4915 58 430 131 3
> 11230 5751 -52 324 164 0
! 8877 3640 100 Come on, don't need to brake so much!
! 7773 3599 60 Following my leader
> 5984 2232 242 -43 28 2
> 7250 2740 153 72 62 0
> 10817 4915 58 430 131 3
> 11230 5751 -52 324 164 0
! 7188 6271 100
! -8750 4869 100
> 6316 2233 282 0 26 2
> 7434 2863 156 104 59 0
> 10759 5330 -100 239 149 0
> 11108 6138 -52 441 182 0
! 8853 3378 100 Come on, don't need to brake so much!
! 7940 3383 60 Following my leader
> 6316 2233 282 0 26 2
> 7434 2863 156 104 59 0
> 10759 5330 -100 239 149 0
> 11108 6138 -52 441 182 0
! -8938 8797 100
! -8404 1749 100
> 6689 2274 317 34 24 2
> 7632 3010 168 124 46 0
> 10562 5591 -167 222 167 0
> 10958 6557 -127 356 -167 0
! 8862 3219 100 Come on, don't need to brake so much!
! 8080 3530 60 Following my leader
> 6689 2274 317 34 24 2
> 7632 3010 168 124 46 0
> 10562 5591 -167 222 167 0
> 10958 6557 -127 356 -167 0
! -9296 7966 100
! -8006 204 100
> 7098 2348 347 62 24 2
> 7839 3179 176 144 49 0
> 10296 5825 -226 198 173 0
> 10736 6881 -188 275 -161 0
! 8877 3115 100 Come on, don't need to brake so much!
! 8214 3691 60 Following my leader
> 7098 2348 347 62 24 2
> 7839 3179 176 144 49 0
> 10296 5825 -226 198 173 0
> 10736 6881 -188 275 -161 0
! -9646 7345 100
! -7558 -1199 100
> 7537 2450 373 86 23 2
> 8050 3371 179 163 54 0
> 9970 6031 -276 174 176 0
> 10457 7116 -237 199 -156 0
! 8909 3045 100 Come on, don't need to brake so much!
! 8340 3864 60 Following my leader
> 7537 2450 373 86 23 2
> 8050 3371 179 163 54 0
> 9970 6031 -276 174 176 0
> 10457 7116 -237 199 -156 0
! -10016 6776 100
! -7223 -2232 100
> 8002 2576 395 106 23 2
> 8259 3586 178 182 60 0
> 9594 6209 -319 151 178 0
> 10132 7268 -276 129 -152 0
! 9154 3057 100 Come on, don't need to brake so much!
! 8460 4046 60 Following my leader
> 8002 2576 395 106 23 2
> 8259 3586 178 182 60 0
> 9594 6209 -319 151 178 0
> 10132 7268 -276 129 -152 0
! -10405 6372 100
! -7057 -2956 100
> 8489 2721 414 122 23 2
> 8461 3823 171 201 66 0
> 9175 6361 -356 129 180 0
> 9770 7346 -307 66 -149 0
! 9793 5001 100 Come on, don't need to brake so much!
! 8571 4234 60 Following my leader
> 8489 2721 414 122 23 2
> 8461 3823 171 201 66 0
> 9175 6361 -356 129 180 0
> 9770 7346 -307 66 -149 0
! -10758 4730 100
! -6823 -3819 100
> 8979 2908 416 159 41 2
> 8648 4082 158 220 75 0
> 8719 6482 -387 102 -175 0
> 9380 7356 -331 8 -146 0
! 9830 4890 100 Come on, don't need to brake so much!
! 8661 4434 60 Following my leader
> 8979 2908 416 159 41 2
> 8648 4082 158 220 75 0
> 8719 6482 -387 102 -175 0
> 9380 7356 -331 8 -146 0
! 6245 2640 100
! -7150 -3901 100
> 9447 3152 397 207 59 2
> 8808 4362 136 237 88 0
> 8240 6545 -407 53 -157 0
> 8966 7308 -351 -41 -146 0
! 9950 4758 100 Come on, don't need to brake so much!
! 8722 4637 60 Following my leader
> 9447 3152 397 207 59 2
> 8808 4362 136 237 88 0
> 8240 6545 -407 53 -157 0
> 8966 7308 -351 -41 -146 0
! 6039 2780 100
! -6710 -5111 100
> 9874 3454 362 257 73 3
> 8928 4657 101 250 106 0
> 7757 6533 -410 -10 -139 1
> 8537 7205 -364 -87 -142 0
! 10256 4733 100 Come on, don't need to brake so much!
! 8749 4829 60 Following my leader
> 9874 3454 362 257 73 3
> 8928 4657 101 250 106 0
> 7757 6533 -410 -10 -139 1
> 8537 7205 -364 -87 -142 0
! 1045 -12307 100
! 6194 3054 100
> 10265 3807 332 299 73 3
> 8996 4957 57 254 124 0
> 7295 6438 -392 -81 -121 1
> 8118 7035 -356 -144 -124 0
! 10531 4795 100 Come on, don't need to brake so much!
! 8751 4990 60 Following my leader
> 10265 3807 332 299 73 3
> 8996 4957 57 254 124 0
> 7295 6438 -392 -81 -121 1
> 8118 7035 -356 -144 -124 0
! 2898 -13072 100
! 5958 3090 100
> 10623 4203 304 336 75 3
> 9006 5248 8 247 142 0
> 6880 6260 -352 -151 -103 1
> 7714 6803 -343 -196 -119 1
! 6232 5525 66 Come on, don't need to brake so much!
! 8747 5104 60 Following my leader
> 10623 4203 304 336 75 3
> 9006 5248 8 247 142 0
> 6880 6260 -352 -151 -103 1
> 7714 6803 -343 -196 -119 1
! 3919 -13519 100
! -821 -11284 100
> 10924 4605 255 341 93 3
> 8958 5516 -41 227 160 0
> 6513 6010 -311 -212 -99 1
> 7328 6517 -327 -243 -115 1
! 6340 5436 71 Come on, don't need to brake so much!
! 8746 5151 63 Following my leader
> 10924 4605 255 341 93 3
> 8958 5516 -41 227 160 0
> 6513 6010 -311 -212 -99 1
> 7328 6517 -327 -243 -115 1
! 5032 -13935 100
! 246 -12187 100
> 11154 5012 195 346 111 0
> 8854 5745 -88 194 178 0
> 6195 5698 -270 -264 -94 1
> 6966 6180 -308 -286 -111 1
! 6502 5331 100 Come on, don't need to brake so much!
! 8762 5160 57 Following my leader
> 11154 5012 195 346 111 0
> 8854 5745 -88 194 178 0
> 6195 5698 -270 -264 -94 1
> 6966 6180 -308 -286 -111 1
! 6280 -14301 100
! 952 -12894 100
> 11286 5436 112 360 129 0
> 8711 5923 -121 151 196 0
> 5925 5334 -229 -309 -90 1
> 6628 5799 -287 -324 -107 1
! 6793 5205 100 Come on, don't need to brake so much!
! 8776 5172 62 Following my leader
> 11286 5436 112 360 129 0
> 8711 5923 -121 151 196 0
> 5925 5334 -229 -309 -90 1
> 6628 5799 -287 -324 -107 1
! 7772 -14580 100
! 2328 -13733 100
> 11314 5851 23 352 147 0
> 8539 6039 -146 98 214 0
> 5644 4882 -298 -425 -85 1
> 6381 5420 -150 -280 -102 1
! 7141 5141 100 Come on, don't need to brake so much!
! 8759 5178 74 Following my leader
> 11314 5851 23 352 147 0
> 8539 6039 -146 98 214 0
> 5644 4882 -298 -425 -85 1
> 6381 5420 -150 -280 -102 1
! 10982 -14392 100
! -952 -13186 100
> 11240 6229 -62 321 165 0
> 8347 6079 -162 33 232 0
> 5373 4361 -230 -443 -75 1
> 6194 5047 -158 -317 -112 1
! 7522 5165 100 Come on, don't need to brake so much!
! 8690 5217 60 Following my leader
> 11240 6229 -62 321 165 0
> 8347 6079 -162 33 232 0
> 5373 4361 -230 -443 -75 1
> 6194 5047 -158 -317 -112 1
! 12929 -14156 100
! -129 -13926 100
> 11078 6545 -137 268 183 0
> 8164 6056 -155 -19 250 0
> 5181 3825 -163 -455 -68 1
> 6004 4635 -161 -350 -108 1
! 7920 5302 100 Come on, don't need to brake so much!
! 8561 5238 60 Following my leader
> 11078 6545 -137 268 183 0
> 8164 6056 -155 -19 250 0
> 5181 3825 -163 -455 -68 1
> 6004 4635 -161 -350 -108 1
! 10609 4093 100
! 10789 4326 100
> 10848 6777 -195 197 201 0
> 8007 5977 -133 -67 268 0
> 5083 3294 -83 -451 -50 2
> 5842 4185 -137 -382 -90 1
! 8293 5571 100 Come on, don't need to brake so much!
! 8386 5247 60 Following my leader
> 10848 6777 -195 197 201 0
> 8007 5977 -133 -67 268 0
> 5083 3294 -83 -451 -50 2
> 5842 4185 -137 -382 -90 1
! 24693 7221 100
! 10652 4213 100
> 10563 6931 -242 131 -155 0
> 7890 5852 -99 -106 286 0
> 5085 2790 1 -428 -32 2
> 5735 3708 -90 -405 -72 1
! 8557 5923 100 Come on, don't need to brake so much!
! 8163 5223 60 Following my leader
> 10563 6931 -242 131 -155 0
> 7890 5852 -99 -106 286 0
> 5085 2790 1 -428 -32 2
> 5735 3708 -90 -405 -72 1
! 24134 8880 100
! 10494 4014 100
> 10232 7017 -281 73 -153 0
> 7815 5691 -63 -136 -67 0
> 5183 2338 83 -384 -14 2
> 5703 3222 -27 -413 -54 2
! 8689 6260 100 Come on, don't need to brake so much!
! 8091 5387 60 Following my leader
> 10232 7017 -281 73 -153 0
> 7815 5691 -63 -136 -67 0
> 5183 2338 83 -384 -14 2
> 5703 3222 -27 -413 -54 2
! 23526 10306 100
! 25082 8165 100
> 9861 7046 -315 24 -154 0
> 7792 5510 -19 -153 -49 0
> 5366 1961 155 -320 4 2
> 5756 2750 45 -401 -36 2
! 8561 6537 100 Come on, don't need to brake so much!
! 7845 5201 60 Following my leader
> 9861 7046 -315 24 -154 0
> 7792 5510 -19 -153 -49 0
> 5366 1961 155 -320 4 2
> 5756 2750 45 -401 -36 2
! 22970 11452 100
! 24385 10026 100
> 9453 7034 -346 -10 -159 0
> 7797 5302 4 -176 -67 0
> 5563 1572 133 -401 22 2
> 5947 2424 195 -205 -18 2
! 8362 6669 100 Come on, don't need to brake so much!
! 7694 5019 60 Following my leader
> 9453 7034 -346 -10 -159 0
> 7797 5302 4 -176 -67 0
> 5563 1572 133 -401 22 2
> 5947 2424 195 -205 -18 2
! 21876 13142 100
! 24377 10191 100
> 9012 6992 -374 -35 -162 0
> 7807 5066 8 -200 -85 0
> 5778 1229 182 -291 35 2
> 6242 2218 250 -174 0 2
! 8138 6721 100 Come on, don't need to brake so much!
! 7618 4852 60 Following my leader
> 9012 6992 -374 -35 -162 0
> 7807 5066 8 -200 -85 0
> 5778 1229 182 -291 35 2
> 6242 2218 250 -174 0 2
! 21386 13734 100
! 23801 11792 100
> 8542 6927 -399 -54 -163 0
> 7802 4807 -4 -219 -103 0
> 6038 1001 221 -194 39 2
> 6587 2074 293 -122 18 2
! 7899 6726 100 Come on, don't need to brake so much!
! 7567 4694 30 Following my leader
> 8542 6927 -399 -54 -163 0
> 7802 4807 -4 -219 -103 0
> 6038 1001 221 -194 39 2
> 6587 2074 293 -122 18 2
! 21004 14267 100
! 23454 12820 100
> 8048 6843 -420 -71 -163 0
> 7783 4562 -16 -208 -121 0
> 6334 873 251 -108 42 2
> 6964 2006 320 -58 33 2
! 7650 6706 100 Come on, don't need to brake so much!
! 7517 4578 30 Following my leader
> 8048 6843 -420 -71 -163 0
> 7783 4562 -16 -208 -121 0
> 6334 873 251 -108 42 2
> 6964 2006 320 -58 33 2
! 20750 14735 BOOST
! 23285 13564 100
